// MilkShape 3D ASCII

Frames: 30
Frame: 1

Meshes: 3
"stacks" 0 1
172
0 -4.864552 36.162498 -23.200001 0.404853 1.000006 -1
0 -5.845313 36.162498 -19.539751 0.407220 1.000002 -1
0 -12.185048 36.162498 -23.200001 0.422517 0.999978 -1
0 -6.685051 105.312546 -23.200001 0.408419 0.891915 -1
0 -12.185048 105.312546 -23.200001 0.421690 0.891893 -1
0 -7.421912 105.312546 -20.450001 0.410197 0.891911 -1
0 -5.530051 45.329197 -23.200001 0.406349 0.984640 -1
0 -6.421653 45.329197 -19.872501 0.408501 0.984636 -1
0 -6.685051 53.229210 -23.200001 0.409042 0.971394 -1
0 -7.421912 53.229210 -20.450001 0.410820 0.971392 -1
0 -7.185051 61.562546 -23.200001 0.410149 0.957427 -1
0 -7.854924 61.562546 -20.700001 0.411765 0.957424 -1
0 -7.185051 88.645874 -23.200001 0.409825 0.912033 -1
0 -7.854924 88.645874 -20.700001 0.411441 0.912031 -1
0 -7.185051 96.979218 -23.200001 0.409726 0.898066 -1
0 -7.854924 96.979218 -20.700001 0.411341 0.898064 -1
0 -8.524800 36.162498 -16.860262 0.413685 0.999992 -1
0 -9.435050 105.312546 -18.436861 0.415054 0.891904 -1
0 -8.857550 45.329197 -17.436602 0.414378 0.984627 -1
0 -9.435050 53.229210 -18.436861 0.415677 0.971384 -1
0 -9.685050 61.562546 -18.869873 0.416181 0.957417 -1
0 -9.685050 88.645874 -18.869873 0.415857 0.912024 -1
0 -9.685050 96.979218 -18.869873 0.415758 0.898056 -1
0 -12.185048 36.162498 -15.879501 0.422517 0.999978 -1
0 -12.185048 105.312546 -17.700001 0.421690 0.891893 -1
0 -12.185048 45.329197 -16.545002 0.422407 0.984613 -1
0 -12.185048 53.229210 -17.700001 0.422313 0.971373 -1
0 -12.185048 61.562546 -18.200001 0.422213 0.957407 -1
0 -12.185048 88.645874 -18.200001 0.421889 0.912014 -1
0 -12.185048 96.979218 -18.200001 0.421790 0.898046 -1
0 -15.845297 36.162498 -16.860262 0.431349 0.999963 -1
0 -14.935047 105.312546 -18.436861 0.428326 0.891883 -1
0 -15.512547 45.329197 -17.436602 0.430436 0.984601 -1
0 -14.935047 53.229210 -18.436861 0.428948 0.971362 -1
0 -14.685047 61.562546 -18.869873 0.428246 0.957398 -1
0 -14.685047 88.645874 -18.869873 0.427922 0.912004 -1
0 -14.685047 96.979218 -18.869873 0.427822 0.898037 -1
0 -18.524784 36.162498 -19.539751 0.437815 0.999953 -1
0 -16.948185 105.312546 -20.450001 0.433184 0.891874 -1
0 -17.948444 45.329197 -19.872501 0.436314 0.984591 -1
0 -16.948185 53.229210 -20.450001 0.433806 0.971354 -1
0 -16.515173 61.562546 -20.700001 0.432661 0.957390 -1
0 -16.515173 88.645874 -20.700001 0.432338 0.911997 -1
0 -16.515173 96.979218 -20.700001 0.432238 0.898030 -1
0 -19.505547 36.162498 -23.200001 0.440181 0.999949 -1
0 -17.685047 105.312546 -23.200001 0.434961 0.891872 -1
0 -18.840046 45.329197 -23.200001 0.438466 0.984588 -1
0 -17.685047 53.229210 -23.200001 0.435584 0.971351 -1
0 -17.185047 61.562546 -23.200001 0.434278 0.957387 -1
0 -17.185047 88.645874 -23.200001 0.433954 0.911994 -1
0 -17.185047 96.979218 -23.200001 0.433855 0.898027 -1
0 -18.524784 36.162498 -26.860250 0.437815 0.999953 -1
0 -16.948185 105.312546 -25.950001 0.433184 0.891874 -1
0 -17.948444 45.329197 -26.527500 0.436314 0.984591 -1
0 -16.948185 53.229210 -25.950001 0.433806 0.971354 -1
0 -16.515173 61.562546 -25.700001 0.432661 0.957390 -1
0 -16.515173 88.645874 -25.700001 0.432338 0.911997 -1
0 -16.515173 96.979218 -25.700001 0.432238 0.898030 -1
0 -15.845297 36.162498 -29.539740 0.431349 0.999963 -1
0 -14.935047 105.312546 -27.963140 0.428326 0.891883 -1
0 -15.512547 45.329197 -28.963400 0.430436 0.984601 -1
0 -14.935047 53.229210 -27.963140 0.428948 0.971362 -1
0 -14.685047 61.562546 -27.530128 0.428246 0.957398 -1
0 -14.685047 88.645874 -27.530128 0.427922 0.912004 -1
0 -14.685047 96.979218 -27.530128 0.427822 0.898037 -1
0 -12.185048 36.162498 -30.520500 0.422517 0.999978 -1
0 -12.185048 105.312546 -28.700001 0.421690 0.891893 -1
0 -12.185048 45.329197 -29.855000 0.422407 0.984613 -1
0 -12.185048 53.229210 -28.700001 0.422313 0.971373 -1
0 -12.185048 61.562546 -28.200001 0.422213 0.957407 -1
0 -12.185048 88.645874 -28.200001 0.421889 0.912014 -1
0 -12.185048 96.979218 -28.200001 0.421790 0.898046 -1
0 -8.524800 36.162498 -29.539740 0.413685 0.999992 -1
0 -9.435050 105.312546 -27.963140 0.415054 0.891904 -1
0 -8.857550 45.329197 -28.963400 0.414378 0.984627 -1
0 -9.435050 53.229210 -27.963140 0.415677 0.971384 -1
0 -9.685050 61.562546 -27.530128 0.416181 0.957417 -1
0 -9.685050 88.645874 -27.530128 0.415857 0.912024 -1
0 -9.685050 96.979218 -27.530128 0.415758 0.898056 -1
0 -5.845313 36.162498 -26.860250 0.407220 1.000002 -1
0 -7.421912 105.312546 -25.950001 0.410197 0.891911 -1
0 -6.421653 45.329197 -26.527500 0.408501 0.984636 -1
0 -7.421912 53.229210 -25.950001 0.410820 0.971392 -1
0 -7.854924 61.562546 -25.700001 0.411765 0.957424 -1
0 -7.854924 88.645874 -25.700001 0.411441 0.912031 -1
0 -7.854924 96.979218 -25.700001 0.411341 0.898064 -1
0 19.424337 36.162498 -23.200001 0.346246 1.000102 -1
0 18.443575 36.162498 -19.539751 0.348613 1.000098 -1
0 12.103838 36.162498 -23.200001 0.363910 1.000073 -1
0 17.603838 105.312546 -23.200001 0.349812 0.892010 -1
0 12.103838 105.312546 -23.200001 0.363083 0.891988 -1
0 16.866976 105.312546 -20.450001 0.351590 0.892007 -1
0 18.758841 45.329197 -23.200001 0.347742 0.984735 -1
0 17.867229 45.329197 -19.872501 0.349894 0.984731 -1
0 17.603838 53.229210 -23.200001 0.350435 0.971489 -1
0 16.866976 53.229210 -20.450001 0.352213 0.971486 -1
0 17.103836 61.562546 -23.200001 0.351541 0.957522 -1
0 16.433964 61.562546 -20.700001 0.353158 0.957520 -1
0 17.103836 88.645874 -23.200001 0.351218 0.912128 -1
0 16.433964 88.645874 -20.700001 0.352834 0.912126 -1
0 17.103836 96.979218 -23.200001 0.351118 0.898162 -1
0 16.433964 96.979218 -20.700001 0.352735 0.898159 -1
0 15.764088 36.162498 -16.860262 0.355078 1.000087 -1
0 14.853838 105.312546 -18.436861 0.356447 0.891999 -1
0 15.431335 45.329197 -17.436602 0.355771 0.984722 -1
0 14.853838 53.229210 -18.436861 0.357070 0.971478 -1
0 14.603838 61.562546 -18.869873 0.357574 0.957512 -1
0 14.603838 88.645874 -18.869873 0.357250 0.912119 -1
0 14.603838 96.979218 -18.869873 0.357150 0.898152 -1
0 12.103838 36.162498 -15.879501 0.363910 1.000073 -1
0 12.103838 105.312546 -17.700001 0.363083 0.891988 -1
0 12.103838 45.329197 -16.545002 0.363800 0.984709 -1
0 12.103838 53.229210 -17.700001 0.363706 0.971468 -1
0 12.103838 61.562546 -18.200001 0.363606 0.957502 -1
0 12.103838 88.645874 -18.200001 0.363282 0.912109 -1
0 12.103838 96.979218 -18.200001 0.363183 0.898142 -1
0 8.443588 36.162498 -16.860262 0.372742 1.000058 -1
0 9.353840 105.312546 -18.436861 0.369719 0.891978 -1
0 8.776340 45.329197 -17.436602 0.371829 0.984695 -1
0 9.353840 53.229210 -18.436861 0.370341 0.971457 -1
0 9.603840 61.562546 -18.869873 0.369639 0.957493 -1
0 9.603840 88.645874 -18.869873 0.369315 0.912099 -1
0 9.603840 96.979218 -18.869873 0.369215 0.898132 -1
0 5.764103 36.162498 -19.539751 0.379207 1.000048 -1
0 7.340702 105.312546 -20.450001 0.374576 0.891969 -1
0 6.340445 45.329197 -19.872501 0.377707 0.984686 -1
0 7.340702 53.229210 -20.450001 0.375199 0.971449 -1
0 7.773714 61.562546 -20.700001 0.374055 0.957486 -1
0 7.773714 88.645874 -20.700001 0.373731 0.912092 -1
0 7.773714 96.979218 -20.700001 0.373631 0.898125 -1
0 4.783342 36.162498 -23.200001 0.381573 1.000044 -1
0 6.603840 105.312546 -23.200001 0.376354 0.891967 -1
0 5.448841 45.329197 -23.200001 0.379858 0.984683 -1
0 6.603840 53.229210 -23.200001 0.376977 0.971446 -1
0 7.103840 61.562546 -23.200001 0.375670 0.957483 -1
0 7.103840 88.645874 -23.200001 0.375347 0.912090 -1
0 7.103840 96.979218 -23.200001 0.375247 0.898122 -1
0 5.764103 36.162498 -26.860250 0.379207 1.000048 -1
0 7.340702 105.312546 -25.950001 0.374576 0.891969 -1
0 6.340445 45.329197 -26.527500 0.377707 0.984686 -1
0 7.340702 53.229210 -25.950001 0.375199 0.971449 -1
0 7.773714 61.562546 -25.700001 0.374055 0.957486 -1
0 7.773714 88.645874 -25.700001 0.373731 0.912092 -1
0 7.773714 96.979218 -25.700001 0.373631 0.898125 -1
0 8.443588 36.162498 -29.539740 0.372742 1.000058 -1
0 9.353840 105.312546 -27.963140 0.369719 0.891978 -1
0 8.776340 45.329197 -28.963400 0.371829 0.984695 -1
0 9.353840 53.229210 -27.963140 0.370341 0.971457 -1
0 9.603840 61.562546 -27.530128 0.369639 0.957493 -1
0 9.603840 88.645874 -27.530128 0.369315 0.912099 -1
0 9.603840 96.979218 -27.530128 0.369215 0.898132 -1
0 12.103838 36.162498 -30.520500 0.363910 1.000073 -1
0 12.103838 105.312546 -28.700001 0.363083 0.891988 -1
0 12.103838 45.329197 -29.855000 0.363800 0.984709 -1
0 12.103838 53.229210 -28.700001 0.363706 0.971468 -1
0 12.103838 61.562546 -28.200001 0.363606 0.957502 -1
0 12.103838 88.645874 -28.200001 0.363282 0.912109 -1
0 12.103838 96.979218 -28.200001 0.363183 0.898142 -1
0 15.764088 36.162498 -29.539740 0.355078 1.000087 -1
0 14.853838 105.312546 -27.963140 0.356447 0.891999 -1
0 15.431335 45.329197 -28.963400 0.355771 0.984722 -1
0 14.853838 53.229210 -27.963140 0.357070 0.971478 -1
0 14.603838 61.562546 -27.530128 0.357574 0.957512 -1
0 14.603838 88.645874 -27.530128 0.357250 0.912119 -1
0 14.603838 96.979218 -27.530128 0.357150 0.898152 -1
0 18.443575 36.162498 -26.860250 0.348613 1.000098 -1
0 16.866976 105.312546 -25.950001 0.351590 0.892007 -1
0 17.867229 45.329197 -26.527500 0.349894 0.984731 -1
0 16.866976 53.229210 -25.950001 0.352213 0.971486 -1
0 16.433964 61.562546 -25.700001 0.353158 0.957520 -1
0 16.433964 88.645874 -25.700001 0.352834 0.912126 -1
0 16.433964 96.979218 -25.700001 0.352735 0.898159 -1
158
0.000000 -1.000000 0.000000
0.000000 1.000000 0.000000
0.997375 0.072409 0.000000
0.994084 0.108618 -0.000000
0.860902 0.108618 0.497042
0.863752 0.072409 0.498687
0.994745 0.102384 0.000000
0.861474 0.102384 0.497372
0.999551 0.029961 0.000000
0.865637 0.029961 0.499775
1.000000 0.000000 -0.000000
0.866026 0.000000 0.500000
0.999551 -0.029961 0.000000
0.865637 -0.029961 0.499775
0.998205 -0.059892 -0.000000
0.864471 -0.059892 0.499102
0.498688 0.072409 0.863752
0.497042 0.108618 0.860902
0.497373 0.102384 0.861474
0.499776 0.029961 0.865637
0.500000 0.000000 0.866025
0.499776 -0.029961 0.865637
0.499103 -0.059892 0.864471
0.000000 0.108618 0.994084
0.000000 0.072409 0.997375
0.000000 0.102384 0.994745
0.000000 0.029961 0.999551
0.000000 0.000000 1.000000
0.000000 -0.029961 0.999551
0.000000 -0.059892 0.998205
-0.498688 0.072409 0.863752
-0.497042 0.108618 0.860902
-0.497373 0.102384 0.861474
-0.499776 0.029961 0.865637
-0.500000 0.000000 0.866025
-0.499776 -0.029961 0.865637
-0.499103 -0.059892 0.864471
-0.860902 0.108618 0.497042
-0.863752 0.072409 0.498688
-0.861474 0.102384 0.497373
-0.865637 0.029961 0.499776
-0.866025 0.000000 0.500000
-0.865637 -0.029961 0.499776
-0.864471 -0.059892 0.499103
-0.997375 0.072409 0.000000
-0.994084 0.108618 -0.000000
-0.994745 0.102384 -0.000000
-0.999551 0.029961 0.000000
-1.000000 0.000000 0.000000
-0.999551 -0.029961 0.000000
-0.998205 -0.059892 0.000000
-0.860902 0.108618 -0.497042
-0.863752 0.072409 -0.498688
-0.861474 0.102384 -0.497373
-0.865637 0.029961 -0.499776
-0.866025 0.000000 -0.500000
-0.865637 -0.029961 -0.499776
-0.864471 -0.059892 -0.499103
-0.498688 0.072409 -0.863752
-0.497042 0.108618 -0.860902
-0.497373 0.102384 -0.861474
-0.499776 0.029961 -0.865637
-0.500000 0.000000 -0.866025
-0.499776 -0.029961 -0.865637
-0.499103 -0.059892 -0.864471
0.000000 0.108618 -0.994084
0.000000 0.072409 -0.997375
0.000000 0.102384 -0.994745
0.000000 0.029961 -0.999551
0.000000 0.000000 -1.000000
0.000000 -0.029961 -0.999551
0.000000 -0.059892 -0.998205
0.498688 0.072409 -0.863752
0.497042 0.108618 -0.860902
0.497373 0.102384 -0.861474
0.499776 0.029961 -0.865636
0.500000 0.000000 -0.866025
0.499776 -0.029961 -0.865637
0.499103 -0.059892 -0.864471
0.860902 0.108618 -0.497042
0.863752 0.072409 -0.498687
0.861474 0.102384 -0.497372
0.865637 0.029961 -0.499775
0.866026 0.000000 -0.500000
0.865637 -0.029961 -0.499775
0.864471 -0.059892 -0.499102
0.997375 0.072409 0.000000
0.994084 0.108618 0.000000
0.860901 0.108618 0.497042
0.863752 0.072410 0.498687
0.994745 0.102384 -0.000000
0.861474 0.102383 0.497373
0.999551 0.029961 0.000000
0.865637 0.029961 0.499775
1.000000 0.000000 -0.000000
0.866026 0.000000 0.500000
0.999551 -0.029962 0.000000
0.865637 -0.029961 0.499775
0.998205 -0.059892 0.000000
0.864471 -0.059892 0.499103
0.498688 0.072409 0.863752
0.497042 0.108618 0.860901
0.497373 0.102383 0.861474
0.499776 0.029961 0.865637
0.500000 0.000000 0.866025
0.499776 -0.029961 0.865637
0.499103 -0.059892 0.864471
-0.000000 0.108618 0.994084
0.000000 0.072409 0.997375
-0.000000 0.102384 0.994745
-0.000000 0.029961 0.999551
-0.000000 0.000000 1.000000
-0.000000 -0.029961 0.999551
-0.000000 -0.059892 0.998205
-0.498688 0.072409 0.863752
-0.497042 0.108618 0.860901
-0.497373 0.102384 0.861474
-0.499776 0.029961 0.865636
-0.500000 0.000000 0.866025
-0.499776 -0.029961 0.865637
-0.499103 -0.059892 0.864471
-0.860902 0.108618 0.497042
-0.863752 0.072409 0.498687
-0.861474 0.102383 0.497373
-0.997375 0.072409 0.000000
-0.994084 0.108618 0.000000
-0.994745 0.102383 0.000000
-0.860902 0.108618 -0.497042
-0.863752 0.072409 -0.498687
-0.861474 0.102383 -0.497373
-0.498688 0.072409 -0.863752
-0.497042 0.108618 -0.860901
-0.497373 0.102384 -0.861474
-0.499776 0.029961 -0.865637
-0.500000 0.000000 -0.866025
-0.499776 -0.029961 -0.865637
-0.499103 -0.059892 -0.864471
0.000000 0.108618 -0.994084
0.000000 0.072409 -0.997375
-0.000000 0.102384 -0.994745
-0.000000 0.029961 -0.999551
-0.000000 0.000000 -1.000000
-0.000000 -0.029961 -0.999551
-0.000000 -0.059892 -0.998205
0.498688 0.072409 -0.863752
0.497042 0.108618 -0.860901
0.497373 0.102383 -0.861474
0.499776 0.029961 -0.865637
0.500000 0.000000 -0.866025
0.499776 -0.029961 -0.865637
0.499103 -0.059892 -0.864471
0.860901 0.108618 -0.497042
0.863752 0.072410 -0.498687
0.861474 0.102383 -0.497373
0.865637 0.029961 -0.499775
0.866026 0.000000 -0.500000
0.865637 -0.029961 -0.499775
0.864471 -0.059892 -0.499103
336
0 0 1 2 0 0 0 2
0 3 4 5 1 1 1 2
0 0 6 7 2 3 4 1
0 0 7 1 2 4 5 1
0 6 8 7 3 6 4 1
0 8 9 7 6 7 4 1
0 8 10 11 6 8 9 1
0 8 11 9 6 9 7 1
0 10 12 11 8 10 9 1
0 12 13 11 10 11 9 1
0 12 14 15 10 12 13 1
0 12 15 13 10 13 11 1
0 14 3 15 12 14 13 1
0 3 5 15 14 15 13 1
0 1 16 2 0 0 0 2
0 5 4 17 1 1 1 2
0 1 7 16 5 4 16 1
0 7 18 16 4 17 16 1
0 7 9 19 4 7 18 1
0 7 19 18 4 18 17 1
0 9 11 19 7 9 18 1
0 11 20 19 9 19 18 1
0 11 13 21 9 11 20 1
0 11 21 20 9 20 19 1
0 13 15 21 11 13 20 1
0 15 22 21 13 21 20 1
0 15 5 17 13 15 22 1
0 15 17 22 13 22 21 1
0 16 23 2 0 0 0 2
0 17 4 24 1 1 1 2
0 16 18 25 16 17 23 1
0 16 25 23 16 23 24 1
0 18 19 25 17 18 23 1
0 19 26 25 18 25 23 1
0 19 20 27 18 19 26 1
0 19 27 26 18 26 25 1
0 20 21 27 19 20 26 1
0 21 28 27 20 27 26 1
0 21 22 29 20 21 28 1
0 21 29 28 20 28 27 1
0 22 17 29 21 22 28 1
0 17 24 29 22 29 28 1
0 23 30 2 0 0 0 2
0 24 4 31 1 1 1 2
0 23 25 30 24 23 30 1
0 25 32 30 23 31 30 1
0 25 26 33 23 25 32 1
0 25 33 32 23 32 31 1
0 26 27 33 25 26 32 1
0 27 34 33 26 33 32 1
0 27 28 35 26 27 34 1
0 27 35 34 26 34 33 1
0 28 29 35 27 28 34 1
0 29 36 35 28 35 34 1
0 29 24 31 28 29 36 1
0 29 31 36 28 36 35 1
0 30 37 2 0 0 0 2
0 31 4 38 1 1 1 2
0 30 32 39 30 31 37 1
0 30 39 37 30 37 38 1
0 32 33 39 31 32 37 1
0 33 40 39 32 39 37 1
0 33 34 41 32 33 40 1
0 33 41 40 32 40 39 1
0 34 35 41 33 34 40 1
0 35 42 41 34 41 40 1
0 35 36 43 34 35 42 1
0 35 43 42 34 42 41 1
0 36 31 43 35 36 42 1
0 31 38 43 36 43 42 1
0 37 44 2 0 0 0 2
0 38 4 45 1 1 1 2
0 37 39 44 38 37 44 1
0 39 46 44 37 45 44 1
0 39 40 47 37 39 46 1
0 39 47 46 37 46 45 1
0 40 41 47 39 40 46 1
0 41 48 47 40 47 46 1
0 41 42 49 40 41 48 1
0 41 49 48 40 48 47 1
0 42 43 49 41 42 48 1
0 43 50 49 42 49 48 1
0 43 38 45 42 43 50 1
0 43 45 50 42 50 49 1
0 44 51 2 0 0 0 2
0 45 4 52 1 1 1 2
0 44 46 53 44 45 51 1
0 44 53 51 44 51 52 1
0 46 47 53 45 46 51 1
0 47 54 53 46 53 51 1
0 47 48 55 46 47 54 1
0 47 55 54 46 54 53 1
0 48 49 55 47 48 54 1
0 49 56 55 48 55 54 1
0 49 50 57 48 49 56 1
0 49 57 56 48 56 55 1
0 50 45 57 49 50 56 1
0 45 52 57 50 57 56 1
0 51 58 2 0 0 0 2
0 52 4 59 1 1 1 2
0 51 53 58 52 51 58 1
0 53 60 58 51 59 58 1
0 53 54 61 51 53 60 1
0 53 61 60 51 60 59 1
0 54 55 61 53 54 60 1
0 55 62 61 54 61 60 1
0 55 56 63 54 55 62 1
0 55 63 62 54 62 61 1
0 56 57 63 55 56 62 1
0 57 64 63 56 63 62 1
0 57 52 59 56 57 64 1
0 57 59 64 56 64 63 1
0 58 65 2 0 0 0 2
0 59 4 66 1 1 1 2
0 58 60 67 58 59 65 1
0 58 67 65 58 65 66 1
0 60 61 67 59 60 65 1
0 61 68 67 60 67 65 1
0 61 62 69 60 61 68 1
0 61 69 68 60 68 67 1
0 62 63 69 61 62 68 1
0 63 70 69 62 69 68 1
0 63 64 71 62 63 70 1
0 63 71 70 62 70 69 1
0 64 59 71 63 64 70 1
0 59 66 71 64 71 70 1
0 65 72 2 0 0 0 2
0 66 4 73 1 1 1 2
0 65 67 72 66 65 72 1
0 67 74 72 65 73 72 1
0 67 68 75 65 67 74 1
0 67 75 74 65 74 73 1
0 68 69 75 67 68 74 1
0 69 76 75 68 75 74 1
0 69 70 77 68 69 76 1
0 69 77 76 68 76 75 1
0 70 71 77 69 70 76 1
0 71 78 77 70 77 76 1
0 71 66 73 70 71 78 1
0 71 73 78 70 78 77 1
0 72 79 2 0 0 0 2
0 73 4 80 1 1 1 2
0 72 74 81 72 73 79 1
0 72 81 79 72 79 80 1
0 74 75 81 73 74 79 1
0 75 82 81 74 81 79 1
0 75 76 83 74 75 82 1
0 75 83 82 74 82 81 1
0 76 77 83 75 76 82 1
0 77 84 83 76 83 82 1
0 77 78 85 76 77 84 1
0 77 85 84 76 84 83 1
0 78 73 85 77 78 84 1
0 73 80 85 78 85 84 1
0 79 0 2 0 0 0 2
0 80 4 3 1 1 1 2
0 79 81 0 80 79 2 1
0 81 6 0 79 3 2 1
0 81 82 8 79 81 6 1
0 81 8 6 79 6 3 1
0 82 83 8 81 82 6 1
0 83 10 8 82 8 6 1
0 83 84 12 82 83 10 1
0 83 12 10 82 10 8 1
0 84 85 12 83 84 10 1
0 85 14 12 84 12 10 1
0 85 80 3 84 85 14 1
0 85 3 14 84 14 12 1
0 86 87 88 0 0 0 2
0 89 90 91 1 1 1 2
0 86 92 93 86 87 88 1
0 86 93 87 86 88 89 1
0 92 94 93 87 90 88 1
0 94 95 93 90 91 88 1
0 94 96 97 90 92 93 1
0 94 97 95 90 93 91 1
0 96 98 97 92 94 93 1
0 98 99 97 94 95 93 1
0 98 100 101 94 96 97 1
0 98 101 99 94 97 95 1
0 100 89 101 96 98 97 1
0 89 91 101 98 99 97 1
0 87 102 88 0 0 0 2
0 91 90 103 1 1 1 2
0 87 93 102 89 88 100 1
0 93 104 102 88 101 100 1
0 93 95 105 88 91 102 1
0 93 105 104 88 102 101 1
0 95 97 105 91 93 102 1
0 97 106 105 93 103 102 1
0 97 99 107 93 95 104 1
0 97 107 106 93 104 103 1
0 99 101 107 95 97 104 1
0 101 108 107 97 105 104 1
0 101 91 103 97 99 106 1
0 101 103 108 97 106 105 1
0 102 109 88 0 0 0 2
0 103 90 110 1 1 1 2
0 102 104 111 100 101 107 1
0 102 111 109 100 107 108 1
0 104 105 111 101 102 107 1
0 105 112 111 102 109 107 1
0 105 106 113 102 103 110 1
0 105 113 112 102 110 109 1
0 106 107 113 103 104 110 1
0 107 114 113 104 111 110 1
0 107 108 115 104 105 112 1
0 107 115 114 104 112 111 1
0 108 103 115 105 106 112 1
0 103 110 115 106 113 112 1
0 109 116 88 0 0 0 2
0 110 90 117 1 1 1 2
0 109 111 116 108 107 114 1
0 111 118 116 107 115 114 1
0 111 112 119 107 109 116 1
0 111 119 118 107 116 115 1
0 112 113 119 109 110 116 1
0 113 120 119 110 117 116 1
0 113 114 121 110 111 118 1
0 113 121 120 110 118 117 1
0 114 115 121 111 112 118 1
0 115 122 121 112 119 118 1
0 115 110 117 112 113 120 1
0 115 117 122 112 120 119 1
0 116 123 88 0 0 0 2
0 117 90 124 1 1 1 2
0 116 118 125 114 115 121 1
0 116 125 123 114 121 122 1
0 118 119 125 115 116 121 1
0 119 126 125 116 123 121 1
0 119 120 127 116 117 40 1
0 119 127 126 116 40 123 1
0 120 121 127 117 118 40 1
0 121 128 127 118 41 40 1
0 121 122 129 118 119 42 1
0 121 129 128 118 42 41 1
0 122 117 129 119 120 42 1
0 117 124 129 120 43 42 1
0 123 130 88 0 0 0 2
0 124 90 131 1 1 1 2
0 123 125 130 122 121 124 1
0 125 132 130 121 125 124 1
0 125 126 133 121 123 126 1
0 125 133 132 121 126 125 1
0 126 127 133 123 40 126 1
0 127 134 133 40 47 126 1
0 127 128 135 40 41 48 1
0 127 135 134 40 48 47 1
0 128 129 135 41 42 48 1
0 129 136 135 42 49 48 1
0 129 124 131 42 43 50 1
0 129 131 136 42 50 49 1
0 130 137 88 0 0 0 2
0 131 90 138 1 1 1 2
0 130 132 139 124 125 127 1
0 130 139 137 124 127 128 1
0 132 133 139 125 126 127 1
0 133 140 139 126 129 127 1
0 133 134 141 126 47 54 1
0 133 141 140 126 54 129 1
0 134 135 141 47 48 54 1
0 135 142 141 48 55 54 1
0 135 136 143 48 49 56 1
0 135 143 142 48 56 55 1
0 136 131 143 49 50 56 1
0 131 138 143 50 57 56 1
0 137 144 88 0 0 0 2
0 138 90 145 1 1 1 2
0 137 139 144 128 127 130 1
0 139 146 144 127 131 130 1
0 139 140 147 127 129 132 1
0 139 147 146 127 132 131 1
0 140 141 147 129 54 132 1
0 141 148 147 54 133 132 1
0 141 142 149 54 55 134 1
0 141 149 148 54 134 133 1
0 142 143 149 55 56 134 1
0 143 150 149 56 135 134 1
0 143 138 145 56 57 136 1
0 143 145 150 56 136 135 1
0 144 151 88 0 0 0 2
0 145 90 152 1 1 1 2
0 144 146 153 130 131 137 1
0 144 153 151 130 137 138 1
0 146 147 153 131 132 137 1
0 147 154 153 132 139 137 1
0 147 148 155 132 133 140 1
0 147 155 154 132 140 139 1
0 148 149 155 133 134 140 1
0 149 156 155 134 141 140 1
0 149 150 157 134 135 142 1
0 149 157 156 134 142 141 1
0 150 145 157 135 136 142 1
0 145 152 157 136 143 142 1
0 151 158 88 0 0 0 2
0 152 90 159 1 1 1 2
0 151 153 158 138 137 144 1
0 153 160 158 137 145 144 1
0 153 154 161 137 139 146 1
0 153 161 160 137 146 145 1
0 154 155 161 139 140 146 1
0 155 162 161 140 147 146 1
0 155 156 163 140 141 148 1
0 155 163 162 140 148 147 1
0 156 157 163 141 142 148 1
0 157 164 163 142 149 148 1
0 157 152 159 142 143 150 1
0 157 159 164 142 150 149 1
0 158 165 88 0 0 0 2
0 159 90 166 1 1 1 2
0 158 160 167 144 145 151 1
0 158 167 165 144 151 152 1
0 160 161 167 145 146 151 1
0 161 168 167 146 153 151 1
0 161 162 169 146 147 154 1
0 161 169 168 146 154 153 1
0 162 163 169 147 148 154 1
0 163 170 169 148 155 154 1
0 163 164 171 148 149 156 1
0 163 171 170 148 156 155 1
0 164 159 171 149 150 156 1
0 159 166 171 150 157 156 1
0 165 86 88 0 0 0 2
0 166 90 89 1 1 1 2
0 165 167 86 152 151 86 1
0 167 92 86 151 87 86 1
0 167 168 94 151 153 90 1
0 167 94 92 151 90 87 1
0 168 169 94 153 154 90 1
0 169 96 94 154 92 90 1
0 169 170 98 154 155 94 1
0 169 98 96 154 94 92 1
0 170 171 98 155 156 94 1
0 171 100 98 156 96 94 1
0 171 166 89 156 157 98 1
0 171 89 100 156 98 96 1
"frame" 0 2
72
0 -36.133331 40.155846 1.034307 0.121335 0.126046 -1
0 -36.133331 0.155844 1.034307 0.121335 0.251839 -1
0 36.333336 40.155846 1.034307 0.167231 0.126046 -1
0 36.333336 0.155844 1.034307 0.167231 0.251839 -1
0 36.333336 40.155846 1.034307 0.121335 0.126046 -1
0 36.333336 0.155844 1.034307 0.121335 0.251839 -1
0 36.333336 40.155846 -47.232361 0.167231 0.126046 -1
0 36.333336 0.155844 -47.232361 0.167231 0.251839 -1
0 36.333336 40.155846 -47.232361 0.121335 0.126046 -1
0 36.333336 0.155844 -47.232361 0.121335 0.251839 -1
0 -36.133331 40.155846 -47.232361 0.167231 0.126046 -1
0 -36.133331 0.155844 -47.232361 0.167231 0.251839 -1
0 -36.133331 40.155846 -47.232361 0.121335 0.126046 -1
0 -36.133331 0.155844 -47.232361 0.121335 0.251839 -1
0 -36.133331 40.155846 1.034307 0.167231 0.126046 -1
0 -36.133331 0.155844 1.034307 0.167231 0.251839 -1
0 -36.133331 40.155846 -47.232361 0.748946 0.630782 -1
0 -36.133331 40.155846 1.034307 0.748946 0.749543 -1
0 36.333336 40.155846 -47.232361 0.800680 0.630782 -1
0 36.333336 40.155846 1.034307 0.800680 0.749543 -1
0 -36.133331 0.155844 1.034307 0.251490 0.944440 -1
0 -36.133331 0.155844 -47.232361 0.251490 0.988068 -1
0 36.333336 0.155844 1.034307 0.344640 0.944440 -1
0 36.333336 0.155844 -47.232361 0.344640 0.988068 -1
0 4.002752 80.561142 33.538094 0.121335 0.126046 -1
0 4.002752 0.107800 33.538094 0.121335 0.251839 -1
0 36.336063 80.561142 33.538094 0.167231 0.126046 -1
0 36.336063 0.107800 33.538094 0.167231 0.251839 -1
0 36.336063 80.561142 33.538094 0.121335 0.126046 -1
0 36.336063 0.107800 33.538094 0.121335 0.251839 -1
0 36.336063 80.561142 1.204758 0.167231 0.126046 -1
0 36.336063 0.107800 1.204758 0.167231 0.251839 -1
0 36.336063 80.561142 1.204758 0.121335 0.126046 -1
0 36.336063 0.107800 1.204758 0.121335 0.251839 -1
0 4.002752 80.561142 1.204758 0.167231 0.126046 -1
0 4.002752 0.107800 1.204758 0.167231 0.251839 -1
0 4.002752 80.561142 1.204758 0.121335 0.126046 -1
0 4.002752 0.107800 1.204758 0.121335 0.251839 -1
0 4.002752 80.561142 33.538094 0.167231 0.126046 -1
0 4.002752 0.107800 33.538094 0.167231 0.251839 -1
0 4.002752 80.561142 1.204758 0.266576 0.889849 -1
0 4.002752 80.561142 33.538094 0.266576 0.950293 -1
0 36.336063 80.561142 1.204758 0.330548 0.889849 -1
0 36.336063 80.561142 33.538094 0.330548 0.950293 -1
0 4.002752 0.107800 33.538094 0.303081 0.915060 -1
0 4.002752 0.107800 1.204758 0.303081 0.944286 -1
0 36.336063 0.107800 33.538094 0.344643 0.915060 -1
0 36.336063 0.107800 1.204758 0.344643 0.944286 -1
0 -35.980576 48.666668 47.388180 0.121335 0.126046 -1
0 -35.980576 0.084028 47.388180 0.121335 0.251839 -1
0 13.117481 48.666668 47.388180 0.167231 0.126046 -1
0 13.117481 0.084028 47.388180 0.167231 0.251839 -1
0 13.117481 48.666668 47.388180 0.121335 0.126046 -1
0 13.117481 0.084028 47.388180 0.121335 0.251839 -1
0 13.117481 48.666668 1.388174 0.167231 0.126046 -1
0 13.117481 0.084028 1.388174 0.167231 0.251839 -1
0 13.117481 48.666668 1.388174 0.121335 0.126046 -1
0 13.117481 0.084028 1.388174 0.121335 0.251839 -1
0 -35.980576 48.666668 1.388174 0.167231 0.126046 -1
0 -35.980576 0.084028 1.388174 0.167231 0.251839 -1
0 -35.980576 48.666668 1.388174 0.121335 0.126046 -1
0 -35.980576 0.084028 1.388174 0.121335 0.251839 -1
0 -35.980576 48.666668 47.388180 0.167231 0.126046 -1
0 -35.980576 0.084028 47.388180 0.167231 0.251839 -1
0 -35.980576 48.666668 1.388174 0.283519 0.890563 -1
0 -35.980576 48.666668 47.388180 0.283519 0.965920 -1
0 13.117481 48.666668 1.388174 0.342169 0.890563 -1
0 13.117481 48.666668 47.388180 0.342169 0.965920 -1
0 -35.980576 0.084028 47.388180 0.251686 0.902541 -1
0 -35.980576 0.084028 1.388174 0.251686 0.944120 -1
0 13.117481 0.084028 47.388180 0.314798 0.902541 -1
0 13.117481 0.084028 1.388174 0.314798 0.944120 -1
6
0.000000 0.000000 1.000000
1.000000 0.000000 0.000000
0.000000 0.000000 -1.000000
-1.000000 0.000000 0.000000
0.000000 1.000000 0.000000
0.000000 -1.000000 0.000000
36
0 0 1 2 0 0 0 1
0 1 3 2 0 0 0 1
0 4 5 6 1 1 1 2
0 5 7 6 1 1 1 2
0 8 9 10 2 2 2 1
0 9 11 10 2 2 2 1
0 12 13 14 3 3 3 2
0 13 15 14 3 3 3 2
0 16 17 18 4 4 4 3
0 17 19 18 4 4 4 3
0 20 21 22 5 5 5 3
0 21 23 22 5 5 5 3
0 24 25 26 0 0 0 1
0 25 27 26 0 0 0 1
0 28 29 30 1 1 1 2
0 29 31 30 1 1 1 2
0 32 33 34 2 2 2 1
0 33 35 34 2 2 2 1
0 36 37 38 3 3 3 2
0 37 39 38 3 3 3 2
0 40 41 42 4 4 4 3
0 41 43 42 4 4 4 3
0 44 45 46 5 5 5 3
0 45 47 46 5 5 5 3
0 48 49 50 0 0 0 1
0 49 51 50 0 0 0 1
0 52 53 54 1 1 1 2
0 53 55 54 1 1 1 2
0 56 57 58 2 2 2 1
0 57 59 58 2 2 2 1
0 60 61 62 3 3 3 2
0 61 63 62 3 3 3 2
0 64 65 66 4 4 4 3
0 65 67 66 4 4 4 3
0 68 69 70 5 5 5 3
0 69 71 70 5 5 5 3
"glass" 0 0
720
0 35.184490 30.004932 -33.661541 0.517490 0.315679 -1
0 35.184490 22.004951 -33.661541 0.517490 0.364752 -1
0 37.424492 30.004932 -33.661541 0.611820 0.315679 -1
0 37.424492 22.004951 -33.661541 0.611820 0.364752 -1
0 37.424492 30.004932 -33.661541 0.517490 0.315679 -1
0 37.424492 22.004951 -33.661541 0.517490 0.364752 -1
0 37.424492 30.004932 -41.661537 0.611820 0.315679 -1
0 37.424492 22.004951 -41.661537 0.611820 0.364752 -1
0 37.424492 30.004932 -41.661537 0.517490 0.315679 -1
0 37.424492 22.004951 -41.661537 0.517490 0.364752 -1
0 35.184490 30.004932 -41.661537 0.611820 0.315679 -1
0 35.184490 22.004951 -41.661537 0.611820 0.364752 -1
0 35.184490 30.004932 -41.661537 0.517490 0.315679 -1
0 35.184490 22.004951 -41.661537 0.517490 0.364752 -1
0 35.184490 30.004932 -33.661541 0.611820 0.315679 -1
0 35.184490 22.004951 -33.661541 0.611820 0.364752 -1
0 35.184490 30.004932 -33.661541 0.517490 0.364752 -1
0 37.424492 30.004932 -33.661541 0.611820 0.364752 -1
0 35.184490 22.004951 -33.661541 0.517490 0.315679 -1
0 37.424492 22.004951 -33.661541 0.611820 0.315679 -1
0 35.179405 30.004932 -18.738434 0.517490 0.315679 -1
0 35.179405 22.004951 -18.738434 0.517490 0.364752 -1
0 37.419407 30.004932 -18.738434 0.611820 0.315679 -1
0 37.419407 22.004951 -18.738434 0.611820 0.364752 -1
0 37.419407 30.004932 -18.738434 0.517490 0.315679 -1
0 37.419407 22.004951 -18.738434 0.517490 0.364752 -1
0 37.419407 30.004932 -26.738428 0.611820 0.315679 -1
0 37.419407 22.004951 -26.738428 0.611820 0.364752 -1
0 37.419407 30.004932 -26.738428 0.517490 0.315679 -1
0 37.419407 22.004951 -26.738428 0.517490 0.364752 -1
0 35.179405 30.004932 -26.738428 0.611820 0.315679 -1
0 35.179405 22.004951 -26.738428 0.611820 0.364752 -1
0 35.179405 30.004932 -26.738428 0.517490 0.315679 -1
0 35.179405 22.004951 -26.738428 0.517490 0.364752 -1
0 35.179405 30.004932 -18.738434 0.611820 0.315679 -1
0 35.179405 22.004951 -18.738434 0.611820 0.364752 -1
0 35.179405 30.004932 -18.738434 0.517490 0.364752 -1
0 37.419407 30.004932 -18.738434 0.611820 0.364752 -1
0 35.179405 22.004951 -18.738434 0.517490 0.315679 -1
0 37.419407 22.004951 -18.738434 0.611820 0.315679 -1
0 35.199120 30.004932 -3.797176 0.517490 0.315679 -1
0 35.199120 22.004951 -3.797176 0.517490 0.364752 -1
0 37.439121 30.004932 -3.797176 0.611820 0.315679 -1
0 37.439121 22.004951 -3.797176 0.611820 0.364752 -1
0 37.439121 30.004932 -3.797176 0.517490 0.315679 -1
0 37.439121 22.004951 -3.797176 0.517490 0.364752 -1
0 37.439121 30.004932 -11.797172 0.611820 0.315679 -1
0 37.439121 22.004951 -11.797172 0.611820 0.364752 -1
0 37.439121 30.004932 -11.797172 0.517490 0.315679 -1
0 37.439121 22.004951 -11.797172 0.517490 0.364752 -1
0 35.199120 30.004932 -11.797172 0.611820 0.315679 -1
0 35.199120 22.004951 -11.797172 0.611820 0.364752 -1
0 35.199120 30.004932 -11.797172 0.517490 0.315679 -1
0 35.199120 22.004951 -11.797172 0.517490 0.364752 -1
0 35.199120 30.004932 -3.797176 0.611820 0.315679 -1
0 35.199120 22.004951 -3.797176 0.611820 0.364752 -1
0 35.199120 30.004932 -3.797176 0.517490 0.364752 -1
0 37.439121 30.004932 -3.797176 0.611820 0.364752 -1
0 35.199120 22.004951 -3.797176 0.517490 0.315679 -1
0 37.439121 22.004951 -3.797176 0.611820 0.315679 -1
0 -37.241371 30.004932 -33.652172 0.517490 0.315679 -1
0 -37.241371 22.004951 -33.652172 0.517490 0.364752 -1
0 -35.001369 30.004932 -33.652172 0.611820 0.315679 -1
0 -35.001369 22.004951 -33.652172 0.611820 0.364752 -1
0 -35.001369 30.004932 -33.652172 0.517490 0.315679 -1
0 -35.001369 22.004951 -33.652172 0.517490 0.364752 -1
0 -35.001369 30.004932 -41.652168 0.611820 0.315679 -1
0 -35.001369 22.004951 -41.652168 0.611820 0.364752 -1
0 -35.001369 30.004932 -41.652168 0.517490 0.315679 -1
0 -35.001369 22.004951 -41.652168 0.517490 0.364752 -1
0 -37.241371 30.004932 -41.652168 0.611820 0.315679 -1
0 -37.241371 22.004951 -41.652168 0.611820 0.364752 -1
0 -37.241371 30.004932 -41.652168 0.517490 0.315679 -1
0 -37.241371 22.004951 -41.652168 0.517490 0.364752 -1
0 -37.241371 30.004932 -33.652172 0.611820 0.315679 -1
0 -37.241371 22.004951 -33.652172 0.611820 0.364752 -1
0 -37.241371 30.004932 -33.652172 0.517490 0.364752 -1
0 -35.001369 30.004932 -33.652172 0.611820 0.364752 -1
0 -37.241371 22.004951 -33.652172 0.517490 0.315679 -1
0 -35.001369 22.004951 -33.652172 0.611820 0.315679 -1
0 -37.246460 30.004932 -18.729067 0.517490 0.315679 -1
0 -37.246460 22.004951 -18.729067 0.517490 0.364752 -1
0 -35.006458 30.004932 -18.729067 0.611820 0.315679 -1
0 -35.006458 22.004951 -18.729067 0.611820 0.364752 -1
0 -35.006458 30.004932 -18.729067 0.517490 0.315679 -1
0 -35.006458 22.004951 -18.729067 0.517490 0.364752 -1
0 -35.006458 30.004932 -26.729061 0.611820 0.315679 -1
0 -35.006458 22.004951 -26.729061 0.611820 0.364752 -1
0 -35.006458 30.004932 -26.729061 0.517490 0.315679 -1
0 -35.006458 22.004951 -26.729061 0.517490 0.364752 -1
0 -37.246460 30.004932 -26.729061 0.611820 0.315679 -1
0 -37.246460 22.004951 -26.729061 0.611820 0.364752 -1
0 -37.246460 30.004932 -26.729061 0.517490 0.315679 -1
0 -37.246460 22.004951 -26.729061 0.517490 0.364752 -1
0 -37.246460 30.004932 -18.729067 0.611820 0.315679 -1
0 -37.246460 22.004951 -18.729067 0.611820 0.364752 -1
0 -37.246460 30.004932 -18.729067 0.517490 0.364752 -1
0 -35.006458 30.004932 -18.729067 0.611820 0.364752 -1
0 -37.246460 22.004951 -18.729067 0.517490 0.315679 -1
0 -35.006458 22.004951 -18.729067 0.611820 0.315679 -1
0 -37.226746 30.004932 -3.787809 0.517490 0.315679 -1
0 -37.226746 22.004951 -3.787809 0.517490 0.364752 -1
0 -34.986744 30.004932 -3.787809 0.611820 0.315679 -1
0 -34.986744 22.004951 -3.787809 0.611820 0.364752 -1
0 -34.986744 30.004932 -3.787809 0.517490 0.315679 -1
0 -34.986744 22.004951 -3.787809 0.517490 0.364752 -1
0 -34.986744 30.004932 -11.787804 0.611820 0.315679 -1
0 -34.986744 22.004951 -11.787804 0.611820 0.364752 -1
0 -34.986744 30.004932 -11.787804 0.517490 0.315679 -1
0 -34.986744 22.004951 -11.787804 0.517490 0.364752 -1
0 -37.226746 30.004932 -11.787804 0.611820 0.315679 -1
0 -37.226746 22.004951 -11.787804 0.611820 0.364752 -1
0 -37.226746 30.004932 -11.787804 0.517490 0.315679 -1
0 -37.226746 22.004951 -11.787804 0.517490 0.364752 -1
0 -37.226746 30.004932 -3.787809 0.611820 0.315679 -1
0 -37.226746 22.004951 -3.787809 0.611820 0.364752 -1
0 -37.226746 30.004932 -3.787809 0.517490 0.364752 -1
0 -34.986744 30.004932 -3.787809 0.611820 0.364752 -1
0 -37.226746 22.004951 -3.787809 0.517490 0.315679 -1
0 -34.986744 22.004951 -3.787809 0.611820 0.315679 -1
0 10.266094 30.004932 -48.318741 0.517490 0.315679 -1
0 10.266094 22.004951 -48.318741 0.517490 0.364752 -1
0 10.266102 30.004932 -46.078728 0.611820 0.315679 -1
0 10.266102 22.004951 -46.078728 0.611820 0.364752 -1
0 10.266102 30.004932 -46.078728 0.517490 0.315679 -1
0 10.266102 22.004951 -46.078728 0.517490 0.364752 -1
0 18.266123 30.004932 -46.078732 0.611820 0.315679 -1
0 18.266123 22.004951 -46.078732 0.611820 0.364752 -1
0 18.266123 30.004932 -46.078732 0.517490 0.315679 -1
0 18.266123 22.004951 -46.078732 0.517490 0.364752 -1
0 18.266115 30.004932 -48.318733 0.611820 0.315679 -1
0 18.266115 22.004951 -48.318733 0.611820 0.364752 -1
0 18.266115 30.004932 -48.318733 0.517490 0.315679 -1
0 18.266115 22.004951 -48.318733 0.517490 0.364752 -1
0 10.266094 30.004932 -48.318741 0.611820 0.315679 -1
0 10.266094 22.004951 -48.318741 0.611820 0.364752 -1
0 10.266094 30.004932 -48.318741 0.517490 0.364752 -1
0 10.266102 30.004932 -46.078728 0.611820 0.364752 -1
0 10.266094 22.004951 -48.318741 0.517490 0.315679 -1
0 10.266102 22.004951 -46.078728 0.611820 0.315679 -1
0 -4.657019 30.004932 -48.323814 0.517490 0.315679 -1
0 -4.657019 22.004951 -48.323814 0.517490 0.364752 -1
0 -4.657020 30.004932 -46.083817 0.611820 0.315679 -1
0 -4.657020 22.004951 -46.083817 0.611820 0.364752 -1
0 -4.657020 30.004932 -46.083817 0.517490 0.315679 -1
0 -4.657020 22.004951 -46.083817 0.517490 0.364752 -1
0 3.342976 30.004932 -46.083820 0.611820 0.315679 -1
0 3.342976 22.004951 -46.083820 0.611820 0.364752 -1
0 3.342976 30.004932 -46.083820 0.517490 0.315679 -1
0 3.342976 22.004951 -46.083820 0.517490 0.364752 -1
0 3.342978 30.004932 -48.323818 0.611820 0.315679 -1
0 3.342978 22.004951 -48.323818 0.611820 0.364752 -1
0 3.342978 30.004932 -48.323818 0.517490 0.315679 -1
0 3.342978 22.004951 -48.323818 0.517490 0.364752 -1
0 -4.657019 30.004932 -48.323814 0.611820 0.315679 -1
0 -4.657019 22.004951 -48.323814 0.611820 0.364752 -1
0 -4.657019 30.004932 -48.323814 0.517490 0.364752 -1
0 -4.657020 30.004932 -46.083817 0.611820 0.364752 -1
0 -4.657019 22.004951 -48.323814 0.517490 0.315679 -1
0 -4.657020 22.004951 -46.083817 0.611820 0.315679 -1
0 -19.598291 30.004932 -48.304100 0.517490 0.315679 -1
0 -19.598291 22.004951 -48.304100 0.517490 0.364752 -1
0 -19.598291 30.004932 -46.064102 0.611820 0.315679 -1
0 -19.598291 22.004951 -46.064102 0.611820 0.364752 -1
0 -19.598291 30.004932 -46.064102 0.517490 0.315679 -1
0 -19.598291 22.004951 -46.064102 0.517490 0.364752 -1
0 -11.598280 30.004932 -46.064091 0.611820 0.315679 -1
0 -11.598280 22.004951 -46.064091 0.611820 0.364752 -1
0 -11.598280 30.004932 -46.064091 0.517490 0.315679 -1
0 -11.598280 22.004951 -46.064091 0.517490 0.364752 -1
0 -11.598288 30.004932 -48.304100 0.611820 0.315679 -1
0 -11.598288 22.004951 -48.304100 0.611820 0.364752 -1
0 -11.598288 30.004932 -48.304100 0.517490 0.315679 -1
0 -11.598288 22.004951 -48.304100 0.517490 0.364752 -1
0 -19.598291 30.004932 -48.304100 0.611820 0.315679 -1
0 -19.598291 22.004951 -48.304100 0.611820 0.364752 -1
0 -19.598291 30.004932 -48.304100 0.517490 0.364752 -1
0 -19.598291 30.004932 -46.064102 0.611820 0.364752 -1
0 -19.598291 22.004951 -48.304100 0.517490 0.315679 -1
0 -19.598291 22.004951 -46.064102 0.611820 0.315679 -1
0 -0.463531 30.004932 46.274181 0.517490 0.315679 -1
0 -0.463531 22.004951 46.274181 0.517490 0.364752 -1
0 -0.463524 30.004932 48.514202 0.611820 0.315679 -1
0 -0.463524 22.004951 48.514202 0.611820 0.364752 -1
0 -0.463524 30.004932 48.514202 0.517490 0.315679 -1
0 -0.463524 22.004951 48.514202 0.517490 0.364752 -1
0 7.536491 30.004932 48.514194 0.611820 0.315679 -1
0 7.536491 22.004951 48.514194 0.611820 0.364752 -1
0 7.536491 30.004932 48.514194 0.517490 0.315679 -1
0 7.536491 22.004951 48.514194 0.517490 0.364752 -1
0 7.536484 30.004932 46.274197 0.611820 0.315679 -1
0 7.536484 22.004951 46.274197 0.611820 0.364752 -1
0 7.536484 30.004932 46.274197 0.517490 0.315679 -1
0 7.536484 22.004951 46.274197 0.517490 0.364752 -1
0 -0.463531 30.004932 46.274181 0.611820 0.315679 -1
0 -0.463531 22.004951 46.274181 0.611820 0.364752 -1
0 -0.463531 30.004932 46.274181 0.517490 0.364752 -1
0 -0.463524 30.004932 48.514202 0.611820 0.364752 -1
0 -0.463531 22.004951 46.274181 0.517490 0.315679 -1
0 -0.463524 22.004951 48.514202 0.611820 0.315679 -1
0 -15.386645 30.004932 46.269115 0.517490 0.315679 -1
0 -15.386645 22.004951 46.269115 0.517490 0.364752 -1
0 -15.386646 30.004932 48.509106 0.611820 0.315679 -1
0 -15.386646 22.004951 48.509106 0.611820 0.364752 -1
0 -15.386646 30.004932 48.509106 0.517490 0.315679 -1
0 -15.386646 22.004951 48.509106 0.517490 0.364752 -1
0 -7.386650 30.004932 48.509106 0.611820 0.315679 -1
0 -7.386650 22.004951 48.509106 0.611820 0.364752 -1
0 -7.386650 30.004932 48.509106 0.517490 0.315679 -1
0 -7.386650 22.004951 48.509106 0.517490 0.364752 -1
0 -7.386648 30.004932 46.269108 0.611820 0.315679 -1
0 -7.386648 22.004951 46.269108 0.611820 0.364752 -1
0 -7.386648 30.004932 46.269108 0.517490 0.315679 -1
0 -7.386648 22.004951 46.269108 0.517490 0.364752 -1
0 -15.386645 30.004932 46.269115 0.611820 0.315679 -1
0 -15.386645 22.004951 46.269115 0.611820 0.364752 -1
0 -15.386645 30.004932 46.269115 0.517490 0.364752 -1
0 -15.386646 30.004932 48.509106 0.611820 0.364752 -1
0 -15.386645 22.004951 46.269115 0.517490 0.315679 -1
0 -15.386646 22.004951 48.509106 0.611820 0.315679 -1
0 -30.327923 30.004932 46.288830 0.517490 0.315679 -1
0 -30.327923 22.004951 46.288830 0.517490 0.364752 -1
0 -30.327923 30.004932 48.528820 0.611820 0.315679 -1
0 -30.327923 22.004951 48.528820 0.611820 0.364752 -1
0 -30.327923 30.004932 48.528820 0.517490 0.315679 -1
0 -30.327923 22.004951 48.528820 0.517490 0.364752 -1
0 -22.327906 30.004932 48.528835 0.611820 0.315679 -1
0 -22.327906 22.004951 48.528835 0.611820 0.364752 -1
0 -22.327906 30.004932 48.528835 0.517490 0.315679 -1
0 -22.327906 22.004951 48.528835 0.517490 0.364752 -1
0 -22.327913 30.004932 46.288822 0.611820 0.315679 -1
0 -22.327913 22.004951 46.288822 0.611820 0.364752 -1
0 -22.327913 30.004932 46.288822 0.517490 0.315679 -1
0 -22.327913 22.004951 46.288822 0.517490 0.364752 -1
0 -30.327923 30.004932 46.288830 0.611820 0.315679 -1
0 -30.327923 22.004951 46.288830 0.611820 0.364752 -1
0 -30.327923 30.004932 46.288830 0.517490 0.364752 -1
0 -30.327923 30.004932 48.528820 0.611820 0.364752 -1
0 -30.327923 22.004951 46.288830 0.517490 0.315679 -1
0 -30.327923 22.004951 48.528820 0.611820 0.315679 -1
0 -0.281713 43.277657 46.274181 0.517490 0.315679 -1
0 -0.281713 35.277679 46.274181 0.517490 0.364752 -1
0 -0.281706 43.277657 48.514202 0.611820 0.315679 -1
0 -0.281706 35.277679 48.514202 0.611820 0.364752 -1
0 -0.281706 43.277657 48.514202 0.517490 0.315679 -1
0 -0.281706 35.277679 48.514202 0.517490 0.364752 -1
0 7.718309 43.277657 48.514194 0.611820 0.315679 -1
0 7.718309 35.277679 48.514194 0.611820 0.364752 -1
0 7.718309 43.277657 48.514194 0.517490 0.315679 -1
0 7.718309 35.277679 48.514194 0.517490 0.364752 -1
0 7.718302 43.277657 46.274197 0.611820 0.315679 -1
0 7.718302 35.277679 46.274197 0.611820 0.364752 -1
0 7.718302 43.277657 46.274197 0.517490 0.315679 -1
0 7.718302 35.277679 46.274197 0.517490 0.364752 -1
0 -0.281713 43.277657 46.274181 0.611820 0.315679 -1
0 -0.281713 35.277679 46.274181 0.611820 0.364752 -1
0 -0.281713 43.277657 46.274181 0.517490 0.364752 -1
0 -0.281706 43.277657 48.514202 0.611820 0.364752 -1
0 -0.281713 35.277679 46.274181 0.517490 0.315679 -1
0 -0.281706 35.277679 48.514202 0.611820 0.315679 -1
0 -15.204827 43.277657 46.269115 0.517490 0.315679 -1
0 -15.204827 35.277679 46.269115 0.517490 0.364752 -1
0 -15.204828 43.277657 48.509106 0.611820 0.315679 -1
0 -15.204828 35.277679 48.509106 0.611820 0.364752 -1
0 -15.204828 43.277657 48.509106 0.517490 0.315679 -1
0 -15.204828 35.277679 48.509106 0.517490 0.364752 -1
0 -7.204832 43.277657 48.509106 0.611820 0.315679 -1
0 -7.204832 35.277679 48.509106 0.611820 0.364752 -1
0 -7.204832 43.277657 48.509106 0.517490 0.315679 -1
0 -7.204832 35.277679 48.509106 0.517490 0.364752 -1
0 -7.204830 43.277657 46.269108 0.611820 0.315679 -1
0 -7.204830 35.277679 46.269108 0.611820 0.364752 -1
0 -7.204830 43.277657 46.269108 0.517490 0.315679 -1
0 -7.204830 35.277679 46.269108 0.517490 0.364752 -1
0 -15.204827 43.277657 46.269115 0.611820 0.315679 -1
0 -15.204827 35.277679 46.269115 0.611820 0.364752 -1
0 -15.204827 43.277657 46.269115 0.517490 0.364752 -1
0 -15.204828 43.277657 48.509106 0.611820 0.364752 -1
0 -15.204827 35.277679 46.269115 0.517490 0.315679 -1
0 -15.204828 35.277679 48.509106 0.611820 0.315679 -1
0 -30.146105 43.277657 46.288830 0.517490 0.315679 -1
0 -30.146105 35.277679 46.288830 0.517490 0.364752 -1
0 -30.146105 43.277657 48.528820 0.611820 0.315679 -1
0 -30.146105 35.277679 48.528820 0.611820 0.364752 -1
0 -30.146105 43.277657 48.528820 0.517490 0.315679 -1
0 -30.146105 35.277679 48.528820 0.517490 0.364752 -1
0 -22.146088 43.277657 48.528835 0.611820 0.315679 -1
0 -22.146088 35.277679 48.528835 0.611820 0.364752 -1
0 -22.146088 43.277657 48.528835 0.517490 0.315679 -1
0 -22.146088 35.277679 48.528835 0.517490 0.364752 -1
0 -22.146095 43.277657 46.288822 0.611820 0.315679 -1
0 -22.146095 35.277679 46.288822 0.611820 0.364752 -1
0 -22.146095 43.277657 46.288822 0.517490 0.315679 -1
0 -22.146095 35.277679 46.288822 0.517490 0.364752 -1
0 -30.146105 43.277657 46.288830 0.611820 0.315679 -1
0 -30.146105 35.277679 46.288830 0.611820 0.364752 -1
0 -30.146105 43.277657 46.288830 0.517490 0.364752 -1
0 -30.146105 43.277657 48.528820 0.611820 0.364752 -1
0 -30.146105 35.277679 46.288830 0.517490 0.315679 -1
0 -30.146105 35.277679 48.528820 0.611820 0.315679 -1
0 23.967163 60.049114 32.554832 0.517490 0.315679 -1
0 23.967163 52.049145 32.554832 0.517490 0.364752 -1
0 23.967163 60.049114 34.794823 0.611820 0.315679 -1
0 23.967163 52.049145 34.794823 0.611820 0.364752 -1
0 23.967163 60.049114 34.794823 0.517490 0.315679 -1
0 23.967163 52.049145 34.794823 0.517490 0.364752 -1
0 31.967155 60.049114 34.794823 0.611820 0.315679 -1
0 31.967155 52.049145 34.794823 0.611820 0.364752 -1
0 31.967155 60.049114 34.794823 0.517490 0.315679 -1
0 31.967155 52.049145 34.794823 0.517490 0.364752 -1
0 31.967159 60.049114 32.554825 0.611820 0.315679 -1
0 31.967159 52.049145 32.554825 0.611820 0.364752 -1
0 31.967159 60.049114 32.554825 0.517490 0.315679 -1
0 31.967159 52.049145 32.554825 0.517490 0.364752 -1
0 23.967163 60.049114 32.554832 0.611820 0.315679 -1
0 23.967163 52.049145 32.554832 0.611820 0.364752 -1
0 23.967163 60.049114 32.554832 0.517490 0.364752 -1
0 23.967163 60.049114 34.794823 0.611820 0.364752 -1
0 23.967163 52.049145 32.554832 0.517490 0.315679 -1
0 23.967163 52.049145 34.794823 0.611820 0.315679 -1
0 9.025885 60.049114 32.574547 0.517490 0.315679 -1
0 9.025885 52.049145 32.574547 0.517490 0.364752 -1
0 9.025885 60.049114 34.814537 0.611820 0.315679 -1
0 9.025885 52.049145 34.814537 0.611820 0.364752 -1
0 9.025885 60.049114 34.814537 0.517490 0.315679 -1
0 9.025885 52.049145 34.814537 0.517490 0.364752 -1
0 17.025902 60.049114 34.814552 0.611820 0.315679 -1
0 17.025902 52.049145 34.814552 0.611820 0.364752 -1
0 17.025902 60.049114 34.814552 0.517490 0.315679 -1
0 17.025902 52.049145 34.814552 0.517490 0.364752 -1
0 17.025894 60.049114 32.574539 0.611820 0.315679 -1
0 17.025894 52.049145 32.574539 0.611820 0.364752 -1
0 17.025894 60.049114 32.574539 0.517490 0.315679 -1
0 17.025894 52.049145 32.574539 0.517490 0.364752 -1
0 9.025885 60.049114 32.574547 0.611820 0.315679 -1
0 9.025885 52.049145 32.574547 0.611820 0.364752 -1
0 9.025885 60.049114 32.574547 0.517490 0.364752 -1
0 9.025885 60.049114 34.814537 0.611820 0.364752 -1
0 9.025885 52.049145 32.574547 0.517490 0.315679 -1
0 9.025885 52.049145 34.814537 0.611820 0.315679 -1
0 32.028973 44.974342 32.574547 0.517490 0.315679 -1
0 24.028999 44.974358 32.574547 0.517490 0.364752 -1
0 32.028973 44.974342 34.814537 0.611820 0.315679 -1
0 24.028999 44.974358 34.814537 0.611820 0.364752 -1
0 32.028973 44.974342 34.814537 0.517490 0.315679 -1
0 24.028999 44.974358 34.814537 0.517490 0.364752 -1
0 32.028973 36.974304 34.814552 0.611820 0.315679 -1
0 24.028999 36.974312 34.814552 0.611820 0.364752 -1
0 32.028973 36.974304 34.814552 0.517490 0.315679 -1
0 24.028999 36.974312 34.814552 0.517490 0.364752 -1
0 32.028984 36.974327 32.574539 0.611820 0.315679 -1
0 24.028999 36.974319 32.574539 0.611820 0.364752 -1
0 32.028984 36.974327 32.574539 0.517490 0.315679 -1
0 24.028999 36.974319 32.574539 0.517490 0.364752 -1
0 32.028973 44.974342 32.574547 0.611820 0.315679 -1
0 24.028999 44.974358 32.574547 0.611820 0.364752 -1
0 32.028973 44.974342 32.574547 0.517490 0.364752 -1
0 32.028973 44.974342 34.814537 0.611820 0.364752 -1
0 24.028999 44.974358 32.574547 0.517490 0.315679 -1
0 24.028999 44.974358 34.814537 0.611820 0.315679 -1
0 24.095242 74.326538 32.554832 0.517490 0.315679 -1
0 24.095242 66.326569 32.554832 0.517490 0.364752 -1
0 24.095242 74.326538 34.794823 0.611820 0.315679 -1
0 24.095242 66.326569 34.794823 0.611820 0.364752 -1
0 24.095242 74.326538 34.794823 0.517490 0.315679 -1
0 24.095242 66.326569 34.794823 0.517490 0.364752 -1
0 32.095234 74.326538 34.794823 0.611820 0.315679 -1
0 32.095234 66.326569 34.794823 0.611820 0.364752 -1
0 32.095234 74.326538 34.794823 0.517490 0.315679 -1
0 32.095234 66.326569 34.794823 0.517490 0.364752 -1
0 32.095238 74.326538 32.554825 0.611820 0.315679 -1
0 32.095238 66.326569 32.554825 0.611820 0.364752 -1
0 32.095238 74.326538 32.554825 0.517490 0.315679 -1
0 32.095238 66.326569 32.554825 0.517490 0.364752 -1
0 24.095242 74.326538 32.554832 0.611820 0.315679 -1
0 24.095242 66.326569 32.554832 0.611820 0.364752 -1
0 24.095242 74.326538 32.554832 0.517490 0.364752 -1
0 24.095242 74.326538 34.794823 0.611820 0.364752 -1
0 24.095242 66.326569 32.554832 0.517490 0.315679 -1
0 24.095242 66.326569 34.794823 0.611820 0.315679 -1
0 9.153963 74.326538 32.574547 0.517490 0.315679 -1
0 9.153963 66.326569 32.574547 0.517490 0.364752 -1
0 9.153963 74.326538 34.814537 0.611820 0.315679 -1
0 9.153963 66.326569 34.814537 0.611820 0.364752 -1
0 9.153963 74.326538 34.814537 0.517490 0.315679 -1
0 9.153963 66.326569 34.814537 0.517490 0.364752 -1
0 17.153980 74.326538 34.814552 0.611820 0.315679 -1
0 17.153980 66.326569 34.814552 0.611820 0.364752 -1
0 17.153980 74.326538 34.814552 0.517490 0.315679 -1
0 17.153980 66.326569 34.814552 0.517490 0.364752 -1
0 17.153973 74.326538 32.574539 0.611820 0.315679 -1
0 17.153973 66.326569 32.574539 0.611820 0.364752 -1
0 17.153973 74.326538 32.574539 0.517490 0.315679 -1
0 17.153973 66.326569 32.574539 0.517490 0.364752 -1
0 9.153963 74.326538 32.574547 0.611820 0.315679 -1
0 9.153963 66.326569 32.574547 0.611820 0.364752 -1
0 9.153963 74.326538 32.574547 0.517490 0.364752 -1
0 9.153963 74.326538 34.814537 0.611820 0.364752 -1
0 9.153963 66.326569 32.574547 0.517490 0.315679 -1
0 9.153963 66.326569 34.814537 0.611820 0.315679 -1
0 35.047211 60.049114 14.168365 0.517490 0.315679 -1
0 35.047211 52.049145 14.168365 0.517490 0.364752 -1
0 37.286873 60.049114 14.129265 0.611820 0.315679 -1
0 37.286873 52.049145 14.129265 0.611820 0.364752 -1
0 37.286873 60.049114 14.129265 0.517490 0.315679 -1
0 37.286873 52.049145 14.129265 0.517490 0.364752 -1
0 37.147247 60.049114 6.130486 0.611820 0.315679 -1
0 37.147247 52.049145 6.130486 0.611820 0.364752 -1
0 37.147247 60.049114 6.130486 0.517490 0.315679 -1
0 37.147247 52.049145 6.130486 0.517490 0.364752 -1
0 34.907585 60.049114 6.169579 0.611820 0.315679 -1
0 34.907585 52.049145 6.169579 0.611820 0.364752 -1
0 34.907585 60.049114 6.169579 0.517490 0.315679 -1
0 34.907585 52.049145 6.169579 0.517490 0.364752 -1
0 35.047211 60.049114 14.168365 0.611820 0.315679 -1
0 35.047211 52.049145 14.168365 0.611820 0.364752 -1
0 35.047211 60.049114 14.168365 0.517490 0.364752 -1
0 37.286873 60.049114 14.129265 0.611820 0.364752 -1
0 35.047211 52.049145 14.168365 0.517490 0.315679 -1
0 37.286873 52.049145 14.129265 0.611820 0.315679 -1
0 35.327675 60.049114 29.107033 0.517490 0.315679 -1
0 35.327675 52.049145 29.107033 0.517490 0.364752 -1
0 37.567329 60.049114 29.067955 0.611820 0.315679 -1
0 37.567329 52.049145 29.067955 0.611820 0.364752 -1
0 37.567329 60.049114 29.067955 0.517490 0.315679 -1
0 37.567329 52.049145 29.067955 0.517490 0.364752 -1
0 37.427738 60.049114 21.069138 0.611820 0.315679 -1
0 37.427738 52.049145 21.069138 0.611820 0.364752 -1
0 37.427738 60.049114 21.069138 0.517490 0.315679 -1
0 37.427738 52.049145 21.069138 0.517490 0.364752 -1
0 35.188053 60.049114 21.108231 0.611820 0.315679 -1
0 35.188053 52.049145 21.108231 0.611820 0.364752 -1
0 35.188053 60.049114 21.108231 0.517490 0.315679 -1
0 35.188053 52.049145 21.108231 0.517490 0.364752 -1
0 35.327675 60.049114 29.107033 0.611820 0.315679 -1
0 35.327675 52.049145 29.107033 0.611820 0.364752 -1
0 35.327675 60.049114 29.107033 0.517490 0.364752 -1
0 37.567329 60.049114 29.067955 0.611820 0.364752 -1
0 35.327675 52.049145 29.107033 0.517490 0.315679 -1
0 37.567329 52.049145 29.067955 0.611820 0.315679 -1
0 34.906517 20.366364 6.107761 0.517490 0.315679 -1
0 35.046131 20.366390 14.106529 0.517490 0.364752 -1
0 37.146152 20.366364 6.068684 0.611820 0.315679 -1
0 37.285786 20.366390 14.067444 0.611820 0.364752 -1
0 37.146152 20.366364 6.068684 0.517490 0.315679 -1
0 37.285786 20.366390 14.067444 0.517490 0.364752 -1
0 37.146152 12.366386 6.068684 0.611820 0.315679 -1
0 37.285778 12.366367 14.067440 0.611820 0.364752 -1
0 37.146152 12.366386 6.068684 0.517490 0.315679 -1
0 37.285778 12.366367 14.067440 0.517490 0.364752 -1
0 34.906509 12.366379 6.107761 0.611820 0.315679 -1
0 35.046124 12.366367 14.106522 0.611820 0.364752 -1
0 34.906509 12.366379 6.107761 0.517490 0.315679 -1
0 35.046124 12.366367 14.106522 0.517490 0.364752 -1
0 34.906517 20.366364 6.107761 0.611820 0.315679 -1
0 35.046131 20.366390 14.106529 0.611820 0.364752 -1
0 34.906517 20.366364 6.107761 0.517490 0.364752 -1
0 37.146152 20.366364 6.068684 0.611820 0.364752 -1
0 35.046131 20.366390 14.106529 0.517490 0.315679 -1
0 37.285786 20.366390 14.067444 0.611820 0.315679 -1
0 -36.951591 41.479218 11.983601 0.611820 0.315679 -1
0 -34.851566 41.479218 17.624512 0.517490 0.364752 -1
0 -34.711941 41.479218 12.011044 0.517490 0.315679 -1
0 -37.091209 41.479218 17.597076 0.611820 0.364752 -1
0 -36.951607 24.424128 11.983589 0.611820 0.315679 -1
0 -37.091209 41.479218 17.597076 0.517490 0.364752 -1
0 -36.951591 41.479218 11.983601 0.517490 0.315679 -1
0 -37.091225 24.424150 17.597080 0.611820 0.364752 -1
0 -34.711937 24.424154 12.011036 0.611820 0.315679 -1
0 -37.091225 24.424150 17.597080 0.517490 0.364752 -1
0 -36.951607 24.424128 11.983589 0.517490 0.315679 -1
0 -34.851563 24.424150 17.624508 0.611820 0.364752 -1
0 -34.711941 41.479218 12.011044 0.611820 0.315679 -1
0 -34.851563 24.424150 17.624508 0.517490 0.364752 -1
0 -34.711937 24.424154 12.011036 0.517490 0.315679 -1
0 -34.851566 41.479218 17.624512 0.611820 0.364752 -1
0 -34.711941 41.479218 12.011044 0.517490 0.364752 -1
0 -36.951591 41.479218 11.983601 0.611820 0.364752 -1
0 -37.091209 41.479218 17.597076 0.611820 0.315679 -1
0 -34.851566 41.479218 17.624512 0.517490 0.315679 -1
0 35.044975 74.326538 14.040306 0.517490 0.315679 -1
0 35.044975 66.326569 14.040306 0.517490 0.364752 -1
0 37.284630 74.326538 14.001205 0.611820 0.315679 -1
0 37.284630 66.326569 14.001205 0.611820 0.364752 -1
0 37.284630 74.326538 14.001205 0.517490 0.315679 -1
0 37.284630 66.326569 14.001205 0.517490 0.364752 -1
0 37.144997 74.326538 6.002438 0.611820 0.315679 -1
0 37.144997 66.326569 6.002438 0.611820 0.364752 -1
0 37.144997 74.326538 6.002438 0.517490 0.315679 -1
0 37.144997 66.326569 6.002438 0.517490 0.364752 -1
0 34.905357 74.326538 6.041500 0.611820 0.315679 -1
0 34.905357 66.326569 6.041500 0.611820 0.364752 -1
0 34.905357 74.326538 6.041500 0.517490 0.315679 -1
0 34.905357 66.326569 6.041500 0.517490 0.364752 -1
0 35.044975 74.326538 14.040306 0.611820 0.315679 -1
0 35.044975 66.326569 14.040306 0.611820 0.364752 -1
0 35.044975 74.326538 14.040306 0.517490 0.364752 -1
0 37.284630 74.326538 14.001205 0.611820 0.364752 -1
0 35.044975 66.326569 14.040306 0.517490 0.315679 -1
0 37.284630 66.326569 14.001205 0.611820 0.315679 -1
0 35.325459 74.326538 28.978992 0.517490 0.315679 -1
0 35.325459 66.326569 28.978992 0.517490 0.364752 -1
0 37.565105 74.326538 28.939884 0.611820 0.315679 -1
0 37.565105 66.326569 28.939884 0.611820 0.364752 -1
0 37.565105 74.326538 28.939884 0.517490 0.315679 -1
0 37.565105 66.326569 28.939884 0.517490 0.364752 -1
0 37.425507 74.326538 20.941067 0.611820 0.315679 -1
0 37.425507 66.326569 20.941067 0.611820 0.364752 -1
0 37.425507 74.326538 20.941067 0.517490 0.315679 -1
0 37.425507 66.326569 20.941067 0.517490 0.364752 -1
0 35.185818 74.326538 20.980171 0.611820 0.315679 -1
0 35.185818 66.326569 20.980171 0.611820 0.364752 -1
0 35.185818 74.326538 20.980171 0.517490 0.315679 -1
0 35.185818 66.326569 20.980171 0.517490 0.364752 -1
0 35.325459 74.326538 28.978992 0.611820 0.315679 -1
0 35.325459 66.326569 28.978992 0.611820 0.364752 -1
0 35.325459 74.326538 28.978992 0.517490 0.364752 -1
0 37.565105 74.326538 28.939884 0.611820 0.364752 -1
0 35.325459 66.326569 28.978992 0.517490 0.315679 -1
0 37.565105 66.326569 28.939884 0.611820 0.315679 -1
0 35.183670 20.366364 20.976078 0.517490 0.315679 -1
0 35.183670 20.366390 28.976063 0.517490 0.364752 -1
0 37.423656 20.366364 20.976070 0.611820 0.315679 -1
0 37.423676 20.366390 28.976055 0.611820 0.364752 -1
0 37.423656 20.366364 20.976070 0.517490 0.315679 -1
0 37.423676 20.366390 28.976055 0.517490 0.364752 -1
0 37.423656 12.366386 20.976070 0.611820 0.315679 -1
0 37.423676 12.366367 28.976040 0.611820 0.364752 -1
0 37.423656 12.366386 20.976070 0.517490 0.315679 -1
0 37.423676 12.366367 28.976040 0.517490 0.364752 -1
0 35.183666 12.366379 20.976070 0.611820 0.315679 -1
0 35.183651 12.366367 28.976059 0.611820 0.364752 -1
0 35.183666 12.366379 20.976070 0.517490 0.315679 -1
0 35.183651 12.366367 28.976059 0.517490 0.364752 -1
0 35.183670 20.366364 20.976078 0.611820 0.315679 -1
0 35.183670 20.366390 28.976063 0.611820 0.364752 -1
0 35.183670 20.366364 20.976078 0.517490 0.364752 -1
0 37.423656 20.366364 20.976070 0.611820 0.364752 -1
0 35.183670 20.366390 28.976063 0.517490 0.315679 -1
0 37.423676 20.366390 28.976055 0.611820 0.315679 -1
0 -37.229080 41.495018 5.577211 0.611820 0.315679 -1
0 -34.989082 41.495018 11.191566 0.517490 0.364752 -1
0 -34.989086 41.495018 5.577230 0.517490 0.315679 -1
0 -37.229092 41.495018 11.191551 0.611820 0.364752 -1
0 -37.229122 24.439814 5.577227 0.611820 0.315679 -1
0 -37.229092 41.495018 11.191551 0.517490 0.364752 -1
0 -37.229080 41.495018 5.577211 0.517490 0.315679 -1
0 -37.229103 24.439852 11.191551 0.611820 0.364752 -1
0 -34.989075 24.439898 5.577206 0.611820 0.315679 -1
0 -37.229103 24.439852 11.191551 0.517490 0.364752 -1
0 -37.229122 24.439814 5.577227 0.517490 0.315679 -1
0 -34.989082 24.439875 11.191566 0.611820 0.364752 -1
0 -34.989086 41.495018 5.577230 0.611820 0.315679 -1
0 -34.989082 24.439875 11.191566 0.517490 0.364752 -1
0 -34.989075 24.439898 5.577206 0.517490 0.315679 -1
0 -34.989082 41.495018 11.191566 0.611820 0.364752 -1
0 -34.989086 41.495018 5.577230 0.517490 0.364752 -1
0 -37.229080 41.495018 5.577211 0.611820 0.364752 -1
0 -37.229092 41.495018 11.191551 0.611820 0.315679 -1
0 -34.989082 41.495018 11.191566 0.517490 0.315679 -1
0 5.114456 74.326538 20.995316 0.517490 0.315679 -1
0 5.114456 66.326569 20.995316 0.517490 0.364752 -1
0 2.874443 74.326538 20.995323 0.611820 0.315679 -1
0 2.874443 66.326569 20.995323 0.611820 0.364752 -1
0 2.874443 74.326538 20.995323 0.517490 0.315679 -1
0 2.874443 66.326569 20.995323 0.517490 0.364752 -1
0 2.874460 74.326538 28.995327 0.611820 0.315679 -1
0 2.874460 66.326569 28.995327 0.611820 0.364752 -1
0 2.874460 74.326538 28.995327 0.517490 0.315679 -1
0 2.874460 66.326569 28.995327 0.517490 0.364752 -1
0 5.114483 74.326538 28.995342 0.611820 0.315679 -1
0 5.114483 66.326569 28.995342 0.611820 0.364752 -1
0 5.114483 74.326538 28.995342 0.517490 0.315679 -1
0 5.114483 66.326569 28.995342 0.517490 0.364752 -1
0 5.114456 74.326538 20.995316 0.611820 0.315679 -1
0 5.114456 66.326569 20.995316 0.611820 0.364752 -1
0 5.114456 74.326538 20.995316 0.517490 0.364752 -1
0 2.874443 74.326538 20.995323 0.611820 0.364752 -1
0 5.114456 66.326569 20.995316 0.517490 0.315679 -1
0 2.874443 66.326569 20.995323 0.611820 0.315679 -1
0 5.094742 74.326538 6.054024 0.517490 0.315679 -1
0 5.094742 66.326569 6.054024 0.517490 0.364752 -1
0 2.854750 74.326538 6.054024 0.611820 0.315679 -1
0 2.854750 66.326569 6.054024 0.611820 0.364752 -1
0 2.854750 74.326538 6.054024 0.517490 0.315679 -1
0 2.854750 66.326569 6.054024 0.517490 0.364752 -1
0 2.854736 74.326538 14.054070 0.611820 0.315679 -1
0 2.854736 66.326569 14.054070 0.611820 0.364752 -1
0 2.854736 74.326538 14.054070 0.517490 0.315679 -1
0 2.854736 66.326569 14.054070 0.517490 0.364752 -1
0 5.094753 74.326538 14.054039 0.611820 0.315679 -1
0 5.094753 66.326569 14.054039 0.611820 0.364752 -1
0 5.094753 74.326538 14.054039 0.517490 0.315679 -1
0 5.094753 66.326569 14.054039 0.517490 0.364752 -1
0 5.094742 74.326538 6.054024 0.611820 0.315679 -1
0 5.094742 66.326569 6.054024 0.611820 0.364752 -1
0 5.094742 74.326538 6.054024 0.517490 0.364752 -1
0 2.854750 74.326538 6.054024 0.611820 0.364752 -1
0 5.094742 66.326569 6.054024 0.517490 0.315679 -1
0 2.854750 66.326569 6.054024 0.611820 0.315679 -1
0 17.252876 74.326538 2.462420 0.517490 0.315679 -1
0 17.252876 66.326569 2.462420 0.517490 0.364752 -1
0 17.252869 74.326538 0.222410 0.611820 0.315679 -1
0 17.252869 66.326569 0.222410 0.611820 0.364752 -1
0 17.252869 74.326538 0.222410 0.517490 0.315679 -1
0 17.252869 66.326569 0.222410 0.517490 0.364752 -1
0 9.252869 74.326538 0.222422 0.611820 0.315679 -1
0 9.252869 66.326569 0.222422 0.611820 0.364752 -1
0 9.252869 74.326538 0.222422 0.517490 0.315679 -1
0 9.252869 66.326569 0.222422 0.517490 0.364752 -1
0 9.252840 74.326538 2.462450 0.611820 0.315679 -1
0 9.252840 66.326569 2.462450 0.611820 0.364752 -1
0 9.252840 74.326538 2.462450 0.517490 0.315679 -1
0 9.252840 66.326569 2.462450 0.517490 0.364752 -1
0 17.252876 74.326538 2.462420 0.611820 0.315679 -1
0 17.252876 66.326569 2.462420 0.611820 0.364752 -1
0 17.252876 74.326538 2.462420 0.517490 0.364752 -1
0 17.252869 74.326538 0.222410 0.611820 0.364752 -1
0 17.252876 66.326569 2.462420 0.517490 0.315679 -1
0 17.252869 66.326569 0.222410 0.611820 0.315679 -1
0 32.194183 74.326538 2.442705 0.517490 0.315679 -1
0 32.194183 66.326569 2.442705 0.517490 0.364752 -1
0 32.194191 74.326538 0.202711 0.611820 0.315679 -1
0 32.194191 66.326569 0.202711 0.611820 0.364752 -1
0 32.194191 74.326538 0.202711 0.517490 0.315679 -1
0 32.194191 66.326569 0.202711 0.517490 0.364752 -1
0 24.194115 74.326538 0.202700 0.611820 0.315679 -1
0 24.194115 66.326569 0.202700 0.611820 0.364752 -1
0 24.194115 74.326538 0.202700 0.517490 0.315679 -1
0 24.194115 66.326569 0.202700 0.517490 0.364752 -1
0 24.194145 74.326538 2.442713 0.611820 0.315679 -1
0 24.194145 66.326569 2.442713 0.611820 0.364752 -1
0 24.194145 74.326538 2.442713 0.517490 0.315679 -1
0 24.194145 66.326569 2.442713 0.517490 0.364752 -1
0 32.194183 74.326538 2.442705 0.611820 0.315679 -1
0 32.194183 66.326569 2.442705 0.611820 0.364752 -1
0 32.194183 74.326538 2.442705 0.517490 0.364752 -1
0 32.194191 74.326538 0.202711 0.611820 0.364752 -1
0 32.194183 66.326569 2.442705 0.517490 0.315679 -1
0 32.194191 66.326569 0.202711 0.611820 0.315679 -1
0 -36.951591 41.479218 24.983601 0.611820 0.315679 -1
0 -34.851566 41.479218 30.624512 0.517490 0.364752 -1
0 -34.711941 41.479218 25.011044 0.517490 0.315679 -1
0 -37.091209 41.479218 30.597076 0.611820 0.364752 -1
0 -36.951607 24.424128 24.983589 0.611820 0.315679 -1
0 -37.091209 41.479218 30.597076 0.517490 0.364752 -1
0 -36.951591 41.479218 24.983601 0.517490 0.315679 -1
0 -37.091225 24.424150 30.597080 0.611820 0.364752 -1
0 -34.711937 24.424154 25.011036 0.611820 0.315679 -1
0 -37.091225 24.424150 30.597080 0.517490 0.364752 -1
0 -36.951607 24.424128 24.983589 0.517490 0.315679 -1
0 -34.851563 24.424150 30.624508 0.611820 0.364752 -1
0 -34.711941 41.479218 25.011044 0.611820 0.315679 -1
0 -34.851563 24.424150 30.624508 0.517490 0.364752 -1
0 -34.711937 24.424154 25.011036 0.517490 0.315679 -1
0 -34.851566 41.479218 30.624512 0.611820 0.364752 -1
0 -34.711941 41.479218 25.011044 0.517490 0.364752 -1
0 -36.951591 41.479218 24.983601 0.611820 0.364752 -1
0 -37.091209 41.479218 30.597076 0.611820 0.315679 -1
0 -34.851566 41.479218 30.624512 0.517490 0.315679 -1
0 -37.229080 41.495018 18.577211 0.611820 0.315679 -1
0 -34.989082 41.495018 24.191566 0.517490 0.364752 -1
0 -34.989086 41.495018 18.577230 0.517490 0.315679 -1
0 -37.229092 41.495018 24.191551 0.611820 0.364752 -1
0 -37.229122 24.439814 18.577227 0.611820 0.315679 -1
0 -37.229092 41.495018 24.191551 0.517490 0.364752 -1
0 -37.229080 41.495018 18.577211 0.517490 0.315679 -1
0 -37.229103 24.439852 24.191551 0.611820 0.364752 -1
0 -34.989075 24.439898 18.577206 0.611820 0.315679 -1
0 -37.229103 24.439852 24.191551 0.517490 0.364752 -1
0 -37.229122 24.439814 18.577227 0.517490 0.315679 -1
0 -34.989082 24.439875 24.191566 0.611820 0.364752 -1
0 -34.989086 41.495018 18.577230 0.611820 0.315679 -1
0 -34.989082 24.439875 24.191566 0.517490 0.364752 -1
0 -34.989075 24.439898 18.577206 0.517490 0.315679 -1
0 -34.989082 41.495018 24.191566 0.611820 0.364752 -1
0 -34.989086 41.495018 18.577230 0.517490 0.364752 -1
0 -37.229080 41.495018 18.577211 0.611820 0.364752 -1
0 -37.229092 41.495018 24.191551 0.611820 0.315679 -1
0 -34.989082 41.495018 24.191566 0.517490 0.315679 -1
0 -36.951591 41.473656 37.794708 0.611820 0.315679 -1
0 -34.851566 41.473656 43.435616 0.517490 0.364752 -1
0 -34.711941 41.473656 37.822151 0.517490 0.315679 -1
0 -37.091209 41.473656 43.408180 0.611820 0.364752 -1
0 -36.951607 24.418570 37.794693 0.611820 0.315679 -1
0 -37.091209 41.473656 43.408180 0.517490 0.364752 -1
0 -36.951591 41.473656 37.794708 0.517490 0.315679 -1
0 -37.091225 24.418592 43.408188 0.611820 0.364752 -1
0 -34.711937 24.418596 37.822144 0.611820 0.315679 -1
0 -37.091225 24.418592 43.408188 0.517490 0.364752 -1
0 -36.951607 24.418570 37.794693 0.517490 0.315679 -1
0 -34.851563 24.418592 43.435616 0.611820 0.364752 -1
0 -34.711941 41.473656 37.822151 0.611820 0.315679 -1
0 -34.851563 24.418592 43.435616 0.517490 0.364752 -1
0 -34.711937 24.418596 37.822144 0.517490 0.315679 -1
0 -34.851566 41.473656 43.435616 0.611820 0.364752 -1
0 -34.711941 41.473656 37.822151 0.517490 0.364752 -1
0 -36.951591 41.473656 37.794708 0.611820 0.364752 -1
0 -37.091209 41.473656 43.408180 0.611820 0.315679 -1
0 -34.851566 41.473656 43.435616 0.517490 0.315679 -1
0 -37.229080 41.489456 31.388319 0.611820 0.315679 -1
0 -34.989082 41.489456 37.002670 0.517490 0.364752 -1
0 -34.989086 41.489456 31.388338 0.517490 0.315679 -1
0 -37.229092 41.489456 37.002655 0.611820 0.364752 -1
0 -37.229122 24.434256 31.388334 0.611820 0.315679 -1
0 -37.229092 41.489456 37.002655 0.517490 0.364752 -1
0 -37.229080 41.489456 31.388319 0.517490 0.315679 -1
0 -37.229103 24.434294 37.002655 0.611820 0.364752 -1
0 -34.989075 24.434340 31.388313 0.611820 0.315679 -1
0 -37.229103 24.434294 37.002655 0.517490 0.364752 -1
0 -37.229122 24.434256 31.388334 0.517490 0.315679 -1
0 -34.989082 24.434317 37.002670 0.611820 0.364752 -1
0 -34.989086 41.489456 31.388338 0.611820 0.315679 -1
0 -34.989082 24.434317 37.002670 0.517490 0.364752 -1
0 -34.989075 24.434340 31.388313 0.517490 0.315679 -1
0 -34.989082 41.489456 37.002670 0.611820 0.364752 -1
0 -34.989086 41.489456 31.388338 0.517490 0.364752 -1
0 -37.229080 41.489456 31.388319 0.611820 0.364752 -1
0 -37.229092 41.489456 37.002655 0.611820 0.315679 -1
0 -34.989082 41.489456 37.002670 0.517490 0.315679 -1
171
0.000000 0.000000 1.000000
1.000000 0.000000 0.000000
0.000000 0.000000 -1.000000
-1.000000 0.000000 0.000000
0.000000 1.000000 0.000000
0.000000 -1.000000 0.000000
-1.000000 0.000000 0.000003
0.000000 0.000000 1.000000
1.000000 0.000000 -0.000003
0.000001 0.000000 -1.000000
-1.000000 0.000000 -0.000000
0.000000 0.000000 1.000000
1.000000 0.000000 0.000001
-0.000000 0.000000 -1.000000
-0.000001 0.000000 1.000000
1.000000 0.000000 -0.000003
-1.000000 0.000000 0.000003
0.000001 0.000000 1.000000
1.000000 0.000000 -0.000003
0.000002 0.000000 -1.000000
-1.000000 0.000000 -0.000000
-0.000001 0.000000 -1.000000
-0.000002 0.000000 1.000000
1.000000 0.000000 -0.000003
-0.000001 0.000000 -1.000000
-1.000000 0.000000 0.000003
1.000000 0.000000 -0.000003
0.000002 0.000000 -1.000000
-1.000000 0.000000 -0.000000
1.000000 0.000000 0.000001
1.000000 0.000000 -0.000003
1.000000 0.000000 0.000002
-0.000001 0.000000 -1.000000
0.000002 1.000000 0.000000
0.000000 0.000002 1.000000
0.000000 0.000002 1.000000
0.000000 0.000002 1.000000
-0.000001 -1.000000 -0.000010
-0.000000 -1.000000 -0.000007
0.000001 -1.000000 -0.000003
-0.000000 0.000001 -1.000000
0.000000 0.000001 -1.000000
0.000000 0.000001 -1.000000
1.000000 0.000001 0.000005
1.000000 0.000001 0.000003
0.017455 0.000000 0.999848
0.999848 0.000000 -0.017453
-0.017452 0.000000 -0.999848
-0.999848 0.000000 0.017453
0.017445 0.000000 0.999848
0.999848 0.000000 -0.017449
-0.017452 0.000000 -0.999848
-0.999848 0.000000 0.017453
-0.000000 1.000000 -0.000003
-0.000000 1.000000 -0.000003
-0.000000 1.000000 -0.000003
0.999848 0.000000 -0.017454
0.999848 -0.000000 -0.017454
0.999848 -0.000001 -0.017453
0.000003 -1.000000 -0.000002
0.000002 -1.000000 -0.000002
-0.000000 -1.000000 -0.000001
-0.999848 0.000001 0.017452
-0.999848 0.000001 0.017452
-0.999848 0.000001 0.017452
-0.017446 0.000000 -0.999848
-0.017446 0.000000 -0.999848
-0.017446 0.000000 -0.999848
0.017449 -0.000001 0.999848
0.017448 -0.000001 0.999848
0.017447 -0.000000 0.999848
-0.999691 0.000001 -0.024864
-0.999691 0.000001 -0.024864
-0.999691 0.000001 -0.024864
0.000006 -1.000000 0.000002
0.000012 -1.000000 0.000004
0.000000 -1.000000 -0.000001
0.999691 0.000000 0.024866
0.999691 0.000000 0.024866
0.999691 0.000000 0.024866
0.012253 0.000001 -0.999925
0.012254 0.000000 -0.999925
0.012252 0.000001 -0.999925
-0.012247 0.000000 0.999925
-0.012249 -0.000000 0.999925
-0.012245 0.000000 0.999925
0.017456 0.000000 0.999848
0.999848 0.000000 -0.017454
-0.017439 0.000000 -0.999848
-0.999848 0.000000 0.017452
0.017459 0.000000 0.999848
0.999848 0.000000 -0.017450
-0.017457 0.000000 -0.999848
-0.999848 0.000000 0.017455
-0.000000 1.000000 -0.000003
-0.000000 1.000000 -0.000003
-0.000000 1.000000 -0.000003
1.000000 0.000000 -0.000002
1.000000 0.000000 -0.000002
1.000000 0.000000 -0.000002
0.000003 -1.000000 -0.000002
0.000002 -1.000000 -0.000002
-0.000000 -1.000000 -0.000001
-1.000000 0.000000 -0.000002
-1.000000 0.000001 -0.000001
-1.000000 0.000002 -0.000000
-0.000000 0.000001 -1.000000
-0.000002 0.000000 -1.000000
-0.000003 0.000000 -1.000000
0.000003 -0.000000 1.000000
0.000006 -0.000001 1.000000
0.000009 -0.000002 1.000000
-1.000000 0.000002 0.000001
-1.000000 0.000002 -0.000002
-1.000000 0.000001 0.000003
0.000024 -1.000000 0.000001
0.000037 -1.000000 0.000007
0.000010 -1.000000 -0.000004
1.000000 0.000000 0.000000
1.000000 0.000001 0.000001
1.000000 0.000000 -0.000001
-0.000000 0.000000 -1.000000
-0.000009 0.000001 -1.000000
0.000009 -0.000001 -1.000000
-0.000007 0.000000 1.000000
-0.000007 0.000000 1.000000
-0.000007 0.000000 1.000000
-0.000003 0.000000 -1.000000
-1.000000 0.000000 0.000002
-0.000007 0.000000 1.000000
1.000000 0.000000 -0.000003
-1.000000 0.000000 -0.000002
0.000014 0.000000 1.000000
1.000000 0.000000 -0.000001
1.000000 0.000000 -0.000003
-0.000002 0.000000 -1.000000
-1.000000 0.000000 -0.000013
0.000004 0.000000 1.000000
1.000000 0.000000 0.000003
0.000001 0.000000 -1.000000
-1.000000 0.000000 0.000014
0.000001 0.000000 1.000000
-0.999691 0.000001 -0.024864
-0.999691 0.000001 -0.024864
-0.999691 0.000001 -0.024864
0.000006 -1.000000 0.000002
0.000012 -1.000000 0.000004
0.999691 0.000000 0.024866
0.999691 0.000000 0.024866
0.999691 0.000000 0.024866
0.012254 0.000001 -0.999925
0.012256 0.000000 -0.999925
0.012252 0.000001 -0.999925
-0.012247 0.000000 0.999925
-0.012249 -0.000000 0.999925
-0.012245 0.000000 0.999925
-1.000000 0.000002 0.000001
-1.000000 0.000002 -0.000002
-1.000000 0.000001 0.000003
0.000024 -1.000000 0.000001
0.000037 -1.000000 0.000007
0.000010 -1.000000 -0.000004
1.000000 0.000000 0.000000
1.000000 0.000001 0.000001
1.000000 0.000000 -0.000001
-0.000000 0.000000 -1.000000
-0.000009 0.000001 -1.000000
0.000009 -0.000001 -1.000000
-0.000007 0.000000 1.000000
-0.000007 0.000000 1.000000
-0.000007 0.000000 1.000000
432
0 0 1 2 0 0 0 1
0 1 3 2 0 0 0 1
0 4 5 6 1 1 1 2
0 5 7 6 1 1 1 2
0 8 9 10 2 2 2 1
0 9 11 10 2 2 2 1
0 12 13 14 3 3 3 2
0 13 15 14 3 3 3 2
0 12 16 6 4 4 4 3
0 16 17 6 4 4 4 3
0 18 13 19 5 5 5 3
0 13 7 19 5 5 5 3
0 20 21 22 0 0 0 1
0 21 23 22 0 0 0 1
0 24 25 26 1 1 1 2
0 25 27 26 1 1 1 2
0 28 29 30 2 2 2 1
0 29 31 30 2 2 2 1
0 32 33 34 3 3 3 2
0 33 35 34 3 3 3 2
0 32 36 26 4 4 4 3
0 36 37 26 4 4 4 3
0 38 33 39 5 5 5 3
0 33 27 39 5 5 5 3
0 40 41 42 0 0 0 1
0 41 43 42 0 0 0 1
0 44 45 46 1 1 1 2
0 45 47 46 1 1 1 2
0 48 49 50 2 2 2 1
0 49 51 50 2 2 2 1
0 52 53 54 3 3 3 2
0 53 55 54 3 3 3 2
0 52 56 46 4 4 4 3
0 56 57 46 4 4 4 3
0 58 53 59 5 5 5 3
0 53 47 59 5 5 5 3
0 60 61 62 0 0 0 1
0 61 63 62 0 0 0 1
0 64 65 66 1 1 1 2
0 65 67 66 1 1 1 2
0 68 69 70 2 2 2 1
0 69 71 70 2 2 2 1
0 72 73 74 3 3 3 2
0 73 75 74 3 3 3 2
0 72 76 66 4 4 4 3
0 76 77 66 4 4 4 3
0 78 73 79 5 5 5 3
0 73 67 79 5 5 5 3
0 80 81 82 0 0 0 1
0 81 83 82 0 0 0 1
0 84 85 86 1 1 1 2
0 85 87 86 1 1 1 2
0 88 89 90 2 2 2 1
0 89 91 90 2 2 2 1
0 92 93 94 3 3 3 2
0 93 95 94 3 3 3 2
0 92 96 86 4 4 4 3
0 96 97 86 4 4 4 3
0 98 93 99 5 5 5 3
0 93 87 99 5 5 5 3
0 100 101 102 0 0 0 1
0 101 103 102 0 0 0 1
0 104 105 106 1 1 1 2
0 105 107 106 1 1 1 2
0 108 109 110 2 2 2 1
0 109 111 110 2 2 2 1
0 112 113 114 3 3 3 2
0 113 115 114 3 3 3 2
0 112 116 106 4 4 4 3
0 116 117 106 4 4 4 3
0 118 113 119 5 5 5 3
0 113 107 119 5 5 5 3
0 120 121 122 6 6 6 1
0 121 123 122 6 6 6 1
0 124 125 126 7 7 7 2
0 125 127 126 7 7 7 2
0 128 129 130 8 8 8 1
0 129 131 130 8 8 8 1
0 132 133 134 9 9 9 2
0 133 135 134 9 9 9 2
0 132 136 126 4 4 4 3
0 136 137 126 4 4 4 3
0 138 133 139 5 5 5 3
0 133 127 139 5 5 5 3
0 140 141 142 10 10 10 1
0 141 143 142 10 10 10 1
0 144 145 146 11 11 11 2
0 145 147 146 11 11 11 2
0 148 149 150 12 12 12 1
0 149 151 150 12 12 12 1
0 152 153 154 13 13 13 2
0 153 155 154 13 13 13 2
0 152 156 146 4 4 4 3
0 156 157 146 4 4 4 3
0 158 153 159 5 5 5 3
0 153 147 159 5 5 5 3
0 160 161 162 3 3 3 1
0 161 163 162 3 3 3 1
0 164 165 166 14 14 14 2
0 165 167 166 14 14 14 2
0 168 169 170 15 15 15 1
0 169 171 170 15 15 15 1
0 172 173 174 2 2 2 2
0 173 175 174 2 2 2 2
0 172 176 166 4 4 4 3
0 176 177 166 4 4 4 3
0 178 173 179 5 5 5 3
0 173 167 179 5 5 5 3
0 180 181 182 16 16 16 1
0 181 183 182 16 16 16 1
0 184 185 186 17 17 17 2
0 185 187 186 17 17 17 2
0 188 189 190 18 18 18 1
0 189 191 190 18 18 18 1
0 192 193 194 19 19 19 2
0 193 195 194 19 19 19 2
0 192 196 186 4 4 4 3
0 196 197 186 4 4 4 3
0 198 193 199 5 5 5 3
0 193 187 199 5 5 5 3
0 200 201 202 20 20 20 1
0 201 203 202 20 20 20 1
0 204 205 206 0 0 0 2
0 205 207 206 0 0 0 2
0 208 209 210 12 12 12 1
0 209 211 210 12 12 12 1
0 212 213 214 21 21 21 2
0 213 215 214 21 21 21 2
0 212 216 206 4 4 4 3
0 216 217 206 4 4 4 3
0 218 213 219 5 5 5 3
0 213 207 219 5 5 5 3
0 220 221 222 3 3 3 1
0 221 223 222 3 3 3 1
0 224 225 226 22 22 22 2
0 225 227 226 22 22 22 2
0 228 229 230 23 23 23 1
0 229 231 230 23 23 23 1
0 232 233 234 24 24 24 2
0 233 235 234 24 24 24 2
0 232 236 226 4 4 4 3
0 236 237 226 4 4 4 3
0 238 233 239 5 5 5 3
0 233 227 239 5 5 5 3
0 240 241 242 25 25 25 1
0 241 243 242 25 25 25 1
0 244 245 246 17 17 17 2
0 245 247 246 17 17 17 2
0 248 249 250 26 26 26 1
0 249 251 250 26 26 26 1
0 252 253 254 27 27 27 2
0 253 255 254 27 27 27 2
0 252 256 246 4 4 4 3
0 256 257 246 4 4 4 3
0 258 253 259 5 5 5 3
0 253 247 259 5 5 5 3
0 260 261 262 28 28 28 1
0 261 263 262 28 28 28 1
0 264 265 266 0 0 0 2
0 265 267 266 0 0 0 2
0 268 269 270 29 29 29 1
0 269 271 270 29 29 29 1
0 272 273 274 21 21 21 2
0 273 275 274 21 21 21 2
0 272 276 266 4 4 4 3
0 276 277 266 4 4 4 3
0 278 273 279 5 5 5 3
0 273 267 279 5 5 5 3
0 280 281 282 3 3 3 1
0 281 283 282 3 3 3 1
0 284 285 286 22 22 22 2
0 285 287 286 22 22 22 2
0 288 289 290 30 30 30 1
0 289 291 290 30 30 30 1
0 292 293 294 24 24 24 2
0 293 295 294 24 24 24 2
0 292 296 286 4 4 4 3
0 296 297 286 4 4 4 3
0 298 293 299 5 5 5 3
0 293 287 299 5 5 5 3
0 300 301 302 3 3 3 1
0 301 303 302 3 3 3 1
0 304 305 306 0 0 0 2
0 305 307 306 0 0 0 2
0 308 309 310 31 31 31 1
0 309 311 310 31 31 31 1
0 312 313 314 32 32 32 2
0 313 315 314 32 32 32 2
0 312 316 306 4 4 4 3
0 316 317 306 4 4 4 3
0 318 313 319 5 5 5 3
0 313 307 319 5 5 5 3
0 320 321 322 3 3 3 1
0 321 323 322 3 3 3 1
0 324 325 326 22 22 22 2
0 325 327 326 22 22 22 2
0 328 329 330 30 30 30 1
0 329 331 330 30 30 30 1
0 332 333 334 24 24 24 2
0 333 335 334 24 24 24 2
0 332 336 326 4 4 4 3
0 336 337 326 4 4 4 3
0 338 333 339 5 5 5 3
0 333 327 339 5 5 5 3
0 340 341 342 33 33 33 1
0 341 343 342 33 33 33 1
0 344 345 346 34 35 35 2
0 345 347 346 35 36 35 2
0 348 349 350 37 38 38 1
0 349 351 350 38 39 38 1
0 352 353 354 40 41 41 2
0 353 355 354 41 42 41 2
0 352 356 346 43 44 44 3
0 356 357 346 44 1 44 3
0 358 353 359 3 3 3 3
0 353 347 359 3 3 3 3
0 360 361 362 3 3 3 1
0 361 363 362 3 3 3 1
0 364 365 366 0 0 0 2
0 365 367 366 0 0 0 2
0 368 369 370 31 31 31 1
0 369 371 370 31 31 31 1
0 372 373 374 32 32 32 2
0 373 375 374 32 32 32 2
0 372 376 366 4 4 4 3
0 376 377 366 4 4 4 3
0 378 373 379 5 5 5 3
0 373 367 379 5 5 5 3
0 380 381 382 3 3 3 1
0 381 383 382 3 3 3 1
0 384 385 386 22 22 22 2
0 385 387 386 22 22 22 2
0 388 389 390 30 30 30 1
0 389 391 390 30 30 30 1
0 392 393 394 24 24 24 2
0 393 395 394 24 24 24 2
0 392 396 386 4 4 4 3
0 396 397 386 4 4 4 3
0 398 393 399 5 5 5 3
0 393 387 399 5 5 5 3
0 400 401 402 45 45 45 1
0 401 403 402 45 45 45 1
0 404 405 406 46 46 46 2
0 405 407 406 46 46 46 2
0 408 409 410 47 47 47 1
0 409 411 410 47 47 47 1
0 412 413 414 48 48 48 2
0 413 415 414 48 48 48 2
0 412 416 406 4 4 4 3
0 416 417 406 4 4 4 3
0 418 413 419 5 5 5 3
0 413 407 419 5 5 5 3
0 420 421 422 49 49 49 1
0 421 423 422 49 49 49 1
0 424 425 426 50 50 50 2
0 425 427 426 50 50 50 2
0 428 429 430 51 51 51 1
0 429 431 430 51 51 51 1
0 432 433 434 52 52 52 2
0 433 435 434 52 52 52 2
0 432 436 426 4 4 4 3
0 436 437 426 4 4 4 3
0 438 433 439 5 5 5 3
0 433 427 439 5 5 5 3
0 440 441 442 53 54 54 1
0 441 443 442 54 55 54 1
0 444 445 446 56 57 57 2
0 445 447 446 57 58 57 2
0 448 449 450 59 60 60 1
0 449 451 450 60 61 60 1
0 452 453 454 62 63 63 2
0 453 455 454 63 64 63 2
0 452 456 446 65 66 66 3
0 456 457 446 66 67 66 3
0 458 453 459 68 69 69 3
0 453 447 459 69 70 69 3
0 460 461 462 4 4 4 1
0 460 463 461 4 4 4 1
0 464 465 466 71 71 72 2
0 464 467 465 71 73 71 2
0 468 469 470 74 74 75 1
0 468 471 469 74 76 74 1
0 472 473 474 77 77 78 2
0 472 475 473 77 79 77 2
0 464 476 474 80 80 81 3
0 464 477 476 80 82 80 3
0 478 473 479 83 83 84 3
0 478 467 473 83 85 83 3
0 480 481 482 86 86 86 1
0 481 483 482 86 86 86 1
0 484 485 486 87 87 87 2
0 485 487 486 87 87 87 2
0 488 489 490 88 88 88 1
0 489 491 490 88 88 88 1
0 492 493 494 89 89 89 2
0 493 495 494 89 89 89 2
0 492 496 486 4 4 4 3
0 496 497 486 4 4 4 3
0 498 493 499 5 5 5 3
0 493 487 499 5 5 5 3
0 500 501 502 90 90 90 1
0 501 503 502 90 90 90 1
0 504 505 506 91 91 91 2
0 505 507 506 91 91 91 2
0 508 509 510 92 92 92 1
0 509 511 510 92 92 92 1
0 512 513 514 93 93 93 2
0 513 515 514 93 93 93 2
0 512 516 506 4 4 4 3
0 516 517 506 4 4 4 3
0 518 513 519 5 5 5 3
0 513 507 519 5 5 5 3
0 520 521 522 94 95 95 1
0 521 523 522 95 96 95 1
0 524 525 526 97 98 98 2
0 525 527 526 98 99 98 2
0 528 529 530 100 101 101 1
0 529 531 530 101 102 101 1
0 532 533 534 103 104 104 2
0 533 535 534 104 105 104 2
0 532 536 526 106 107 107 3
0 536 537 526 107 108 107 3
0 538 533 539 109 110 110 3
0 533 527 539 110 111 110 3
0 540 541 542 4 4 4 1
0 540 543 541 4 4 4 1
0 544 545 546 112 112 113 2
0 544 547 545 112 114 112 2
0 548 549 550 115 115 116 1
0 548 551 549 115 117 115 1
0 552 553 554 118 118 119 2
0 552 555 553 118 120 118 2
0 544 556 554 121 121 122 3
0 544 557 556 121 123 121 3
0 558 553 559 124 124 125 3
0 558 547 553 124 126 124 3
0 560 561 562 127 127 127 1
0 561 563 562 127 127 127 1
0 564 565 566 128 128 128 2
0 565 567 566 128 128 128 2
0 568 569 570 129 129 129 1
0 569 571 570 129 129 129 1
0 572 573 574 130 130 130 2
0 573 575 574 130 130 130 2
0 572 576 566 4 4 4 3
0 576 577 566 4 4 4 3
0 578 573 579 5 5 5 3
0 573 567 579 5 5 5 3
0 580 581 582 2 2 2 1
0 581 583 582 2 2 2 1
0 584 585 586 131 131 131 2
0 585 587 586 131 131 131 2
0 588 589 590 132 132 132 1
0 589 591 590 132 132 132 1
0 592 593 594 133 133 133 2
0 593 595 594 133 133 133 2
0 592 596 586 4 4 4 3
0 596 597 586 4 4 4 3
0 598 593 599 5 5 5 3
0 593 587 599 5 5 5 3
0 600 601 602 134 134 134 1
0 601 603 602 134 134 134 1
0 604 605 606 135 135 135 2
0 605 607 606 135 135 135 2
0 608 609 610 136 136 136 1
0 609 611 610 136 136 136 1
0 612 613 614 137 137 137 2
0 613 615 614 137 137 137 2
0 612 616 606 4 4 4 3
0 616 617 606 4 4 4 3
0 618 613 619 5 5 5 3
0 613 607 619 5 5 5 3
0 620 621 622 138 138 138 1
0 621 623 622 138 138 138 1
0 624 625 626 139 139 139 2
0 625 627 626 139 139 139 2
0 628 629 630 140 140 140 1
0 629 631 630 140 140 140 1
0 632 633 634 141 141 141 2
0 633 635 634 141 141 141 2
0 632 636 626 4 4 4 3
0 636 637 626 4 4 4 3
0 638 633 639 5 5 5 3
0 633 627 639 5 5 5 3
0 640 641 642 4 4 4 1
0 640 643 641 4 4 4 1
0 644 645 646 71 71 72 2
0 644 647 645 71 73 71 2
0 648 649 650 74 74 75 1
0 648 651 649 74 76 74 1
0 652 653 654 77 77 78 2
0 652 655 653 77 79 77 2
0 644 656 654 80 80 81 3
0 644 657 656 80 82 80 3
0 658 653 659 83 83 84 3
0 658 647 653 83 85 83 3
0 660 661 662 4 4 4 1
0 660 663 661 4 4 4 1
0 664 665 666 112 112 113 2
0 664 667 665 112 114 112 2
0 668 669 670 115 115 116 1
0 668 671 669 115 117 115 1
0 672 673 674 118 118 119 2
0 672 675 673 118 120 118 2
0 664 676 674 121 121 122 3
0 664 677 676 121 123 121 3
0 678 673 679 124 124 125 3
0 678 667 673 124 126 124 3
0 680 681 682 4 4 4 1
0 680 683 681 4 4 4 1
0 684 685 686 142 142 143 2
0 684 687 685 142 144 142 2
0 688 689 690 145 145 146 1
0 688 691 689 145 76 145 1
0 692 693 694 147 147 148 2
0 692 695 693 147 149 147 2
0 684 696 694 150 150 151 3
0 684 697 696 150 152 150 3
0 698 693 699 153 153 154 3
0 698 687 693 153 155 153 3
0 700 701 702 4 4 4 1
0 700 703 701 4 4 4 1
0 704 705 706 156 156 157 2
0 704 707 705 156 158 156 2
0 708 709 710 159 159 160 1
0 708 711 709 159 161 159 1
0 712 713 714 162 162 163 2
0 712 715 713 162 164 162 2
0 704 716 714 165 165 166 3
0 704 717 716 165 167 165 3
0 718 713 719 168 168 169 3
0 718 707 713 168 170 168 3

Materials: 3
"windows"
0.800000 0.800000 0.800000 1.000000
0.800000 0.800000 0.800000 1.000000
0.000000 0.000000 0.000000 1.000000
0.000000 0.000000 0.000000 1.000000
0.000000
1.000000
".\builds1.bmp"
""
"stacks"
0.800000 0.800000 0.800000 1.000000
0.800000 0.800000 0.800000 1.000000
0.000000 0.000000 0.000000 1.000000
0.000000 0.000000 0.000000 1.000000
0.000000
1.000000
".\builds1.bmp"
""
"dingy"
0.800000 0.800000 0.800000 1.000000
0.800000 0.800000 0.800000 1.000000
0.000000 0.000000 0.000000 1.000000
0.000000 0.000000 0.000000 1.000000
0.000000
1.000000
".\builds1.bmp"
""

Bones: 0
GroupComments: 0
MaterialComments: 0
BoneComments: 0
ModelComment: 0
