// MilkShape 3D ASCII

Frames: 30
Frame: 1

Meshes: 1
"hospitl" 0 0
256
1 -41.937626 53.301739 47.878918 0.365298 0.003019 -1
1 -41.937626 -0.142432 47.878918 0.364907 0.327416 -1
1 41.950558 53.301739 47.878918 0.530815 0.006900 -1
1 41.950558 -0.142432 47.878918 0.530429 0.324178 -1
1 41.950558 53.301739 47.878918 0.360022 0.036331 -1
1 41.950558 -0.142432 47.878918 0.360022 0.365466 -1
1 41.950558 53.301739 -49.621094 0.538387 0.040026 -1
1 41.950558 -0.142432 -49.621094 0.537606 0.351403 -1
1 41.950558 53.301739 -49.621094 0.530815 0.006900 -1
1 41.950558 -0.142432 -49.621094 0.530429 0.324178 -1
1 -41.937626 53.301739 -49.621094 0.365298 0.003019 -1
1 -41.937626 -0.142432 -49.621094 0.364907 0.327416 -1
1 -41.937626 53.301739 -49.621094 0.538387 0.040026 -1
1 -41.937626 -0.142432 -49.621094 0.537606 0.351403 -1
1 -41.937626 53.301739 47.878918 0.360022 0.036331 -1
1 -41.937626 -0.142432 47.878918 0.360022 0.365466 -1
1 -41.937626 53.301739 -49.621094 0.858199 0.006807 -1
1 -41.937626 53.301739 47.878918 1.000143 0.006897 -1
1 41.950558 53.301739 -49.621094 0.858165 0.361028 -1
1 41.950558 53.301739 47.878918 1.000111 0.361119 -1
1 -41.937626 -0.142432 47.878918 0.451206 0.500843 -1
1 -41.937626 -0.142432 -49.621094 0.451206 0.397569 -1
1 41.950558 -0.142432 47.878918 0.514498 0.500843 -1
1 41.950558 -0.142432 -49.621094 0.514498 0.397569 -1
1 -23.679613 66.070076 55.586964 0.547597 0.001041 -1
1 -23.679613 -0.178370 55.586964 0.547597 0.382103 -1
1 23.692535 66.070076 55.586964 0.732380 0.001041 -1
1 23.692535 -0.178370 55.586964 0.732380 0.382103 -1
1 23.692535 66.070076 55.586964 0.736703 0.205515 -1
1 23.692535 -0.178370 55.586964 0.736703 0.407727 -1
1 23.692535 66.070076 39.836124 0.730649 0.205515 -1
1 23.692535 -0.178370 39.836124 0.730649 0.407727 -1
1 23.692535 66.070076 39.836124 0.796557 0.452698 -1
1 23.692535 -0.178370 39.836124 0.796278 0.192375 -1
1 -23.679613 66.070076 39.836124 0.734963 0.452738 -1
1 -23.679613 -0.178370 39.836124 0.734684 0.192414 -1
1 -23.679613 66.070076 39.836124 0.731209 0.211662 -1
1 -23.679613 -0.178370 39.836124 0.731209 0.428296 -1
1 -23.679613 66.070076 55.586964 0.737069 0.211662 -1
1 -23.679613 -0.178370 55.586964 0.737069 0.428296 -1
1 -23.679613 66.070076 39.836124 0.823492 0.203412 -1
1 -23.679613 66.070076 55.586964 0.823492 0.217100 -1
1 23.692535 66.070076 39.836124 0.838499 0.203412 -1
1 23.692535 66.070076 55.586964 0.838499 0.217100 -1
1 -23.679613 -0.178370 55.586964 0.459381 0.413706 -1
1 -23.679613 -0.178370 39.836124 0.459381 0.494768 -1
1 23.692535 -0.178370 55.586964 0.511272 0.413706 -1
1 23.692535 -0.178370 39.836124 0.511272 0.494768 -1
1 -47.936821 58.867783 54.777485 0.779500 0.206218 -1
1 -47.936821 -0.144889 54.777485 0.779500 0.449300 -1
1 -35.938454 58.867783 54.777485 0.809414 0.206218 -1
1 -35.938454 -0.144889 54.777485 0.809414 0.449300 -1
1 -35.938454 58.867783 54.777485 0.840138 0.204911 -1
1 -35.938454 -0.144889 54.777485 0.840138 0.448593 -1
1 -35.938454 58.867783 40.982899 0.807306 0.204911 -1
1 -35.938454 -0.144889 40.982899 0.807306 0.448593 -1
1 -35.938454 58.867783 40.982899 0.793582 0.205903 -1
1 -35.938454 -0.144889 40.982899 0.793582 0.448686 -1
1 -47.936821 58.867783 40.982899 0.824737 0.205903 -1
1 -47.936821 -0.144889 40.982899 0.824737 0.448686 -1
1 -47.936821 58.867783 40.982899 0.749081 0.203972 -1
1 -47.936821 -0.144889 40.982899 0.749081 0.449311 -1
1 -47.936821 58.867783 54.777485 0.781799 0.203972 -1
1 -47.936821 -0.144889 54.777485 0.781799 0.449311 -1
1 -47.936821 58.867783 40.982899 0.823470 0.261067 -1
1 -47.936821 58.867783 54.777485 0.823470 0.268625 -1
1 -35.938454 58.867783 40.982899 0.838306 0.261067 -1
1 -35.938454 58.867783 54.777485 0.838306 0.268625 -1
1 -47.936821 -0.144889 54.777485 0.358529 0.665134 -1
1 -47.936821 -0.144889 40.982899 0.358529 0.665134 -1
1 -35.938454 -0.144889 54.777485 0.379661 0.665134 -1
1 -35.938454 -0.144889 40.982899 0.379661 0.665134 -1
1 35.951366 58.867783 54.777485 0.779666 0.204656 -1
1 47.949764 -0.144889 54.777485 0.809581 0.447738 -1
1 47.949764 58.867783 54.777485 0.809581 0.204656 -1
1 35.951366 -0.144889 54.777485 0.779666 0.447738 -1
1 35.951366 58.867783 40.982899 0.749081 0.203972 -1
1 35.951366 -0.144889 54.777485 0.781799 0.449311 -1
1 35.951366 58.867783 54.777485 0.781799 0.203972 -1
1 35.951366 -0.144889 40.982899 0.749081 0.449311 -1
1 47.949764 58.867783 40.982899 0.793727 0.205903 -1
1 35.951366 -0.144889 40.982899 0.824881 0.448686 -1
1 35.951366 58.867783 40.982899 0.824881 0.205903 -1
1 47.949764 -0.144889 40.982899 0.793727 0.448686 -1
1 47.949764 58.867783 54.777485 0.840138 0.204911 -1
1 47.949764 -0.144889 40.982899 0.807306 0.448593 -1
1 47.949764 58.867783 40.982899 0.807306 0.204911 -1
1 47.949764 -0.144889 54.777485 0.840138 0.448593 -1
1 35.951366 58.867783 40.982899 0.823360 0.261078 -1
1 47.949764 58.867783 54.777485 0.838445 0.268446 -1
1 47.949764 58.867783 40.982899 0.838445 0.261078 -1
1 35.951366 58.867783 54.777485 0.823360 0.268446 -1
1 35.951366 -0.144889 54.777485 0.358198 0.665134 -1
1 47.949764 -0.144889 40.982899 0.379330 0.665134 -1
1 47.949764 -0.144889 54.777485 0.379330 0.665134 -1
1 35.951366 -0.144889 40.982899 0.358198 0.665134 -1
1 47.949764 58.867783 -56.528061 0.793727 0.205903 -1
1 47.949764 -0.144889 -56.528061 0.793727 0.448686 -1
1 35.951366 58.867783 -56.528061 0.824881 0.205903 -1
1 35.951366 -0.144889 -56.528061 0.824881 0.448686 -1
1 35.951366 58.867783 -56.528061 0.779878 0.204152 -1
1 35.951366 -0.144889 -56.528061 0.779878 0.443427 -1
1 35.951366 58.867783 -42.733498 0.809953 0.204152 -1
1 35.951366 -0.144889 -42.733498 0.809953 0.443427 -1
1 35.951366 58.867783 -42.733498 0.779666 0.204656 -1
1 35.951366 -0.144889 -42.733498 0.779666 0.447738 -1
1 47.949764 58.867783 -42.733498 0.809581 0.204656 -1
1 47.949764 -0.144889 -42.733498 0.809581 0.447738 -1
1 47.949764 58.867783 -42.733498 0.825333 0.205675 -1
1 47.949764 -0.144889 -42.733498 0.825333 0.448261 -1
1 47.949764 58.867783 -56.528061 0.793790 0.205675 -1
1 47.949764 -0.144889 -56.528061 0.793790 0.448261 -1
1 47.949764 58.867783 -42.733498 0.838632 0.268644 -1
1 47.949764 58.867783 -56.528061 0.838632 0.261038 -1
1 35.951366 58.867783 -42.733498 0.823371 0.268644 -1
1 35.951366 58.867783 -56.528061 0.823371 0.261038 -1
1 47.949764 -0.144889 -56.528061 0.379330 0.665134 -1
1 47.949764 -0.144889 -42.733498 0.379330 0.665134 -1
1 35.951366 -0.144889 -56.528061 0.358198 0.665134 -1
1 35.951366 -0.144889 -42.733498 0.358198 0.665134 -1
1 -35.937698 58.867783 -56.528061 0.793580 0.205903 -1
1 -47.936092 -0.144889 -56.528061 0.824735 0.448686 -1
1 -47.936092 58.867783 -56.528061 0.824735 0.205903 -1
1 -35.937698 -0.144889 -56.528061 0.793580 0.448686 -1
1 -35.937698 58.867783 -42.733498 0.825333 0.205675 -1
1 -35.937698 -0.144889 -56.528061 0.793790 0.448261 -1
1 -35.937698 58.867783 -56.528061 0.793790 0.205675 -1
1 -35.937698 -0.144889 -42.733498 0.825333 0.448261 -1
1 -47.936092 58.867783 -42.733498 0.779502 0.206218 -1
1 -35.937698 -0.144889 -42.733498 0.809415 0.449300 -1
1 -35.937698 58.867783 -42.733498 0.809415 0.206218 -1
1 -47.936092 -0.144889 -42.733498 0.779502 0.449300 -1
1 -47.936092 58.867783 -56.528061 0.779878 0.204152 -1
1 -47.936092 -0.144889 -42.733498 0.809953 0.443427 -1
1 -47.936092 58.867783 -42.733498 0.809953 0.204152 -1
1 -47.936092 -0.144889 -56.528061 0.779878 0.443427 -1
1 -35.937698 58.867783 -42.733498 0.838430 0.268440 -1
1 -47.936092 58.867783 -56.528061 0.823610 0.261129 -1
1 -47.936092 58.867783 -42.733498 0.823610 0.268440 -1
1 -35.937698 58.867783 -56.528061 0.838430 0.261129 -1
1 -35.937698 -0.144889 -56.528061 0.379663 0.665134 -1
1 -47.936092 -0.144889 -42.733498 0.358531 0.665134 -1
1 -47.936092 -0.144889 -56.528061 0.358531 0.665134 -1
1 -35.937698 -0.144889 -42.733498 0.379663 0.665134 -1
1 -1.907256 56.262188 56.509174 0.008003 0.964565 -1
1 -1.907256 43.132751 56.509174 0.008003 0.994185 -1
1 0.685942 56.262188 56.509174 0.012527 0.964565 -1
1 0.685942 43.132751 56.509174 0.012527 0.994185 -1
1 0.685942 56.262188 55.349312 0.012527 0.964565 -1
1 0.685942 43.132751 55.349312 0.012527 0.994185 -1
1 -1.907256 56.262188 55.349312 0.008003 0.964565 -1
1 -1.907256 43.132751 55.349312 0.008003 0.994185 -1
1 3.601699 51.784897 56.509174 0.017222 0.974560 -1
1 -4.823016 51.784897 56.509174 0.003307 0.974560 -1
1 3.601702 48.380363 56.509174 0.017222 0.984189 -1
1 -4.823016 48.380363 56.509174 0.003307 0.984190 -1
1 3.601702 48.380363 55.349312 0.017222 0.984189 -1
1 -4.823016 48.380363 55.349312 0.003307 0.984190 -1
1 3.601699 51.784897 55.349312 0.017222 0.974560 -1
1 -4.823016 51.784897 55.349312 0.003307 0.974560 -1
1 -44.593716 44.644844 51.225014 0.843470 0.427162 -1
1 -44.593716 38.799393 51.225014 0.843470 0.431938 -1
1 44.607395 44.644844 51.225014 0.744882 0.427162 -1
1 44.607395 38.799393 51.225014 0.744882 0.431938 -1
1 44.607395 44.644844 51.225014 0.751153 0.430203 -1
1 44.607395 38.799393 51.225014 0.751153 0.433676 -1
1 44.607395 44.644844 -52.449997 0.842356 0.430203 -1
1 44.607395 38.799393 -52.449997 0.842356 0.433676 -1
1 44.607395 44.644844 -52.449997 0.745005 0.429146 -1
1 44.607395 38.799393 -52.449997 0.745005 0.432182 -1
1 -44.593716 44.644844 -52.449997 0.843328 0.429146 -1
1 -44.593716 38.799393 -52.449997 0.843328 0.432182 -1
1 -44.593716 44.644844 -52.449997 0.829861 0.428609 -1
1 -44.593716 38.799393 -52.449997 0.829861 0.431503 -1
1 -44.593716 44.644844 51.225014 0.750311 0.428609 -1
1 -44.593716 38.799393 51.225014 0.750311 0.431503 -1
1 -44.593716 44.644844 -52.449997 0.667902 0.379542 -1
1 -44.593716 44.644844 51.225014 0.667902 0.530667 -1
1 44.607395 44.644844 -52.449997 0.672863 0.379542 -1
1 44.607395 44.644844 51.225014 0.672863 0.530667 -1
1 -44.593716 38.799393 51.225014 0.449202 0.504388 -1
1 -44.593716 38.799393 -52.449997 0.449202 0.394573 -1
1 44.607395 38.799393 51.225014 0.516504 0.504388 -1
1 44.607395 38.799393 -52.449997 0.516504 0.394573 -1
1 -44.593716 34.438511 51.225014 0.843470 0.435502 -1
1 -44.593716 28.593044 51.225014 0.843470 0.440279 -1
1 44.607395 34.438511 51.225014 0.744882 0.435502 -1
1 44.607395 28.593044 51.225014 0.744882 0.440279 -1
1 44.607395 34.438511 51.225014 0.751153 0.436267 -1
1 44.607395 28.593044 51.225014 0.751153 0.439740 -1
1 44.607395 34.438511 -52.449997 0.842356 0.436267 -1
1 44.607395 28.593044 -52.449997 0.842356 0.439740 -1
1 44.607395 34.438511 -52.449997 0.745005 0.434446 -1
1 44.607395 28.593044 -52.449997 0.745005 0.437482 -1
1 -44.593716 34.438511 -52.449997 0.843328 0.434446 -1
1 -44.593716 28.593044 -52.449997 0.843328 0.437482 -1
1 -44.593716 34.438511 -52.449997 0.829861 0.433662 -1
1 -44.593716 28.593044 -52.449997 0.829861 0.436557 -1
1 -44.593716 34.438511 51.225014 0.750311 0.433662 -1
1 -44.593716 28.593044 51.225014 0.750311 0.436557 -1
1 -44.593716 34.438511 -52.449997 0.667902 0.379542 -1
1 -44.593716 34.438511 51.225014 0.667902 0.530667 -1
1 44.607395 34.438511 -52.449997 0.672863 0.379542 -1
1 44.607395 34.438511 51.225014 0.672863 0.530667 -1
1 -44.593716 28.593044 51.225014 0.449202 0.504388 -1
1 -44.593716 28.593044 -52.449997 0.449202 0.394573 -1
1 44.607395 28.593044 51.225014 0.516504 0.504388 -1
1 44.607395 28.593044 -52.449997 0.516504 0.394573 -1
1 -44.593716 23.489891 51.225014 0.843470 0.444449 -1
1 -44.593716 17.644415 51.225014 0.843470 0.449226 -1
1 44.607395 23.489891 51.225014 0.744882 0.444449 -1
1 44.607395 17.644415 51.225014 0.744882 0.449226 -1
1 44.607395 23.489891 51.225014 0.751153 0.442773 -1
1 44.607395 17.644415 51.225014 0.751153 0.446246 -1
1 44.607395 23.489891 -52.449997 0.842356 0.442773 -1
1 44.607395 17.644415 -52.449997 0.842356 0.446246 -1
1 44.607395 23.489891 -52.449997 0.745005 0.440133 -1
1 44.607395 17.644415 -52.449997 0.745005 0.443169 -1
1 -44.593716 23.489891 -52.449997 0.843328 0.440133 -1
1 -44.593716 17.644415 -52.449997 0.843328 0.443169 -1
1 -44.593716 23.489891 -52.449997 0.829861 0.439083 -1
1 -44.593716 17.644415 -52.449997 0.829861 0.441977 -1
1 -44.593716 23.489891 51.225014 0.750311 0.439083 -1
1 -44.593716 17.644415 51.225014 0.750311 0.441977 -1
1 -44.593716 23.489891 -52.449997 0.667902 0.379542 -1
1 -44.593716 23.489891 51.225014 0.667902 0.530667 -1
1 44.607395 23.489891 -52.449997 0.672863 0.379542 -1
1 44.607395 23.489891 51.225014 0.672863 0.530667 -1
1 -44.593716 17.644415 51.225014 0.449202 0.504388 -1
1 -44.593716 17.644415 -52.449997 0.449202 0.394573 -1
1 44.607395 17.644415 51.225014 0.516504 0.504388 -1
1 44.607395 17.644415 -52.449997 0.516504 0.394573 -1
1 -14.028274 53.752953 6.997725 0.746476 0.185748 -1
1 -14.028274 52.851002 6.997725 0.746476 0.192290 -1
1 13.991068 53.752953 6.997725 0.837352 0.185748 -1
1 13.991068 52.851002 6.997725 0.837352 0.192290 -1
1 13.991068 53.752953 6.997725 0.777011 0.069760 -1
1 13.991068 52.851002 6.997725 0.777011 0.120914 -1
1 13.991068 53.752953 -23.717106 0.775239 0.069760 -1
1 13.991068 52.851002 -23.717106 0.775239 0.120914 -1
1 13.991068 53.752953 -23.717106 0.744760 0.185422 -1
1 13.991068 52.851002 -23.717106 0.744760 0.193044 -1
1 -14.028274 53.752953 -23.717106 0.846654 0.185422 -1
1 -14.028274 52.851002 -23.717106 0.846654 0.193044 -1
1 -14.028274 53.752953 -23.717106 0.774981 0.060115 -1
1 -14.028274 52.851002 -23.717106 0.774981 0.138357 -1
1 -14.028274 53.752953 6.997725 0.777734 0.060115 -1
1 -14.028274 52.851002 6.997725 0.777734 0.138357 -1
1 -14.028274 53.752953 -23.717106 0.733210 0.001543 -1
1 -14.028274 53.752953 6.997725 0.733210 0.202718 -1
1 13.991068 53.752953 -23.717106 0.856849 0.001543 -1
1 13.991068 53.752953 6.997725 0.856849 0.202718 -1
1 -14.028274 52.851002 6.997725 0.856014 0.027792 -1
1 -14.028274 52.851002 -23.717106 0.856014 0.099006 -1
1 13.991068 52.851002 6.997725 0.859768 0.027792 -1
1 13.991068 52.851002 -23.717106 0.859768 0.099006 -1
7
0.000000 0.000000 1.000000
1.000000 0.000000 0.000000
0.000000 0.000000 -1.000000
-1.000000 0.000000 0.000000
0.000000 1.000000 0.000000
0.000000 -1.000000 0.000000
1.000000 0.000001 0.000000
144
1 0 1 2 0 0 0 1
1 1 3 2 0 0 0 1
1 4 5 6 1 1 1 2
1 5 7 6 1 1 1 2
1 8 9 10 2 2 2 1
1 9 11 10 2 2 2 1
1 12 13 14 3 3 3 2
1 13 15 14 3 3 3 2
1 16 17 18 4 4 4 3
1 17 19 18 4 4 4 3
1 20 21 22 5 5 5 3
1 21 23 22 5 5 5 3
1 24 25 26 0 0 0 1
1 25 27 26 0 0 0 1
1 28 29 30 1 1 1 2
1 29 31 30 1 1 1 2
1 32 33 34 2 2 2 1
1 33 35 34 2 2 2 1
1 36 37 38 3 3 3 2
1 37 39 38 3 3 3 2
1 40 41 42 4 4 4 3
1 41 43 42 4 4 4 3
1 44 45 46 5 5 5 3
1 45 47 46 5 5 5 3
1 48 49 50 0 0 0 1
1 49 51 50 0 0 0 1
1 52 53 54 1 1 1 2
1 53 55 54 1 1 1 2
1 56 57 58 2 2 2 1
1 57 59 58 2 2 2 1
1 60 61 62 3 3 3 2
1 61 63 62 3 3 3 2
1 64 65 66 4 4 4 3
1 65 67 66 4 4 4 3
1 68 69 70 5 5 5 3
1 69 71 70 5 5 5 3
1 72 73 74 0 0 0 1
1 72 75 73 0 0 0 1
1 76 77 78 3 3 3 2
1 76 79 77 3 3 3 2
1 80 81 82 2 2 2 1
1 80 83 81 2 2 2 1
1 84 85 86 1 1 1 2
1 84 87 85 1 1 1 2
1 88 89 90 4 4 4 3
1 88 91 89 4 4 4 3
1 92 93 94 5 5 5 3
1 92 95 93 5 5 5 3
1 96 97 98 2 2 2 1
1 97 99 98 2 2 2 1
1 100 101 102 3 3 3 2
1 101 103 102 3 3 3 2
1 104 105 106 0 0 0 1
1 105 107 106 0 0 0 1
1 108 109 110 1 1 1 2
1 109 111 110 1 1 1 2
1 112 113 114 4 4 4 3
1 113 115 114 4 4 4 3
1 116 117 118 5 5 5 3
1 117 119 118 5 5 5 3
1 120 121 122 2 2 2 1
1 120 123 121 2 2 2 1
1 124 125 126 1 1 1 2
1 124 127 125 1 1 1 2
1 128 129 130 0 0 0 1
1 128 131 129 0 0 0 1
1 132 133 134 3 3 3 2
1 132 135 133 3 3 3 2
1 136 137 138 4 4 4 3
1 136 139 137 4 4 4 3
1 140 141 142 5 5 5 3
1 140 143 141 5 5 5 3
1 144 145 146 0 0 0 1
1 145 147 146 0 0 0 1
1 146 147 148 1 1 1 2
1 147 149 148 1 1 1 2
1 148 149 150 2 2 2 1
1 149 151 150 2 2 2 1
1 150 151 144 3 3 3 2
1 151 145 144 3 3 3 2
1 150 144 148 4 4 4 3
1 144 146 148 4 4 4 3
1 145 151 147 5 5 5 3
1 151 149 147 5 5 5 3
1 152 153 154 0 0 0 1
1 153 155 154 0 0 0 1
1 154 155 156 5 5 5 2
1 155 157 156 5 5 5 2
1 156 157 158 2 2 2 1
1 157 159 158 2 2 2 1
1 158 159 152 4 4 4 2
1 159 153 152 4 4 4 2
1 158 152 156 6 6 6 3
1 152 154 156 6 6 6 3
1 153 159 155 3 3 3 3
1 159 157 155 3 3 3 3
1 160 161 162 0 0 0 1
1 161 163 162 0 0 0 1
1 164 165 166 1 1 1 2
1 165 167 166 1 1 1 2
1 168 169 170 2 2 2 1
1 169 171 170 2 2 2 1
1 172 173 174 3 3 3 2
1 173 175 174 3 3 3 2
1 176 177 178 4 4 4 3
1 177 179 178 4 4 4 3
1 180 181 182 5 5 5 3
1 181 183 182 5 5 5 3
1 184 185 186 0 0 0 1
1 185 187 186 0 0 0 1
1 188 189 190 1 1 1 2
1 189 191 190 1 1 1 2
1 192 193 194 2 2 2 1
1 193 195 194 2 2 2 1
1 196 197 198 3 3 3 2
1 197 199 198 3 3 3 2
1 200 201 202 4 4 4 3
1 201 203 202 4 4 4 3
1 204 205 206 5 5 5 3
1 205 207 206 5 5 5 3
1 208 209 210 0 0 0 1
1 209 211 210 0 0 0 1
1 212 213 214 1 1 1 2
1 213 215 214 1 1 1 2
1 216 217 218 2 2 2 1
1 217 219 218 2 2 2 1
1 220 221 222 3 3 3 2
1 221 223 222 3 3 3 2
1 224 225 226 4 4 4 3
1 225 227 226 4 4 4 3
1 228 229 230 5 5 5 3
1 229 231 230 5 5 5 3
1 232 233 234 0 0 0 1
1 233 235 234 0 0 0 1
1 236 237 238 1 1 1 2
1 237 239 238 1 1 1 2
1 240 241 242 2 2 2 1
1 241 243 242 2 2 2 1
1 244 245 246 3 3 3 2
1 245 247 246 3 3 3 2
1 248 249 250 4 4 4 3
1 249 251 250 4 4 4 3
1 252 253 254 5 5 5 3
1 253 255 254 5 5 5 3

Materials: 1
"builds-4"
0.800000 0.800000 0.800000 1.000000
0.800000 0.800000 0.800000 1.000000
0.000000 0.000000 0.000000 1.000000
0.000000 0.000000 0.000000 1.000000
0.000000
1.000000
".\builds4.bmp"
""

Bones: 0
GroupComments: 0
MaterialComments: 0
BoneComments: 0
ModelComment: 0
