// MilkShape 3D ASCII

Frames: 30
Frame: 1

Meshes: 5
"step" 0 0
20
0 19.684893 0.675813 5.115098 0.244003 0.208276 -1
0 19.684893 -1.135879 5.115098 0.244003 0.236618 -1
0 23.386206 0.675813 5.115098 0.121328 0.208276 -1
0 23.386206 -1.135879 5.115098 0.121328 0.236618 -1
0 23.386206 0.675813 5.115098 0.232168 0.212530 -1
0 23.386206 -1.135879 5.115098 0.232168 0.244285 -1
0 23.386206 0.675813 -5.229188 0.147488 0.212530 -1
0 23.386206 -1.135879 -5.229188 0.147488 0.244285 -1
0 23.386206 0.675813 -5.229188 0.121328 0.208276 -1
0 23.386206 -1.135879 -5.229188 0.121328 0.236618 -1
0 19.684893 0.675813 -5.229188 0.244003 0.208276 -1
0 19.684893 -1.135879 -5.229188 0.244003 0.236618 -1
0 19.684893 0.675813 -5.229188 0.122048 0.207177 -1
0 19.684893 -1.135879 -5.229188 0.122048 0.207177 -1
0 19.684893 0.675813 5.115098 0.122048 0.245938 -1
0 19.684893 -1.135879 5.115098 0.122048 0.245938 -1
0 23.386206 0.675813 -5.229188 0.245078 0.207177 -1
0 23.386206 0.675813 5.115098 0.245078 0.245938 -1
0 23.386206 -1.135879 5.115098 0.245078 0.245938 -1
0 23.386206 -1.135879 -5.229188 0.245078 0.207177 -1
6
0.000000 0.000000 1.000000
1.000000 0.000000 0.000000
0.000000 0.000000 -1.000000
-1.000000 0.000000 0.000000
0.000000 1.000000 0.000000
0.000000 -1.000000 0.000000
12
0 0 1 2 0 0 0 1
0 1 3 2 0 0 0 1
0 4 5 6 1 1 1 2
0 5 7 6 1 1 1 2
0 8 9 10 2 2 2 1
0 9 11 10 2 2 2 1
0 12 13 14 3 3 3 2
0 13 15 14 3 3 3 2
0 12 14 16 4 4 4 3
0 14 17 16 4 4 4 3
0 15 13 18 5 5 5 3
0 13 19 18 5 5 5 3
"door" 0 1
8
0 19.676094 13.582829 3.212519 0.821357 0.129771 -1
0 19.676094 1.011513 3.212519 0.821357 0.249628 -1
0 20.663435 13.582829 3.212519 0.821357 0.129771 -1
0 20.663435 1.011513 3.212519 0.821357 0.249628 -1
0 20.663435 13.582829 -3.435216 0.878284 0.129771 -1
0 20.663435 1.011513 -3.435216 0.878284 0.249628 -1
0 19.676094 13.582829 -3.435216 0.878284 0.129771 -1
0 19.676094 1.011513 -3.435216 0.878284 0.249628 -1
6
0.000000 0.000000 1.000000
1.000000 0.000000 0.000000
0.000000 0.000000 -1.000000
-1.000000 0.000000 0.000000
0.000000 1.000000 0.000000
0.000000 -1.000000 0.000000
12
0 0 1 2 0 0 0 1
0 1 3 2 0 0 0 1
0 2 3 4 1 1 1 2
0 3 5 4 1 1 1 2
0 4 5 6 2 2 2 1
0 5 7 6 2 2 2 1
0 6 7 0 3 3 3 2
0 7 1 0 3 3 3 2
0 6 0 4 4 4 4 3
0 0 2 4 4 4 4 3
0 1 7 3 5 5 5 3
0 7 5 3 5 5 5 3
"windows" 0 3
72
0 19.669718 13.693627 14.910373 0.618362 0.636305 -1
0 19.669718 5.750877 14.910373 0.618362 0.744524 -1
0 20.657059 13.693627 14.910373 0.627967 0.636305 -1
0 20.657059 5.750877 14.910373 0.627967 0.744524 -1
0 20.657059 13.693627 14.910373 0.502091 0.626606 -1
0 20.657059 5.750877 14.910373 0.502091 0.746225 -1
0 20.657059 13.693627 6.404240 0.621948 0.626606 -1
0 20.657059 5.750877 6.404240 0.621948 0.746225 -1
0 20.657059 13.693627 6.404240 0.618362 0.636305 -1
0 20.657059 5.750877 6.404240 0.618362 0.744524 -1
0 19.669718 13.693627 6.404240 0.627967 0.636305 -1
0 19.669718 5.750877 6.404240 0.627967 0.744524 -1
0 19.669718 13.693627 6.404240 0.502091 0.626606 -1
0 19.669718 5.750877 6.404240 0.502091 0.746225 -1
0 19.669718 13.693627 14.910373 0.621948 0.626606 -1
0 19.669718 5.750877 14.910373 0.621948 0.746225 -1
0 19.669718 13.693627 6.404240 0.618761 0.632145 -1
0 19.669718 13.693627 14.910373 0.618761 0.750629 -1
0 20.657059 13.693627 6.404240 0.627952 0.632145 -1
0 20.657059 13.693627 14.910373 0.627952 0.750629 -1
0 19.669718 5.750877 14.910373 0.618761 0.632145 -1
0 19.669718 5.750877 6.404240 0.618761 0.750629 -1
0 20.657059 5.750877 14.910373 0.627952 0.632145 -1
0 20.657059 5.750877 6.404240 0.627952 0.750629 -1
0 -4.286870 13.668447 17.887939 0.620586 0.630289 -1
0 -4.286870 5.725697 17.887939 0.620586 0.739443 -1
0 -4.286868 13.668447 18.875286 0.628135 0.630289 -1
0 -4.286868 5.725697 18.875286 0.628135 0.739443 -1
0 -4.286868 13.668447 18.875286 0.502091 0.626606 -1
0 -4.286868 5.725697 18.875286 0.502091 0.746225 -1
0 4.219275 13.668447 18.875286 0.621948 0.626606 -1
0 4.219275 5.725697 18.875286 0.621948 0.746225 -1
0 4.219275 13.668447 18.875286 0.620586 0.630289 -1
0 4.219275 5.725697 18.875286 0.620586 0.739443 -1
0 4.219275 13.668447 17.887943 0.628135 0.630289 -1
0 4.219275 5.725697 17.887943 0.628135 0.739443 -1
0 4.219275 13.668447 17.887943 0.502091 0.626606 -1
0 4.219275 5.725697 17.887943 0.502091 0.746225 -1
0 -4.286870 13.668447 17.887939 0.621948 0.626606 -1
0 -4.286870 5.725697 17.887939 0.621948 0.746225 -1
0 4.219275 13.668447 17.887943 0.619185 0.633090 -1
0 -4.286870 13.668447 17.887939 0.619185 0.749105 -1
0 4.219275 13.668447 18.875286 0.627255 0.633090 -1
0 -4.286868 13.668447 18.875286 0.627255 0.749105 -1
0 -4.286870 5.725697 17.887939 0.619185 0.633090 -1
0 4.219275 5.725697 17.887943 0.619185 0.749105 -1
0 -4.286868 5.725697 18.875286 0.627255 0.633090 -1
0 4.219275 5.725697 18.875286 0.627255 0.749105 -1
0 -4.286868 13.668447 -18.875286 0.628135 0.630289 -1
0 -4.286870 5.725697 -17.887939 0.620586 0.739443 -1
0 -4.286870 13.668447 -17.887939 0.620586 0.630289 -1
0 -4.286868 5.725697 -18.875286 0.628135 0.739443 -1
0 4.219275 13.668447 -18.875286 0.621948 0.626606 -1
0 -4.286868 5.725697 -18.875286 0.502091 0.746225 -1
0 -4.286868 13.668447 -18.875286 0.502091 0.626606 -1
0 4.219275 5.725697 -18.875286 0.621948 0.746225 -1
0 4.219275 13.668447 -17.887943 0.628135 0.630289 -1
0 4.219275 5.725697 -18.875286 0.620586 0.739443 -1
0 4.219275 13.668447 -18.875286 0.620586 0.630289 -1
0 4.219275 5.725697 -17.887943 0.628135 0.739443 -1
0 -4.286870 13.668447 -17.887939 0.621948 0.626606 -1
0 4.219275 5.725697 -17.887943 0.502091 0.746225 -1
0 4.219275 13.668447 -17.887943 0.502091 0.626606 -1
0 -4.286870 5.725697 -17.887939 0.621948 0.746225 -1
0 4.219275 13.668447 -18.875286 0.627255 0.633090 -1
0 -4.286870 13.668447 -17.887939 0.619185 0.749105 -1
0 4.219275 13.668447 -17.887943 0.619185 0.633090 -1
0 -4.286868 13.668447 -18.875286 0.627255 0.749105 -1
0 -4.286868 5.725697 -18.875286 0.627255 0.633090 -1
0 4.219275 5.725697 -17.887943 0.619185 0.749105 -1
0 -4.286870 5.725697 -17.887939 0.619185 0.633090 -1
0 4.219275 5.725697 -18.875286 0.627255 0.749105 -1
10
0.000000 0.000000 1.000000
1.000000 0.000000 0.000000
0.000000 0.000000 -1.000000
-1.000000 0.000000 0.000000
0.000000 1.000000 0.000000
0.000000 -1.000000 0.000000
-1.000000 0.000000 0.000002
0.000000 0.000000 -1.000000
-1.000000 0.000000 -0.000002
0.000000 0.000000 1.000000
36
0 0 1 2 0 0 0 1
0 1 3 2 0 0 0 1
0 4 5 6 1 1 1 2
0 5 7 6 1 1 1 2
0 8 9 10 2 2 2 1
0 9 11 10 2 2 2 1
0 12 13 14 3 3 3 2
0 13 15 14 3 3 3 2
0 16 17 18 4 4 4 3
0 17 19 18 4 4 4 3
0 20 21 22 5 5 5 3
0 21 23 22 5 5 5 3
0 24 25 26 6 6 6 1
0 25 27 26 6 6 6 1
0 28 29 30 0 0 0 2
0 29 31 30 0 0 0 2
0 32 33 34 1 1 1 1
0 33 35 34 1 1 1 1
0 36 37 38 7 7 7 2
0 37 39 38 7 7 7 2
0 40 41 42 4 4 4 3
0 41 43 42 4 4 4 3
0 44 45 46 5 5 5 3
0 45 47 46 5 5 5 3
0 48 49 50 8 8 8 1
0 48 51 49 8 8 8 1
0 52 53 54 2 2 2 2
0 52 55 53 2 2 2 2
0 56 57 58 1 1 1 1
0 56 59 57 1 1 1 1
0 60 61 62 9 9 9 2
0 60 63 61 9 9 9 2
0 64 65 66 4 4 4 3
0 64 67 65 4 4 4 3
0 68 69 70 5 5 5 3
0 68 71 69 5 5 5 3
"roof" 0 4
12
0 -22.869701 16.487419 21.308582 0.124509 0.998874 -1
0 -22.869701 15.475664 20.747755 0.124509 0.997355 -1
0 22.580303 16.487419 21.308582 0.250295 0.998874 -1
0 22.580303 15.475664 20.747755 0.250295 0.997355 -1
0 22.580303 28.669041 -0.064100 0.250295 0.940975 -1
0 22.580303 27.512268 -0.064102 0.250295 0.940975 -1
0 -22.869701 28.669041 -0.064100 0.124509 0.940975 -1
0 -22.869701 27.512268 -0.064102 0.124509 0.940975 -1
0 22.580303 16.487419 -21.434109 0.250295 0.883084 -1
0 -22.869701 15.475664 -20.873283 0.124509 0.884604 -1
0 -22.869701 16.487419 -21.434109 0.124509 0.883084 -1
0 22.580303 15.475664 -20.873283 0.250295 0.884604 -1
11
0.000000 -0.484811 0.874619
1.000000 0.000000 0.000000
0.000000 0.000000 0.000000
-1.000000 0.000000 0.000000
0.000000 1.000000 -0.000027
0.000000 0.868791 0.495178
0.000000 -0.865649 -0.500651
0.000000 -1.000000 0.000028
0.000000 -0.484810 -0.874620
0.000000 0.868765 -0.495225
0.000000 -0.865621 0.500699
24
0 0 1 2 0 0 0 1
0 1 3 2 0 0 0 1
0 2 3 4 1 1 1 2
0 3 5 4 1 1 1 2
0 4 5 6 2 2 2 1
0 5 7 6 2 2 2 1
0 6 7 0 3 3 3 2
0 7 1 0 3 3 3 2
0 6 0 4 4 5 4 3
0 0 2 4 5 5 4 3
0 1 7 3 6 7 6 3
0 7 5 3 7 7 6 3
0 8 9 10 8 8 8 1
0 8 11 9 8 8 8 1
0 4 11 8 1 1 1 2
0 4 5 11 1 1 1 2
0 6 5 4 2 2 2 1
0 6 7 5 2 2 2 1
0 10 7 6 3 3 3 2
0 10 9 7 3 3 3 2
0 4 10 6 4 9 4 3
0 4 8 10 4 9 9 3
0 11 7 9 10 7 10 3
0 11 5 7 10 7 7 3
"walls" 0 2
132
0 18.018833 17.107065 18.076923 0.095999 0.837173 -1
0 18.018833 -1.046781 18.076923 0.095999 0.759630 -1
0 18.018833 17.107065 16.176136 0.091048 0.837173 -1
0 18.018833 -1.046781 16.176136 0.091048 0.759630 -1
0 18.018833 17.107065 16.176136 0.114816 0.837173 -1
0 18.018833 -1.046781 16.176136 0.114816 0.759630 -1
0 -18.135012 17.107065 16.176136 0.021635 0.837173 -1
0 -18.135012 -1.046781 16.176136 0.021635 0.759630 -1
0 -18.135012 17.107065 16.176136 0.091048 0.837173 -1
0 -18.135012 -1.046781 16.176136 0.091048 0.759630 -1
0 -18.135012 17.107065 18.076923 0.095999 0.837173 -1
0 -18.135012 -1.046781 18.076923 0.095999 0.759630 -1
0 -18.135012 17.107065 16.176136 0.021635 0.840316 -1
0 -18.135012 17.107065 18.076923 0.021635 0.844808 -1
0 18.018833 17.107065 16.176136 0.114816 0.840316 -1
0 18.018833 17.107065 18.076923 0.114816 0.844808 -1
0 -18.135012 -1.046781 18.076923 0.021635 0.844808 -1
0 -18.135012 -1.046781 16.176136 0.021635 0.840316 -1
0 18.018833 -1.046781 18.076923 0.114816 0.844808 -1
0 18.018833 -1.046781 16.176136 0.114816 0.840316 -1
0 -18.162317 17.001398 -16.168066 0.021565 0.836721 -1
0 -18.162317 -1.152449 -16.168066 0.021565 0.759178 -1
0 17.991528 17.001398 -16.168066 0.114746 0.836721 -1
0 17.991528 -1.152449 -16.168066 0.114746 0.759178 -1
0 17.991528 17.001398 -16.168066 0.006791 0.836721 -1
0 17.991528 -1.152449 -16.168066 0.006791 0.759178 -1
0 17.991528 17.001398 -18.068851 0.001840 0.836721 -1
0 17.991528 -1.152449 -18.068851 0.001840 0.759178 -1
0 -18.162317 17.001398 -18.068851 0.001840 0.836721 -1
0 -18.162317 -1.152449 -18.068851 0.001840 0.759178 -1
0 -18.162317 17.001398 -16.168066 0.006791 0.836721 -1
0 -18.162317 -1.152449 -16.168066 0.006791 0.759178 -1
0 -18.162317 17.001398 -18.068851 0.021565 0.759392 -1
0 -18.162317 17.001398 -16.168066 0.021565 0.763884 -1
0 17.991528 17.001398 -18.068851 0.114746 0.759392 -1
0 17.991528 17.001398 -16.168066 0.114746 0.763884 -1
0 -18.162317 -1.152449 -16.168066 0.021565 0.763884 -1
0 -18.162317 -1.152449 -18.068851 0.021565 0.759392 -1
0 17.991528 -1.152449 -16.168066 0.114746 0.763884 -1
0 17.991528 -1.152449 -18.068851 0.114746 0.759392 -1
0 17.993423 17.001398 -18.061342 0.001859 0.836721 -1
0 17.993423 -1.152449 -18.061342 0.001859 0.759178 -1
0 17.993412 17.001398 18.092577 0.096040 0.836721 -1
0 17.993412 -1.152449 18.092577 0.096040 0.759178 -1
0 17.993412 17.001398 18.092577 0.114751 0.844844 -1
0 19.894194 17.001398 18.092587 0.119650 0.844844 -1
0 17.993423 17.001398 -18.061342 0.114751 0.759411 -1
0 19.894201 17.001398 -18.061337 0.119650 0.759411 -1
0 19.894194 -1.152449 18.092587 0.119650 0.844844 -1
0 17.993412 -1.152449 18.092577 0.114751 0.844844 -1
0 19.894201 -1.152449 -18.061337 0.119650 0.759411 -1
0 17.993423 -1.152449 -18.061342 0.114751 0.759411 -1
0 -17.993412 17.001398 18.092577 0.096040 0.836721 -1
0 -17.993423 -1.152449 -18.061342 0.001859 0.759178 -1
0 -17.993423 17.001398 -18.061342 0.001859 0.836721 -1
0 -17.993412 -1.152449 18.092577 0.096040 0.759178 -1
0 -17.993423 17.001398 -18.061342 0.022000 0.759411 -1
0 -19.894194 17.001398 18.092587 0.017101 0.844844 -1
0 -17.993412 17.001398 18.092577 0.022000 0.844844 -1
0 -19.894201 17.001398 -18.061337 0.017101 0.759411 -1
0 -19.894201 -1.152449 -18.061337 0.017101 0.759411 -1
0 -17.993412 -1.152449 18.092577 0.022000 0.844844 -1
0 -19.894194 -1.152449 18.092587 0.017101 0.844844 -1
0 -17.993423 -1.152449 -18.061342 0.022000 0.759411 -1
0 -25.907276 -1.049471 6.008387 0.001603 0.816288 -1
0 -25.907276 -1.049471 -6.059489 0.001603 0.787772 -1
0 -17.997295 -1.049471 6.008387 0.021990 0.816288 -1
0 -17.997295 -1.049471 -6.059489 0.021990 0.787772 -1
0 -17.997295 28.893883 3.703612 0.058557 0.887518 -1
0 -17.997295 23.067760 6.008387 0.064561 0.862633 -1
0 -17.997295 28.931248 -3.937888 0.038651 0.887678 -1
0 -17.997295 23.067760 -6.059489 0.033124 0.862633 -1
0 -25.907276 28.931248 -3.937888 0.161554 0.144241 -1
0 -25.907276 28.893883 3.703612 0.161554 0.186997 -1
0 -17.997295 28.931248 -3.937888 0.205351 0.144241 -1
0 -17.997295 28.893883 3.703612 0.205351 0.186997 -1
0 -18.135012 17.107065 18.076923 0.021635 0.837173 -1
0 -18.135012 -1.046781 18.076923 0.021635 0.759630 -1
0 18.018833 17.107065 18.076923 0.114816 0.837173 -1
0 18.018833 -1.046781 18.076923 0.114816 0.759630 -1
0 17.993412 17.001398 18.092577 0.114751 0.836721 -1
0 17.993412 -1.152449 18.092577 0.114751 0.759178 -1
0 19.894194 17.001398 18.092587 0.119650 0.836721 -1
0 19.894194 -1.152449 18.092587 0.119650 0.759178 -1
0 -19.894194 17.001398 18.092587 0.017101 0.836721 -1
0 -17.993412 -1.152449 18.092577 0.022000 0.759178 -1
0 -17.993412 17.001398 18.092577 0.022000 0.836721 -1
0 -19.894194 -1.152449 18.092587 0.017101 0.759178 -1
0 17.991528 17.001398 -18.068851 0.114746 0.836721 -1
0 17.991528 -1.152449 -18.068851 0.114746 0.759178 -1
0 -18.162317 17.001398 -18.068851 0.021565 0.836721 -1
0 -18.162317 -1.152449 -18.068851 0.021565 0.759178 -1
0 19.894201 17.001398 -18.061337 0.119650 0.836721 -1
0 19.894201 -1.152449 -18.061337 0.119650 0.759178 -1
0 17.993423 17.001398 -18.061342 0.114751 0.836721 -1
0 17.993423 -1.152449 -18.061342 0.114751 0.759178 -1
0 -17.993423 17.001398 -18.061342 0.022000 0.836721 -1
0 -19.894201 -1.152449 -18.061337 0.017101 0.759178 -1
0 -19.894201 17.001398 -18.061337 0.017101 0.836721 -1
0 -17.993423 -1.152449 -18.061342 0.022000 0.759178 -1
0 -19.894201 17.001398 -18.061337 0.001859 0.836721 -1
0 -19.894194 -1.152449 18.092587 0.096040 0.759178 -1
0 -19.894194 17.001398 18.092587 0.096040 0.836721 -1
0 -19.894201 -1.152449 -18.061337 0.001859 0.759178 -1
0 -19.889357 17.007046 -18.159626 0.001603 0.836745 -1
0 -19.889357 17.015844 18.080151 0.096008 0.836782 -1
0 -19.889357 27.510643 -0.064755 0.048740 0.881611 -1
0 19.894194 17.001398 18.092587 0.096040 0.836721 -1
0 19.894194 -1.152449 18.092587 0.096040 0.759178 -1
0 19.894201 17.001398 -18.061337 0.001859 0.836721 -1
0 19.894201 -1.152449 -18.061337 0.001859 0.759178 -1
0 19.889357 27.510643 -0.064755 0.048740 0.881611 -1
0 19.889357 17.015844 18.080151 0.096008 0.836782 -1
0 19.889357 17.007046 -18.159626 0.001603 0.836745 -1
0 -17.997295 23.067760 -6.059489 0.021990 0.862633 -1
0 -17.997295 -1.049471 -6.059489 0.021990 0.759618 -1
0 -25.907276 23.067760 -6.059489 0.001603 0.862633 -1
0 -25.907276 -1.049471 -6.059489 0.001603 0.759618 -1
0 -17.997295 28.931248 -3.937888 0.021990 0.887678 -1
0 -25.907276 28.931248 -3.937888 0.001603 0.887678 -1
0 -25.907276 23.067760 -6.059489 0.033124 0.862633 -1
0 -25.907276 -1.049471 -6.059489 0.033124 0.759618 -1
0 -25.907276 23.067760 6.008387 0.064561 0.862633 -1
0 -25.907276 -1.049471 6.008387 0.064561 0.759618 -1
0 -25.907276 28.931248 -3.937888 0.038651 0.887678 -1
0 -25.907276 28.893883 3.703612 0.058557 0.887518 -1
0 -25.907276 23.067760 6.008387 0.001603 0.862633 -1
0 -25.907276 -1.049471 6.008387 0.001603 0.759618 -1
0 -17.997295 23.067760 6.008387 0.021990 0.862633 -1
0 -17.997295 -1.049471 6.008387 0.021990 0.759618 -1
0 -25.907276 28.893883 3.703612 0.001603 0.887518 -1
0 -17.997295 28.893883 3.703612 0.021990 0.887518 -1
21
1.000000 0.000000 0.000000
0.000000 0.000000 -1.000000
-1.000000 0.000000 0.000000
0.000000 1.000000 0.000000
0.000000 -1.000000 0.000000
0.000000 0.000000 1.000000
-1.000000 0.000000 -0.000000
1.000000 0.000000 -0.000000
0.000000 0.999988 0.004890
-0.000005 0.000000 1.000000
0.000005 0.000000 1.000000
0.000003 0.000000 -1.000000
-0.000003 0.000000 -1.000000
-1.000000 0.000000 0.000000
1.000000 0.000000 0.000000
0.000000 0.229898 -0.973215
0.000000 0.114949 -0.993371
0.000000 0.340245 -0.940337
0.000000 0.249150 0.968465
0.000000 0.124575 0.992210
0.000000 0.367855 0.929883
68
0 0 1 2 0 0 0 2
0 1 3 2 0 0 0 2
0 4 5 6 1 1 1 1
0 5 7 6 1 1 1 1
0 8 9 10 2 2 2 2
0 9 11 10 2 2 2 2
0 12 13 14 3 3 3 3
0 13 15 14 3 3 3 3
0 16 17 18 4 4 4 3
0 17 19 18 4 4 4 3
0 20 21 22 5 5 5 1
0 21 23 22 5 5 5 1
0 24 25 26 0 0 0 2
0 25 27 26 0 0 0 2
0 28 29 30 2 2 2 2
0 29 31 30 2 2 2 2
0 32 33 34 3 3 3 3
0 33 35 34 3 3 3 3
0 36 37 38 4 4 4 3
0 37 39 38 4 4 4 3
0 40 41 42 6 6 6 1
0 41 43 42 6 6 6 1
0 44 45 46 3 3 3 3
0 45 47 46 3 3 3 3
0 48 49 50 4 4 4 3
0 49 51 50 4 4 4 3
0 52 53 54 7 7 7 1
0 52 55 53 7 7 7 1
0 56 57 58 3 3 3 3
0 56 59 57 3 3 3 3
0 60 61 62 4 4 4 3
0 60 63 61 4 4 4 3
0 64 65 66 4 4 4 3
0 65 67 66 4 4 4 3
0 68 69 70 0 0 0 2
0 69 71 70 0 0 0 2
0 72 73 74 8 8 8 3
0 73 75 74 8 8 8 3
0 76 77 78 5 5 5 1
0 77 79 78 5 5 5 1
0 80 81 82 9 9 9 2
0 81 83 82 9 9 9 2
0 84 85 86 10 10 10 2
0 84 87 85 10 10 10 2
0 88 89 90 1 1 1 1
0 89 91 90 1 1 1 1
0 92 93 94 11 11 11 2
0 93 95 94 11 11 11 2
0 96 97 98 12 12 12 2
0 96 99 97 12 12 12 2
0 100 101 102 13 13 13 1
0 100 103 101 13 13 13 1
0 104 105 106 2 2 2 1
0 107 108 109 14 14 14 1
0 108 110 109 14 14 14 1
0 111 112 113 0 0 0 1
0 114 115 116 15 1 16 1
0 115 117 116 1 1 16 1
0 118 114 119 17 15 17 1
0 114 116 119 15 16 17 1
0 120 121 122 2 2 2 2
0 121 123 122 2 2 2 2
0 124 120 125 2 2 2 2
0 120 122 125 2 2 2 2
0 126 127 128 18 5 19 1
0 127 129 128 5 5 19 1
0 130 126 131 20 18 20 1
0 126 128 131 18 19 20 1

Materials: 5
"step"
0.800000 0.800000 0.800000 1.000000
0.800000 0.800000 0.800000 1.000000
0.000000 0.000000 0.000000 1.000000
0.000000 0.000000 0.000000 1.000000
0.000000
1.000000
".\builds1.bmp"
""
"door"
0.800000 0.800000 0.800000 1.000000
0.800000 0.800000 0.800000 1.000000
0.000000 0.000000 0.000000 1.000000
0.000000 0.000000 0.000000 1.000000
0.000000
1.000000
".\builds1.bmp"
""
"walls"
0.800000 0.800000 0.800000 1.000000
0.800000 0.800000 0.800000 1.000000
0.000000 0.000000 0.000000 1.000000
0.000000 0.000000 0.000000 1.000000
0.000000
1.000000
".\builds1.bmp"
""
"windows"
0.800000 0.800000 0.800000 1.000000
0.800000 0.800000 0.800000 1.000000
0.000000 0.000000 0.000000 1.000000
0.000000 0.000000 0.000000 1.000000
0.000000
1.000000
".\builds2.bmp"
""
"roof"
0.800000 0.800000 0.800000 1.000000
0.800000 0.800000 0.800000 1.000000
0.000000 0.000000 0.000000 1.000000
0.000000 0.000000 0.000000 1.000000
0.000000
1.000000
".\builds1.bmp"
""

Bones: 0
GroupComments: 0
MaterialComments: 0
BoneComments: 0
ModelComment: 0
