// MilkShape 3D ASCII

Frames: 30
Frame: 1

Meshes: 1
"hirise" 0 0
20
0 -21.854753 146.134247 21.855392 0.470020 0.368826 -1
0 21.856916 146.134247 21.855392 0.479821 0.368826 -1
0 21.856916 146.134293 -21.856260 0.479821 0.363972 -1
0 -21.854753 146.134293 -21.856260 0.470020 0.363972 -1
0 -21.854753 0.065994 21.855402 0.313536 0.510861 -1
0 21.856916 0.065994 21.855402 0.612666 0.510861 -1
0 21.856916 146.134247 21.855392 0.612666 0.001615 -1
0 -21.854753 146.134247 21.855392 0.313536 0.001615 -1
0 21.856916 0.065994 21.855402 0.613792 0.510830 -1
0 21.856916 0.065979 -21.856260 0.313203 0.510831 -1
0 21.856916 146.134293 -21.856260 0.313203 0.002207 -1
0 21.856916 146.134247 21.855392 0.613792 0.002207 -1
0 21.856916 0.065979 -21.856260 0.612666 0.510861 -1
0 -21.854753 0.065979 -21.856260 0.313536 0.510861 -1
0 -21.854753 146.134293 -21.856260 0.313536 0.001615 -1
0 21.856916 146.134293 -21.856260 0.612666 0.001615 -1
0 -21.854753 0.065979 -21.856260 0.313203 0.510831 -1
0 -21.854753 0.065994 21.855402 0.613792 0.510830 -1
0 -21.854753 146.134247 21.855392 0.613792 0.002207 -1
0 -21.854753 146.134293 -21.856260 0.313203 0.002207 -1
5
0.000000 1.000000 0.000001
0.000000 0.000000 1.000000
1.000000 0.000000 0.000000
0.000000 0.000000 -1.000000
-1.000000 0.000000 0.000000
10
0 0 1 2 0 0 0 1
0 2 3 0 0 0 0 1
0 4 5 6 1 1 1 2
0 6 7 4 1 1 1 2
0 8 9 10 2 2 2 3
0 10 11 8 2 2 2 3
0 12 13 14 3 3 3 4
0 14 15 12 3 3 3 4
0 16 17 18 4 4 4 5
0 18 19 16 4 4 4 5

Materials: 1
"build4"
0.800000 0.800000 0.800000 1.000000
0.800000 0.800000 0.800000 1.000000
0.000000 0.000000 0.000000 1.000000
0.000000 0.000000 0.000000 1.000000
13.000000
1.000000
".\builds5.bmp"
""

Bones: 0
GroupComments: 0
MaterialComments: 0
BoneComments: 0
ModelComment: 0
