// MilkShape 3D ASCII

Frames: 48
Frame: 1

Meshes: 1
"body" 0 0
422
0 -1.094151 7.559704 0.402811 0.216017 0.291608 0
0 -1.552856 9.027592 0.375216 0.201166 0.159239 1
0 -1.801119 8.957348 -0.306032 0.193127 0.165573 1
0 -1.454069 7.645805 -0.328636 0.204364 0.283844 0
0 -1.445336 6.361490 -0.362009 0.204647 0.399659 0
0 -1.233410 6.303398 0.327149 0.211508 0.404898 0
0 -1.094151 7.559704 -0.941320 0.715185 0.292355 0
0 -1.233410 6.303398 -1.146812 0.710694 0.405949 0
0 -1.445336 6.361490 -0.362009 0.703861 0.400697 0
0 -1.454069 7.645805 -0.328636 0.703579 0.284570 0
0 -1.801119 8.957348 -0.306032 0.692389 0.165981 1
0 -1.445834 9.175497 -0.985916 0.703845 0.146256 1
0 1.415381 6.361490 -0.362009 0.796102 0.400697 0
0 1.203455 6.303398 -1.146812 0.789269 0.405949 0
0 1.065352 7.559704 -0.941320 0.784816 0.292355 0
0 1.425270 7.645805 -0.328636 0.796421 0.284570 0
0 1.065352 7.559704 0.402811 0.285936 0.291608 0
0 1.203455 6.303398 0.327149 0.290407 0.404898 0
0 1.415381 6.361490 -0.362009 0.297269 0.399659 0
0 1.425270 7.645805 -0.328636 0.297589 0.283844 0
0 1.772319 8.957348 -0.306032 0.308826 0.165573 1
0 1.524057 9.027592 0.375216 0.300788 0.159239 1
0 1.417034 9.175497 -0.985916 0.796155 0.146256 1
0 1.772319 8.957348 -0.306032 0.807611 0.165981 1
0 -0.663927 6.129124 0.553900 0.229947 0.420613 0
0 -0.014400 7.301402 0.579567 0.250977 0.314901 0
0 -0.014400 8.934750 0.707184 0.250977 0.167611 1
0 0.633878 6.129124 0.553900 0.271966 0.420613 0
0 -0.015199 5.660481 0.530169 0.250951 0.462874 0
0 0.633878 6.129124 -1.261684 0.770903 0.421707 0
0 -0.014400 7.301402 -1.186620 0.750000 0.315711 0
0 -0.014400 8.934750 -1.309835 0.750000 0.168024 1
0 -0.663927 6.129124 -1.261684 0.729057 0.421707 0
0 -0.015199 5.660481 -1.245376 0.749974 0.464082 0
0 -1.382502 4.987251 -0.906959 0.705887 0.524954 16
0 -1.265493 3.629667 -0.613577 0.709660 0.647706 17
0 -1.394746 3.636979 -0.373133 0.705492 0.647045 17
0 -1.530084 5.016506 -0.373133 0.701128 0.522309 16
0 -1.382502 4.987251 0.246988 0.206681 0.523584 16
0 -1.530084 5.016506 -0.373133 0.201903 0.520946 16
0 -1.394746 3.636979 -0.373133 0.206285 0.645347 17
0 -1.265493 3.629665 0.169581 0.210470 0.646006 17
0 -0.877736 3.607726 0.349421 0.223024 0.647985 17
0 -0.940902 4.899494 0.453692 0.220979 0.531497 16
0 -0.474405 4.811737 0.246988 0.236083 0.539411 16
0 -0.489979 3.585788 0.169581 0.235579 0.649963 17
0 -0.360727 3.578473 -0.373133 0.239763 0.650623 17
0 -0.223250 4.782484 -0.373133 0.244215 0.542049 16
0 -0.015648 5.353139 -0.373133 0.250936 0.490589 0
0 -0.474405 4.811737 -0.906959 0.735168 0.540824 16
0 -0.015648 5.353139 -0.373133 0.749960 0.491871 0
0 -0.223250 4.782484 -0.373133 0.743266 0.543469 16
0 -0.360727 3.578473 -0.373133 0.738833 0.652335 17
0 -0.489979 3.585788 -0.613577 0.734665 0.651674 17
0 -0.877736 3.607726 -0.793417 0.722163 0.649690 17
0 -0.940902 4.899494 -1.113668 0.720126 0.532889 16
0 0.440610 4.811737 0.246988 0.265709 0.539411 13
0 0.452439 3.585788 0.169581 0.266092 0.649963 14
0 0.840196 3.607726 0.349421 0.278646 0.647985 14
0 0.907108 4.899494 0.453692 0.280813 0.531497 13
0 1.349080 4.987251 0.246988 0.295122 0.523584 13
0 1.227954 3.629665 0.169581 0.291201 0.646006 14
0 1.357206 3.636979 -0.373133 0.295386 0.645347 14
0 1.496662 5.016506 -0.373133 0.299901 0.520946 13
0 1.349080 4.987251 -0.906959 0.793964 0.524954 13
0 1.496662 5.016506 -0.373133 0.798723 0.522309 13
0 1.357206 3.636979 -0.373133 0.794226 0.647045 14
0 1.227954 3.629665 -0.613577 0.790059 0.647706 14
0 0.840196 3.607726 -0.793417 0.777556 0.649690 14
0 0.907108 4.899494 -1.113668 0.779713 0.532889 13
0 0.440610 4.811737 -0.906959 0.764671 0.540824 13
0 0.452439 3.585788 -0.613577 0.765053 0.651674 14
0 0.323186 3.578473 -0.373133 0.760885 0.652335 14
0 0.189456 4.782484 -0.373133 0.756573 0.543469 13
0 0.189456 4.782484 -0.373133 0.257577 0.542049 13
0 0.323186 3.578473 -0.373133 0.261907 0.650623 14
0 0.483644 2.584741 0.089407 0.374919 0.767586 14
0 0.393054 0.824108 -0.062864 0.358896 0.916515 15
0 0.761639 1.029399 0.104803 0.375436 0.899260 14
0 0.830367 2.584741 0.243588 0.390009 0.767699 14
0 0.483644 2.584741 0.089407 0.267102 0.740234 14
0 0.830367 2.584741 0.243588 0.278328 0.740234 14
0 1.177088 2.584741 0.089407 0.289554 0.740234 14
0 1.113730 0.824108 -0.062864 0.358896 0.916515 15
0 1.177088 2.584741 0.089407 0.374919 0.767586 14
0 1.194778 1.079955 -0.373133 0.328692 0.894628 14
0 1.292662 2.584741 -0.373133 0.329650 0.767246 14
0 1.292662 2.584741 -0.373133 0.293296 0.740234 14
0 1.177088 2.584741 -0.835672 0.788418 0.742188 14
0 1.292662 2.584741 -0.373133 0.792145 0.742188 14
0 1.086493 1.079955 -0.744987 0.292298 0.894355 14
0 1.177088 2.584741 -0.835672 0.284381 0.766905 14
0 0.761639 1.079955 -0.880377 0.279048 0.894255 14
0 0.830366 2.584741 -0.989857 0.269290 0.766792 14
0 0.830366 2.584741 -0.989857 0.777239 0.742188 14
0 0.483644 2.584741 -0.835672 0.766059 0.742188 14
0 0.436785 1.079955 -0.744987 0.292298 0.894355 14
0 0.483644 2.584741 -0.835672 0.284381 0.766905 14
0 0.328500 1.079955 -0.373133 0.328692 0.894628 14
0 0.368071 2.584741 -0.373133 0.329650 0.767246 14
0 0.368071 2.584741 -0.373133 0.762332 0.742188 14
0 0.368071 2.584741 -0.373133 0.263360 0.740234 14
0 -1.215761 2.584741 -0.835672 0.284381 0.766905 17
0 -1.125165 1.079955 -0.744987 0.292298 0.894355 17
0 -1.233450 1.079955 -0.373133 0.328692 0.894628 17
0 -1.331335 2.584741 -0.373133 0.329650 0.767246 17
0 -1.215761 2.584741 -0.835672 0.711263 0.742188 17
0 -1.331335 2.584741 -0.373133 0.707537 0.742188 17
0 -1.215761 2.584741 0.089407 0.212080 0.740234 17
0 -1.331335 2.584741 -0.373133 0.208338 0.740234 17
0 -1.152402 0.824108 -0.062864 0.358896 0.916515 18
0 -1.215761 2.584741 0.089407 0.374919 0.767586 17
0 -0.800312 1.029399 0.104803 0.375436 0.899260 17
0 -0.869039 2.584741 0.243588 0.390009 0.767699 17
0 -0.869039 2.584741 0.243588 0.223306 0.740234 17
0 -0.522317 2.584741 0.089407 0.234532 0.740234 17
0 -0.431727 0.824108 -0.062864 0.358896 0.916515 18
0 -0.522317 2.584741 0.089407 0.374919 0.767586 17
0 -0.367173 1.079955 -0.373133 0.328692 0.894628 17
0 -0.406743 2.584741 -0.373133 0.329650 0.767246 17
0 -0.406743 2.584741 -0.373133 0.238274 0.740234 17
0 -0.522317 2.584741 -0.835672 0.733623 0.742188 17
0 -0.406743 2.584741 -0.373133 0.737349 0.742188 17
0 -0.475458 1.079955 -0.744987 0.292298 0.894355 17
0 -0.522317 2.584741 -0.835672 0.284381 0.766905 17
0 -0.800312 1.079955 -0.880377 0.279048 0.894255 17
0 -0.869039 2.584741 -0.989857 0.269290 0.766792 17
0 -0.869039 2.584741 -0.989857 0.722443 0.742188 17
0 -1.094967 -0.016009 -0.373133 0.007813 0.939483 18
0 -1.060764 -0.044085 -0.782372 0.014123 0.983370 17
0 -0.777402 -0.045445 -0.882805 0.066406 0.994141 17
0 -0.777402 -0.045147 -0.373133 0.066406 0.939483 18
0 -0.777402 -0.045147 0.035000 0.066406 0.895714 18
0 -1.094967 -0.016009 0.035000 0.007813 0.895714 18
0 -0.459838 -0.016009 -0.373133 0.125000 0.939483 18
0 -0.459838 -0.016009 0.035000 0.125000 0.895714 18
0 -0.509156 -0.044085 -0.782372 0.115900 0.983370 17
0 0.738730 -0.045147 0.035000 0.066406 0.895714 15
0 0.421165 -0.016009 0.035000 0.007813 0.895714 15
0 0.421165 -0.016009 -0.373133 0.007813 0.939483 15
0 0.738730 -0.045147 -0.373133 0.066406 0.939483 15
0 1.056295 -0.016009 -0.373133 0.125000 0.939483 15
0 1.056295 -0.016009 0.035000 0.125000 0.895714 15
0 0.738730 -0.045445 -0.882805 0.066406 0.994141 14
0 1.022092 -0.044085 -0.782372 0.118689 0.983370 14
0 0.470483 -0.044085 -0.782372 0.016912 0.983370 14
0 -1.094967 0.248788 -0.760504 0.290251 0.964703 17
0 -1.060764 -0.044085 -0.782372 0.287924 0.989479 17
0 -1.094967 -0.016009 -0.373133 0.327995 0.987404 18
0 -1.200822 0.248788 -0.373133 0.328163 0.964988 18
0 -1.200822 0.248788 0.035000 0.368108 0.965289 18
0 -1.094967 -0.016009 0.035000 0.367939 0.987704 18
0 -0.353983 0.248788 0.035000 0.368108 0.965289 18
0 -0.459838 -0.016009 0.035000 0.367939 0.987704 18
0 -0.459838 -0.016009 -0.373133 0.327995 0.987404 18
0 -0.353983 0.248788 -0.373133 0.328163 0.964988 18
0 -0.459838 0.248788 -0.760504 0.290251 0.964703 17
0 -0.509156 -0.044085 -0.782372 0.287924 0.989479 17
0 -0.777402 -0.045445 -0.882805 0.278094 0.989520 17
0 -0.777402 0.248788 -0.889627 0.277613 0.964608 17
0 1.162150 0.248788 0.035000 0.368108 0.965289 15
0 1.056295 -0.016009 0.035000 0.367939 0.987704 15
0 1.056295 -0.016009 -0.373133 0.327995 0.987404 15
0 1.162150 0.248788 -0.373133 0.328163 0.964988 15
0 1.056295 0.248788 -0.760504 0.290251 0.964703 14
0 1.022092 -0.044085 -0.782372 0.287924 0.989479 14
0 0.738730 -0.045445 -0.882805 0.278094 0.989520 14
0 0.738730 0.248788 -0.889627 0.277613 0.964608 14
0 0.421165 0.248788 -0.760504 0.290251 0.964703 14
0 0.470483 -0.044085 -0.782372 0.287924 0.989479 14
0 0.421165 -0.016009 -0.373133 0.327995 0.987404 15
0 0.315310 0.248788 -0.373133 0.328163 0.964988 15
0 0.315310 0.248788 0.035000 0.368108 0.965289 15
0 0.421165 -0.016009 0.035000 0.367939 0.987704 15
0 0.421165 0.248788 1.105028 0.472833 0.966076 15
0 0.503497 0.081216 1.128919 0.475065 0.980279 15
0 0.738730 0.079853 1.284472 0.490288 0.980509 15
0 0.738730 0.248788 1.305023 0.492406 0.966223 15
0 0.738730 0.525228 1.229759 0.485216 0.942766 15
0 0.503497 0.428009 1.074203 0.469930 0.950882 15
0 1.056295 0.248788 1.105028 0.472833 0.966076 15
0 0.973963 0.428009 1.074203 0.469930 0.950882 15
0 0.973963 0.081216 1.128919 0.475065 0.980279 15
0 -1.094967 0.248788 1.105028 0.472833 0.966076 18
0 -1.012635 0.081216 1.128919 0.475065 0.980279 18
0 -0.777402 0.079853 1.284471 0.490288 0.980509 18
0 -0.777402 0.248788 1.305023 0.492406 0.966223 18
0 -0.777402 0.525228 1.229759 0.485216 0.942766 18
0 -1.012635 0.428009 1.074203 0.469930 0.950882 18
0 -0.459838 0.248788 1.105028 0.472833 0.966076 18
0 -0.542169 0.428009 1.074203 0.469930 0.950882 18
0 -0.542169 0.081216 1.128919 0.475065 0.980279 18
0 0.421165 -0.016009 0.505028 0.413942 0.988050 15
0 0.315310 0.248788 0.505028 0.414110 0.965634 15
0 0.421165 0.551683 0.529724 0.416720 0.940012 15
0 0.738730 0.676683 0.529724 0.416799 0.929430 15
0 1.056295 0.551683 0.529724 0.416720 0.940012 15
0 1.162150 0.248788 0.505028 0.414110 0.965634 15
0 1.056295 -0.016009 0.505028 0.413942 0.988050 15
0 1.056295 -0.016009 0.505028 0.125000 0.845307 15
0 0.973963 0.081216 1.128919 0.109809 0.778400 15
0 0.738730 0.079853 1.284472 0.066406 0.761719 15
0 0.738730 -0.045147 0.505028 0.066406 0.845307 15
0 0.421165 -0.016009 0.505028 0.007813 0.845307 15
0 0.503497 0.081216 1.128919 0.023003 0.778400 15
0 -1.094967 -0.016009 0.505028 0.413942 0.988050 18
0 -1.200822 0.248788 0.505028 0.414110 0.965634 18
0 -1.094967 0.551683 0.529724 0.416720 0.940012 18
0 -0.777402 0.676683 0.529724 0.416799 0.929430 18
0 -0.459838 0.551683 0.529724 0.416720 0.940012 18
0 -0.353983 0.248788 0.505028 0.414110 0.965634 18
0 -0.459838 -0.016009 0.505028 0.413942 0.988050 18
0 -0.459838 -0.016009 0.505028 0.125000 0.845307 18
0 -0.542169 0.081216 1.128919 0.109809 0.778400 18
0 -0.777402 0.079853 1.284471 0.066406 0.761719 18
0 -0.777402 -0.045147 0.505028 0.066406 0.845307 18
0 -1.094967 -0.016009 0.505028 0.007813 0.845307 18
0 -1.012635 0.081216 1.128919 0.023003 0.778400 18
0 1.785408 8.802347 -0.284139 0.349909 0.131854 2
0 1.921360 7.454778 -0.301389 0.394067 0.120374 3
0 1.855531 7.471097 -0.023001 0.394067 0.103490 3
0 1.971826 8.829763 0.025869 0.349909 0.103490 2
0 1.527311 9.707968 0.496533 0.300893 0.097884 1
0 2.571687 8.878833 0.100618 0.349909 0.052718 2
0 1.751077 10.096434 0.141476 0.308138 0.062853 1
0 2.236800 7.503614 0.159441 0.394067 0.069843 3
0 2.612358 7.514457 0.039739 0.394067 0.058627 3
0 2.854170 8.893370 -0.066231 0.349909 0.037675 2
0 1.825665 10.262472 -0.360759 0.310553 0.047880 1
0 2.838478 8.878833 -0.380683 0.848525 0.052823 2
0 1.751077 10.096434 -0.851532 0.806926 0.062986 1
0 1.825665 10.262472 -0.360759 0.809331 0.047972 1
0 2.854170 8.893370 -0.066231 0.848525 0.037740 2
0 2.612358 7.514457 0.039739 0.892502 0.058748 3
0 2.841623 7.503614 -0.279987 0.892502 0.069994 3
0 2.779185 7.471097 -0.694076 0.892502 0.103731 3
0 2.447016 8.829763 -0.831397 0.848525 0.103731 2
0 1.527311 9.707968 -1.105340 0.799711 0.098110 1
0 2.075937 8.802347 -0.808267 0.848525 0.132172 2
0 2.488547 7.454778 -0.713474 0.892502 0.120661 3
0 2.131203 7.443936 -0.607000 0.892502 0.131907 3
0 1.781182 8.787807 -0.619280 0.848525 0.147255 2
0 1.781182 8.787807 -0.619280 0.349909 0.146896 2
0 2.131203 7.443936 -0.607000 0.394067 0.131590 3
0 -2.755526 8.865522 -0.382245 0.651475 0.052823 7
0 -2.754472 7.491746 -0.314767 0.607499 0.069994 8
0 -2.542363 7.500421 0.016648 0.607499 0.058748 8
0 -2.776907 8.877157 -0.068009 0.651475 0.037740 7
0 -1.854465 10.262472 -0.360759 0.690669 0.047972 1
0 -1.779876 10.096434 -0.851532 0.693074 0.062986 1
0 -2.497178 8.865522 0.103636 0.152044 0.052718 7
0 -1.779876 10.096434 0.141476 0.193815 0.062853 1
0 -1.854465 10.262472 -0.360759 0.191400 0.047880 1
0 -2.776907 8.877157 -0.068009 0.152044 0.037675 7
0 -2.542363 7.500421 0.016648 0.107886 0.058627 8
0 -2.173480 7.491746 0.155711 0.107886 0.069843 8
0 -1.782861 7.465716 -0.006928 0.107886 0.103490 8
0 -1.895422 8.826243 0.039005 0.152044 0.103490 7
0 -1.556111 9.707968 0.496533 0.201060 0.097884 1
0 -1.703242 8.804304 -0.267904 0.152044 0.131854 7
0 -1.833868 7.452655 -0.288579 0.107886 0.120374 8
0 -2.027325 7.443980 -0.604881 0.107886 0.131590 8
0 -1.692967 8.792668 -0.603026 0.152044 0.146896 7
0 -1.984579 8.804304 -0.797021 0.651475 0.132172 7
0 -1.692967 8.792668 -0.603026 0.651475 0.147255 7
0 -2.027325 7.443980 -0.604881 0.607499 0.131907 8
0 -2.378709 7.452655 -0.729782 0.607499 0.120661 8
0 -2.670124 7.465716 -0.725420 0.607499 0.103731 8
0 -2.355577 8.826243 -0.826421 0.651475 0.103731 7
0 -1.556111 9.707968 -1.105340 0.700289 0.098110 1
0 -2.519197 6.703720 0.088219 0.581976 0.067912 8
0 -2.415460 5.585275 0.058008 0.546064 0.077528 9
0 -2.233585 5.592014 0.151213 0.546064 0.068794 9
0 -2.232471 6.712928 0.214962 0.581976 0.055973 8
0 -1.951563 6.703720 0.078312 0.082258 0.067767 8
0 -2.232471 6.712928 0.214962 0.082258 0.055859 8
0 -2.233585 5.592014 0.151213 0.046198 0.068646 9
0 -2.056286 5.585275 0.051738 0.046198 0.077357 9
0 -2.003347 5.565061 -0.238318 0.046198 0.103490 9
0 -1.810546 6.676087 -0.319392 0.082258 0.103490 8
0 -1.921986 6.661418 -0.527221 0.082258 0.122450 8
0 -2.002448 5.557810 -0.342010 0.046198 0.112860 9
0 -2.243803 5.551073 -0.434172 0.046198 0.121571 9
0 -2.247627 6.652209 -0.653283 0.082258 0.134358 8
0 -2.568676 6.661418 -0.515932 0.581976 0.122742 8
0 -2.247627 6.652209 -0.653283 0.581976 0.134682 8
0 -2.243803 5.551073 -0.434172 0.546064 0.121861 9
0 -2.481791 5.557810 -0.333643 0.546064 0.113127 9
0 -2.559875 5.565061 -0.228604 0.546064 0.103731 9
0 -2.672794 6.676087 -0.304342 0.581976 0.103731 8
0 1.983555 6.664226 -0.467905 0.419696 0.122450 3
0 2.088001 5.563997 -0.274754 0.455755 0.112860 4
0 2.101516 5.573053 -0.172090 0.455755 0.103490 4
0 1.898244 6.682551 -0.248329 0.419696 0.103490 3
0 2.086622 6.717077 0.128679 0.419696 0.067767 3
0 2.189369 5.598312 0.108964 0.455755 0.077357 4
0 2.377454 5.606736 0.185962 0.455755 0.068646 4
0 2.382072 6.728586 0.229897 0.419696 0.055859 3
0 2.651236 6.717077 0.069343 0.918025 0.067912 3
0 2.382072 6.728586 0.229897 0.918025 0.055973 3
0 2.377454 5.606736 0.185962 0.953936 0.068794 4
0 2.546630 5.598312 0.071413 0.953936 0.077528 4
0 2.655080 5.573053 -0.230272 0.953936 0.103731 4
0 2.755902 6.682551 -0.338473 0.918025 0.103731 3
0 2.626804 6.664226 -0.535513 0.918025 0.122743 3
0 2.564793 5.563997 -0.324867 0.953936 0.113127 4
0 2.316337 5.555577 -0.395516 0.953936 0.121861 4
0 2.291427 6.652716 -0.632537 0.918025 0.134682 3
0 2.291427 6.652716 -0.632537 0.419696 0.134358 3
0 2.316337 5.555577 -0.395516 0.455755 0.121571 4
0 2.179608 4.663255 -0.181008 0.485098 0.110704 6
0 2.172753 4.733035 -0.260661 0.482622 0.117336 6
0 2.320030 4.648930 -0.360391 0.485098 0.125525 6
0 2.338040 4.565309 -0.189047 0.488281 0.110704 6
0 2.381945 4.700751 0.228685 0.485098 0.071907 6
0 2.248502 4.769024 0.145051 0.482622 0.080095 6
0 2.494684 4.663255 -0.214124 0.983158 0.110965 6
0 2.495082 4.769024 0.119136 0.980692 0.080274 6
0 2.381945 4.700751 0.228685 0.983158 0.072063 6
0 2.338040 4.565309 -0.189047 0.986328 0.110965 6
0 2.320030 4.648930 -0.360391 0.983158 0.125825 6
0 2.484830 4.733035 -0.293461 0.980692 0.117615 6
0 2.111295 5.236864 -0.320049 0.466186 0.119259 5
0 2.136999 5.184589 -0.152714 0.468350 0.104479 5
0 2.203048 5.265795 0.127653 0.466537 0.078172 5
0 2.379232 5.273953 0.202878 0.466537 0.069733 5
0 2.535930 5.265795 0.092666 0.964673 0.078345 5
0 2.379232 5.273953 0.202878 0.964673 0.069883 5
0 2.583262 5.037715 -0.256375 0.971038 0.110965 5
0 2.532595 5.236864 -0.364330 0.964324 0.119543 5
0 2.312197 5.228704 -0.434910 0.964324 0.128005 5
0 2.312197 5.228704 -0.434910 0.466186 0.127698 5
0 -2.233110 4.685421 0.178357 0.516842 0.072063 11
0 -2.358734 4.755379 0.084619 0.519308 0.080273 11
0 -2.398986 4.655409 -0.248001 0.516842 0.110965 11
0 -2.252852 4.557327 -0.243695 0.513672 0.110965 11
0 -2.082221 4.655409 -0.253530 0.016855 0.110704 11
0 -2.110834 4.755379 0.080292 0.019331 0.080095 11
0 -2.233110 4.685421 0.178357 0.016855 0.071907 11
0 -2.252852 4.557327 -0.243695 0.013672 0.110704 11
0 -2.243462 4.643945 -0.414690 0.016855 0.125525 11
0 -2.085103 4.726569 -0.332194 0.019331 0.117336 11
0 -2.398852 4.726569 -0.326717 0.519308 0.117615 11
0 -2.243462 4.643945 -0.414690 0.516842 0.125825 11
0 -2.402353 5.252464 0.071992 0.535327 0.078345 10
0 -2.233389 5.258984 0.162418 0.535327 0.069883 10
0 -2.067689 5.252464 0.066151 0.035417 0.078172 10
0 -2.233389 5.258984 0.162418 0.035416 0.069733 10
0 -2.036325 5.176251 -0.221551 0.033604 0.104479 10
0 -2.031188 5.231474 -0.389828 0.035767 0.119259 10
0 -2.244592 5.224944 -0.479477 0.035767 0.127698 10
0 -2.454744 5.231474 -0.382435 0.535676 0.119543 10
0 -2.244592 5.224944 -0.479477 0.535676 0.128005 10
0 -2.491937 5.030387 -0.272602 0.528963 0.110965 10
0 0.880662 10.267485 0.165432 0.279956 0.047428 1
0 -0.014400 9.894476 0.689900 0.250977 0.081065 1
0 -0.909462 10.267485 0.165432 0.221997 0.047428 1
0 -0.014400 10.517485 0.349404 0.250977 0.024884 12
0 -0.490237 10.610739 0.044556 0.235570 0.016475 1
0 0.461437 10.610739 0.044556 0.266383 0.016475 1
0 -0.909462 10.267485 -0.896864 0.721140 0.047519 1
0 -0.014400 9.894476 -1.309835 0.750000 0.081246 1
0 0.880662 10.267485 -0.896864 0.778861 0.047519 1
0 -0.014400 10.517485 -1.080841 0.750000 0.024914 12
0 0.461437 10.610739 -0.784416 0.765343 0.016482 1
0 -0.490237 10.610739 -0.784416 0.734657 0.016482 1
0 1.179016 10.391821 -0.373132 0.788481 0.036277 1
0 1.179016 10.391821 -0.373132 0.289616 0.036216 1
0 0.620050 10.641821 -0.371332 0.271518 0.013672 1
0 0.620050 10.641821 -0.371332 0.770457 0.013672 1
0 -0.648849 10.641821 -0.371332 0.230435 0.013672 1
0 -1.207816 10.391821 -0.373132 0.212337 0.036216 1
0 -1.207816 10.391821 -0.373132 0.711519 0.036277 1
0 -0.648849 10.641821 -0.371332 0.729543 0.013672 1
0 -0.014400 12.520748 0.329392 0.626953 0.790762 12
0 0.524507 12.326305 0.147255 0.700397 0.810313 12
0 0.713124 12.520748 -0.373132 0.726103 0.790762 12
0 -0.014400 12.770746 -0.373132 0.626953 0.765625 12
0 -0.741924 12.520748 -0.373132 0.527804 0.790762 12
0 -0.553306 12.326305 0.147255 0.553509 0.810313 12
0 -0.014400 12.520748 -1.331243 0.875977 0.792715 12
0 -0.553306 12.326305 -1.149108 0.803166 0.812266 12
0 -0.741924 12.520748 -0.373132 0.777682 0.792715 12
0 -0.014400 12.770746 -0.373132 0.875977 0.767578 12
0 0.713124 12.520748 -0.373132 0.974271 0.792715 12
0 0.524507 12.326305 -1.149108 0.948788 0.812266 12
0 0.609013 11.391821 0.329392 0.711914 0.904274 12
0 -0.014400 11.391821 0.563572 0.626953 0.904274 12
0 -0.014400 10.517485 0.349404 0.626953 0.992188 12
0 0.461437 10.610739 0.044556 0.691802 0.982811 1
0 -0.637813 11.391821 0.329392 0.541992 0.904274 12
0 -0.490237 10.610739 0.044556 0.562104 0.982811 1
0 -0.845617 11.391821 -0.373132 0.513672 0.904274 12
0 -0.648849 10.641821 -0.371332 0.540488 0.979686 1
0 -0.637813 11.391821 -1.075660 0.791748 0.906227 12
0 -0.490237 10.610739 -0.784416 0.811687 0.984764 1
0 -0.648849 10.641821 -0.371332 0.790257 0.981639 1
0 -0.845617 11.391821 -0.373132 0.763672 0.906227 12
0 -0.014400 11.391821 -1.309835 0.875977 0.906227 12
0 -0.014400 10.517485 -1.080841 0.875977 0.994141 12
0 0.609013 11.391821 -1.075660 0.960205 0.906227 12
0 0.461437 10.610739 -0.784416 0.940266 0.984764 1
0 0.816817 11.391821 -0.373132 0.988281 0.906227 12
0 0.620050 10.641821 -0.371332 0.961696 0.981639 1
0 0.620050 10.641821 -0.371332 0.713418 0.979686 1
0 0.816817 11.391821 -0.373132 0.740234 0.904274 12
0 -2.086788 5.366429 0.559815 0.037984 0.033084 10
0 -2.091572 5.535772 0.557120 0.043459 0.032268 9
0 -2.224775 5.542510 0.655819 0.043459 0.023557 9
0 -2.224780 5.372958 0.655596 0.037984 0.024644 10
0 -2.224775 5.542510 0.655819 0.543337 0.023584 9
0 -2.361346 5.535772 0.561827 0.543337 0.032318 9
0 -2.366033 5.366429 0.564688 0.537884 0.033136 10
0 -2.224780 5.372958 0.655596 0.537884 0.024674 10
0 2.559714 5.388360 0.584063 0.962116 0.033136 5
0 2.554405 5.557625 0.578853 0.956663 0.032318 4
0 2.430292 5.566043 0.688661 0.956663 0.023584 4
0 2.430576 5.396517 0.691375 0.962116 0.024674 5
0 2.430292 5.566043 0.688661 0.458494 0.023557 4
0 2.286064 5.557625 0.607057 0.458494 0.032269 4
0 2.281951 5.388360 0.613255 0.463969 0.033084 5
0 2.430576 5.396517 0.691375 0.463969 0.024644 5
422
-0.643630 -0.074171 0.761735
-0.556840 -0.037620 0.829767
-0.168738 0.734557 0.657232
-0.895637 -0.129770 0.425433
-0.946003 0.054804 0.319492
-0.732746 0.040974 0.679267
-0.607169 -0.010015 -0.794510
-0.679689 0.070314 -0.730123
-0.941431 0.070611 -0.329729
-0.863808 -0.106034 -0.492537
-0.520438 -0.221340 -0.824714
-0.241306 -0.421483 -0.874142
0.941582 0.068949 -0.329650
0.679859 0.069111 -0.730079
0.607194 -0.010288 -0.794487
0.863795 -0.106421 -0.492476
0.643640 -0.074474 0.761696
0.732899 0.039694 0.679179
0.946127 0.053141 0.319404
0.895608 -0.130169 0.425372
-0.181285 -0.835349 0.518968
0.470658 -0.249349 0.846349
0.247639 -0.423875 -0.871209
0.497285 -0.262746 -0.826844
-0.140266 -0.054872 0.988592
0.000007 -0.011211 0.999937
-0.000000 -0.071312 0.997454
0.140288 -0.055139 0.988574
-0.000368 -0.431453 0.902135
0.103887 -0.034706 -0.993983
0.000009 0.049754 -0.998761
-0.000000 -0.106110 -0.994354
-0.103872 -0.034491 -0.993992
-0.000358 -0.449865 -0.893096
-0.732133 -0.106295 -0.672817
-0.687780 -0.045565 -0.724488
-0.929130 -0.067834 -0.363477
-0.963946 -0.015791 -0.265627
-0.766111 -0.030287 0.641995
-0.972863 -0.017998 0.230681
-0.969535 -0.078493 0.232036
-0.772765 -0.093660 0.627744
-0.007606 -0.090996 0.995822
-0.023875 -0.078569 0.996623
0.676153 -0.215436 0.704560
0.771735 -0.062679 0.632848
0.960721 -0.056869 0.271626
0.902130 -0.212680 0.375404
-0.001346 -0.836130 0.548530
0.624418 -0.277353 -0.730190
-0.001280 -0.809509 -0.587106
0.880693 -0.207687 -0.425729
0.912233 -0.049328 -0.406692
0.687088 -0.022157 -0.726236
-0.012819 -0.026211 -0.999574
-0.039912 -0.177795 -0.983258
-0.676719 -0.213298 0.704667
-0.771836 -0.061067 0.632882
0.007537 -0.091010 0.995821
0.023691 -0.078654 0.996620
0.766104 -0.032445 0.641898
0.772656 -0.095235 0.627640
0.969393 -0.080460 0.231954
0.972841 -0.020686 0.230550
0.732031 -0.108326 -0.672604
0.963940 -0.018455 -0.265480
0.929034 -0.069704 -0.363370
0.687758 -0.046941 -0.724421
0.012737 -0.026242 -0.999574
0.039684 -0.177921 -0.983244
-0.625035 -0.275412 -0.730397
-0.687146 -0.020753 -0.726223
-0.912339 -0.047438 -0.406679
-0.881347 -0.204604 -0.425868
-0.902814 -0.209528 0.375532
-0.960839 -0.054864 0.271620
-0.764766 -0.018837 0.644033
-0.864644 0.234219 0.444446
0.001838 0.418951 0.908007
-0.000644 -0.088850 0.996045
-0.767527 -0.074618 0.636659
-0.000161 -0.102904 0.994691
0.768404 -0.086666 0.634070
0.871966 0.182025 0.454470
0.764724 -0.086392 0.638541
0.999040 -0.028769 -0.033043
0.997891 -0.064912 -0.000000
0.968459 -0.059404 0.241987
0.722901 0.092235 -0.684768
0.968459 -0.059404 -0.241987
0.744481 -0.049733 -0.665788
0.753166 -0.083446 -0.652517
-0.000221 -0.028021 -0.999607
-0.000545 -0.072538 -0.997366
0.000290 0.188578 -0.982058
-0.725899 0.106960 -0.679434
-0.745476 0.004756 -0.666515
-0.755699 -0.014702 -0.654755
-0.998545 0.042907 -0.032679
-0.999654 0.026288 -0.000000
-0.969243 -0.043778 -0.242182
-0.969243 -0.043778 0.242182
-0.753166 -0.083446 -0.652517
-0.744481 -0.049733 -0.665788
-0.999040 -0.028769 -0.033043
-0.997891 -0.064912 -0.000000
-0.722853 0.093009 -0.684713
-0.968518 -0.058365 -0.242003
-0.768456 -0.085839 0.634119
-0.968519 -0.058365 0.242003
-0.871966 0.182025 0.454470
-0.764723 -0.086392 0.638541
-0.001838 0.418951 0.908007
0.000644 -0.088850 0.996045
0.000143 -0.102905 0.994691
0.767469 -0.075481 0.636627
0.864644 0.234219 0.444446
0.764766 -0.018837 0.644033
0.998545 0.042907 -0.032679
0.999654 0.026287 -0.000000
0.969195 -0.044881 0.242171
0.725941 0.106155 -0.679515
0.969195 -0.044881 -0.242171
0.745477 0.004756 -0.666515
0.755698 -0.014702 -0.654755
0.000220 -0.028021 -0.999607
0.000544 -0.072538 -0.997365
-0.000257 0.188578 -0.982058
-0.063618 -0.997817 0.017699
0.020059 -0.997338 0.070100
-0.000369 -0.999364 0.035669
-0.000000 -1.000000 0.000292
-0.000000 -1.000000 0.000000
-0.091372 -0.995817 0.000000
0.063252 -0.997837 0.017928
0.091372 -0.995817 0.000000
-0.021531 -0.997243 0.071011
-0.000000 -1.000000 0.000000
-0.091372 -0.995817 0.000000
-0.063252 -0.997837 0.017928
-0.000000 -1.000000 0.000292
0.063618 -0.997817 0.017699
0.091372 -0.995817 0.000000
0.000369 -0.999364 0.035669
-0.020059 -0.997338 0.070100
0.021531 -0.997243 0.071011
-0.753563 -0.074742 -0.653113
-0.792235 -0.047094 -0.608396
-0.948323 -0.306723 -0.081272
-0.969704 -0.206653 -0.130263
-0.990105 -0.124123 0.065461
-0.928554 -0.371197 0.000000
0.992590 -0.105515 0.060271
0.928554 -0.371198 0.000000
0.943894 -0.317963 -0.089234
0.974932 -0.179879 -0.130964
0.752801 -0.063126 -0.655214
0.784188 -0.086169 -0.614511
0.004501 -0.000186 -0.999990
-0.000022 -0.006028 -0.999982
0.990105 -0.124123 0.065461
0.928554 -0.371199 0.000000
0.948322 -0.306724 -0.081271
0.969704 -0.206653 -0.130263
0.753562 -0.074742 -0.653113
0.792235 -0.047095 -0.608396
-0.004501 -0.000186 -0.999990
0.000022 -0.006028 -0.999982
-0.752801 -0.063126 -0.655214
-0.784188 -0.086169 -0.614511
-0.943894 -0.317963 -0.089234
-0.974932 -0.179879 -0.130964
-0.992590 -0.105515 0.060271
-0.928554 -0.371197 0.000000
-0.829171 0.048984 0.556845
-0.780221 -0.305520 0.545814
0.000000 -0.150202 0.988655
0.000000 0.073081 0.997326
0.000000 0.767634 0.640888
-0.700993 0.581739 0.412539
0.829171 0.048984 0.556845
0.700993 0.581739 0.412539
0.780221 -0.305520 0.545813
-0.829171 0.048984 0.556845
-0.780221 -0.305520 0.545813
-0.000000 -0.150202 0.988655
0.000000 0.073081 0.997326
0.000000 0.767634 0.640888
-0.700993 0.581739 0.412539
0.829171 0.048984 0.556845
0.700993 0.581739 0.412539
0.780221 -0.305520 0.545813
-0.920188 -0.381850 0.086282
-0.995859 -0.025197 0.087351
-0.748334 0.607917 0.265392
-0.001508 0.897845 0.440308
0.752810 0.597943 0.275210
0.995859 -0.025197 0.087351
0.920188 -0.381850 0.086281
0.097761 -0.991852 0.081691
0.116732 -0.978860 0.167946
0.000000 -0.986507 0.163720
-0.000000 -0.996841 0.079429
-0.097761 -0.991852 0.081691
-0.116732 -0.978860 0.167946
-0.920188 -0.381850 0.086281
-0.995859 -0.025197 0.087351
-0.752811 0.597943 0.275210
0.001508 0.897845 0.440308
0.748335 0.607917 0.265392
0.995859 -0.025197 0.087351
0.920188 -0.381850 0.086282
0.097761 -0.991852 0.081691
0.116732 -0.978860 0.167946
-0.000000 -0.986507 0.163720
-0.000000 -0.996841 0.079429
-0.097761 -0.991852 0.081691
-0.116732 -0.978860 0.167946
-0.972755 -0.226066 0.051404
-0.914472 -0.036861 -0.402967
-0.886244 -0.003816 0.463204
-0.495344 -0.303247 0.814049
0.230111 0.050508 0.971853
0.293920 0.138723 0.945710
0.464059 0.664311 0.585952
-0.070981 0.017186 0.997330
0.213493 0.042265 0.976030
0.484679 0.239002 0.841406
0.431273 0.775434 0.461201
0.917662 0.262800 -0.298048
0.466546 0.604341 -0.645838
0.525241 0.803599 -0.279911
0.972501 0.225317 -0.058949
0.844832 -0.003591 0.535021
0.968842 -0.050844 0.242404
0.733681 -0.115944 -0.669529
0.374281 0.043354 -0.926301
0.274072 0.115446 -0.954755
-0.236642 -0.167567 -0.957038
-0.102127 -0.168858 -0.980335
-0.211733 -0.123302 -0.969518
-0.508402 0.400942 -0.762085
-0.985683 -0.167454 0.019696
-0.837427 -0.092363 -0.538689
-0.921672 0.228945 -0.313216
-0.977159 -0.087271 0.193765
-0.847031 -0.014185 0.531354
-0.977291 0.198616 -0.073850
-0.548800 0.786686 -0.282742
-0.487591 0.589452 -0.644050
-0.325338 0.118472 0.938147
-0.487323 0.648299 0.585000
-0.451673 0.762776 0.462780
-0.503604 0.219461 0.835595
-0.223835 0.027322 0.974244
0.019021 -0.025093 0.999504
0.885739 0.002207 0.464178
0.493392 -0.278371 0.824059
-0.242884 0.064422 0.967914
0.998652 0.011684 0.050572
0.934295 -0.040867 -0.354151
0.840407 -0.081963 -0.535722
0.986308 0.163070 0.024580
0.267842 -0.149940 -0.951724
0.506550 0.451830 -0.734342
0.217411 -0.116998 -0.969043
0.152259 -0.193759 -0.969162
-0.729781 -0.111579 -0.674515
-0.365104 0.024384 -0.930647
-0.284171 0.098294 -0.953722
-0.803079 -0.050034 0.593768
-0.781131 0.401220 0.478391
-0.410752 0.380601 0.828508
-0.404531 0.009279 0.914477
0.620734 -0.046581 0.782636
0.435850 0.164351 0.884886
0.387316 0.633261 0.670050
0.938869 0.165295 0.301999
0.993753 -0.098323 0.052797
0.993414 -0.091317 -0.069205
0.788332 -0.069197 -0.611347
0.827297 -0.071961 -0.557137
0.366048 -0.032659 -0.930023
0.361485 -0.112586 -0.925556
-0.489740 -0.180179 -0.853048
-0.393544 -0.009370 -0.919258
-0.398280 -0.032659 -0.916683
-0.618961 -0.054987 -0.783495
-0.993637 -0.093241 -0.063185
-0.997432 -0.061074 -0.037410
-0.832280 -0.088415 -0.547259
-0.888894 -0.081419 -0.450819
-0.979733 -0.097083 0.175211
-0.990985 -0.122358 0.054574
-0.551350 -0.032004 0.833660
-0.797570 0.411896 0.440709
-0.339731 0.394733 0.853680
-0.325789 0.139368 0.935114
0.849789 -0.044041 0.525281
0.512583 0.010549 0.858573
0.441654 0.645064 0.623566
0.932823 0.173203 0.315977
0.978700 -0.094633 -0.182185
0.983295 -0.100438 -0.151802
0.415131 -0.182196 -0.891331
0.518974 -0.068837 -0.852014
0.283679 -0.048771 -0.957678
0.279236 -0.055726 -0.958604
-0.471252 -0.132310 -0.872018
-0.476597 -0.048773 -0.877768
-0.878969 -0.472314 0.065823
-0.827044 -0.323416 -0.459783
-0.610832 -0.448987 -0.652146
-0.526185 -0.850311 -0.009984
-0.574520 -0.432320 0.695000
-0.786315 -0.307077 0.536108
0.834379 -0.519138 -0.185225
0.880594 -0.307076 0.360913
0.706463 -0.432320 0.560366
0.512603 -0.850316 -0.119166
0.461885 -0.448990 -0.764899
0.713375 -0.323420 -0.621689
-0.892193 -0.069382 -0.446294
-0.978346 -0.085121 0.188662
-0.884165 -0.157819 0.439710
-0.221055 -0.779282 0.586391
0.866848 -0.322373 0.380330
0.441524 -0.594785 0.671779
0.956326 -0.184911 -0.226380
0.601191 -0.068996 -0.796121
0.305098 -0.003437 -0.952315
-0.496436 -0.003438 -0.868066
-0.638636 -0.435053 0.634723
-0.830139 -0.314897 0.460118
-0.855822 -0.508887 -0.092752
-0.554024 -0.828864 -0.077734
0.876381 -0.479195 -0.048247
0.845696 -0.314895 0.430859
0.649705 -0.450500 0.612318
0.493180 -0.866122 -0.081274
0.523606 -0.444415 -0.726864
0.764753 -0.313882 -0.562700
-0.783919 -0.313886 -0.535674
-0.555165 -0.427690 -0.713354
-0.882675 -0.183622 0.432630
-0.271583 -0.788935 0.551203
0.873327 -0.313942 0.372478
0.381162 -0.607148 0.697199
0.994020 -0.086598 0.066527
0.831133 -0.059994 -0.552828
0.386945 0.012542 -0.922018
-0.693754 -0.056263 -0.718011
-0.418877 0.012541 -0.907957
-0.976844 -0.182696 -0.111348
0.294177 0.764465 0.573631
-0.000000 0.397446 0.917625
-0.294177 0.764465 0.573631
-0.000000 0.581259 0.813718
-0.456707 0.734526 0.501886
0.456707 0.734526 0.501886
-0.298716 0.722304 -0.623736
0.000000 0.295403 -0.955373
0.298716 0.722304 -0.623736
-0.000000 0.509949 -0.860205
0.458266 0.727137 -0.511140
-0.458266 0.727137 -0.511140
0.283025 0.884374 -0.371186
0.279655 0.889902 0.360371
0.471410 0.814187 0.338928
0.471041 0.811948 -0.344760
-0.471410 0.814187 0.338928
-0.279655 0.889902 0.360371
-0.283025 0.884374 -0.371186
-0.471041 0.811949 -0.344760
-0.000000 0.626143 0.779708
0.637067 0.425080 0.643003
0.735214 0.542757 0.406049
-0.000000 0.942125 0.335262
-0.735214 0.542757 0.406049
-0.637067 0.425080 0.643003
-0.000000 0.573004 -0.819552
-0.693182 0.359760 -0.624557
-0.767570 0.558116 -0.315187
-0.000000 0.967603 -0.252475
0.767570 0.558116 -0.315187
0.693182 0.359760 -0.624557
0.744181 -0.067855 0.664522
-0.000000 -0.017949 0.999839
-0.000000 -0.340028 0.940415
0.756212 -0.345511 0.555667
-0.744181 -0.067855 0.664522
-0.756212 -0.345511 0.555667
-0.955939 -0.078905 0.282763
-0.916501 -0.265816 0.298944
-0.740683 -0.149108 -0.655100
-0.751361 -0.350450 -0.559144
-0.915672 -0.267902 -0.299622
-0.955890 -0.079543 -0.282748
-0.000000 -0.137357 -0.990522
-0.000000 -0.350075 -0.936722
0.740683 -0.149108 -0.655100
0.751360 -0.350450 -0.559144
0.955891 -0.079543 -0.282747
0.915672 -0.267902 -0.299621
0.916501 -0.265816 0.298944
0.955939 -0.078905 0.282763
0.831929 -0.239287 0.500635
0.617791 0.695676 0.366564
0.541569 0.428000 0.723546
0.316466 -0.793184 0.520296
-0.433672 0.658643 0.614913
-0.873527 0.328632 0.359099
-0.622219 -0.510509 0.593485
-0.406571 -0.614722 0.675882
0.872326 -0.231024 0.430900
0.645832 0.702059 0.300024
0.601768 0.440720 0.666064
0.362007 -0.783896 0.504438
-0.379788 0.669139 0.638760
-0.839497 0.335694 0.427263
-0.567195 -0.500272 0.654231
-0.344991 -0.602973 0.719309
620
0 0 1 2 0 1 2 13
0 0 2 3 0 2 3 13
0 4 5 0 4 5 0 13
0 4 0 3 4 0 3 13
0 6 7 8 6 7 8 14
0 6 8 9 6 8 9 14
0 10 11 6 10 11 6 14
0 10 6 9 10 6 9 14
0 12 13 14 12 13 14 14
0 12 14 15 12 14 15 14
0 16 17 18 16 17 18 13
0 16 18 19 16 18 19 13
0 20 21 16 20 21 16 13
0 20 16 19 20 16 19 13
0 14 22 23 14 22 23 14
0 14 23 15 14 23 15 14
0 0 5 24 0 5 24 13
0 0 24 25 0 24 25 13
0 26 1 0 26 1 0 13
0 26 0 25 26 0 25 13
0 16 21 26 16 21 26 13
0 16 26 25 16 26 25 13
0 27 17 16 27 17 16 13
0 27 16 25 27 16 25 13
0 24 28 27 24 28 27 13
0 24 27 25 24 27 25 13
0 14 13 29 14 13 29 14
0 14 29 30 14 29 30 14
0 31 22 14 31 22 14 14
0 31 14 30 31 14 30 14
0 6 11 31 6 11 31 14
0 6 31 30 6 31 30 14
0 32 7 6 32 7 6 14
0 32 6 30 32 6 30 14
0 29 33 32 29 33 32 14
0 29 32 30 29 32 30 14
0 34 35 36 34 35 36 14
0 34 36 37 34 36 37 14
0 8 7 34 8 7 34 14
0 8 34 37 8 34 37 14
0 38 5 4 38 5 4 13
0 38 4 39 38 4 39 13
0 40 41 38 40 41 38 13
0 40 38 39 40 38 39 13
0 38 41 42 38 41 42 13
0 38 42 43 38 42 43 13
0 24 5 38 24 5 38 13
0 24 38 43 24 38 43 13
0 44 28 24 44 28 24 13
0 44 24 43 44 24 43 13
0 42 45 44 42 45 44 13
0 42 44 43 42 44 43 13
0 44 45 46 44 45 46 13
0 44 46 47 44 46 47 13
0 48 28 44 48 28 44 13
0 48 44 47 48 44 47 13
0 49 33 50 49 33 50 14
0 49 50 51 49 50 51 14
0 52 53 49 52 53 49 14
0 52 49 51 52 49 51 14
0 49 53 54 49 53 54 14
0 49 54 55 49 54 55 14
0 32 33 49 32 33 49 14
0 32 49 55 32 49 55 14
0 34 7 32 34 7 32 14
0 34 32 55 34 32 55 14
0 54 35 34 54 35 34 14
0 54 34 55 54 34 55 14
0 56 57 58 56 57 58 13
0 56 58 59 56 58 59 13
0 27 28 56 27 28 56 13
0 27 56 59 27 56 59 13
0 60 17 27 60 17 27 13
0 60 27 59 60 27 59 13
0 58 61 60 58 61 60 13
0 58 60 59 58 60 59 13
0 60 61 62 60 61 62 13
0 60 62 63 60 62 63 13
0 18 17 60 18 17 60 13
0 18 60 63 18 60 63 13
0 64 13 12 64 13 12 14
0 64 12 65 64 12 65 14
0 66 67 64 66 67 64 14
0 66 64 65 66 64 65 14
0 64 67 68 64 67 68 14
0 64 68 69 64 68 69 14
0 29 13 64 29 13 64 14
0 29 64 69 29 64 69 14
0 70 33 29 70 33 29 14
0 70 29 69 70 29 69 14
0 68 71 70 68 71 70 14
0 68 70 69 68 70 69 14
0 70 71 72 70 71 72 14
0 70 72 73 70 72 73 14
0 50 33 70 50 33 70 14
0 50 70 73 50 70 73 14
0 56 28 48 56 28 48 13
0 56 48 74 56 48 74 13
0 75 57 56 75 57 56 13
0 75 56 74 75 56 74 13
0 76 77 78 76 77 78 11
0 76 78 79 76 78 79 11
0 58 57 80 58 57 80 13
0 58 80 81 58 80 81 13
0 82 61 58 82 61 58 13
0 82 58 81 82 58 81 13
0 78 83 84 78 83 84 11
0 78 84 79 78 84 79 11
0 84 83 85 84 83 85 11
0 84 85 86 84 85 86 11
0 62 61 82 62 61 82 13
0 62 82 87 62 82 87 13
0 88 67 66 88 67 66 14
0 88 66 89 88 66 89 14
0 85 90 91 85 90 91 11
0 85 91 86 85 91 86 11
0 91 90 92 91 90 92 11
0 91 92 93 91 92 93 11
0 68 67 88 68 67 88 14
0 68 88 94 68 88 94 14
0 95 71 68 95 71 68 14
0 95 68 94 95 68 94 14
0 92 96 97 92 96 97 11
0 92 97 93 92 97 93 11
0 97 96 98 97 96 98 11
0 97 98 99 97 98 99 11
0 72 71 95 72 71 95 14
0 72 95 100 72 95 100 14
0 80 57 75 80 57 75 13
0 80 75 101 80 75 101 13
0 98 77 76 98 77 76 11
0 98 76 99 98 76 99 11
0 102 103 104 102 103 104 11
0 102 104 105 102 104 105 11
0 36 35 106 36 35 106 14
0 36 106 107 36 106 107 14
0 108 41 40 108 41 40 13
0 108 40 109 108 40 109 13
0 104 110 111 104 110 111 11
0 104 111 105 104 111 105 11
0 111 110 112 111 110 112 11
0 111 112 113 111 112 113 11
0 42 41 108 42 41 108 13
0 42 108 114 42 108 114 13
0 115 45 42 115 45 42 13
0 115 42 114 115 42 114 13
0 112 116 117 112 116 117 11
0 112 117 113 112 117 113 11
0 117 116 118 117 116 118 11
0 117 118 119 117 118 119 11
0 46 45 115 46 45 115 13
0 46 115 120 46 115 120 13
0 121 53 52 121 53 52 14
0 121 52 122 121 52 122 14
0 118 123 124 118 123 124 11
0 118 124 119 118 124 119 11
0 124 123 125 124 123 125 11
0 124 125 126 124 125 126 11
0 54 53 121 54 53 121 14
0 54 121 127 54 121 127 14
0 106 35 54 106 35 54 14
0 106 54 127 106 54 127 14
0 125 103 102 125 103 102 11
0 125 102 126 125 102 126 11
0 128 129 130 128 129 130 12
0 128 130 131 128 130 131 12
0 132 133 128 132 133 128 12
0 132 128 131 132 128 131 12
0 134 135 132 134 135 132 12
0 134 132 131 134 132 131 12
0 130 136 134 130 136 134 12
0 130 134 131 130 134 131 12
0 137 138 139 137 138 139 12
0 137 139 140 137 139 140 12
0 141 142 137 141 142 137 12
0 141 137 140 141 137 140 12
0 143 144 141 143 144 141 12
0 143 141 140 143 141 140 12
0 139 145 143 139 145 143 12
0 139 143 140 139 143 140 12
0 146 147 148 146 147 148 11
0 146 148 149 146 148 149 11
0 104 103 146 104 103 146 11
0 104 146 149 104 146 149 11
0 150 110 104 150 110 104 11
0 150 104 149 150 104 149 11
0 148 151 150 148 151 150 11
0 148 150 149 148 150 149 11
0 152 153 154 152 153 154 11
0 152 154 155 152 154 155 11
0 118 116 152 118 116 152 11
0 118 152 155 118 152 155 11
0 156 123 118 156 123 118 11
0 156 118 155 156 118 155 11
0 154 157 156 154 157 156 11
0 154 156 155 154 156 155 11
0 156 157 158 156 157 158 11
0 156 158 159 156 158 159 11
0 125 123 156 125 123 156 11
0 125 156 159 125 156 159 11
0 146 103 125 146 103 125 11
0 146 125 159 146 125 159 11
0 158 147 146 158 147 146 11
0 158 146 159 158 146 159 11
0 160 161 162 160 161 162 11
0 160 162 163 160 162 163 11
0 85 83 160 85 83 160 11
0 85 160 163 85 160 163 11
0 164 90 85 164 90 85 11
0 164 85 163 164 85 163 11
0 162 165 164 162 165 164 11
0 162 164 163 162 164 163 11
0 164 165 166 164 165 166 11
0 164 166 167 164 166 167 11
0 92 90 164 92 90 164 11
0 92 164 167 92 164 167 11
0 168 96 92 168 96 92 11
0 168 92 167 168 92 167 11
0 166 169 168 166 169 168 11
0 166 168 167 166 168 167 11
0 168 169 170 168 169 170 11
0 168 170 171 168 170 171 11
0 98 96 168 98 96 168 11
0 98 168 171 98 168 171 11
0 172 77 98 172 77 98 11
0 172 98 171 172 98 171 11
0 170 173 172 170 173 172 11
0 170 172 171 170 172 171 11
0 174 175 176 174 175 176 11
0 174 176 177 174 176 177 11
0 178 179 174 178 179 174 11
0 178 174 177 178 174 177 11
0 180 181 178 180 181 178 11
0 180 178 177 180 178 177 11
0 176 182 180 176 182 180 11
0 176 180 177 176 180 177 11
0 183 184 185 183 184 185 11
0 183 185 186 183 185 186 11
0 187 188 183 187 188 183 11
0 187 183 186 187 183 186 11
0 189 190 187 189 190 187 11
0 189 187 186 189 187 186 11
0 185 191 189 185 191 189 11
0 185 189 186 185 189 186 11
0 192 175 174 192 175 174 11
0 192 174 193 192 174 193 11
0 172 173 192 172 173 192 11
0 172 192 193 172 192 193 11
0 194 77 172 194 77 172 11
0 194 172 193 194 172 193 11
0 174 179 194 174 179 194 11
0 174 194 193 174 194 193 11
0 194 179 178 194 179 178 11
0 194 178 195 194 178 195 11
0 78 77 194 78 77 194 11
0 78 194 195 78 194 195 11
0 196 83 78 196 83 78 11
0 196 78 195 196 78 195 11
0 178 181 196 178 181 196 11
0 178 196 195 178 196 195 11
0 196 181 180 196 181 180 11
0 196 180 197 196 180 197 11
0 160 83 196 160 83 196 11
0 160 196 197 160 196 197 11
0 198 161 160 198 161 160 11
0 198 160 197 198 160 197 11
0 180 182 198 180 182 198 11
0 180 198 197 180 198 197 11
0 199 200 201 199 200 201 12
0 199 201 202 199 201 202 12
0 137 142 199 137 142 199 12
0 137 199 202 137 199 202 12
0 203 138 137 203 138 137 12
0 203 137 202 203 137 202 12
0 201 204 203 201 204 203 12
0 201 203 202 201 203 202 12
0 205 184 183 205 184 183 11
0 205 183 206 205 183 206 11
0 150 151 205 150 151 205 11
0 150 205 206 150 205 206 11
0 207 110 150 207 110 150 11
0 207 150 206 207 150 206 11
0 183 188 207 183 188 207 11
0 183 207 206 183 207 206 11
0 207 188 187 207 188 187 11
0 207 187 208 207 187 208 11
0 112 110 207 112 110 207 11
0 112 207 208 112 207 208 11
0 209 116 112 209 116 112 11
0 209 112 208 209 112 208 11
0 187 190 209 187 190 209 11
0 187 209 208 187 209 208 11
0 209 190 189 209 190 189 11
0 209 189 210 209 189 210 11
0 152 116 209 152 116 209 11
0 152 209 210 152 209 210 11
0 211 153 152 211 153 152 11
0 211 152 210 211 152 210 11
0 189 191 211 189 191 211 11
0 189 211 210 189 211 210 11
0 212 213 214 212 213 214 12
0 212 214 215 212 214 215 12
0 132 135 212 132 135 212 12
0 132 212 215 132 212 215 12
0 216 133 132 216 133 132 12
0 216 132 215 216 132 215 12
0 214 217 216 214 217 216 12
0 214 216 215 214 216 215 12
0 218 219 220 218 219 220 13
0 218 220 221 218 220 221 13
0 222 21 218 222 21 218 13
0 222 218 221 222 218 221 13
0 223 224 222 223 224 222 13
0 223 222 221 223 222 221 13
0 220 225 223 220 225 223 13
0 220 223 221 220 223 221 13
0 223 225 226 223 225 226 13
0 223 226 227 223 226 227 13
0 228 224 223 228 224 223 13
0 228 223 227 228 223 227 13
0 229 230 231 229 230 231 14
0 229 231 232 229 231 232 14
0 233 234 229 233 234 229 14
0 233 229 232 233 229 232 14
0 229 234 235 229 234 235 14
0 229 235 236 229 235 236 14
0 237 230 229 237 230 229 14
0 237 229 236 237 229 236 14
0 238 22 237 238 22 237 14
0 238 237 236 238 237 236 14
0 235 239 238 235 239 238 14
0 235 238 236 235 238 236 14
0 238 239 240 238 239 240 14
0 238 240 241 238 240 241 14
0 23 22 238 23 22 238 14
0 23 238 241 23 238 241 14
0 218 21 20 218 21 20 13
0 218 20 242 218 20 242 13
0 243 219 218 243 219 218 13
0 243 218 242 243 218 242 13
0 244 245 246 244 245 246 14
0 244 246 247 244 246 247 14
0 248 249 244 248 249 244 14
0 248 244 247 248 244 247 14
0 250 251 252 250 251 252 13
0 250 252 253 250 252 253 13
0 254 255 250 254 255 250 13
0 254 250 253 254 250 253 13
0 250 255 256 250 255 256 13
0 250 256 257 250 256 257 13
0 258 251 250 258 251 250 13
0 258 250 257 258 250 257 13
0 259 1 258 259 1 258 13
0 259 258 257 259 258 257 13
0 256 260 259 256 260 259 13
0 256 259 257 256 259 257 13
0 259 260 261 259 260 261 13
0 259 261 262 259 261 262 13
0 2 1 259 2 1 259 13
0 2 259 262 2 259 262 13
0 263 11 10 263 11 10 14
0 263 10 264 263 10 264 14
0 265 266 263 265 266 263 14
0 265 263 264 265 263 264 14
0 263 266 267 263 266 267 14
0 263 267 268 263 267 268 14
0 269 11 263 269 11 263 14
0 269 263 268 269 263 268 14
0 244 249 269 244 249 269 14
0 244 269 268 244 269 268 14
0 267 245 244 267 245 244 14
0 267 244 268 267 244 268 14
0 270 271 272 270 271 272 14
0 270 272 273 270 272 273 14
0 246 245 270 246 245 270 14
0 246 270 273 246 270 273 14
0 274 255 254 274 255 254 13
0 274 254 275 274 254 275 13
0 276 277 274 276 277 274 13
0 276 274 275 276 274 275 13
0 274 277 278 274 277 278 13
0 274 278 279 274 278 279 13
0 256 255 274 256 255 274 13
0 256 274 279 256 274 279 13
0 280 260 256 280 260 256 13
0 280 256 279 280 256 279 13
0 278 281 280 278 281 280 13
0 278 280 279 278 280 279 13
0 280 281 282 280 281 282 13
0 280 282 283 280 282 283 13
0 261 260 280 261 260 280 13
0 261 280 283 261 280 283 13
0 284 266 265 284 266 265 14
0 284 265 285 284 265 285 14
0 286 287 284 286 287 284 14
0 286 284 285 286 284 285 14
0 284 287 288 284 287 288 14
0 284 288 289 284 288 289 14
0 267 266 284 267 266 284 14
0 267 284 289 267 284 289 14
0 270 245 267 270 245 267 14
0 270 267 289 270 267 289 14
0 288 271 270 288 271 270 14
0 288 270 289 288 270 289 14
0 290 291 292 290 291 292 13
0 290 292 293 290 292 293 13
0 220 219 290 220 219 290 13
0 220 290 293 220 290 293 13
0 294 225 220 294 225 220 13
0 294 220 293 294 220 293 13
0 292 295 294 292 295 294 13
0 292 294 293 292 294 293 13
0 294 295 296 294 295 296 13
0 294 296 297 294 296 297 13
0 226 225 294 226 225 294 13
0 226 294 297 226 294 297 13
0 298 234 233 298 234 233 14
0 298 233 299 298 233 299 14
0 300 301 298 300 301 298 14
0 300 298 299 300 298 299 14
0 298 301 302 298 301 302 14
0 298 302 303 298 302 303 14
0 235 234 298 235 234 298 14
0 235 298 303 235 298 303 14
0 304 239 235 304 239 235 14
0 304 235 303 304 235 303 14
0 302 305 304 302 305 304 14
0 302 304 303 302 304 303 14
0 304 305 306 304 305 306 14
0 304 306 307 304 306 307 14
0 240 239 304 240 239 304 14
0 240 304 307 240 304 307 14
0 290 219 243 290 219 243 13
0 290 243 308 290 243 308 13
0 309 291 290 309 291 290 13
0 309 290 308 309 290 308 13
0 310 311 312 310 311 312 13
0 310 312 313 310 312 313 13
0 314 315 310 314 315 310 13
0 314 310 313 314 310 313 13
0 316 317 318 316 317 318 14
0 316 318 319 316 318 319 14
0 320 321 316 320 321 316 14
0 320 316 319 320 316 319 14
0 322 311 310 322 311 310 13
0 322 310 323 322 310 323 13
0 292 291 322 292 291 322 13
0 292 322 323 292 322 323 13
0 324 295 292 324 295 292 13
0 324 292 323 324 292 323 13
0 310 315 324 310 315 324 13
0 310 324 323 310 324 323 13
0 324 315 314 324 315 314 13
0 324 314 325 324 314 325 13
0 318 317 326 318 317 326 14
0 318 326 327 318 326 327 14
0 326 317 316 326 317 316 14
0 326 316 328 326 316 328 14
0 302 301 326 302 301 326 14
0 302 326 328 302 326 328 14
0 329 305 302 329 305 302 14
0 329 302 328 329 302 328 14
0 316 321 329 316 321 329 14
0 316 329 328 316 329 328 14
0 329 321 320 329 321 320 14
0 329 320 330 329 320 330 14
0 306 305 329 306 305 329 14
0 306 329 330 306 329 330 14
0 322 291 309 322 291 309 13
0 322 309 331 322 309 331 13
0 312 311 322 312 311 322 13
0 312 322 331 312 322 331 13
0 332 333 334 332 333 334 14
0 332 334 335 332 334 335 14
0 336 337 338 336 337 338 13
0 336 338 339 336 338 339 13
0 340 341 336 340 341 336 13
0 340 336 339 340 336 339 13
0 334 342 343 334 342 343 14
0 334 343 335 334 343 335 14
0 344 333 332 344 333 332 14
0 344 332 345 344 332 345 14
0 338 337 346 338 337 346 13
0 338 346 347 338 346 347 13
0 346 337 336 346 337 336 13
0 346 336 348 346 336 348 13
0 278 277 346 278 277 346 13
0 278 346 348 278 346 348 13
0 349 281 278 349 281 278 13
0 349 278 348 349 278 348 13
0 336 341 349 336 341 349 13
0 336 349 348 336 349 348 13
0 349 341 340 349 341 340 13
0 349 340 350 349 340 350 13
0 282 281 349 282 281 349 13
0 282 349 350 282 349 350 13
0 351 287 286 351 287 286 14
0 351 286 352 351 286 352 14
0 343 342 351 343 342 351 14
0 343 351 352 343 351 352 14
0 351 342 334 351 342 334 14
0 351 334 353 351 334 353 14
0 288 287 351 288 287 351 14
0 288 351 353 288 351 353 14
0 344 271 288 344 271 288 14
0 344 288 353 344 288 353 14
0 334 333 344 334 333 344 14
0 334 344 353 334 344 353 14
0 222 224 354 222 224 354 13
0 222 354 355 222 354 355 13
0 26 21 222 26 21 222 13
0 26 222 355 26 222 355 13
0 258 1 26 258 1 26 13
0 258 26 355 258 26 355 13
0 356 251 258 356 251 258 13
0 356 258 355 356 258 355 13
0 357 358 356 357 358 356 13
0 357 356 355 357 356 355 13
0 354 359 357 354 359 357 13
0 354 357 355 354 357 355 13
0 269 249 360 269 249 360 14
0 269 360 361 269 360 361 14
0 31 11 269 31 11 269 14
0 31 269 361 31 269 361 14
0 237 22 31 237 22 31 14
0 237 31 361 237 31 361 14
0 362 230 237 362 230 237 14
0 362 237 361 362 237 361 14
0 363 364 362 363 364 362 14
0 363 362 361 363 362 361 14
0 360 365 363 360 365 363 14
0 360 363 361 360 363 361 14
0 231 230 362 231 230 362 14
0 231 362 366 231 362 366 14
0 354 224 228 354 224 228 13
0 354 228 367 354 228 367 13
0 368 359 354 368 359 354 13
0 368 354 367 368 354 367 13
0 362 364 369 362 364 369 14
0 362 369 366 362 369 366 14
0 356 358 370 356 358 370 13
0 356 370 371 356 370 371 13
0 252 251 356 252 251 356 13
0 252 356 371 252 356 371 13
0 360 249 248 360 249 248 14
0 360 248 372 360 248 372 14
0 373 365 360 373 365 360 14
0 373 360 372 373 360 372 14
0 374 375 376 374 375 376 9
0 374 376 377 374 376 377 9
0 378 379 374 378 379 374 9
0 378 374 377 378 374 377 9
0 380 381 382 380 381 382 10
0 380 382 383 380 382 383 10
0 384 385 380 384 385 380 10
0 384 380 383 384 380 383 10
0 386 375 374 386 375 374 9
0 386 374 387 386 374 387 9
0 388 389 386 388 389 386 9
0 388 386 387 388 386 387 9
0 390 391 388 390 391 388 9
0 390 388 387 390 388 387 9
0 374 379 390 374 379 390 9
0 374 390 387 374 390 387 9
0 390 379 378 390 379 378 9
0 390 378 392 390 378 392 9
0 393 391 390 393 391 390 9
0 393 390 392 393 390 392 9
0 394 395 396 394 395 396 10
0 394 396 397 394 396 397 10
0 382 381 394 382 381 394 10
0 382 394 397 382 394 397 10
0 394 381 380 394 381 380 10
0 394 380 398 394 380 398 10
0 399 395 394 399 395 394 10
0 399 394 398 399 394 398 10
0 400 401 399 400 401 399 10
0 400 399 398 400 399 398 10
0 380 385 400 380 385 400 10
0 380 400 398 380 400 398 10
0 400 385 384 400 385 384 10
0 400 384 402 400 384 402 10
0 403 401 400 403 401 400 10
0 403 400 402 403 400 402 10
0 386 389 404 386 389 404 9
0 386 404 405 386 404 405 9
0 376 375 386 376 375 386 9
0 376 386 405 376 386 405 9
0 406 407 408 406 407 408 13
0 406 408 409 406 408 409 13
0 410 411 412 410 411 412 14
0 410 412 413 410 412 413 14
0 414 415 416 414 415 416 14
0 414 416 417 414 416 417 14
0 418 419 420 418 419 420 13
0 418 420 421 418 420 421 13
0 407 277 276 407 277 276 13
0 407 276 408 407 276 408 13
0 406 346 277 406 346 277 13
0 406 277 407 406 277 407 13
0 409 347 346 409 347 346 13
0 409 346 406 409 346 406 13
0 412 344 345 412 344 345 14
0 412 345 413 412 345 413 14
0 411 271 344 411 271 344 14
0 411 344 412 411 344 412 14
0 410 272 271 410 272 271 14
0 410 271 411 410 271 411 14
0 415 301 300 415 301 300 14
0 415 300 416 415 300 416 14
0 414 326 301 414 326 301 14
0 414 301 415 414 301 415 14
0 417 327 326 417 327 326 14
0 417 326 414 417 326 414 14
0 420 324 325 420 324 325 13
0 420 325 421 420 325 421 13
0 419 295 324 419 295 324 13
0 419 324 420 419 324 420 13
0 418 296 295 418 296 295 13
0 418 295 419 418 295 419 13

Materials: 1
"body"
0.800000 0.800000 0.800000 1.000000
0.800000 0.800000 0.800000 1.000000
0.000000 0.000000 0.000000 1.000000
0.000000 0.000000 0.000000 1.000000
0.128000
1.000000
".\male1_soldier.bmp"
""

Bones: 19
"root"
""
5 0.008316 6.118961 -0.337079 0.000000 0.000000 0.000000
6
2.400000 0.000000 0.000000 0.000000
7.200000 0.000000 0.000000 0.000000
12.000000 0.000000 0.000000 0.000000
16.799999 0.000000 0.000000 0.000000
21.599998 0.000000 0.000000 0.000000
48.000000 0.000000 0.000000 0.000000
6
2.400000 0.000000 0.000000 0.000000
7.200000 0.000000 0.000000 0.000000
12.000000 0.000000 0.000000 0.000000
16.799999 0.000000 0.000000 0.000000
21.599998 0.000000 0.000000 0.000000
48.000000 0.000000 0.000000 0.000000
"spine"
"root"
5 -0.018549 3.605114 -0.000000 0.000000 0.000000 0.000000
6
2.400000 0.000000 0.000000 0.000000
7.200000 0.000000 0.000000 0.000000
12.000000 0.000000 0.000000 0.000000
16.799999 0.000000 0.000000 0.000000
21.599998 0.000000 0.000000 0.000000
48.000000 0.000000 0.000000 0.000000
6
2.400000 0.000000 0.000000 0.000000
7.200000 0.000000 0.610865 0.000000
12.000000 0.000000 0.000000 0.000000
16.799999 0.000000 -0.541052 0.000000
21.599998 0.000000 0.000000 0.000000
48.000000 0.000000 0.000000 0.000000
"leftshoulder"
"spine"
5 1.542953 -0.022381 -0.000287 1.235102 1.569453 0.000000
6
2.400000 0.000000 0.000000 0.000000
7.200000 0.000000 0.000000 0.000000
12.000000 0.000000 0.000000 0.000000
16.799999 0.000000 0.000000 0.000000
21.599998 0.000000 0.000000 0.000000
48.000000 0.000000 0.000000 0.000000
6
2.400000 0.000000 0.000000 0.000000
7.200000 0.000000 0.000000 0.000000
12.000000 0.000000 0.000000 0.000000
16.799999 0.000000 0.000000 0.000000
21.599998 0.000000 0.000000 0.000000
48.000000 0.000000 0.000000 0.000000
"leftelbow"
"leftshoulder"
5 0.000000 0.000000 2.392247 -0.306697 0.003245 -3.141593
6
2.400000 0.000000 0.000000 0.000000
7.200000 0.000001 -0.000014 -0.000044
12.000000 0.000000 0.000000 0.000000
16.799999 0.000000 0.000000 0.000000
21.599998 0.000000 0.000000 0.000000
48.000000 0.000000 0.000000 0.000000
6
2.400000 0.000000 0.000000 0.000000
7.200000 0.120442 -0.171676 -0.005007
12.000000 0.000000 0.000000 0.000000
16.799999 0.224487 0.356553 0.030738
21.599998 0.000000 0.000000 0.000000
48.000000 0.000000 0.000000 0.000000
"leftwrist"
"leftelbow"
5 0.000000 0.000000 1.875738 0.008441 0.002995 -3.141593
6
2.400000 0.000000 0.000000 0.000000
7.200000 0.000000 0.000000 0.000000
12.000000 0.000000 0.000000 0.000000
16.799999 0.000000 0.000000 0.000000
21.599998 0.000000 0.000000 0.000000
48.000000 0.000000 0.000000 0.000000
6
2.400000 0.000000 0.000000 0.000000
7.200000 0.000000 0.000000 0.000000
12.000000 0.000000 0.000000 0.000000
16.799999 0.000000 0.000000 0.000000
21.599998 0.000000 0.000000 0.000000
48.000000 0.000000 0.000000 0.000000
"lefthand"
"leftwrist"
5 0.000000 0.000000 0.298658 0.048294 0.001003 0.000000
6
2.400000 0.000000 0.000000 0.000000
7.200000 0.000000 0.000000 0.000000
12.000000 0.000000 0.000000 0.000000
16.799999 0.000000 0.000000 0.000000
21.599998 0.000000 0.000000 0.000000
48.000000 0.000000 0.000000 0.000000
6
2.400000 0.000000 0.000000 0.000000
7.200000 0.000000 0.000000 0.000000
12.000000 0.000000 0.000000 0.000000
16.799999 0.000000 0.000000 0.000000
21.599998 0.000000 0.000000 0.000000
48.000000 0.000000 0.000000 0.000000
"leftfingers"
"lefthand"
5 0.000000 0.000000 0.510944 0.000000 0.000000 0.000000
6
2.400000 0.000000 0.000000 0.000000
7.200000 0.000000 0.000000 0.000000
12.000000 0.000000 0.000000 0.000000
16.799999 0.000000 0.000000 0.000000
21.599998 0.000000 0.000000 0.000000
48.000000 0.000000 0.000000 0.000000
6
2.400000 0.000000 0.000000 0.000000
7.200000 0.000000 0.000000 0.000000
12.000000 0.000000 0.000000 0.000000
16.799999 0.000000 0.000000 0.000000
21.599998 0.000000 0.000000 0.000000
48.000000 0.000000 0.000000 0.000000
"rightshoulder"
"spine"
5 -1.542341 -0.028453 0.000000 1.869681 1.568871 0.000000
6
2.400000 0.000000 0.000000 0.000000
7.200000 0.000000 0.000000 0.000000
12.000000 0.000000 0.000000 0.000000
16.799999 0.000000 0.000000 0.000000
21.599998 0.000000 0.000000 0.000000
48.000000 0.000000 0.000000 0.000000
6
2.400000 0.000000 0.000000 0.000000
7.200000 0.000000 0.000000 0.000000
12.000000 0.000000 0.000000 0.000000
16.799999 0.000000 0.000000 0.000000
21.599998 0.000000 0.000000 0.000000
48.000000 0.000000 0.000000 0.000000
"rightelbow"
"rightshoulder"
5 0.000000 0.000000 2.325975 0.304121 0.002266 -3.141593
6
2.400000 0.000000 0.000000 0.000000
7.200000 0.000000 0.000001 0.000000
12.000000 0.000000 0.000000 0.000000
16.799999 -0.000000 0.000000 0.000000
21.599998 0.000000 0.000000 0.000000
48.000000 0.000000 0.000000 0.000000
6
2.400000 0.000000 0.000000 0.000000
7.200000 -0.216647 0.297991 -0.034696
12.000000 0.000000 0.000000 0.000000
16.799999 -0.100041 -0.164134 0.008884
21.599998 0.000000 0.000000 0.000000
48.000000 0.000000 0.000000 0.000000
"rightwrist"
"rightelbow"
5 0.000000 0.000000 1.903948 0.071065 0.001485 -3.141593
6
2.400000 0.000000 0.000000 0.000000
7.200000 0.000000 0.000000 0.000000
12.000000 0.000000 0.000000 0.000000
16.799999 0.000000 0.000000 0.000000
21.599998 0.000000 0.000000 0.000000
48.000000 0.000000 0.000000 0.000000
6
2.400000 0.000000 0.000000 0.000000
7.200000 0.000000 0.000000 0.000000
12.000000 0.000000 0.000000 0.000000
16.799999 0.000000 0.000000 0.000000
21.599998 0.000000 0.000000 0.000000
48.000000 0.000000 0.000000 0.000000
"righthand"
"rightwrist"
5 0.000000 0.000000 0.331070 -0.091434 0.001089 0.000000
6
2.400000 0.000000 0.000000 0.000000
7.200000 0.000000 0.000000 0.000000
12.000000 0.000000 0.000000 0.000000
16.799999 0.000000 0.000000 0.000000
21.599998 0.000000 0.000000 0.000000
48.000000 0.000000 0.000000 0.000000
6
2.400000 0.000000 0.000000 0.000000
7.200000 0.000000 0.000000 0.000000
12.000000 0.000000 0.000000 0.000000
16.799999 0.000000 0.000000 0.000000
21.599998 0.000000 0.000000 0.000000
48.000000 0.000000 0.000000 0.000000
"rightfingers"
"righthand"
5 0.000000 0.000000 0.560282 0.000000 0.000000 0.000000
6
2.400000 0.000000 0.000000 0.000000
7.200000 0.000000 0.000000 0.000000
12.000000 0.000000 0.000000 0.000000
16.799999 0.000000 0.000000 0.000000
21.599998 0.000000 0.000000 0.000000
48.000000 0.000000 0.000000 0.000000
6
2.400000 0.000000 0.000000 0.000000
7.200000 0.000000 0.000000 0.000000
12.000000 0.000000 0.000000 0.000000
16.799999 0.000000 0.000000 0.000000
21.599998 0.000000 0.000000 0.000000
48.000000 0.000000 0.000000 0.000000
"head"
"spine"
5 -0.002740 1.668427 -0.034964 0.000000 0.000000 0.000000
6
2.400000 0.000000 0.000000 0.000000
7.200000 0.000000 0.000000 -0.000001
12.000000 0.000000 0.000000 0.000000
16.799999 0.000000 0.000000 -0.000001
21.599998 0.000000 0.000000 0.000000
48.000000 0.000000 0.000000 0.000000
6
2.400000 0.000000 0.000000 0.000000
7.200000 0.000000 0.488706 0.000000
12.000000 0.000000 0.000000 0.000000
16.799999 0.000000 -0.488700 0.000000
21.599998 0.000000 0.000000 0.000000
48.000000 0.000000 0.000000 0.000000
"lefthip"
"root"
5 0.630439 0.006448 0.000000 1.490792 1.570796 0.000000
6
2.400000 0.000000 0.000000 0.000000
7.200000 0.000000 0.000000 0.000000
12.000000 0.000000 0.000000 0.000000
16.799999 0.000000 0.000000 0.000000
21.599998 0.000000 0.000000 0.000000
48.000000 0.000000 0.000000 0.000000
6
2.400000 0.000000 0.000000 0.000000
7.200000 0.000000 0.000000 0.000000
12.000000 0.000000 0.000000 0.000000
16.799999 0.000000 0.000000 0.000000
21.599998 0.000000 0.000000 0.000000
48.000000 0.000000 0.000000 0.000000
"leftknee"
"lefthip"
5 0.000000 0.000000 2.530272 0.111342 0.009143 0.000000
6
2.400000 0.000000 0.000000 0.000000
7.200000 0.000000 0.000000 0.000000
12.000000 0.000000 0.000000 0.000000
16.799999 0.000000 0.000000 0.000000
21.599998 0.000000 0.000000 0.000000
48.000000 0.000000 0.000000 0.000000
6
2.400000 0.000000 0.000000 0.000000
7.200000 0.000000 0.000000 0.000000
12.000000 0.000000 0.000000 0.000000
16.799999 0.000000 0.000000 0.000000
21.599998 0.000000 0.000000 0.000000
48.000000 0.000000 0.000000 0.000000
"leftfoot"
"leftknee"
5 0.000000 0.000000 3.175853 0.000000 0.000000 0.000000
6
2.400000 0.000000 0.000000 0.000000
7.200000 0.000000 0.000000 0.000000
12.000000 0.000000 0.000000 0.000000
16.799999 0.000000 0.000000 0.000000
21.599998 0.000000 0.000000 0.000000
48.000000 0.000000 0.000000 0.000000
6
2.400000 0.000000 0.000000 0.000000
7.200000 0.000000 0.000000 0.000000
12.000000 0.000000 0.000000 0.000000
16.799999 0.000000 0.000000 0.000000
21.599998 0.000000 0.000000 0.000000
48.000000 0.000000 0.000000 0.000000
"righthip"
"root"
5 -0.671041 0.008006 0.000000 1.654265 1.570192 0.000000
6
2.400000 0.000000 0.000000 0.000000
7.200000 0.000000 0.000000 0.000000
12.000000 0.000000 0.000000 0.000000
16.799999 0.000000 0.000000 0.000000
21.599998 0.000000 0.000000 0.000000
48.000000 0.000000 0.000000 0.000000
6
2.400000 0.000000 0.000000 0.000000
7.200000 0.000000 0.000000 0.000000
12.000000 0.000000 0.000000 0.000000
16.799999 0.000000 0.000000 0.000000
21.599998 0.000000 0.000000 0.000000
48.000000 0.000000 0.000000 0.000000
"rightknee"
"righthip"
5 0.000000 0.000000 2.531426 -0.113373 0.009146 0.000000
6
2.400000 0.000000 0.000000 0.000000
7.200000 0.000000 0.000000 0.000000
12.000000 0.000000 0.000000 0.000000
16.799999 0.000000 0.000000 0.000000
21.599998 0.000000 0.000000 0.000000
48.000000 0.000000 0.000000 0.000000
6
2.400000 0.000000 0.000000 0.000000
7.200000 0.000000 0.000000 0.000000
12.000000 0.000000 0.000000 0.000000
16.799999 0.000000 0.000000 0.000000
21.599998 0.000000 0.000000 0.000000
48.000000 0.000000 0.000000 0.000000
"rightfoot"
"rightknee"
5 0.000000 0.000000 3.192438 0.000000 0.000000 0.000000
6
2.400000 0.000000 0.000000 0.000000
7.200000 0.000000 0.000000 0.000000
12.000000 0.000000 0.000000 0.000000
16.799999 0.000000 0.000000 0.000000
21.599998 0.000000 0.000000 0.000000
48.000000 0.000000 0.000000 0.000000
6
2.400000 0.000000 0.000000 0.000000
7.200000 0.000000 0.000000 0.000000
12.000000 0.000000 0.000000 0.000000
16.799999 0.000000 0.000000 0.000000
21.599998 0.000000 0.000000 0.000000
48.000000 0.000000 0.000000 0.000000
GroupComments: 0
MaterialComments: 0
BoneComments: 0
ModelComment: 0
