// MilkShape 3D ASCII

Frames: 30
Frame: 1

Meshes: 33
"gunbarrel" 0 0
77
0 3.429500 36.988636 -31.220779 0.000000 0.000000 -1
0 2.970034 35.273880 -31.220772 0.000000 0.000000 -1
0 0.000000 36.988636 -31.220779 0.000000 0.000000 -1
0 3.429500 36.988632 84.874161 0.000000 0.000000 -1
0 0.000000 36.988632 84.874161 0.000000 0.000000 -1
0 2.970034 35.441074 84.874161 0.000000 0.000000 -1
0 3.429500 36.988636 -31.220779 0.000000 1.000000 -1
0 3.429500 36.988636 22.625317 0.000000 0.666667 -1
0 2.970034 35.273880 -31.220772 0.083333 1.000000 -1
0 2.970034 35.273884 22.625317 0.083333 0.666667 -1
0 3.429500 36.988632 22.913067 0.000000 0.333333 -1
0 2.970034 35.441074 22.913067 0.083333 0.333333 -1
0 2.970034 35.441074 84.874161 0.083333 0.000000 -1
0 1.714750 34.018600 -31.220768 0.000000 0.000000 -1
0 1.714750 34.308182 84.874161 0.000000 0.000000 -1
0 1.714750 34.018600 22.625317 0.166667 0.666667 -1
0 1.714750 34.018600 -31.220768 0.166667 1.000000 -1
0 1.714750 34.308178 22.913067 0.166667 0.333333 -1
0 1.714750 34.308182 84.874161 0.166667 0.000000 -1
0 0.000000 33.559132 -31.220768 0.000000 0.000000 -1
0 0.000000 33.893509 84.874146 0.000000 0.000000 -1
0 0.000000 33.559132 -31.220768 0.250000 1.000000 -1
0 0.000000 33.559132 22.625309 0.250000 0.666667 -1
0 0.000000 33.893509 22.913061 0.250000 0.333333 -1
0 0.000000 33.893509 84.874146 0.250000 0.000000 -1
0 -1.714750 34.018600 -31.220768 0.000000 0.000000 -1
0 -1.714750 34.308182 84.874161 0.000000 0.000000 -1
0 -1.714750 34.018600 22.625317 0.333333 0.666667 -1
0 -1.714750 34.018600 -31.220768 0.333333 1.000000 -1
0 -1.714750 34.308178 22.913067 0.333333 0.333333 -1
0 -1.714750 34.308182 84.874161 0.333333 0.000000 -1
0 -2.970034 35.273880 -31.220772 0.000000 0.000000 -1
0 -2.970034 35.441074 84.874161 0.000000 0.000000 -1
0 -2.970034 35.273880 -31.220772 0.416667 1.000000 -1
0 -2.970034 35.273884 22.625317 0.416667 0.666667 -1
0 -2.970034 35.441074 22.913067 0.416667 0.333333 -1
0 -2.970034 35.441074 84.874161 0.416667 0.000000 -1
0 -3.429500 36.988636 -31.220779 0.000000 0.000000 -1
0 -3.429500 36.988632 84.874161 0.000000 0.000000 -1
0 -3.429500 36.988636 22.625317 0.500000 0.666667 -1
0 -3.429500 36.988636 -31.220779 0.500000 1.000000 -1
0 -3.429500 36.988632 22.913067 0.500000 0.333333 -1
0 -3.429500 36.988632 84.874161 0.500000 0.000000 -1
0 -2.970034 38.703381 -31.220768 0.000000 0.000000 -1
0 -2.970034 38.536190 84.874146 0.000000 0.000000 -1
0 -2.970034 38.703381 -31.220768 0.583333 1.000000 -1
0 -2.970034 38.703381 22.625309 0.583333 0.666667 -1
0 -2.970034 38.536194 22.913067 0.583333 0.333333 -1
0 -2.970034 38.536190 84.874146 0.583333 0.000000 -1
0 -1.714750 39.958664 -31.220772 0.000000 0.000000 -1
0 -1.714750 39.669086 84.874146 0.000000 0.000000 -1
0 -1.714750 39.958668 22.625309 0.666667 0.666667 -1
0 -1.714750 39.958664 -31.220772 0.666667 1.000000 -1
0 -1.714750 39.669090 22.913067 0.666667 0.333333 -1
0 -1.714750 39.669086 84.874146 0.666667 0.000000 -1
0 0.000000 40.418133 -31.220768 0.000000 0.000000 -1
0 0.000000 40.083755 84.874146 0.000000 0.000000 -1
0 0.000000 40.418133 -31.220768 0.750000 1.000000 -1
0 0.000000 40.418133 22.625309 0.750000 0.666667 -1
0 0.000000 40.083755 22.913067 0.750000 0.333333 -1
0 0.000000 40.083755 84.874146 0.750000 0.000000 -1
0 1.714750 39.958664 -31.220772 0.000000 0.000000 -1
0 1.714750 39.669086 84.874146 0.000000 0.000000 -1
0 1.714750 39.958668 22.625309 0.833333 0.666667 -1
0 1.714750 39.958664 -31.220772 0.833333 1.000000 -1
0 1.714750 39.669090 22.913067 0.833333 0.333333 -1
0 1.714750 39.669086 84.874146 0.833333 0.000000 -1
0 2.970034 38.703381 -31.220768 0.000000 0.000000 -1
0 2.970034 38.536190 84.874146 0.000000 0.000000 -1
0 2.970034 38.703381 -31.220768 0.916667 1.000000 -1
0 2.970034 38.703381 22.625309 0.916667 0.666667 -1
0 2.970034 38.536194 22.913067 0.916667 0.333333 -1
0 2.970034 38.536190 84.874146 0.916667 0.000000 -1
0 3.429500 36.988636 22.625317 1.000000 0.666667 -1
0 3.429500 36.988636 -31.220779 1.000000 1.000000 -1
0 3.429500 36.988632 22.913067 1.000000 0.333333 -1
0 3.429500 36.988632 84.874161 1.000000 0.000000 -1
75
0.000000 0.000001 -1.000000
0.000000 -0.000004 -1.000000
0.000000 -0.000000 -1.000000
0.000000 0.000005 1.000000
0.000000 0.000002 1.000000
0.000000 0.000000 1.000000
0.965926 -0.258818 0.000000
0.963495 -0.265120 0.037256
0.866025 -0.500000 0.000000
0.859836 -0.491424 0.138509
0.958641 -0.284618 -0.000002
0.846258 -0.511238 0.149944
0.958641 -0.284618 0.000000
0.845868 -0.533392 0.000000
0.000001 -0.000003 -1.000000
-0.000004 -0.000002 1.000000
0.475387 -0.814389 0.332832
0.500000 -0.866025 0.000000
0.441430 -0.823713 0.355862
0.466857 -0.884333 0.000000
0.000000 -0.000003 -1.000000
0.000000 -0.000005 1.000000
-0.000000 -1.000000 0.000000
0.000000 -0.907038 0.421050
0.000000 -0.915097 0.403233
0.000000 -1.000000 0.000000
-0.000001 -0.000003 -1.000000
0.000004 -0.000002 1.000000
-0.475387 -0.814389 0.332832
-0.500000 -0.866025 0.000000
-0.441430 -0.823713 0.355862
-0.466857 -0.884333 0.000000
-0.000000 -0.000004 -1.000000
-0.866025 -0.500000 0.000000
-0.859836 -0.491424 0.138509
-0.846258 -0.511238 0.149944
-0.845868 -0.533392 0.000000
-0.999253 0.000001 0.038639
-1.000000 0.000001 0.000000
-1.000000 -0.000000 -0.000000
-1.000000 -0.000000 0.000000
-0.000002 0.000004 -1.000000
-0.000002 0.000007 1.000000
-0.866025 0.500000 -0.000000
-0.859837 0.491424 0.138503
-0.846258 0.511239 0.149941
-0.845869 0.533391 0.000000
-0.000001 0.000002 -1.000000
-0.000002 0.000004 1.000000
-0.475388 0.814391 0.332826
-0.500001 0.866025 -0.000000
-0.441430 0.823715 0.355855
-0.466856 0.884333 0.000000
0.000000 0.000003 -1.000000
0.000000 0.000005 1.000000
0.000000 1.000000 -0.000000
0.000000 0.907040 0.421045
-0.000000 0.915100 0.403228
0.000000 1.000000 0.000000
0.000001 0.000002 -1.000000
0.000002 0.000004 1.000000
0.475388 0.814391 0.332826
0.500001 0.866025 -0.000000
0.441430 0.823715 0.355855
0.466856 0.884333 0.000000
0.000002 0.000004 -1.000000
0.000002 0.000007 1.000000
0.866025 0.500000 -0.000000
0.859837 0.491424 0.138503
0.846258 0.511239 0.149941
0.845869 0.533391 0.000000
0.963495 0.265121 0.037257
0.965926 0.258820 0.000000
0.958641 0.284618 0.000002
0.958641 0.284618 0.000000
96
0 0 1 2 0 1 2 2
0 3 4 5 3 4 5 2
0 6 7 8 6 7 8 1
0 7 9 8 7 9 8 1
0 7 10 11 7 10 11 1
0 7 11 9 7 11 9 1
0 10 3 11 10 12 11 1
0 3 12 11 12 13 11 1
0 1 13 2 1 14 2 2
0 5 4 14 5 4 15 2
0 8 9 15 8 9 16 1
0 8 15 16 8 16 17 1
0 9 11 15 9 11 16 1
0 11 17 15 11 18 16 1
0 11 12 18 11 13 19 1
0 11 18 17 11 19 18 1
0 13 19 2 14 20 2 2
0 14 4 20 15 4 21 2
0 16 15 21 17 16 22 1
0 15 22 21 16 23 22 1
0 15 17 23 16 18 24 1
0 15 23 22 16 24 23 1
0 17 18 23 18 19 24 1
0 18 24 23 19 25 24 1
0 19 25 2 20 26 2 2
0 20 4 26 21 4 27 2
0 21 22 27 22 23 28 1
0 21 27 28 22 28 29 1
0 22 23 27 23 24 28 1
0 23 29 27 24 30 28 1
0 23 24 30 24 25 31 1
0 23 30 29 24 31 30 1
0 25 31 2 26 32 2 2
0 26 4 32 27 4 5 2
0 28 27 33 29 28 33 1
0 27 34 33 28 34 33 1
0 27 29 35 28 30 35 1
0 27 35 34 28 35 34 1
0 29 30 35 30 31 35 1
0 30 36 35 31 36 35 1
0 31 37 2 32 0 2 2
0 32 4 38 5 4 3 2
0 33 34 39 33 34 37 1
0 33 39 40 33 37 38 1
0 34 35 39 34 35 37 1
0 35 41 39 35 39 37 1
0 35 36 42 35 36 40 1
0 35 42 41 35 40 39 1
0 37 43 2 0 41 2 2
0 38 4 44 3 4 42 2
0 40 39 45 38 37 43 1
0 39 46 45 37 44 43 1
0 39 41 47 37 39 45 1
0 39 47 46 37 45 44 1
0 41 42 47 39 40 45 1
0 42 48 47 40 46 45 1
0 43 49 2 41 47 2 2
0 44 4 50 42 4 48 2
0 45 46 51 43 44 49 1
0 45 51 52 43 49 50 1
0 46 47 51 44 45 49 1
0 47 53 51 45 51 49 1
0 47 48 54 45 46 52 1
0 47 54 53 45 52 51 1
0 49 55 2 47 53 2 2
0 50 4 56 48 4 54 2
0 52 51 57 50 49 55 1
0 51 58 57 49 56 55 1
0 51 53 59 49 51 57 1
0 51 59 58 49 57 56 1
0 53 54 59 51 52 57 1
0 54 60 59 52 58 57 1
0 55 61 2 53 59 2 2
0 56 4 62 54 4 60 2
0 57 58 63 55 56 61 1
0 57 63 64 55 61 62 1
0 58 59 63 56 57 61 1
0 59 65 63 57 63 61 1
0 59 60 66 57 58 64 1
0 59 66 65 57 64 63 1
0 61 67 2 59 65 2 2
0 62 4 68 60 4 66 2
0 64 63 69 62 61 67 1
0 63 70 69 61 68 67 1
0 63 65 71 61 63 69 1
0 63 71 70 61 69 68 1
0 65 66 71 63 64 69 1
0 66 72 71 64 70 69 1
0 67 0 2 65 0 2 2
0 68 4 3 66 4 3 2
0 69 70 73 67 68 71 1
0 69 73 74 67 71 72 1
0 70 71 73 68 69 71 1
0 71 75 73 69 73 71 1
0 71 72 76 69 70 74 1
0 71 76 75 69 74 73 1
"gunExtMussle" 0 0
54
0 4.255795 36.988636 81.509079 0.000000 1.000000 -1
0 4.255795 36.988632 86.179672 0.000000 0.800000 -1
0 3.009301 34.660095 81.509079 0.125000 1.000000 -1
0 3.009301 34.660095 87.297318 0.125000 0.800000 -1
0 5.500000 36.988636 93.659088 0.000000 0.600000 -1
0 5.500000 36.988632 96.859085 0.000000 0.400000 -1
0 3.889087 33.979336 92.129669 0.125000 0.600000 -1
0 3.889087 33.979336 97.623779 0.125000 0.400000 -1
0 5.500000 36.988636 100.059082 0.000000 0.200000 -1
0 3.648811 36.988632 101.759079 0.000000 0.000000 -1
0 3.889087 33.979336 99.353210 0.125000 0.200000 -1
0 2.580100 34.992207 101.759079 0.125000 0.000000 -1
0 0.000000 33.695583 84.709091 0.250000 0.800000 -1
0 0.000000 33.695583 81.509094 0.250000 1.000000 -1
0 0.000000 32.732841 93.659073 0.250000 0.600000 -1
0 0.000000 32.732841 96.859085 0.250000 0.400000 -1
0 0.000000 32.732841 100.059082 0.250000 0.200000 -1
0 0.000000 34.165257 101.759079 0.250000 0.000000 -1
0 -3.009301 34.660095 81.509079 0.375000 1.000000 -1
0 -3.009301 34.660095 87.297318 0.375000 0.800000 -1
0 -3.889087 33.979336 92.129669 0.375000 0.600000 -1
0 -3.889087 33.979336 97.623779 0.375000 0.400000 -1
0 -3.889087 33.979336 99.353210 0.375000 0.200000 -1
0 -2.580100 34.992207 101.759079 0.375000 0.000000 -1
0 -4.255795 36.988632 86.179672 0.500000 0.800000 -1
0 -4.255795 36.988636 81.509079 0.500000 1.000000 -1
0 -5.500000 36.988632 96.859085 0.500000 0.400000 -1
0 -5.500000 36.988636 93.659088 0.500000 0.600000 -1
0 -3.648811 36.988632 101.759079 0.500000 0.000000 -1
0 -5.500000 36.988636 100.059082 0.500000 0.200000 -1
0 -3.009301 39.317177 81.509079 0.625000 1.000000 -1
0 -3.009301 39.317177 87.297318 0.625000 0.800000 -1
0 -3.889087 39.997936 92.129669 0.625000 0.600000 -1
0 -3.889087 39.997932 97.623779 0.625000 0.400000 -1
0 -3.889087 39.997936 99.235550 0.625000 0.200000 -1
0 -2.580100 38.985062 101.759079 0.625000 0.000000 -1
0 0.000000 40.281689 84.709091 0.750000 0.800000 -1
0 0.000000 40.281689 81.509094 0.750000 1.000000 -1
0 0.000000 41.244427 93.659088 0.750000 0.600000 -1
0 0.000000 41.244434 96.859085 0.750000 0.400000 -1
0 0.000000 41.244434 100.059082 0.750000 0.200000 -1
0 0.000000 39.812012 101.759079 0.750000 0.000000 -1
0 3.009301 39.317177 81.509079 0.875000 1.000000 -1
0 3.009301 39.317177 87.297318 0.875000 0.800000 -1
0 3.889087 39.997936 92.129669 0.875000 0.600000 -1
0 3.889087 39.997932 97.623779 0.875000 0.400000 -1
0 3.889087 39.997936 99.235550 0.875000 0.200000 -1
0 2.580100 38.985062 101.759079 0.875000 0.000000 -1
0 4.255795 36.988632 86.179672 1.000000 0.800000 -1
0 4.255795 36.988636 81.509079 1.000000 1.000000 -1
0 5.500000 36.988632 96.859085 1.000000 0.400000 -1
0 5.500000 36.988636 93.659088 1.000000 0.600000 -1
0 3.648811 36.988632 101.759079 1.000000 0.000000 -1
0 5.500000 36.988636 100.059082 1.000000 0.200000 -1
53
0.881628 -0.471945 -0.000000
0.881628 -0.471946 -0.000000
0.640180 -0.768225 -0.000000
0.580707 -0.810880 -0.072485
0.881628 -0.471945 -0.000001
0.881628 -0.471946 -0.000000
0.551208 -0.832563 -0.054848
0.531725 -0.846917 0.000000
0.596439 -0.471626 0.649484
0.665691 -0.432832 0.607875
0.461023 -0.782308 0.418871
0.525323 -0.643496 0.556730
0.000000 -0.996610 -0.082269
0.000000 -1.000000 0.000000
0.000000 -0.998548 -0.053875
0.000000 -0.940134 0.340805
0.000000 -0.815284 0.579061
-0.640180 -0.768225 -0.000000
-0.580707 -0.810880 -0.072485
-0.551208 -0.832563 -0.054848
-0.531725 -0.846917 0.000000
-0.461023 -0.782308 0.418871
-0.525323 -0.643496 0.556730
-1.000000 -0.000000 0.000000
-1.000000 0.000000 0.000000
-1.000000 -0.000000 0.000000
-1.000000 0.000000 0.000000
-0.742502 0.007024 0.669807
-0.676348 0.011062 0.736500
-0.640181 0.768224 0.000000
-0.580707 0.810879 -0.072485
-0.551208 0.832563 -0.054848
-0.531727 0.846916 -0.000000
-0.463924 0.785717 0.409173
-0.533317 0.652384 0.538487
-0.000000 0.996610 -0.082269
0.000000 1.000000 0.000000
0.000000 0.998548 -0.053876
-0.000000 1.000000 -0.000001
0.000000 0.940529 0.339713
0.000000 0.821465 0.570259
0.640181 0.768224 0.000000
0.580707 0.810879 -0.072485
0.551208 0.832563 -0.054848
0.531727 0.846916 -0.000000
0.463925 0.785717 0.409173
0.533317 0.652384 0.538487
0.881628 0.471945 0.000000
0.881628 0.471945 0.000000
0.881628 0.471946 0.000000
0.881628 0.471946 0.000001
0.668243 0.445974 0.595449
0.589235 0.491018 0.641641
64
0 0 1 2 0 1 2 1
0 1 3 2 1 3 2 1
0 4 5 6 4 5 6 1
0 5 7 6 5 7 6 1
0 8 9 10 8 9 10 1
0 9 11 10 9 11 10 1
0 2 3 12 2 3 12 1
0 2 12 13 2 12 13 1
0 3 6 12 3 6 12 1
0 6 14 12 6 14 12 1
0 6 7 15 6 7 13 1
0 6 15 14 6 13 14 1
0 7 10 15 7 10 13 1
0 10 16 15 10 15 13 1
0 10 11 17 10 11 16 1
0 10 17 16 10 16 15 1
0 13 12 18 13 12 17 1
0 12 19 18 12 18 17 1
0 12 14 20 12 14 19 1
0 12 20 19 12 19 18 1
0 14 15 20 14 13 19 1
0 15 21 20 13 20 19 1
0 15 16 22 13 15 21 1
0 15 22 21 13 21 20 1
0 16 17 22 15 16 21 1
0 17 23 22 16 22 21 1
0 18 19 24 17 18 23 1
0 18 24 25 17 23 24 1
0 20 21 26 19 20 25 1
0 20 26 27 19 25 26 1
0 22 23 28 21 22 27 1
0 22 28 29 21 27 28 1
0 25 24 30 24 23 29 1
0 24 31 30 23 30 29 1
0 27 26 32 26 25 31 1
0 26 33 32 25 32 31 1
0 29 28 34 28 27 33 1
0 28 35 34 27 34 33 1
0 30 31 36 29 30 35 1
0 30 36 37 29 35 36 1
0 31 32 36 30 31 35 1
0 32 38 36 31 37 35 1
0 32 33 39 31 32 38 1
0 32 39 38 31 38 37 1
0 33 34 39 32 33 38 1
0 34 40 39 33 39 38 1
0 34 35 41 33 34 40 1
0 34 41 40 33 40 39 1
0 37 36 42 36 35 41 1
0 36 43 42 35 42 41 1
0 36 38 44 35 37 43 1
0 36 44 43 35 43 42 1
0 38 39 44 37 38 43 1
0 39 45 44 38 44 43 1
0 39 40 46 38 39 45 1
0 39 46 45 38 45 44 1
0 40 41 46 39 40 45 1
0 41 47 46 40 46 45 1
0 42 43 48 41 42 47 1
0 42 48 49 41 47 48 1
0 44 45 50 43 44 49 1
0 44 50 51 43 49 50 1
0 46 47 52 45 46 51 1
0 46 52 53 45 51 52 1
"gunIntMussle" 0 2
54
0 2.858836 34.776524 81.509079 0.125000 1.000000 -1
0 4.043005 36.988632 86.179672 0.000000 0.800000 -1
0 4.043005 36.988636 81.509079 0.000000 1.000000 -1
0 2.858836 34.776524 87.297318 0.125000 0.800000 -1
0 3.694633 34.129799 92.129669 0.125000 0.600000 -1
0 5.225000 36.988632 96.859085 0.000000 0.400000 -1
0 5.225000 36.988636 93.659088 0.000000 0.600000 -1
0 3.694633 34.129799 97.623779 0.125000 0.400000 -1
0 3.694633 34.129799 99.353210 0.125000 0.200000 -1
0 3.466371 36.988632 101.759079 0.000000 0.000000 -1
0 5.225000 36.988636 100.059082 0.000000 0.200000 -1
0 2.451095 35.092030 101.759079 0.125000 0.000000 -1
0 0.000000 33.860237 84.709091 0.250000 0.800000 -1
0 0.000000 33.860237 81.509094 0.250000 1.000000 -1
0 0.000000 32.945633 93.659073 0.250000 0.600000 -1
0 0.000000 32.945633 96.859085 0.250000 0.400000 -1
0 0.000000 32.945633 100.059082 0.250000 0.200000 -1
0 0.000000 34.306427 101.759079 0.250000 0.000000 -1
0 -2.858836 34.776524 81.509079 0.375000 1.000000 -1
0 -2.858836 34.776524 87.297318 0.375000 0.800000 -1
0 -3.694633 34.129799 92.129669 0.375000 0.600000 -1
0 -3.694633 34.129799 97.623779 0.375000 0.400000 -1
0 -3.694633 34.129799 99.353210 0.375000 0.200000 -1
0 -2.451095 35.092030 101.759079 0.375000 0.000000 -1
0 -4.043005 36.988632 86.179672 0.500000 0.800000 -1
0 -4.043005 36.988636 81.509079 0.500000 1.000000 -1
0 -5.225000 36.988632 96.859085 0.500000 0.400000 -1
0 -5.225000 36.988636 93.659088 0.500000 0.600000 -1
0 -3.466371 36.988632 101.759079 0.500000 0.000000 -1
0 -5.225000 36.988636 100.059082 0.500000 0.200000 -1
0 -2.858836 39.200748 81.509079 0.625000 1.000000 -1
0 -2.858836 39.200748 87.297318 0.625000 0.800000 -1
0 -3.694633 39.847469 92.129669 0.625000 0.600000 -1
0 -3.694633 39.847469 97.623779 0.625000 0.400000 -1
0 -3.694633 39.847469 99.235550 0.625000 0.200000 -1
0 -2.451095 38.885239 101.759079 0.625000 0.000000 -1
0 0.000000 40.117035 84.709091 0.750000 0.800000 -1
0 0.000000 40.117035 81.509094 0.750000 1.000000 -1
0 0.000000 41.031635 93.659088 0.750000 0.600000 -1
0 0.000000 41.031643 96.859085 0.750000 0.400000 -1
0 0.000000 41.031643 100.059082 0.750000 0.200000 -1
0 0.000000 39.670841 101.759079 0.750000 0.000000 -1
0 2.858836 39.200748 81.509079 0.875000 1.000000 -1
0 2.858836 39.200748 87.297318 0.875000 0.800000 -1
0 3.694633 39.847469 92.129669 0.875000 0.600000 -1
0 3.694633 39.847469 97.623779 0.875000 0.400000 -1
0 3.694633 39.847469 99.235550 0.875000 0.200000 -1
0 2.451095 38.885239 101.759079 0.875000 0.000000 -1
0 4.043005 36.988632 86.179672 1.000000 0.800000 -1
0 4.043005 36.988636 81.509079 1.000000 1.000000 -1
0 5.225000 36.988632 96.859085 1.000000 0.400000 -1
0 5.225000 36.988636 93.659088 1.000000 0.600000 -1
0 3.466371 36.988632 101.759079 1.000000 0.000000 -1
0 5.225000 36.988636 100.059082 1.000000 0.200000 -1
53
-0.640180 0.768225 0.000000
-0.881628 0.471946 0.000000
-0.881628 0.471945 0.000000
-0.580772 0.811139 0.068971
-0.551233 0.832719 0.052170
-0.881628 0.471945 0.000000
-0.881628 0.471945 0.000001
-0.531725 0.846917 0.000000
-0.465891 0.787379 -0.403708
-0.677837 0.440961 -0.588294
-0.609097 0.481634 -0.630103
-0.533894 0.653025 -0.537136
-0.000000 0.996933 0.078254
0.000000 1.000000 0.000000
0.000000 0.998688 0.051202
0.000000 0.944457 -0.328635
-0.000000 0.828807 -0.559534
0.640180 0.768225 0.000000
0.580772 0.811139 0.068971
0.551233 0.832719 0.052170
0.531725 0.846917 0.000000
0.465891 0.787379 -0.403708
0.533894 0.653025 -0.537136
1.000000 0.000000 0.000000
1.000000 0.000000 0.000000
1.000000 -0.000000 -0.000000
1.000000 -0.000001 -0.000000
0.759126 -0.007009 -0.650906
0.694976 -0.011221 -0.718945
0.640180 -0.768225 -0.000000
0.580772 -0.811139 0.068971
0.551233 -0.832719 0.052170
0.531726 -0.846916 0.000000
0.468601 -0.790610 -0.394143
0.541457 -0.661401 -0.519012
-0.000000 -0.996933 0.078254
0.000000 -1.000000 0.000000
0.000000 -0.998688 0.051203
0.000000 -1.000000 0.000001
0.000000 -0.944837 -0.327542
0.000000 -0.834636 -0.550803
-0.640181 -0.768224 -0.000000
-0.580772 -0.811139 0.068971
-0.551233 -0.832719 0.052170
-0.531726 -0.846916 0.000000
-0.468602 -0.790610 -0.394143
-0.541457 -0.661401 -0.519012
-0.881628 -0.471945 -0.000000
-0.881628 -0.471945 -0.000000
-0.881628 -0.471945 -0.000000
-0.881628 -0.471946 -0.000001
-0.679879 -0.454035 -0.575861
-0.601430 -0.501180 -0.622174
64
0 0 1 2 0 1 2 1
0 0 3 1 0 3 1 1
0 4 5 6 4 5 6 1
0 4 7 5 4 7 5 1
0 8 9 10 8 9 10 1
0 8 11 9 8 11 9 1
0 12 3 0 12 3 0 1
0 13 12 0 13 12 0 1
0 12 4 3 12 4 3 1
0 12 14 4 12 14 4 1
0 15 7 4 13 7 4 1
0 14 15 4 14 13 4 1
0 15 8 7 13 8 7 1
0 15 16 8 13 15 8 1
0 17 11 8 16 11 8 1
0 16 17 8 15 16 8 1
0 18 12 13 17 12 13 1
0 18 19 12 17 18 12 1
0 20 14 12 19 14 12 1
0 19 20 12 18 19 12 1
0 20 15 14 19 13 14 1
0 20 21 15 19 20 13 1
0 22 16 15 21 15 13 1
0 21 22 15 20 21 13 1
0 22 17 16 21 16 15 1
0 22 23 17 21 22 16 1
0 24 19 18 23 18 17 1
0 25 24 18 24 23 17 1
0 26 21 20 25 20 19 1
0 27 26 20 26 25 19 1
0 28 23 22 27 22 21 1
0 29 28 22 28 27 21 1
0 30 24 25 29 23 24 1
0 30 31 24 29 30 23 1
0 32 26 27 31 25 26 1
0 32 33 26 31 32 25 1
0 34 28 29 33 27 28 1
0 34 35 28 33 34 27 1
0 36 31 30 35 30 29 1
0 37 36 30 36 35 29 1
0 36 32 31 35 31 30 1
0 36 38 32 35 37 31 1
0 39 33 32 38 32 31 1
0 38 39 32 37 38 31 1
0 39 34 33 38 33 32 1
0 39 40 34 38 39 33 1
0 41 35 34 40 34 33 1
0 40 41 34 39 40 33 1
0 42 36 37 41 35 36 1
0 42 43 36 41 42 35 1
0 44 38 36 43 37 35 1
0 43 44 36 42 43 35 1
0 44 39 38 43 38 37 1
0 44 45 39 43 44 38 1
0 46 40 39 45 39 38 1
0 45 46 39 44 45 38 1
0 46 41 40 45 40 39 1
0 46 47 41 45 46 40 1
0 48 43 42 47 42 41 1
0 49 48 42 48 47 41 1
0 50 45 44 49 44 43 1
0 51 50 44 50 49 43 1
0 52 47 46 51 46 45 1
0 53 52 46 52 51 45 1
"gunbracket" 0 0
51
0 6.308590 37.516544 3.342438 0.000000 0.000000 -1
0 5.463399 34.362240 3.342438 0.000000 0.000000 -1
0 0.000000 37.516544 1.473863 0.000000 0.000000 -1
0 6.308590 37.516541 7.156126 0.000000 0.000000 -1
0 0.000000 37.516541 9.024700 0.000000 0.000000 -1
0 5.463399 34.362240 7.156126 0.000000 0.000000 -1
0 6.308590 37.516544 3.342438 0.000000 1.000000 -1
0 5.463399 34.362240 3.342438 0.083333 1.000000 -1
0 5.463399 34.362240 7.156126 0.083333 0.000000 -1
0 3.154295 32.053143 3.342438 0.000000 0.000000 -1
0 3.154295 32.053146 7.156126 0.000000 0.000000 -1
0 3.154295 32.053146 7.156126 0.166667 0.000000 -1
0 3.154295 32.053143 3.342438 0.166667 1.000000 -1
0 0.000000 31.207952 3.342438 0.000000 0.000000 -1
0 0.000000 31.207952 7.156131 0.000000 0.000000 -1
0 0.000000 31.207952 3.342438 0.250000 1.000000 -1
0 0.000000 31.207952 7.156131 0.250000 0.000000 -1
0 -3.154295 32.053143 3.342438 0.000000 0.000000 -1
0 -3.154295 32.053146 7.156126 0.000000 0.000000 -1
0 -3.154295 32.053146 7.156126 0.333333 0.000000 -1
0 -3.154295 32.053143 3.342438 0.333333 1.000000 -1
0 -5.463399 34.362240 3.342438 0.000000 0.000000 -1
0 -5.463399 34.362240 7.156126 0.000000 0.000000 -1
0 -5.463399 34.362240 3.342438 0.416667 1.000000 -1
0 -5.463399 34.362240 7.156126 0.416667 0.000000 -1
0 -6.308590 37.516544 3.342438 0.000000 0.000000 -1
0 -6.308590 37.516541 7.156126 0.000000 0.000000 -1
0 -6.308590 37.516541 7.156126 0.500000 0.000000 -1
0 -6.308590 37.516544 3.342438 0.500000 1.000000 -1
0 -5.463399 41.842537 3.342438 0.000000 0.000000 -1
0 -5.463399 41.842537 7.156131 0.000000 0.000000 -1
0 -5.463399 41.842537 3.342438 0.583333 1.000000 -1
0 -5.463399 41.842537 7.156131 0.583333 0.000000 -1
0 -2.440733 42.979939 3.342438 0.000000 0.000000 -1
0 -2.440733 42.979939 7.156128 0.000000 0.000000 -1
0 -2.440733 42.979939 7.156128 0.666667 0.000000 -1
0 -2.440733 42.979939 3.342438 0.666667 1.000000 -1
0 0.000000 42.403309 3.342438 0.000000 0.000000 -1
0 0.000000 42.403309 7.156128 0.000000 0.000000 -1
0 0.000000 42.403309 3.342438 0.750000 1.000000 -1
0 0.000000 42.403309 7.156128 0.750000 0.000000 -1
0 2.440733 42.979939 3.342438 0.000000 0.000000 -1
0 2.440733 42.979939 7.156128 0.000000 0.000000 -1
0 2.440733 42.979939 7.156128 0.833333 0.000000 -1
0 2.440733 42.979939 3.342438 0.833333 1.000000 -1
0 5.463399 41.842537 3.342438 0.000000 0.000000 -1
0 5.463399 41.842537 7.156131 0.000000 0.000000 -1
0 5.463399 41.842537 3.342438 0.916667 1.000000 -1
0 5.463399 41.842537 7.156131 0.916667 0.000000 -1
0 6.308590 37.516541 7.156126 1.000000 0.000000 -1
0 6.308590 37.516544 3.342438 1.000000 1.000000 -1
51
0.283984 -0.010260 -0.958774
0.245950 -0.142000 -0.958825
-0.000000 0.021774 -0.999763
0.283984 -0.010261 0.958774
-0.000000 0.021773 0.999763
0.245950 -0.142000 0.958825
0.965926 -0.258818 -0.000000
0.965926 -0.258819 -0.000000
0.866025 -0.500001 0.000000
0.866025 -0.500001 0.000000
0.141999 -0.245951 -0.958825
0.142000 -0.245950 0.958824
0.499999 -0.866026 0.000000
0.499999 -0.866026 0.000001
0.000000 -0.283999 -0.958825
0.000000 -0.283999 0.958825
0.000000 -1.000000 0.000001
0.000000 -1.000000 0.000000
-0.141999 -0.245951 -0.958825
-0.142000 -0.245950 0.958824
-0.499999 -0.866026 0.000000
-0.499999 -0.866026 0.000001
-0.245950 -0.142000 -0.958825
-0.245950 -0.142000 0.958825
-0.866025 -0.500001 0.000000
-0.866025 -0.500001 0.000000
-0.283984 -0.010260 -0.958774
-0.283984 -0.010261 0.958774
-0.999407 -0.034420 -0.000000
-0.999407 -0.034420 -0.000000
-0.196381 0.169165 -0.965825
-0.196381 0.169164 0.965825
-0.763604 0.645685 0.000000
-0.763604 0.645685 0.000000
-0.010592 0.319356 -0.947576
-0.010591 0.319355 0.947576
-0.063908 0.997956 0.000000
-0.063908 0.997956 0.000000
0.000000 0.357155 -0.934045
0.000000 0.357154 0.934045
0.000000 1.000000 0.000000
0.010592 0.319356 -0.947576
0.010591 0.319355 0.947576
0.063908 0.997956 0.000000
0.063908 0.997956 0.000000
0.196381 0.169165 -0.965825
0.196381 0.169164 0.965825
0.763604 0.645685 0.000000
0.763604 0.645685 0.000000
0.981444 0.191750 0.000000
0.981444 0.191750 0.000000
48
0 0 1 2 0 1 2 2
0 3 4 5 3 4 5 2
0 6 3 7 6 7 8 1
0 3 8 7 7 9 8 1
0 1 9 2 1 10 2 2
0 5 4 10 5 4 11 2
0 7 8 11 8 9 12 1
0 7 11 12 8 12 13 1
0 9 13 2 10 14 2 2
0 10 4 14 11 4 15 2
0 12 11 15 13 12 16 1
0 11 16 15 12 17 16 1
0 13 17 2 14 18 2 2
0 14 4 18 15 4 19 2
0 15 16 19 16 17 20 1
0 15 19 20 16 20 21 1
0 17 21 2 18 22 2 2
0 18 4 22 19 4 23 2
0 20 19 23 21 20 24 1
0 19 24 23 20 25 24 1
0 21 25 2 22 26 2 2
0 22 4 26 23 4 27 2
0 23 24 27 24 25 28 1
0 23 27 28 24 28 29 1
0 25 29 2 26 30 2 2
0 26 4 30 27 4 31 2
0 28 27 31 29 28 32 1
0 27 32 31 28 33 32 1
0 29 33 2 30 34 2 2
0 30 4 34 31 4 35 2
0 31 32 35 32 33 36 1
0 31 35 36 32 36 37 1
0 33 37 2 34 38 2 2
0 34 4 38 35 4 39 2
0 36 35 39 37 36 40 1
0 35 40 39 36 40 40 1
0 37 41 2 38 41 2 2
0 38 4 42 39 4 42 2
0 39 40 43 40 40 43 1
0 39 43 44 40 43 44 1
0 41 45 2 41 45 2 2
0 42 4 46 42 4 46 2
0 44 43 47 44 43 47 1
0 43 48 47 43 48 47 1
0 45 0 2 45 0 2 2
0 46 4 3 46 4 3 2
0 47 48 49 47 48 49 1
0 47 49 50 47 49 50 1
"gunRamRod" 0 2
27
0 6.001508 40.434719 -8.456597 0.000000 0.000000 -1
0 5.250754 39.134380 -8.456599 0.000000 0.000000 -1
0 4.500000 40.434719 -8.456597 0.000000 0.000000 -1
0 6.001508 40.434719 3.778693 0.000000 0.000000 -1
0 4.500000 40.434719 3.778693 0.000000 0.000000 -1
0 5.250754 39.134380 3.778697 0.000000 0.000000 -1
0 6.001508 40.434719 -8.456597 0.000000 1.000000 -1
0 5.250754 39.134380 -8.456599 0.166667 1.000000 -1
0 5.250754 39.134380 3.778697 0.166667 0.000000 -1
0 3.749247 39.134380 -8.456599 0.000000 0.000000 -1
0 3.749247 39.134380 3.778697 0.000000 0.000000 -1
0 3.749247 39.134380 3.778697 0.333333 0.000000 -1
0 3.749247 39.134380 -8.456599 0.333333 1.000000 -1
0 2.998492 40.434719 -8.456597 0.000000 0.000000 -1
0 2.998492 40.434719 3.778693 0.000000 0.000000 -1
0 2.998492 40.434719 -8.456597 0.500000 1.000000 -1
0 2.998492 40.434719 3.778693 0.500000 0.000000 -1
0 3.749247 41.735058 -8.456600 0.000000 0.000000 -1
0 3.749247 41.735062 3.778695 0.000000 0.000000 -1
0 3.749247 41.735062 3.778695 0.666667 0.000000 -1
0 3.749247 41.735058 -8.456600 0.666667 1.000000 -1
0 5.250754 41.735058 -8.456600 0.000000 0.000000 -1
0 5.250754 41.735062 3.778695 0.000000 0.000000 -1
0 5.250754 41.735058 -8.456600 0.833333 1.000000 -1
0 5.250754 41.735062 3.778695 0.833333 0.000000 -1
0 6.001508 40.434719 3.778693 1.000000 0.000000 -1
0 6.001508 40.434719 -8.456597 1.000000 1.000000 -1
19
0.000000 -0.000000 -1.000000
0.000000 0.000001 -1.000000
0.000000 -0.000000 -1.000000
0.000000 0.000001 1.000000
0.000000 0.000003 1.000000
0.866024 -0.500002 0.000000
0.866024 -0.500002 0.000000
0.499999 -0.866026 0.000000
-0.499999 -0.866026 0.000000
-1.000000 -0.000000 -0.000000
-1.000000 -0.000001 0.000000
0.000000 -0.000002 -1.000000
0.000000 -0.000002 1.000000
-0.499999 0.866026 -0.000000
-0.499999 0.866026 -0.000000
0.499999 0.866026 -0.000000
0.500000 0.866026 -0.000000
0.866025 0.500001 -0.000000
0.866024 0.500002 0.000000
24
0 0 1 2 0 1 2 2
0 3 4 5 3 3 4 2
0 6 3 7 5 6 7 1
0 3 8 7 6 7 7 1
0 1 9 2 1 1 2 2
0 5 4 10 4 3 4 2
0 7 8 11 7 7 8 1
0 7 11 12 7 8 8 1
0 9 13 2 1 0 2 2
0 10 4 14 4 3 3 2
0 12 11 15 8 8 9 1
0 11 16 15 8 10 9 1
0 13 17 2 0 11 2 2
0 14 4 18 3 3 12 2
0 15 16 19 9 10 13 1
0 15 19 20 9 13 14 1
0 17 21 2 11 11 2 2
0 18 4 22 12 3 12 2
0 20 19 23 14 13 15 1
0 19 24 23 13 16 15 1
0 21 0 2 11 0 2 2
0 22 4 3 12 3 3 2
0 23 24 25 15 16 17 1
0 23 25 26 15 17 18 1
"gunRamExt" 0 0
27
0 6.718409 40.434719 -25.113459 0.000000 0.000000 -1
0 5.609205 38.513527 -25.113459 0.000000 0.000000 -1
0 4.500000 40.434719 -25.113459 0.000000 0.000000 -1
0 6.718409 40.434719 -8.044836 0.000000 0.000000 -1
0 4.500000 40.434719 -8.044836 0.000000 0.000000 -1
0 5.609205 38.513527 -8.044832 0.000000 0.000000 -1
0 6.718409 40.434719 -25.113459 0.000000 1.000000 -1
0 5.609205 38.513527 -25.113459 0.166667 1.000000 -1
0 5.609205 38.513527 -8.044832 0.166667 0.000000 -1
0 3.390796 38.513527 -25.113459 0.000000 0.000000 -1
0 3.390796 38.513527 -8.044832 0.000000 0.000000 -1
0 3.390796 38.513527 -8.044832 0.333333 0.000000 -1
0 3.390796 38.513527 -25.113459 0.333333 1.000000 -1
0 2.281590 40.434719 -25.113459 0.000000 0.000000 -1
0 2.281590 40.434719 -8.044836 0.000000 0.000000 -1
0 2.281590 40.434719 -25.113459 0.500000 1.000000 -1
0 2.281590 40.434719 -8.044836 0.500000 0.000000 -1
0 3.390796 42.355911 -25.113459 0.000000 0.000000 -1
0 3.390796 42.355915 -8.044834 0.000000 0.000000 -1
0 3.390796 42.355915 -8.044834 0.666667 0.000000 -1
0 3.390796 42.355911 -25.113459 0.666667 1.000000 -1
0 5.609205 42.355911 -25.113459 0.000000 0.000000 -1
0 5.609205 42.355915 -8.044834 0.000000 0.000000 -1
0 5.609205 42.355911 -25.113459 0.833333 1.000000 -1
0 5.609205 42.355915 -8.044834 0.833333 0.000000 -1
0 6.718409 40.434719 -8.044836 1.000000 0.000000 -1
0 6.718409 40.434719 -25.113459 1.000000 1.000000 -1
16
0.000000 0.000000 -1.000000
0.000000 0.000000 1.000000
0.000000 0.000000 1.000000
0.000000 0.000002 1.000000
0.866025 -0.500001 0.000000
0.499999 -0.866026 0.000000
-0.499999 -0.866026 0.000000
-1.000000 -0.000000 -0.000000
-1.000000 -0.000000 0.000000
0.000000 -0.000001 1.000000
-0.499999 0.866026 -0.000000
-0.499999 0.866026 -0.000000
0.500000 0.866026 -0.000000
0.500000 0.866026 -0.000000
0.866025 0.500001 -0.000000
0.866025 0.500001 0.000000
24
0 0 1 2 0 0 0 2
0 3 4 5 1 2 3 2
0 6 3 7 4 4 5 1
0 3 8 7 4 5 5 1
0 1 9 2 0 0 0 2
0 5 4 10 3 2 3 2
0 7 8 11 5 5 6 1
0 7 11 12 5 6 6 1
0 9 13 2 0 0 0 2
0 10 4 14 3 2 2 2
0 12 11 15 6 6 7 1
0 11 16 15 6 8 7 1
0 13 17 2 0 0 0 2
0 14 4 18 2 2 9 2
0 15 16 19 7 8 10 1
0 15 19 20 7 10 11 1
0 17 21 2 0 0 0 2
0 18 4 22 9 2 9 2
0 20 19 23 11 10 12 1
0 19 24 23 10 13 12 1
0 21 0 2 0 0 0 2
0 22 4 3 9 2 1 2
0 23 24 25 12 13 14 1
0 23 25 26 12 14 15 1
"gunRamExt2" 0 0
27
0 -4.500000 40.434719 -25.113459 0.000000 0.000000 -1
0 -5.609205 38.513527 -25.113459 0.000000 0.000000 -1
0 -6.718409 40.434719 -25.113459 0.000000 0.000000 -1
0 -5.609205 38.513527 -8.044832 0.000000 0.000000 -1
0 -4.500000 40.434719 -8.044836 0.000000 0.000000 -1
0 -6.718409 40.434719 -8.044836 0.000000 0.000000 -1
0 -5.609205 38.513527 -25.113459 0.166667 1.000000 -1
0 -6.718409 40.434719 -25.113459 0.000000 1.000000 -1
0 -5.609205 38.513527 -8.044832 0.166667 0.000000 -1
0 -3.390796 38.513527 -25.113459 0.000000 0.000000 -1
0 -3.390796 38.513527 -8.044832 0.000000 0.000000 -1
0 -3.390796 38.513527 -8.044832 0.333333 0.000000 -1
0 -3.390796 38.513527 -25.113459 0.333333 1.000000 -1
0 -2.281590 40.434719 -25.113459 0.000000 0.000000 -1
0 -2.281590 40.434719 -8.044836 0.000000 0.000000 -1
0 -2.281590 40.434719 -25.113459 0.500000 1.000000 -1
0 -2.281590 40.434719 -8.044836 0.500000 0.000000 -1
0 -3.390796 42.355911 -25.113459 0.000000 0.000000 -1
0 -3.390796 42.355915 -8.044834 0.000000 0.000000 -1
0 -3.390796 42.355915 -8.044834 0.666667 0.000000 -1
0 -3.390796 42.355911 -25.113459 0.666667 1.000000 -1
0 -5.609205 42.355911 -25.113459 0.000000 0.000000 -1
0 -5.609205 42.355915 -8.044834 0.000000 0.000000 -1
0 -5.609205 42.355911 -25.113459 0.833333 1.000000 -1
0 -5.609205 42.355915 -8.044834 0.833333 0.000000 -1
0 -6.718409 40.434719 -8.044836 1.000000 0.000000 -1
0 -6.718409 40.434719 -25.113459 1.000000 1.000000 -1
16
0.000000 0.000000 -1.000000
0.000000 0.000002 1.000000
0.000000 0.000000 1.000000
0.000000 0.000000 1.000000
-0.499999 -0.866026 0.000000
-0.866025 -0.500001 0.000000
0.499999 -0.866026 0.000000
1.000000 -0.000000 -0.000000
1.000000 -0.000000 0.000000
0.000000 -0.000001 1.000000
0.499999 0.866026 -0.000000
0.499999 0.866026 -0.000000
-0.500000 0.866026 -0.000000
-0.500000 0.866026 -0.000000
-0.866025 0.500001 -0.000000
-0.866025 0.500001 0.000000
24
0 0 1 2 0 0 0 2
0 3 4 5 1 2 3 2
0 6 5 7 4 5 5 1
0 6 8 5 4 4 5 1
0 0 9 1 0 0 0 2
0 10 4 3 1 2 1 2
0 11 8 6 6 4 4 1
0 12 11 6 6 6 4 1
0 0 13 9 0 0 0 2
0 14 4 10 2 2 1 2
0 15 11 12 7 6 6 1
0 15 16 11 7 8 6 1
0 0 17 13 0 0 0 2
0 18 4 14 9 2 2 2
0 19 16 15 10 8 7 1
0 20 19 15 11 10 7 1
0 0 21 17 0 0 0 2
0 22 4 18 9 2 9 2
0 23 19 20 12 10 11 1
0 23 24 19 12 13 10 1
0 0 2 21 0 0 0 2
0 5 4 22 3 2 9 2
0 25 24 23 14 13 12 1
0 26 25 23 15 14 12 1
"gunRamRod2" 0 2
27
0 -4.500000 40.434719 -8.456597 0.000000 0.000000 -1
0 -5.250754 39.134380 -8.456599 0.000000 0.000000 -1
0 -6.001508 40.434719 -8.456597 0.000000 0.000000 -1
0 -5.250754 39.134380 3.778697 0.000000 0.000000 -1
0 -4.500000 40.434719 3.778693 0.000000 0.000000 -1
0 -6.001508 40.434719 3.778693 0.000000 0.000000 -1
0 -5.250754 39.134380 -8.456599 0.166667 1.000000 -1
0 -6.001508 40.434719 -8.456597 0.000000 1.000000 -1
0 -5.250754 39.134380 3.778697 0.166667 0.000000 -1
0 -3.749247 39.134380 -8.456599 0.000000 0.000000 -1
0 -3.749247 39.134380 3.778697 0.000000 0.000000 -1
0 -3.749247 39.134380 3.778697 0.333333 0.000000 -1
0 -3.749247 39.134380 -8.456599 0.333333 1.000000 -1
0 -2.998492 40.434719 -8.456597 0.000000 0.000000 -1
0 -2.998492 40.434719 3.778693 0.000000 0.000000 -1
0 -2.998492 40.434719 -8.456597 0.500000 1.000000 -1
0 -2.998492 40.434719 3.778693 0.500000 0.000000 -1
0 -3.749247 41.735058 -8.456600 0.000000 0.000000 -1
0 -3.749247 41.735062 3.778695 0.000000 0.000000 -1
0 -3.749247 41.735062 3.778695 0.666667 0.000000 -1
0 -3.749247 41.735058 -8.456600 0.666667 1.000000 -1
0 -5.250754 41.735058 -8.456600 0.000000 0.000000 -1
0 -5.250754 41.735062 3.778695 0.000000 0.000000 -1
0 -5.250754 41.735058 -8.456600 0.833333 1.000000 -1
0 -5.250754 41.735062 3.778695 0.833333 0.000000 -1
0 -6.001508 40.434719 3.778693 1.000000 0.000000 -1
0 -6.001508 40.434719 -8.456597 1.000000 1.000000 -1
19
0.000000 -0.000000 -1.000000
0.000000 0.000001 -1.000000
0.000000 -0.000000 -1.000000
0.000000 0.000003 1.000000
0.000000 0.000001 1.000000
-0.499999 -0.866026 0.000000
-0.866024 -0.500002 0.000000
-0.866024 -0.500002 0.000000
0.499999 -0.866026 0.000000
1.000000 -0.000000 -0.000000
1.000000 -0.000001 0.000000
0.000000 -0.000002 -1.000000
0.000000 -0.000002 1.000000
0.499999 0.866026 -0.000000
0.499999 0.866026 -0.000000
-0.499999 0.866026 -0.000000
-0.500000 0.866026 -0.000000
-0.866025 0.500001 -0.000000
-0.866024 0.500002 0.000000
24
0 0 1 2 0 1 2 2
0 3 4 5 3 4 4 2
0 6 5 7 5 6 7 1
0 6 8 5 5 5 6 1
0 0 9 1 0 1 1 2
0 10 4 3 3 4 3 2
0 11 8 6 8 5 5 1
0 12 11 6 8 8 5 1
0 0 13 9 0 2 1 2
0 14 4 10 4 4 3 2
0 15 11 12 9 8 8 1
0 15 16 11 9 10 8 1
0 0 17 13 0 11 2 2
0 18 4 14 12 4 4 2
0 19 16 15 13 10 9 1
0 20 19 15 14 13 9 1
0 0 21 17 0 11 11 2
0 22 4 18 12 4 12 2
0 23 19 20 15 13 14 1
0 23 24 19 15 16 13 1
0 0 2 21 0 2 11 2
0 5 4 22 4 4 12 2
0 25 24 23 17 16 15 1
0 26 25 23 18 17 15 1
"turretLeftShield" 0 0
20
0 8.250000 49.363911 -6.178354 0.000000 0.000000 -1
0 8.250000 33.789013 5.422941 0.000000 1.000000 -1
0 26.675077 45.216560 -5.862392 1.000000 0.000000 -1
0 26.675077 35.963631 -1.279525 1.000000 1.000000 -1
0 26.675077 45.216560 -5.862392 0.000000 0.000000 -1
0 26.675077 35.963631 -1.279525 0.000000 1.000000 -1
0 26.675077 44.762569 -6.753402 1.000000 0.000000 -1
0 26.675077 35.509636 -2.170534 1.000000 1.000000 -1
0 26.675077 44.762569 -6.753402 0.000000 0.000000 -1
0 26.675077 35.509636 -2.170534 0.000000 1.000000 -1
0 8.250000 48.909927 -7.069362 1.000000 0.000000 -1
0 8.250000 33.335022 4.531933 1.000000 1.000000 -1
0 8.250000 48.909927 -7.069362 0.000000 0.000000 -1
0 8.250000 33.335022 4.531933 0.000000 1.000000 -1
0 8.250000 49.363911 -6.178354 1.000000 0.000000 -1
0 8.250000 33.789013 5.422941 1.000000 1.000000 -1
0 8.250000 49.363911 -6.178354 0.000000 1.000000 -1
0 26.675077 45.216560 -5.862392 1.000000 1.000000 -1
0 8.250000 33.789013 5.422941 0.000000 0.000000 -1
0 26.675077 35.963631 -1.279525 1.000000 0.000000 -1
14
0.119840 0.593059 0.796190
0.193142 0.513970 0.835781
0.263895 0.428099 0.864344
1.000000 0.000000 0.000000
-0.084236 -0.442255 -0.892925
-0.151055 -0.515949 -0.843196
-0.216005 -0.583262 -0.783037
-1.000000 0.000000 0.000000
0.203965 0.872279 -0.444440
0.203965 0.872278 -0.444443
0.203965 0.872277 -0.444446
0.260943 -0.860137 0.438261
0.260944 -0.860136 0.438263
0.260944 -0.860135 0.438264
12
0 0 1 2 0 1 1 1
0 1 3 2 1 2 1 1
0 4 5 6 3 3 3 2
0 5 7 6 3 3 3 2
0 8 9 10 4 5 5 1
0 9 11 10 5 6 5 1
0 12 13 14 7 7 7 2
0 13 15 14 7 7 7 2
0 12 16 6 8 9 9 3
0 16 17 6 9 10 9 3
0 18 13 19 11 12 12 3
0 13 7 19 12 13 12 3
"turretAxel" 0 0
20
0 -21.250000 17.878563 5.731559 0.000000 0.000000 -1
0 -21.250000 10.371439 5.731559 0.000000 1.000000 -1
0 22.250000 17.878563 5.731559 1.000000 0.000000 -1
0 22.250000 10.371439 5.731559 1.000000 1.000000 -1
0 22.250000 17.878563 5.731559 0.000000 0.000000 -1
0 22.250000 10.371439 5.731559 0.000000 1.000000 -1
0 22.250000 17.878563 -5.731559 1.000000 0.000000 -1
0 22.250000 10.371439 -5.731559 1.000000 1.000000 -1
0 22.250000 17.878563 -5.731559 0.000000 0.000000 -1
0 22.250000 10.371439 -5.731559 0.000000 1.000000 -1
0 -21.250000 17.878563 -5.731559 1.000000 0.000000 -1
0 -21.250000 10.371439 -5.731559 1.000000 1.000000 -1
0 -21.250000 17.878563 -5.731559 0.000000 0.000000 -1
0 -21.250000 10.371439 -5.731559 0.000000 1.000000 -1
0 -21.250000 17.878563 5.731559 1.000000 0.000000 -1
0 -21.250000 10.371439 5.731559 1.000000 1.000000 -1
0 -21.250000 17.878563 5.731559 0.000000 1.000000 -1
0 22.250000 17.878563 5.731559 1.000000 1.000000 -1
0 -21.250000 10.371439 5.731559 0.000000 0.000000 -1
0 22.250000 10.371439 5.731559 1.000000 0.000000 -1
6
0.000000 0.000000 1.000000
1.000000 0.000000 0.000000
0.000000 0.000000 -1.000000
-1.000000 0.000000 0.000000
0.000000 1.000000 0.000000
0.000000 -1.000000 0.000000
12
0 0 1 2 0 0 0 1
0 1 3 2 0 0 0 1
0 4 5 6 1 1 1 2
0 5 7 6 1 1 1 2
0 8 9 10 2 2 2 1
0 9 11 10 2 2 2 1
0 12 13 14 3 3 3 2
0 13 15 14 3 3 3 2
0 12 16 6 4 4 4 3
0 16 17 6 4 4 4 3
0 18 13 19 5 5 5 3
0 13 7 19 5 5 5 3
"turretRightShield" 0 0
20
0 -26.675077 45.216560 -5.862392 1.000000 0.000000 -1
0 -8.250000 33.789013 5.422941 0.000000 1.000000 -1
0 -8.250000 49.363911 -6.178354 0.000000 0.000000 -1
0 -26.675077 35.963631 -1.279525 1.000000 1.000000 -1
0 -26.675077 44.762569 -6.753402 1.000000 0.000000 -1
0 -26.675077 35.963631 -1.279525 0.000000 1.000000 -1
0 -26.675077 45.216560 -5.862392 0.000000 0.000000 -1
0 -26.675077 35.509636 -2.170534 1.000000 1.000000 -1
0 -8.250000 48.909927 -7.069362 1.000000 0.000000 -1
0 -26.675077 35.509636 -2.170534 0.000000 1.000000 -1
0 -26.675077 44.762569 -6.753402 0.000000 0.000000 -1
0 -8.250000 33.335022 4.531933 1.000000 1.000000 -1
0 -8.250000 49.363911 -6.178354 1.000000 0.000000 -1
0 -8.250000 33.335022 4.531933 0.000000 1.000000 -1
0 -8.250000 48.909927 -7.069362 0.000000 0.000000 -1
0 -8.250000 33.789013 5.422941 1.000000 1.000000 -1
0 -8.250000 49.363911 -6.178354 0.000000 1.000000 -1
0 -26.675077 45.216560 -5.862392 1.000000 1.000000 -1
0 -26.675077 35.963631 -1.279525 1.000000 0.000000 -1
0 -8.250000 33.789013 5.422941 0.000000 0.000000 -1
14
-0.193142 0.513970 0.835781
-0.119840 0.593059 0.796190
-0.263895 0.428099 0.864344
-1.000000 0.000000 0.000000
0.151055 -0.515949 -0.843196
0.084236 -0.442255 -0.892925
0.216005 -0.583262 -0.783037
1.000000 0.000000 0.000000
-0.203965 0.872278 -0.444443
-0.203965 0.872279 -0.444440
-0.203965 0.872277 -0.444446
-0.260944 -0.860136 0.438263
-0.260943 -0.860137 0.438261
-0.260944 -0.860135 0.438264
12
0 0 1 2 0 0 1 1
0 0 3 1 0 2 0 1
0 4 5 6 3 3 3 2
0 4 7 5 3 3 3 2
0 8 9 10 4 4 5 1
0 8 11 9 4 6 4 1
0 12 13 14 7 7 7 2
0 12 15 13 7 7 7 2
0 4 16 14 8 8 9 3
0 4 17 16 8 10 8 3
0 18 13 19 11 11 12 3
0 18 7 13 11 13 11 3
"gunShield" 0 0
20
0 -8.256371 50.736782 -5.261199 0.000000 0.000000 -1
0 -8.256371 42.008129 0.345846 0.000000 1.000000 -1
0 8.256371 50.736782 -5.261199 1.000000 0.000000 -1
0 8.256371 42.008129 0.345846 1.000000 1.000000 -1
0 8.256371 50.736782 -5.261199 0.000000 0.000000 -1
0 8.256371 42.008129 0.345846 0.000000 1.000000 -1
0 8.256371 50.371098 -5.602193 1.000000 0.000000 -1
0 8.256371 41.642460 0.004850 1.000000 1.000000 -1
0 8.256371 50.371098 -5.602193 0.000000 0.000000 -1
0 8.256371 41.642460 0.004850 0.000000 1.000000 -1
0 -8.256371 50.371098 -5.602193 1.000000 0.000000 -1
0 -8.256371 41.642460 0.004850 1.000000 1.000000 -1
0 -8.256371 50.371098 -5.602193 0.000000 0.000000 -1
0 -8.256371 41.642460 0.004850 0.000000 1.000000 -1
0 -8.256371 50.736782 -5.261199 1.000000 0.000000 -1
0 -8.256371 42.008129 0.345846 1.000000 1.000000 -1
0 -8.256371 50.736782 -5.261199 0.000000 1.000000 -1
0 8.256371 50.736782 -5.261199 1.000000 1.000000 -1
0 -8.256371 42.008129 0.345846 0.000000 0.000000 -1
0 8.256371 42.008129 0.345846 1.000000 0.000000 -1
6
0.000000 0.540469 0.841364
1.000000 0.000000 0.000000
0.000000 -0.540469 -0.841364
-1.000000 0.000000 0.000000
0.000000 0.681985 -0.731366
0.000000 -0.682003 0.731350
12
0 0 1 2 0 0 0 1
0 1 3 2 0 0 0 1
0 4 5 6 1 1 1 2
0 5 7 6 1 1 1 2
0 8 9 10 2 2 2 1
0 9 11 10 2 2 2 1
0 12 13 14 3 3 3 2
0 13 15 14 3 3 3 2
0 12 16 6 4 4 4 3
0 16 17 6 4 4 4 3
0 18 13 19 5 5 5 3
0 13 7 19 5 5 5 3
"turretLLShield" 0 0
20
0 8.222222 33.750000 5.384600 0.000000 0.000000 -1
0 8.246032 18.250000 5.384600 0.000000 1.000000 -1
0 18.472221 35.111107 1.730753 1.000000 0.000000 -1
0 18.472221 19.392859 5.384600 1.000000 1.000000 -1
0 18.472221 35.111107 1.730753 0.000000 0.000000 -1
0 18.472221 19.392859 5.384600 0.000000 1.000000 -1
0 18.472221 35.111107 0.494884 1.000000 0.000000 -1
0 18.472221 19.392859 4.148729 1.000000 1.000000 -1
0 18.472221 35.111107 0.494884 0.000000 0.000000 -1
0 18.472221 19.392859 4.148729 0.000000 1.000000 -1
0 8.222222 33.750000 4.148729 1.000000 0.000000 -1
0 8.246032 18.250000 4.148729 1.000000 1.000000 -1
0 8.222222 33.750000 4.148729 0.000000 0.000000 -1
0 8.246032 18.250000 4.148729 0.000000 1.000000 -1
0 8.222222 33.750000 5.384600 1.000000 0.000000 -1
0 8.246032 18.250000 5.384600 1.000000 1.000000 -1
0 8.222222 33.750000 5.384600 0.000000 1.000000 -1
0 18.472221 35.111107 1.730753 1.000000 1.000000 -1
0 8.246032 18.250000 5.384600 0.000000 0.000000 -1
0 18.472221 19.392859 5.384600 1.000000 0.000000 -1
10
0.335716 0.000516 0.941963
0.158873 0.116110 0.980448
-0.025296 0.226349 0.973718
1.000000 0.000000 0.000000
-0.302309 -0.215827 -0.928455
-0.153933 -0.109897 -0.981951
0.000000 0.000000 -1.000000
-0.999999 -0.001536 0.000000
-0.131635 0.991298 0.000000
0.111067 -0.993813 0.000000
12
0 0 1 2 0 1 1 1
0 1 3 2 1 2 1 1
0 4 5 6 3 3 3 2
0 5 7 6 3 3 3 2
0 8 9 10 4 5 5 1
0 9 11 10 5 6 5 1
0 12 13 14 7 7 7 2
0 13 15 14 7 7 7 2
0 12 16 6 8 8 8 3
0 16 17 6 8 8 8 3
0 18 13 19 9 9 9 3
0 13 7 19 9 9 9 3
"turretLRShield" 0 0
20
0 -18.472221 35.111107 1.730753 1.000000 0.000000 -1
0 -8.246032 18.250000 5.384600 0.000000 1.000000 -1
0 -8.222222 33.750000 5.384600 0.000000 0.000000 -1
0 -18.472221 19.392859 5.384600 1.000000 1.000000 -1
0 -18.472221 35.111107 0.494884 1.000000 0.000000 -1
0 -18.472221 19.392859 5.384600 0.000000 1.000000 -1
0 -18.472221 35.111107 1.730753 0.000000 0.000000 -1
0 -18.472221 19.392859 4.148729 1.000000 1.000000 -1
0 -8.222222 33.750000 4.148729 1.000000 0.000000 -1
0 -18.472221 19.392859 4.148729 0.000000 1.000000 -1
0 -18.472221 35.111107 0.494884 0.000000 0.000000 -1
0 -8.246032 18.250000 4.148729 1.000000 1.000000 -1
0 -8.222222 33.750000 5.384600 1.000000 0.000000 -1
0 -8.246032 18.250000 4.148729 0.000000 1.000000 -1
0 -8.222222 33.750000 4.148729 0.000000 0.000000 -1
0 -8.246032 18.250000 5.384600 1.000000 1.000000 -1
0 -8.222222 33.750000 5.384600 0.000000 1.000000 -1
0 -18.472221 35.111107 1.730753 1.000000 1.000000 -1
0 -18.472221 19.392859 5.384600 1.000000 0.000000 -1
0 -8.246032 18.250000 5.384600 0.000000 0.000000 -1
10
-0.158873 0.116110 0.980448
-0.335716 0.000516 0.941963
0.025296 0.226349 0.973718
-1.000000 0.000000 0.000000
0.153933 -0.109897 -0.981951
0.302309 -0.215827 -0.928455
0.000000 0.000000 -1.000000
0.999999 -0.001536 0.000000
0.131635 0.991298 0.000000
-0.111067 -0.993813 0.000000
12
0 0 1 2 0 0 1 1
0 0 3 1 0 2 0 1
0 4 5 6 3 3 3 2
0 4 7 5 3 3 3 2
0 8 9 10 4 4 5 1
0 8 11 9 4 6 4 1
0 12 13 14 7 7 7 2
0 12 15 13 7 7 7 2
0 4 16 14 8 8 8 3
0 4 17 16 8 8 8 3
0 18 13 19 9 9 9 3
0 18 7 13 9 9 9 3
"turretLMRShield" 0 0
20
0 -8.269841 27.269840 5.373084 0.000000 0.000000 -1
0 -8.246032 18.198414 5.373084 0.000000 1.000000 -1
0 0.000000 23.341269 5.373084 1.000000 0.000000 -1
0 0.000000 17.841270 5.373084 1.000000 1.000000 -1
0 0.000000 23.341269 5.373084 0.000000 0.000000 -1
0 0.000000 17.841270 5.373084 0.000000 1.000000 -1
0 0.000000 23.341269 3.960245 1.000000 0.000000 -1
0 0.000000 17.841270 3.960245 1.000000 1.000000 -1
0 0.000000 23.341269 3.960245 0.000000 0.000000 -1
0 0.000000 17.841270 3.960245 0.000000 1.000000 -1
0 -8.269841 27.269840 3.960245 1.000000 0.000000 -1
0 -8.246032 18.198414 3.960245 1.000000 1.000000 -1
0 -8.269841 27.269840 3.960245 0.000000 0.000000 -1
0 -8.246032 18.198414 3.960245 0.000000 1.000000 -1
0 -8.269841 27.269840 5.373084 1.000000 0.000000 -1
0 -8.246032 18.198414 5.373084 1.000000 1.000000 -1
0 -8.269841 27.269840 5.373084 0.000000 1.000000 -1
0 0.000000 23.341269 5.373084 1.000000 1.000000 -1
0 -8.246032 18.198414 5.373084 0.000000 0.000000 -1
0 0.000000 17.841270 5.373084 1.000000 0.000000 -1
6
0.000000 0.000000 1.000000
1.000000 0.000000 0.000000
0.000000 0.000000 -1.000000
-0.999997 -0.002625 0.000000
0.429092 0.903261 0.000000
-0.043270 -0.999063 0.000000
12
0 0 1 2 0 0 0 1
0 1 3 2 0 0 0 1
0 4 5 6 1 1 1 2
0 5 7 6 1 1 1 2
0 8 9 10 2 2 2 1
0 9 11 10 2 2 2 1
0 12 13 14 3 3 3 2
0 13 15 14 3 3 3 2
0 12 16 6 4 4 4 3
0 16 17 6 4 4 4 3
0 18 13 19 5 5 5 3
0 13 7 19 5 5 5 3
"turretLMLShield" 0 0
20
0 0.000000 23.341269 5.373084 1.000000 0.000000 -1
0 8.246032 18.198414 5.373084 0.000000 1.000000 -1
0 8.269841 27.269840 5.373084 0.000000 0.000000 -1
0 0.000000 17.841270 5.373084 1.000000 1.000000 -1
0 0.000000 23.341269 3.960245 1.000000 0.000000 -1
0 0.000000 17.841270 5.373084 0.000000 1.000000 -1
0 0.000000 23.341269 5.373084 0.000000 0.000000 -1
0 0.000000 17.841270 3.960245 1.000000 1.000000 -1
0 8.269841 27.269840 3.960245 1.000000 0.000000 -1
0 0.000000 17.841270 3.960245 0.000000 1.000000 -1
0 0.000000 23.341269 3.960245 0.000000 0.000000 -1
0 8.246032 18.198414 3.960245 1.000000 1.000000 -1
0 8.269841 27.269840 5.373084 1.000000 0.000000 -1
0 8.246032 18.198414 3.960245 0.000000 1.000000 -1
0 8.269841 27.269840 3.960245 0.000000 0.000000 -1
0 8.246032 18.198414 5.373084 1.000000 1.000000 -1
0 8.269841 27.269840 5.373084 0.000000 1.000000 -1
0 0.000000 23.341269 5.373084 1.000000 1.000000 -1
0 0.000000 17.841270 5.373084 1.000000 0.000000 -1
0 8.246032 18.198414 5.373084 0.000000 0.000000 -1
6
0.000000 0.000000 1.000000
-1.000000 0.000000 0.000000
0.000000 0.000000 -1.000000
0.999997 -0.002625 0.000000
-0.429092 0.903261 0.000000
0.043270 -0.999063 0.000000
12
0 0 1 2 0 0 0 1
0 0 3 1 0 0 0 1
0 4 5 6 1 1 1 2
0 4 7 5 1 1 1 2
0 8 9 10 2 2 2 1
0 8 11 9 2 2 2 1
0 12 13 14 3 3 3 2
0 12 15 13 3 3 3 2
0 4 16 14 4 4 4 3
0 4 17 16 4 4 4 3
0 18 13 19 5 5 5 3
0 18 7 13 5 5 5 3
"turretLbracket" 0 0
16
0 6.069445 15.148998 9.425000 0.000000 0.000000 -1
0 6.069445 12.312109 9.425000 0.000000 1.000000 -1
0 8.194445 15.148998 9.425000 1.000000 0.000000 -1
0 8.194445 12.312109 9.425000 1.000000 1.000000 -1
0 8.194445 15.148998 9.425000 0.000000 0.000000 -1
0 8.194445 12.312109 9.425000 0.000000 1.000000 -1
0 8.194445 16.355553 5.575000 1.000000 0.000000 -1
0 8.194445 11.105556 5.575000 1.000000 1.000000 -1
0 6.069445 16.355553 5.575000 0.000000 0.000000 -1
0 6.069445 11.105556 5.575000 0.000000 1.000000 -1
0 6.069445 15.148998 9.425000 1.000000 0.000000 -1
0 6.069445 12.312109 9.425000 1.000000 1.000000 -1
0 6.069445 15.148998 9.425000 0.000000 1.000000 -1
0 8.194445 15.148998 9.425000 1.000000 1.000000 -1
0 6.069445 12.312109 9.425000 0.000000 0.000000 -1
0 8.194445 12.312109 9.425000 1.000000 0.000000 -1
5
0.000000 0.000000 1.000000
1.000000 0.000000 0.000000
-1.000000 0.000000 0.000000
0.000000 0.954238 0.299049
0.000000 -0.954238 0.299049
10
0 0 1 2 0 0 0 1
0 1 3 2 0 0 0 1
0 4 5 6 1 1 1 2
0 5 7 6 1 1 1 2
0 8 9 10 2 2 2 2
0 9 11 10 2 2 2 2
0 8 12 6 3 3 3 3
0 12 13 6 3 3 3 3
0 14 9 15 4 4 4 3
0 9 7 15 4 4 4 3
"turretRbracket" 0 0
16
0 -8.194445 15.148998 9.425000 1.000000 0.000000 -1
0 -6.069445 12.312109 9.425000 0.000000 1.000000 -1
0 -6.069445 15.148998 9.425000 0.000000 0.000000 -1
0 -8.194445 12.312109 9.425000 1.000000 1.000000 -1
0 -8.194445 16.355553 5.575000 1.000000 0.000000 -1
0 -8.194445 12.312109 9.425000 0.000000 1.000000 -1
0 -8.194445 15.148998 9.425000 0.000000 0.000000 -1
0 -8.194445 11.105556 5.575000 1.000000 1.000000 -1
0 -6.069445 15.148998 9.425000 1.000000 0.000000 -1
0 -6.069445 11.105556 5.575000 0.000000 1.000000 -1
0 -6.069445 16.355553 5.575000 0.000000 0.000000 -1
0 -6.069445 12.312109 9.425000 1.000000 1.000000 -1
0 -6.069445 15.148998 9.425000 0.000000 1.000000 -1
0 -8.194445 15.148998 9.425000 1.000000 1.000000 -1
0 -8.194445 12.312109 9.425000 1.000000 0.000000 -1
0 -6.069445 12.312109 9.425000 0.000000 0.000000 -1
5
0.000000 0.000000 1.000000
-1.000000 0.000000 0.000000
1.000000 0.000000 0.000000
0.000000 0.954238 0.299049
0.000000 -0.954238 0.299049
10
0 0 1 2 0 0 0 1
0 0 3 1 0 0 0 1
0 4 5 6 1 1 1 2
0 4 7 5 1 1 1 2
0 8 9 10 2 2 2 2
0 8 11 9 2 2 2 2
0 4 12 10 3 3 3 3
0 4 13 12 3 3 3 3
0 14 9 15 4 4 4 3
0 14 7 9 4 4 4 3
"turretcenterarm" 0 0
20
0 -1.461404 3.204443 13.996115 0.000000 0.000000 -1
0 -1.461404 2.289283 11.940639 0.000000 1.000000 -1
0 1.447515 3.204443 13.996115 1.000000 0.000000 -1
0 1.447515 2.289283 11.940639 1.000000 1.000000 -1
0 1.447515 3.204443 13.996115 0.000000 0.000000 -1
0 1.447515 2.289283 11.940639 0.000000 1.000000 -1
0 6.430555 14.966349 8.759380 1.000000 0.000000 -1
0 6.430555 14.051192 6.703903 1.000000 1.000000 -1
0 6.430555 14.966349 8.759380 0.000000 0.000000 -1
0 6.430555 14.051192 6.703903 0.000000 1.000000 -1
0 -6.444445 14.966349 8.759380 1.000000 0.000000 -1
0 -6.444445 14.051192 6.703903 1.000000 1.000000 -1
0 -6.444445 14.966349 8.759380 0.000000 0.000000 -1
0 -6.444445 14.051192 6.703903 0.000000 1.000000 -1
0 -1.461404 3.204443 13.996115 1.000000 0.000000 -1
0 -1.461404 2.289283 11.940639 1.000000 1.000000 -1
0 -1.461404 3.204443 13.996115 0.000000 1.000000 -1
0 1.447515 3.204443 13.996115 1.000000 1.000000 -1
0 -1.461404 2.289283 11.940639 0.000000 0.000000 -1
0 1.447515 2.289283 11.940639 1.000000 0.000000 -1
11
0.000000 -0.913545 0.406738
0.932588 -0.329736 0.146809
0.932588 -0.329736 0.146808
0.932588 -0.329737 0.146808
0.000000 0.913546 -0.406736
-0.932588 -0.329737 0.146808
-0.932588 -0.329737 0.146808
-0.932588 -0.329736 0.146809
0.000000 0.406736 0.913546
0.000000 -0.406736 -0.913546
0.000000 -0.406736 -0.913546
12
0 0 1 2 0 0 0 1
0 1 3 2 0 0 0 1
0 4 5 6 1 2 2 2
0 5 7 6 2 3 2 2
0 8 9 10 4 4 4 1
0 9 11 10 4 4 4 1
0 12 13 14 5 6 6 2
0 13 15 14 6 7 6 2
0 12 16 6 8 8 8 3
0 16 17 6 8 8 8 3
0 18 13 19 9 10 10 3
0 13 7 19 10 10 10 3
"turretcenterBase" 0 0
20
0 10.879359 2.472948 12.626961 0.000000 0.000000 -1
0 0.000000 4.672948 12.626961 0.000000 0.000000 -1
0 5.439680 2.472948 22.048763 0.000000 0.000000 -1
0 10.879359 0.072949 12.626961 0.000000 1.000000 -1
0 5.439680 0.072949 22.048763 0.166667 1.000000 -1
0 5.439680 2.472948 22.048763 0.166667 0.000000 -1
0 -5.439680 2.472948 22.048763 0.000000 0.000000 -1
0 -5.439680 2.472948 22.048763 0.333333 0.000000 -1
0 -5.439680 0.072949 22.048763 0.333333 1.000000 -1
0 -10.879359 2.472948 12.626961 0.000000 0.000000 -1
0 -10.879359 0.072949 12.626961 0.500000 1.000000 -1
0 -10.879359 2.472948 12.626961 0.500000 0.000000 -1
0 -5.439680 2.472948 3.205160 0.000000 0.000000 -1
0 -5.439680 2.472948 3.205160 0.666667 0.000000 -1
0 -5.439680 0.072949 3.205160 0.666667 1.000000 -1
0 5.439680 2.472948 3.205160 0.000000 0.000000 -1
0 5.439680 0.072949 3.205160 0.833333 1.000000 -1
0 5.439680 2.472948 3.205160 0.833333 0.000000 -1
0 10.879359 2.472948 12.626961 1.000000 0.000000 -1
0 10.879359 0.072949 12.626961 1.000000 1.000000 -1
14
0.198206 0.980160 -0.000000
0.000000 1.000000 -0.000000
0.099103 0.980160 0.171651
0.866025 0.000000 0.500000
0.500000 0.000000 0.866025
-0.099103 0.980160 0.171651
-0.500000 0.000000 0.866025
-0.198206 0.980160 -0.000000
-1.000000 0.000000 -0.000000
-0.099103 0.980160 -0.171651
-0.500000 0.000000 -0.866025
0.099103 0.980160 -0.171651
0.500000 0.000000 -0.866025
0.866025 0.000000 -0.500000
18
0 0 1 2 0 1 2 2
0 3 0 4 3 3 4 1
0 0 5 4 3 4 4 1
0 2 1 6 2 1 5 2
0 4 5 7 4 4 6 1
0 4 7 8 4 6 6 1
0 6 1 9 5 1 7 2
0 8 7 10 6 6 8 1
0 7 11 10 6 8 8 1
0 9 1 12 7 1 9 2
0 10 11 13 8 8 10 1
0 10 13 14 8 10 10 1
0 12 1 15 9 1 11 2
0 14 13 16 10 10 12 1
0 13 17 16 10 12 12 1
0 15 1 0 11 1 0 2
0 16 17 18 12 12 13 1
0 16 18 19 12 13 13 1
"turretLeftWall" 0 0
27
0 8.224992 33.599319 -3.007999 0.000000 0.000000 -1
0 8.224996 17.805111 1.756100 0.000000 0.000000 -1
0 11.322870 33.599319 -12.007997 0.000000 0.000000 -1
0 5.024991 33.599327 -3.007999 0.000000 0.000000 -1
0 5.030734 33.599327 -12.007997 0.000000 0.000000 -1
0 5.024991 17.805111 1.756100 0.000000 0.000000 -1
0 8.224992 33.599319 -3.007999 0.000000 1.000000 -1
0 8.224996 17.805111 1.756100 0.166667 1.000000 -1
0 5.024991 17.805111 1.756100 0.166667 0.000000 -1
0 8.224996 17.405109 -24.772091 0.000000 0.000000 -1
0 5.024991 17.405109 -24.772091 0.000000 0.000000 -1
0 5.024991 17.405109 -24.772091 0.333333 0.000000 -1
0 8.224996 17.405109 -24.772091 0.333333 1.000000 -1
0 8.224992 33.599319 -21.007999 0.000000 0.000000 -1
0 5.024991 33.599327 -21.007999 0.000000 0.000000 -1
0 8.224992 33.599319 -21.007999 0.500000 1.000000 -1
0 5.024991 33.599327 -21.007999 0.500000 0.000000 -1
0 8.224996 41.393562 -16.507999 0.000000 0.000000 -1
0 5.024991 41.393562 -16.507999 0.000000 0.000000 -1
0 5.024991 41.393562 -16.507999 0.666667 0.000000 -1
0 8.224996 41.393562 -16.507999 0.666667 1.000000 -1
0 8.224996 41.393562 -7.507995 0.000000 0.000000 -1
0 5.024991 41.393562 -7.507995 0.000000 0.000000 -1
0 8.224996 41.393562 -7.507995 0.833333 1.000000 -1
0 5.024991 41.393562 -7.507995 0.833333 0.000000 -1
0 5.024991 33.599327 -3.007999 1.000000 0.000000 -1
0 8.224992 33.599319 -3.007999 1.000000 1.000000 -1
28
0.936063 0.141326 0.322201
0.984761 -0.047304 0.167359
0.991949 0.126640 0.000392
-1.000000 -0.000280 -0.000638
-1.000000 -0.000243 -0.000001
-1.000000 0.000083 -0.000322
0.000001 0.288784 0.957394
0.000000 0.288784 0.957394
0.000000 -0.590260 0.807213
0.000000 -0.590260 0.807213
0.984621 -0.058645 -0.164566
-1.000000 0.000105 0.000316
0.000000 -0.627818 -0.778360
0.000000 -0.627818 -0.778360
0.937498 0.130253 -0.322695
-1.000000 -0.000258 0.000638
0.000000 0.367192 -0.930145
0.000001 0.367192 -0.930145
0.945553 0.281862 -0.162734
-1.000000 -0.000553 0.000319
0.000000 0.866025 -0.500000
0.000000 0.866025 -0.500000
0.945553 0.281862 0.162734
-1.000000 -0.000553 -0.000319
0.000000 0.866025 0.500000
0.000000 0.866025 0.500000
0.000001 0.499999 0.866026
0.000001 0.499999 0.866026
24
0 0 1 2 0 1 2 2
0 3 4 5 3 4 5 2
0 6 3 7 6 7 8 1
0 3 8 7 7 9 8 1
0 1 9 2 1 10 2 2
0 5 4 10 5 4 11 2
0 7 8 11 8 9 12 1
0 7 11 12 8 12 13 1
0 9 13 2 10 14 2 2
0 10 4 14 11 4 15 2
0 12 11 15 13 12 16 1
0 11 16 15 12 17 16 1
0 13 17 2 14 18 2 2
0 14 4 18 15 4 19 2
0 15 16 19 16 17 20 1
0 15 19 20 16 20 21 1
0 17 21 2 18 22 2 2
0 18 4 22 19 4 23 2
0 20 19 23 21 20 24 1
0 19 24 23 20 25 24 1
0 21 0 2 22 0 2 2
0 22 4 3 23 4 3 2
0 23 24 25 24 25 26 1
0 23 25 26 24 26 27 1
"turretRightWall" 0 0
27
0 -11.322870 33.599319 -12.007997 0.000000 0.000000 -1
0 -8.224996 17.805111 1.756100 0.000000 0.000000 -1
0 -8.224992 33.599319 -3.007999 0.000000 0.000000 -1
0 -5.024991 17.805111 1.756100 0.000000 0.000000 -1
0 -5.030734 33.599327 -12.007997 0.000000 0.000000 -1
0 -5.024991 33.599327 -3.007999 0.000000 0.000000 -1
0 -8.224996 17.805111 1.756100 0.166667 1.000000 -1
0 -8.224992 33.599319 -3.007999 0.000000 1.000000 -1
0 -5.024991 17.805111 1.756100 0.166667 0.000000 -1
0 -8.224996 17.405109 -24.772091 0.000000 0.000000 -1
0 -5.024991 17.405109 -24.772091 0.000000 0.000000 -1
0 -5.024991 17.405109 -24.772091 0.333333 0.000000 -1
0 -8.224996 17.405109 -24.772091 0.333333 1.000000 -1
0 -8.224992 33.599319 -21.007999 0.000000 0.000000 -1
0 -5.024991 33.599327 -21.007999 0.000000 0.000000 -1
0 -8.224992 33.599319 -21.007999 0.500000 1.000000 -1
0 -5.024991 33.599327 -21.007999 0.500000 0.000000 -1
0 -8.224996 41.393562 -16.507999 0.000000 0.000000 -1
0 -5.024991 41.393562 -16.507999 0.000000 0.000000 -1
0 -5.024991 41.393562 -16.507999 0.666667 0.000000 -1
0 -8.224996 41.393562 -16.507999 0.666667 1.000000 -1
0 -8.224996 41.393562 -7.507995 0.000000 0.000000 -1
0 -5.024991 41.393562 -7.507995 0.000000 0.000000 -1
0 -8.224996 41.393562 -7.507995 0.833333 1.000000 -1
0 -5.024991 41.393562 -7.507995 0.833333 0.000000 -1
0 -5.024991 33.599327 -3.007999 1.000000 0.000000 -1
0 -8.224992 33.599319 -3.007999 1.000000 1.000000 -1
28
-0.991949 0.126640 0.000392
-0.984761 -0.047304 0.167359
-0.936063 0.141326 0.322201
1.000000 0.000083 -0.000322
1.000000 -0.000243 -0.000001
1.000000 -0.000280 -0.000638
-0.000000 -0.590260 0.807213
-0.000000 0.288784 0.957394
-0.000001 0.288784 0.957394
0.000000 -0.590260 0.807213
-0.984621 -0.058645 -0.164566
1.000000 0.000105 0.000316
-0.000000 -0.627818 -0.778360
0.000000 -0.627818 -0.778360
-0.937498 0.130253 -0.322695
1.000000 -0.000258 0.000638
-0.000000 0.367192 -0.930145
-0.000001 0.367192 -0.930145
-0.945553 0.281862 -0.162734
1.000000 -0.000553 0.000319
-0.000000 0.866025 -0.500000
0.000000 0.866025 -0.500000
-0.945553 0.281862 0.162734
1.000000 -0.000553 -0.000319
-0.000000 0.866025 0.500000
0.000000 0.866025 0.500000
-0.000001 0.499999 0.866026
-0.000001 0.499999 0.866026
24
0 0 1 2 0 1 2 2
0 3 4 5 3 4 5 2
0 6 5 7 6 7 8 1
0 6 8 5 6 9 7 1
0 0 9 1 0 10 1 2
0 10 4 3 11 4 3 2
0 11 8 6 12 9 6 1
0 12 11 6 13 12 6 1
0 0 13 9 0 14 10 2
0 14 4 10 15 4 11 2
0 15 11 12 16 12 13 1
0 15 16 11 16 17 12 1
0 0 17 13 0 18 14 2
0 18 4 14 19 4 15 2
0 19 16 15 20 17 16 1
0 20 19 15 21 20 16 1
0 0 21 17 0 22 18 2
0 22 4 18 23 4 19 2
0 23 19 20 24 20 21 1
0 23 24 19 24 25 20 1
0 0 2 21 0 2 22 2
0 5 4 22 5 4 23 2
0 25 24 23 26 25 24 1
0 26 25 23 27 26 24 1
"gunBreech" 0 0
20
0 -5.047122 37.001122 -1.311501 0.000000 0.000000 -1
0 -5.047122 29.344769 -1.311501 0.000000 1.000000 -1
0 5.047122 37.001122 -1.311501 1.000000 0.000000 -1
0 5.047122 29.344769 -1.311501 1.000000 1.000000 -1
0 5.047122 37.001122 -1.311501 0.000000 0.000000 -1
0 5.047122 29.344769 -1.311501 0.000000 1.000000 -1
0 5.047122 37.001122 -32.511501 1.000000 0.000000 -1
0 5.047122 29.344769 -32.511501 1.000000 1.000000 -1
0 5.047122 37.001122 -32.511501 0.000000 0.000000 -1
0 5.047122 29.344769 -32.511501 0.000000 1.000000 -1
0 -5.047122 37.001122 -32.511501 1.000000 0.000000 -1
0 -5.047122 29.344769 -32.511501 1.000000 1.000000 -1
0 -5.047122 37.001122 -32.511501 0.000000 0.000000 -1
0 -5.047122 29.344769 -32.511501 0.000000 1.000000 -1
0 -5.047122 37.001122 -1.311501 1.000000 0.000000 -1
0 -5.047122 29.344769 -1.311501 1.000000 1.000000 -1
0 -5.047122 37.001122 -1.311501 0.000000 1.000000 -1
0 5.047122 37.001122 -1.311501 1.000000 1.000000 -1
0 -5.047122 29.344769 -1.311501 0.000000 0.000000 -1
0 5.047122 29.344769 -1.311501 1.000000 0.000000 -1
6
0.000000 0.000000 1.000000
1.000000 0.000000 0.000000
0.000000 0.000000 -1.000000
-1.000000 0.000000 0.000000
0.000000 1.000000 0.000000
0.000000 -1.000000 0.000000
12
0 0 1 2 0 0 0 1
0 1 3 2 0 0 0 1
0 4 5 6 1 1 1 2
0 5 7 6 1 1 1 2
0 8 9 10 2 2 2 1
0 9 11 10 2 2 2 1
0 12 13 14 3 3 3 2
0 13 15 14 3 3 3 2
0 12 16 6 4 4 4 3
0 16 17 6 4 4 4 3
0 18 13 19 5 5 5 3
0 13 7 19 5 5 5 3
"turretBase" 0 0
20
0 -12.587965 17.623941 -6.311500 0.000000 0.000000 -1
0 -12.587965 10.319349 -6.311500 0.000000 1.000000 -1
0 10.101012 17.623941 -6.311500 1.000000 0.000000 -1
0 10.101012 10.319349 -6.311500 1.000000 1.000000 -1
0 10.101012 17.623941 -6.311500 0.000000 0.000000 -1
0 10.101012 10.319349 -6.311500 0.000000 1.000000 -1
0 10.101012 17.623941 -25.461502 1.000000 0.000000 -1
0 10.101012 10.319349 -25.461502 1.000000 1.000000 -1
0 10.101012 17.623941 -25.461502 0.000000 0.000000 -1
0 10.101012 10.319349 -25.461502 0.000000 1.000000 -1
0 -12.587965 17.623941 -25.461502 1.000000 0.000000 -1
0 -12.587965 10.319349 -25.461502 1.000000 1.000000 -1
0 -12.587965 17.623941 -25.461502 0.000000 0.000000 -1
0 -12.587965 10.319349 -25.461502 0.000000 1.000000 -1
0 -12.587965 17.623941 -6.311500 1.000000 0.000000 -1
0 -12.587965 10.319349 -6.311500 1.000000 1.000000 -1
0 -12.587965 17.623941 -6.311500 0.000000 1.000000 -1
0 10.101012 17.623941 -6.311500 1.000000 1.000000 -1
0 -12.587965 10.319349 -6.311500 0.000000 0.000000 -1
0 10.101012 10.319349 -6.311500 1.000000 0.000000 -1
6
0.000000 0.000000 1.000000
1.000000 0.000000 0.000000
0.000000 0.000000 -1.000000
-1.000000 0.000000 0.000000
0.000000 1.000000 0.000000
0.000000 -1.000000 0.000000
12
0 0 1 2 0 0 0 1
0 1 3 2 0 0 0 1
0 4 5 6 1 1 1 2
0 5 7 6 1 1 1 2
0 8 9 10 2 2 2 1
0 9 11 10 2 2 2 1
0 12 13 14 3 3 3 2
0 13 15 14 3 3 3 2
0 12 16 6 4 4 4 3
0 16 17 6 4 4 4 3
0 18 13 19 5 5 5 3
0 13 7 19 5 5 5 3
"turretRightArm" 0 0
20
0 -11.893436 19.517906 -17.803741 0.000000 0.000000 -1
0 -11.893436 8.123981 -17.803741 0.000000 1.000000 -1
0 -4.504557 19.517906 -24.693995 1.000000 0.000000 -1
0 -4.504557 8.123981 -24.693995 1.000000 1.000000 -1
0 -4.504557 19.517906 -24.693995 0.000000 0.000000 -1
0 -4.504557 8.123981 -24.693995 0.000000 1.000000 -1
0 -52.323494 8.462027 -95.430588 1.000000 0.000000 -1
0 -52.323494 2.905499 -95.430588 1.000000 1.000000 -1
0 -52.323494 8.462027 -95.430588 0.000000 0.000000 -1
0 -52.323494 2.905499 -95.430588 0.000000 1.000000 -1
0 -54.270607 8.462027 -92.398033 1.000000 0.000000 -1
0 -54.270607 2.905499 -92.398033 1.000000 1.000000 -1
0 -54.270607 8.462027 -92.398033 0.000000 0.000000 -1
0 -54.270607 2.905499 -92.398033 0.000000 1.000000 -1
0 -11.893436 19.517906 -17.803741 1.000000 0.000000 -1
0 -11.893436 8.123981 -17.803741 1.000000 1.000000 -1
0 -11.893436 19.517906 -17.803741 0.000000 1.000000 -1
0 -4.504557 19.517906 -24.693995 1.000000 1.000000 -1
0 -11.893436 8.123981 -17.803741 0.000000 0.000000 -1
0 -4.504557 8.123981 -24.693995 1.000000 0.000000 -1
12
0.681999 0.000000 0.731353
0.828459 0.000000 -0.560050
0.828459 0.000000 -0.560050
-0.841480 0.000000 -0.540289
-0.869486 0.000000 0.493957
-0.869486 0.000000 0.493957
-0.121196 0.989574 -0.077816
-0.104934 0.990715 -0.086448
-0.088637 0.991518 -0.095051
0.042562 -0.998051 0.045642
0.049206 -0.997957 0.040751
0.055847 -0.997795 0.035858
12
0 0 1 2 0 0 0 1
0 1 3 2 0 0 0 1
0 4 5 6 1 1 1 2
0 5 7 6 1 2 1 2
0 8 9 10 3 3 3 1
0 9 11 10 3 3 3 1
0 12 13 14 4 5 5 2
0 13 15 14 5 5 5 2
0 12 16 6 6 7 7 3
0 16 17 6 7 8 7 3
0 18 13 19 9 10 10 3
0 13 7 19 10 11 10 3
"turretLeftArm" 0 0
20
0 4.504557 19.517906 -24.693995 1.000000 0.000000 -1
0 11.893436 8.123981 -17.803741 0.000000 1.000000 -1
0 11.893436 19.517906 -17.803741 0.000000 0.000000 -1
0 4.504557 8.123981 -24.693995 1.000000 1.000000 -1
0 52.323494 8.462027 -95.430588 1.000000 0.000000 -1
0 4.504557 8.123981 -24.693995 0.000000 1.000000 -1
0 4.504557 19.517906 -24.693995 0.000000 0.000000 -1
0 52.323494 2.905499 -95.430588 1.000000 1.000000 -1
0 54.270607 8.462027 -92.398033 1.000000 0.000000 -1
0 52.323494 2.905499 -95.430588 0.000000 1.000000 -1
0 52.323494 8.462027 -95.430588 0.000000 0.000000 -1
0 54.270607 2.905499 -92.398033 1.000000 1.000000 -1
0 11.893436 19.517906 -17.803741 1.000000 0.000000 -1
0 54.270607 2.905499 -92.398033 0.000000 1.000000 -1
0 54.270607 8.462027 -92.398033 0.000000 0.000000 -1
0 11.893436 8.123981 -17.803741 1.000000 1.000000 -1
0 11.893436 19.517906 -17.803741 0.000000 1.000000 -1
0 4.504557 19.517906 -24.693995 1.000000 1.000000 -1
0 4.504557 8.123981 -24.693995 1.000000 0.000000 -1
0 11.893436 8.123981 -17.803741 0.000000 0.000000 -1
12
-0.681999 0.000000 0.731353
-0.828459 0.000000 -0.560050
-0.828459 0.000000 -0.560050
0.841480 0.000000 -0.540289
0.869486 0.000000 0.493957
0.869486 0.000000 0.493957
0.104934 0.990715 -0.086448
0.121196 0.989574 -0.077816
0.088637 0.991518 -0.095051
-0.049206 -0.997957 0.040751
-0.042562 -0.998051 0.045642
-0.055847 -0.997795 0.035858
12
0 0 1 2 0 0 0 1
0 0 3 1 0 0 0 1
0 4 5 6 1 1 1 2
0 4 7 5 1 2 1 2
0 8 9 10 3 3 3 1
0 8 11 9 3 3 3 1
0 12 13 14 4 4 5 2
0 12 15 13 4 4 4 2
0 4 16 14 6 6 7 3
0 4 17 16 6 8 6 3
0 18 13 19 9 9 10 3
0 18 7 13 9 11 9 3
"turretLeftBase" 0 0
20
0 65.333328 2.439616 -93.611496 0.000000 0.000000 -1
0 52.333332 5.606283 -93.611496 0.000000 0.000000 -1
0 58.833332 2.439616 -82.353165 0.000000 0.000000 -1
0 65.333328 0.272949 -93.611496 0.000000 1.000000 -1
0 58.833332 0.272949 -82.353165 0.166667 1.000000 -1
0 58.833332 2.439616 -82.353165 0.166667 0.000000 -1
0 45.833332 2.439616 -82.353165 0.000000 0.000000 -1
0 45.833332 2.439616 -82.353165 0.333333 0.000000 -1
0 45.833332 0.272949 -82.353165 0.333333 1.000000 -1
0 39.333332 2.439616 -93.611496 0.000000 0.000000 -1
0 39.333332 0.272949 -93.611496 0.500000 1.000000 -1
0 39.333332 2.439616 -93.611496 0.500000 0.000000 -1
0 45.833332 2.439616 -104.869827 0.000000 0.000000 -1
0 45.833332 2.439616 -104.869827 0.666667 0.000000 -1
0 45.833332 0.272949 -104.869827 0.666667 1.000000 -1
0 58.833332 2.439616 -104.869827 0.000000 0.000000 -1
0 58.833332 0.272949 -104.869827 0.833333 1.000000 -1
0 58.833332 2.439616 -104.869827 0.833333 0.000000 -1
0 65.333328 2.439616 -93.611496 1.000000 0.000000 -1
0 65.333328 0.272949 -93.611496 1.000000 1.000000 -1
14
0.236670 0.971590 0.000000
0.000000 1.000000 0.000000
0.118335 0.971590 0.204962
0.866026 0.000000 0.500000
0.500000 0.000000 0.866025
-0.118335 0.971590 0.204962
-0.500000 0.000000 0.866025
-0.236669 0.971590 0.000000
-1.000000 0.000000 0.000000
-0.118335 0.971590 -0.204962
-0.500000 0.000000 -0.866025
0.118335 0.971590 -0.204962
0.500000 0.000000 -0.866025
0.866026 0.000000 -0.500000
18
0 0 1 2 0 1 2 2
0 3 0 4 3 3 4 1
0 0 5 4 3 4 4 1
0 2 1 6 2 1 5 2
0 4 5 7 4 4 6 1
0 4 7 8 4 6 6 1
0 6 1 9 5 1 7 2
0 8 7 10 6 6 8 1
0 7 11 10 6 8 8 1
0 9 1 12 7 1 9 2
0 10 11 13 8 8 10 1
0 10 13 14 8 10 10 1
0 12 1 15 9 1 11 2
0 14 13 16 10 10 12 1
0 13 17 16 10 12 12 1
0 15 1 0 11 1 0 2
0 16 17 18 12 12 13 1
0 16 18 19 12 13 13 1
"turretRightBase" 0 0
20
0 -58.833332 2.439616 -82.353165 0.000000 0.000000 -1
0 -52.333332 5.606283 -93.611496 0.000000 0.000000 -1
0 -65.333328 2.439616 -93.611496 0.000000 0.000000 -1
0 -58.833332 0.272949 -82.353165 0.166667 1.000000 -1
0 -65.333328 0.272949 -93.611496 0.000000 1.000000 -1
0 -58.833332 2.439616 -82.353165 0.166667 0.000000 -1
0 -45.833332 2.439616 -82.353165 0.000000 0.000000 -1
0 -45.833332 2.439616 -82.353165 0.333333 0.000000 -1
0 -45.833332 0.272949 -82.353165 0.333333 1.000000 -1
0 -39.333332 2.439616 -93.611496 0.000000 0.000000 -1
0 -39.333332 0.272949 -93.611496 0.500000 1.000000 -1
0 -39.333332 2.439616 -93.611496 0.500000 0.000000 -1
0 -45.833332 2.439616 -104.869827 0.000000 0.000000 -1
0 -45.833332 2.439616 -104.869827 0.666667 0.000000 -1
0 -45.833332 0.272949 -104.869827 0.666667 1.000000 -1
0 -58.833332 2.439616 -104.869827 0.000000 0.000000 -1
0 -58.833332 0.272949 -104.869827 0.833333 1.000000 -1
0 -58.833332 2.439616 -104.869827 0.833333 0.000000 -1
0 -65.333328 2.439616 -93.611496 1.000000 0.000000 -1
0 -65.333328 0.272949 -93.611496 1.000000 1.000000 -1
14
-0.118335 0.971590 0.204962
-0.000000 1.000000 0.000000
-0.236670 0.971590 0.000000
-0.500000 0.000000 0.866025
-0.866026 0.000000 0.500000
0.118335 0.971590 0.204962
0.500000 0.000000 0.866025
0.236669 0.971590 0.000000
1.000000 0.000000 0.000000
0.118335 0.971590 -0.204962
0.500000 0.000000 -0.866025
-0.118335 0.971590 -0.204962
-0.500000 0.000000 -0.866025
-0.866026 0.000000 -0.500000
18
0 0 1 2 0 1 2 2
0 3 2 4 3 4 4 1
0 3 5 2 3 3 4 1
0 6 1 0 5 1 0 2
0 7 5 3 6 3 3 1
0 8 7 3 6 6 3 1
0 9 1 6 7 1 5 2
0 10 7 8 8 6 6 1
0 10 11 7 8 8 6 1
0 12 1 9 9 1 7 2
0 13 11 10 10 8 8 1
0 14 13 10 10 10 8 1
0 15 1 12 11 1 9 2
0 16 13 14 12 10 10 1
0 16 17 13 12 12 10 1
0 2 1 15 2 1 11 2
0 18 17 16 13 12 12 1
0 19 18 16 13 13 12 1
"turretRightWheel" 0 1
69
0 -27.291676 24.580662 -10.663342 0.866026 0.133975 -1
0 -27.291668 17.938816 -14.498010 1.000000 0.366025 -1
0 -27.291676 14.104137 -0.186818 0.500000 0.500000 -1
0 -19.833336 24.580664 -10.663338 0.866025 0.133975 -1
0 -19.833336 14.104145 -0.186812 0.500000 0.500000 -1
0 -19.833332 17.938822 -14.498006 1.000000 0.366025 -1
0 -27.291676 24.580662 -10.663342 0.899194 0.027376 -1
0 -19.833336 24.580664 -10.663338 0.994192 0.027376 -1
0 -27.291668 17.938816 -14.498010 0.899194 0.000661 -1
0 -19.833332 17.938822 -14.498006 0.994192 0.000662 -1
0 -27.291668 10.269469 -14.498006 1.000000 0.633974 -1
0 -19.833332 10.269465 -14.498010 1.000000 0.633975 -1
0 -19.833332 10.269465 -14.498010 0.994192 0.000661 -1
0 -27.291668 10.269469 -14.498006 0.899194 0.000662 -1
0 -27.291664 3.627621 -10.663335 0.866025 0.866025 -1
0 -19.833332 3.627621 -10.663335 0.866025 0.866025 -1
0 -27.291664 3.627621 -10.663335 0.899195 0.027376 -1
0 -19.833332 3.627621 -10.663335 0.994192 0.027376 -1
0 -27.291668 -0.207052 -4.021485 0.633974 1.000000 -1
0 -19.833332 -0.207056 -4.021490 0.633975 1.000000 -1
0 -19.833332 -0.207056 -4.021490 0.994192 0.073646 -1
0 -27.291668 -0.207052 -4.021485 0.899194 0.073646 -1
0 -27.291668 -0.207055 3.647858 0.366025 1.000000 -1
0 -19.833332 -0.207051 3.647864 0.366025 1.000000 -1
0 -27.291668 -0.207055 3.647858 0.899194 0.127075 -1
0 -19.833332 -0.207051 3.647864 0.994192 0.127075 -1
0 -27.291676 3.627614 10.289702 0.133975 0.866026 -1
0 -19.833336 3.627620 10.289707 0.133975 0.866025 -1
0 -19.833336 3.627620 10.289707 0.994192 0.173346 -1
0 -27.291676 3.627614 10.289702 0.899194 0.173346 -1
0 -27.291668 10.269465 14.124379 0.000000 0.633975 -1
0 -19.833332 10.269465 14.124379 0.000000 0.633975 -1
0 -27.291668 10.269465 14.124379 0.899194 0.200060 -1
0 -19.833332 10.269465 14.124379 0.994192 0.200060 -1
0 -27.291672 17.938807 14.124370 0.000000 0.366026 -1
0 -19.833340 17.938807 14.124370 0.000000 0.366026 -1
0 -19.833340 17.938807 14.124370 0.994192 0.200060 -1
0 -27.291672 17.938807 14.124370 0.899194 0.200060 -1
0 -27.291672 24.580650 10.289697 0.133975 0.133975 -1
0 -19.833332 24.580664 10.289707 0.133975 0.133975 -1
0 -27.291672 24.580650 10.289697 0.899194 0.173346 -1
0 -19.833332 24.580664 10.289707 0.994192 0.173346 -1
0 -27.291672 28.415321 3.647851 0.366026 0.000001 -1
0 -19.833340 28.415321 3.647851 0.366026 0.000001 -1
0 -19.833340 28.415321 3.647851 0.994192 0.127075 -1
0 -27.291672 28.415321 3.647851 0.899194 0.127075 -1
0 -27.291668 28.415337 -4.021490 0.633975 0.000000 -1
0 -19.833332 28.415337 -4.021490 0.633975 0.000000 -1
0 -27.291668 28.415337 -4.021490 0.899194 0.073646 -1
0 -19.833332 28.415337 -4.021490 0.994192 0.073646 -1
0 -29.666676 14.106290 -4.013946 0.633711 0.499925 -1
0 -29.666672 10.726660 -2.062717 0.565540 0.618001 -1
0 -29.666676 14.106290 -0.111489 0.497368 0.499925 -1
0 -28.375004 14.106282 -6.972349 0.737071 0.499925 -1
0 -28.375008 8.164611 -3.541918 0.617220 0.707513 -1
0 -26.458338 14.106294 -6.972349 0.737071 0.499925 -1
0 -26.458342 8.164611 -3.541918 0.617220 0.707513 -1
0 -29.666672 10.726660 1.839739 0.429197 0.618001 -1
0 -28.375008 8.164611 3.318940 0.377517 0.707513 -1
0 -26.458342 8.164611 3.318940 0.377517 0.707513 -1
0 -29.666676 14.106290 3.790967 0.361026 0.499925 -1
0 -28.375004 14.106282 6.749367 0.257666 0.499925 -1
0 -26.458338 14.106294 6.749367 0.257666 0.499925 -1
0 -29.666672 17.485910 1.839739 0.429197 0.381849 -1
0 -28.375008 20.047962 3.318940 0.377517 0.292337 -1
0 -26.458342 20.047962 3.318940 0.377517 0.292337 -1
0 -29.666672 17.485910 -2.062717 0.565540 0.381849 -1
0 -28.375008 20.047962 -3.541918 0.617220 0.292337 -1
0 -26.458342 20.047962 -3.541918 0.617220 0.292337 -1
72
-1.000000 -0.000000 -0.000000
-1.000000 -0.000000 -0.000001
-1.000000 -0.000000 -0.000000
1.000000 0.000000 0.000000
1.000000 0.000000 0.000000
1.000000 0.000000 0.000000
0.000000 0.707107 -0.707107
0.000000 0.707107 -0.707107
0.000000 0.258819 -0.965926
0.000000 0.258819 -0.965926
-1.000000 -0.000000 -0.000000
1.000000 0.000000 0.000000
-0.000000 -0.258819 -0.965926
-0.000001 -0.258819 -0.965926
-1.000000 -0.000001 -0.000001
1.000000 0.000000 0.000000
-0.000000 -0.707107 -0.707107
0.000000 -0.707107 -0.707107
-1.000000 -0.000000 -0.000000
1.000000 0.000000 0.000000
-0.000000 -0.965926 -0.258819
-0.000001 -0.965926 -0.258819
-1.000000 -0.000001 -0.000000
1.000000 0.000000 0.000000
0.000000 -0.965926 0.258819
0.000000 -0.965926 0.258819
-1.000000 -0.000000 -0.000000
1.000000 0.000000 0.000000
0.000000 -0.707107 0.707107
0.000000 -0.707107 0.707107
-1.000000 0.000000 0.000001
1.000000 0.000000 -0.000000
-0.000000 -0.258819 0.965926
0.000000 -0.258818 0.965926
-1.000000 -0.000000 0.000000
1.000000 0.000000 0.000000
-0.000001 0.258819 0.965926
0.000000 0.258820 0.965926
-1.000000 0.000000 0.000000
1.000000 -0.000000 -0.000000
-0.000001 0.707107 0.707107
-0.000002 0.707107 0.707107
-1.000000 0.000000 -0.000000
1.000000 0.000000 0.000000
-0.000001 0.965926 0.258819
0.000000 0.965926 0.258820
-1.000000 0.000001 0.000000
1.000000 -0.000000 0.000000
0.000000 0.965926 -0.258818
0.000000 0.965926 -0.258818
-1.000000 0.000000 0.000000
-1.000000 -0.000001 0.000000
-1.000000 0.000000 0.000000
-0.916457 0.000000 -0.400134
-0.579463 -0.000000 -0.814998
-0.579463 -0.705809 -0.407499
-0.916457 -0.346526 -0.200066
0.000000 0.000000 -1.000000
0.000000 -0.866025 -0.500000
-0.916457 -0.346526 0.200067
-0.579464 -0.705809 0.407499
0.000001 -0.866025 0.500000
-0.579463 0.000000 0.814998
-0.916456 0.000001 0.400135
-0.000000 0.000001 1.000000
-1.000000 0.000001 0.000000
-0.916457 0.346526 0.200067
-0.579464 0.705809 0.407499
-0.000001 0.866025 0.500000
-0.579464 0.705809 -0.407499
-0.916457 0.346526 -0.200066
0.000000 0.866026 -0.500000
78
0 0 1 2 0 1 2 2
0 3 4 5 3 4 5 2
0 6 7 8 6 7 8 1
0 7 9 8 7 9 8 1
0 1 10 2 1 10 2 2
0 5 4 11 5 4 11 2
0 8 9 12 8 9 12 1
0 8 12 13 8 12 13 1
0 10 14 2 10 14 2 2
0 11 4 15 11 4 15 2
0 13 12 16 13 12 16 1
0 12 17 16 12 17 16 1
0 14 18 2 14 18 2 2
0 15 4 19 15 4 19 2
0 16 17 20 16 17 20 1
0 16 20 21 16 20 21 1
0 18 22 2 18 22 2 2
0 19 4 23 19 4 23 2
0 21 20 24 21 20 24 1
0 20 25 24 20 25 24 1
0 22 26 2 22 26 2 2
0 23 4 27 23 4 27 2
0 24 25 28 24 25 28 1
0 24 28 29 24 28 29 1
0 26 30 2 26 30 2 2
0 27 4 31 27 4 31 2
0 29 28 32 29 28 32 1
0 28 33 32 28 33 32 1
0 30 34 2 30 34 2 2
0 31 4 35 31 4 35 2
0 32 33 36 32 33 36 1
0 32 36 37 32 36 37 1
0 34 38 2 34 38 2 2
0 35 4 39 35 4 39 2
0 37 36 40 37 36 40 1
0 36 41 40 36 41 40 1
0 38 42 2 38 42 2 2
0 39 4 43 39 4 43 2
0 40 41 44 40 41 44 1
0 40 44 45 40 44 45 1
0 42 46 2 42 46 2 2
0 43 4 47 43 4 47 2
0 45 44 48 45 44 48 1
0 44 49 48 44 49 48 1
0 46 0 2 46 0 2 2
0 47 4 3 47 4 3 2
0 48 49 7 48 49 7 1
0 48 7 6 48 7 6 1
0 50 51 52 50 51 52 2
0 50 53 54 53 54 55 1
0 50 54 51 53 55 56 1
0 53 55 54 54 57 55 1
0 55 56 54 57 58 55 1
0 51 57 52 51 51 52 2
0 51 54 57 56 55 59 1
0 54 58 57 55 60 59 1
0 54 56 59 55 58 61 1
0 54 59 58 55 61 60 1
0 57 60 52 51 50 52 2
0 57 58 61 59 60 62 1
0 57 61 60 59 62 63 1
0 58 59 61 60 61 62 1
0 59 62 61 61 64 62 1
0 60 63 52 50 65 52 2
0 60 61 63 63 62 66 1
0 61 64 63 62 67 66 1
0 61 62 65 62 64 68 1
0 61 65 64 62 68 67 1
0 63 66 52 65 65 52 2
0 63 64 67 66 67 69 1
0 63 67 66 66 69 70 1
0 64 65 67 67 68 69 1
0 65 68 67 68 71 69 1
0 66 50 52 65 50 52 2
0 66 67 50 70 69 53 1
0 67 53 50 69 54 53 1
0 67 68 55 69 71 57 1
0 67 55 53 69 57 54 1
"turretLeftWheel" 0 1
69
0 27.291676 14.104137 -0.186818 0.500000 0.500000 -1
0 27.291668 17.938816 -14.498010 0.000000 0.366025 -1
0 27.291676 24.580662 -10.663342 0.133974 0.133975 -1
0 19.833332 17.938822 -14.498006 0.000000 0.366025 -1
0 19.833336 14.104145 -0.186812 0.500000 0.500000 -1
0 19.833336 24.580664 -10.663338 0.133975 0.133975 -1
0 27.291668 17.938816 -14.498010 0.995012 0.002208 -1
0 19.833336 24.580664 -10.663338 0.910317 0.028823 -1
0 27.291676 24.580662 -10.663342 0.995012 0.028822 -1
0 19.833332 17.938822 -14.498006 0.910317 0.002208 -1
0 27.291668 10.269469 -14.498006 0.000000 0.633974 -1
0 19.833332 10.269465 -14.498010 0.000000 0.633975 -1
0 19.833332 10.269465 -14.498010 0.910317 0.002208 -1
0 27.291668 10.269469 -14.498006 0.995012 0.002208 -1
0 27.291664 3.627621 -10.663335 0.133975 0.866025 -1
0 19.833332 3.627621 -10.663335 0.133975 0.866025 -1
0 27.291664 3.627621 -10.663335 0.995012 0.028823 -1
0 19.833332 3.627621 -10.663335 0.910317 0.028823 -1
0 27.291668 -0.207052 -4.021485 0.366026 1.000000 -1
0 19.833332 -0.207056 -4.021490 0.366025 1.000000 -1
0 19.833332 -0.207056 -4.021490 0.910317 0.074920 -1
0 27.291668 -0.207052 -4.021485 0.995012 0.074920 -1
0 27.291668 -0.207055 3.647858 0.633975 1.000000 -1
0 19.833332 -0.207051 3.647864 0.633975 1.000000 -1
0 27.291668 -0.207055 3.647858 0.995012 0.128149 -1
0 19.833332 -0.207051 3.647864 0.910317 0.128149 -1
0 27.291676 3.627614 10.289702 0.866025 0.866026 -1
0 19.833336 3.627620 10.289707 0.866025 0.866025 -1
0 19.833336 3.627620 10.289707 0.910317 0.174247 -1
0 27.291676 3.627614 10.289702 0.995012 0.174247 -1
0 27.291668 10.269465 14.124379 1.000000 0.633975 -1
0 19.833332 10.269465 14.124379 1.000000 0.633975 -1
0 27.291668 10.269465 14.124379 0.995012 0.200861 -1
0 19.833332 10.269465 14.124379 0.910317 0.200861 -1
0 27.291672 17.938807 14.124370 1.000000 0.366026 -1
0 19.833340 17.938807 14.124370 1.000000 0.366026 -1
0 19.833340 17.938807 14.124370 0.910317 0.200861 -1
0 27.291672 17.938807 14.124370 0.995012 0.200861 -1
0 27.291672 24.580650 10.289697 0.866025 0.133975 -1
0 19.833332 24.580664 10.289707 0.866025 0.133975 -1
0 27.291672 24.580650 10.289697 0.995012 0.174247 -1
0 19.833332 24.580664 10.289707 0.910317 0.174247 -1
0 27.291672 28.415321 3.647851 0.633974 0.000001 -1
0 19.833340 28.415321 3.647851 0.633974 0.000001 -1
0 19.833340 28.415321 3.647851 0.910317 0.128149 -1
0 27.291672 28.415321 3.647851 0.995012 0.128149 -1
0 27.291668 28.415337 -4.021490 0.366025 0.000000 -1
0 19.833332 28.415337 -4.021490 0.366025 0.000000 -1
0 27.291668 28.415337 -4.021490 0.995012 0.074920 -1
0 19.833332 28.415337 -4.021490 0.910317 0.074920 -1
0 29.666676 14.106290 -0.111489 0.502632 0.499925 -1
0 29.666672 10.726660 -2.062717 0.434460 0.618001 -1
0 29.666676 14.106290 -4.013946 0.366289 0.499925 -1
0 28.375008 8.164611 -3.541918 0.382780 0.707513 -1
0 28.375004 14.106282 -6.972349 0.262929 0.499925 -1
0 26.458338 14.106294 -6.972349 0.262929 0.499925 -1
0 26.458342 8.164611 -3.541918 0.382780 0.707513 -1
0 29.666672 10.726660 1.839739 0.570803 0.618001 -1
0 28.375008 8.164611 3.318940 0.622483 0.707513 -1
0 26.458342 8.164611 3.318940 0.622483 0.707513 -1
0 29.666676 14.106290 3.790967 0.638974 0.499925 -1
0 28.375004 14.106282 6.749367 0.742334 0.499925 -1
0 26.458338 14.106294 6.749367 0.742334 0.499925 -1
0 29.666672 17.485910 1.839739 0.570803 0.381849 -1
0 28.375008 20.047962 3.318940 0.622483 0.292337 -1
0 26.458342 20.047962 3.318940 0.622483 0.292337 -1
0 29.666672 17.485910 -2.062717 0.434460 0.381849 -1
0 28.375008 20.047962 -3.541918 0.382780 0.292337 -1
0 26.458342 20.047962 -3.541918 0.382780 0.292337 -1
72
1.000000 -0.000000 -0.000000
1.000000 -0.000000 -0.000001
1.000000 -0.000000 -0.000000
-1.000000 0.000000 0.000000
-1.000000 0.000000 0.000000
-1.000000 0.000000 0.000000
-0.000000 0.258819 -0.965926
-0.000000 0.707107 -0.707107
-0.000000 0.707107 -0.707107
-0.000000 0.258819 -0.965926
1.000000 -0.000000 -0.000000
-1.000000 0.000000 0.000000
0.000000 -0.258819 -0.965926
0.000001 -0.258819 -0.965926
1.000000 -0.000001 -0.000001
-1.000000 0.000000 0.000000
0.000000 -0.707107 -0.707107
0.000000 -0.707107 -0.707107
1.000000 -0.000000 -0.000000
-1.000000 0.000000 0.000000
0.000000 -0.965926 -0.258819
0.000001 -0.965926 -0.258819
1.000000 -0.000001 -0.000000
-1.000000 0.000000 0.000000
-0.000000 -0.965926 0.258819
-0.000000 -0.965926 0.258819
1.000000 -0.000000 -0.000000
-1.000000 0.000000 0.000000
-0.000000 -0.707107 0.707107
-0.000000 -0.707107 0.707107
1.000000 0.000000 0.000001
-1.000000 0.000000 -0.000000
0.000000 -0.258819 0.965926
0.000000 -0.258818 0.965926
1.000000 -0.000000 0.000000
-1.000000 0.000000 0.000000
0.000001 0.258819 0.965926
0.000000 0.258820 0.965926
1.000000 0.000000 0.000000
-1.000000 -0.000000 -0.000000
0.000001 0.707107 0.707107
0.000002 0.707107 0.707107
1.000000 0.000000 -0.000000
-1.000000 0.000000 0.000000
0.000001 0.965926 0.258819
0.000000 0.965926 0.258820
1.000000 0.000001 0.000000
-1.000000 -0.000000 0.000000
-0.000000 0.965926 -0.258818
0.000000 0.965926 -0.258818
1.000000 0.000000 0.000000
1.000000 -0.000001 0.000000
1.000000 0.000000 0.000000
0.579463 -0.705809 -0.407499
0.579463 -0.000000 -0.814998
0.916457 0.000000 -0.400134
0.916457 -0.346526 -0.200066
-0.000000 0.000000 -1.000000
0.000000 -0.866025 -0.500000
0.916457 -0.346526 0.200067
0.579464 -0.705809 0.407499
-0.000001 -0.866025 0.500000
0.579463 0.000000 0.814998
0.916456 0.000001 0.400135
0.000000 0.000001 1.000000
1.000000 0.000001 0.000000
0.916457 0.346526 0.200067
0.579464 0.705809 0.407499
0.000001 0.866025 0.500000
0.579464 0.705809 -0.407499
0.916457 0.346526 -0.200066
0.000000 0.866026 -0.500000
78
0 0 1 2 0 1 2 2
0 3 4 5 3 4 5 2
0 6 7 8 6 7 8 1
0 6 9 7 6 9 7 1
0 0 10 1 0 10 1 2
0 11 4 3 11 4 3 2
0 12 9 6 12 9 6 1
0 13 12 6 13 12 6 1
0 0 14 10 0 14 10 2
0 15 4 11 15 4 11 2
0 16 12 13 16 12 13 1
0 16 17 12 16 17 12 1
0 0 18 14 0 18 14 2
0 19 4 15 19 4 15 2
0 20 17 16 20 17 16 1
0 21 20 16 21 20 16 1
0 0 22 18 0 22 18 2
0 23 4 19 23 4 19 2
0 24 20 21 24 20 21 1
0 24 25 20 24 25 20 1
0 0 26 22 0 26 22 2
0 27 4 23 27 4 23 2
0 28 25 24 28 25 24 1
0 29 28 24 29 28 24 1
0 0 30 26 0 30 26 2
0 31 4 27 31 4 27 2
0 32 28 29 32 28 29 1
0 32 33 28 32 33 28 1
0 0 34 30 0 34 30 2
0 35 4 31 35 4 31 2
0 36 33 32 36 33 32 1
0 37 36 32 37 36 32 1
0 0 38 34 0 38 34 2
0 39 4 35 39 4 35 2
0 40 36 37 40 36 37 1
0 40 41 36 40 41 36 1
0 0 42 38 0 42 38 2
0 43 4 39 43 4 39 2
0 44 41 40 44 41 40 1
0 45 44 40 45 44 40 1
0 0 46 42 0 46 42 2
0 47 4 43 47 4 43 2
0 48 44 45 48 44 45 1
0 48 49 44 48 49 44 1
0 0 2 46 0 2 46 2
0 5 4 47 5 4 47 2
0 7 49 48 7 49 48 1
0 8 7 48 8 7 48 1
0 50 51 52 50 51 52 2
0 53 54 52 53 54 55 1
0 51 53 52 56 53 55 1
0 53 55 54 53 57 54 1
0 53 56 55 53 58 57 1
0 50 57 51 50 51 51 2
0 57 53 51 59 53 56 1
0 57 58 53 59 60 53 1
0 59 56 53 61 58 53 1
0 58 59 53 60 61 53 1
0 50 60 57 50 52 51 2
0 61 58 57 62 60 59 1
0 60 61 57 63 62 59 1
0 61 59 58 62 61 60 1
0 61 62 59 62 64 61 1
0 50 63 60 50 65 52 2
0 63 61 60 66 62 63 1
0 63 64 61 66 67 62 1
0 65 62 61 68 64 62 1
0 64 65 61 67 68 62 1
0 50 66 63 50 65 65 2
0 67 64 63 69 67 66 1
0 66 67 63 70 69 66 1
0 67 65 64 69 68 67 1
0 67 68 65 69 71 68 1
0 50 52 66 50 52 65 2
0 52 67 66 55 69 70 1
0 52 54 67 55 54 69 1
0 55 68 67 57 71 69 1
0 54 55 67 54 57 69 1
"base" 0 0
20
0 -0.000583 0.023369 0.195416 0.000000 0.000000 -1
0 -0.000583 0.022536 0.195416 0.000000 1.000000 -1
0 0.000583 0.023369 0.195416 1.000000 0.000000 -1
0 0.000583 0.022536 0.195416 1.000000 1.000000 -1
0 0.000583 0.023369 0.195416 0.000000 0.000000 -1
0 0.000583 0.022536 0.195416 0.000000 1.000000 -1
0 0.000583 0.023369 0.194250 1.000000 0.000000 -1
0 0.000583 0.022536 0.194250 1.000000 1.000000 -1
0 0.000583 0.023369 0.194250 0.000000 0.000000 -1
0 0.000583 0.022536 0.194250 0.000000 1.000000 -1
0 -0.000583 0.023369 0.194250 1.000000 0.000000 -1
0 -0.000583 0.022536 0.194250 1.000000 1.000000 -1
0 -0.000583 0.023369 0.194250 0.000000 0.000000 -1
0 -0.000583 0.022536 0.194250 0.000000 1.000000 -1
0 -0.000583 0.023369 0.195416 1.000000 0.000000 -1
0 -0.000583 0.022536 0.195416 1.000000 1.000000 -1
0 -0.000583 0.023369 0.195416 0.000000 1.000000 -1
0 0.000583 0.023369 0.195416 1.000000 1.000000 -1
0 -0.000583 0.022536 0.195416 0.000000 0.000000 -1
0 0.000583 0.022536 0.195416 1.000000 0.000000 -1
6
0.000000 0.000000 1.000000
1.000000 0.000000 0.000000
0.000000 0.000000 -1.000000
-1.000000 0.000000 0.000000
0.000000 1.000000 0.000000
0.000000 -1.000000 0.000000
12
0 0 1 2 0 0 0 1
0 1 3 2 0 0 0 1
0 4 5 6 1 1 1 2
0 5 7 6 1 1 1 2
0 8 9 10 2 2 2 1
0 9 11 10 2 2 2 1
0 12 13 14 3 3 3 2
0 13 15 14 3 3 3 2
0 12 16 6 4 4 4 3
0 16 17 6 4 4 4 3
0 18 13 19 5 5 5 3
0 13 7 19 5 5 5 3
"gunpivot" 0 0
20
0 -0.785715 34.122005 -11.126802 0.000000 0.000000 -1
0 -0.785715 32.836292 -11.126802 0.000000 1.000000 -1
0 0.785715 34.122005 -11.126802 1.000000 0.000000 -1
0 0.785715 32.836292 -11.126802 1.000000 1.000000 -1
0 0.785715 34.122005 -11.126802 0.000000 0.000000 -1
0 0.785715 32.836292 -11.126802 0.000000 1.000000 -1
0 0.785715 34.122005 -12.698232 1.000000 0.000000 -1
0 0.785715 32.836292 -12.698232 1.000000 1.000000 -1
0 0.785715 34.122005 -12.698232 0.000000 0.000000 -1
0 0.785715 32.836292 -12.698232 0.000000 1.000000 -1
0 -0.785715 34.122005 -12.698232 1.000000 0.000000 -1
0 -0.785715 32.836292 -12.698232 1.000000 1.000000 -1
0 -0.785715 34.122005 -12.698232 0.000000 0.000000 -1
0 -0.785715 32.836292 -12.698232 0.000000 1.000000 -1
0 -0.785715 34.122005 -11.126802 1.000000 0.000000 -1
0 -0.785715 32.836292 -11.126802 1.000000 1.000000 -1
0 -0.785715 34.122005 -11.126802 0.000000 1.000000 -1
0 0.785715 34.122005 -11.126802 1.000000 1.000000 -1
0 -0.785715 32.836292 -11.126802 0.000000 0.000000 -1
0 0.785715 32.836292 -11.126802 1.000000 0.000000 -1
6
0.000000 0.000000 1.000000
1.000000 0.000000 0.000000
0.000000 0.000000 -1.000000
-1.000000 0.000000 0.000000
0.000000 1.000000 0.000000
0.000000 -1.000000 0.000000
12
0 0 1 2 0 0 0 1
0 1 3 2 0 0 0 1
0 4 5 6 1 1 1 2
0 5 7 6 1 1 1 2
0 8 9 10 2 2 2 1
0 9 11 10 2 2 2 1
0 12 13 14 3 3 3 2
0 13 15 14 3 3 3 2
0 12 16 6 4 4 4 3
0 16 17 6 4 4 4 3
0 18 13 19 5 5 5 3
0 13 7 19 5 5 5 3
"turretpivot" 0 0
20
0 -0.642857 3.360101 13.111293 0.000000 0.000000 -1
0 -0.642857 2.074386 13.111293 0.000000 1.000000 -1
0 0.642857 3.360101 13.111293 1.000000 0.000000 -1
0 0.642857 2.074386 13.111293 1.000000 1.000000 -1
0 0.642857 3.360101 13.111293 0.000000 0.000000 -1
0 0.642857 2.074386 13.111293 0.000000 1.000000 -1
0 0.642857 3.360101 11.968436 1.000000 0.000000 -1
0 0.642857 2.074386 11.968436 1.000000 1.000000 -1
0 0.642857 3.360101 11.968436 0.000000 0.000000 -1
0 0.642857 2.074386 11.968436 0.000000 1.000000 -1
0 -0.642857 3.360101 11.968436 1.000000 0.000000 -1
0 -0.642857 2.074386 11.968436 1.000000 1.000000 -1
0 -0.642857 3.360101 11.968436 0.000000 0.000000 -1
0 -0.642857 2.074386 11.968436 0.000000 1.000000 -1
0 -0.642857 3.360101 13.111293 1.000000 0.000000 -1
0 -0.642857 2.074386 13.111293 1.000000 1.000000 -1
0 -0.642857 3.360101 13.111293 0.000000 1.000000 -1
0 0.642857 3.360101 13.111293 1.000000 1.000000 -1
0 -0.642857 2.074386 13.111293 0.000000 0.000000 -1
0 0.642857 2.074386 13.111293 1.000000 0.000000 -1
6
0.000000 0.000000 1.000000
1.000000 0.000000 0.000000
0.000000 0.000000 -1.000000
-1.000000 0.000000 0.000000
0.000000 1.000000 0.000000
0.000000 -1.000000 0.000000
12
0 0 1 2 0 0 0 1
0 1 3 2 0 0 0 1
0 4 5 6 1 1 1 2
0 5 7 6 1 1 1 2
0 8 9 10 2 2 2 1
0 9 11 10 2 2 2 1
0 12 13 14 3 3 3 2
0 13 15 14 3 3 3 2
0 12 16 6 4 4 4 3
0 16 17 6 4 4 4 3
0 18 13 19 5 5 5 3
0 13 7 19 5 5 5 3

Materials: 3
"Material02"
0.800000 0.800000 0.800000 1.000000
0.800000 0.800000 0.800000 1.000000
0.000000 0.000000 0.000000 1.000000
0.000000 0.000000 0.000000 1.000000
0.000000
1.000000
".\tan.jpg"
""
"Material03"
0.800000 0.800000 0.800000 1.000000
0.800000 0.800000 0.800000 1.000000
0.000000 0.000000 0.000000 1.000000
0.000000 0.000000 0.000000 1.000000
0.000000
1.000000
".\bigtire.jpg"
""
"Material05"
0.800000 0.800000 0.800000 1.000000
0.800000 0.800000 0.800000 1.000000
0.000000 0.000000 0.000000 1.000000
0.000000 0.000000 0.000000 1.000000
0.000000
1.000000
".\chrome.jpg"
""

Bones: 0
