// MilkShape 3D ASCII

Frames: 30
Frame: 1

Meshes: 4
"base" 0 0
126
0 -0.000000 3.876310 -0.000000 0.000000 1.000000 -1
0 9.750000 6.900614 -0.000000 0.000000 0.833333 -1
0 8.443748 6.900614 4.875000 0.083333 0.833333 -1
0 -0.000000 3.876310 -0.000000 0.083333 1.000000 -1
0 4.875000 6.900614 8.443748 0.166667 0.833333 -1
0 -0.000000 3.876310 -0.000000 0.166667 1.000000 -1
0 0.000000 6.900614 9.750000 0.250000 0.833333 -1
0 -0.000000 3.876310 -0.000000 0.250000 1.000000 -1
0 -4.875000 6.900614 8.443748 0.333333 0.833333 -1
0 -0.000000 3.876310 -0.000000 0.333333 1.000000 -1
0 -8.443748 6.900614 4.875000 0.416667 0.833333 -1
0 -0.000000 3.876310 -0.000000 0.416667 1.000000 -1
0 -9.750000 6.900614 -0.000000 0.500000 0.833333 -1
0 -0.000000 3.876310 -0.000000 0.500000 1.000000 -1
0 -8.443748 6.900614 -4.875000 0.583333 0.833333 -1
0 -0.000000 3.876310 -0.000000 0.583333 1.000000 -1
0 -4.875000 6.900614 -8.443748 0.666667 0.833333 -1
0 -0.000000 3.876310 -0.000000 0.666667 1.000000 -1
0 -0.000000 6.900614 -9.750000 0.750000 0.833333 -1
0 -0.000000 3.876310 -0.000000 0.750000 1.000000 -1
0 4.875000 6.900614 -8.443748 0.833333 0.833333 -1
0 -0.000000 3.876310 -0.000000 0.833333 1.000000 -1
0 8.443748 6.900614 -4.875000 0.916667 0.833333 -1
0 -0.000000 3.876310 -0.000000 0.916667 1.000000 -1
0 9.750000 6.900614 -0.000000 1.000000 0.833333 -1
0 16.887495 15.163154 -0.000000 0.000000 0.666667 -1
0 14.625000 15.163154 8.443748 0.083333 0.666667 -1
0 8.443748 15.163154 14.625000 0.166667 0.666667 -1
0 0.000000 15.163154 16.887493 0.250000 0.666667 -1
0 -8.443748 15.163154 14.625000 0.333333 0.666667 -1
0 -14.625000 15.163154 8.443748 0.416667 0.666667 -1
0 -16.887495 15.163154 -0.000000 0.500000 0.666667 -1
0 -14.625000 15.163154 -8.443748 0.583333 0.666667 -1
0 -8.443748 15.163154 -14.625002 0.666667 0.666667 -1
0 -0.000000 15.163154 -16.887501 0.750000 0.666667 -1
0 8.443748 15.163154 -14.625002 0.833333 0.666667 -1
0 14.625000 15.163154 -8.443748 0.916667 0.666667 -1
0 16.887495 15.163154 -0.000000 1.000000 0.666667 -1
0 17.598749 26.449999 -0.000000 0.000000 0.500000 -1
0 15.240963 26.449999 8.799376 0.083333 0.500000 -1
0 8.799375 26.449999 15.240963 0.166667 0.500000 -1
0 0.000000 26.449999 17.598747 0.250000 0.500000 -1
0 -8.799375 26.449999 15.240963 0.333333 0.500000 -1
0 -15.240963 26.449999 8.799376 0.416667 0.500000 -1
0 -17.598749 26.449999 -0.000000 0.500000 0.500000 -1
0 -15.240963 26.449999 -8.799374 0.583333 0.500000 -1
0 -8.799375 26.449999 -15.240965 0.666667 0.500000 -1
0 -0.000000 26.449999 -17.598755 0.750000 0.500000 -1
0 8.799375 26.449999 -15.240965 0.833333 0.500000 -1
0 15.240963 26.449999 -8.799374 0.916667 0.500000 -1
0 17.598749 26.449999 -0.000000 1.000000 0.500000 -1
0 1.250000 -0.050005 -9.750000 0.000000 1.000000 -1
0 0.641677 10.949996 -4.964530 0.000000 0.000000 -1
0 -0.625000 -0.050005 -8.667469 0.333333 1.000000 -1
0 -0.320839 10.949996 -4.408822 0.333333 0.000000 -1
0 -0.320839 10.949996 -5.520237 0.666667 0.000000 -1
0 -0.625000 -0.050005 -10.832531 0.666667 1.000000 -1
0 1.250000 -0.050005 -9.750000 1.000000 1.000000 -1
0 0.641677 10.949996 -4.964530 1.000000 0.000000 -1
0 9.750000 -0.050005 8.750000 0.000000 1.000000 -1
0 5.005085 10.949996 6.357265 0.000000 0.000000 -1
0 7.875000 -0.050005 9.832533 0.333333 1.000000 -1
0 4.042568 10.949996 6.912974 0.333333 0.000000 -1
0 4.042568 10.949996 5.801556 0.666667 0.000000 -1
0 7.875000 -0.050005 7.667469 0.666667 1.000000 -1
0 9.750000 -0.050005 8.750000 1.000000 1.000000 -1
0 5.005085 10.949996 6.357265 1.000000 0.000000 -1
0 -7.875000 -0.050005 9.832533 0.333333 1.000000 -1
0 -5.005085 10.949996 6.357265 0.000000 0.000000 -1
0 -9.750000 -0.050005 8.750000 0.000000 1.000000 -1
0 -4.042568 10.949996 6.912974 0.333333 0.000000 -1
0 -4.042568 10.949996 5.801556 0.666667 0.000000 -1
0 -7.875000 -0.050005 7.667469 0.666667 1.000000 -1
0 -9.750000 -0.050005 8.750000 1.000000 1.000000 -1
0 -5.005085 10.949996 6.357265 1.000000 0.000000 -1
0 8.021560 7.347532 4.631250 0.083333 0.833333 -1
0 9.262500 7.347532 -0.000000 0.000000 0.833333 -1
0 -0.000000 4.474443 -0.000000 0.000000 1.000000 -1
0 4.631250 7.347532 8.021561 0.166667 0.833333 -1
0 -0.000000 4.474443 -0.000000 0.083333 1.000000 -1
0 0.000000 7.347532 9.262501 0.250000 0.833333 -1
0 -0.000000 4.474443 -0.000000 0.166667 1.000000 -1
0 -4.631250 7.347532 8.021561 0.333333 0.833333 -1
0 -0.000000 4.474443 -0.000000 0.250000 1.000000 -1
0 -8.021560 7.347532 4.631250 0.416667 0.833333 -1
0 -0.000000 4.474443 -0.000000 0.333333 1.000000 -1
0 -9.262500 7.347532 -0.000000 0.500000 0.833333 -1
0 -0.000000 4.474443 -0.000000 0.416667 1.000000 -1
0 -8.021560 7.347532 -4.631251 0.583333 0.833333 -1
0 -0.000000 4.474443 -0.000000 0.500000 1.000000 -1
0 -4.631250 7.347532 -8.021561 0.666667 0.833333 -1
0 -0.000000 4.474443 -0.000000 0.583333 1.000000 -1
0 -0.000000 7.347532 -9.262501 0.750000 0.833333 -1
0 -0.000000 4.474443 -0.000000 0.666667 1.000000 -1
0 4.631250 7.347532 -8.021561 0.833333 0.833333 -1
0 -0.000000 4.474443 -0.000000 0.750000 1.000000 -1
0 8.021560 7.347532 -4.631251 0.916667 0.833333 -1
0 -0.000000 4.474443 -0.000000 0.833333 1.000000 -1
0 9.262500 7.347532 -0.000000 1.000000 0.833333 -1
0 -0.000000 4.474443 -0.000000 0.916667 1.000000 -1
0 13.893750 15.196944 8.021561 0.083333 0.666667 -1
0 16.043119 15.196944 -0.000000 0.000000 0.666667 -1
0 8.021560 15.196944 13.893751 0.166667 0.666667 -1
0 0.000000 15.196944 16.043118 0.250000 0.666667 -1
0 -8.021560 15.196944 13.893751 0.333333 0.666667 -1
0 -13.893750 15.196944 8.021561 0.416667 0.666667 -1
0 -16.043119 15.196944 -0.000000 0.500000 0.666667 -1
0 -13.893750 15.196944 -8.021561 0.583333 0.666667 -1
0 -8.021560 15.196944 -13.893751 0.666667 0.666667 -1
0 -0.000000 15.196944 -16.043121 0.750000 0.666667 -1
0 8.021560 15.196944 -13.893751 0.833333 0.666667 -1
0 13.893750 15.196944 -8.021561 0.916667 0.666667 -1
0 16.043119 15.196944 -0.000000 1.000000 0.666667 -1
0 16.718811 25.919447 -0.000000 0.000000 0.500000 -1
0 14.478914 25.919447 8.359406 0.083333 0.500000 -1
0 8.359406 25.919447 14.478914 0.166667 0.500000 -1
0 0.000000 25.919447 16.718811 0.250000 0.500000 -1
0 -8.359406 25.919447 14.478914 0.333333 0.500000 -1
0 -14.478914 25.919447 8.359406 0.416667 0.500000 -1
0 -16.718811 25.919447 -0.000000 0.500000 0.500000 -1
0 -14.478914 25.919447 -8.359404 0.583333 0.500000 -1
0 -8.359406 25.919447 -14.478914 0.666667 0.500000 -1
0 -0.000000 25.919447 -16.718815 0.750000 0.500000 -1
0 8.359406 25.919447 -14.478914 0.833333 0.500000 -1
0 14.478914 25.919447 -8.359404 0.916667 0.500000 -1
0 16.718811 25.919447 -0.000000 1.000000 0.500000 -1
92
-0.000000 -1.000000 -0.000000
0.622959 -0.782254 0.000000
0.472511 -0.838040 0.272804
0.311480 -0.782254 0.539499
0.000000 -0.838040 0.545609
-0.311480 -0.782254 0.539499
-0.472511 -0.838040 0.272804
-0.622959 -0.782254 0.000000
-0.472511 -0.838040 -0.272804
-0.311480 -0.782254 -0.539498
0.000000 -0.838040 -0.545609
0.311480 -0.782254 -0.539498
0.472511 -0.838040 -0.272804
0.924861 -0.380304 0.000000
0.800954 -0.380304 0.462431
0.462431 -0.380304 0.800954
0.000000 -0.380304 0.924861
-0.462431 -0.380304 0.800954
-0.800953 -0.380304 0.462431
-0.924861 -0.380304 0.000000
-0.800954 -0.380304 -0.462431
-0.462431 -0.380304 -0.800953
0.000000 -0.380304 -0.924861
0.462431 -0.380304 -0.800953
0.800954 -0.380304 -0.462431
0.998020 -0.062891 -0.000000
0.864311 -0.062891 0.499010
0.499010 -0.062891 0.864311
0.000000 -0.062891 0.998020
-0.499010 -0.062891 0.864311
-0.864311 -0.062891 0.499010
-0.998020 -0.062891 -0.000000
-0.864311 -0.062891 -0.499010
-0.499010 -0.062891 -0.864311
0.000000 -0.062891 -0.998020
0.499010 -0.062891 -0.864311
0.864311 -0.062891 -0.499010
0.842904 0.253166 -0.474784
0.848043 -0.171270 0.501487
-0.517806 -0.296377 0.802519
-0.517806 -0.296377 0.802519
-0.512535 0.384866 -0.767585
-0.512535 0.384866 -0.767585
0.819598 0.240415 -0.520058
0.799306 0.434974 0.414617
-0.513075 0.048693 0.856962
-0.513075 0.048693 0.856962
-0.436287 -0.296134 -0.849681
-0.436287 -0.296134 -0.849681
0.513075 0.048693 0.856962
-0.799306 0.434974 0.414617
-0.819598 0.240415 -0.520058
0.513075 0.048693 0.856962
0.436287 -0.296134 -0.849681
0.436287 -0.296134 -0.849681
-0.472511 0.838040 -0.272804
-0.622959 0.782254 -0.000000
0.000000 1.000000 0.000000
-0.311480 0.782254 -0.539499
0.000000 0.838040 -0.545609
0.311480 0.782254 -0.539499
0.472511 0.838040 -0.272804
0.622959 0.782254 -0.000000
0.472511 0.838040 0.272804
0.311480 0.782254 0.539498
0.000000 0.838040 0.545609
-0.311480 0.782254 0.539498
-0.472511 0.838040 0.272804
-0.800954 0.380304 -0.462431
-0.924861 0.380304 0.000000
-0.462431 0.380304 -0.800954
0.000000 0.380304 -0.924861
0.462430 0.380304 -0.800954
0.800953 0.380304 -0.462431
0.924861 0.380304 0.000000
0.800954 0.380304 0.462431
0.462431 0.380304 0.800954
-0.000000 0.380304 0.924861
-0.462431 0.380304 0.800954
-0.800954 0.380304 0.462431
-0.998020 0.062891 0.000000
-0.864311 0.062891 -0.499010
-0.499010 0.062891 -0.864311
0.000000 0.062892 -0.998020
0.499010 0.062891 -0.864311
0.864311 0.062891 -0.499010
0.998020 0.062891 0.000000
0.864311 0.062891 0.499010
0.499010 0.062891 0.864311
0.000000 0.062892 0.998020
-0.499010 0.062891 0.864311
-0.864311 0.062891 0.499010
138
0 0 1 2 0 1 2 1
0 3 2 4 0 2 3 1
0 5 4 6 0 3 4 1
0 7 6 8 0 4 5 1
0 9 8 10 0 5 6 1
0 11 10 12 0 6 7 1
0 13 12 14 0 7 8 1
0 15 14 16 0 8 9 1
0 17 16 18 0 9 10 1
0 19 18 20 0 10 11 1
0 21 20 22 0 11 12 1
0 23 22 24 0 12 1 1
0 1 25 26 1 13 14 1
0 1 26 2 1 14 2 1
0 2 26 4 2 14 3 1
0 26 27 4 14 15 3 1
0 4 27 28 3 15 16 1
0 4 28 6 3 16 4 1
0 6 28 8 4 16 5 1
0 28 29 8 16 17 5 1
0 8 29 30 5 17 18 1
0 8 30 10 5 18 6 1
0 10 30 12 6 18 7 1
0 30 31 12 18 19 7 1
0 12 31 32 7 19 20 1
0 12 32 14 7 20 8 1
0 14 32 16 8 20 9 1
0 32 33 16 20 21 9 1
0 16 33 34 9 21 22 1
0 16 34 18 9 22 10 1
0 18 34 20 10 22 11 1
0 34 35 20 22 23 11 1
0 20 35 36 11 23 24 1
0 20 36 22 11 24 12 1
0 22 36 24 12 24 1 1
0 36 37 24 24 13 1 1
0 25 38 26 13 25 14 1
0 38 39 26 25 26 14 1
0 26 39 40 14 26 27 1
0 26 40 27 14 27 15 1
0 27 40 28 15 27 16 1
0 40 41 28 27 28 16 1
0 28 41 42 16 28 29 1
0 28 42 29 16 29 17 1
0 29 42 30 17 29 18 1
0 42 43 30 29 30 18 1
0 30 43 44 18 30 31 1
0 30 44 31 18 31 19 1
0 31 44 32 19 31 20 1
0 44 45 32 31 32 20 1
0 32 45 46 20 32 33 1
0 32 46 33 20 33 21 1
0 33 46 34 21 33 22 1
0 46 47 34 33 34 22 1
0 34 47 48 22 34 35 1
0 34 48 35 22 35 23 1
0 35 48 36 23 35 24 1
0 48 49 36 35 36 24 1
0 36 49 50 24 36 25 1
0 36 50 37 24 25 13 1
0 51 52 53 37 38 39 1
0 52 54 53 38 40 39 1
0 53 54 55 39 40 41 1
0 53 55 56 39 41 42 1
0 56 55 57 42 41 37 1
0 55 58 57 41 38 37 1
0 59 60 61 43 44 45 1
0 60 62 61 44 46 45 1
0 61 62 63 45 46 47 1
0 61 63 64 45 47 48 1
0 64 63 65 48 47 43 1
0 63 66 65 47 44 43 1
0 67 68 69 49 50 51 1
0 67 70 68 49 52 50 1
0 71 70 67 53 52 49 1
0 72 71 67 54 53 49 1
0 73 71 72 51 53 54 1
0 73 74 71 51 50 53 1
0 75 76 77 55 56 57 1
0 78 75 79 58 55 57 1
0 80 78 81 59 58 57 1
0 82 80 83 60 59 57 1
0 84 82 85 61 60 57 1
0 86 84 87 62 61 57 1
0 88 86 89 63 62 57 1
0 90 88 91 64 63 57 1
0 92 90 93 65 64 57 1
0 94 92 95 66 65 57 1
0 96 94 97 67 66 57 1
0 98 96 99 56 67 57 1
0 100 101 76 68 69 56 1
0 75 100 76 55 68 56 1
0 78 100 75 58 68 55 1
0 78 102 100 58 70 68 1
0 103 102 78 71 70 58 1
0 80 103 78 59 71 58 1
0 82 103 80 60 71 59 1
0 82 104 103 60 72 71 1
0 105 104 82 73 72 60 1
0 84 105 82 61 73 60 1
0 86 105 84 62 73 61 1
0 86 106 105 62 74 73 1
0 107 106 86 75 74 62 1
0 88 107 86 63 75 62 1
0 90 107 88 64 75 63 1
0 90 108 107 64 76 75 1
0 109 108 90 77 76 64 1
0 92 109 90 65 77 64 1
0 94 109 92 66 77 65 1
0 94 110 109 66 78 77 1
0 111 110 94 79 78 66 1
0 96 111 94 67 79 66 1
0 98 111 96 56 79 67 1
0 98 112 111 56 69 79 1
0 100 113 101 68 80 69 1
0 100 114 113 68 81 80 1
0 115 114 100 82 81 68 1
0 102 115 100 70 82 68 1
0 103 115 102 71 82 70 1
0 103 116 115 71 83 82 1
0 117 116 103 84 83 71 1
0 104 117 103 72 84 71 1
0 105 117 104 73 84 72 1
0 105 118 117 73 85 84 1
0 119 118 105 86 85 73 1
0 106 119 105 74 86 73 1
0 107 119 106 75 86 74 1
0 107 120 119 75 87 86 1
0 121 120 107 88 87 75 1
0 108 121 107 76 88 75 1
0 109 121 108 77 88 76 1
0 109 122 121 77 89 88 1
0 123 122 109 90 89 77 1
0 110 123 109 78 90 77 1
0 111 123 110 79 90 78 1
0 111 124 123 79 91 90 1
0 125 124 111 80 91 79 1
0 112 125 111 69 80 79 1
"base2" 1 1
77
1 19.475000 21.486839 -0.125000 0.000000 -0.001700 -1
1 16.865845 21.486839 9.612501 0.000000 -0.001700 -1
1 0.000000 21.486839 -0.125000 0.000000 -0.001700 -1
1 19.475000 26.486841 -0.125000 0.000000 -0.001700 -1
1 0.000000 26.486841 -0.125000 0.000000 -0.001700 -1
1 16.865845 26.486841 9.612501 0.000000 -0.001700 -1
1 19.475000 21.486839 -0.125000 0.000000 1.000952 -1
1 18.454996 22.723457 -0.125000 0.000000 0.666735 -1
1 16.865845 21.486839 9.612501 2.456587 1.000952 -1
1 15.982495 22.723457 9.102499 2.456587 0.666735 -1
1 18.454996 25.250225 -0.125000 0.000000 0.332518 -1
1 15.982495 25.250225 9.102499 2.456587 0.332518 -1
1 16.865845 26.486841 9.612501 2.456587 -0.001700 -1
1 9.737500 21.486839 16.740845 0.000000 -0.001700 -1
1 9.737500 26.486841 16.740845 0.000000 -0.001700 -1
1 9.227498 22.723457 15.857492 4.913174 0.666735 -1
1 9.737500 21.486839 16.740845 4.913174 1.000952 -1
1 9.227498 25.250225 15.857492 4.913174 0.332518 -1
1 9.737500 26.486841 16.740845 4.913174 -0.001700 -1
1 0.000000 21.486839 19.349995 0.000000 -0.001700 -1
1 0.000000 26.486841 19.349995 0.000000 -0.001700 -1
1 0.000000 21.486839 19.349995 7.369759 1.000952 -1
1 0.000000 22.723457 18.329990 7.369759 0.666735 -1
1 0.000000 25.250225 18.329990 7.369759 0.332518 -1
1 0.000000 26.486841 19.349995 7.369759 -0.001700 -1
1 -9.737500 21.486839 16.740845 0.000000 -0.001700 -1
1 -9.737500 26.486841 16.740845 0.000000 -0.001700 -1
1 -9.227498 22.723457 15.857492 9.826345 0.666735 -1
1 -9.737500 21.486839 16.740845 9.826345 1.000952 -1
1 -9.227498 25.250225 15.857492 9.826345 0.332518 -1
1 -9.737500 26.486841 16.740845 9.826345 -0.001700 -1
1 -16.865845 21.486839 9.612501 0.000000 -0.001700 -1
1 -16.865845 26.486841 9.612501 0.000000 -0.001700 -1
1 -16.865845 21.486839 9.612501 12.282933 1.000952 -1
1 -15.982495 22.723457 9.102499 12.282933 0.666735 -1
1 -15.982495 25.250225 9.102499 12.282933 0.332518 -1
1 -16.865845 26.486841 9.612501 12.282933 -0.001700 -1
1 -19.475000 21.486839 -0.125000 0.000000 -0.001700 -1
1 -19.475000 26.486841 -0.125000 0.000000 -0.001700 -1
1 -18.454996 22.723457 -0.125000 14.739519 0.666735 -1
1 -19.475000 21.486839 -0.125000 14.739519 1.000952 -1
1 -18.454996 25.250225 -0.125000 14.739519 0.332518 -1
1 -19.475000 26.486841 -0.125000 14.739519 -0.001700 -1
1 -16.865845 21.486839 -9.862499 0.000000 -0.001700 -1
1 -16.865845 26.486841 -9.862499 0.000000 -0.001700 -1
1 -16.865845 21.486839 -9.862499 17.196102 1.000952 -1
1 -15.982495 22.723457 -9.352497 17.196102 0.666735 -1
1 -15.982495 25.250225 -9.352497 17.196102 0.332518 -1
1 -16.865845 26.486841 -9.862499 17.196102 -0.001700 -1
1 -9.737500 21.486839 -16.990849 0.000000 -0.001700 -1
1 -9.737500 26.486841 -16.990849 0.000000 -0.001700 -1
1 -9.227498 22.723457 -16.107494 19.652691 0.666735 -1
1 -9.737500 21.486839 -16.990849 19.652691 1.000952 -1
1 -9.227498 25.250225 -16.107494 19.652691 0.332518 -1
1 -9.737500 26.486841 -16.990849 19.652691 -0.001700 -1
1 -0.000000 21.486839 -19.600006 0.000000 -0.001700 -1
1 -0.000000 26.486841 -19.600006 0.000000 -0.001700 -1
1 -0.000000 21.486839 -19.600006 22.109283 1.000952 -1
1 -0.000000 22.723457 -18.580002 22.109283 0.666735 -1
1 -0.000000 25.250225 -18.580002 22.109283 0.332518 -1
1 -0.000000 26.486841 -19.600006 22.109283 -0.001700 -1
1 9.737500 21.486839 -16.990849 0.000000 -0.001700 -1
1 9.737500 26.486841 -16.990849 0.000000 -0.001700 -1
1 9.227498 22.723457 -16.107494 24.565865 0.666735 -1
1 9.737500 21.486839 -16.990849 24.565865 1.000952 -1
1 9.227498 25.250225 -16.107494 24.565865 0.332518 -1
1 9.737500 26.486841 -16.990849 24.565865 -0.001700 -1
1 16.865845 21.486839 -9.862499 0.000000 -0.001700 -1
1 16.865845 26.486841 -9.862499 0.000000 -0.001700 -1
1 16.865845 21.486839 -9.862499 27.022442 1.000952 -1
1 15.982495 22.723457 -9.352497 27.022442 0.666735 -1
1 15.982495 25.250225 -9.352497 27.022442 0.332518 -1
1 16.865845 26.486841 -9.862499 27.022442 -0.001700 -1
1 18.454996 22.723457 -0.125000 29.479036 0.666735 -1
1 19.475000 21.486839 -0.125000 29.479036 1.000952 -1
1 18.454996 25.250225 -0.125000 29.479036 0.332518 -1
1 19.475000 26.486841 -0.125000 29.479036 -0.001700 -1
50
0.000000 -1.000000 0.000000
0.000000 1.000000 0.000000
0.771436 0.636307 -0.000000
0.940288 0.340379 -0.000000
0.668083 0.636307 0.385718
0.814314 0.340379 0.470144
0.940288 -0.340379 -0.000000
0.814313 -0.340379 0.470144
0.771436 -0.636307 -0.000000
0.668083 -0.636307 0.385718
0.470144 0.340379 0.814314
0.385718 0.636307 0.668083
0.470144 -0.340380 0.814313
0.385718 -0.636308 0.668083
-0.000000 0.636307 0.771436
-0.000000 0.340379 0.940288
0.000000 -0.340380 0.940288
0.000000 -0.636307 0.771436
-0.470144 0.340379 0.814314
-0.385718 0.636307 0.668083
-0.470144 -0.340380 0.814313
-0.385718 -0.636308 0.668083
-0.668083 0.636307 0.385718
-0.814314 0.340379 0.470144
-0.814313 -0.340379 0.470144
-0.668083 -0.636307 0.385718
-0.940288 0.340379 -0.000000
-0.771436 0.636307 -0.000000
-0.940288 -0.340379 -0.000000
-0.771436 -0.636307 -0.000000
-0.668083 0.636307 -0.385718
-0.814314 0.340379 -0.470144
-0.814313 -0.340379 -0.470144
-0.668083 -0.636307 -0.385718
-0.470144 0.340379 -0.814313
-0.385718 0.636308 -0.668082
-0.470144 -0.340380 -0.814313
-0.385718 -0.636308 -0.668082
0.000000 0.636308 -0.771435
-0.000000 0.340379 -0.940288
0.000000 -0.340380 -0.940288
0.000000 -0.636307 -0.771436
0.470144 0.340379 -0.814313
0.385718 0.636308 -0.668082
0.470144 -0.340380 -0.814313
0.385718 -0.636308 -0.668082
0.668083 0.636307 -0.385718
0.814314 0.340379 -0.470144
0.814313 -0.340379 -0.470144
0.668083 -0.636307 -0.385718
96
1 0 1 2 0 0 0 2
1 3 4 5 1 1 1 2
1 6 7 8 2 3 4 1
1 7 9 8 3 5 4 1
1 7 10 11 3 6 7 1
1 7 11 9 3 7 5 1
1 10 3 11 6 8 7 1
1 3 12 11 8 9 7 1
1 1 13 2 0 0 0 2
1 5 4 14 1 1 1 2
1 8 9 15 4 5 10 1
1 8 15 16 4 10 11 1
1 9 11 15 5 7 10 1
1 11 17 15 7 12 10 1
1 11 12 18 7 9 13 1
1 11 18 17 7 13 12 1
1 13 19 2 0 0 0 2
1 14 4 20 1 1 1 2
1 16 15 21 11 10 14 1
1 15 22 21 10 15 14 1
1 15 17 23 10 12 16 1
1 15 23 22 10 16 15 1
1 17 18 23 12 13 16 1
1 18 24 23 13 17 16 1
1 19 25 2 0 0 0 2
1 20 4 26 1 1 1 2
1 21 22 27 14 15 18 1
1 21 27 28 14 18 19 1
1 22 23 27 15 16 18 1
1 23 29 27 16 20 18 1
1 23 24 30 16 17 21 1
1 23 30 29 16 21 20 1
1 25 31 2 0 0 0 2
1 26 4 32 1 1 1 2
1 28 27 33 19 18 22 1
1 27 34 33 18 23 22 1
1 27 29 35 18 20 24 1
1 27 35 34 18 24 23 1
1 29 30 35 20 21 24 1
1 30 36 35 21 25 24 1
1 31 37 2 0 0 0 2
1 32 4 38 1 1 1 2
1 33 34 39 22 23 26 1
1 33 39 40 22 26 27 1
1 34 35 39 23 24 26 1
1 35 41 39 24 28 26 1
1 35 36 42 24 25 29 1
1 35 42 41 24 29 28 1
1 37 43 2 0 0 0 2
1 38 4 44 1 1 1 2
1 40 39 45 27 26 30 1
1 39 46 45 26 31 30 1
1 39 41 47 26 28 32 1
1 39 47 46 26 32 31 1
1 41 42 47 28 29 32 1
1 42 48 47 29 33 32 1
1 43 49 2 0 0 0 2
1 44 4 50 1 1 1 2
1 45 46 51 30 31 34 1
1 45 51 52 30 34 35 1
1 46 47 51 31 32 34 1
1 47 53 51 32 36 34 1
1 47 48 54 32 33 37 1
1 47 54 53 32 37 36 1
1 49 55 2 0 0 0 2
1 50 4 56 1 1 1 2
1 52 51 57 35 34 38 1
1 51 58 57 34 39 38 1
1 51 53 59 34 36 40 1
1 51 59 58 34 40 39 1
1 53 54 59 36 37 40 1
1 54 60 59 37 41 40 1
1 55 61 2 0 0 0 2
1 56 4 62 1 1 1 2
1 57 58 63 38 39 42 1
1 57 63 64 38 42 43 1
1 58 59 63 39 40 42 1
1 59 65 63 40 44 42 1
1 59 60 66 40 41 45 1
1 59 66 65 40 45 44 1
1 61 67 2 0 0 0 2
1 62 4 68 1 1 1 2
1 64 63 69 43 42 46 1
1 63 70 69 42 47 46 1
1 63 65 71 42 44 48 1
1 63 71 70 42 48 47 1
1 65 66 71 44 45 48 1
1 66 72 71 45 49 48 1
1 67 0 2 0 0 0 2
1 68 4 3 1 1 1 2
1 69 70 73 46 47 3 1
1 69 73 74 46 3 2 1
1 70 71 73 47 48 3 1
1 71 75 73 48 6 3 1
1 71 72 76 48 49 8 1
1 71 76 75 48 8 6 1
"turret" 0 0
287
0 -0.597155 45.034458 12.160715 0.000000 0.000000 -1
0 -0.597155 33.915413 12.160715 0.000000 1.000000 -1
0 0.597155 45.034458 12.160715 1.000000 0.000000 -1
0 0.597155 33.915413 12.160715 1.000000 1.000000 -1
0 0.597155 45.034458 12.160715 0.000000 0.000000 -1
0 0.597155 33.915413 12.160715 0.000000 1.000000 -1
0 0.597155 45.034458 -1.029762 1.000000 0.000000 -1
0 0.597155 33.915413 -1.029762 1.000000 1.000000 -1
0 0.597155 45.034458 -1.029762 0.000000 0.000000 -1
0 0.597155 33.915413 -1.029762 0.000000 1.000000 -1
0 -0.597155 45.034458 -1.029762 1.000000 0.000000 -1
0 -0.597155 33.915413 -1.029762 1.000000 1.000000 -1
0 -0.597155 45.034458 -1.029762 0.000000 0.000000 -1
0 -0.597155 33.915413 -1.029762 0.000000 1.000000 -1
0 -0.597155 45.034458 12.160715 1.000000 0.000000 -1
0 -0.597155 33.915413 12.160715 1.000000 1.000000 -1
0 -0.597155 45.034458 12.160715 0.000000 1.000000 -1
0 0.597155 45.034458 12.160715 1.000000 1.000000 -1
0 -0.597155 33.915413 12.160715 0.000000 0.000000 -1
0 0.597155 33.915413 12.160715 1.000000 0.000000 -1
0 16.631453 18.712471 -0.125000 0.000000 1.000000 -1
0 20.419062 21.449997 -0.125000 0.000000 0.666667 -1
0 14.403261 18.712471 8.190727 0.083333 1.000000 -1
0 17.683428 21.449997 10.084532 0.083333 0.666667 -1
0 20.419062 26.449999 -0.125000 0.000000 0.333333 -1
0 17.683428 26.449999 10.084532 0.083333 0.333333 -1
0 16.631453 29.187527 -0.125000 0.000000 0.000000 -1
0 14.403261 29.187527 8.190727 0.083333 0.000000 -1
0 10.209531 21.449997 17.558426 0.166667 0.666667 -1
0 8.315726 18.712471 14.278261 0.166667 1.000000 -1
0 10.209531 26.449999 17.558426 0.166667 0.333333 -1
0 8.315726 29.187527 14.278261 0.166667 0.000000 -1
0 0.000000 18.712471 16.506451 0.250000 1.000000 -1
0 0.000000 21.449997 20.294052 0.250000 0.666667 -1
0 0.000000 26.449999 20.294052 0.250000 0.333333 -1
0 0.000000 29.187527 16.506451 0.250000 0.000000 -1
0 -10.209531 21.449997 17.558426 0.333333 0.666667 -1
0 -8.315726 18.712471 14.278261 0.333333 1.000000 -1
0 -8.315726 29.187527 14.278261 0.333333 0.000000 -1
0 -10.209531 26.449999 17.558426 0.333333 0.333333 -1
0 -14.403261 18.712471 8.190727 0.416667 1.000000 -1
0 -17.683428 21.449997 10.084532 0.416667 0.666667 -1
0 -17.683428 26.449999 10.084532 0.416667 0.333333 -1
0 -14.403261 29.187527 8.190727 0.416667 0.000000 -1
0 -20.419062 21.449997 -0.125000 0.500000 0.666667 -1
0 -16.631453 18.712471 -0.125000 0.500000 1.000000 -1
0 -20.419062 26.449999 -0.125000 0.500000 0.333333 -1
0 -16.631453 29.187527 -0.125000 0.500000 0.000000 -1
0 -14.403261 18.712471 -8.440727 0.583333 1.000000 -1
0 -17.683428 21.449997 -10.334530 0.583333 0.666667 -1
0 -17.683428 26.449999 -10.334530 0.583333 0.333333 -1
0 -14.403261 29.187527 -8.440727 0.583333 0.000000 -1
0 -10.209531 21.449997 -17.808434 0.666667 0.666667 -1
0 -8.315726 18.712471 -14.528265 0.666667 1.000000 -1
0 -10.209531 26.449999 -17.808434 0.666667 0.333333 -1
0 -8.315726 29.187527 -14.528265 0.666667 0.000000 -1
0 -0.000000 18.712471 -16.756458 0.750000 1.000000 -1
0 -0.000000 21.449997 -20.544067 0.750000 0.666667 -1
0 -0.000000 26.449999 -20.544067 0.750000 0.333333 -1
0 -0.000000 29.187527 -16.756458 0.750000 0.000000 -1
0 10.209531 21.449997 -17.808434 0.833333 0.666667 -1
0 8.315726 18.712471 -14.528265 0.833333 1.000000 -1
0 10.209531 26.449999 -17.808434 0.833333 0.333333 -1
0 8.315726 29.187527 -14.528265 0.833333 0.000000 -1
0 14.403261 18.712471 -8.440727 0.916667 1.000000 -1
0 17.683428 21.449997 -10.334530 0.916667 0.666667 -1
0 17.683428 26.449999 -10.334530 0.916667 0.333333 -1
0 14.403261 29.187527 -8.440727 0.916667 0.000000 -1
0 20.419062 21.449997 -0.125000 1.000000 0.666667 -1
0 16.631453 18.712471 -0.125000 1.000000 1.000000 -1
0 20.419062 26.449999 -0.125000 1.000000 0.333333 -1
0 16.631453 29.187527 -0.125000 1.000000 0.000000 -1
0 -0.000000 32.936043 -45.498962 0.000000 0.000000 -1
0 8.443748 38.632408 -44.818275 0.083333 0.166667 -1
0 9.750000 34.214149 -42.758011 0.000000 0.166667 -1
0 -0.000000 32.936043 -45.498962 0.083333 0.000000 -1
0 4.875000 41.866783 -46.326500 0.166667 0.166667 -1
0 -0.000000 32.936043 -45.498962 0.166667 0.000000 -1
0 0.000000 43.050667 -46.878548 0.250000 0.166667 -1
0 -0.000000 32.936043 -45.498962 0.250000 0.000000 -1
0 -4.875000 41.866783 -46.326500 0.333333 0.166667 -1
0 -0.000000 32.936043 -45.498962 0.333333 0.000000 -1
0 -8.443748 38.632408 -44.818275 0.416667 0.166667 -1
0 -0.000000 32.936043 -45.498962 0.416667 0.000000 -1
0 -9.750000 34.214149 -42.758011 0.500000 0.166667 -1
0 -0.000000 32.936043 -45.498962 0.500000 0.000000 -1
0 -8.443748 29.795910 -40.697754 0.583333 0.166667 -1
0 -0.000000 32.936043 -45.498962 0.583333 0.000000 -1
0 -4.875000 26.561518 -39.189529 0.666667 0.166667 -1
0 -0.000000 32.936043 -45.498962 0.666667 0.000000 -1
0 -0.000000 25.377663 -38.637482 0.750000 0.166667 -1
0 -0.000000 32.936043 -45.498962 0.750000 0.000000 -1
0 4.875000 26.561518 -39.189529 0.833333 0.166667 -1
0 -0.000000 32.936043 -45.498962 0.833333 0.000000 -1
0 8.443748 29.795910 -40.697754 0.916667 0.166667 -1
0 -0.000000 32.936043 -45.498962 0.916667 0.000000 -1
0 9.750000 34.214149 -42.758011 1.000000 0.166667 -1
0 17.598749 42.476074 -25.040249 0.000000 0.500000 -1
0 15.240963 37.706066 -35.269600 0.000000 0.333333 -1
0 13.199062 44.612564 -38.490150 0.083333 0.333333 -1
0 15.240963 50.451027 -28.759033 0.083333 0.500000 -1
0 8.799375 56.289078 -31.481361 0.166667 0.500000 -1
0 7.620481 49.668472 -40.847763 0.166667 0.333333 -1
0 0.000000 51.519051 -41.710709 0.250000 0.333333 -1
0 0.000000 58.425964 -32.477798 0.250000 0.500000 -1
0 -8.799375 56.289078 -31.481361 0.333333 0.500000 -1
0 -7.620481 49.668472 -40.847763 0.333333 0.333333 -1
0 -13.199062 44.612564 -38.490150 0.416667 0.333333 -1
0 -15.240963 50.451027 -28.759033 0.416667 0.500000 -1
0 -17.598749 42.476074 -25.040249 0.500000 0.500000 -1
0 -15.240963 37.706066 -35.269600 0.500000 0.333333 -1
0 -13.199062 30.799564 -32.049049 0.583333 0.333333 -1
0 -15.240963 34.501137 -21.321484 0.583333 0.500000 -1
0 -8.799375 28.663080 -18.599155 0.666667 0.500000 -1
0 -7.620481 25.743647 -29.691441 0.666667 0.333333 -1
0 -0.000000 23.893063 -28.828487 0.750000 0.333333 -1
0 -0.000000 26.526201 -17.602711 0.750000 0.500000 -1
0 8.799375 28.663080 -18.599155 0.833333 0.500000 -1
0 7.620481 25.743647 -29.691441 0.833333 0.333333 -1
0 13.199062 30.799564 -32.049049 0.916667 0.333333 -1
0 15.240963 34.501137 -21.321484 0.916667 0.500000 -1
0 17.598749 42.476074 -25.040249 1.000000 0.500000 -1
0 15.240963 37.706066 -35.269600 1.000000 0.333333 -1
0 9.262500 34.403030 -42.139191 0.000000 0.166667 -1
0 8.021560 38.600372 -44.042076 0.083333 0.166667 -1
0 -0.000000 33.188820 -44.670761 0.000000 0.000000 -1
0 4.631250 41.673027 -45.435081 0.166667 0.166667 -1
0 -0.000000 33.188820 -44.670761 0.083333 0.000000 -1
0 0.000000 42.797707 -45.944962 0.250000 0.166667 -1
0 -0.000000 33.188820 -44.670761 0.166667 0.000000 -1
0 -4.631250 41.673027 -45.435081 0.333333 0.166667 -1
0 -0.000000 33.188820 -44.670761 0.250000 0.000000 -1
0 -8.021560 38.600372 -44.042076 0.416667 0.166667 -1
0 -0.000000 33.188820 -44.670761 0.333333 0.000000 -1
0 -9.262500 34.403030 -42.139191 0.500000 0.166667 -1
0 -0.000000 33.188820 -44.670761 0.416667 0.000000 -1
0 -8.021560 30.205696 -40.236313 0.583333 0.166667 -1
0 -0.000000 33.188820 -44.670761 0.500000 0.000000 -1
0 -4.631250 27.133024 -38.843300 0.666667 0.166667 -1
0 -0.000000 33.188820 -44.670761 0.583333 0.000000 -1
0 -0.000000 26.008360 -38.333427 0.750000 0.166667 -1
0 -0.000000 33.188820 -44.670761 0.666667 0.000000 -1
0 4.631250 27.133024 -38.843300 0.833333 0.166667 -1
0 -0.000000 33.188820 -44.670761 0.750000 0.000000 -1
0 8.021560 30.205696 -40.236313 0.916667 0.166667 -1
0 -0.000000 33.188820 -44.670761 0.833333 0.000000 -1
0 9.262500 34.403030 -42.139191 1.000000 0.166667 -1
0 -0.000000 33.188820 -44.670761 0.916667 0.000000 -1
0 12.539109 44.281517 -38.197350 0.083333 0.333333 -1
0 14.478914 37.720341 -35.222816 0.000000 0.333333 -1
0 16.718811 42.251854 -25.774872 0.000000 0.500000 -1
0 14.478914 49.828064 -29.209576 0.083333 0.500000 -1
0 8.359406 55.374207 -31.723953 0.166667 0.500000 -1
0 7.239457 49.084633 -40.374863 0.166667 0.333333 -1
0 0.000000 50.842682 -41.171890 0.250000 0.333333 -1
0 0.000000 57.404251 -32.644279 0.250000 0.500000 -1
0 -8.359406 55.374207 -31.723953 0.333333 0.500000 -1
0 -7.239457 49.084633 -40.374863 0.333333 0.333333 -1
0 -12.539109 44.281517 -38.197350 0.416667 0.333333 -1
0 -14.478914 49.828064 -29.209576 0.416667 0.500000 -1
0 -16.718811 42.251854 -25.774872 0.500000 0.500000 -1
0 -14.478914 37.720341 -35.222816 0.500000 0.333333 -1
0 -12.539109 31.159166 -32.248276 0.583333 0.333333 -1
0 -14.478914 34.675667 -22.340183 0.583333 0.500000 -1
0 -8.359406 29.129509 -19.825809 0.666667 0.500000 -1
0 -7.239457 26.356047 -30.070759 0.666667 0.333333 -1
0 -0.000000 24.597990 -29.273731 0.750000 0.333333 -1
0 -0.000000 27.099474 -18.905483 0.750000 0.500000 -1
0 8.359406 29.129509 -19.825809 0.833333 0.500000 -1
0 7.239457 26.356047 -30.070759 0.833333 0.333333 -1
0 12.539109 31.159166 -32.248276 0.916667 0.333333 -1
0 14.478914 34.675667 -22.340183 0.916667 0.500000 -1
0 16.718811 42.251854 -25.774872 1.000000 0.500000 -1
0 14.478914 37.720341 -35.222816 1.000000 0.333333 -1
0 14.333334 31.653503 0.041667 0.000000 0.000000 -1
0 0.000000 31.653503 0.041667 0.000000 0.000000 -1
0 12.413033 31.653503 7.208333 0.000000 0.000000 -1
0 14.333334 15.320175 0.041667 0.000000 1.000000 -1
0 12.413033 15.320175 7.208333 0.083333 1.000000 -1
0 12.413033 31.653503 7.208333 0.083333 0.000000 -1
0 7.166667 31.653503 12.454697 0.000000 0.000000 -1
0 7.166667 31.653503 12.454697 0.166667 0.000000 -1
0 7.166667 15.320175 12.454697 0.166667 1.000000 -1
0 0.000000 31.653503 14.375000 0.000000 0.000000 -1
0 0.000000 15.320175 14.375000 0.250000 1.000000 -1
0 0.000000 31.653503 14.375000 0.250000 0.000000 -1
0 -7.166667 31.653503 12.454697 0.000000 0.000000 -1
0 -7.166667 31.653503 12.454697 0.333333 0.000000 -1
0 -7.166667 15.320175 12.454697 0.333333 1.000000 -1
0 -12.413031 31.653503 7.208333 0.000000 0.000000 -1
0 -12.413031 15.320175 7.208333 0.416667 1.000000 -1
0 -12.413031 31.653503 7.208333 0.416667 0.000000 -1
0 -14.333334 31.653503 0.041667 0.000000 0.000000 -1
0 -14.333334 31.653503 0.041667 0.500000 0.000000 -1
0 -14.333334 15.320175 0.041667 0.500000 1.000000 -1
0 -12.413031 31.653503 -7.125000 0.000000 0.000000 -1
0 -12.413031 15.320175 -7.125000 0.583333 1.000000 -1
0 -12.413031 31.653503 -7.125000 0.583333 0.000000 -1
0 -7.166667 31.653503 -12.371365 0.000000 0.000000 -1
0 -7.166667 31.653503 -12.371365 0.666667 0.000000 -1
0 -7.166667 15.320175 -12.371365 0.666667 1.000000 -1
0 0.000000 31.653503 -14.291670 0.000000 0.000000 -1
0 0.000000 15.320175 -14.291670 0.750000 1.000000 -1
0 0.000000 31.653503 -14.291670 0.750000 0.000000 -1
0 7.166667 31.653503 -12.371365 0.000000 0.000000 -1
0 7.166667 31.653503 -12.371365 0.833333 0.000000 -1
0 7.166667 15.320175 -12.371365 0.833333 1.000000 -1
0 12.413033 31.653503 -7.125000 0.000000 0.000000 -1
0 12.413033 15.320175 -7.125000 0.916667 1.000000 -1
0 12.413033 31.653503 -7.125000 0.916667 0.000000 -1
0 14.333334 31.653503 0.041667 1.000000 0.000000 -1
0 14.333334 15.320175 0.041667 1.000000 1.000000 -1
0 2.000000 30.772556 10.017859 0.000000 0.000000 -1
0 1.414214 30.772556 11.432072 0.000000 0.000000 -1
0 0.000000 30.772556 10.017859 0.000000 0.000000 -1
0 2.000000 35.343987 10.017859 0.000000 0.000000 -1
0 0.000000 36.629704 10.017859 0.000000 0.000000 -1
0 1.414214 35.343987 11.432072 0.000000 0.000000 -1
0 2.000000 30.772556 10.017859 0.000000 1.000000 -1
0 1.414214 30.772556 11.432072 0.125000 1.000000 -1
0 1.414214 35.343987 11.432072 0.125000 0.000000 -1
0 0.000000 30.772556 12.017859 0.000000 0.000000 -1
0 0.000000 35.343987 12.017859 0.000000 0.000000 -1
0 0.000000 35.343987 12.017859 0.250000 0.000000 -1
0 0.000000 30.772556 12.017859 0.250000 1.000000 -1
0 -1.414214 30.772556 11.432072 0.000000 0.000000 -1
0 -1.414214 35.343987 11.432072 0.000000 0.000000 -1
0 -1.414214 30.772556 11.432072 0.375000 1.000000 -1
0 -1.414214 35.343987 11.432072 0.375000 0.000000 -1
0 -2.000000 30.772556 10.017859 0.000000 0.000000 -1
0 -2.000000 35.343987 10.017859 0.000000 0.000000 -1
0 -2.000000 35.343987 10.017859 0.500000 0.000000 -1
0 -2.000000 30.772556 10.017859 0.500000 1.000000 -1
0 -1.414214 30.772556 8.603645 0.000000 0.000000 -1
0 -1.414214 35.343987 8.603645 0.000000 0.000000 -1
0 -1.414214 30.772556 8.603645 0.625000 1.000000 -1
0 -1.414214 35.343987 8.603645 0.625000 0.000000 -1
0 -0.000000 30.772556 8.017859 0.000000 0.000000 -1
0 -0.000000 35.343987 8.017859 0.000000 0.000000 -1
0 -0.000000 35.343987 8.017859 0.750000 0.000000 -1
0 -0.000000 30.772556 8.017859 0.750000 1.000000 -1
0 1.414214 30.772556 8.603645 0.000000 0.000000 -1
0 1.414214 35.343987 8.603645 0.000000 0.000000 -1
0 1.414214 30.772556 8.603645 0.875000 1.000000 -1
0 1.414214 35.343987 8.603645 0.875000 0.000000 -1
0 2.000000 35.343987 10.017859 1.000000 0.000000 -1
0 2.000000 30.772556 10.017859 1.000000 1.000000 -1
0 0.023611 43.296165 46.850983 1.000000 0.000000 -1
0 -0.023611 43.248947 46.850983 0.000000 1.000000 -1
0 -0.023611 43.296165 46.850983 0.000000 0.000000 -1
0 0.023611 43.248947 46.850983 1.000000 1.000000 -1
0 0.023611 43.296165 46.803764 1.000000 0.000000 -1
0 0.023611 43.248947 46.850983 0.000000 1.000000 -1
0 0.023611 43.296165 46.850983 0.000000 0.000000 -1
0 0.023611 43.248947 46.803764 1.000000 1.000000 -1
0 -0.023611 43.296165 46.803764 1.000000 0.000000 -1
0 0.023611 43.248947 46.803764 0.000000 1.000000 -1
0 0.023611 43.296165 46.803764 0.000000 0.000000 -1
0 -0.023611 43.248947 46.803764 1.000000 1.000000 -1
0 -0.023611 43.296165 46.850983 1.000000 0.000000 -1
0 -0.023611 43.248947 46.803764 0.000000 1.000000 -1
0 -0.023611 43.296165 46.803764 0.000000 0.000000 -1
0 -0.023611 43.248947 46.850983 1.000000 1.000000 -1
0 -0.023611 43.296165 46.850983 0.000000 1.000000 -1
0 0.023611 43.296165 46.850983 1.000000 1.000000 -1
0 0.023611 43.248947 46.850983 1.000000 0.000000 -1
0 -0.023611 43.248947 46.850983 0.000000 0.000000 -1
0 0.077485 58.355042 0.152485 1.000000 0.000000 -1
0 -0.077485 58.471275 0.152485 0.000000 1.000000 -1
0 -0.077485 58.355042 0.152485 0.000000 0.000000 -1
0 0.077485 58.471275 0.152485 1.000000 1.000000 -1
0 0.077485 58.355042 -0.002485 1.000000 0.000000 -1
0 0.077485 58.471275 0.152485 0.000000 1.000000 -1
0 0.077485 58.355042 0.152485 0.000000 0.000000 -1
0 0.077485 58.471275 -0.002485 1.000000 1.000000 -1
0 -0.077485 58.355042 -0.002485 1.000000 0.000000 -1
0 0.077485 58.471275 -0.002485 0.000000 1.000000 -1
0 0.077485 58.355042 -0.002485 0.000000 0.000000 -1
0 -0.077485 58.471275 -0.002485 1.000000 1.000000 -1
0 -0.077485 58.355042 0.152485 1.000000 0.000000 -1
0 -0.077485 58.471275 -0.002485 0.000000 1.000000 -1
0 -0.077485 58.355042 -0.002485 0.000000 0.000000 -1
0 -0.077485 58.471275 0.152485 1.000000 1.000000 -1
0 -0.077485 58.355042 0.152485 0.000000 1.000000 -1
0 0.077485 58.355042 0.152485 1.000000 1.000000 -1
0 0.077485 58.471275 0.152485 1.000000 0.000000 -1
0 -0.077485 58.471275 0.152485 0.000000 0.000000 -1
154
0.000000 0.000000 1.000000
1.000000 0.000000 0.000000
0.000000 0.000000 -1.000000
-1.000000 0.000000 0.000000
0.000000 1.000000 0.000000
0.000000 -1.000000 0.000000
0.585776 -0.810473 0.000000
0.887811 -0.460207 -0.000000
0.507297 -0.810473 0.292888
0.768867 -0.460208 0.443906
0.887811 0.460207 -0.000000
0.768867 0.460207 0.443906
0.585776 0.810473 -0.000000
0.507297 0.810473 0.292888
0.481207 -0.599298 0.639751
0.292888 -0.810473 0.507297
0.481207 0.599298 0.639751
0.292888 0.810473 0.507297
0.000000 -0.810473 0.585777
0.000000 -0.810472 0.585777
-0.000000 0.810472 0.585777
0.000000 0.810472 0.585777
-0.481207 -0.599298 0.639751
-0.292888 -0.810473 0.507297
-0.292888 0.810473 0.507298
-0.481207 0.599298 0.639751
-0.507297 -0.810473 0.292888
-0.768867 -0.460208 0.443906
-0.768867 0.460207 0.443906
-0.507297 0.810473 0.292888
-0.887811 -0.460207 -0.000000
-0.585776 -0.810473 0.000000
-0.887811 0.460207 -0.000000
-0.585776 0.810473 -0.000000
-0.507297 -0.810473 -0.292888
-0.768867 -0.460207 -0.443906
-0.768867 0.460207 -0.443906
-0.507297 0.810473 -0.292888
-0.443906 -0.460208 -0.768867
-0.292888 -0.810473 -0.507297
-0.443906 0.460207 -0.768867
-0.292888 0.810473 -0.507297
0.000000 -0.810473 -0.585776
0.000000 -0.460207 -0.887811
-0.000000 0.460207 -0.887811
0.000000 0.810473 -0.585776
0.443906 -0.460208 -0.768867
0.292888 -0.810473 -0.507297
0.443906 0.460207 -0.768867
0.292888 0.810473 -0.507297
0.507297 -0.810473 -0.292888
0.768867 -0.460207 -0.443905
0.768867 0.460207 -0.443906
0.507297 0.810473 -0.292888
0.000000 -0.422618 -0.906308
0.516318 -0.069129 -0.853602
0.686901 -0.307138 -0.658660
0.343451 0.232001 -0.910064
0.000000 0.201039 -0.979583
-0.343451 0.232001 -0.910064
-0.516318 -0.069129 -0.853602
-0.686901 -0.307138 -0.658660
-0.516318 -0.609462 -0.601641
-0.343450 -0.846277 -0.407256
0.000000 -0.879630 -0.475659
0.343450 -0.846277 -0.407256
0.516318 -0.609462 -0.601641
0.978870 -0.086418 -0.185325
0.922185 -0.163447 -0.350513
0.798636 0.254445 -0.545379
0.847726 0.357161 -0.392169
0.489435 0.681883 -0.543589
0.461092 0.560364 -0.688031
0.000000 0.672337 -0.740245
0.000000 0.800739 -0.599013
-0.489435 0.681883 -0.543589
-0.461092 0.560364 -0.688031
-0.798636 0.254445 -0.545379
-0.847726 0.357161 -0.392169
-0.978870 -0.086418 -0.185325
-0.922185 -0.163447 -0.350513
-0.798636 -0.581339 -0.155647
-0.847726 -0.529997 0.021519
-0.489435 -0.854719 0.172940
-0.461093 -0.887257 -0.012994
0.000000 -0.999231 0.039220
0.000000 -0.973576 0.228364
0.489435 -0.854719 0.172940
0.461093 -0.887257 -0.012994
0.798636 -0.581339 -0.155647
0.847726 -0.529997 0.021519
-0.680040 0.303136 0.667574
-0.507372 0.066795 0.859134
0.000000 0.413793 0.910371
-0.336288 -0.227656 0.913829
0.000000 -0.196994 0.980405
0.336288 -0.227656 0.913829
0.507372 0.066795 0.859134
0.680040 0.303136 0.667574
0.512761 0.603682 0.610446
0.342598 0.842984 0.414735
0.000000 0.875225 0.483716
-0.342598 0.842983 0.414735
-0.512761 0.603682 0.610446
-0.792426 -0.252260 0.555360
-0.919149 0.163049 0.358580
-0.977899 0.086596 0.190304
-0.844241 -0.355166 0.401391
-0.485660 -0.675930 0.554304
-0.455465 -0.553284 0.697444
-0.000000 -0.662634 0.748943
0.000000 -0.792540 0.609820
0.485660 -0.675930 0.554304
0.455465 -0.553284 0.697444
0.792426 -0.252260 0.555360
0.844241 -0.355166 0.401391
0.977899 0.086596 0.190304
0.919149 0.163049 0.358580
0.798094 0.580993 0.159667
0.847730 0.529967 -0.022123
0.489129 0.853918 -0.177698
0.461104 0.887246 0.013345
-0.000000 0.999189 -0.040260
0.000000 0.972108 -0.234535
-0.489129 0.853918 -0.177698
-0.461104 0.887246 0.013345
-0.798094 0.580993 0.159667
-0.847730 0.529967 -0.022123
1.000000 0.000000 0.000000
0.866025 0.000000 0.500000
0.500000 0.000000 0.866025
0.500000 0.000000 0.866025
-0.500000 0.000000 0.866025
-0.866025 0.000000 0.500000
-0.866025 0.000000 0.500000
-1.000000 0.000000 0.000000
-0.866025 0.000000 -0.500000
-0.866025 0.000000 -0.500000
-0.500000 0.000000 -0.866025
0.500000 0.000000 -0.866025
0.500000 0.000000 -0.866025
0.866025 0.000000 -0.500000
0.540758 0.841178 0.000000
0.382374 0.841178 0.382374
0.707107 0.000000 0.707107
0.000000 0.841178 0.540758
-0.382374 0.841178 0.382374
-0.707107 0.000000 0.707107
-0.540758 0.841178 0.000000
-0.382374 0.841178 -0.382374
-0.707107 0.000000 -0.707107
0.000000 0.841178 -0.540758
0.382374 0.841178 -0.382374
0.707107 0.000000 -0.707107
292
0 0 1 2 0 0 0 1
0 1 3 2 0 0 0 1
0 4 5 6 1 1 1 2
0 5 7 6 1 1 1 2
0 8 9 10 2 2 2 1
0 9 11 10 2 2 2 1
0 12 13 14 3 3 3 2
0 13 15 14 3 3 3 2
0 12 16 6 4 4 4 3
0 16 17 6 4 4 4 3
0 18 13 19 5 5 5 3
0 13 7 19 5 5 5 3
0 20 21 22 6 7 8 1
0 21 23 22 7 9 8 1
0 21 24 25 7 10 11 1
0 21 25 23 7 11 9 1
0 24 26 25 10 12 11 1
0 26 27 25 12 13 11 1
0 22 23 28 8 9 14 1
0 22 28 29 8 14 15 1
0 23 25 28 9 11 14 1
0 25 30 28 11 16 14 1
0 25 27 31 11 13 17 1
0 25 31 30 11 17 16 1
0 29 28 32 15 14 18 1
0 28 33 32 14 19 18 1
0 30 31 34 16 17 20 1
0 31 35 34 17 21 20 1
0 32 33 36 18 19 22 1
0 32 36 37 18 22 23 1
0 34 35 38 20 21 24 1
0 34 38 39 20 24 25 1
0 37 36 40 23 22 26 1
0 36 41 40 22 27 26 1
0 36 39 42 22 25 28 1
0 36 42 41 22 28 27 1
0 39 38 42 25 24 28 1
0 38 43 42 24 29 28 1
0 40 41 44 26 27 30 1
0 40 44 45 26 30 31 1
0 41 42 44 27 28 30 1
0 42 46 44 28 32 30 1
0 42 43 47 28 29 33 1
0 42 47 46 28 33 32 1
0 45 44 48 31 30 34 1
0 44 49 48 30 35 34 1
0 44 46 50 30 32 36 1
0 44 50 49 30 36 35 1
0 46 47 50 32 33 36 1
0 47 51 50 33 37 36 1
0 48 49 52 34 35 38 1
0 48 52 53 34 38 39 1
0 49 50 52 35 36 38 1
0 50 54 52 36 40 38 1
0 50 51 55 36 37 41 1
0 50 55 54 36 41 40 1
0 53 52 56 39 38 42 1
0 52 57 56 38 43 42 1
0 52 54 58 38 40 44 1
0 52 58 57 38 44 43 1
0 54 55 58 40 41 44 1
0 55 59 58 41 45 44 1
0 56 57 60 42 43 46 1
0 56 60 61 42 46 47 1
0 57 58 60 43 44 46 1
0 58 62 60 44 48 46 1
0 58 59 63 44 45 49 1
0 58 63 62 44 49 48 1
0 61 60 64 47 46 50 1
0 60 65 64 46 51 50 1
0 60 62 66 46 48 52 1
0 60 66 65 46 52 51 1
0 62 63 66 48 49 52 1
0 63 67 66 49 53 52 1
0 64 65 68 50 51 7 1
0 64 68 69 50 7 6 1
0 65 66 68 51 52 7 1
0 66 70 68 52 10 7 1
0 66 67 71 52 53 12 1
0 66 71 70 52 12 10 1
0 72 73 74 54 55 56 1
0 75 76 73 54 57 55 1
0 77 78 76 54 58 57 1
0 79 80 78 54 59 58 1
0 81 82 80 54 60 59 1
0 83 84 82 54 61 60 1
0 85 86 84 54 62 61 1
0 87 88 86 54 63 62 1
0 89 90 88 54 64 63 1
0 91 92 90 54 65 64 1
0 93 94 92 54 66 65 1
0 95 96 94 54 56 66 1
0 97 98 99 67 68 69 1
0 97 99 100 67 69 70 1
0 100 99 101 70 69 71 1
0 99 102 101 69 72 71 1
0 101 102 103 71 72 73 1
0 101 103 104 71 73 74 1
0 104 103 105 74 73 75 1
0 103 106 105 73 76 75 1
0 105 106 107 75 76 77 1
0 105 107 108 75 77 78 1
0 108 107 109 78 77 79 1
0 107 110 109 77 80 79 1
0 109 110 111 79 80 81 1
0 109 111 112 79 81 82 1
0 112 111 113 82 81 83 1
0 111 114 113 81 84 83 1
0 113 114 115 83 84 85 1
0 113 115 116 83 85 86 1
0 116 115 117 86 85 87 1
0 115 118 117 85 88 87 1
0 117 118 119 87 88 89 1
0 117 119 120 87 89 90 1
0 120 119 121 90 89 67 1
0 119 122 121 89 68 67 1
0 98 74 99 68 56 69 1
0 74 73 99 56 55 69 1
0 99 73 76 69 55 57 1
0 99 76 102 69 57 72 1
0 102 76 103 72 57 73 1
0 76 78 103 57 58 73 1
0 103 78 80 73 58 59 1
0 103 80 106 73 59 76 1
0 106 80 107 76 59 77 1
0 80 82 107 59 60 77 1
0 107 82 84 77 60 61 1
0 107 84 110 77 61 80 1
0 110 84 111 80 61 81 1
0 84 86 111 61 62 81 1
0 111 86 88 81 62 63 1
0 111 88 114 81 63 84 1
0 114 88 115 84 63 85 1
0 88 90 115 63 64 85 1
0 115 90 92 85 64 65 1
0 115 92 118 85 65 88 1
0 118 92 119 88 65 89 1
0 92 94 119 65 66 89 1
0 119 94 96 89 66 56 1
0 119 96 122 89 56 68 1
0 123 124 125 91 92 93 1
0 124 126 127 92 94 93 1
0 126 128 129 94 95 93 1
0 128 130 131 95 96 93 1
0 130 132 133 96 97 93 1
0 132 134 135 97 98 93 1
0 134 136 137 98 99 93 1
0 136 138 139 99 100 93 1
0 138 140 141 100 101 93 1
0 140 142 143 101 102 93 1
0 142 144 145 102 103 93 1
0 144 146 147 103 91 93 1
0 148 149 150 104 105 106 1
0 151 148 150 107 104 106 1
0 152 148 151 108 104 107 1
0 152 153 148 108 109 104 1
0 154 153 152 110 109 108 1
0 155 154 152 111 110 108 1
0 156 154 155 112 110 111 1
0 156 157 154 112 113 110 1
0 158 157 156 114 113 112 1
0 159 158 156 115 114 112 1
0 160 158 159 116 114 115 1
0 160 161 158 116 117 114 1
0 162 161 160 118 117 116 1
0 163 162 160 119 118 116 1
0 164 162 163 120 118 119 1
0 164 165 162 120 121 118 1
0 166 165 164 122 121 120 1
0 167 166 164 123 122 120 1
0 168 166 167 124 122 123 1
0 168 169 166 124 125 122 1
0 170 169 168 126 125 124 1
0 171 170 168 127 126 124 1
0 172 170 171 106 126 127 1
0 172 173 170 106 105 126 1
0 148 123 149 104 91 105 1
0 148 124 123 104 92 91 1
0 126 124 148 94 92 104 1
0 153 126 148 109 94 104 1
0 154 126 153 110 94 109 1
0 154 128 126 110 95 94 1
0 130 128 154 96 95 110 1
0 157 130 154 113 96 110 1
0 158 130 157 114 96 113 1
0 158 132 130 114 97 96 1
0 134 132 158 98 97 114 1
0 161 134 158 117 98 114 1
0 162 134 161 118 98 117 1
0 162 136 134 118 99 98 1
0 138 136 162 100 99 118 1
0 165 138 162 121 100 118 1
0 166 138 165 122 100 121 1
0 166 140 138 122 101 100 1
0 142 140 166 102 101 122 1
0 169 142 166 125 102 122 1
0 170 142 169 126 102 125 1
0 170 144 142 126 103 102 1
0 146 144 170 91 103 126 1
0 173 146 170 105 91 126 1
0 174 175 176 4 4 4 2
0 177 174 178 128 128 129 1
0 174 179 178 128 129 129 1
0 176 175 180 4 4 4 2
0 178 179 181 129 129 130 1
0 178 181 182 129 130 131 1
0 180 175 183 4 4 4 2
0 182 181 184 131 130 0 1
0 181 185 184 130 0 0 1
0 183 175 186 4 4 4 2
0 184 185 187 0 0 132 1
0 184 187 188 0 132 132 1
0 186 175 189 4 4 4 2
0 188 187 190 132 132 133 1
0 187 191 190 132 134 133 1
0 189 175 192 4 4 4 2
0 190 191 193 133 134 135 1
0 190 193 194 133 135 135 1
0 192 175 195 4 4 4 2
0 194 193 196 135 135 136 1
0 193 197 196 135 137 136 1
0 195 175 198 4 4 4 2
0 196 197 199 136 137 138 1
0 196 199 200 136 138 138 1
0 198 175 201 4 4 4 2
0 200 199 202 138 138 2 1
0 199 203 202 138 2 2 1
0 201 175 204 4 4 4 2
0 202 203 205 2 2 139 1
0 202 205 206 2 139 140 1
0 204 175 207 4 4 4 2
0 206 205 208 140 139 141 1
0 205 209 208 139 141 141 1
0 207 175 174 4 4 4 2
0 208 209 210 141 141 128 1
0 208 210 211 141 128 128 1
0 212 213 214 5 5 5 2
0 215 216 217 142 4 143 2
0 218 215 219 1 1 144 1
0 215 220 219 1 144 144 1
0 213 221 214 5 5 5 2
0 217 216 222 143 4 145 2
0 219 220 223 144 144 0 1
0 219 223 224 144 0 0 1
0 221 225 214 5 5 5 2
0 222 216 226 145 4 146 2
0 224 223 227 0 0 147 1
0 223 228 227 0 147 147 1
0 225 229 214 5 5 5 2
0 226 216 230 146 4 148 2
0 227 228 231 147 147 3 1
0 227 231 232 147 3 3 1
0 229 233 214 5 5 5 2
0 230 216 234 148 4 149 2
0 232 231 235 3 3 150 1
0 231 236 235 3 150 150 1
0 233 237 214 5 5 5 2
0 234 216 238 149 4 151 2
0 235 236 239 150 150 2 1
0 235 239 240 150 2 2 1
0 237 241 214 5 5 5 2
0 238 216 242 151 4 152 2
0 240 239 243 2 2 153 1
0 239 244 243 2 153 153 1
0 241 212 214 5 5 5 2
0 242 216 215 152 4 142 2
0 243 244 245 153 153 1 1
0 243 245 246 153 1 1 1
0 247 248 249 2 2 2 1
0 247 250 248 2 2 2 1
0 251 252 253 3 3 3 2
0 251 254 252 3 3 3 2
0 255 256 257 0 0 0 1
0 255 258 256 0 0 0 1
0 259 260 261 1 1 1 2
0 259 262 260 1 1 1 2
0 251 263 261 5 5 5 3
0 251 264 263 5 5 5 3
0 265 260 266 4 4 4 3
0 265 254 260 4 4 4 3
0 267 268 269 0 0 0 1
0 267 270 268 0 0 0 1
0 271 272 273 1 1 1 2
0 271 274 272 1 1 1 2
0 275 276 277 2 2 2 1
0 275 278 276 2 2 2 1
0 279 280 281 3 3 3 2
0 279 282 280 3 3 3 2
0 271 283 281 5 5 5 3
0 271 284 283 5 5 5 3
0 285 280 286 4 4 4 3
0 285 274 280 4 4 4 3
"gun" 0 0
219
0 4.422803 47.486847 -9.047836 0.000000 0.000000 -1
0 3.127394 44.359444 -9.047836 0.000000 0.000000 -1
0 -0.000000 47.486847 -10.333897 0.000000 0.000000 -1
0 6.666667 47.486847 14.875008 0.000000 0.000000 -1
0 0.000000 47.486847 14.875008 0.000000 0.000000 -1
0 4.714046 42.772781 14.875008 0.000000 0.000000 -1
0 4.422803 47.486847 -9.047836 0.000000 1.000000 -1
0 6.016667 47.486847 -5.332549 0.000000 0.666667 -1
0 3.127394 44.359444 -9.047836 0.125000 1.000000 -1
0 4.254426 43.232414 -5.332549 0.125000 0.666667 -1
0 6.666667 47.486847 -1.760149 0.000000 0.333333 -1
0 4.714046 42.772781 -1.760149 0.125000 0.333333 -1
0 4.714046 42.772781 14.875008 0.125000 0.000000 -1
0 0.000000 43.064034 -9.047836 0.000000 0.000000 -1
0 0.000000 40.820168 14.875008 0.000000 0.000000 -1
0 0.000000 41.470161 -5.332549 0.250000 0.666667 -1
0 0.000000 43.064034 -9.047836 0.250000 1.000000 -1
0 0.000000 40.820168 -1.760149 0.250000 0.333333 -1
0 0.000000 40.820168 14.875008 0.250000 0.000000 -1
0 -3.127394 44.359444 -9.047836 0.000000 0.000000 -1
0 -4.714046 42.772781 14.875008 0.000000 0.000000 -1
0 -3.127394 44.359444 -9.047836 0.375000 1.000000 -1
0 -4.254426 43.232414 -5.332549 0.375000 0.666667 -1
0 -4.714046 42.772781 -1.760149 0.375000 0.333333 -1
0 -4.714046 42.772781 14.875008 0.375000 0.000000 -1
0 -4.422803 47.486847 -9.047836 0.000000 0.000000 -1
0 -6.666667 47.486847 14.875008 0.000000 0.000000 -1
0 -6.016667 47.486847 -5.332549 0.500000 0.666667 -1
0 -4.422803 47.486847 -9.047836 0.500000 1.000000 -1
0 -6.666667 47.486847 -1.760149 0.500000 0.333333 -1
0 -6.666667 47.486847 14.875008 0.500000 0.000000 -1
0 -3.127394 50.614220 -9.047836 0.000000 0.000000 -1
0 -4.714046 52.200874 14.875008 0.000000 0.000000 -1
0 -3.127394 50.614220 -9.047836 0.625000 1.000000 -1
0 -4.254426 51.741257 -5.332549 0.625000 0.666667 -1
0 -4.714046 52.200874 -1.760149 0.625000 0.333333 -1
0 -4.714046 52.200874 14.875008 0.625000 0.000000 -1
0 -0.000000 51.909630 -9.047836 0.000000 0.000000 -1
0 -0.000000 54.153496 14.875008 0.000000 0.000000 -1
0 -0.000000 53.503502 -5.332549 0.750000 0.666667 -1
0 -0.000000 51.909630 -9.047836 0.750000 1.000000 -1
0 -0.000000 54.153496 -1.760149 0.750000 0.333333 -1
0 -0.000000 54.153496 14.875008 0.750000 0.000000 -1
0 3.127394 50.614220 -9.047836 0.000000 0.000000 -1
0 4.714046 52.200874 14.875008 0.000000 0.000000 -1
0 3.127394 50.614220 -9.047836 0.875000 1.000000 -1
0 4.254426 51.741257 -5.332549 0.875000 0.666667 -1
0 4.714046 52.200874 -1.760149 0.875000 0.333333 -1
0 4.714046 52.200874 14.875008 0.875000 0.000000 -1
0 6.016667 47.486847 -5.332549 1.000000 0.666667 -1
0 4.422803 47.486847 -9.047836 1.000000 1.000000 -1
0 6.666667 47.486847 -1.760149 1.000000 0.333333 -1
0 6.666667 47.486847 14.875008 1.000000 0.000000 -1
0 6.316908 47.403519 -0.803661 0.000000 1.000000 -1
0 9.045642 47.403519 2.814632 0.000000 0.666667 -1
0 4.466730 42.936783 -0.803661 0.125000 1.000000 -1
0 6.396236 41.007278 2.814632 0.125000 0.666667 -1
0 9.045642 47.403519 10.768698 0.000000 0.333333 -1
0 6.396236 41.007278 10.768698 0.125000 0.333333 -1
0 6.316908 47.403519 14.386990 0.000000 0.000000 -1
0 4.466730 42.936783 14.386990 0.125000 0.000000 -1
0 0.000000 38.357872 2.814632 0.250000 0.666667 -1
0 0.000000 41.086601 -0.803661 0.250000 1.000000 -1
0 0.000000 38.357872 10.768698 0.250000 0.333333 -1
0 0.000000 41.086601 14.386990 0.250000 0.000000 -1
0 -4.466730 42.936783 -0.803661 0.375000 1.000000 -1
0 -6.396236 41.007278 2.814632 0.375000 0.666667 -1
0 -6.396236 41.007278 10.768698 0.375000 0.333333 -1
0 -4.466730 42.936783 14.386990 0.375000 0.000000 -1
0 -9.045642 47.403519 2.814632 0.500000 0.666667 -1
0 -6.316908 47.403519 -0.803661 0.500000 1.000000 -1
0 -9.045642 47.403519 10.768698 0.500000 0.333333 -1
0 -6.316908 47.403519 14.386990 0.500000 0.000000 -1
0 -4.466730 51.870224 -0.803661 0.625000 1.000000 -1
0 -6.396236 53.799736 2.814632 0.625000 0.666667 -1
0 -6.396236 53.799736 10.768698 0.625000 0.333333 -1
0 -4.466730 51.870224 14.386990 0.625000 0.000000 -1
0 -0.000000 56.449142 2.814632 0.750000 0.666667 -1
0 -0.000000 53.720406 -0.803661 0.750000 1.000000 -1
0 -0.000000 56.449142 10.768698 0.750000 0.333333 -1
0 -0.000000 53.720406 14.386990 0.750000 0.000000 -1
0 4.466730 51.870224 -0.803661 0.875000 1.000000 -1
0 6.396236 53.799736 2.814632 0.875000 0.666667 -1
0 6.396236 53.799736 10.768698 0.875000 0.333333 -1
0 4.466730 51.870224 14.386990 0.875000 0.000000 -1
0 9.045642 47.403519 2.814632 1.000000 0.666667 -1
0 6.316908 47.403519 -0.803661 1.000000 1.000000 -1
0 9.045642 47.403519 10.768698 1.000000 0.333333 -1
0 6.316908 47.403519 14.386990 1.000000 0.000000 -1
0 4.254271 47.486839 14.375000 0.000000 0.000000 -1
0 3.008224 44.478600 14.375000 0.000000 0.000000 -1
0 0.000000 47.486839 14.375000 0.000000 0.000000 -1
0 2.794252 47.486839 31.041660 0.000000 0.000000 -1
0 -0.000000 47.486839 31.041660 0.000000 0.000000 -1
0 1.975834 45.511002 31.041660 0.000000 0.000000 -1
0 4.254271 47.486839 14.375000 0.000000 1.000000 -1
0 3.127280 47.486839 17.208328 0.000000 0.833333 -1
0 2.211321 45.275505 17.208328 0.125000 0.833333 -1
0 3.008224 44.478600 14.375000 0.125000 1.000000 -1
0 3.127280 47.486839 21.708332 0.000000 0.666667 -1
0 2.211321 45.275505 21.708332 0.125000 0.666667 -1
0 2.298838 47.486839 21.708328 0.000000 0.500000 -1
0 1.625524 45.861313 21.708328 0.125000 0.500000 -1
0 2.298838 47.486839 28.208328 0.000000 0.333333 -1
0 1.625524 45.861313 28.208328 0.125000 0.333333 -1
0 2.794252 47.486839 28.208332 0.000000 0.166667 -1
0 1.975834 45.511002 28.208332 0.125000 0.166667 -1
0 1.975834 45.511002 31.041660 0.125000 0.000000 -1
0 0.000000 43.232559 14.375000 0.000000 0.000000 -1
0 0.000000 44.692581 31.041660 0.000000 0.000000 -1
0 0.000000 43.232559 14.375000 0.250000 1.000000 -1
0 0.000000 44.359558 17.208328 0.250000 0.833333 -1
0 0.000000 44.359558 21.708332 0.250000 0.666667 -1
0 0.000000 45.187996 21.708328 0.250000 0.500000 -1
0 0.000000 45.187996 28.208328 0.250000 0.333333 -1
0 0.000000 44.692581 28.208332 0.250000 0.166667 -1
0 0.000000 44.692581 31.041660 0.250000 0.000000 -1
0 -3.008224 44.478600 14.375000 0.000000 0.000000 -1
0 -1.975834 45.511002 31.041660 0.000000 0.000000 -1
0 -2.211321 45.275505 17.208328 0.375000 0.833333 -1
0 -3.008224 44.478600 14.375000 0.375000 1.000000 -1
0 -2.211321 45.275505 21.708332 0.375000 0.666667 -1
0 -1.625524 45.861313 21.708328 0.375000 0.500000 -1
0 -1.625524 45.861313 28.208328 0.375000 0.333333 -1
0 -1.975834 45.511002 28.208332 0.375000 0.166667 -1
0 -1.975834 45.511002 31.041660 0.375000 0.000000 -1
0 -4.254271 47.486839 14.375000 0.000000 0.000000 -1
0 -2.794252 47.486839 31.041660 0.000000 0.000000 -1
0 -4.254271 47.486839 14.375000 0.500000 1.000000 -1
0 -3.127280 47.486839 17.208328 0.500000 0.833333 -1
0 -3.127280 47.486839 21.708332 0.500000 0.666667 -1
0 -2.298838 47.486839 21.708328 0.500000 0.500000 -1
0 -2.298838 47.486839 28.208328 0.500000 0.333333 -1
0 -2.794252 47.486839 28.208332 0.500000 0.166667 -1
0 -2.794252 47.486839 31.041660 0.500000 0.000000 -1
0 -3.008224 50.495056 14.375000 0.000000 0.000000 -1
0 -1.975834 49.462669 31.041660 0.000000 0.000000 -1
0 -2.211321 49.698158 17.208328 0.625000 0.833333 -1
0 -3.008224 50.495056 14.375000 0.625000 1.000000 -1
0 -2.211321 49.698158 21.708332 0.625000 0.666667 -1
0 -1.625524 49.112366 21.708328 0.625000 0.500000 -1
0 -1.625524 49.112366 28.208328 0.625000 0.333333 -1
0 -1.975834 49.462669 28.208332 0.625000 0.166667 -1
0 -1.975834 49.462669 31.041660 0.625000 0.000000 -1
0 -0.000000 51.741096 14.375000 0.000000 0.000000 -1
0 -0.000000 50.281090 31.041660 0.000000 0.000000 -1
0 -0.000000 51.741096 14.375000 0.750000 1.000000 -1
0 -0.000000 50.614105 17.208328 0.750000 0.833333 -1
0 -0.000000 50.614105 21.708332 0.750000 0.666667 -1
0 -0.000000 49.785675 21.708328 0.750000 0.500000 -1
0 -0.000000 49.785675 28.208328 0.750000 0.333333 -1
0 -0.000000 50.281090 28.208332 0.750000 0.166667 -1
0 -0.000000 50.281090 31.041660 0.750000 0.000000 -1
0 3.008224 50.495056 14.375000 0.000000 0.000000 -1
0 1.975834 49.462669 31.041660 0.000000 0.000000 -1
0 2.211321 49.698158 17.208328 0.875000 0.833333 -1
0 3.008224 50.495056 14.375000 0.875000 1.000000 -1
0 2.211321 49.698158 21.708332 0.875000 0.666667 -1
0 1.625524 49.112366 21.708328 0.875000 0.500000 -1
0 1.625524 49.112366 28.208328 0.875000 0.333333 -1
0 1.975834 49.462669 28.208332 0.875000 0.166667 -1
0 1.975834 49.462669 31.041660 0.875000 0.000000 -1
0 4.254271 47.486839 14.375000 1.000000 1.000000 -1
0 3.127280 47.486839 17.208328 1.000000 0.833333 -1
0 3.127280 47.486839 21.708332 1.000000 0.666667 -1
0 2.298838 47.486839 21.708328 1.000000 0.500000 -1
0 2.298838 47.486839 28.208328 1.000000 0.333333 -1
0 2.794252 47.486839 28.208332 1.000000 0.166667 -1
0 2.794252 47.486839 31.041660 1.000000 0.000000 -1
0 0.333334 47.320183 30.375000 0.000000 0.000000 -1
0 -0.166667 47.031502 30.375000 0.000000 0.000000 -1
0 0.000000 47.320183 30.375000 0.000000 0.000000 -1
0 0.333334 47.320183 41.708344 0.000000 0.000000 -1
0 0.000000 47.320183 41.708344 0.000000 0.000000 -1
0 -0.166667 47.031502 41.708344 0.000000 0.000000 -1
0 0.333334 47.320183 30.375000 0.000000 1.000000 -1
0 -0.166667 47.031502 30.375000 0.333333 1.000000 -1
0 -0.166667 47.031502 41.708344 0.333333 0.000000 -1
0 -0.166667 47.608856 30.375000 0.000000 0.000000 -1
0 -0.166667 47.608856 41.708344 0.000000 0.000000 -1
0 -0.166667 47.608856 41.708344 0.666667 0.000000 -1
0 -0.166667 47.608856 30.375000 0.666667 1.000000 -1
0 0.333334 47.320183 30.375000 1.000000 1.000000 -1
0 0.333334 47.320183 41.708344 1.000000 0.000000 -1
0 3.608077 47.486855 35.541656 0.000000 0.000000 -1
0 2.551295 44.935547 35.541656 0.000000 0.000000 -1
0 -0.000000 47.486855 34.041656 0.000000 0.000000 -1
0 3.608077 47.486855 36.208324 0.000000 0.000000 -1
0 -0.000000 47.486855 34.708321 0.000000 0.000000 -1
0 2.551295 44.935547 36.208324 0.000000 0.000000 -1
0 3.608077 47.486855 35.541656 0.000000 1.000000 -1
0 2.551295 44.935547 35.541656 0.125000 1.000000 -1
0 2.551295 44.935547 36.208324 0.125000 0.000000 -1
0 0.000000 43.878777 35.541656 0.000000 0.000000 -1
0 0.000000 43.878777 36.208324 0.000000 0.000000 -1
0 0.000000 43.878777 36.208324 0.250000 0.000000 -1
0 0.000000 43.878777 35.541656 0.250000 1.000000 -1
0 -2.551295 44.935547 35.541656 0.000000 0.000000 -1
0 -2.551295 44.935547 36.208324 0.000000 0.000000 -1
0 -2.551295 44.935547 35.541656 0.375000 1.000000 -1
0 -2.551295 44.935547 36.208324 0.375000 0.000000 -1
0 -3.608077 47.486855 35.541656 0.000000 0.000000 -1
0 -3.608077 47.486855 36.208324 0.000000 0.000000 -1
0 -3.608077 47.486855 36.208324 0.500000 0.000000 -1
0 -3.608077 47.486855 35.541656 0.500000 1.000000 -1
0 -2.551295 50.038139 35.541656 0.000000 0.000000 -1
0 -2.551295 50.038139 36.208324 0.000000 0.000000 -1
0 -2.551295 50.038139 35.541656 0.625000 1.000000 -1
0 -2.551295 50.038139 36.208324 0.625000 0.000000 -1
0 -0.000000 51.094910 35.541656 0.000000 0.000000 -1
0 -0.000000 51.094910 36.208324 0.000000 0.000000 -1
0 -0.000000 51.094910 36.208324 0.750000 0.000000 -1
0 -0.000000 51.094910 35.541656 0.750000 1.000000 -1
0 2.551295 50.038139 35.541656 0.000000 0.000000 -1
0 2.551295 50.038139 36.208324 0.000000 0.000000 -1
0 2.551295 50.038139 35.541656 0.875000 1.000000 -1
0 2.551295 50.038139 36.208324 0.875000 0.000000 -1
0 3.608077 47.486855 36.208324 1.000000 0.000000 -1
0 3.608077 47.486855 35.541656 1.000000 1.000000 -1
157
0.279215 0.000001 -0.960229
0.197435 -0.197434 -0.960229
0.000000 0.000001 -1.000000
0.000000 0.000000 1.000000
0.919002 0.000002 -0.394253
0.957342 0.000001 -0.288957
0.649833 -0.649832 -0.394253
0.676944 -0.676942 -0.288957
0.995944 0.000001 -0.089975
0.704239 -0.704238 -0.089976
1.000000 0.000001 0.000000
0.707107 -0.707107 0.000000
0.000000 -0.279214 -0.960229
-0.000000 -0.957342 -0.288957
0.000000 -0.919001 -0.394255
0.000000 -0.995944 -0.089974
0.000000 -1.000000 0.000000
-0.197435 -0.197434 -0.960229
-0.649833 -0.649832 -0.394253
-0.676944 -0.676942 -0.288957
-0.704239 -0.704238 -0.089976
-0.707107 -0.707107 0.000000
-0.279215 0.000001 -0.960229
-0.957342 0.000001 -0.288957
-0.919002 0.000002 -0.394253
-0.995944 0.000001 -0.089975
-1.000000 0.000001 0.000000
-0.197435 0.197436 -0.960228
-0.649832 0.649833 -0.394254
-0.676943 0.676943 -0.288956
-0.704238 0.704239 -0.089975
-0.707106 0.707107 0.000000
0.000000 0.279216 -0.960228
0.000000 0.957342 -0.288957
0.000000 0.919001 -0.394255
0.000000 0.995944 -0.089974
0.000000 1.000000 0.000000
0.197435 0.197436 -0.960228
0.649832 0.649833 -0.394254
0.676943 0.676943 -0.288957
0.704238 0.704239 -0.089975
0.707106 0.707107 0.000000
0.798407 0.000001 -0.602118
0.946804 0.000001 -0.321811
0.564559 -0.564559 -0.602118
0.669492 -0.669491 -0.321811
0.946804 0.000001 0.321811
0.669492 -0.669491 0.321811
0.798407 0.000001 0.602118
0.564559 -0.564559 0.602118
0.000000 -0.946804 -0.321811
0.000000 -0.798407 -0.602118
0.000000 -0.946804 0.321811
-0.000000 -0.798407 0.602118
-0.564559 -0.564559 -0.602118
-0.669492 -0.669491 -0.321811
-0.669492 -0.669491 0.321811
-0.564559 -0.564559 0.602118
-0.946804 0.000001 -0.321811
-0.798407 0.000001 -0.602118
-0.946804 0.000001 0.321811
-0.798407 0.000001 0.602118
-0.564559 0.564559 -0.602118
-0.669491 0.669492 -0.321811
-0.669491 0.669492 0.321811
-0.564558 0.564559 0.602119
0.000000 0.946804 -0.321811
0.000000 0.798407 -0.602119
0.000000 0.946804 0.321811
0.000000 0.798406 0.602119
0.564559 0.564559 -0.602118
0.669491 0.669492 -0.321811
0.669491 0.669492 0.321811
0.564558 0.564559 0.602119
0.000000 0.000000 -1.000000
0.929192 0.000001 0.369597
0.981956 0.000001 0.189110
0.694347 -0.694348 0.189111
0.657038 -0.657038 0.369598
0.678597 0.000001 0.734511
0.479839 -0.479840 0.734512
0.678597 0.000000 0.734511
0.479841 -0.479840 0.734511
0.678601 -0.000000 -0.734507
0.479844 -0.479843 -0.734507
0.678601 0.000000 -0.734507
0.479844 -0.479843 -0.734507
1.000000 0.000001 0.000000
0.707107 -0.707106 0.000000
0.000000 -0.929191 0.369599
0.000000 -0.981956 0.189111
-0.000000 -0.678597 0.734511
0.000000 -0.678596 0.734511
0.000000 -0.678601 -0.734507
0.000000 -0.678601 -0.734507
-0.694347 -0.694348 0.189111
-0.657038 -0.657038 0.369598
-0.479839 -0.479840 0.734512
-0.479841 -0.479840 0.734511
-0.479844 -0.479843 -0.734507
-0.479844 -0.479843 -0.734507
-0.707107 -0.707106 0.000000
-0.929192 0.000001 0.369597
-0.981956 0.000001 0.189110
-0.678597 0.000001 0.734511
-0.678597 0.000000 0.734511
-0.678601 -0.000000 -0.734507
-0.678601 0.000000 -0.734507
-1.000000 0.000001 0.000000
-0.694346 0.694349 0.189110
-0.657037 0.657039 0.369596
-0.479839 0.479841 0.734512
-0.479840 0.479841 0.734511
-0.479843 0.479844 -0.734507
-0.479844 0.479844 -0.734507
-0.707107 0.707107 0.000000
0.000000 0.929192 0.369597
-0.000000 0.981956 0.189110
0.000000 0.678597 0.734511
0.000000 0.678597 0.734511
-0.000000 0.678602 -0.734506
0.000000 0.678601 -0.734507
0.694346 0.694349 0.189110
0.657037 0.657039 0.369596
0.479839 0.479841 0.734512
0.479840 0.479841 0.734511
0.479843 0.479844 -0.734507
0.479844 0.479844 -0.734507
0.707107 0.707107 0.000000
0.866024 0.500003 0.000000
0.866029 -0.499993 0.000000
-0.499997 -0.866027 0.000000
-0.500001 0.866025 0.000000
0.383881 0.000001 -0.923382
0.271444 -0.271445 -0.923383
0.000000 0.000001 -1.000000
-0.383882 -0.000001 0.923382
0.000000 -0.000001 1.000000
-0.271445 0.271445 0.923382
1.000000 0.000002 0.000000
0.707106 -0.707107 0.000000
0.000000 -0.383881 -0.923382
0.000000 0.383882 0.923382
-0.271444 -0.271445 -0.923383
0.271445 0.271445 0.923382
-0.707106 -0.707107 0.000000
-0.383881 0.000001 -0.923382
0.383882 -0.000001 0.923382
-1.000000 0.000002 0.000000
-0.271445 0.271447 -0.923382
0.271445 -0.271447 0.923382
-0.707105 0.707109 0.000000
0.000000 0.383883 -0.923382
0.000000 -0.383884 0.923381
0.271445 0.271447 -0.923382
-0.271445 -0.271447 0.923382
0.707105 0.707109 0.000000
268
0 0 1 2 0 1 2 2
0 3 4 5 3 3 3 2
0 6 7 8 4 5 6 1
0 7 9 8 5 7 6 1
0 7 10 11 5 8 9 1
0 7 11 9 5 9 7 1
0 10 3 11 8 10 9 1
0 3 12 11 10 11 9 1
0 1 13 2 1 12 2 2
0 5 4 14 3 3 3 2
0 8 9 15 6 7 13 1
0 8 15 16 6 13 14 1
0 9 11 15 7 9 13 1
0 11 17 15 9 15 13 1
0 11 12 18 9 11 16 1
0 11 18 17 9 16 15 1
0 13 19 2 12 17 2 2
0 14 4 20 3 3 3 2
0 16 15 21 14 13 18 1
0 15 22 21 13 19 18 1
0 15 17 23 13 15 20 1
0 15 23 22 13 20 19 1
0 17 18 23 15 16 20 1
0 18 24 23 16 21 20 1
0 19 25 2 17 22 2 2
0 20 4 26 3 3 3 2
0 21 22 27 18 19 23 1
0 21 27 28 18 23 24 1
0 22 23 27 19 20 23 1
0 23 29 27 20 25 23 1
0 23 24 30 20 21 26 1
0 23 30 29 20 26 25 1
0 25 31 2 22 27 2 2
0 26 4 32 3 3 3 2
0 28 27 33 24 23 28 1
0 27 34 33 23 29 28 1
0 27 29 35 23 25 30 1
0 27 35 34 23 30 29 1
0 29 30 35 25 26 30 1
0 30 36 35 26 31 30 1
0 31 37 2 27 32 2 2
0 32 4 38 3 3 3 2
0 33 34 39 28 29 33 1
0 33 39 40 28 33 34 1
0 34 35 39 29 30 33 1
0 35 41 39 30 35 33 1
0 35 36 42 30 31 36 1
0 35 42 41 30 36 35 1
0 37 43 2 32 37 2 2
0 38 4 44 3 3 3 2
0 40 39 45 34 33 38 1
0 39 46 45 33 39 38 1
0 39 41 47 33 35 40 1
0 39 47 46 33 40 39 1
0 41 42 47 35 36 40 1
0 42 48 47 36 41 40 1
0 43 0 2 37 0 2 2
0 44 4 3 3 3 3 2
0 45 46 49 38 39 5 1
0 45 49 50 38 5 4 1
0 46 47 49 39 40 5 1
0 47 51 49 40 8 5 1
0 47 48 52 40 41 10 1
0 47 52 51 40 10 8 1
0 53 54 55 42 43 44 1
0 54 56 55 43 45 44 1
0 54 57 58 43 46 47 1
0 54 58 56 43 47 45 1
0 57 59 58 46 48 47 1
0 59 60 58 48 49 47 1
0 55 56 61 44 45 50 1
0 55 61 62 44 50 51 1
0 56 58 61 45 47 50 1
0 58 63 61 47 52 50 1
0 58 60 64 47 49 53 1
0 58 64 63 47 53 52 1
0 62 61 65 51 50 54 1
0 61 66 65 50 55 54 1
0 61 63 67 50 52 56 1
0 61 67 66 50 56 55 1
0 63 64 67 52 53 56 1
0 64 68 67 53 57 56 1
0 65 66 69 54 55 58 1
0 65 69 70 54 58 59 1
0 66 67 69 55 56 58 1
0 67 71 69 56 60 58 1
0 67 68 72 56 57 61 1
0 67 72 71 56 61 60 1
0 70 69 73 59 58 62 1
0 69 74 73 58 63 62 1
0 69 71 75 58 60 64 1
0 69 75 74 58 64 63 1
0 71 72 75 60 61 64 1
0 72 76 75 61 65 64 1
0 73 74 77 62 63 66 1
0 73 77 78 62 66 67 1
0 74 75 77 63 64 66 1
0 75 79 77 64 68 66 1
0 75 76 80 64 65 69 1
0 75 80 79 64 69 68 1
0 78 77 81 67 66 70 1
0 77 82 81 66 71 70 1
0 77 79 83 66 68 72 1
0 77 83 82 66 72 71 1
0 79 80 83 68 69 72 1
0 80 84 83 69 73 72 1
0 81 82 85 70 71 43 1
0 81 85 86 70 43 42 1
0 82 83 85 71 72 43 1
0 83 87 85 72 46 43 1
0 83 84 88 72 73 48 1
0 83 88 87 72 48 46 1
0 89 90 91 74 74 74 2
0 92 93 94 3 3 3 2
0 95 96 97 75 76 77 1
0 95 97 98 75 77 78 1
0 96 99 97 76 79 77 1
0 99 100 97 79 80 77 1
0 99 101 102 79 81 82 1
0 99 102 100 79 82 80 1
0 101 103 102 81 83 82 1
0 103 104 102 83 84 82 1
0 103 105 106 83 85 86 1
0 103 106 104 83 86 84 1
0 105 92 106 85 87 86 1
0 92 107 106 87 88 86 1
0 90 108 91 74 74 74 2
0 94 93 109 3 3 3 2
0 98 97 110 78 77 89 1
0 97 111 110 77 90 89 1
0 97 100 112 77 80 91 1
0 97 112 111 77 91 90 1
0 100 102 112 80 82 91 1
0 102 113 112 82 92 91 1
0 102 104 114 82 84 93 1
0 102 114 113 82 93 92 1
0 104 106 114 84 86 93 1
0 106 115 114 86 94 93 1
0 106 107 116 86 88 16 1
0 106 116 115 86 16 94 1
0 108 117 91 74 74 74 2
0 109 93 118 3 3 3 2
0 110 111 119 89 90 95 1
0 110 119 120 89 95 96 1
0 111 112 119 90 91 95 1
0 112 121 119 91 97 95 1
0 112 113 122 91 92 98 1
0 112 122 121 91 98 97 1
0 113 114 122 92 93 98 1
0 114 123 122 93 99 98 1
0 114 115 124 93 94 100 1
0 114 124 123 93 100 99 1
0 115 116 124 94 16 100 1
0 116 125 124 16 101 100 1
0 117 126 91 74 74 74 2
0 118 93 127 3 3 3 2
0 120 119 128 96 95 102 1
0 119 129 128 95 103 102 1
0 119 121 130 95 97 104 1
0 119 130 129 95 104 103 1
0 121 122 130 97 98 104 1
0 122 131 130 98 105 104 1
0 122 123 132 98 99 106 1
0 122 132 131 98 106 105 1
0 123 124 132 99 100 106 1
0 124 133 132 100 107 106 1
0 124 125 134 100 101 108 1
0 124 134 133 100 108 107 1
0 126 135 91 74 74 74 2
0 127 93 136 3 3 3 2
0 128 129 137 102 103 109 1
0 128 137 138 102 109 110 1
0 129 130 137 103 104 109 1
0 130 139 137 104 111 109 1
0 130 131 140 104 105 112 1
0 130 140 139 104 112 111 1
0 131 132 140 105 106 112 1
0 132 141 140 106 113 112 1
0 132 133 142 106 107 114 1
0 132 142 141 106 114 113 1
0 133 134 142 107 108 114 1
0 134 143 142 108 115 114 1
0 135 144 91 74 74 74 2
0 136 93 145 3 3 3 2
0 138 137 146 110 109 116 1
0 137 147 146 109 117 116 1
0 137 139 148 109 111 118 1
0 137 148 147 109 118 117 1
0 139 140 148 111 112 118 1
0 140 149 148 112 119 118 1
0 140 141 150 112 113 120 1
0 140 150 149 112 120 119 1
0 141 142 150 113 114 120 1
0 142 151 150 114 121 120 1
0 142 143 152 114 115 36 1
0 142 152 151 114 36 121 1
0 144 153 91 74 74 74 2
0 145 93 154 3 3 3 2
0 146 147 155 116 117 122 1
0 146 155 156 116 122 123 1
0 147 148 155 117 118 122 1
0 148 157 155 118 124 122 1
0 148 149 158 118 119 125 1
0 148 158 157 118 125 124 1
0 149 150 158 119 120 125 1
0 150 159 158 120 126 125 1
0 150 151 160 120 121 127 1
0 150 160 159 120 127 126 1
0 151 152 160 121 36 127 1
0 152 161 160 36 128 127 1
0 153 89 91 74 74 74 2
0 154 93 92 3 3 3 2
0 156 155 162 123 122 75 1
0 155 163 162 122 76 75 1
0 155 157 164 122 124 79 1
0 155 164 163 122 79 76 1
0 157 158 164 124 125 79 1
0 158 165 164 125 81 79 1
0 158 159 166 125 126 83 1
0 158 166 165 125 83 81 1
0 159 160 166 126 127 83 1
0 160 167 166 127 85 83 1
0 160 161 168 127 128 87 1
0 160 168 167 127 87 85 1
0 169 170 171 74 74 74 2
0 172 173 174 3 3 3 2
0 175 172 176 129 130 131 1
0 172 177 176 130 131 131 1
0 170 178 171 74 74 74 2
0 174 173 179 3 3 3 2
0 176 177 180 131 131 132 1
0 176 180 181 131 132 132 1
0 178 169 171 74 74 74 2
0 179 173 172 3 3 3 2
0 181 180 182 132 132 129 1
0 180 183 182 132 130 129 1
0 184 185 186 133 134 135 2
0 187 188 189 136 137 138 2
0 190 187 191 139 139 140 1
0 187 192 191 139 140 140 1
0 185 193 186 134 141 135 2
0 189 188 194 138 137 142 2
0 191 192 195 140 140 16 1
0 191 195 196 140 16 16 1
0 193 197 186 141 143 135 2
0 194 188 198 142 137 144 2
0 196 195 199 16 16 145 1
0 195 200 199 16 145 145 1
0 197 201 186 143 146 135 2
0 198 188 202 144 137 147 2
0 199 200 203 145 145 148 1
0 199 203 204 145 148 148 1
0 201 205 186 146 149 135 2
0 202 188 206 147 137 150 2
0 204 203 207 148 148 151 1
0 203 208 207 148 151 151 1
0 205 209 186 149 152 135 2
0 206 188 210 150 137 153 2
0 207 208 211 151 151 36 1
0 207 211 212 151 36 36 1
0 209 213 186 152 154 135 2
0 210 188 214 153 137 155 2
0 212 211 215 36 36 156 1
0 211 216 215 36 156 156 1
0 213 184 186 154 133 135 2
0 214 188 187 155 137 136 2
0 215 216 217 156 156 139 1
0 215 217 218 156 139 139 1

Materials: 2
"silver"
0.800000 0.800000 0.800000 1.000000
0.800000 0.800000 0.800000 1.000000
1.000000 1.000000 1.000000 1.000000
0.000000 0.000000 0.000000 1.000000
128.000000
1.000000
".\whitespace.jpg"
""
"red"
0.800000 0.800000 0.800000 1.000000
0.800000 0.800000 0.800000 1.000000
1.000000 1.000000 1.000000 1.000000
1.000000 0.000000 0.000000 1.000000
128.000000
0.970000
".\redspace.jpg"
""

Bones: 0
