// MilkShape 3D ASCII

Frames: 30
Frame: 1

Meshes: 11
"turretHead" 0 0
44
0 -2.000000 11.000000 3.923077 0.365156 0.016685 -1
0 -2.000000 9.000000 3.923077 0.365156 0.090842 -1
0 -1.000000 9.000000 5.000000 0.398389 0.090842 -1
0 5.000000 9.000000 5.000000 0.597787 0.090842 -1
0 6.000000 9.000000 3.923077 0.631020 0.090842 -1
0 6.000000 11.000000 3.923077 0.631020 0.016685 -1
0 -3.000000 6.000000 3.500000 0.331923 0.202076 -1
0 -3.000000 9.000000 3.500000 0.331923 0.090842 -1
0 7.000000 6.000000 3.500000 0.664253 0.202076 -1
0 7.000000 9.000000 3.500000 0.664253 0.090842 -1
0 -2.000000 6.000000 3.923077 0.365156 0.202076 -1
0 6.000000 6.000000 3.923077 0.631020 0.202076 -1
0 -1.000000 8.000000 5.000000 0.398389 0.127920 -1
0 5.000000 8.000000 5.000000 0.597787 0.127920 -1
0 0.000000 7.000000 7.000000 0.431622 0.164998 -1
0 4.000000 7.000000 7.000000 0.564554 0.164998 -1
0 0.000000 6.000000 7.000000 0.431622 0.202076 -1
0 4.000000 6.000000 7.000000 0.564554 0.202076 -1
0 1.000000 7.000000 7.000000 0.464855 0.164998 -1
0 3.000000 7.000000 7.000000 0.531321 0.164998 -1
0 1.000000 6.000000 7.000000 0.464855 0.202076 -1
0 3.000000 6.000000 7.000000 0.531321 0.202076 -1
0 -2.000000 4.000000 3.923077 0.365156 0.276233 -1
0 6.000000 4.000000 3.923077 0.631020 0.276233 -1
0 -1.000000 4.000000 3.923077 0.398389 0.276233 -1
0 5.000000 4.000000 3.923077 0.597787 0.276233 -1
0 -1.000000 3.000000 3.692308 0.398389 0.313311 -1
0 5.000000 3.000000 3.692308 0.597787 0.313311 -1
0 -2.000000 11.000000 1.000000 0.365156 0.016685 -1
0 -2.000000 9.000000 1.000000 0.365156 0.090842 -1
0 6.000000 9.000000 1.000000 0.631020 0.090842 -1
0 6.000000 11.000000 1.000000 0.631020 0.016685 -1
0 -3.000000 9.000000 1.461539 0.331923 0.090842 -1
0 -3.000000 6.000000 1.461539 0.331923 0.202076 -1
0 7.000000 6.000000 1.461538 0.664253 0.202076 -1
0 7.000000 9.000000 1.461538 0.664253 0.090842 -1
0 -2.000000 6.000000 1.000000 0.365156 0.202076 -1
0 6.000000 6.000000 1.000000 0.631020 0.202076 -1
0 -2.000000 4.000000 1.000000 0.365156 0.276233 -1
0 6.000000 4.000000 1.000000 0.631020 0.276233 -1
0 -1.000000 4.000000 1.000000 0.398389 0.276233 -1
0 5.000000 4.000000 1.000000 0.597787 0.276233 -1
0 -1.000000 3.000000 1.307693 0.398389 0.313311 -1
0 5.000000 3.000000 1.307693 0.597787 0.313311 -1
33
-0.409757 0.265103 0.872823
-0.608493 0.000000 0.793560
-0.327416 0.211830 0.920830
0.324789 0.105066 0.939932
0.608493 0.000000 0.793560
0.269445 0.348648 0.897688
-0.389640 0.000000 0.920967
0.389640 0.000000 0.920967
-0.752159 0.031870 0.658211
0.752159 0.031870 0.658211
-0.410859 0.344755 0.844002
0.415313 0.508873 0.754031
-0.529437 0.328843 0.782022
0.529437 0.328843 0.782022
-0.348928 -0.348928 0.869769
0.348928 -0.348928 0.869769
0.000000 0.448880 0.893592
0.000000 0.417408 0.908719
0.000000 -0.476976 0.878916
0.000000 -0.476976 0.878916
-0.520579 -0.520579 0.676753
0.520579 -0.520579 0.676753
0.000000 -0.750178 0.661236
0.000000 -0.637464 0.770480
0.000000 -0.224859 0.974391
-0.447214 0.894427 0.000000
-0.894427 0.447214 0.000000
0.447214 0.894427 0.000000
0.894427 0.447214 0.000000
-0.894427 -0.447214 0.000000
0.447214 -0.894427 0.000000
-0.447214 -0.894427 0.000000
0.894427 -0.447214 0.000000
102
0 0 1 2 0 1 2 1
0 3 4 5 3 4 5 1
0 2 5 0 2 5 0 1
0 3 5 2 3 5 2 1
0 6 1 7 6 1 6 1
0 4 8 9 4 7 7 1
0 6 10 1 6 8 1 1
0 4 11 8 4 9 7 1
0 10 12 1 8 10 1 1
0 13 11 4 11 9 4 1
0 1 12 2 1 10 2 1
0 3 13 4 3 11 4 1
0 12 3 2 10 3 2 1
0 12 13 3 10 11 3 1
0 10 14 12 8 12 10 1
0 15 11 13 13 9 11 1
0 10 16 14 8 14 12 1
0 15 17 11 13 15 9 1
0 16 18 14 14 16 12 1
0 19 17 15 17 15 13 1
0 16 20 18 14 18 16 1
0 21 17 19 19 15 17 1
0 18 21 19 16 19 17 1
0 18 20 21 16 18 19 1
0 14 18 12 12 16 10 1
0 19 15 13 17 13 11 1
0 18 13 12 16 11 10 1
0 18 19 13 16 17 11 1
0 22 16 10 20 14 8 1
0 23 11 17 21 9 15 1
0 22 24 16 20 22 14 1
0 25 23 17 23 21 15 1
0 24 20 16 22 18 14 1
0 17 21 25 15 19 23 1
0 26 25 24 24 23 22 1
0 26 27 25 24 24 23 1
0 24 21 20 22 19 18 1
0 25 21 24 23 19 22 1
0 28 28 29 25 25 26 2
0 28 29 29 25 26 26 2
0 30 30 31 27 27 28 2
0 30 31 31 27 28 28 2
0 31 31 28 28 28 25 2
0 31 28 28 28 25 25 2
0 29 29 32 26 26 25 2
0 29 32 32 26 25 25 2
0 32 32 33 25 25 29 2
0 32 33 33 25 29 29 2
0 34 34 35 30 30 28 2
0 34 35 35 30 28 28 2
0 35 35 30 28 28 27 2
0 35 30 30 28 27 27 2
0 33 33 36 29 29 31 2
0 33 36 36 29 31 31 2
0 37 37 34 32 32 30 2
0 37 34 34 32 30 30 2
0 36 36 38 31 31 29 2
0 36 38 38 31 29 29 2
0 39 39 37 30 30 32 2
0 39 37 37 30 32 32 2
0 38 38 40 29 29 31 2
0 38 40 40 29 31 31 2
0 41 41 39 32 32 30 2
0 41 39 39 32 30 30 2
0 40 40 42 31 31 29 2
0 40 42 42 31 29 29 2
0 42 42 43 29 29 30 2
0 42 43 43 29 30 30 2
0 43 43 41 30 30 32 2
0 43 41 41 30 32 32 2
0 0 28 29 26 25 26 2
0 0 29 1 26 26 25 2
0 4 30 31 28 27 28 2
0 4 31 5 28 28 27 2
0 5 31 28 27 28 25 2
0 5 28 0 27 25 26 2
0 1 29 32 25 26 25 2
0 1 32 7 25 25 26 2
0 7 32 33 26 25 29 2
0 7 33 6 26 29 31 2
0 8 34 35 32 30 28 2
0 8 35 9 32 28 27 2
0 9 35 30 27 28 27 2
0 9 30 4 27 27 28 2
0 6 33 36 31 29 31 2
0 6 36 10 31 31 29 2
0 11 37 34 30 32 30 2
0 11 34 8 30 30 32 2
0 10 36 38 29 31 29 2
0 10 38 22 29 29 31 2
0 23 39 37 32 30 32 2
0 23 37 11 32 32 30 2
0 22 38 40 31 29 31 2
0 22 40 24 31 31 29 2
0 25 41 39 30 32 30 2
0 25 39 23 30 30 32 2
0 24 40 42 29 31 29 2
0 24 42 26 29 29 31 2
0 26 42 43 31 29 30 2
0 26 43 27 31 30 32 2
0 27 43 41 32 30 32 2
0 27 41 25 32 32 30 2
"turretBody" 0 0
24
0 -6.000000 -4.282908 2.428042 0.868385 0.563167 -1
0 -4.000000 -4.444917 2.873158 0.777380 0.563167 -1
0 -6.000000 2.294943 4.822183 0.868385 0.269362 -1
0 8.000000 -4.444917 2.873158 0.231347 0.563167 -1
0 10.000000 -4.282907 2.428041 0.140342 0.563167 -1
0 10.000000 2.294943 4.822183 0.140342 0.269362 -1
0 -1.000000 -4.031408 4.660860 0.640871 0.521195 -1
0 1.000000 -2.152022 5.344900 0.549866 0.437251 -1
0 2.000000 -1.212330 5.686922 0.504363 0.395278 -1
0 5.000000 -4.031408 4.660860 0.367855 0.521195 -1
0 3.000000 -2.152022 5.344900 0.458861 0.437251 -1
0 -4.000000 -9.819983 0.098197 0.777380 0.815000 -1
0 0.000000 -4.444917 2.873158 0.595369 0.563167 -1
0 8.000000 -9.819983 0.098197 0.231347 0.815000 -1
0 4.000000 -4.444917 2.873158 0.413358 0.563167 -1
0 2.000000 -1.836311 4.477493 0.504363 0.437251 -1
0 -6.000000 -2.860823 -1.479102 0.868385 0.563167 -1
0 -4.000000 -2.734815 -1.825305 0.777380 0.563167 -1
0 -6.000000 3.717029 0.915040 0.868385 0.269362 -1
0 8.000000 -2.734815 -1.825305 0.231347 0.563167 -1
0 10.000000 -2.878824 -1.429645 0.140342 0.563167 -1
0 10.000000 3.699027 0.964497 0.140342 0.269362 -1
0 -4.000000 -8.872850 -2.504030 0.777380 0.815000 -1
0 8.000000 -8.872850 -2.504030 0.231347 0.815000 -1
30
-0.230466 -0.332813 0.914397
-0.184670 -0.589075 0.786694
-0.212098 -0.163833 0.963418
0.184670 -0.589075 0.786694
0.230466 -0.332813 0.914396
0.212098 -0.163833 0.963418
-0.028457 -0.668753 0.742940
0.307708 -0.584554 0.750741
0.000000 -0.391359 0.920238
0.028457 -0.668753 0.742940
-0.307708 -0.584554 0.750741
0.000000 -0.458739 0.888571
0.201691 -0.702552 0.682452
0.000000 -0.458739 0.888571
-0.172088 -0.671106 0.721112
0.000000 -0.812067 0.583565
-0.447214 -0.840487 -0.305912
-0.894427 -0.420243 -0.152956
-0.894427 -0.420243 -0.152956
-0.894427 0.420243 0.152956
-0.447214 0.840487 0.305912
0.447214 -0.840487 -0.305912
0.894427 -0.420243 -0.152956
0.894427 -0.420243 -0.152956
0.894427 0.420243 0.152956
0.447214 0.840487 0.305912
-0.894427 -0.420243 -0.152956
-0.447214 -0.840487 -0.305912
0.894427 -0.420243 -0.152956
0.447214 -0.840487 -0.305912
38
0 0 1 2 0 1 2 1
0 3 4 5 3 4 5 1
0 1 6 2 1 6 2 1
0 6 7 2 6 7 2 1
0 7 8 2 7 8 2 1
0 3 5 9 3 5 9 1
0 9 5 10 9 5 10 1
0 10 5 8 10 5 8 1
0 8 5 2 8 5 2 1
0 1 11 12 1 11 12 1
0 13 3 14 13 3 14 1
0 11 14 12 11 14 12 1
0 11 13 14 11 13 14 1
0 1 12 6 1 12 6 1
0 14 3 9 14 3 9 1
0 12 7 6 12 7 6 1
0 14 9 10 14 9 10 1
0 12 15 7 12 15 7 1
0 15 8 7 15 8 7 1
0 15 10 8 15 10 8 1
0 14 10 15 14 10 15 1
0 12 14 15 12 14 15 1
0 0 16 17 16 17 16 2
0 0 17 1 16 16 18 2
0 2 18 16 19 20 17 2
0 2 16 0 19 17 16 2
0 3 19 20 21 22 21 2
0 3 20 4 21 21 23 2
0 4 20 21 23 21 24 2
0 4 21 5 23 24 25 2
0 5 21 18 25 24 20 2
0 5 18 2 25 20 19 2
0 1 17 22 18 16 26 2
0 1 22 11 18 26 27 2
0 13 23 19 28 29 22 2
0 13 19 3 28 22 21 2
0 11 22 23 27 26 29 2
0 11 23 13 27 29 28 2
"turretleftArm" 0 0
52
0 10.000000 2.038452 3.423096 0.794036 0.545933 -1
0 13.000000 1.038452 3.423096 0.813780 0.550635 -1
0 13.000000 2.038452 3.423096 0.813780 0.545933 -1
0 10.000000 -1.961548 3.423096 0.794036 0.564739 -1
0 11.000000 -1.961548 3.423096 0.800617 0.564739 -1
0 15.000000 0.038452 3.423096 0.826942 0.555336 -1
0 15.000000 -1.961548 3.423096 0.826942 0.564739 -1
0 15.000000 -4.961548 3.423096 0.826942 0.578843 -1
0 16.000000 -1.961548 3.423096 0.833523 0.564739 -1
0 16.000000 -4.961548 3.423096 0.833523 0.578843 -1
0 11.000000 -4.961548 3.423096 0.800617 0.578843 -1
0 10.000000 -6.961548 3.423096 0.794036 0.588247 -1
0 10.000000 -4.961548 3.423096 0.794036 0.578843 -1
0 15.000000 -6.961548 3.423096 0.826942 0.588247 -1
0 8.000000 -8.961548 3.423096 0.780873 0.597649 -1
0 9.000000 -7.961548 3.423096 0.787455 0.592948 -1
0 8.000000 -7.961548 3.423096 0.780873 0.592948 -1
0 13.000000 -8.961548 3.423096 0.813780 0.597649 -1
0 13.000000 -7.961548 3.423096 0.813780 0.592948 -1
0 13.000000 1.038452 3.423096 0.813780 0.550635 -1
0 13.000000 1.038462 1.423077 0.813780 0.550635 -1
0 13.000000 2.038461 1.423077 0.813780 0.545933 -1
0 10.000000 2.038461 1.423077 0.794036 0.545933 -1
0 10.000000 -1.961538 1.423077 0.794036 0.564739 -1
0 10.000000 -1.961548 3.423096 0.794036 0.564739 -1
0 11.000000 -1.961538 1.423077 0.800617 0.564739 -1
0 11.000000 -1.961548 3.423096 0.800617 0.564739 -1
0 15.000000 0.038462 1.423077 0.826942 0.555336 -1
0 15.000000 -1.961548 3.423096 0.826942 0.564739 -1
0 15.000000 -1.961538 1.423077 0.826942 0.564739 -1
0 16.000000 -1.961548 3.423096 0.833523 0.564739 -1
0 16.000000 -1.961538 1.423077 0.833523 0.564739 -1
0 15.000000 -4.961548 3.423096 0.826942 0.578843 -1
0 15.000000 -4.961538 1.423077 0.826942 0.578843 -1
0 16.000000 -4.961538 1.423077 0.833523 0.578843 -1
0 16.000000 -4.961548 3.423096 0.833523 0.578843 -1
0 11.000000 -4.961538 1.423077 0.800617 0.578843 -1
0 11.000000 -4.961548 3.423096 0.800617 0.578843 -1
0 10.000000 -4.961538 1.423077 0.794036 0.578843 -1
0 10.000000 -4.961548 3.423096 0.794036 0.578843 -1
0 10.000000 -6.961538 1.423077 0.794036 0.588247 -1
0 10.000000 -6.961548 3.423096 0.794036 0.588247 -1
0 15.000000 -6.961548 3.423096 0.826942 0.588247 -1
0 15.000000 -6.961538 1.423077 0.826942 0.588247 -1
0 9.000000 -7.961548 3.423096 0.787455 0.592948 -1
0 9.000000 -7.961538 1.423077 0.787455 0.592948 -1
0 8.000000 -7.961538 1.423077 0.780873 0.592948 -1
0 8.000000 -7.961548 3.423096 0.780873 0.592948 -1
0 8.000000 -8.961538 1.423077 0.780873 0.597649 -1
0 13.000000 -8.961538 1.423077 0.813780 0.597649 -1
0 13.000000 -7.961538 1.423077 0.813780 0.592948 -1
0 13.000000 -7.961548 3.423096 0.813780 0.592948 -1
38
0.000000 0.000000 1.000000
0.876869 0.320485 0.358315
0.727076 0.686557 0.000003
0.894427 0.447214 0.000002
0.447214 0.894427 0.000004
-0.447214 0.894427 0.000004
-0.894427 0.447214 0.000002
-0.894427 -0.447214 -0.000002
-0.408248 -0.816495 -0.408251
-0.447214 -0.894427 -0.000004
-0.666666 -0.333333 -0.666668
0.678798 0.640970 0.358316
0.939234 0.343279 0.000002
0.666666 0.333333 0.666668
0.447214 0.894427 0.000004
0.408248 0.816495 0.408251
0.894427 0.447214 0.000002
0.408249 -0.816498 0.408245
0.894427 -0.447214 -0.000002
0.447214 -0.894427 -0.000004
0.666667 -0.333334 0.666666
-0.894427 0.447214 0.000002
-0.408249 0.816498 -0.408245
-0.447214 0.894427 0.000004
-0.666667 0.333334 -0.666666
-0.967538 0.252725 0.000001
-0.812521 0.475964 -0.336555
0.745049 -0.272306 0.608894
0.727076 -0.686557 -0.000003
-0.172371 0.659910 -0.731305
-0.505449 0.862856 0.000004
-0.894427 -0.447214 -0.000002
-0.447214 -0.894427 -0.000004
0.447214 -0.894427 -0.000004
0.894427 -0.447214 -0.000002
0.939234 -0.343279 -0.000002
0.678800 -0.640971 0.358311
0.000000 0.000000 -1.000000
110
0 0 1 2 0 0 0 1
0 3 1 0 0 0 0 1
0 3 4 1 0 0 0 1
0 4 5 1 0 0 0 1
0 4 6 5 0 0 0 1
0 7 8 6 0 0 0 1
0 7 9 8 0 0 0 1
0 10 6 4 0 0 0 1
0 10 7 6 0 0 0 1
0 11 10 12 0 0 0 1
0 11 7 10 0 0 0 1
0 11 13 7 0 0 0 1
0 14 15 16 0 0 0 1
0 14 17 15 0 0 0 1
0 17 18 15 0 0 0 1
0 15 13 11 0 0 0 1
0 18 13 15 0 0 0 1
0 19 20 21 1 2 3 2
0 19 21 2 1 3 4 2
0 2 21 22 4 3 5 2
0 2 22 0 4 5 6 2
0 0 22 23 6 5 7 2
0 0 23 24 6 7 8 2
0 24 23 25 8 7 9 2
0 24 25 26 8 9 10 2
0 5 27 20 11 12 2 2
0 5 20 19 11 2 1 2
0 28 29 27 13 14 12 2
0 28 27 5 13 12 11 2
0 30 31 29 15 16 14 2
0 30 29 28 15 14 13 2
0 32 33 34 17 18 19 2
0 32 34 35 17 19 20 2
0 35 34 31 20 19 16 2
0 35 31 30 20 16 15 2
0 26 25 36 10 9 21 2
0 26 36 37 10 21 22 2
0 37 36 38 22 21 23 2
0 37 38 39 22 23 24 2
0 39 38 40 24 23 25 2
0 39 40 41 24 25 26 2
0 42 43 33 27 28 18 2
0 42 33 32 27 18 17 2
0 44 45 46 29 30 23 2
0 44 46 47 29 23 24 2
0 47 46 48 24 23 31 2
0 47 48 14 24 31 32 2
0 14 48 49 32 31 33 2
0 14 49 17 32 33 34 2
0 17 49 50 34 33 35 2
0 17 50 51 34 35 36 2
0 41 40 45 26 25 30 2
0 41 45 44 26 30 29 2
0 51 50 43 36 35 28 2
0 51 43 42 36 28 27 2
0 1 19 2 0 1 4 2
0 1 2 2 0 4 4 2
0 2 2 0 4 4 6 2
0 2 0 0 4 6 6 2
0 0 0 24 6 6 8 2
0 0 24 3 6 8 37 2
0 3 24 26 37 8 10 2
0 3 26 4 37 10 37 2
0 5 5 19 11 11 1 2
0 5 19 1 11 1 0 2
0 6 28 5 0 13 11 2
0 6 5 5 0 11 11 2
0 8 30 28 0 15 13 2
0 8 28 6 0 13 0 2
0 7 32 35 0 17 20 2
0 7 35 9 0 20 0 2
0 9 35 30 0 20 15 2
0 9 30 8 0 15 0 2
0 4 26 37 37 10 22 2
0 4 37 10 37 22 37 2
0 10 37 39 37 22 24 2
0 10 39 12 37 24 37 2
0 12 39 41 37 24 26 2
0 12 41 11 37 26 37 2
0 13 42 32 0 27 17 2
0 13 32 7 0 17 0 2
0 15 44 47 37 29 24 2
0 15 47 16 37 24 37 2
0 16 47 14 37 24 32 2
0 16 14 14 37 32 32 2
0 14 14 17 32 32 34 2
0 14 17 17 32 34 34 2
0 17 17 51 34 34 36 2
0 17 51 18 34 36 0 2
0 11 41 44 37 26 29 2
0 11 44 15 37 29 37 2
0 18 51 42 0 36 27 2
0 18 42 13 0 27 0 2
0 20 22 21 37 37 37 1
0 20 23 22 37 37 37 1
0 20 25 23 37 37 37 1
0 27 25 20 37 37 37 1
0 29 25 27 37 37 37 1
0 34 33 31 37 37 37 1
0 33 29 31 37 37 37 1
0 33 36 29 37 37 37 1
0 36 25 29 37 37 37 1
0 43 40 33 37 37 37 1
0 40 36 33 37 37 37 1
0 40 38 36 37 37 37 1
0 43 45 40 37 37 37 1
0 43 50 45 37 37 37 1
0 49 45 50 37 37 37 1
0 49 48 45 37 37 37 1
0 48 46 45 37 37 37 1
"gunrightArm" 0 0
37
0 -8.999996 -0.049442 1.490990 0.000000 0.000000 -1
0 -8.999996 0.950559 1.490990 0.000000 0.000000 -1
0 -6.000000 -0.049442 1.490990 0.000000 0.000000 -1
0 -6.000000 3.950559 1.490991 0.000000 0.000000 -1
0 -7.000000 3.950559 1.490991 0.000000 0.000000 -1
0 -10.999996 1.950559 1.490991 0.000000 0.000000 -1
0 -10.999996 3.950559 1.490991 0.000000 0.000000 -1
0 -11.999996 3.950559 1.490991 0.000000 0.000000 -1
0 -10.999996 6.950560 1.490991 0.000000 0.000000 -1
0 -11.999996 6.950560 1.490991 0.000000 0.000000 -1
0 -8.166667 8.200560 1.490991 0.000000 0.000000 -1
0 -7.000000 9.533896 1.490990 0.000000 0.000000 -1
0 -10.999996 8.950563 1.490990 0.000000 0.000000 -1
0 -4.000000 9.950565 1.490991 0.000000 0.000000 -1
0 -5.000000 9.950565 1.490991 0.000000 0.000000 -1
0 -4.000000 10.950567 1.490988 0.000000 0.000000 -1
0 -8.999996 10.950567 1.490988 0.000000 0.000000 -1
0 -8.999996 9.950565 1.490991 0.000000 0.000000 -1
0 -8.999996 -0.049451 3.491010 0.000000 0.000000 -1
0 -8.999996 0.950549 3.491009 0.000000 0.000000 -1
0 -8.999996 0.950558 1.490991 0.000000 0.000000 -1
0 -6.000000 -0.049451 3.491010 0.000000 0.000000 -1
0 -6.000000 3.950550 3.491010 0.000000 0.000000 -1
0 -7.000000 3.950550 3.491010 0.000000 0.000000 -1
0 -10.999996 1.950549 3.491010 0.000000 0.000000 -1
0 -10.999996 3.950550 3.491010 0.000000 0.000000 -1
0 -11.999996 3.950550 3.491010 0.000000 0.000000 -1
0 -11.999996 6.950550 3.491010 0.000000 0.000000 -1
0 -10.999996 6.950550 3.491010 0.000000 0.000000 -1
0 -8.166667 8.200550 3.491010 0.000000 0.000000 -1
0 -10.999996 8.950553 3.491011 0.000000 0.000000 -1
0 -4.000000 9.950560 3.491009 0.000000 0.000000 -1
0 -5.000000 9.950560 3.491009 0.000000 0.000000 -1
0 -4.000000 10.950554 3.491008 0.000000 0.000000 -1
0 -8.999996 10.950554 3.491008 0.000000 0.000000 -1
0 -8.999996 9.950560 3.491009 0.000000 0.000000 -1
0 -7.000000 9.533886 3.491011 0.000000 0.000000 -1
62
0.000000 0.000000 -1.000000
-0.000000 0.000000 -1.000000
0.000000 0.000000 -1.000000
0.000000 0.000000 -1.000000
-0.000000 0.000000 -1.000000
-0.000000 -0.000000 -1.000000
-0.000000 0.000000 -1.000000
0.000000 0.000000 -1.000000
0.000000 -0.000000 -1.000000
0.000000 -0.000000 -1.000000
-0.000000 0.000003 -1.000000
-0.000001 0.000004 -1.000000
0.000000 -0.000003 -1.000000
-0.000000 0.000001 -1.000000
0.000000 -0.000001 -1.000000
-0.894427 -0.447214 -0.000002
-0.727076 -0.686557 -0.000003
-0.912261 -0.376698 -0.160870
-0.707107 -0.707107 -0.000003
0.447214 -0.894427 -0.000004
0.894427 -0.447214 -0.000002
0.894427 0.447214 0.000002
0.447214 0.894427 0.000004
0.391767 0.920064 0.000004
0.783535 0.621348 0.000003
-0.939234 -0.343279 -0.000002
-0.658739 -0.726087 -0.197133
-0.447214 -0.894427 -0.000004
-0.894427 -0.447214 -0.000002
-0.447214 0.894427 0.000004
-0.894427 0.447214 0.000002
0.964326 0.264717 0.000001
0.964326 0.264717 0.000001
-0.727077 0.686556 0.000003
-0.939234 0.343278 0.000002
0.447214 -0.894427 -0.000003
0.136611 -0.990625 -0.000004
0.068305 -0.997665 -0.000003
0.894427 -0.447214 -0.000001
0.894427 0.447214 0.000003
0.447214 0.894427 0.000006
-0.447214 0.894427 0.000006
-0.894427 0.447214 0.000003
-0.939234 0.343278 0.000001
0.203958 -0.978980 -0.000005
0.203956 -0.978980 -0.000004
-0.816497 -0.408248 -0.408248
0.000000 0.000000 1.000000
-0.000000 0.000000 1.000000
-0.000000 -0.000000 1.000000
-0.000000 -0.000000 1.000000
0.000000 -0.000000 1.000000
0.000000 -0.000000 1.000000
-0.000000 0.000000 1.000000
0.000000 0.000000 1.000000
0.000000 -0.000000 1.000000
0.000000 -0.000000 1.000000
-0.000000 0.000003 1.000000
-0.000001 0.000004 1.000000
-0.000000 0.000003 1.000000
0.000000 0.000001 1.000000
0.000000 0.000001 1.000000
100
0 0 1 2 0 1 2 1
0 2 1 3 2 1 3 1
0 1 4 3 1 4 3 1
0 1 5 4 1 5 4 1
0 5 6 4 5 6 4 1
0 6 7 8 6 7 8 1
0 7 9 8 7 7 8 1
0 4 6 10 4 6 9 1
0 6 8 10 6 8 9 1
0 10 8 11 9 8 10 1
0 8 12 11 8 11 10 1
0 13 14 15 12 13 12 1
0 14 16 15 13 12 12 1
0 14 17 16 13 14 12 1
0 11 12 14 10 11 13 1
0 14 12 17 13 11 14 1
0 18 19 20 15 16 17 2
0 0 18 20 18 15 17 2
0 21 18 0 19 15 18 2
0 2 21 0 20 19 18 2
0 22 21 2 21 19 20 2
0 3 22 2 22 21 20 2
0 23 22 3 23 21 22 2
0 4 23 3 24 23 22 2
0 19 24 5 16 25 26 2
0 20 19 5 17 16 26 2
0 24 25 6 25 27 28 2
0 5 24 6 26 25 28 2
0 25 26 7 27 28 27 2
0 6 25 7 28 27 27 2
0 27 28 8 29 30 29 2
0 9 27 8 30 29 29 2
0 26 27 9 28 29 30 2
0 7 26 9 27 28 30 2
0 29 23 4 31 23 24 2
0 10 29 4 32 31 24 2
0 28 30 12 30 33 34 2
0 8 28 12 29 30 34 2
0 31 32 14 35 36 37 2
0 13 31 14 38 35 37 2
0 33 31 13 39 35 38 2
0 15 33 13 40 39 38 2
0 34 33 15 41 39 40 2
0 16 34 15 42 41 40 2
0 35 34 16 43 41 42 2
0 17 35 16 33 43 42 2
0 32 36 11 36 44 45 2
0 14 32 11 37 36 45 2
0 30 35 17 33 43 33 2
0 12 30 17 34 33 33 2
0 0 20 1 18 17 46 2
0 0 0 1 18 18 46 2
0 2 0 0 20 18 18 2
0 2 2 0 20 20 18 2
0 3 2 2 22 20 20 2
0 3 3 2 22 22 20 2
0 4 3 3 24 22 22 2
0 4 4 3 24 24 22 2
0 20 5 5 17 26 26 2
0 1 20 5 46 17 26 2
0 5 6 6 26 28 28 2
0 5 5 6 26 26 28 2
0 6 7 7 28 27 27 2
0 6 6 7 28 28 27 2
0 9 8 8 30 29 29 2
0 9 9 8 30 30 29 2
0 7 9 9 27 30 30 2
0 7 7 9 27 27 30 2
0 10 4 4 32 24 24 2
0 10 10 4 32 32 24 2
0 8 12 12 29 34 34 2
0 8 8 12 29 29 34 2
0 13 14 14 38 37 37 2
0 13 13 14 38 38 37 2
0 15 13 13 40 38 38 2
0 15 15 13 40 40 38 2
0 16 15 15 42 40 40 2
0 16 16 15 42 42 40 2
0 17 16 16 33 42 42 2
0 17 17 16 33 33 42 2
0 14 11 11 37 45 45 2
0 14 14 11 37 37 45 2
0 12 17 17 34 33 33 2
0 12 12 17 34 34 33 2
0 18 21 19 47 48 49 1
0 21 22 19 48 50 49 1
0 22 23 19 50 51 49 1
0 19 23 24 49 51 52 1
0 24 23 25 52 51 53 1
0 26 28 27 54 55 54 1
0 26 25 28 54 53 55 1
0 25 29 28 53 56 55 1
0 25 23 29 53 51 56 1
0 28 36 30 55 57 58 1
0 28 29 36 55 56 57 1
0 36 32 30 57 59 58 1
0 32 35 30 59 60 58 1
0 35 32 34 60 59 61 1
0 32 33 34 59 61 61 1
0 32 31 33 59 61 61 1
"turretleftLeg" 0 0
26
0 5.000000 -9.888889 -0.238078 0.000000 0.000000 -1
0 8.000000 -8.888889 -0.238078 0.000000 0.000000 -1
0 4.000000 -8.888889 -0.238078 0.000000 0.000000 -1
0 5.000000 -10.888889 -0.238078 0.000000 0.000000 -1
0 6.000000 -10.888889 -0.238078 0.000000 0.000000 -1
0 10.000000 -11.888889 -0.238078 0.000000 0.000000 -1
0 10.000000 -8.888889 -0.238078 0.000000 0.000000 -1
0 5.000000 -15.888889 -0.238078 0.000000 0.000000 -1
0 5.000000 -16.888889 -0.238078 0.000000 0.000000 -1
0 6.000000 -15.888889 -0.238078 0.000000 0.000000 -1
0 8.000000 -8.888889 -2.238095 0.000000 0.000000 -1
0 4.000000 -8.888889 -2.238095 0.000000 0.000000 -1
0 5.000000 -9.888889 -2.238095 0.000000 0.000000 -1
0 5.000000 -10.888889 -2.238095 0.000000 0.000000 -1
0 6.000000 -10.888889 -2.238095 0.000000 0.000000 -1
0 10.000000 -11.888889 -2.238095 0.000000 0.000000 -1
0 10.000000 -8.888889 -2.238095 0.000000 0.000000 -1
0 11.000000 -11.888889 -0.238078 0.000000 0.000000 -1
0 11.000000 -11.888889 -2.238095 0.000000 0.000000 -1
0 11.000000 -15.888889 -0.238078 0.000000 0.000000 -1
0 11.000000 -15.888889 -2.238095 0.000000 0.000000 -1
0 10.000000 -16.888889 -0.238078 0.000000 0.000000 -1
0 10.000000 -16.888889 -2.238095 0.000000 0.000000 -1
0 5.000000 -16.888889 -2.238095 0.000000 0.000000 -1
0 5.000000 -15.888889 -2.238095 0.000000 0.000000 -1
0 6.000000 -15.888889 -2.238095 0.000000 0.000000 -1
17
0.000000 0.000000 1.000000
0.000000 1.000000 0.000000
-0.479842 0.877355 0.000000
-0.959683 -0.281085 0.000000
-0.862856 -0.505449 0.000000
-0.967538 -0.252725 0.000000
-0.894427 -0.447214 0.000000
-0.447214 -0.894427 0.000000
0.894427 0.447214 0.000000
0.447214 0.894427 0.000000
0.967538 -0.252725 0.000000
0.862856 -0.505449 0.000000
0.505449 -0.862856 0.000000
0.252725 -0.967538 0.000000
-0.894427 0.447214 0.000000
-0.447214 0.894427 0.000000
0.000000 0.000000 -1.000000
74
0 0 1 2 0 0 0 1
0 0 3 4 0 0 0 1
0 4 1 0 0 0 0 1
0 4 5 1 0 0 0 1
0 5 6 1 0 0 0 1
0 7 8 9 0 0 0 1
0 9 5 4 0 0 0 1
0 1 10 11 1 1 2 2
0 1 11 2 1 2 3 2
0 2 11 12 3 2 4 2
0 2 12 0 3 4 5 2
0 0 12 13 5 4 6 2
0 0 13 3 5 6 7 2
0 3 13 14 7 6 7 2
0 3 14 4 7 7 6 2
0 5 15 16 8 9 8 2
0 5 16 6 8 8 9 2
0 6 16 10 9 8 1 2
0 6 10 1 9 1 1 2
0 17 18 15 9 8 9 2
0 17 15 5 9 9 8 2
0 19 20 18 10 11 8 2
0 19 18 17 10 8 9 2
0 21 22 20 12 13 11 2
0 21 20 19 12 11 10 2
0 8 23 22 7 6 13 2
0 8 22 21 7 13 12 2
0 7 24 23 14 15 6 2
0 7 23 8 14 6 7 2
0 9 25 24 15 14 15 2
0 9 24 7 15 15 14 2
0 4 14 25 6 7 14 2
0 4 25 9 6 14 15 2
0 1 1 2 1 1 3 2
0 1 2 2 1 3 3 2
0 2 2 0 3 3 5 2
0 2 0 0 3 5 5 2
0 0 0 3 5 5 7 2
0 0 3 3 5 7 7 2
0 3 3 4 7 7 6 2
0 3 4 4 7 6 6 2
0 5 5 6 8 8 9 2
0 5 6 6 8 9 9 2
0 6 6 1 9 9 1 2
0 6 1 1 9 1 1 2
0 17 17 5 9 9 8 2
0 17 5 5 9 8 8 2
0 19 19 17 10 10 9 2
0 19 17 17 10 9 9 2
0 21 21 19 12 12 10 2
0 21 19 19 12 10 10 2
0 8 8 21 7 7 12 2
0 8 21 21 7 12 12 2
0 7 7 8 14 14 7 2
0 7 8 8 14 7 7 2
0 9 9 7 15 15 14 2
0 9 7 7 15 14 14 2
0 4 4 9 6 6 15 2
0 4 9 9 6 15 15 2
0 15 10 16 16 16 16 1
0 15 14 10 16 16 16 1
0 14 12 10 16 16 16 1
0 12 11 10 16 16 16 1
0 14 13 12 16 16 16 1
0 15 25 14 16 16 16 1
0 22 23 25 16 16 16 1
0 22 25 20 16 16 16 1
0 23 24 25 16 16 16 1
0 20 25 15 16 16 16 1
0 20 15 18 16 16 16 1
0 8 21 9 0 0 0 1
0 21 19 9 0 0 0 1
0 9 19 5 0 0 0 1
0 19 17 5 0 0 0 1
"turretrightLeg" 0 0
26
0 -1.000000 -8.888889 -0.238078 0.000000 0.000000 -1
0 -5.000001 -8.888889 -0.238078 0.000000 0.000000 -1
0 -2.000000 -9.888889 -0.238078 0.000000 0.000000 -1
0 -3.000001 -10.888889 -0.238078 0.000000 0.000000 -1
0 -2.000000 -10.888889 -0.238078 0.000000 0.000000 -1
0 -7.000001 -11.888889 -0.238078 0.000000 0.000000 -1
0 -7.000001 -8.888889 -0.238078 0.000000 0.000000 -1
0 -3.000001 -15.888891 -0.238078 0.000000 0.000000 -1
0 -2.000000 -16.888891 -0.238078 0.000000 0.000000 -1
0 -2.000000 -15.888891 -0.238078 0.000000 0.000000 -1
0 -1.000000 -8.888889 -2.238095 0.000000 0.000000 -1
0 -5.000001 -8.888889 -2.238095 0.000000 0.000000 -1
0 -2.000000 -9.888889 -2.238095 0.000000 0.000000 -1
0 -2.000000 -10.888889 -2.238095 0.000000 0.000000 -1
0 -3.000001 -10.888889 -2.238095 0.000000 0.000000 -1
0 -7.000001 -8.888889 -2.238095 0.000000 0.000000 -1
0 -7.000001 -11.888889 -2.238095 0.000000 0.000000 -1
0 -8.000002 -11.888889 -2.238095 0.000000 0.000000 -1
0 -8.000002 -11.888889 -0.238078 0.000000 0.000000 -1
0 -8.000002 -15.888891 -2.238095 0.000000 0.000000 -1
0 -8.000002 -15.888891 -0.238078 0.000000 0.000000 -1
0 -7.000001 -16.888891 -2.238095 0.000000 0.000000 -1
0 -7.000001 -16.888891 -0.238078 0.000000 0.000000 -1
0 -2.000000 -16.888891 -2.238095 0.000000 0.000000 -1
0 -2.000000 -15.888891 -2.238095 0.000000 0.000000 -1
0 -3.000001 -15.888891 -2.238095 0.000000 0.000000 -1
17
0.000000 0.000000 1.000000
0.479841 0.877355 0.000000
0.000000 1.000000 0.000000
0.959683 -0.281085 0.000000
0.862856 -0.505450 0.000000
0.967538 -0.252725 0.000000
0.894427 -0.447214 0.000000
0.447214 -0.894427 0.000000
-0.894427 0.447214 0.000000
-0.447214 0.894427 0.000000
-0.862856 -0.505450 0.000000
-0.967538 -0.252725 0.000000
-0.252725 -0.967538 0.000000
-0.505449 -0.862856 0.000000
0.447214 0.894427 0.000000
0.894427 0.447214 0.000000
0.000000 0.000000 -1.000000
74
0 0 1 2 0 0 0 1
0 3 4 2 0 0 0 1
0 2 1 3 0 0 0 1
0 1 5 3 0 0 0 1
0 1 6 5 0 0 0 1
0 7 8 9 0 0 0 1
0 3 5 7 0 0 0 1
0 10 11 1 1 2 2 2
0 0 10 1 3 1 2 2
0 12 10 0 4 1 3 2
0 2 12 0 5 4 3 2
0 13 12 2 6 4 5 2
0 4 13 2 7 6 5 2
0 14 13 4 7 6 7 2
0 3 14 4 6 7 7 2
0 15 16 5 8 9 8 2
0 6 15 5 9 8 8 2
0 11 15 6 2 8 9 2
0 1 11 6 2 2 9 2
0 16 17 18 9 8 9 2
0 5 16 18 8 9 9 2
0 17 19 20 8 10 11 2
0 18 17 20 9 8 11 2
0 19 21 22 10 12 13 2
0 20 19 22 11 10 13 2
0 21 23 8 12 6 7 2
0 22 21 8 13 12 7 2
0 23 24 9 6 14 15 2
0 8 23 9 7 6 15 2
0 24 25 7 14 15 14 2
0 9 24 7 15 14 14 2
0 25 14 3 15 7 6 2
0 7 25 3 14 15 6 2
0 0 1 1 3 2 2 2
0 0 0 1 3 3 2 2
0 2 0 0 5 3 3 2
0 2 2 0 5 5 3 2
0 4 2 2 7 5 5 2
0 4 4 2 7 7 5 2
0 3 4 4 6 7 7 2
0 3 3 4 6 6 7 2
0 6 5 5 9 8 8 2
0 6 6 5 9 9 8 2
0 1 6 6 2 9 9 2
0 1 1 6 2 2 9 2
0 5 18 18 8 9 9 2
0 5 5 18 8 8 9 2
0 18 20 20 9 11 11 2
0 18 18 20 9 9 11 2
0 20 22 22 11 13 13 2
0 20 20 22 11 11 13 2
0 22 8 8 13 7 7 2
0 22 22 8 13 13 7 2
0 8 9 9 7 15 15 2
0 8 8 9 7 7 15 2
0 9 7 7 15 14 14 2
0 9 9 7 15 15 14 2
0 7 3 3 14 6 6 2
0 7 7 3 14 14 6 2
0 15 11 16 16 16 16 1
0 11 14 16 16 16 16 1
0 11 12 14 16 16 16 1
0 11 10 12 16 16 16 1
0 12 13 14 16 16 16 1
0 14 25 16 16 16 16 1
0 25 23 21 16 16 16 1
0 19 25 21 16 16 16 1
0 25 24 23 16 16 16 1
0 16 25 19 16 16 16 1
0 17 16 19 16 16 16 1
0 7 22 8 0 0 0 1
0 7 20 22 0 0 0 1
0 5 20 7 0 0 0 1
0 5 18 20 0 0 0 1
"turretbackBody" 0 0
8
0 8.000000 -8.872850 -2.504030 0.345436 0.972217 -1
0 -4.000000 -2.734815 -1.825305 0.653253 0.794474 -1
0 8.000000 -2.734815 -1.825305 0.345436 0.794474 -1
0 -4.000000 -8.872850 -2.504030 0.653253 0.972217 -1
0 -6.000000 -2.860823 -1.479102 0.704556 0.794474 -1
0 -6.000000 3.717029 0.915040 0.704556 0.587107 -1
0 10.000000 -2.878824 -1.429645 0.294133 0.794474 -1
0 10.000000 3.699027 0.964497 0.294133 0.587107 -1
7
0.000000 0.109907 -0.993942
-0.045842 0.239660 -0.969774
0.052925 0.311666 -0.948717
-0.181163 0.336361 -0.924144
-0.059537 0.376295 -0.924585
0.206011 0.334684 -0.919536
0.105241 0.367897 -0.923892
6
0 0 1 2 0 1 2 1
0 0 3 1 0 0 1 1
0 1 4 5 1 3 4 1
0 6 2 7 5 2 6 1
0 2 5 7 2 4 6 1
0 2 1 5 2 1 4 1
"turretbackHead" 0 0
16
0 6.000000 11.000000 1.000000 0.636228 0.620852 -1
0 -2.000000 9.000000 1.000000 0.370364 0.695008 -1
0 -2.000000 11.000000 1.000000 0.370364 0.620852 -1
0 6.000000 9.000000 1.000000 0.636228 0.695008 -1
0 7.000000 6.000000 1.461538 0.669461 0.806243 -1
0 7.000000 9.000000 1.461538 0.669461 0.695008 -1
0 6.000000 6.000000 1.000000 0.636228 0.806243 -1
0 -3.000000 6.000000 1.461539 0.337131 0.806243 -1
0 -3.000000 9.000000 1.461539 0.337131 0.695008 -1
0 -2.000000 6.000000 1.000000 0.370364 0.806243 -1
0 5.000000 3.000000 1.307693 0.602995 0.917477 -1
0 -1.000000 4.000000 1.000000 0.403597 0.880399 -1
0 5.000000 4.000000 1.000000 0.602995 0.880399 -1
0 -1.000000 3.000000 1.307693 0.403597 0.917477 -1
0 6.000000 4.000000 1.000000 0.636228 0.880399 -1
0 -2.000000 4.000000 1.000000 0.370364 0.880399 -1
10
0.000000 0.000000 -1.000000
-0.142634 0.000000 -0.989776
0.214523 0.000000 -0.976719
0.419058 0.000000 -0.907959
0.085074 0.000000 -0.996375
-0.419058 0.000000 -0.907959
-0.085074 0.000000 -0.996375
0.000000 -0.294086 -0.955779
0.000000 -0.148696 -0.988883
0.000000 -0.074139 -0.997248
14
0 0 1 2 0 1 0 1
0 3 1 0 2 1 0 1
0 4 3 5 3 2 3 1
0 4 6 3 3 4 2 1
0 7 8 1 5 5 1 1
0 9 7 1 6 5 1 1
0 10 11 12 7 8 9 1
0 10 13 11 7 7 8 1
0 14 12 6 0 9 4 1
0 11 15 9 8 0 6 1
0 12 9 6 9 6 4 1
0 12 11 9 9 8 6 1
0 6 1 3 4 1 2 1
0 6 9 1 4 6 1 1
"gun" 0 1
48
0 -5.749998 10.221481 13.674143 0.828637 0.337507 -1
0 -5.749999 10.221481 -9.954714 0.237356 0.337507 -1
0 -7.026536 9.890366 13.674139 0.828637 0.358567 -1
0 -7.026536 9.890368 -9.954716 0.237356 0.358567 -1
0 -7.961026 8.985739 -9.954712 0.237356 0.416044 -1
0 -7.961024 8.985741 13.674139 0.828637 0.416044 -1
0 -8.303073 7.750000 13.674141 0.828637 0.494552 -1
0 -8.303073 7.749998 -9.954706 0.237356 0.494552 -1
0 -7.961025 6.514258 -9.954714 0.237356 0.573079 -1
0 -7.961025 6.514258 13.674141 0.828637 0.573079 -1
0 -7.026535 5.609632 13.674139 0.828637 0.630537 -1
0 -7.026536 5.609632 -9.954712 0.237356 0.630537 -1
0 -5.749998 5.278517 -9.954712 0.237356 0.651583 -1
0 -5.749998 5.278517 13.674141 0.828637 0.651583 -1
0 -4.473462 5.609632 13.674141 0.828637 0.630537 -1
0 -4.473461 5.609632 -9.954708 0.237356 0.630537 -1
0 -3.538970 6.514258 -9.954716 0.237356 0.573079 -1
0 -3.538971 6.514258 13.674141 0.828637 0.573079 -1
0 -3.196922 7.750000 13.674141 0.828637 0.494552 -1
0 -3.196923 7.749998 -9.954708 0.237356 0.494552 -1
0 -3.538971 8.985739 -9.954712 0.237356 0.416044 -1
0 -3.538971 8.985741 13.674141 0.828637 0.416044 -1
0 -4.473462 9.890366 13.674141 0.828637 0.358567 -1
0 -4.473461 9.890368 -9.954714 0.237356 0.358567 -1
0 -6.784001 9.483709 13.674141 0.828637 0.384402 -1
0 -6.783992 9.483702 -9.954678 0.237356 0.384402 -1
0 -5.749998 9.751904 -9.954683 0.237356 0.367360 -1
0 -5.749997 9.751894 13.674137 0.828637 0.367373 -1
0 -7.540945 8.750957 13.674141 0.828637 0.430959 -1
0 -7.540936 8.750950 -9.954678 0.237356 0.430959 -1
0 -7.817983 7.750000 13.674145 0.828637 0.494552 -1
0 -7.817988 7.750000 -9.954676 0.237356 0.494552 -1
0 -7.540945 6.749040 13.674145 0.828637 0.558151 -1
0 -7.540936 6.749050 -9.954678 0.237356 0.558151 -1
0 -6.784001 6.016289 13.674143 0.828637 0.604702 -1
0 -6.783994 6.016296 -9.954676 0.237356 0.604702 -1
0 -5.749997 5.748104 13.674137 0.828637 0.621727 -1
0 -5.749999 5.748099 -9.954679 0.237356 0.621746 -1
0 -4.715995 6.016289 13.674143 0.828637 0.604702 -1
0 -4.716002 6.016296 -9.954676 0.237356 0.604702 -1
0 -3.959052 6.749040 13.674143 0.828637 0.558151 -1
0 -3.959062 6.749050 -9.954674 0.237356 0.558151 -1
0 -3.682014 7.750000 13.674145 0.828637 0.494552 -1
0 -3.682008 7.750000 -9.954676 0.237356 0.494552 -1
0 -3.959052 8.750957 13.674139 0.828637 0.430959 -1
0 -3.959062 8.750950 -9.954678 0.237356 0.430959 -1
0 -4.715995 9.483709 13.674143 0.828637 0.384402 -1
0 -4.716002 9.483702 -9.954678 0.237356 0.384402 -1
61
0.965926 0.000000 0.258819
0.965926 0.000000 0.258819
0.707107 0.000000 0.707107
0.258819 0.000000 0.965926
0.258819 0.000000 0.965926
-0.258819 0.000000 0.965926
-0.707107 0.000000 0.707107
-0.965926 0.000000 0.258819
-0.965926 0.000000 -0.258819
-0.965926 0.000000 -0.258819
-0.707107 0.000000 -0.707107
-0.258819 0.000000 -0.965926
-0.258819 0.000000 -0.965926
0.258819 0.000000 -0.965926
0.707107 0.000000 -0.707107
0.965926 0.000000 -0.258819
-0.965927 -0.000002 -0.258815
-0.965931 0.000001 -0.258800
-0.707107 -0.000002 -0.707107
-0.258815 0.000001 -0.965927
-0.258800 -0.000002 -0.965931
0.258815 -0.000002 -0.965927
0.258800 0.000001 -0.965931
0.707107 -0.000002 -0.707107
0.965927 0.000001 -0.258815
0.965931 -0.000002 -0.258800
0.965927 -0.000002 0.258815
0.965931 0.000001 0.258800
0.707107 -0.000002 0.707107
0.258815 0.000001 0.965927
0.258800 -0.000002 0.965931
-0.258815 -0.000002 0.965927
-0.258800 0.000001 0.965931
-0.707107 -0.000002 0.707107
-0.965927 0.000001 0.258815
-0.965931 -0.000002 0.258800
-0.000018 1.000000 -0.000005
-0.000018 1.000000 -0.000005
-0.000013 1.000000 -0.000013
-0.000013 1.000000 -0.000013
-0.000005 1.000000 -0.000018
-0.000005 1.000000 -0.000018
0.000005 1.000000 -0.000018
0.000005 1.000000 -0.000018
0.000013 1.000000 -0.000013
0.000013 1.000000 -0.000013
0.000018 1.000000 -0.000005
0.000018 1.000000 -0.000005
0.000018 1.000000 0.000005
0.000018 1.000000 0.000005
0.000013 1.000000 0.000013
0.000013 1.000000 0.000013
0.000005 1.000000 0.000018
0.000005 1.000000 0.000018
-0.000005 1.000000 0.000018
-0.000005 1.000000 0.000018
-0.000013 1.000000 0.000013
-0.000013 1.000000 0.000013
-0.000018 1.000000 0.000005
-0.000018 1.000000 0.000005
0.000000 -1.000000 0.000000
96
0 0 1 2 0 0 0 255
0 1 3 2 1 1 1 255
0 2 3 4 2 2 2 255
0 2 4 5 2 2 2 255
0 5 4 6 3 3 3 255
0 4 7 6 4 4 4 255
0 6 7 8 5 5 5 255
0 6 8 9 5 5 5 255
0 9 8 10 6 6 6 255
0 8 11 10 6 6 6 255
0 10 11 12 7 7 7 255
0 10 12 13 7 7 7 255
0 13 12 14 8 8 8 255
0 12 15 14 9 9 9 255
0 14 15 16 10 10 10 255
0 14 16 17 10 10 10 255
0 17 16 18 11 11 11 255
0 16 19 18 12 12 12 255
0 18 19 20 13 13 13 255
0 18 20 21 13 13 13 255
0 21 20 22 14 14 14 255
0 20 23 22 14 14 14 255
0 22 23 1 15 15 15 255
0 22 1 0 15 15 15 255
0 24 25 26 16 16 16 255
0 24 26 27 17 17 17 255
0 28 29 25 18 18 18 255
0 28 25 24 18 18 18 255
0 30 31 29 19 19 19 255
0 30 29 28 20 20 20 255
0 32 33 31 21 21 21 255
0 32 31 30 22 22 22 255
0 34 35 33 23 23 23 255
0 34 33 32 23 23 23 255
0 36 37 35 24 24 24 255
0 36 35 34 25 25 25 255
0 38 39 37 26 26 26 255
0 38 37 36 27 27 27 255
0 40 41 39 28 28 28 255
0 40 39 38 28 28 28 255
0 42 43 41 29 29 29 255
0 42 41 40 30 30 30 255
0 44 45 43 31 31 31 255
0 44 43 42 32 32 32 255
0 46 47 45 33 33 33 255
0 46 45 44 33 33 33 255
0 27 26 47 34 34 34 255
0 27 47 46 35 35 35 255
0 25 3 1 36 36 36 255
0 25 1 26 37 37 37 255
0 29 4 3 38 38 38 255
0 29 3 25 39 39 39 255
0 31 7 4 40 40 40 255
0 31 4 29 41 41 41 255
0 33 8 7 42 42 42 255
0 33 7 31 43 43 43 255
0 35 11 8 44 44 44 255
0 35 8 33 45 45 45 255
0 37 12 11 46 46 46 255
0 37 11 35 47 47 47 255
0 39 15 12 48 48 48 255
0 39 12 37 49 49 49 255
0 41 16 15 50 50 50 255
0 41 15 39 51 51 51 255
0 43 19 16 52 52 52 255
0 43 16 41 53 53 53 255
0 45 20 19 54 54 54 255
0 45 19 43 55 55 55 255
0 47 23 20 56 56 56 255
0 47 20 45 57 57 57 255
0 26 1 23 58 58 58 255
0 26 23 47 59 59 59 255
0 0 2 24 60 60 60 255
0 27 0 24 60 60 60 255
0 2 5 28 60 60 60 255
0 24 2 28 60 60 60 255
0 5 6 30 60 60 60 255
0 28 5 30 60 60 60 255
0 6 9 32 60 60 60 255
0 30 6 32 60 60 60 255
0 9 10 34 60 60 60 255
0 32 9 34 60 60 60 255
0 10 13 36 60 60 60 255
0 34 10 36 60 60 60 255
0 13 14 38 60 60 60 255
0 36 13 38 60 60 60 255
0 14 17 40 60 60 60 255
0 38 14 40 60 60 60 255
0 17 18 42 60 60 60 255
0 40 17 42 60 60 60 255
0 18 21 44 60 60 60 255
0 42 18 44 60 60 60 255
0 21 22 46 60 60 60 255
0 44 21 46 60 60 60 255
0 22 0 27 60 60 60 255
0 46 22 27 60 60 60 255
"gunpivot" 1 -1
20
1 -6.388887 1.972222 3.111111 0.000000 0.000000 -1
1 -6.388887 0.638889 3.111111 0.000000 1.000000 -1
1 -5.138887 1.972222 3.111111 1.000000 0.000000 -1
1 -5.138887 0.638889 3.111111 1.000000 1.000000 -1
1 -5.138887 1.972222 3.111111 0.000000 0.000000 -1
1 -5.138887 0.638889 3.111111 0.000000 1.000000 -1
1 -5.138887 1.972222 1.777778 1.000000 0.000000 -1
1 -5.138887 0.638889 1.777778 1.000000 1.000000 -1
1 -5.138887 1.972222 1.777778 0.000000 0.000000 -1
1 -5.138887 0.638889 1.777778 0.000000 1.000000 -1
1 -6.388887 1.972222 1.777778 1.000000 0.000000 -1
1 -6.388887 0.638889 1.777778 1.000000 1.000000 -1
1 -6.388887 1.972222 1.777778 0.000000 0.000000 -1
1 -6.388887 0.638889 1.777778 0.000000 1.000000 -1
1 -6.388887 1.972222 3.111111 1.000000 0.000000 -1
1 -6.388887 0.638889 3.111111 1.000000 1.000000 -1
1 -6.388887 1.972222 3.111111 0.000000 1.000000 -1
1 -5.138887 1.972222 3.111111 1.000000 1.000000 -1
1 -6.388887 0.638889 3.111111 0.000000 0.000000 -1
1 -5.138887 0.638889 3.111111 1.000000 0.000000 -1
6
0.000000 0.000000 1.000000
1.000000 0.000000 0.000000
0.000000 0.000000 -1.000000
-1.000000 0.000000 0.000000
0.000000 1.000000 0.000000
0.000000 -1.000000 0.000000
12
1 0 1 2 0 0 0 1
1 1 3 2 0 0 0 1
1 4 5 6 1 1 1 2
1 5 7 6 1 1 1 2
1 8 9 10 2 2 2 1
1 9 11 10 2 2 2 1
1 12 13 14 3 3 3 2
1 13 15 14 3 3 3 2
1 12 16 6 4 4 4 3
1 16 17 6 4 4 4 3
1 18 13 19 5 5 5 3
1 13 7 19 5 5 5 3
"turretpivot" 0 -1
20
0 1.277780 -7.333333 1.388889 0.000000 0.000000 -1
0 1.277780 -8.750000 1.388889 0.000000 1.000000 -1
0 2.944446 -7.333333 1.388889 1.000000 0.000000 -1
0 2.944446 -8.750000 1.388889 1.000000 1.000000 -1
0 2.944446 -7.333333 1.388889 0.000000 0.000000 -1
0 2.944446 -8.750000 1.388889 0.000000 1.000000 -1
0 2.944446 -7.333333 -0.277778 1.000000 0.000000 -1
0 2.944446 -8.750000 -0.277778 1.000000 1.000000 -1
0 2.944446 -7.333333 -0.277778 0.000000 0.000000 -1
0 2.944446 -8.750000 -0.277778 0.000000 1.000000 -1
0 1.277780 -7.333333 -0.277778 1.000000 0.000000 -1
0 1.277780 -8.750000 -0.277778 1.000000 1.000000 -1
0 1.277780 -7.333333 -0.277778 0.000000 0.000000 -1
0 1.277780 -8.750000 -0.277778 0.000000 1.000000 -1
0 1.277780 -7.333333 1.388889 1.000000 0.000000 -1
0 1.277780 -8.750000 1.388889 1.000000 1.000000 -1
0 1.277780 -7.333333 1.388889 0.000000 1.000000 -1
0 2.944446 -7.333333 1.388889 1.000000 1.000000 -1
0 1.277780 -8.750000 1.388889 0.000000 0.000000 -1
0 2.944446 -8.750000 1.388889 1.000000 0.000000 -1
6
0.000000 0.000000 1.000000
1.000000 0.000000 0.000000
0.000000 0.000000 -1.000000
-1.000000 0.000000 0.000000
0.000000 1.000000 0.000000
0.000000 -1.000000 0.000000
12
0 0 1 2 0 0 0 1
0 1 3 2 0 0 0 1
0 4 5 6 1 1 1 2
0 5 7 6 1 1 1 2
0 8 9 10 2 2 2 1
0 9 11 10 2 2 2 1
0 12 13 14 3 3 3 2
0 13 15 14 3 3 3 2
0 12 16 6 4 4 4 3
0 16 17 6 4 4 4 3
0 18 13 19 5 5 5 3
0 13 7 19 5 5 5 3

Materials: 2
"gorilla"
0.800000 0.800000 0.800000 1.000000
0.800000 0.800000 0.800000 1.000000
0.000000 0.000000 0.000000 1.000000
0.000000 0.000000 0.000000 1.000000
0.000000
1.000000
".\gorilla.jpg"
""
"gun"
0.800000 0.800000 0.800000 1.000000
0.800000 0.800000 0.800000 1.000000
0.000000 0.000000 0.000000 1.000000
0.000000 0.000000 0.000000 1.000000
0.000000
1.000000
".\gun.jpg"
""

Bones: 0
