// MilkShape 3D ASCII

Frames: 30
Frame: 1

Meshes: 1
"Regroup00" 0 0
220
0 -11.047030 20.049721 15.712076 0.038330 0.168710 -1
0 -13.047029 16.817175 15.712076 -0.051852 0.364126 -1
0 0.000000 21.938608 15.712076 0.536451 0.054522 -1
0 -11.047030 7.362421 15.712076 0.038330 0.935690 -1
0 0.000000 7.362421 15.712076 0.536451 0.935690 -1
0 0.000000 12.150515 15.712076 0.536451 0.646238 -1
1 7.797030 21.938608 15.712076 0.504691 0.869249 -1
1 9.130363 20.594965 15.712076 0.504691 0.914225 -1
1 7.797030 21.938608 0.074227 0.538275 0.869249 -1
1 7.797030 7.362421 15.712076 0.504691 0.959200 -1
1 7.797030 7.362421 0.074227 0.538275 0.959200 -1
1 9.130363 20.594965 0.074227 0.538275 0.914225 -1
1 7.797030 21.938608 -15.563622 0.888027 0.054522 -1
0 9.130363 20.594965 -15.563622 0.948148 0.135748 -1
0 0.000000 21.938608 -15.563622 0.536451 0.054522 -1
0 7.797030 7.362421 -15.563622 0.888027 0.935690 -1
0 0.000000 7.362421 -15.563622 0.536451 0.935690 -1
0 0.000000 12.150515 -15.563622 0.536451 0.646238 -1
0 -11.047030 20.049721 -15.563622 0.806739 0.927776 -1
0 -13.047029 16.817175 -15.563622 0.802238 0.946329 -1
0 -11.047030 20.049721 0.074227 0.806739 0.927776 -1
0 -11.047030 7.362421 -15.563622 0.000000 1.000000 -1
0 -11.047030 7.362421 0.074227 0.500000 1.000000 -1
0 -13.047029 16.817175 0.074227 0.500000 0.500000 -1
0 -11.047030 20.049721 -15.563622 0.038330 0.168710 -1
0 7.797030 21.938608 15.712076 0.888027 0.054522 -1
0 -11.047030 7.362421 -15.563622 0.038330 0.935690 -1
0 7.797030 7.362421 15.712076 0.888027 0.935690 -1
0 9.130363 20.594965 15.712076 0.948148 0.135748 -1
1 7.797030 21.938608 -15.563622 0.571859 0.869249 -1
1 9.130363 20.594965 -15.563622 0.571859 0.914225 -1
1 7.797030 7.362421 -15.563622 0.571859 0.959200 -1
0 -13.047029 16.817175 -15.563622 -0.051852 0.364126 -1
0 -11.047030 20.049721 15.712076 0.806739 0.927776 -1
0 -13.047029 16.817175 0.074227 0.802238 0.946329 -1
0 -13.047029 16.817175 -15.563622 0.000000 0.500000 -1
0 -13.047029 16.817175 15.712076 0.802238 0.946329 -1
0 -11.047030 7.362421 15.712076 1.000000 1.000000 -1
0 -13.047029 16.817175 15.712076 1.000000 0.500000 -1
0 -13.186979 17.854570 11.474217 0.000000 0.000000 -1
0 -14.644979 16.820047 11.474217 0.000000 0.500000 -1
0 -5.133694 17.854570 11.474217 0.500000 0.000000 -1
0 -13.186979 12.798573 11.474217 0.000000 1.000000 -1
0 -5.133694 12.798573 11.474217 0.500000 1.000000 -1
0 -5.133694 15.326567 11.474217 0.500000 0.500000 -1
0 -0.330408 17.854570 11.474217 0.000000 0.000000 -1
0 0.641590 17.424559 11.474217 0.000000 0.500000 -1
0 -0.330408 17.854570 0.074227 0.500000 0.000000 -1
0 -0.330408 12.798573 11.474217 0.000000 1.000000 -1
0 -0.330408 12.798573 0.074227 0.500000 1.000000 -1
0 0.641590 17.424559 0.074227 0.500000 0.500000 -1
0 -0.330408 17.854570 -11.325763 0.000000 0.000000 -1
0 0.641590 17.424559 -11.325763 0.000000 0.500000 -1
0 -5.133694 17.854570 -11.325763 0.500000 0.000000 -1
0 -0.330408 12.798573 -11.325763 0.000000 1.000000 -1
0 -5.133694 12.798573 -11.325763 0.500000 1.000000 -1
0 -5.133694 15.326567 -11.325763 0.500000 0.500000 -1
0 -13.186979 17.854570 -11.325763 0.470093 0.896871 -1
0 -14.644979 16.820047 -11.325763 0.470093 0.912290 -1
0 -13.186979 17.854570 0.074227 0.492196 0.896871 -1
0 -13.186979 12.798573 -11.325763 0.470093 0.927709 -1
0 -13.186979 12.798573 0.074227 0.492196 0.927709 -1
0 -14.644979 16.820047 0.074227 0.492196 0.912290 -1
0 -13.186979 17.854570 -11.325763 0.000000 0.000000 -1
0 -13.186979 17.854570 11.474217 0.000000 1.000000 -1
0 -0.330408 17.854570 -11.325763 1.000000 0.000000 -1
0 -0.330408 17.854570 11.474217 1.000000 1.000000 -1
0 -13.186979 12.798573 11.474217 0.000000 0.000000 -1
0 -13.186979 12.798573 -11.325763 0.000000 1.000000 -1
0 -0.330408 12.798573 11.474217 1.000000 0.000000 -1
0 -0.330408 12.798573 -11.325763 1.000000 1.000000 -1
0 -0.330408 17.854570 11.474217 1.000000 0.000000 -1
0 0.641590 17.424559 11.474217 1.000000 0.500000 -1
0 -0.330408 12.798573 11.474217 1.000000 1.000000 -1
0 0.641590 17.424559 -11.325763 1.000000 0.500000 -1
0 -13.186979 17.854570 -11.325763 1.000000 0.000000 -1
0 -14.644979 16.820047 -11.325763 1.000000 0.500000 -1
0 -13.186979 12.798573 -11.325763 1.000000 1.000000 -1
0 -13.186979 17.854570 11.474217 0.514299 0.896871 -1
0 -14.644979 16.820047 11.474217 0.514299 0.912290 -1
0 -13.186979 12.798573 11.474217 0.514299 0.927709 -1
0 -13.149305 18.525517 7.115897 0.000000 0.000000 -1
0 -13.038195 11.338017 7.115897 0.000000 1.000000 -1
0 -7.072918 18.525517 7.115897 1.000000 0.000000 -1
0 -7.072918 11.338017 7.115897 1.000000 1.000000 -1
0 -7.072918 18.525517 7.115897 0.000000 0.000000 -1
0 -7.072918 11.338017 7.115897 0.000000 1.000000 -1
0 -7.072918 18.525517 6.178397 1.000000 0.000000 -1
0 -7.072918 11.338017 6.178397 1.000000 1.000000 -1
0 -7.072918 18.525517 6.178397 0.000000 0.000000 -1
0 -7.072918 11.338017 6.178397 0.000000 1.000000 -1
0 -13.149305 18.525517 6.178397 1.000000 0.000000 -1
0 -13.038195 11.338017 6.178397 1.000000 1.000000 -1
0 -13.149305 18.525517 6.178397 0.000000 0.000000 -1
0 -13.038195 11.338017 6.178397 0.000000 1.000000 -1
0 -13.149305 18.525517 7.115897 1.000000 0.000000 -1
0 -13.038195 11.338017 7.115897 1.000000 1.000000 -1
0 -13.149305 18.525517 7.115897 0.000000 1.000000 -1
0 -7.072918 18.525517 7.115897 1.000000 1.000000 -1
0 -13.038195 11.338017 7.115897 0.000000 0.000000 -1
0 -7.072918 11.338017 7.115897 1.000000 0.000000 -1
0 -7.072918 18.525517 -7.115897 1.000000 0.000000 -1
0 -13.038195 11.338017 -7.115897 0.000000 1.000000 -1
0 -13.149305 18.525517 -7.115897 0.000000 0.000000 -1
0 -7.072918 11.338017 -7.115897 1.000000 1.000000 -1
0 -7.072918 18.525517 -6.178397 1.000000 0.000000 -1
0 -7.072918 11.338017 -7.115897 0.000000 1.000000 -1
0 -7.072918 18.525517 -7.115897 0.000000 0.000000 -1
0 -7.072918 11.338017 -6.178397 1.000000 1.000000 -1
0 -13.149305 18.525517 -6.178397 1.000000 0.000000 -1
0 -7.072918 11.338017 -6.178397 0.000000 1.000000 -1
0 -7.072918 18.525517 -6.178397 0.000000 0.000000 -1
0 -13.038195 11.338017 -6.178397 1.000000 1.000000 -1
0 -13.149305 18.525517 -7.115897 1.000000 0.000000 -1
0 -13.038195 11.338017 -6.178397 0.000000 1.000000 -1
0 -13.149305 18.525517 -6.178397 0.000000 0.000000 -1
0 -13.038195 11.338017 -7.115897 1.000000 1.000000 -1
0 -13.149305 18.525517 -7.115897 0.000000 1.000000 -1
0 -7.072918 18.525517 -7.115897 1.000000 1.000000 -1
0 -7.072918 11.338017 -7.115897 1.000000 0.000000 -1
0 -13.038195 11.338017 -7.115897 0.000000 0.000000 -1
0 -14.191071 16.761627 15.336823 0.000000 0.000000 -1
0 -11.774402 8.650518 15.336823 0.000000 1.000000 -1
0 9.864483 19.539400 15.336823 1.000000 0.000000 -1
0 8.531151 8.650518 15.336823 1.000000 1.000000 -1
0 9.864483 19.539400 15.336823 0.000000 0.000000 -1
0 8.531151 8.650518 15.336823 0.000000 1.000000 -1
0 9.864483 19.539400 10.218729 1.000000 0.000000 -1
0 8.531151 8.650518 10.218729 1.000000 1.000000 -1
0 9.864483 19.539400 10.218729 0.000000 0.000000 -1
0 8.531151 8.650518 10.218729 0.000000 1.000000 -1
0 -14.191071 16.761627 10.218729 1.000000 0.000000 -1
0 -11.774402 8.650518 10.218729 1.000000 1.000000 -1
0 -14.191071 16.761627 10.218729 0.000000 0.000000 -1
0 -11.774402 8.650518 10.218729 0.000000 1.000000 -1
0 -14.191071 16.761627 15.336823 1.000000 0.000000 -1
0 -11.774402 8.650518 15.336823 1.000000 1.000000 -1
0 -14.191071 16.761627 15.336823 0.000000 1.000000 -1
0 9.864483 19.539400 15.336823 1.000000 1.000000 -1
0 -11.774402 8.650518 15.336823 0.000000 0.000000 -1
0 8.531151 8.650518 15.336823 1.000000 0.000000 -1
0 9.864483 19.539400 -15.336823 1.000000 0.000000 -1
0 -11.774402 8.650518 -15.336823 0.000000 1.000000 -1
0 -14.191071 16.761627 -15.336823 0.000000 0.000000 -1
0 8.531151 8.650518 -15.336823 1.000000 1.000000 -1
0 9.864483 19.539400 -10.218729 1.000000 0.000000 -1
0 8.531151 8.650518 -15.336823 0.000000 1.000000 -1
0 9.864483 19.539400 -15.336823 0.000000 0.000000 -1
0 8.531151 8.650518 -10.218729 1.000000 1.000000 -1
0 -14.191071 16.761627 -10.218729 1.000000 0.000000 -1
0 8.531151 8.650518 -10.218729 0.000000 1.000000 -1
0 9.864483 19.539400 -10.218729 0.000000 0.000000 -1
0 -11.774402 8.650518 -10.218729 1.000000 1.000000 -1
0 -14.191071 16.761627 -15.336823 1.000000 0.000000 -1
0 -11.774402 8.650518 -10.218729 0.000000 1.000000 -1
0 -14.191071 16.761627 -10.218729 0.000000 0.000000 -1
0 -11.774402 8.650518 -15.336823 1.000000 1.000000 -1
0 -14.191071 16.761627 -15.336823 0.000000 1.000000 -1
0 9.864483 19.539400 -15.336823 1.000000 1.000000 -1
0 8.531151 8.650518 -15.336823 1.000000 0.000000 -1
0 -11.774402 8.650518 -15.336823 0.000000 0.000000 -1
0 -11.441072 20.761629 3.000000 0.000000 0.000000 -1
0 -12.996628 17.094963 3.000000 0.000000 1.000000 -1
0 -6.996628 20.317184 3.000000 1.000000 0.000000 -1
0 -6.996628 17.094963 3.000000 1.000000 1.000000 -1
0 -6.996628 20.317184 3.000000 0.000000 0.000000 -1
0 -6.996628 17.094963 3.000000 0.000000 1.000000 -1
0 -6.996628 20.317184 -3.000000 1.000000 0.000000 -1
0 -6.996628 17.094963 -3.000000 1.000000 1.000000 -1
0 -6.996628 20.317184 -3.000000 0.000000 0.000000 -1
0 -6.996628 17.094963 -3.000000 0.000000 1.000000 -1
0 -11.441072 20.761629 -3.000000 1.000000 0.000000 -1
0 -12.996628 17.094963 -3.000000 1.000000 1.000000 -1
0 -11.441072 20.761629 -3.000000 0.000000 0.000000 -1
0 -12.996628 17.094963 -3.000000 0.000000 1.000000 -1
0 -11.441072 20.761629 3.000000 1.000000 0.000000 -1
0 -12.996628 17.094963 3.000000 1.000000 1.000000 -1
0 -11.441072 20.761629 3.000000 0.000000 1.000000 -1
0 -6.996628 20.317184 3.000000 1.000000 1.000000 -1
0 -12.996628 17.094963 3.000000 0.000000 0.000000 -1
0 -6.996628 17.094963 3.000000 1.000000 0.000000 -1
0 10.753382 14.444446 -11.460590 0.000000 0.000000 -1
0 10.714558 12.100570 -11.460590 0.000000 0.000000 -1
0 8.308931 14.444446 -11.460590 0.000000 0.000000 -1
0 10.753382 14.444445 11.539404 0.000000 0.000000 -1
0 8.308931 14.444445 11.539404 0.000000 0.000000 -1
0 10.714558 12.100570 11.539404 0.000000 0.000000 -1
0 10.753382 14.444446 -11.460590 0.000000 1.000000 -1
0 10.714558 12.100570 -11.460590 0.083333 1.000000 -1
0 10.714558 12.100570 11.539404 0.083333 0.000000 -1
0 9.697821 10.384747 -11.460590 0.000000 0.000000 -1
0 9.697821 10.384745 11.539404 0.000000 0.000000 -1
0 9.697821 10.384745 11.539404 0.166667 0.000000 -1
0 9.697821 10.384747 -11.460590 0.166667 1.000000 -1
0 8.308931 9.756708 -11.460590 0.000000 0.000000 -1
0 8.308931 9.756702 11.539404 0.000000 0.000000 -1
0 8.308931 9.756708 -11.460590 0.250000 1.000000 -1
0 8.308931 9.756702 11.539404 0.250000 0.000000 -1
0 8.308931 19.132185 -11.460590 0.000000 0.000000 -1
0 9.697821 18.504147 -11.460590 0.000000 0.000000 -1
0 8.308931 19.132185 11.539404 0.000000 0.000000 -1
0 9.697821 18.504147 11.539404 0.000000 0.000000 -1
0 8.308931 19.132185 -11.460590 0.750000 1.000000 -1
0 8.308931 19.132185 11.539404 0.750000 0.000000 -1
0 9.697821 18.504147 11.539404 0.833333 0.000000 -1
0 9.697821 18.504147 -11.460590 0.833333 1.000000 -1
0 10.714558 16.788319 -11.460590 0.000000 0.000000 -1
0 10.714558 16.788319 11.539404 0.000000 0.000000 -1
0 10.714558 16.788319 -11.460590 0.916667 1.000000 -1
0 10.714558 16.788319 11.539404 0.916667 0.000000 -1
0 10.753382 14.444445 11.539404 1.000000 0.000000 -1
0 10.753382 14.444446 -11.460590 1.000000 1.000000 -1
0 -8.818956 20.756277 9.000000 0.096296 0.897053 -1
0 -8.528435 17.435627 9.000000 0.112044 0.897053 -1
0 5.862556 22.325081 9.000000 0.892112 0.897053 -1
0 6.153070 19.004433 9.000000 0.907860 0.897053 -1
0 5.862556 22.325081 -9.000000 0.892112 0.103704 -1
0 6.153070 19.004433 -9.000000 0.907860 0.103704 -1
0 -8.818956 20.756277 -9.000000 0.096296 0.103704 -1
0 -8.528435 17.435627 -9.000000 0.112044 0.103704 -1
53
0.000000 0.000000 1.000000
0.709825 0.704378 0.000000
0.879202 0.476449 0.000000
0.994962 -0.100254 0.000000
0.942567 0.334017 0.000000
0.000000 0.000000 -1.000000
-0.850395 0.526145 0.000000
-0.953655 0.300902 0.000000
-0.978351 -0.206954 0.000000
-0.978351 -0.206954 0.000000
-0.985107 0.171942 0.000000
-0.099738 0.995014 0.000000
0.000000 -1.000000 0.000000
0.983026 0.183468 0.000000
0.994962 -0.100254 0.000000
-0.999202 0.039951 0.000000
0.404576 0.914504 0.000000
0.740327 0.672247 0.000000
0.404576 0.914504 0.000000
0.978630 -0.205627 0.000000
0.889938 0.456082 0.000000
-0.578678 0.815556 0.000000
-0.851746 0.523955 0.000000
-0.940120 -0.340844 0.000000
-0.954464 0.298326 0.000000
0.000000 1.000000 0.000000
0.978044 0.208398 0.000000
-0.998521 0.054362 0.000000
1.000000 0.000000 0.000000
-0.999881 -0.015457 0.000000
0.992586 -0.121541 0.000000
-0.958366 -0.285541 0.000000
-0.114711 0.993399 0.000000
-0.920582 0.390550 0.000000
0.099504 0.995037 0.000000
0.999863 -0.016562 -0.000000
0.999863 -0.016562 -0.000000
0.962222 -0.272267 -0.000000
0.962222 -0.272267 0.000000
0.667069 -0.744996 -0.000000
0.667068 -0.744997 -0.000000
0.412023 -0.911174 -0.000000
0.412024 -0.911173 -0.000000
0.412022 0.911174 0.000000
0.667069 0.744996 0.000000
0.962222 0.272267 0.000000
0.962222 0.272267 0.000000
0.999863 0.016562 0.000000
0.999863 0.016562 0.000000
0.996195 0.087154 0.000000
-0.996195 -0.087156 0.000000
-0.106251 0.994339 0.000000
0.106251 -0.994339 0.000000
168
0 0 1 2 0 0 0 1
0 3 4 5 0 0 0 1
1 6 7 8 1 2 1 2
1 9 10 11 3 3 4 2
0 12 13 14 5 5 5 1
0 15 16 17 5 5 5 1
0 18 19 20 6 7 6 2
0 21 22 23 8 9 10 2
0 24 0 12 11 11 11 3
0 0 25 12 11 11 11 3
0 3 26 27 12 12 12 3
0 26 15 27 12 12 12 3
0 25 2 5 0 0 0 1
0 3 5 1 0 0 0 1
0 1 5 2 0 0 0 1
0 25 5 28 0 0 0 1
0 27 28 4 0 0 0 1
0 4 28 5 0 0 0 1
1 29 8 11 1 1 4 2
1 9 11 7 3 4 2 2
1 7 11 8 2 4 1 2
1 29 11 30 1 4 13 2
1 31 30 10 14 13 3 2
1 10 30 11 3 13 4 2
0 24 14 17 5 5 5 1
0 15 17 13 5 5 5 1
0 13 17 14 5 5 5 1
0 24 17 32 5 5 5 1
0 26 32 16 5 5 5 1
0 16 32 17 5 5 5 1
0 33 20 34 6 6 10 2
0 21 23 35 8 10 7 2
0 19 34 20 7 10 6 2
0 33 34 36 6 10 15 2
0 37 38 22 9 15 9 2
0 22 38 23 9 15 10 2
0 39 40 41 0 0 0 1
0 42 43 44 0 0 0 1
0 45 46 47 16 17 18 2
0 48 49 50 19 19 20 2
0 51 52 53 5 5 5 1
0 54 55 56 5 5 5 1
0 57 58 59 21 22 21 2
0 60 61 62 23 23 24 2
0 63 64 65 25 25 25 3
0 64 66 65 25 25 25 3
0 67 68 69 12 12 12 3
0 68 70 69 12 12 12 3
0 71 41 44 0 0 0 1
0 42 44 40 0 0 0 1
0 40 44 41 0 0 0 1
0 71 44 72 0 0 0 1
0 73 72 43 0 0 0 1
0 43 72 44 0 0 0 1
0 65 47 50 16 18 20 2
0 48 50 46 19 20 17 2
0 46 50 47 17 20 18 2
0 65 50 74 16 20 26 2
0 70 74 49 19 26 19 2
0 49 74 50 19 26 20 2
0 75 53 56 5 5 5 1
0 54 56 52 5 5 5 1
0 52 56 53 5 5 5 1
0 75 56 76 5 5 5 1
0 77 76 55 5 5 5 1
0 55 76 56 5 5 5 1
0 78 59 62 21 21 24 2
0 60 62 58 23 24 22 2
0 58 62 59 22 24 21 2
0 78 62 79 21 24 27 2
0 80 79 61 23 27 23 2
0 61 79 62 23 27 24 2
0 81 82 83 0 0 0 1
0 82 84 83 0 0 0 1
0 85 86 87 28 28 28 2
0 86 88 87 28 28 28 2
0 89 90 91 5 5 5 1
0 90 92 91 5 5 5 1
0 93 94 95 29 29 29 2
0 94 96 95 29 29 29 2
0 93 97 87 25 25 25 3
0 97 98 87 25 25 25 3
0 99 94 100 12 12 12 3
0 94 88 100 12 12 12 3
0 101 102 103 5 5 5 1
0 101 104 102 5 5 5 1
0 105 106 107 28 28 28 2
0 105 108 106 28 28 28 2
0 109 110 111 0 0 0 1
0 109 112 110 0 0 0 1
0 113 114 115 29 29 29 2
0 113 116 114 29 29 29 2
0 105 117 115 25 25 25 3
0 105 118 117 25 25 25 3
0 119 114 120 12 12 12 3
0 119 108 114 12 12 12 3
0 121 122 123 0 0 0 1
0 122 124 123 0 0 0 1
0 125 126 127 30 30 30 2
0 126 128 127 30 30 30 2
0 129 130 131 5 5 5 1
0 130 132 131 5 5 5 1
0 133 134 135 31 31 31 2
0 134 136 135 31 31 31 2
0 133 137 127 32 32 32 3
0 137 138 127 32 32 32 3
0 139 134 140 12 12 12 3
0 134 128 140 12 12 12 3
0 141 142 143 5 5 5 1
0 141 144 142 5 5 5 1
0 145 146 147 30 30 30 2
0 145 148 146 30 30 30 2
0 149 150 151 0 0 0 1
0 149 152 150 0 0 0 1
0 153 154 155 31 31 31 2
0 153 156 154 31 31 31 2
0 145 157 155 32 32 32 3
0 145 158 157 32 32 32 3
0 159 154 160 12 12 12 3
0 159 148 154 12 12 12 3
0 161 162 163 0 0 0 1
0 162 164 163 0 0 0 1
0 165 166 167 28 28 28 2
0 166 168 167 28 28 28 2
0 169 170 171 5 5 5 1
0 170 172 171 5 5 5 1
0 173 174 175 33 33 33 2
0 174 176 175 33 33 33 2
0 173 177 167 34 34 34 3
0 177 178 167 34 34 34 3
0 179 174 180 12 12 12 3
0 174 168 180 12 12 12 3
0 181 182 183 5 5 5 2
0 184 185 186 0 0 0 2
0 187 184 188 35 36 37 1
0 184 189 188 36 38 37 1
0 182 190 183 5 5 5 2
0 186 185 191 0 0 0 2
0 188 189 192 37 38 39 1
0 188 192 193 37 39 40 1
0 190 194 183 5 5 5 2
0 191 185 195 0 0 0 2
0 193 192 196 40 39 41 1
0 192 197 196 39 42 41 1
0 198 199 183 5 5 5 2
0 200 185 201 0 0 0 2
0 202 203 204 43 43 44 1
0 202 204 205 43 44 44 1
0 199 206 183 5 5 5 2
0 201 185 207 0 0 0 2
0 205 204 208 44 44 45 1
0 204 209 208 44 46 45 1
0 206 181 183 5 5 5 2
0 207 185 184 0 0 0 2
0 208 209 210 45 46 47 1
0 208 210 211 45 47 48 1
0 212 213 214 0 0 0 1
0 213 215 214 0 0 0 1
0 214 215 216 49 49 49 2
0 215 217 216 49 49 49 2
0 216 217 218 5 5 5 1
0 217 219 218 5 5 5 1
0 218 219 212 50 50 50 2
0 219 213 212 50 50 50 2
0 218 212 216 51 51 51 3
0 212 214 216 51 51 51 3
0 213 219 215 52 52 52 3
0 219 217 215 52 52 52 3

Materials: 1
"pwrcrate"
0.900000 0.900000 0.900000 1.000000
0.800000 0.800000 0.800000 1.000000
0.000000 0.000000 0.000000 1.000000
0.384314 0.384314 0.384314 1.000000
0.000000
1.000000
"ammo.jpg"
""

Bones: 0
GroupComments: 0
MaterialComments: 0
BoneComments: 0
ModelComment: 0
