// MilkShape 3D ASCII

Frames: 30
Frame: 1

Meshes: 19
"Duplicate11" 0 2
24
0 31.397972 26.692406 72.880554 0.694760 0.886354 -1
0 -32.794727 26.692406 72.880554 0.411477 0.886354 -1
0 31.397970 25.776024 72.019882 0.694760 0.891841 -1
0 -32.794727 25.776024 72.019882 0.411477 0.891841 -1
0 31.397970 25.776024 72.019882 0.105825 0.165541 -1
0 -32.794727 25.776024 72.019882 0.105825 0.165541 -1
0 -32.794727 25.905655 -59.534767 0.664047 0.165070 -1
0 31.397966 25.905655 -59.534760 0.664047 0.165070 -1
0 31.397961 26.534996 -59.423225 0.663574 0.162780 -1
0 -32.794731 26.534996 -59.423233 0.663574 0.162780 -1
0 31.397961 26.534996 -59.423225 0.670460 0.640848 -1
0 -32.794731 26.534996 -59.423233 0.660933 0.333489 -1
0 -32.794724 40.164352 -28.034771 0.510131 0.338900 -1
0 31.397966 40.164352 -28.034779 0.519659 0.646260 -1
0 31.397972 40.164352 50.242115 0.143588 0.659757 -1
0 -32.794724 40.164352 50.242119 0.134061 0.352396 -1
0 -32.794727 26.692406 72.880554 0.025298 0.356300 -1
0 31.397972 26.692406 72.880554 0.034826 0.663660 -1
0 31.397966 40.164352 -28.034779 0.530385 0.113196 -1
0 31.397972 40.164352 50.242115 0.198234 0.113196 -1
0 31.397972 26.692406 72.880554 0.102173 0.162208 -1
0 -32.794724 40.164352 50.242119 0.198234 0.113196 -1
0 -32.794724 40.164352 -28.034771 0.530384 0.113196 -1
0 -32.794727 26.692406 72.880554 0.102173 0.162208 -1
12
0.847511 0.074048 0.525587
-0.767578 0.089419 0.634688
0.478488 -0.806060 0.348306
-0.478487 -0.806060 0.348305
-0.613955 -0.506819 -0.605140
0.613957 -0.506813 -0.605142
0.750349 0.409604 -0.518846
-0.862280 0.313801 -0.397495
-0.247400 0.948660 -0.197073
0.454803 0.871976 -0.181143
0.460351 0.855953 0.235419
-0.719876 0.669251 0.184069
20
0 0 1 2 0 1 2 1
0 1 3 2 1 3 2 1
0 4 5 6 2 3 4 1
0 4 6 7 2 4 5 1
0 7 6 8 5 4 6 1
0 6 9 8 4 7 6 1
0 10 11 12 6 7 8 1
0 10 12 13 6 8 9 1
0 13 12 14 9 8 10 1
0 12 15 14 8 11 10 1
0 14 15 16 10 11 1 1
0 14 16 17 10 1 0 1
0 18 19 8 9 10 6 1
0 8 19 20 6 10 0 1
0 20 4 8 0 2 6 1
0 8 4 7 6 2 5 1
0 21 22 9 11 8 7 1
0 21 9 23 11 7 1 1
0 23 9 6 1 7 4 1
0 23 6 5 1 4 3 1
"tread" 0 2
48
0 30.853689 12.472172 72.319550 0.699148 0.932924 -1
0 20.082874 12.472172 72.319565 0.646731 0.932924 -1
0 30.853710 0.205258 47.131596 0.699148 0.971961 -1
0 20.082870 0.205258 47.131592 0.646731 0.971961 -1
0 30.853710 0.205258 47.131596 0.137566 0.322821 -1
0 20.082870 0.205258 47.131592 0.137566 0.322821 -1
0 20.082861 0.205258 -48.494324 0.579494 0.322821 -1
0 30.853703 0.205258 -48.494324 0.579494 0.322821 -1
0 30.853703 0.205258 -48.494324 0.699148 0.971961 -1
0 20.082861 0.205258 -48.494324 0.646731 0.971961 -1
0 30.853680 15.222172 -65.932289 0.699148 0.924172 -1
0 20.082859 15.222172 -65.932281 0.646731 0.924172 -1
0 20.082863 25.489082 -59.994324 0.646731 0.891499 -1
0 30.853701 25.489082 -59.994308 0.699148 0.891499 -1
0 30.853701 25.489082 -59.994308 0.632640 0.224498 -1
0 20.082863 25.489082 -59.994324 0.632640 0.224498 -1
0 30.853704 25.739082 69.131584 0.009853 0.226130 -1
0 20.082870 25.739082 69.131592 0.009853 0.226130 -1
0 30.853704 25.739082 69.131584 0.699148 0.890704 -1
0 20.082870 25.739082 69.131592 0.646731 0.890704 -1
0 30.853710 1.898525 44.314266 0.699148 0.966573 -1
0 20.082865 13.872166 69.886475 0.646731 0.928468 -1
0 30.853693 13.872166 69.886475 0.699148 0.928468 -1
0 20.082870 1.898525 44.314270 0.646731 0.966573 -1
0 20.082865 1.898525 -46.177010 0.646731 0.966573 -1
0 30.853703 1.898525 -46.177002 0.699148 0.966573 -1
0 30.853682 15.222172 -62.249191 0.699148 0.924172 -1
0 20.082865 15.222172 -62.249191 0.646731 0.924172 -1
0 20.082861 23.795818 -57.737999 0.646731 0.896887 -1
0 30.853703 23.795818 -57.737991 0.699148 0.896887 -1
0 30.853708 24.045818 66.875259 0.020281 0.232714 -1
0 20.082861 23.795818 -57.737999 0.622213 0.231082 -1
0 30.853703 23.795818 -57.737991 0.622213 0.231082 -1
0 20.082869 24.045818 66.875259 0.020281 0.232714 -1
0 20.082869 24.045818 66.875259 0.646731 0.896092 -1
0 30.853708 24.045818 66.875259 0.699148 0.896092 -1
0 30.853680 15.222172 -65.932289 0.660082 0.264423 -1
0 30.853682 15.222172 -62.249191 0.643061 0.264423 -1
0 30.853703 1.898525 -46.177002 0.568784 0.316236 -1
0 30.853710 1.898525 44.314266 0.150586 0.316236 -1
0 30.853689 12.472172 72.319550 0.030277 0.271211 -1
0 30.853693 13.872166 69.886475 0.041521 0.265767 -1
0 20.082874 12.472172 72.319565 0.030276 0.271211 -1
0 20.082865 13.872166 69.886475 0.041521 0.265767 -1
0 20.082870 1.898525 44.314270 0.150586 0.316236 -1
0 20.082865 1.898525 -46.177010 0.568784 0.316236 -1
0 20.082859 15.222172 -65.932281 0.660082 0.264423 -1
0 20.082865 15.222172 -62.249191 0.643061 0.264423 -1
24
0.887304 -0.196805 0.417084
-0.693274 -0.307539 0.651760
0.609933 -0.772194 0.178039
-0.838587 -0.530840 0.122392
-0.624702 -0.732046 -0.271764
0.848003 -0.496858 -0.184454
0.697787 -0.119599 -0.706250
-0.889656 -0.076241 -0.450222
-0.654363 0.654648 -0.378476
0.865857 0.433118 -0.250401
0.690905 0.568220 0.446964
-0.886058 0.364360 0.286606
0.609269 0.774032 -0.172239
-0.703277 0.291545 -0.648385
0.892480 0.184989 -0.411410
-0.838156 0.532409 -0.118472
-0.623393 0.735548 0.265237
0.847183 0.499800 0.180226
0.694666 0.140887 0.705401
-0.888031 0.090052 0.450878
-0.658755 -0.643666 0.389534
0.868386 -0.424249 0.256746
0.683673 -0.585137 -0.436126
-0.882210 -0.377529 -0.281386
48
0 0 1 2 0 1 2 1
0 1 3 2 1 3 2 1
0 4 5 6 2 3 4 1
0 4 6 7 2 4 5 1
0 8 9 10 5 4 6 1
0 9 11 10 4 7 6 1
0 10 11 12 6 7 8 1
0 10 12 13 6 8 9 1
0 14 15 16 9 8 10 1
0 15 17 16 8 11 10 1
0 18 19 1 10 11 1 1
0 18 1 0 10 1 0 1
0 20 21 22 12 13 14 1
0 20 23 21 12 15 13 1
0 24 23 20 16 15 12 1
0 25 24 20 17 16 12 1
0 26 24 25 18 16 17 1
0 26 27 24 18 19 16 1
0 28 27 26 20 19 18 1
0 29 28 26 21 20 18 1
0 30 31 32 22 20 21 1
0 30 33 31 22 23 20 1
0 21 34 35 13 23 22 1
0 22 21 35 14 13 22 1
0 14 16 30 9 10 22 1
0 14 30 32 9 22 21 1
0 36 14 32 6 9 21 1
0 36 32 37 6 21 18 1
0 7 36 37 5 6 18 1
0 7 37 38 5 18 17 1
0 4 7 38 2 5 17 1
0 4 38 39 2 17 12 1
0 4 39 40 2 12 0 1
0 40 39 41 0 12 14 1
0 40 41 16 0 14 10 1
0 16 41 30 10 14 22 1
0 17 15 31 11 8 20 1
0 17 31 33 11 20 23 1
0 42 17 33 1 11 23 1
0 42 33 43 1 23 13 1
0 5 42 43 3 1 13 1
0 5 43 44 3 13 15 1
0 6 5 44 4 3 15 1
0 6 44 45 4 15 16 1
0 46 6 45 7 4 16 1
0 46 45 47 7 16 19 1
0 15 46 47 8 7 19 1
0 15 47 31 8 19 20 1
"Duplicate14" 0 2
12
0 5.555370 41.566349 20.236454 0.291892 0.519958 -1
0 5.555377 41.566349 49.682022 0.118870 0.520390 -1
0 5.657384 11.551090 20.236454 0.291893 0.520502 -1
0 5.657382 11.551090 49.682011 0.118871 0.520935 -1
0 -26.447054 11.551090 49.682018 0.118479 0.349340 -1
0 -26.447050 11.551090 20.236456 0.291501 0.348908 -1
0 -26.344992 41.566349 20.236456 0.291502 0.349454 -1
0 -26.344990 41.566349 49.682018 0.118480 0.349886 -1
0 -20.927206 45.581619 42.715351 0.159483 0.378741 -1
0 -20.927206 45.581619 20.236456 0.291568 0.378411 -1
0 5.709029 45.581619 20.236454 0.291893 0.520779 -1
0 5.709032 45.581619 42.715351 0.159808 0.521109 -1
12
0.706923 -0.012320 -0.707184
0.836122 0.166599 0.522633
0.578002 -0.576041 -0.578005
0.578002 -0.576041 0.578005
-0.578002 -0.576040 0.578006
-0.578002 -0.576040 -0.578006
-0.594731 0.300757 -0.745547
-0.442664 0.704637 0.554559
-0.255775 0.960768 0.107252
-0.277414 0.840221 -0.465907
0.584425 0.562488 -0.584853
0.328440 0.885650 0.328255
20
0 0 1 2 0 1 2 1
0 1 3 2 1 3 2 1
0 2 3 4 2 3 4 1
0 2 4 5 2 4 5 1
0 5 4 6 5 4 6 1
0 4 7 6 4 7 6 1
0 6 7 8 6 7 8 1
0 6 8 9 6 8 9 1
0 9 8 10 9 8 10 1
0 8 11 10 8 11 10 1
0 10 11 1 10 11 1 1
0 10 1 0 10 1 0 1
0 9 10 6 9 10 6 1
0 6 10 0 6 10 0 1
0 0 2 6 0 2 6 1
0 6 2 5 6 2 5 1
0 11 8 7 11 8 7 1
0 11 7 1 11 7 1 1
0 1 7 4 1 7 4 1
0 1 4 3 1 4 3 1
"Box02" 0 2
8
0 24.718287 25.963840 48.764370 0.644731 0.861585 -1
0 24.718287 11.497173 48.764370 0.644731 0.925522 -1
0 -26.615040 25.963840 48.764362 0.463662 0.861585 -1
0 -26.615040 11.497173 48.764362 0.463662 0.925522 -1
0 -26.615047 25.963840 71.164383 0.463662 0.861585 -1
0 -26.615046 11.497173 60.097702 0.463662 0.925522 -1
0 24.718287 25.963840 71.164368 0.644731 0.861585 -1
0 24.718290 11.497173 60.097702 0.644731 0.925522 -1
12
0.000000 0.000000 -1.000000
-1.000000 0.000000 -0.000000
-1.000000 0.000000 -0.000000
-1.000000 0.000000 -0.000001
0.000000 -0.607586 0.794254
0.000000 -0.607586 0.794254
0.000000 -0.607586 0.794254
1.000000 0.000000 0.000000
1.000000 0.000000 -0.000000
1.000000 0.000000 -0.000000
0.000000 1.000000 0.000000
0.000000 -1.000000 0.000000
12
0 0 1 2 0 0 0 1
0 1 3 2 0 0 0 1
0 2 3 4 1 2 2 2
0 3 5 4 2 3 2 2
0 4 5 6 4 5 5 1
0 5 7 6 5 6 5 1
0 6 7 0 7 8 8 2
0 7 1 0 8 9 8 2
0 6 0 4 10 10 10 3
0 0 2 4 10 10 10 3
0 1 7 3 11 11 11 3
0 7 5 3 11 11 11 3
"Duplicate27" 0 2
18
0 24.698215 41.566349 -60.960205 0.669427 0.642648 -1
0 24.698219 41.566349 20.477980 0.366843 0.642198 -1
0 24.800232 11.551090 -60.960205 0.669423 0.643246 -1
0 24.800232 11.551090 20.477980 0.366840 0.642797 -1
0 -26.447048 11.551090 20.477983 0.368507 0.341848 -1
0 -26.447062 11.551090 -60.960205 0.671089 0.342297 -1
0 -26.345001 41.566349 -60.960213 0.671086 0.342897 -1
0 -26.344990 41.566349 20.477983 0.368504 0.342447 -1
0 -20.927204 45.581619 20.380144 0.368065 0.413412 -1
0 -20.927212 45.581619 -60.960205 0.670191 0.413712 -1
0 19.280455 45.581619 -60.960213 0.668884 0.571623 -1
0 19.280455 45.581619 20.380142 0.366758 0.571322 -1
0 -20.927212 45.581619 -60.960205 0.251367 0.782052 -1
0 19.280455 45.581619 -60.960213 0.107846 0.782052 -1
0 -26.345001 41.566349 -60.960213 0.270706 0.799466 -1
0 24.698215 41.566349 -60.960205 0.088508 0.799466 -1
0 24.800232 11.551090 -60.960205 0.088144 0.929643 -1
0 -26.447062 11.551090 -60.960205 0.271070 0.929643 -1
12
0.594732 0.300755 -0.745547
0.682424 0.350312 0.641544
0.578002 -0.576041 -0.578005
0.578002 -0.576041 0.578005
-0.578002 -0.576040 0.578006
-0.578002 -0.576041 -0.578006
-0.594731 0.300757 -0.745547
-0.455394 0.244200 0.856144
-0.301478 0.919271 0.253085
-0.277414 0.840222 -0.465907
0.277415 0.840221 -0.465907
0.213437 0.663911 0.716705
20
0 0 1 2 0 1 2 1
0 1 3 2 1 3 2 1
0 2 3 4 2 3 4 1
0 2 4 5 2 4 5 1
0 5 4 6 5 4 6 1
0 4 7 6 4 7 6 1
0 6 7 8 6 7 8 1
0 6 8 9 6 8 9 1
0 9 8 10 9 8 10 1
0 8 11 10 8 11 10 1
0 10 11 1 10 11 1 1
0 10 1 0 10 1 0 1
0 12 13 14 9 10 6 1
0 14 13 15 6 10 0 1
0 15 16 14 0 2 6 1
0 14 16 17 6 2 5 1
0 11 8 7 11 8 7 1
0 11 7 1 11 7 1 1
0 1 7 4 1 7 4 1
0 1 4 3 1 4 3 1
"Box03" 0 2
8
0 25.527802 41.697174 20.051960 0.262677 0.647112 -1
0 5.646857 11.530506 20.051962 0.262840 0.533016 -1
0 5.646857 41.697174 20.051962 0.262840 0.533016 -1
0 25.527802 11.530506 20.051960 0.262677 0.647112 -1
0 25.527802 41.697174 49.718616 0.125458 0.646940 -1
0 25.527802 11.530506 49.718616 0.125458 0.646940 -1
0 5.646861 41.697174 49.718624 0.125620 0.532844 -1
0 5.646861 11.530506 49.718624 0.125620 0.532844 -1
6
-0.000000 0.000000 -1.000000
1.000000 0.000000 0.000000
0.000000 0.000000 1.000000
-1.000000 0.000000 0.000000
0.000000 1.000000 0.000000
0.000000 -1.000000 0.000000
12
0 0 1 2 0 0 0 1
0 0 3 1 0 0 0 1
0 4 3 0 1 1 1 2
0 4 5 3 1 1 1 2
0 6 5 4 2 2 2 1
0 6 7 5 2 2 2 1
0 2 7 6 3 3 3 2
0 2 1 7 3 3 3 2
0 4 2 6 4 4 4 3
0 4 0 2 4 4 4 3
0 3 7 1 5 5 5 3
0 3 5 7 5 5 5 3
"Cylinder06" 0 2
19
0 6.484908 44.423691 31.218624 0.210942 0.532295 -1
0 15.444474 45.916954 31.218624 0.211075 0.565713 -1
0 6.445575 44.423691 18.709414 0.250322 0.531913 -1
0 6.484908 41.572918 31.218624 0.586237 0.788813 -1
0 6.484908 44.423691 31.218624 0.586237 0.778945 -1
0 6.445575 41.572918 18.709414 0.586109 0.788813 -1
0 6.445575 44.423691 18.709414 0.586109 0.778945 -1
0 24.443371 44.423691 18.709414 0.250589 0.599042 -1
0 24.443371 44.423691 18.709414 0.644992 0.778945 -1
0 24.443371 41.572918 18.709414 0.644992 0.788813 -1
0 24.404039 44.423691 31.218624 0.211208 0.599130 -1
0 24.404039 41.572918 31.218624 0.644863 0.788813 -1
0 24.404039 44.423691 31.218624 0.644863 0.778945 -1
0 19.924257 44.423691 38.977837 0.186715 0.582567 -1
0 19.924257 44.423691 38.977837 0.630207 0.778945 -1
0 19.924257 41.572918 38.977837 0.630207 0.788813 -1
0 10.964687 44.423691 38.977829 0.186582 0.549150 -1
0 10.964687 41.572918 38.977829 0.600894 0.788813 -1
0 10.964687 44.423691 38.977829 0.600894 0.778945 -1
16
-0.164213 0.985278 0.047557
-0.000000 0.999031 0.044017
-0.082627 0.994814 -0.059314
-0.965518 0.000000 0.260337
-0.708218 0.000000 -0.705994
-0.708218 0.000000 -0.705994
0.082627 0.994814 -0.059314
0.708218 0.000000 -0.705994
0.708218 0.000000 -0.705994
0.164213 0.985278 0.047557
0.965518 0.000000 0.260337
0.965518 0.000000 0.260337
0.082200 0.986394 0.142374
0.500000 0.000000 0.866026
-0.082200 0.986394 0.142374
-0.500000 0.000000 0.866025
18
0 0 1 2 0 1 2 2
0 3 4 5 3 3 4 1
0 4 6 5 3 5 4 1
0 2 1 7 2 1 6 2
0 5 6 8 4 5 7 1
0 5 8 9 4 7 8 1
0 7 1 10 6 1 9 2
0 9 8 11 8 7 10 1
0 8 12 11 7 11 10 1
0 10 1 13 9 1 12 2
0 11 12 14 10 11 13 1
0 11 14 15 10 13 13 1
0 13 1 16 12 1 14 2
0 15 14 17 13 13 15 1
0 14 18 17 13 15 15 1
0 16 1 0 14 1 0 2
0 17 18 4 15 15 3 1
0 17 4 3 15 3 3 1
"turretbase" 0 2
25
0 1.756703 61.152687 -16.091705 0.509561 0.514399 -1
0 -4.974215 61.152687 0.158179 0.418791 0.479382 -1
0 11.275669 61.152687 -6.572741 0.456047 0.563262 -1
0 1.756703 45.500290 -16.091705 0.509561 0.514399 -1
0 1.925430 51.743156 -22.707035 0.546579 0.515402 -1
0 15.319565 51.743156 -9.312897 0.471279 0.584158 -1
0 11.275669 45.500290 -6.572741 0.456047 0.563262 -1
0 11.275669 61.152687 6.889098 0.380709 0.562990 -1
0 11.275669 45.500290 6.889098 0.380709 0.562990 -1
0 15.319567 51.743156 9.629254 0.365272 0.583775 -1
0 1.756707 61.152687 16.408060 0.327679 0.513741 -1
0 1.925436 51.743156 23.023390 0.290653 0.514476 -1
0 1.756707 45.500290 16.408060 0.327679 0.513741 -1
0 -17.133703 61.152687 16.408062 0.328158 0.416389 -1
0 -17.133703 45.500290 16.408062 0.328158 0.416389 -1
0 -17.016722 51.743156 23.023390 0.291134 0.416857 -1
0 -21.224092 61.152687 6.889101 0.381534 0.395502 -1
0 -30.410841 51.743156 9.629258 0.366433 0.348102 -1
0 -21.224092 45.500290 6.889101 0.381534 0.395502 -1
0 -21.224091 61.152687 -6.572741 0.456872 0.395774 -1
0 -21.224091 45.500290 -6.572741 0.456872 0.395774 -1
0 -30.410843 51.743156 -9.312902 0.472441 0.348486 -1
0 -17.133707 61.152687 -16.091705 0.510041 0.417047 -1
0 -17.016726 51.743156 -22.707031 0.547060 0.417784 -1
0 -17.133707 45.500290 -16.091705 0.510041 0.417047 -1
25
0.000000 1.000000 0.000000
0.293243 -0.699034 -0.652197
0.401933 -0.103723 -0.909775
0.923054 -0.095142 -0.372720
0.737484 -0.607355 -0.295360
0.334203 0.546067 -0.768192
0.825909 0.452781 -0.335953
0.737483 -0.607356 0.295360
0.923054 -0.095142 0.372720
0.825909 0.452781 0.335952
0.401933 -0.103723 0.909775
0.293243 -0.699034 0.652197
0.334203 0.546067 0.768192
-0.285539 -0.767220 0.574318
-0.404202 -0.102696 0.908886
-0.349592 0.627700 0.695542
-0.940034 -0.102626 0.325275
-0.536284 -0.836981 0.108919
-0.687744 0.712287 0.140195
-0.632288 -0.746406 -0.207584
-0.914608 -0.108868 -0.389409
-0.752148 0.613723 -0.240035
-0.493528 -0.102041 -0.863723
-0.488704 -0.630189 -0.603349
-0.519576 0.487075 -0.701996
40
0 0 1 2 0 0 0 2
0 3 4 5 1 2 3 1
0 3 5 6 1 3 4 1
0 4 0 5 2 5 3 1
0 0 2 5 5 6 3 1
0 2 1 7 0 0 0 2
0 6 5 8 4 3 7 1
0 5 9 8 3 8 7 1
0 5 2 7 3 6 9 1
0 5 7 9 3 9 8 1
0 7 1 10 0 0 0 2
0 8 9 11 7 8 10 1
0 8 11 12 7 10 11 1
0 9 7 11 8 9 10 1
0 7 10 11 9 12 10 1
0 10 1 13 0 0 0 2
0 12 11 14 11 10 13 1
0 11 15 14 10 14 13 1
0 11 10 13 10 12 15 1
0 11 13 15 10 15 14 1
0 13 1 16 0 0 0 2
0 14 15 17 13 14 16 1
0 14 17 18 13 16 17 1
0 15 13 17 14 15 16 1
0 13 16 17 15 18 16 1
0 16 1 19 0 0 0 2
0 18 17 20 17 16 19 1
0 17 21 20 16 20 19 1
0 17 16 19 16 18 21 1
0 17 19 21 16 21 20 1
0 19 1 22 0 0 0 2
0 20 21 23 19 20 22 1
0 20 23 24 19 22 23 1
0 21 19 23 20 21 22 1
0 19 22 23 21 24 22 1
0 22 1 0 0 0 0 2
0 24 23 3 23 22 1 1
0 23 4 3 22 2 1 1
0 23 22 0 22 24 5 1
0 23 0 4 22 5 2 1
"turretback" 0 2
24
0 11.325422 60.220989 -26.448029 0.102986 0.721746 -1
0 11.325421 48.554321 -28.948025 0.102986 0.769832 -1
0 -21.150759 60.220989 -26.448025 0.287864 0.721746 -1
0 -21.150759 48.554321 -28.948029 0.287864 0.769832 -1
0 -21.150759 60.220989 -26.448025 0.550316 0.037010 -1
0 -21.150759 48.554321 -28.948029 0.559285 0.091827 -1
0 -21.150763 61.054321 -6.614697 0.479164 0.033095 -1
0 -25.579334 48.554321 -5.448032 0.474979 0.091827 -1
0 -21.150763 61.054321 -6.614697 0.287864 0.718311 -1
0 -25.579334 48.554321 -5.448032 0.313074 0.769832 -1
0 11.325425 61.054317 -6.614698 0.102986 0.718311 -1
0 11.325425 48.554321 -5.448032 0.102986 0.769832 -1
0 11.325425 61.054317 -6.614698 0.479164 0.033095 -1
0 11.325425 48.554321 -5.448032 0.474979 0.091827 -1
0 11.325422 60.220989 -26.448029 0.550316 0.037010 -1
0 11.325421 48.554321 -28.948025 0.559285 0.091827 -1
0 11.325425 61.054317 -6.614698 0.443209 0.569782 -1
0 11.325422 60.220989 -26.448029 0.525713 0.569749 -1
0 -21.150763 61.054321 -6.614697 0.443152 0.388710 -1
0 -21.150759 60.220989 -26.448025 0.525655 0.388678 -1
0 11.325421 48.554321 -28.948025 0.536113 0.569746 -1
0 11.325425 48.554321 -5.448032 0.438356 0.569783 -1
0 -21.150759 48.554321 -28.948029 0.536055 0.388674 -1
0 -25.579334 48.554321 -5.448032 0.438291 0.364020 -1
16
-0.000000 0.209529 -0.977802
-0.000000 0.209529 -0.977802
0.000000 0.209529 -0.977802
-1.000000 0.000000 -0.000000
-0.983097 0.159763 -0.089420
-0.932960 0.314125 -0.175816
0.000000 0.092929 0.995673
0.000000 0.092929 0.995673
0.000000 0.092929 0.995673
1.000000 -0.000000 -0.000000
1.000000 -0.000000 -0.000000
1.000000 -0.000000 -0.000000
0.000000 0.999118 -0.041980
0.000000 0.999118 -0.041980
-0.000000 0.999118 -0.041980
0.000000 -1.000000 0.000000
12
0 0 1 2 0 1 1 1
0 1 3 2 1 2 1 1
0 4 5 6 3 4 4 2
0 5 7 6 4 5 4 2
0 8 9 10 6 7 7 1
0 9 11 10 7 8 7 1
0 12 13 14 9 10 10 2
0 13 15 14 10 11 10 2
0 16 17 18 12 13 13 3
0 17 19 18 13 14 13 3
0 20 21 22 15 15 15 3
0 21 23 22 15 15 15 3
"turrethatch" 0 2
18
0 -4.010745 56.920792 -3.062976 0.526810 0.706552 -1
0 -4.010748 63.030167 -3.062978 0.526810 0.691114 -1
0 -7.982541 56.920792 3.816363 0.510338 0.706552 -1
0 -7.982541 63.030167 3.816363 0.510338 0.691114 -1
0 -15.926123 63.030167 3.816363 0.477395 0.691114 -1
0 -15.926119 56.920792 3.816365 0.477395 0.706552 -1
0 -19.897911 56.920792 -3.062972 0.460923 0.706552 -1
0 -19.897911 63.030167 -3.062972 0.460923 0.691114 -1
0 -18.747437 63.030167 -9.942327 0.465694 0.691114 -1
0 -18.747433 56.920792 -9.942327 0.465694 0.706552 -1
0 -5.161229 56.920792 -9.942323 0.522038 0.706552 -1
0 -5.161226 63.030167 -9.942328 0.522038 0.691114 -1
0 -5.161226 63.030167 -9.942328 0.466564 0.477252 -1
0 -18.747437 63.030167 -9.942327 0.466288 0.405709 -1
0 -19.897911 63.030167 -3.062972 0.432298 0.399787 -1
0 -4.010748 63.030167 -3.062978 0.432621 0.483447 -1
0 -15.926123 63.030167 3.816363 0.398412 0.420838 -1
0 -7.982541 63.030167 3.816363 0.398573 0.462668 -1
12
0.984031 0.000001 0.177994
0.769576 0.623197 0.139203
0.500000 0.000000 0.866026
0.433013 0.500000 0.750000
-0.433013 0.500000 0.750000
-0.500000 -0.000000 0.866026
-0.984031 -0.000000 0.177995
-0.523011 0.847060 0.094604
-0.614058 0.311293 -0.725279
-0.646163 -0.000000 -0.763199
0.646163 -0.000000 -0.763199
0.392024 0.794935 -0.463029
16
0 0 1 2 0 1 2 1
0 1 3 2 1 3 2 1
0 2 3 4 2 3 4 1
0 2 4 5 2 4 5 1
0 5 4 6 5 4 6 1
0 4 7 6 4 7 6 1
0 6 7 8 6 7 8 1
0 6 8 9 6 8 9 1
0 9 8 10 9 8 10 1
0 8 11 10 8 11 10 1
0 10 11 1 10 11 1 1
0 10 1 0 10 1 0 1
0 12 13 14 11 8 7 1
0 12 14 15 11 7 1 1
0 15 14 16 1 7 4 1
0 15 16 17 1 4 3 1
"gunbarrel" 0 2
49
0 -8.519478 53.863838 66.635292 0.083643 0.065976 -1
0 -8.195303 53.081196 66.635292 0.083643 0.070250 -1
0 -7.412657 53.863838 66.635292 0.083643 0.065976 -1
0 -8.519479 53.863838 61.701958 0.108350 0.065976 -1
0 -8.195302 53.081200 61.701954 0.108350 0.070250 -1
0 -8.185597 53.863838 60.935284 0.112189 0.065976 -1
0 -7.959205 53.317291 60.935295 0.112189 0.068961 -1
0 -8.464146 53.863838 28.668629 0.273787 0.065976 -1
0 -8.156177 53.120327 28.668633 0.273787 0.070036 -1
0 -10.500160 53.863838 19.068640 0.321866 0.065976 -1
0 -9.595851 51.680649 19.068640 0.321866 0.077899 -1
0 -10.500162 53.863838 -0.031363 0.417523 0.065976 -1
0 -9.595854 51.680649 -0.031364 0.417523 0.077899 -1
0 -7.412659 52.757015 66.635277 0.083643 0.072021 -1
0 -7.412654 52.757015 61.701954 0.108350 0.072021 -1
0 -7.412663 53.090904 60.935295 0.112189 0.070197 -1
0 -7.412661 52.812355 28.668629 0.273787 0.071718 -1
0 -7.412662 50.776337 19.068636 0.321866 0.082838 -1
0 -7.412662 50.776337 -0.031359 0.417523 0.082838 -1
0 -6.630014 53.081196 66.635300 0.083642 0.070250 -1
0 -6.630012 53.081200 61.701958 0.108350 0.070250 -1
0 -6.866114 53.317291 60.935291 0.112189 0.068961 -1
0 -6.669151 53.120327 28.668633 0.273787 0.070036 -1
0 -5.229469 51.680649 19.068642 0.321866 0.077899 -1
0 -5.229470 51.680649 -0.031364 0.417523 0.077899 -1
0 -6.305830 53.863838 66.635300 0.083642 0.065976 -1
0 -6.305830 53.863838 61.701962 0.108350 0.065976 -1
0 -6.639718 53.863838 60.935284 0.112189 0.065976 -1
0 -6.361177 53.863838 28.668627 0.273787 0.065976 -1
0 -4.325163 53.863838 19.068640 0.321866 0.065976 -1
0 -4.325163 53.863838 -0.031361 0.417523 0.065976 -1
0 -6.630014 54.646484 66.635300 0.083642 0.061701 -1
0 -6.630012 54.646481 61.701958 0.108350 0.061701 -1
0 -6.866105 54.410385 60.935295 0.112189 0.062991 -1
0 -6.669151 54.607353 28.668633 0.273787 0.061915 -1
0 -5.229469 56.047028 19.068638 0.321866 0.054052 -1
0 -5.229471 56.047028 -0.031359 0.417523 0.054052 -1
0 -7.412659 54.970665 66.635277 0.083643 0.059931 -1
0 -7.412654 54.970665 61.701954 0.108350 0.059931 -1
0 -7.412657 54.636772 60.935291 0.112189 0.061754 -1
0 -7.412661 54.915321 28.668629 0.273787 0.060233 -1
0 -7.412660 56.951340 19.068642 0.321866 0.049113 -1
0 -7.412663 56.951340 -0.031363 0.417523 0.049113 -1
0 -8.195303 54.646484 66.635292 0.083643 0.061701 -1
0 -8.195302 54.646481 61.701954 0.108350 0.061701 -1
0 -7.959204 54.410385 60.935303 0.112189 0.062991 -1
0 -8.156177 54.607353 28.668633 0.273787 0.061915 -1
0 -9.595851 56.047028 19.068634 0.321866 0.054052 -1
0 -9.595855 56.047028 -0.031359 0.417523 0.054052 -1
57
0.000000 0.000000 1.000000
0.000007 -0.000007 1.000000
-0.000004 -0.000000 1.000000
-1.000000 -0.000001 0.000000
-0.978735 0.000000 -0.205130
-0.707108 -0.707105 -0.000000
-0.692071 -0.692068 -0.205134
-0.979607 0.000002 -0.200925
-0.692685 -0.692687 -0.200930
-0.994069 -0.000000 0.108753
-0.702913 -0.702912 0.108753
-0.994528 0.000000 0.104469
-0.703238 -0.703237 0.104469
-1.000000 -0.000000 0.000000
-0.707107 -0.707106 0.000000
-0.000005 -0.000014 1.000000
-0.000000 -0.978734 -0.205133
-0.000000 -1.000000 -0.000000
-0.000003 -0.979605 -0.200933
0.000000 -0.994069 0.108753
-0.000000 -0.994528 0.104469
-0.000000 -1.000000 0.000000
-0.000015 -0.000005 1.000000
0.707106 -0.707108 -0.000000
0.692070 -0.692068 -0.205134
0.692683 -0.692688 -0.200932
0.702912 -0.702913 0.108754
0.703238 -0.703237 0.104469
0.707107 -0.707106 -0.000000
-0.000007 0.000000 1.000000
0.978735 -0.000002 -0.205131
1.000000 -0.000001 -0.000000
0.979606 -0.000007 -0.200928
0.994069 -0.000002 0.108754
0.994528 0.000000 0.104469
1.000000 0.000000 -0.000000
-0.000015 0.000005 1.000000
0.707107 0.707107 -0.000000
0.692071 0.692068 -0.205132
0.692685 0.692686 -0.200931
0.702911 0.702914 0.108753
0.703238 0.703237 0.104469
0.707107 0.707106 -0.000000
-0.000005 0.000014 1.000000
-0.000000 0.978734 -0.205135
-0.000000 1.000000 -0.000000
-0.000003 0.979605 -0.200934
0.000000 0.994069 0.108753
0.000000 0.994528 0.104469
0.000000 1.000000 0.000000
0.000007 0.000007 1.000000
-0.707109 0.707104 -0.000000
-0.692071 0.692067 -0.205137
-0.692684 0.692687 -0.200932
-0.702912 0.702913 0.108753
-0.703238 0.703237 0.104469
-0.707107 0.707106 0.000000
88
0 0 1 2 0 1 2 2
0 0 3 1 3 4 5 1
0 3 4 1 4 6 5 1
0 3 5 6 4 7 8 1
0 3 6 4 4 8 6 1
0 5 7 6 7 9 8 1
0 7 8 6 9 10 8 1
0 7 9 10 9 11 12 1
0 7 10 8 9 12 10 1
0 9 11 10 11 13 12 1
0 11 12 10 13 14 12 1
0 1 13 2 1 15 2 2
0 1 4 14 5 6 16 1
0 1 14 13 5 16 17 1
0 4 6 14 6 8 16 1
0 6 15 14 8 18 16 1
0 6 8 16 8 10 19 1
0 6 16 15 8 19 18 1
0 8 10 16 10 12 19 1
0 10 17 16 12 20 19 1
0 10 12 18 12 14 21 1
0 10 18 17 12 21 20 1
0 13 19 2 15 22 2 2
0 13 14 19 17 16 23 1
0 14 20 19 16 24 23 1
0 14 15 21 16 18 25 1
0 14 21 20 16 25 24 1
0 15 16 21 18 19 25 1
0 16 22 21 19 26 25 1
0 16 17 23 19 20 27 1
0 16 23 22 19 27 26 1
0 17 18 23 20 21 27 1
0 18 24 23 21 28 27 1
0 19 25 2 22 29 2 2
0 19 20 26 23 24 30 1
0 19 26 25 23 30 31 1
0 20 21 26 24 25 30 1
0 21 27 26 25 32 30 1
0 21 22 28 25 26 33 1
0 21 28 27 25 33 32 1
0 22 23 28 26 27 33 1
0 23 29 28 27 34 33 1
0 23 24 30 27 28 35 1
0 23 30 29 27 35 34 1
0 25 31 2 29 36 2 2
0 25 26 31 31 30 37 1
0 26 32 31 30 38 37 1
0 26 27 33 30 32 39 1
0 26 33 32 30 39 38 1
0 27 28 33 32 33 39 1
0 28 34 33 33 40 39 1
0 28 29 35 33 34 41 1
0 28 35 34 33 41 40 1
0 29 30 35 34 35 41 1
0 30 36 35 35 42 41 1
0 31 37 2 36 43 2 2
0 31 32 38 37 38 44 1
0 31 38 37 37 44 45 1
0 32 33 38 38 39 44 1
0 33 39 38 39 46 44 1
0 33 34 40 39 40 47 1
0 33 40 39 39 47 46 1
0 34 35 40 40 41 47 1
0 35 41 40 41 48 47 1
0 35 36 42 41 42 49 1
0 35 42 41 41 49 48 1
0 37 43 2 43 50 2 2
0 37 38 43 45 44 51 1
0 38 44 43 44 52 51 1
0 38 39 45 44 46 53 1
0 38 45 44 44 53 52 1
0 39 40 45 46 47 53 1
0 40 46 45 47 54 53 1
0 40 41 47 47 48 55 1
0 40 47 46 47 55 54 1
0 41 42 47 48 49 55 1
0 42 48 47 49 56 55 1
0 43 0 2 50 0 2 2
0 43 44 3 51 52 4 1
0 43 3 0 51 4 3 1
0 44 45 3 52 53 4 1
0 45 5 3 53 7 4 1
0 45 46 7 53 54 9 1
0 45 7 5 53 9 7 1
0 46 47 7 54 55 9 1
0 47 9 7 55 11 9 1
0 47 48 11 55 56 13 1
0 47 11 9 55 13 11 1
"turretmissile" 0 2
28
0 21.509165 46.981571 -16.117668 0.467465 0.607205 -1
0 21.509165 46.981571 18.658365 0.341638 0.610608 -1
0 15.905898 47.000633 -16.117668 0.465176 0.580010 -1
0 15.905902 47.000641 18.658363 0.339349 0.583414 -1
0 15.905902 59.902710 18.658363 0.339349 0.583414 -1
0 15.905898 59.902702 -16.117668 0.465176 0.580010 -1
0 21.509165 59.921768 -16.117661 0.467465 0.607205 -1
0 21.509165 59.921768 18.658363 0.341638 0.610608 -1
0 24.436205 57.786949 18.658363 0.342834 0.624814 -1
0 24.436203 57.786942 -16.117668 0.468661 0.621411 -1
0 24.436203 57.786942 -16.117668 0.472659 0.033583 -1
0 24.436205 57.786949 18.658363 0.340319 0.033583 -1
0 24.436203 49.116394 -16.117668 0.472659 0.093141 -1
0 24.436205 49.116402 18.658363 0.340319 0.093141 -1
0 24.436203 49.116394 -16.117668 0.468661 0.621411 -1
0 24.436205 49.116402 18.658363 0.342834 0.624814 -1
0 24.436203 57.786942 -16.117668 0.054525 0.727372 -1
0 24.436203 49.116394 -16.117668 0.054525 0.764959 -1
0 21.509165 59.921768 -16.117661 0.071004 0.718118 -1
0 21.509165 46.981571 -16.117668 0.071004 0.774212 -1
0 15.905898 47.000633 -16.117668 0.102551 0.774130 -1
0 15.905898 59.902702 -16.117668 0.102551 0.718201 -1
0 24.436205 49.116402 18.658363 0.674078 0.758983 -1
0 24.436205 57.786949 18.658363 0.674078 0.719667 -1
0 21.509165 59.921768 18.658363 0.658390 0.706080 -1
0 21.509165 46.981571 18.658365 0.658390 0.764758 -1
0 15.905902 59.902710 18.658363 0.630853 0.706167 -1
0 15.905902 47.000641 18.658363 0.630853 0.764671 -1
12
0.212350 -0.655295 -0.724911
0.241980 -0.746732 0.619546
-0.578659 -0.576693 -0.576697
-0.578659 -0.576693 0.576696
-0.578659 0.576693 0.576697
-0.578658 0.576693 -0.576697
0.212349 0.655295 -0.724911
0.164971 0.509088 0.844757
0.858307 0.436339 0.270032
0.777472 0.395245 -0.489202
0.777472 -0.395245 -0.489202
0.593170 -0.301550 0.746469
20
0 0 1 2 0 1 2 1
0 1 3 2 1 3 2 1
0 2 3 4 2 3 4 1
0 2 4 5 2 4 5 1
0 5 4 6 5 4 6 1
0 4 7 6 4 7 6 1
0 6 7 8 6 7 8 1
0 6 8 9 6 8 9 1
0 10 11 12 9 8 10 1
0 11 13 12 8 11 10 1
0 14 15 1 10 11 1 1
0 14 1 0 10 1 0 1
0 16 17 18 9 10 6 1
0 18 17 19 6 10 0 1
0 19 20 18 0 2 6 1
0 18 20 21 6 2 5 1
0 22 23 24 11 8 7 1
0 22 24 25 11 7 1 1
0 25 24 26 1 7 4 1
0 25 26 27 1 4 3 1
"turretmissile" 0 2
16
0 17.670660 57.530510 -13.114698 0.000000 0.000000 -1
0 17.670660 50.030510 -13.114698 0.000000 1.000000 -1
0 -4.496000 57.530510 -13.114698 1.000000 0.000000 -1
0 -4.496000 50.030510 -13.114698 1.000000 1.000000 -1
0 -4.495999 57.530510 9.051964 0.000000 0.000000 -1
0 -4.495999 50.030510 9.051964 0.000000 1.000000 -1
0 17.670660 57.530510 9.051963 1.000000 0.000000 -1
0 17.670660 50.030510 9.051963 1.000000 1.000000 -1
0 17.670660 57.530510 9.051963 0.000000 0.000000 -1
0 17.670660 57.530510 -13.114698 0.000000 1.000000 -1
0 -4.495999 57.530510 9.051964 1.000000 0.000000 -1
0 -4.496000 57.530510 -13.114698 1.000000 1.000000 -1
0 17.670660 50.030510 -13.114698 0.000000 0.000000 -1
0 17.670660 50.030510 9.051963 0.000000 1.000000 -1
0 -4.496000 50.030510 -13.114698 1.000000 0.000000 -1
0 -4.495999 50.030510 9.051964 1.000000 1.000000 -1
4
0.000000 0.000000 -1.000000
0.000000 0.000000 1.000000
0.000000 1.000000 0.000000
0.000000 -1.000000 0.000000
8
0 0 1 2 0 0 0 1
0 1 3 2 0 0 0 1
0 4 5 6 1 1 1 1
0 5 7 6 1 1 1 1
0 8 9 10 2 2 2 3
0 9 11 10 2 2 2 3
0 12 13 14 3 3 3 3
0 13 15 14 3 3 3 3
"gunpivot" 0 0
20
0 -8.119048 54.617714 17.766268 0.000000 0.000000 -1
0 -8.119048 53.617714 17.766268 0.000000 1.000000 -1
0 -6.452382 54.617714 17.766268 1.000000 0.000000 -1
0 -6.452382 53.617714 17.766268 1.000000 1.000000 -1
0 -6.452382 54.617714 17.766268 0.000000 0.000000 -1
0 -6.452382 53.617714 17.766268 0.000000 1.000000 -1
0 -6.452382 54.617714 16.099602 1.000000 0.000000 -1
0 -6.452382 53.617714 16.099602 1.000000 1.000000 -1
0 -6.452382 54.617714 16.099602 0.000000 0.000000 -1
0 -6.452382 53.617714 16.099602 0.000000 1.000000 -1
0 -8.119048 54.617714 16.099602 1.000000 0.000000 -1
0 -8.119048 53.617714 16.099602 1.000000 1.000000 -1
0 -8.119048 54.617714 16.099602 0.000000 0.000000 -1
0 -8.119048 53.617714 16.099602 0.000000 1.000000 -1
0 -8.119048 54.617714 17.766268 1.000000 0.000000 -1
0 -8.119048 53.617714 17.766268 1.000000 1.000000 -1
0 -8.119048 54.617714 17.766268 0.000000 1.000000 -1
0 -6.452382 54.617714 17.766268 1.000000 1.000000 -1
0 -8.119048 53.617714 17.766268 0.000000 0.000000 -1
0 -6.452382 53.617714 17.766268 1.000000 0.000000 -1
6
0.000000 0.000000 1.000000
1.000000 0.000000 0.000000
0.000000 0.000000 -1.000000
-1.000000 0.000000 0.000000
0.000000 1.000000 0.000000
0.000000 -1.000000 0.000000
12
0 0 1 2 0 0 0 1
0 1 3 2 0 0 0 1
0 4 5 6 1 1 1 2
0 5 7 6 1 1 1 2
0 8 9 10 2 2 2 1
0 9 11 10 2 2 2 1
0 12 13 14 3 3 3 2
0 13 15 14 3 3 3 2
0 12 16 6 4 4 4 3
0 16 17 6 4 4 4 3
0 18 13 19 5 5 5 3
0 13 7 19 5 5 5 3
"turretpivot" 0 0
20
0 -6.476190 46.998665 1.766268 0.000000 0.000000 -1
0 -6.476190 44.332001 1.766268 0.000000 1.000000 -1
0 -3.809524 46.998665 1.766268 1.000000 0.000000 -1
0 -3.809524 44.332001 1.766268 1.000000 1.000000 -1
0 -3.809524 46.998665 1.766268 0.000000 0.000000 -1
0 -3.809524 44.332001 1.766268 0.000000 1.000000 -1
0 -3.809524 46.998665 -0.900398 1.000000 0.000000 -1
0 -3.809524 44.332001 -0.900398 1.000000 1.000000 -1
0 -3.809524 46.998665 -0.900398 0.000000 0.000000 -1
0 -3.809524 44.332001 -0.900398 0.000000 1.000000 -1
0 -6.476190 46.998665 -0.900398 1.000000 0.000000 -1
0 -6.476190 44.332001 -0.900398 1.000000 1.000000 -1
0 -6.476190 46.998665 -0.900398 0.000000 0.000000 -1
0 -6.476190 44.332001 -0.900398 0.000000 1.000000 -1
0 -6.476190 46.998665 1.766268 1.000000 0.000000 -1
0 -6.476190 44.332001 1.766268 1.000000 1.000000 -1
0 -6.476190 46.998665 1.766268 0.000000 1.000000 -1
0 -3.809524 46.998665 1.766268 1.000000 1.000000 -1
0 -6.476190 44.332001 1.766268 0.000000 0.000000 -1
0 -3.809524 44.332001 1.766268 1.000000 0.000000 -1
6
0.000000 0.000000 1.000000
1.000000 0.000000 0.000000
0.000000 0.000000 -1.000000
-1.000000 0.000000 0.000000
0.000000 1.000000 0.000000
0.000000 -1.000000 0.000000
12
0 0 1 2 0 0 0 1
0 1 3 2 0 0 0 1
0 4 5 6 1 1 1 2
0 5 7 6 1 1 1 2
0 8 9 10 2 2 2 1
0 9 11 10 2 2 2 1
0 12 13 14 3 3 3 2
0 13 15 14 3 3 3 2
0 12 16 6 4 4 4 3
0 16 17 6 4 4 4 3
0 18 13 19 5 5 5 3
0 13 7 19 5 5 5 3
"armor" 0 2
24
0 32.664299 26.418507 70.479599 0.027519 0.201397 -1
0 31.241220 26.668507 72.867004 0.016138 0.200274 -1
0 32.664303 18.372250 62.316151 0.066436 0.237533 -1
0 31.241220 16.106159 63.134838 0.062533 0.247710 -1
0 31.241209 16.356159 -61.447083 0.656444 0.246588 -1
0 32.664295 18.372250 -59.378387 0.646582 0.237533 -1
0 32.664291 25.168510 -61.041847 0.654512 0.207010 -1
0 31.241207 25.168510 -63.929222 0.668277 0.207010 -1
0 31.241209 34.480865 -65.697067 0.676705 0.165188 -1
0 32.664288 31.964767 -63.378387 0.665651 0.176488 -1
0 32.664303 33.714767 55.566154 0.098615 0.168628 -1
0 31.241224 34.980862 56.384846 0.094712 0.162942 -1
0 -34.061066 18.372250 62.316158 0.066436 0.237533 -1
0 -32.637974 26.668507 72.867004 0.016138 0.200274 -1
0 -34.061058 26.418507 70.479614 0.027519 0.201397 -1
0 -32.637978 16.106159 63.134842 0.062533 0.247710 -1
0 -32.637989 16.356159 -61.447098 0.656444 0.246588 -1
0 -34.061062 18.372250 -59.378387 0.646582 0.237533 -1
0 -34.061062 25.168510 -61.041847 0.654512 0.207010 -1
0 -32.637981 25.168510 -63.929230 0.668277 0.207010 -1
0 -32.637985 34.480865 -65.697083 0.676705 0.165188 -1
0 -34.061069 31.964767 -63.378387 0.665651 0.176488 -1
0 -34.061058 33.714767 55.566151 0.098615 0.168628 -1
0 -32.637974 34.980862 56.384842 0.094712 0.162942 -1
24
0.988347 0.032768 0.148651
0.880919 0.124832 0.456508
0.889692 -0.416245 0.187586
0.860415 -0.465082 0.208288
0.902287 -0.356065 -0.243098
0.974668 -0.183738 -0.127528
0.929790 -0.097216 -0.355020
0.892144 -0.103620 -0.439706
0.906416 0.266164 -0.327974
0.979567 0.069580 -0.188701
0.834318 0.534952 0.133190
0.705104 0.691771 0.155824
-0.889691 -0.416246 0.187587
-0.880917 0.124833 0.456511
-0.988347 0.032768 0.148652
-0.860414 -0.465084 0.208289
-0.902288 -0.356063 -0.243095
-0.974668 -0.183737 -0.127526
-0.929791 -0.097217 -0.355018
-0.892145 -0.103619 -0.439704
-0.906416 0.266164 -0.327973
-0.979567 0.069580 -0.188700
-0.834317 0.534954 0.133190
-0.705103 0.691772 0.155825
32
0 0 1 2 0 1 2 1
0 1 3 2 1 3 2 1
0 2 3 4 2 3 4 1
0 2 4 5 2 4 5 1
0 5 4 6 5 4 6 1
0 4 7 6 4 7 6 1
0 6 7 8 6 7 8 1
0 6 8 9 6 8 9 1
0 9 8 10 9 8 10 1
0 8 11 10 8 11 10 1
0 10 11 1 10 11 1 1
0 10 1 0 10 1 0 1
0 9 10 0 9 10 0 1
0 9 0 6 9 0 6 1
0 6 0 5 6 0 5 1
0 5 0 2 5 0 2 1
0 12 13 14 12 13 14 1
0 12 15 13 12 15 13 1
0 16 15 12 16 15 12 1
0 17 16 12 17 16 12 1
0 18 16 17 18 16 17 1
0 18 19 16 18 19 16 1
0 20 19 18 20 19 18 1
0 21 20 18 21 20 18 1
0 22 20 21 22 20 21 1
0 22 23 20 22 23 20 1
0 13 23 22 13 23 22 1
0 14 13 22 14 13 22 1
0 14 22 21 14 22 21 1
0 18 14 21 18 14 21 1
0 17 14 18 17 14 18 1
0 12 14 17 12 14 17 1
"Duplicate01" 0 2
192
0 28.481306 16.951672 70.880569 0.021401 0.238557 -1
0 22.371931 16.951672 70.880569 0.021401 0.238557 -1
0 28.481300 10.072330 66.908775 0.039566 0.266157 -1
0 22.371927 10.072330 66.908783 0.039566 0.266157 -1
0 22.371931 10.072330 58.965218 0.075894 0.266157 -1
0 28.481302 10.072330 58.965214 0.075894 0.266157 -1
0 28.481308 16.951672 54.993420 0.094058 0.238557 -1
0 22.371929 16.951672 54.993412 0.094058 0.238557 -1
0 22.371931 23.831017 58.965218 0.075894 0.210957 -1
0 28.481302 23.831017 58.965214 0.075894 0.210957 -1
0 28.481300 23.831017 66.908775 0.039566 0.210957 -1
0 22.371927 23.831017 66.908783 0.039566 0.210957 -1
0 28.481295 15.285000 -51.959717 0.599789 0.254032 -1
0 22.371923 15.285000 -51.959717 0.599789 0.254032 -1
0 28.481297 10.721111 -54.594673 0.611840 0.272343 -1
0 22.371923 10.721111 -54.594666 0.611840 0.272343 -1
0 22.371925 10.721111 -59.864609 0.635941 0.272343 -1
0 28.481291 10.721111 -59.864609 0.635941 0.272343 -1
0 28.481287 15.285000 -62.499565 0.647991 0.254032 -1
0 22.371920 15.285000 -62.499573 0.647991 0.254032 -1
0 22.371925 19.848904 -59.864609 0.635941 0.235722 -1
0 28.481291 19.848904 -59.864609 0.635941 0.235722 -1
0 28.481297 19.848904 -54.594673 0.611840 0.235722 -1
0 22.371923 19.848904 -54.594666 0.611840 0.235722 -1
0 -29.878065 10.072330 66.908791 0.039566 0.266157 -1
0 -23.768686 16.951672 70.880569 0.021401 0.238557 -1
0 -29.878061 16.951672 70.880569 0.021401 0.238557 -1
0 -23.768684 10.072330 66.908775 0.039566 0.266157 -1
0 -23.768688 10.072330 58.965210 0.075894 0.266157 -1
0 -29.878059 10.072330 58.965214 0.075894 0.266157 -1
0 -29.878061 16.951672 54.993416 0.094058 0.238557 -1
0 -23.768686 16.951672 54.993412 0.094058 0.238557 -1
0 -23.768688 23.831017 58.965210 0.075894 0.210957 -1
0 -29.878059 23.831017 58.965214 0.075894 0.210957 -1
0 -29.878065 23.831017 66.908791 0.039566 0.210957 -1
0 -23.768684 23.831017 66.908775 0.039566 0.210957 -1
0 -29.878071 10.721111 -54.594666 0.611840 0.272343 -1
0 -23.768686 15.285000 -51.959717 0.599789 0.254032 -1
0 -29.878063 15.285000 -51.959717 0.599789 0.254032 -1
0 -23.768686 10.721111 -54.594658 0.611840 0.272343 -1
0 -23.768692 10.721111 -59.864601 0.635941 0.272343 -1
0 -29.878069 10.721111 -59.864609 0.635941 0.272343 -1
0 -29.878065 15.285000 -62.499573 0.647991 0.254032 -1
0 -23.768696 15.285000 -62.499573 0.647991 0.254032 -1
0 -23.768692 19.848904 -59.864601 0.635941 0.235722 -1
0 -29.878069 19.848904 -59.864609 0.635941 0.235722 -1
0 -29.878071 19.848904 -54.594666 0.611840 0.235722 -1
0 -23.768686 19.848904 -54.594658 0.611840 0.235722 -1
0 28.481300 8.951664 -3.452730 0.377952 0.279442 -1
0 22.371923 8.951664 -3.452728 0.377952 0.279442 -1
0 28.481298 2.072330 -7.424522 0.396116 0.307042 -1
0 22.371925 2.072330 -7.424519 0.396116 0.307042 -1
0 22.371923 2.072330 -15.368101 0.432444 0.307042 -1
0 28.481295 2.072330 -15.368099 0.432444 0.307042 -1
0 28.481298 8.951664 -19.339890 0.450609 0.279442 -1
0 22.371927 8.951664 -19.339897 0.450609 0.279442 -1
0 22.371923 15.831013 -15.368101 0.432444 0.251842 -1
0 28.481295 15.831013 -15.368099 0.432444 0.251842 -1
0 28.481298 15.831013 -7.424522 0.396116 0.251842 -1
0 22.371925 15.831013 -7.424519 0.396116 0.251842 -1
0 28.481297 8.951664 -19.786057 0.452649 0.279442 -1
0 22.371927 8.951664 -19.786057 0.452649 0.279442 -1
0 28.481297 2.072330 -23.757851 0.470814 0.307042 -1
0 22.371922 2.072330 -23.757851 0.470814 0.307042 -1
0 22.371925 2.072330 -31.701435 0.507142 0.307042 -1
0 28.481298 2.072330 -31.701435 0.507142 0.307042 -1
0 28.481295 8.951664 -35.673225 0.525306 0.279442 -1
0 22.371922 8.951664 -35.673225 0.525306 0.279442 -1
0 22.371925 15.831013 -31.701435 0.507142 0.251842 -1
0 28.481298 15.831013 -31.701435 0.507142 0.251842 -1
0 28.481297 15.831013 -23.757851 0.470814 0.251842 -1
0 22.371922 15.831013 -23.757851 0.470814 0.251842 -1
0 28.481297 8.951664 -37.119389 0.531920 0.279442 -1
0 22.371922 8.951664 -37.119392 0.531920 0.279442 -1
0 28.481300 2.072330 -41.091183 0.550085 0.307042 -1
0 22.371923 2.072330 -41.091171 0.550085 0.307042 -1
0 22.371925 2.072330 -49.034760 0.586413 0.307042 -1
0 28.481298 2.072330 -49.034752 0.586413 0.307042 -1
0 28.481298 8.951664 -53.006561 0.604577 0.279442 -1
0 22.371929 8.951664 -53.006561 0.604577 0.279442 -1
0 22.371925 15.831013 -49.034760 0.586413 0.251842 -1
0 28.481298 15.831013 -49.034752 0.586413 0.251842 -1
0 28.481300 15.831013 -41.091183 0.550085 0.251842 -1
0 22.371923 15.831013 -41.091171 0.550085 0.251842 -1
0 28.481300 8.951664 18.880598 0.271909 0.280419 -1
0 22.371927 8.951664 18.880596 0.271909 0.280419 -1
0 28.481298 2.072330 14.908802 0.290073 0.308018 -1
0 22.371923 2.072330 14.908804 0.290073 0.308018 -1
0 22.371927 2.072330 6.965231 0.326401 0.308018 -1
0 28.481300 2.072330 6.965231 0.326401 0.308018 -1
0 28.481298 8.951664 2.993428 0.344566 0.280419 -1
0 22.371923 8.951664 2.993429 0.344566 0.280419 -1
0 22.371927 15.831013 6.965231 0.326401 0.252818 -1
0 28.481300 15.831013 6.965231 0.326401 0.252818 -1
0 28.481298 15.831013 14.908802 0.290073 0.252818 -1
0 22.371923 15.831013 14.908804 0.290073 0.252818 -1
0 28.481300 8.951664 36.213913 0.192638 0.280419 -1
0 22.371935 8.951664 36.213924 0.192638 0.280419 -1
0 28.481302 2.072330 32.242130 0.210802 0.308018 -1
0 22.371931 2.072330 32.242134 0.210802 0.308018 -1
0 22.371929 2.072330 24.298563 0.247131 0.308018 -1
0 28.481304 2.072330 24.298561 0.247131 0.308018 -1
0 28.481304 8.951664 20.326763 0.265295 0.280419 -1
0 22.371927 8.951664 20.326759 0.265295 0.280419 -1
0 22.371929 15.831013 24.298563 0.247131 0.252818 -1
0 28.481304 15.831013 24.298561 0.247131 0.252818 -1
0 28.481302 15.831013 32.242130 0.210802 0.252818 -1
0 22.371931 15.831013 32.242134 0.210802 0.252818 -1
0 28.481306 8.951664 53.213913 0.114892 0.280419 -1
0 22.371929 8.951664 53.213913 0.114892 0.280419 -1
0 28.481304 2.072330 49.242123 0.133056 0.308018 -1
0 22.371937 2.072330 49.242126 0.133056 0.308018 -1
0 22.371933 2.072330 41.298553 0.169384 0.308018 -1
0 28.481304 2.072330 41.298561 0.169384 0.308018 -1
0 28.481304 8.951664 37.326759 0.187549 0.280419 -1
0 22.371933 8.951664 37.326759 0.187549 0.280419 -1
0 22.371933 15.831013 41.298553 0.169384 0.252818 -1
0 28.481304 15.831013 41.298561 0.169384 0.252818 -1
0 28.481304 15.831013 49.242123 0.133056 0.252818 -1
0 22.371937 15.831013 49.242126 0.133056 0.252818 -1
0 -29.878059 2.072330 -7.424517 0.396116 0.307042 -1
0 -23.768688 8.951664 -3.452723 0.377952 0.279442 -1
0 -29.878067 8.951664 -3.452726 0.377952 0.279442 -1
0 -23.768690 2.072330 -7.424519 0.396116 0.307042 -1
0 -23.768690 2.072330 -15.368099 0.432444 0.307042 -1
0 -29.878063 2.072330 -15.368099 0.432444 0.307042 -1
0 -29.878067 8.951664 -19.339890 0.450609 0.279442 -1
0 -23.768690 8.951664 -19.339890 0.450609 0.279442 -1
0 -23.768690 15.831013 -15.368099 0.432444 0.251842 -1
0 -29.878063 15.831013 -15.368099 0.432444 0.251842 -1
0 -29.878059 15.831013 -7.424517 0.396116 0.251842 -1
0 -23.768690 15.831013 -7.424519 0.396116 0.251842 -1
0 -29.878061 2.072330 -23.757847 0.470814 0.307042 -1
0 -23.768688 8.951664 -19.786053 0.452649 0.279442 -1
0 -29.878057 8.951664 -19.786049 0.452649 0.279442 -1
0 -23.768684 2.072330 -23.757847 0.470814 0.307042 -1
0 -23.768690 2.072330 -31.701427 0.507142 0.307042 -1
0 -29.878059 2.072330 -31.701424 0.507142 0.307042 -1
0 -29.878059 8.951664 -35.673222 0.525306 0.279442 -1
0 -23.768692 8.951664 -35.673225 0.525306 0.279442 -1
0 -23.768690 15.831013 -31.701427 0.507142 0.251842 -1
0 -29.878059 15.831013 -31.701424 0.507142 0.251842 -1
0 -29.878061 15.831013 -23.757847 0.470814 0.251842 -1
0 -23.768684 15.831013 -23.757847 0.470814 0.251842 -1
0 -29.878063 2.072330 -41.091175 0.550085 0.307042 -1
0 -23.768686 8.951664 -37.119385 0.531920 0.279442 -1
0 -29.878065 8.951664 -37.119385 0.531920 0.279442 -1
0 -23.768694 2.072330 -41.091179 0.550085 0.307042 -1
0 -23.768696 2.072330 -49.034760 0.586413 0.307042 -1
0 -29.878067 2.072330 -49.034760 0.586413 0.307042 -1
0 -29.878067 8.951664 -53.006554 0.604577 0.279442 -1
0 -23.768686 8.951664 -53.006561 0.604577 0.279442 -1
0 -23.768696 15.831013 -49.034760 0.586413 0.251842 -1
0 -29.878067 15.831013 -49.034760 0.586413 0.251842 -1
0 -29.878063 15.831013 -41.091175 0.550085 0.251842 -1
0 -23.768694 15.831013 -41.091179 0.550085 0.251842 -1
0 -29.878061 2.072330 14.908806 0.290073 0.308018 -1
0 -23.768688 8.951664 18.880598 0.271909 0.280419 -1
0 -29.878067 8.951664 18.880598 0.271909 0.280419 -1
0 -23.768690 2.072330 14.908804 0.290073 0.308018 -1
0 -23.768690 2.072330 6.965231 0.326401 0.308018 -1
0 -29.878063 2.072330 6.965233 0.326401 0.308018 -1
0 -29.878063 8.951664 2.993431 0.344566 0.280419 -1
0 -23.768692 8.951664 2.993434 0.344566 0.280419 -1
0 -23.768690 15.831013 6.965231 0.326401 0.252818 -1
0 -29.878063 15.831013 6.965233 0.326401 0.252818 -1
0 -29.878061 15.831013 14.908806 0.290073 0.252818 -1
0 -23.768690 15.831013 14.908804 0.290073 0.252818 -1
0 -29.878063 2.072330 32.242134 0.210802 0.308018 -1
0 -23.768688 8.951664 36.213913 0.192638 0.280419 -1
0 -29.878063 8.951664 36.213913 0.192638 0.280419 -1
0 -23.768688 2.072330 32.242134 0.210802 0.308018 -1
0 -23.768684 2.072330 24.298559 0.247131 0.308018 -1
0 -29.878065 2.072330 24.298563 0.247131 0.308018 -1
0 -29.878065 8.951664 20.326759 0.265295 0.280419 -1
0 -23.768688 8.951664 20.326763 0.265295 0.280419 -1
0 -23.768684 15.831013 24.298559 0.247131 0.252818 -1
0 -29.878065 15.831013 24.298563 0.247131 0.252818 -1
0 -29.878063 15.831013 32.242134 0.210802 0.252818 -1
0 -23.768688 15.831013 32.242134 0.210802 0.252818 -1
0 -29.878065 2.072330 49.242130 0.133056 0.308018 -1
0 -23.768690 8.951664 53.213913 0.114892 0.280419 -1
0 -29.878061 8.951664 53.213909 0.114892 0.280419 -1
0 -23.768688 2.072330 49.242126 0.133056 0.308018 -1
0 -23.768686 2.072330 41.298553 0.169384 0.308018 -1
0 -29.878063 2.072330 41.298561 0.169384 0.308018 -1
0 -29.878063 8.951664 37.326759 0.187549 0.280419 -1
0 -23.768686 8.951664 37.326759 0.187549 0.280419 -1
0 -23.768686 15.831013 41.298553 0.169384 0.252818 -1
0 -29.878063 15.831013 41.298561 0.169384 0.252818 -1
0 -29.878065 15.831013 49.242130 0.133056 0.252818 -1
0 -23.768688 15.831013 49.242126 0.133056 0.252818 -1
191
0.755929 -0.000000 0.654654
-0.654653 -0.000000 0.755929
0.500000 -0.750000 0.433013
-0.500000 -0.750000 0.433013
-0.500000 -0.750000 -0.433012
0.500000 -0.750000 -0.433012
0.755929 -0.000000 -0.654653
-0.866025 -0.000000 -0.500000
-0.277350 0.832051 -0.480384
0.500000 0.750000 -0.433012
0.500000 0.750000 0.433013
-0.755929 0.566947 0.327327
0.755929 -0.000000 0.654654
-0.654653 -0.000001 0.755930
0.500001 -0.749999 0.433013
-0.500000 -0.750000 0.433013
-0.500000 -0.750000 -0.433013
0.500000 -0.750000 -0.433013
0.755929 -0.000000 -0.654654
-0.866025 -0.000000 -0.500000
-0.277350 0.832050 -0.480385
0.500000 0.749999 -0.433014
0.500001 0.749999 0.433013
-0.755929 0.566946 0.327328
-0.500000 -0.750000 0.433013
0.654654 -0.000000 0.755929
-0.755929 -0.000000 0.654654
0.500001 -0.750000 0.433012
0.500000 -0.750000 -0.433013
-0.500000 -0.750000 -0.433013
-0.755929 -0.000000 -0.654653
0.866025 -0.000000 -0.500000
0.277350 0.832051 -0.480384
-0.500000 0.750000 -0.433013
-0.500000 0.750000 0.433013
0.755929 0.566947 0.327326
-0.500001 -0.749999 0.433014
0.654653 -0.000000 0.755930
-0.755928 -0.000000 0.654654
0.500000 -0.749999 0.433014
0.500000 -0.750000 -0.433013
-0.500000 -0.750000 -0.433013
-0.755929 -0.000000 -0.654654
0.866025 -0.000000 -0.500000
0.277350 0.832050 -0.480385
-0.500000 0.750000 -0.433013
-0.500001 0.749999 0.433014
0.755930 0.566946 0.327327
0.755929 -0.000000 0.654653
-0.654654 -0.000000 0.755929
0.500000 -0.750000 0.433012
-0.500000 -0.750000 0.433013
-0.500000 -0.750000 -0.433012
0.500000 -0.750000 -0.433013
0.755929 -0.000000 -0.654653
-0.866025 -0.000000 -0.500000
-0.277350 0.832050 -0.480385
0.500000 0.750000 -0.433013
0.500000 0.750000 0.433013
-0.755929 0.566947 0.327327
0.755929 -0.000000 0.654653
-0.654654 -0.000000 0.755929
0.500000 -0.750000 0.433012
-0.500000 -0.750000 0.433012
-0.500000 -0.750000 -0.433013
0.500000 -0.750000 -0.433013
0.755929 -0.000000 -0.654654
-0.866025 -0.000000 -0.500000
-0.277350 0.832050 -0.480385
0.500000 0.750000 -0.433013
0.500000 0.750000 0.433013
-0.755929 0.566947 0.327327
0.755929 -0.000000 0.654654
-0.654653 -0.000000 0.755929
0.500000 -0.750000 0.433013
-0.499999 -0.750000 0.433013
-0.500000 -0.750001 -0.433012
0.500000 -0.750000 -0.433012
0.755929 -0.000000 -0.654653
-0.866025 -0.000000 -0.500000
-0.277350 0.832051 -0.480384
0.500000 0.750000 -0.433012
0.500000 0.750000 0.433013
-0.755929 0.566947 0.327327
0.755929 -0.000000 0.654654
-0.654654 -0.000000 0.755929
0.500000 -0.750000 0.433012
-0.500000 -0.750000 0.433012
-0.500000 -0.750000 -0.433012
0.500000 -0.750000 -0.433012
0.755929 -0.000000 -0.654653
-0.866026 -0.000000 -0.500000
-0.277350 0.832051 -0.480384
0.500000 0.750000 -0.433012
0.500000 0.750000 0.433013
-0.755929 0.566947 0.327327
0.755929 -0.000000 0.654653
-0.654653 -0.000000 0.755930
0.500000 -0.750000 0.433013
-0.500000 -0.750000 0.433013
-0.500000 -0.750000 -0.433012
0.500000 -0.750000 -0.433012
0.755929 -0.000000 -0.654653
-0.866026 -0.000000 -0.500000
-0.277350 0.832051 -0.480384
0.500000 0.750000 -0.433013
0.500001 0.749999 0.433013
-0.755929 0.566947 0.327327
0.755929 -0.000000 0.654654
-0.654653 -0.000000 0.755929
0.500000 -0.750000 0.433013
-0.499999 -0.750000 0.433013
-0.499999 -0.750001 -0.433012
0.500000 -0.750000 -0.433012
0.755929 -0.000000 -0.654653
-0.866025 -0.000000 -0.500000
-0.277350 0.832051 -0.480384
0.500000 0.750000 -0.433012
0.500000 0.750000 0.433013
-0.755929 0.566947 0.327327
-0.500000 -0.750000 0.433012
0.654654 -0.000000 0.755929
-0.755929 -0.000000 0.654653
0.500000 -0.750000 0.433012
0.500000 -0.750000 -0.433013
-0.500000 -0.750000 -0.433012
-0.755929 -0.000000 -0.654654
0.866025 -0.000000 -0.500000
0.277350 0.832050 -0.480385
-0.500000 0.750000 -0.433013
-0.500000 0.750000 0.433013
0.755929 0.566947 0.327327
-0.500000 -0.750000 0.433012
0.654654 -0.000000 0.755929
-0.755929 -0.000000 0.654654
0.500000 -0.750000 0.433012
0.500000 -0.750000 -0.433013
-0.500000 -0.750000 -0.433012
-0.755929 -0.000000 -0.654653
0.866025 -0.000000 -0.500000
0.277350 0.832050 -0.480384
-0.500000 0.750000 -0.433013
-0.500000 0.750000 0.433013
0.755929 0.566947 0.327327
-0.500000 -0.750000 0.433013
0.654654 -0.000001 0.755929
-0.755929 -0.000000 0.654654
0.500000 -0.750000 0.433012
0.499999 -0.750001 -0.433012
-0.500000 -0.750000 -0.433012
-0.755929 -0.000000 -0.654653
0.866025 0.000000 -0.500000
0.277350 0.832051 -0.480384
-0.500000 0.750000 0.433013
0.755929 0.566947 0.327327
-0.500000 -0.750000 0.433012
0.654654 -0.000000 0.755929
-0.755929 -0.000000 0.654653
0.500000 -0.750000 0.433012
0.500000 -0.750000 -0.433012
-0.500000 -0.750000 -0.433012
-0.755929 -0.000000 -0.654653
0.866026 -0.000000 -0.500000
0.277350 0.832050 -0.480384
-0.500000 0.750000 -0.433012
-0.500000 0.750000 0.433013
0.755929 0.566947 0.327327
-0.500000 -0.750000 0.433013
0.654653 -0.000000 0.755929
-0.755929 -0.000000 0.654654
0.500000 -0.750000 0.433013
0.500000 -0.750000 -0.433012
-0.500000 -0.750000 -0.433012
-0.755929 -0.000000 -0.654653
0.866026 -0.000000 -0.500000
0.277350 0.832050 -0.480384
-0.500000 0.750000 -0.433012
-0.500000 0.750000 0.433013
0.755929 0.566946 0.327327
-0.500000 -0.750000 0.433013
0.654653 -0.000000 0.755929
-0.755929 -0.000000 0.654654
0.500000 -0.750000 0.433013
0.500000 -0.750000 -0.433012
-0.500000 -0.750000 -0.433012
-0.755929 -0.000000 -0.654653
0.866026 -0.000000 -0.500000
0.277350 0.832051 -0.480384
-0.500000 0.750000 -0.433012
-0.500000 0.750000 0.433013
0.755929 0.566946 0.327327
320
0 0 1 2 0 1 2 1
0 1 3 2 1 3 2 1
0 2 3 4 2 3 4 1
0 2 4 5 2 4 5 1
0 5 4 6 5 4 6 1
0 4 7 6 4 7 6 1
0 6 7 8 6 7 8 1
0 6 8 9 6 8 9 1
0 9 8 10 9 8 10 1
0 8 11 10 8 11 10 1
0 10 11 1 10 11 1 1
0 10 1 0 10 1 0 1
0 9 10 6 9 10 6 1
0 6 10 0 6 10 0 1
0 0 2 6 0 2 6 1
0 6 2 5 6 2 5 1
0 11 8 7 11 8 7 1
0 11 7 1 11 7 1 1
0 1 7 4 1 7 4 1
0 1 4 3 1 4 3 1
0 12 13 14 12 13 14 1
0 13 15 14 13 15 14 1
0 14 15 16 14 15 16 1
0 14 16 17 14 16 17 1
0 17 16 18 17 16 18 1
0 16 19 18 16 19 18 1
0 18 19 20 18 19 20 1
0 18 20 21 18 20 21 1
0 21 20 22 21 20 22 1
0 20 23 22 20 23 22 1
0 22 23 13 22 23 13 1
0 22 13 12 22 13 12 1
0 21 22 18 21 22 18 1
0 18 22 12 18 22 12 1
0 12 14 18 12 14 18 1
0 18 14 17 18 14 17 1
0 23 20 19 23 20 19 1
0 23 19 13 23 19 13 1
0 13 19 16 13 19 16 1
0 13 16 15 13 16 15 1
0 24 25 26 24 25 26 1
0 24 27 25 24 27 25 1
0 28 27 24 28 27 24 1
0 29 28 24 29 28 24 1
0 30 28 29 30 28 29 1
0 30 31 28 30 31 28 1
0 32 31 30 32 31 30 1
0 33 32 30 33 32 30 1
0 34 32 33 34 32 33 1
0 34 35 32 34 35 32 1
0 25 35 34 25 35 34 1
0 26 25 34 26 25 34 1
0 30 34 33 30 34 33 1
0 26 34 30 26 34 30 1
0 30 24 26 30 24 26 1
0 29 24 30 29 24 30 1
0 31 32 35 31 32 35 1
0 25 31 35 25 31 35 1
0 28 31 25 28 31 25 1
0 27 28 25 27 28 25 1
0 36 37 38 36 37 38 1
0 36 39 37 36 39 37 1
0 40 39 36 40 39 36 1
0 41 40 36 41 40 36 1
0 42 40 41 42 40 41 1
0 42 43 40 42 43 40 1
0 44 43 42 44 43 42 1
0 45 44 42 45 44 42 1
0 46 44 45 46 44 45 1
0 46 47 44 46 47 44 1
0 37 47 46 37 47 46 1
0 38 37 46 38 37 46 1
0 42 46 45 42 46 45 1
0 38 46 42 38 46 42 1
0 42 36 38 42 36 38 1
0 41 36 42 41 36 42 1
0 43 44 47 43 44 47 1
0 37 43 47 37 43 47 1
0 40 43 37 40 43 37 1
0 39 40 37 39 40 37 1
0 48 49 50 48 49 50 1
0 49 51 50 49 51 50 1
0 50 51 52 50 51 52 1
0 50 52 53 50 52 53 1
0 53 52 54 53 52 54 1
0 52 55 54 52 55 54 1
0 54 55 56 54 55 56 1
0 54 56 57 54 56 57 1
0 57 56 58 57 56 58 1
0 56 59 58 56 59 58 1
0 58 59 49 58 59 49 1
0 58 49 48 58 49 48 1
0 57 58 54 57 58 54 1
0 54 58 48 54 58 48 1
0 48 50 54 48 50 54 1
0 54 50 53 54 50 53 1
0 59 56 55 59 56 55 1
0 59 55 49 59 55 49 1
0 49 55 52 49 55 52 1
0 49 52 51 49 52 51 1
0 60 61 62 60 61 62 1
0 61 63 62 61 63 62 1
0 62 63 64 62 63 64 1
0 62 64 65 62 64 65 1
0 65 64 66 65 64 66 1
0 64 67 66 64 67 66 1
0 66 67 68 66 67 68 1
0 66 68 69 66 68 69 1
0 69 68 70 69 68 70 1
0 68 71 70 68 71 70 1
0 70 71 61 70 71 61 1
0 70 61 60 70 61 60 1
0 69 70 66 69 70 66 1
0 66 70 60 66 70 60 1
0 60 62 66 60 62 66 1
0 66 62 65 66 62 65 1
0 71 68 67 71 68 67 1
0 71 67 61 71 67 61 1
0 61 67 64 61 67 64 1
0 61 64 63 61 64 63 1
0 72 73 74 72 73 74 1
0 73 75 74 73 75 74 1
0 74 75 76 74 75 76 1
0 74 76 77 74 76 77 1
0 77 76 78 77 76 78 1
0 76 79 78 76 79 78 1
0 78 79 80 78 79 80 1
0 78 80 81 78 80 81 1
0 81 80 82 81 80 82 1
0 80 83 82 80 83 82 1
0 82 83 73 82 83 73 1
0 82 73 72 82 73 72 1
0 81 82 78 81 82 78 1
0 78 82 72 78 82 72 1
0 72 74 78 72 74 78 1
0 78 74 77 78 74 77 1
0 83 80 79 83 80 79 1
0 83 79 73 83 79 73 1
0 73 79 76 73 79 76 1
0 73 76 75 73 76 75 1
0 84 85 86 84 85 86 1
0 85 87 86 85 87 86 1
0 86 87 88 86 87 88 1
0 86 88 89 86 88 89 1
0 89 88 90 89 88 90 1
0 88 91 90 88 91 90 1
0 90 91 92 90 91 92 1
0 90 92 93 90 92 93 1
0 93 92 94 93 92 94 1
0 92 95 94 92 95 94 1
0 94 95 85 94 95 85 1
0 94 85 84 94 85 84 1
0 93 94 90 93 94 90 1
0 90 94 84 90 94 84 1
0 84 86 90 84 86 90 1
0 90 86 89 90 86 89 1
0 95 92 91 95 92 91 1
0 95 91 85 95 91 85 1
0 85 91 88 85 91 88 1
0 85 88 87 85 88 87 1
0 96 97 98 96 97 98 1
0 97 99 98 97 99 98 1
0 98 99 100 98 99 100 1
0 98 100 101 98 100 101 1
0 101 100 102 101 100 102 1
0 100 103 102 100 103 102 1
0 102 103 104 102 103 104 1
0 102 104 105 102 104 105 1
0 105 104 106 105 104 106 1
0 104 107 106 104 107 106 1
0 106 107 97 106 107 97 1
0 106 97 96 106 97 96 1
0 105 106 102 105 106 102 1
0 102 106 96 102 106 96 1
0 96 98 102 96 98 102 1
0 102 98 101 102 98 101 1
0 107 104 103 107 104 103 1
0 107 103 97 107 103 97 1
0 97 103 100 97 103 100 1
0 97 100 99 97 100 99 1
0 108 109 110 108 109 110 1
0 109 111 110 109 111 110 1
0 110 111 112 110 111 112 1
0 110 112 113 110 112 113 1
0 113 112 114 113 112 114 1
0 112 115 114 112 115 114 1
0 114 115 116 114 115 116 1
0 114 116 117 114 116 117 1
0 117 116 118 117 116 118 1
0 116 119 118 116 119 118 1
0 118 119 109 118 119 109 1
0 118 109 108 118 109 108 1
0 117 118 114 117 118 114 1
0 114 118 108 114 118 108 1
0 108 110 114 108 110 114 1
0 114 110 113 114 110 113 1
0 119 116 115 119 116 115 1
0 119 115 109 119 115 109 1
0 109 115 112 109 115 112 1
0 109 112 111 109 112 111 1
0 120 121 122 120 121 122 1
0 120 123 121 120 123 121 1
0 124 123 120 124 123 120 1
0 125 124 120 125 124 120 1
0 126 124 125 126 124 125 1
0 126 127 124 126 127 124 1
0 128 127 126 128 127 126 1
0 129 128 126 129 128 126 1
0 130 128 129 130 128 129 1
0 130 131 128 130 131 128 1
0 121 131 130 121 131 130 1
0 122 121 130 122 121 130 1
0 126 130 129 126 130 129 1
0 122 130 126 122 130 126 1
0 126 120 122 126 120 122 1
0 125 120 126 125 120 126 1
0 127 128 131 127 128 131 1
0 121 127 131 121 127 131 1
0 124 127 121 124 127 121 1
0 123 124 121 123 124 121 1
0 132 133 134 132 133 134 1
0 132 135 133 132 135 133 1
0 136 135 132 136 135 132 1
0 137 136 132 137 136 132 1
0 138 136 137 138 136 137 1
0 138 139 136 138 139 136 1
0 140 139 138 140 139 138 1
0 141 140 138 141 140 138 1
0 142 140 141 142 140 141 1
0 142 143 140 142 143 140 1
0 133 143 142 133 143 142 1
0 134 133 142 134 133 142 1
0 138 142 141 138 142 141 1
0 134 142 138 134 142 138 1
0 138 132 134 138 132 134 1
0 137 132 138 137 132 138 1
0 139 140 143 139 140 143 1
0 133 139 143 133 139 143 1
0 136 139 133 136 139 133 1
0 135 136 133 135 136 133 1
0 144 145 146 144 145 146 1
0 144 147 145 144 147 145 1
0 148 147 144 148 147 144 1
0 149 148 144 149 148 144 1
0 150 148 149 150 148 149 1
0 150 151 148 150 151 148 1
0 152 151 150 152 151 150 1
0 153 152 150 141 152 150 1
0 154 152 153 153 152 141 1
0 154 155 152 153 154 152 1
0 145 155 154 145 154 153 1
0 146 145 154 146 145 153 1
0 150 154 153 150 153 141 1
0 146 154 150 146 153 150 1
0 150 144 146 150 144 146 1
0 149 144 150 149 144 150 1
0 151 152 155 151 152 154 1
0 145 151 155 145 151 154 1
0 148 151 145 148 151 145 1
0 147 148 145 147 148 145 1
0 156 157 158 155 156 157 1
0 156 159 157 155 158 156 1
0 160 159 156 159 158 155 1
0 161 160 156 160 159 155 1
0 162 160 161 161 159 160 1
0 162 163 160 161 162 159 1
0 164 163 162 163 162 161 1
0 165 164 162 164 163 161 1
0 166 164 165 165 163 164 1
0 166 167 164 165 166 163 1
0 157 167 166 156 166 165 1
0 158 157 166 157 156 165 1
0 162 166 165 161 165 164 1
0 158 166 162 157 165 161 1
0 162 156 158 161 155 157 1
0 161 156 162 160 155 161 1
0 163 164 167 162 163 166 1
0 157 163 167 156 162 166 1
0 160 163 157 159 162 156 1
0 159 160 157 158 159 156 1
0 168 169 170 167 168 169 1
0 168 171 169 167 170 168 1
0 172 171 168 171 170 167 1
0 173 172 168 172 171 167 1
0 174 172 173 173 171 172 1
0 174 175 172 173 174 171 1
0 176 175 174 175 174 173 1
0 177 176 174 176 175 173 1
0 178 176 177 177 175 176 1
0 178 179 176 177 178 175 1
0 169 179 178 168 178 177 1
0 170 169 178 169 168 177 1
0 174 178 177 173 177 176 1
0 170 178 174 169 177 173 1
0 174 168 170 173 167 169 1
0 173 168 174 172 167 173 1
0 175 176 179 174 175 178 1
0 169 175 179 168 174 178 1
0 172 175 169 171 174 168 1
0 171 172 169 170 171 168 1
0 180 181 182 179 180 181 1
0 180 183 181 179 182 180 1
0 184 183 180 183 182 179 1
0 185 184 180 184 183 179 1
0 186 184 185 185 183 184 1
0 186 187 184 185 186 183 1
0 188 187 186 187 186 185 1
0 189 188 186 188 187 185 1
0 190 188 189 189 187 188 1
0 190 191 188 189 190 187 1
0 181 191 190 180 190 189 1
0 182 181 190 181 180 189 1
0 186 190 189 185 189 188 1
0 182 190 186 181 189 185 1
0 186 180 182 185 179 181 1
0 185 180 186 184 179 185 1
0 187 188 191 186 187 190 1
0 181 187 191 180 186 190 1
0 184 187 181 183 186 180 1
0 183 184 181 182 183 180 1
"Duplicate02" 0 2
30
0 25.551603 41.597176 -66.681335 0.694052 0.109429 -1
0 25.551613 41.597176 -28.181355 0.483091 0.109429 -1
0 30.836643 37.032837 -65.931343 0.689942 0.121788 -1
0 30.836645 37.032837 -28.181358 0.483091 0.121788 -1
0 31.135567 22.661514 -28.181355 0.483091 0.160703 -1
0 31.135559 22.661514 -63.431351 0.676244 0.160703 -1
0 19.967655 22.661514 -63.431358 0.676244 0.160703 -1
0 19.967649 22.661514 -28.181358 0.483091 0.160703 -1
0 20.016577 41.532841 -28.181358 0.483091 0.109603 -1
0 20.016573 41.532841 -66.681335 0.694052 0.109603 -1
0 25.551603 41.597176 -66.681335 0.058628 0.820236 -1
0 30.836643 37.032837 -65.931343 0.030265 0.839490 -1
0 20.016573 41.532841 -66.681335 0.088333 0.820507 -1
0 19.967655 22.661514 -63.431358 0.088596 0.900113 -1
0 31.135559 22.661514 -63.431351 0.028660 0.900113 -1
0 -32.233418 37.032837 -65.931351 0.689942 0.121788 -1
0 -26.948378 41.597176 -28.181355 0.483091 0.109429 -1
0 -26.948387 41.597176 -66.681351 0.694052 0.109429 -1
0 -32.233410 37.032837 -28.181358 0.483091 0.121788 -1
0 -32.532330 22.661514 -28.181347 0.483091 0.160703 -1
0 -32.532337 22.661514 -63.431351 0.676244 0.160703 -1
0 -21.364418 22.661514 -63.431351 0.676244 0.160703 -1
0 -21.364420 22.661514 -28.181355 0.483091 0.160703 -1
0 -21.413340 41.532841 -28.181347 0.483091 0.109603 -1
0 -21.413349 41.532841 -66.681351 0.694052 0.109603 -1
0 -21.413349 41.532841 -66.681351 0.266790 0.820231 -1
0 -32.233418 37.032837 -65.931351 0.312969 0.838968 -1
0 -26.948387 41.597176 -66.681351 0.290413 0.819963 -1
0 -21.364418 22.661514 -63.431351 0.266581 0.898806 -1
0 -32.532337 22.661514 -63.431351 0.314245 0.898806 -1
20
0.221916 0.911431 -0.346478
0.431951 0.838013 0.333395
0.725115 0.231171 -0.648667
0.610347 0.287055 0.738293
0.581269 -0.569304 0.581394
0.550860 -0.633950 -0.542827
-0.548017 -0.639336 -0.539376
-0.577848 -0.576352 0.577850
-0.489075 0.484677 0.725186
-0.436807 0.290376 -0.851400
-0.725115 0.231170 -0.648667
-0.431951 0.838013 0.333394
-0.221917 0.911431 -0.346478
-0.610348 0.287055 0.738292
-0.581269 -0.569304 0.581394
-0.550860 -0.633950 -0.542827
0.548017 -0.639336 -0.539376
0.577848 -0.576352 0.577850
0.489074 0.484678 0.725186
0.436807 0.290375 -0.851400
32
0 0 1 2 0 1 2 1
0 1 3 2 1 3 2 1
0 2 3 4 2 3 4 1
0 2 4 5 2 4 5 1
0 5 4 6 5 4 6 1
0 4 7 6 4 7 6 1
0 6 7 8 6 7 8 1
0 6 8 9 6 8 9 1
0 9 8 0 9 8 0 1
0 8 1 0 8 1 0 1
0 10 11 12 0 2 9 1
0 12 11 13 9 2 6 1
0 13 11 14 6 2 5 1
0 1 8 3 1 8 3 1
0 3 8 4 3 8 4 1
0 4 8 7 4 8 7 1
0 15 16 17 10 11 12 1
0 15 18 16 10 13 11 1
0 19 18 15 14 13 10 1
0 20 19 15 15 14 10 1
0 21 19 20 16 14 15 1
0 21 22 19 16 17 14 1
0 23 22 21 18 17 16 1
0 24 23 21 19 18 16 1
0 17 23 24 12 18 19 1
0 17 16 23 12 11 18 1
0 25 26 27 19 10 12 1
0 28 26 25 16 10 19 1
0 29 26 28 15 10 16 1
0 18 23 16 13 18 11 1
0 19 23 18 14 18 13 1
0 22 23 19 17 18 14 1
"Duplicate03" 1 2
48
1 -30.853710 0.205258 47.131596 0.699148 0.971961 -1
1 -20.082874 12.472172 72.319565 0.646731 0.932924 -1
1 -30.853689 12.472172 72.319550 0.699148 0.932924 -1
1 -20.082870 0.205258 47.131592 0.646731 0.971961 -1
1 -20.082861 0.205258 -48.494324 0.579494 0.322821 -1
1 -20.082870 0.205258 47.131592 0.137566 0.322821 -1
1 -30.853710 0.205258 47.131596 0.137566 0.322821 -1
1 -30.853703 0.205258 -48.494324 0.579494 0.322821 -1
1 -30.853680 15.222172 -65.932289 0.699148 0.924172 -1
1 -20.082861 0.205258 -48.494324 0.646731 0.971961 -1
1 -30.853703 0.205258 -48.494324 0.699148 0.971961 -1
1 -20.082859 15.222172 -65.932281 0.646731 0.924172 -1
1 -20.082863 25.489082 -59.994324 0.646731 0.891499 -1
1 -30.853701 25.489082 -59.994308 0.699148 0.891499 -1
1 -30.853704 25.739082 69.131584 0.009853 0.226130 -1
1 -20.082863 25.489082 -59.994324 0.632640 0.224498 -1
1 -30.853701 25.489082 -59.994308 0.632640 0.224498 -1
1 -20.082870 25.739082 69.131592 0.009853 0.226130 -1
1 -20.082870 25.739082 69.131592 0.646731 0.890704 -1
1 -30.853704 25.739082 69.131584 0.699148 0.890704 -1
1 -30.853693 13.872166 69.886475 0.699148 0.928468 -1
1 -20.082865 13.872166 69.886475 0.646731 0.928468 -1
1 -30.853710 1.898525 44.314266 0.699148 0.966573 -1
1 -20.082870 1.898525 44.314270 0.646731 0.966573 -1
1 -20.082865 1.898525 -46.177010 0.646731 0.966573 -1
1 -30.853703 1.898525 -46.177002 0.699148 0.966573 -1
1 -30.853682 15.222172 -62.249191 0.699148 0.924172 -1
1 -20.082865 15.222172 -62.249191 0.646731 0.924172 -1
1 -20.082861 23.795818 -57.737999 0.646731 0.896887 -1
1 -30.853703 23.795818 -57.737991 0.699148 0.896887 -1
1 -30.853703 23.795818 -57.737991 0.622213 0.231082 -1
1 -20.082861 23.795818 -57.737999 0.622213 0.231082 -1
1 -30.853708 24.045818 66.875259 0.020281 0.232714 -1
1 -20.082869 24.045818 66.875259 0.020281 0.232714 -1
1 -30.853708 24.045818 66.875259 0.699148 0.896092 -1
1 -20.082869 24.045818 66.875259 0.646731 0.896092 -1
1 -30.853680 15.222172 -65.932289 0.660082 0.264423 -1
1 -30.853682 15.222172 -62.249191 0.643061 0.264423 -1
1 -30.853703 1.898525 -46.177002 0.568784 0.316236 -1
1 -30.853710 1.898525 44.314266 0.150586 0.316236 -1
1 -30.853689 12.472172 72.319550 0.030277 0.271211 -1
1 -30.853693 13.872166 69.886475 0.041521 0.265767 -1
1 -20.082874 12.472172 72.319565 0.030276 0.271211 -1
1 -20.082865 13.872166 69.886475 0.041521 0.265767 -1
1 -20.082870 1.898525 44.314270 0.150586 0.316236 -1
1 -20.082865 1.898525 -46.177010 0.568784 0.316236 -1
1 -20.082859 15.222172 -65.932281 0.660082 0.264423 -1
1 -20.082865 15.222172 -62.249191 0.643061 0.264423 -1
24
-0.609933 -0.772194 0.178039
0.693274 -0.307539 0.651760
-0.887304 -0.196805 0.417084
0.838587 -0.530840 0.122392
0.624702 -0.732046 -0.271764
-0.848003 -0.496858 -0.184454
-0.697787 -0.119599 -0.706250
0.889656 -0.076241 -0.450222
0.654363 0.654648 -0.378476
-0.865857 0.433118 -0.250401
-0.690905 0.568220 0.446964
0.886058 0.364360 0.286606
-0.892480 0.184989 -0.411410
0.703277 0.291545 -0.648385
-0.609269 0.774032 -0.172239
0.838156 0.532409 -0.118472
0.623393 0.735548 0.265237
-0.847183 0.499800 0.180226
-0.694666 0.140887 0.705401
0.888031 0.090052 0.450878
0.658755 -0.643666 0.389534
-0.868386 -0.424249 0.256746
-0.683673 -0.585137 -0.436126
0.882210 -0.377529 -0.281386
48
1 0 1 2 0 1 2 1
1 0 3 1 0 3 1 1
1 4 5 6 4 3 0 1
1 7 4 6 5 4 0 1
1 8 9 10 6 4 5 1
1 8 11 9 6 7 4 1
1 12 11 8 8 7 6 1
1 13 12 8 9 8 6 1
1 14 15 16 10 8 9 1
1 14 17 15 10 11 8 1
1 1 18 19 1 11 10 1
1 2 1 19 2 1 10 1
1 20 21 22 12 13 14 1
1 21 23 22 13 15 14 1
1 22 23 24 14 15 16 1
1 22 24 25 14 16 17 1
1 25 24 26 17 16 18 1
1 24 27 26 16 19 18 1
1 26 27 28 18 19 20 1
1 26 28 29 18 20 21 1
1 30 31 32 21 20 22 1
1 31 33 32 20 23 22 1
1 34 35 21 22 23 13 1
1 34 21 20 22 13 12 1
1 32 14 16 22 10 9 1
1 30 32 16 21 22 9 1
1 30 16 36 21 9 6 1
1 37 30 36 18 21 6 1
1 37 36 7 18 6 5 1
1 38 37 7 17 18 5 1
1 38 7 6 17 5 0 1
1 39 38 6 14 17 0 1
1 40 39 6 2 14 0 1
1 41 39 40 12 14 2 1
1 14 41 40 10 12 2 1
1 32 41 14 22 12 10 1
1 31 15 17 20 8 11 1
1 33 31 17 23 20 11 1
1 33 17 42 23 11 1 1
1 43 33 42 13 23 1 1
1 43 42 5 13 1 3 1
1 44 43 5 15 13 3 1
1 44 5 4 15 3 4 1
1 45 44 4 16 15 4 1
1 45 4 46 16 4 7 1
1 47 45 46 19 16 7 1
1 47 46 15 19 7 8 1
1 31 47 15 20 19 8 1

Materials: 3
"Material01"
0.800000 0.800000 0.800000 1.000000
0.800000 0.800000 0.800000 1.000000
0.000000 0.000000 0.000000 1.000000
0.000000 0.000000 0.000000 1.000000
0.000000
1.000000
""
""
"Material03"
0.800000 0.800000 0.800000 1.000000
0.800000 0.800000 0.800000 1.000000
0.000000 0.000000 0.000000 1.000000
0.000000 0.000000 0.000000 1.000000
0.000000
1.000000
".\chrome.jpg"
""
"camo"
0.800000 0.800000 0.800000 1.000000
0.800000 0.800000 0.800000 1.000000
0.000000 0.000000 0.000000 1.000000
0.000000 0.000000 0.000000 1.000000
0.000000
1.000000
".\bradley.jpg"
""

Bones: 0
