// MilkShape 3D ASCII

Frames: 30
Frame: 1

Meshes: 3
"gun" 1 1
326
1 0.155704 64.063515 -12.098713 -22.355000 8.119520 -1
1 -0.320285 64.049461 -12.098713 -22.192801 8.138411 -1
1 0.155704 64.181061 -11.453331 -22.337601 7.961820 -1
1 -0.394619 64.046204 -12.098713 -22.620001 6.884560 -1
1 0.155704 64.181061 -11.453331 -22.779400 6.695300 -1
1 -0.320285 64.049461 -12.098713 -22.645201 6.880070 -1
1 -0.768303 64.141235 -11.453331 -22.467199 6.751180 -1
1 4.519802 65.155220 -2.409168 4.791350 23.786699 -1
1 4.271752 65.360634 5.629532 2.901930 23.406700 -1
1 8.831431 64.352844 -2.409168 4.568000 25.269501 -1
1 4.236773 65.340714 4.293227 3.219880 23.443701 -1
1 4.021072 65.344635 2.462765 3.664240 23.436600 -1
1 4.519802 65.155220 -2.409168 -2.995630 24.650200 -1
1 3.661674 65.282585 -0.585382 -3.249660 24.187300 -1
1 4.021072 65.344635 2.462765 -3.955150 23.962999 -1
1 4.519802 65.155220 -2.409168 -9.723110 22.859600 -1
1 3.446851 65.221191 -2.409168 -9.468770 22.592699 -1
1 3.661674 65.282585 -0.585382 -9.835380 22.343599 -1
1 0.321269 65.779617 6.514274 -10.272400 20.335100 -1
1 0.155704 65.423660 -2.409168 -8.688740 21.774000 -1
1 0.155704 65.789742 6.514274 -10.233200 20.293900 -1
1 0.155704 65.423660 -2.409168 -20.730600 -8.925040 -1
1 -0.009861 65.779617 6.514274 -19.146900 -10.364000 -1
1 0.155704 65.789742 6.514274 -19.186100 -10.405100 -1
1 -3.135438 65.221191 -2.409168 -19.950500 -8.106380 -1
1 -3.350261 65.282585 -0.585382 -19.583900 -8.355420 -1
1 -4.208389 65.155220 -2.409168 -19.696199 -7.839450 -1
1 -1.629932 64.316925 -9.964563 -22.323299 5.869150 -1
1 0.155704 65.291077 -3.692425 -22.613600 4.246030 -1
1 -0.768303 64.141235 -11.453331 -22.686001 6.161960 -1
1 -2.252831 64.683006 -7.218431 -21.978800 5.259430 -1
1 -2.909829 65.027863 -4.321934 -21.932600 2.675230 -1
1 0.155704 65.291077 -3.692425 -22.892799 2.213340 -1
1 -2.252831 64.683006 -7.218431 -22.352800 3.280330 -1
1 -2.984164 65.106567 -3.692425 -21.863701 2.536690 -1
1 -2.984164 65.106567 -3.692425 -21.974001 1.008773 -1
1 0.155704 65.423660 -2.409168 -22.862301 0.319499 -1
1 0.155704 65.291077 -3.692425 -22.975401 0.607985 -1
1 -3.028175 65.142815 -3.318125 -21.926901 0.930228 -1
1 0.155704 65.423660 -2.409168 -22.824100 -0.850850 -1
1 -3.028175 65.142815 -3.318125 -21.922400 -0.191380 -1
1 -3.135438 65.221191 -2.409168 -21.798201 -0.375300 -1
1 0.155704 65.423660 -2.409168 -16.726999 15.849500 -1
1 3.295577 65.106567 -3.692425 -17.615200 16.538799 -1
1 0.155704 65.291077 -3.692425 -16.613800 16.138000 -1
1 3.339583 65.142815 -3.318125 -17.662300 16.460201 -1
1 3.446851 65.221191 -2.409168 -16.894699 17.255699 -1
1 3.339583 65.142815 -3.318125 -16.770399 17.439600 -1
1 0.155704 65.423660 -2.409168 -15.868800 16.780100 -1
1 3.295577 65.106567 -3.692425 -18.817301 14.930100 -1
1 2.564532 64.683006 -7.218431 -18.328100 15.673800 -1
1 0.155704 65.291077 -3.692425 -17.788200 14.606800 -1
1 3.221241 65.027863 -4.321934 -18.748400 15.068700 -1
1 1.079703 64.141235 -11.453331 -18.985001 14.781600 -1
1 0.155704 65.291077 -3.692425 -19.057301 12.865700 -1
1 2.564532 64.683006 -7.218431 -19.692200 13.879100 -1
1 0.155704 64.181061 -11.453331 -18.674801 14.715200 -1
1 1.079703 64.141235 -11.453331 -19.481600 13.899900 -1
1 0.631698 64.049461 -12.098713 -19.303600 14.028800 -1
1 0.155704 64.181061 -11.453331 -19.169399 13.844000 -1
1 0.706028 64.046204 -12.098713 -19.328800 14.033300 -1
1 0.631698 64.049461 -12.098713 -20.120199 12.805200 -1
1 0.155704 64.063515 -12.098713 -19.957899 12.786300 -1
1 0.155704 64.181061 -11.453331 -19.975300 12.628600 -1
1 0.155704 64.181061 -11.453331 -22.996201 6.095550 -1
1 1.941620 64.316925 -9.964563 -19.347700 14.488800 -1
1 -10.519011 63.192554 4.541351 -0.001307 -17.700899 -1
1 -6.828245 64.595490 6.514274 0.888098 -18.805401 -1
1 -10.693893 63.567123 0.666961 -0.890115 -17.996000 -1
1 -9.892021 63.239578 6.514274 0.516512 -17.738100 -1
1 -10.444977 63.052780 5.985438 0.359674 -17.557199 -1
1 -9.892021 63.239578 6.514274 0.545368 -17.701401 -1
1 -10.519011 63.192554 4.541351 0.027497 -17.665001 -1
1 -10.045933 63.170013 6.514274 0.526657 -17.647800 -1
1 -10.045933 63.170013 6.514274 3.758720 -16.215300 -1
1 -10.444977 63.052780 5.985438 3.579930 -16.151100 -1
1 -10.304472 63.001503 6.514274 3.713430 -16.123199 -1
1 8.831431 64.352844 -2.409168 11.792900 21.878300 -1
1 11.005313 63.567123 0.666961 11.173700 22.757401 -1
1 10.379206 63.864952 -2.409168 11.870700 22.424400 -1
1 7.139652 64.595490 6.514274 9.594720 21.606701 -1
1 6.980212 64.645782 6.514274 9.586700 21.550400 -1
1 8.831431 64.352844 -2.409168 11.032600 22.714500 -1
1 4.294770 65.336464 6.514274 8.733330 21.376699 -1
1 6.980212 64.645782 6.514274 8.838060 22.316099 -1
1 4.271752 65.360634 5.629532 8.942920 21.343800 -1
1 3.769518 65.471664 6.514274 8.712840 21.192900 -1
1 3.769518 65.471664 6.514274 2.718490 23.201599 -1
1 3.606000 65.502037 6.514274 2.726960 23.145399 -1
1 3.606000 65.502037 6.514274 -4.753060 23.391500 -1
1 0.321269 65.779617 6.514274 -4.238530 22.385201 -1
1 -3.350261 65.282585 -0.585382 -16.192699 -13.563600 -1
1 -3.294587 65.502037 6.514274 -14.689300 -14.359400 -1
1 -0.009861 65.779617 6.514274 -15.203900 -15.365601 -1
1 -3.709655 65.344635 2.462765 -15.487200 -13.787900 -1
1 -4.208389 65.155220 -2.409168 -16.446800 -13.100700 -1
1 -4.208389 65.155220 -2.409168 -11.221200 -17.726801 -1
1 -3.925360 65.340714 4.293227 -9.649710 -18.069799 -1
1 -3.709655 65.344635 2.462765 -10.094100 -18.076900 -1
1 -3.960052 65.360634 5.629532 -9.331750 -18.106800 -1
1 -8.520021 64.352844 -2.409168 -10.997800 -16.243999 -1
1 -6.668805 64.645782 6.514274 -3.997170 -18.904800 -1
1 -3.960052 65.360634 5.629532 -4.102030 -19.877100 -1
1 -8.520021 64.352844 -2.409168 -6.191740 -18.506399 -1
1 -3.983361 65.336464 6.514274 -3.892440 -19.844299 -1
1 -3.999969 65.285851 7.154239 7.233550 -18.831301 -1
1 -6.435610 64.659172 7.154239 6.727260 -18.139400 -1
1 -4.109283 64.685944 11.336073 8.007230 -18.168900 -1
1 -6.435610 64.659172 7.154239 6.811790 -17.969801 -1
1 -5.041450 63.925369 14.001577 8.402910 -17.310499 -1
1 -4.109283 64.685944 11.336073 8.091870 -17.993799 -1
1 -6.532975 64.627823 7.154239 6.791410 -17.941601 -1
1 -8.865722 62.215141 12.183643 6.159850 -15.371300 -1
1 -9.685073 63.221939 7.154239 5.004230 -15.908300 -1
1 -10.023197 63.001503 7.154239 4.939380 -15.790800 -1
1 -7.543544 62.635746 13.622713 6.698940 -15.595600 -1
1 -7.857472 62.447975 13.567558 6.627810 -15.495501 -1
1 -8.566944 62.081566 13.037893 7.415420 -13.660400 -1
1 -7.857472 62.447975 13.567558 7.663860 -13.822300 -1
1 -8.865722 62.215141 12.183643 7.190750 -13.719400 -1
1 -8.426154 62.018532 13.441006 7.521540 -13.632500 -1
1 -7.889829 61.745529 14.803200 11.158300 -11.315000 -1
1 -7.315598 62.573055 14.311115 11.228700 -11.649600 -1
1 -8.094736 61.905876 14.311115 11.027800 -11.379700 -1
1 -7.613207 61.529663 15.468212 11.334600 -11.227600 -1
1 -7.230493 61.230526 16.387613 11.578500 -11.106700 -1
1 -2.994360 59.000072 24.983988 14.028000 -10.204900 -1
1 -6.690958 60.809265 17.683826 11.922200 -10.936300 -1
1 -4.744422 59.288109 22.361927 13.162700 -10.321300 -1
1 -3.261065 58.921860 24.763844 13.924400 -10.173200 -1
1 -3.442954 58.868401 24.613455 13.853800 -10.151600 -1
1 -3.442954 58.868401 24.613455 13.578100 -9.698900 -1
1 -4.744422 59.288109 22.361927 12.885100 -9.860500 -1
1 -3.959161 58.705315 24.154385 13.373200 -9.636100 -1
1 1.675793 61.269402 22.062840 21.929800 0.406229 -1
1 1.064845 59.435059 26.207922 21.566299 1.507092 -1
1 1.093413 59.433758 26.204159 21.576200 1.507883 -1
1 0.830196 60.865753 23.137634 21.602699 0.648484 -1
1 2.710857 64.531151 14.702936 22.558201 -1.551560 -1
1 0.190977 64.763992 14.771442 21.702000 -1.691250 -1
1 2.774105 64.713371 14.233004 21.216999 8.001540 -1
1 3.438112 65.495178 7.154239 22.292000 6.650470 -1
1 0.155704 64.978226 14.311115 20.439699 7.543500 -1
1 3.538963 65.484406 7.154239 22.321600 6.668750 -1
1 2.810542 64.704231 14.230499 16.909201 14.358300 -1
1 3.538963 65.484406 7.154239 18.408199 13.496900 -1
1 2.774105 64.713371 14.233004 16.901100 14.348400 -1
1 4.420697 64.685944 11.336073 17.795099 14.378700 -1
1 4.492687 64.188911 14.079271 17.357100 14.192200 -1
1 4.420697 64.685944 11.336073 17.862700 13.745800 -1
1 2.810542 64.704231 14.230499 16.976601 13.729200 -1
1 6.747023 64.659172 7.154239 19.142799 13.769700 -1
1 5.352863 63.925369 14.001577 17.551600 14.429100 -1
1 5.220825 63.824471 14.495335 22.711800 3.664150 -1
1 4.504935 64.025955 14.554647 22.482700 3.555240 -1
1 4.553325 63.107964 16.402239 22.313000 4.051350 -1
1 3.289736 61.751724 20.011377 21.558100 4.784260 -1
1 2.710857 64.531151 14.702936 21.908600 3.282290 -1
1 1.675793 61.269402 22.062840 20.849899 5.044970 -1
1 1.125770 59.429504 26.191608 20.265499 6.039200 -1
1 1.093413 59.433758 26.204159 20.254200 6.036830 -1
1 2.262554 59.249245 25.684916 18.916401 8.096889 -1
1 3.933049 61.930695 19.193487 20.280300 6.848850 -1
1 2.109232 59.282879 25.779749 18.860399 8.081230 -1
1 4.455384 62.006783 18.529716 20.518200 6.813470 -1
1 7.627019 62.573055 14.311115 21.989500 6.549860 -1
1 7.627019 62.573055 14.311115 21.678699 6.641380 -1
1 2.262554 59.249245 25.684916 18.572599 8.120970 -1
1 3.305773 59.000072 24.983988 18.959700 8.231911 -1
1 3.572478 58.921860 24.763844 18.090799 8.162320 -1
1 7.627019 62.573055 14.311115 20.786600 6.685980 -1
1 3.305773 59.000072 24.983988 17.987301 8.130660 -1
1 3.754363 58.868401 24.613455 18.161501 8.183929 -1
1 5.055848 59.288109 22.361927 18.852600 8.014210 -1
1 5.055848 59.288109 22.361927 18.600000 7.511860 -1
1 3.754363 58.868401 24.613455 17.907000 7.673430 -1
1 4.270875 58.705315 24.154385 18.111900 7.736210 -1
1 10.357347 63.170013 6.514274 14.588100 18.895300 -1
1 10.830426 63.192554 4.541351 15.087200 18.878000 -1
1 10.203732 63.239578 6.514274 14.569300 18.841600 -1
1 10.756396 63.052780 5.985438 14.755000 18.985800 -1
1 10.756396 63.052780 5.985438 18.158899 14.182000 -1
1 10.357347 63.170013 6.514274 17.980101 14.117900 -1
1 10.615886 63.001503 6.514274 18.025400 14.210000 -1
1 10.698085 63.713425 -0.842696 11.515800 22.594000 -1
1 11.005313 63.567123 0.666961 15.944000 18.700600 -1
1 10.203732 63.239578 6.514274 14.537300 18.958500 -1
1 10.830426 63.192554 4.541351 15.055200 18.995600 -1
1 7.139652 64.595490 6.514274 14.165800 17.891199 -1
1 -2.499130 64.704231 14.230499 8.893200 -18.189301 -1
1 -3.227538 65.484406 7.154239 7.394140 -19.050699 -1
1 -2.499130 64.704231 14.230499 8.977930 -18.010401 -1
1 -4.180990 64.188911 14.079271 8.597490 -17.547300 -1
1 -4.193522 64.025955 14.554647 16.205999 -11.104500 -1
1 -4.909399 63.824471 14.495335 15.976900 -10.995600 -1
1 -4.241903 63.107964 16.402239 16.375700 -10.608400 -1
1 -4.909399 63.824471 14.495335 15.577500 -11.333500 -1
1 -4.255023 62.849976 16.906849 16.036400 -10.821500 -1
1 -4.241903 63.107964 16.402239 15.986400 -10.957000 -1
1 -4.923401 63.820206 14.494080 15.573100 -11.331200 -1
1 -9.594427 63.272881 7.154239 5.403310 -16.270100 -1
1 -7.543544 62.635746 13.622713 7.074390 -15.897900 -1
1 -5.185147 63.865280 13.984034 7.611230 -16.615999 -1
1 -9.685073 63.221939 7.154239 5.385410 -16.240299 -1
1 -5.185147 63.865280 13.984034 6.838500 -17.514299 -1
1 -6.532975 64.627823 7.154239 5.213610 -18.063299 -1
1 -9.594427 63.272881 7.154239 4.644730 -17.087799 -1
1 -5.041450 63.925369 14.001577 6.868780 -17.557600 -1
1 -8.094736 61.905876 14.311115 7.756090 -13.582700 -1
1 -7.456393 62.540718 14.118126 7.852120 -13.863200 -1
1 -8.147500 62.018532 13.964403 7.679090 -13.632500 -1
1 -7.315598 62.573055 14.311115 7.918170 -13.877600 -1
1 -7.315598 62.573055 14.311115 6.879350 -15.562300 -1
1 -7.374779 62.589378 14.132318 6.832500 -15.570999 -1
1 -7.456393 62.540718 14.118126 6.814020 -15.545000 -1
1 -6.207972 63.197773 14.311115 7.473090 -16.226200 -1
1 -7.374779 62.589378 14.132318 7.207490 -15.870899 -1
1 -7.315598 62.573055 14.311115 7.254180 -15.861401 -1
1 -1.950841 59.249245 25.684916 15.888600 -10.380500 -1
1 -6.207972 63.197773 14.311115 13.126100 -12.218200 -1
1 -7.315598 62.573055 14.311115 12.815500 -11.927500 -1
1 -4.291750 62.043682 18.314592 14.215600 -11.681000 -1
1 -4.143675 62.006783 18.529716 14.286800 -11.663900 -1
1 -3.621628 61.930695 19.193487 14.524700 -11.628500 -1
1 -1.797519 59.282879 25.779749 15.944600 -10.396200 -1
1 -0.518788 60.865753 23.137634 20.448099 -5.126780 -1
1 -0.781988 59.433758 26.204159 20.474701 -4.267380 -1
1 -0.753424 59.435059 26.207922 20.484501 -4.268170 -1
1 -1.364380 61.269402 22.062840 20.121099 -5.369030 -1
1 0.120436 64.763992 14.771442 20.348900 -7.466520 -1
1 -2.399148 64.531151 14.702936 19.492599 -7.326820 -1
1 -3.126691 65.495178 7.154239 14.093200 -15.123699 -1
1 -2.462692 64.713371 14.233004 15.168200 -13.772600 -1
1 0.155704 64.978226 14.311115 15.945500 -14.230700 -1
1 -3.227538 65.484406 7.154239 14.063600 -15.105400 -1
1 -2.462692 64.713371 14.233004 8.901270 -18.199200 -1
1 -2.978035 61.751724 20.011377 17.130600 -9.875500 -1
1 -2.399148 64.531151 14.702936 16.780100 -11.377500 -1
1 -3.621628 61.930695 19.193487 16.475500 -10.338500 -1
1 -2.978035 61.751724 20.011377 16.760500 -10.244400 -1
1 -4.255023 62.849976 16.906849 14.031700 -12.056400 -1
1 -4.923401 63.820206 14.494080 13.511600 -12.507900 -1
1 -1.797519 59.282879 25.779749 17.740101 -8.947190 -1
1 -0.814345 59.429504 26.191608 18.085899 -9.024200 -1
1 -0.814345 59.429504 26.191608 18.423201 -8.620590 -1
1 -1.364380 61.269402 22.062840 17.838800 -9.614800 -1
1 -0.781988 59.433758 26.204159 18.434500 -8.622960 -1
1 0.155704 65.772110 7.154239 15.970400 -14.798700 -1
1 -3.126691 65.495178 7.154239 14.975900 -14.263600 -1
1 0.155704 64.978226 14.311115 16.774200 -13.266200 -1
1 3.438112 65.495178 7.154239 22.630600 5.461210 -1
1 0.155704 65.772110 7.154239 21.636200 4.926150 -1
1 0.155704 64.978226 14.311115 20.832399 6.458630 -1
1 0.155704 60.871956 23.295532 21.344101 0.965444 -1
1 0.190977 64.763992 14.771442 21.712700 -1.368770 -1
1 0.155704 64.767593 14.772289 21.700701 -1.370930 -1
1 0.706028 60.807945 23.295532 21.530001 1.003823 -1
1 1.064845 59.435059 26.207922 21.529301 1.827199 -1
1 0.155704 59.481430 26.337835 21.216801 1.799463 -1
1 -0.394619 60.807945 23.295532 20.398100 -5.396260 -1
1 0.155704 59.481430 26.337835 20.711300 -4.600620 -1
1 0.155704 60.871956 23.295532 20.584000 -5.434640 -1
1 -0.518788 60.865753 23.137634 20.349600 -5.430850 -1
1 -0.753424 59.435059 26.207922 20.398800 -4.572880 -1
1 0.120436 64.763992 14.771442 20.215401 -7.768850 -1
1 0.155704 64.767593 14.772289 20.227301 -7.771010 -1
1 0.830196 60.865753 23.137634 21.578501 0.969229 -1
1 -1.950841 59.249245 25.684916 15.493400 -10.424400 -1
1 -7.315598 62.573055 14.311115 12.387300 -11.903900 -1
1 -2.994360 59.000072 24.983988 15.106300 -10.313400 -1
1 -3.458109 65.471664 6.514274 -9.148320 -18.311899 -1
1 -3.294587 65.502037 6.514274 -9.156790 -18.368099 -1
1 -3.458109 65.471664 6.514274 -3.871960 -20.028000 -1
1 4.311395 65.285851 7.154239 18.568800 13.716300 -1
1 6.747023 64.659172 7.154239 19.075100 14.408200 -1
1 6.844672 64.627823 7.154239 19.163099 13.797900 -1
1 5.496567 63.865280 13.984034 16.226601 14.883500 -1
1 6.844672 64.627823 7.154239 17.851500 14.334500 -1
1 5.352863 63.925369 14.001577 16.196301 14.840200 -1
1 9.905839 63.272881 7.154239 18.420300 15.310000 -1
1 7.854959 62.635746 13.622713 17.457800 13.740400 -1
1 9.905839 63.272881 7.154239 19.128901 13.368200 -1
1 5.496567 63.865280 13.984034 16.921000 13.022300 -1
1 9.996481 63.221939 7.154239 19.146799 13.398000 -1
1 8.168883 62.447975 13.567558 17.169201 13.419400 -1
1 9.996481 63.221939 7.154239 18.792801 13.006600 -1
1 7.854959 62.635746 13.622713 17.098000 13.319300 -1
1 9.177131 62.215141 12.183643 17.637100 13.543700 -1
1 8.168883 62.447975 13.567558 18.159401 10.583220 -1
1 8.878360 62.081566 13.037880 18.407900 10.745110 -1
1 9.177131 62.215141 12.183643 18.632500 10.686120 -1
1 8.737579 62.018532 13.440989 18.301701 10.772970 -1
1 5.220825 63.824471 14.495335 22.514000 4.136560 -1
1 4.566444 62.849976 16.906849 22.055099 4.648520 -1
1 5.234814 63.820206 14.494080 22.518400 4.138830 -1
1 4.553325 63.107964 16.402239 22.105000 4.513040 -1
1 3.933049 61.930695 19.193487 21.615999 5.131570 -1
1 3.289736 61.751724 20.011377 21.330900 5.225660 -1
1 2.109232 59.282879 25.779749 20.351400 6.522830 -1
1 1.125770 59.429504 26.191608 20.005501 6.445860 -1
1 4.566444 62.849976 16.906849 20.773300 6.420960 -1
1 4.603172 62.043682 18.314592 20.589399 6.796330 -1
1 5.234814 63.820206 14.494080 21.293400 5.969480 -1
1 6.519379 63.197773 14.311115 21.678900 6.259150 -1
1 7.686187 62.589378 14.132318 17.324699 13.767400 -1
1 6.519379 63.197773 14.311115 17.059099 13.412100 -1
1 7.627019 62.573055 14.311115 17.278000 13.776800 -1
1 7.767800 62.540718 14.118126 16.983000 13.370000 -1
1 7.686187 62.589378 14.132318 16.964500 13.344000 -1
1 7.627019 62.573055 14.311115 16.917601 13.352600 -1
1 8.406156 61.905876 14.311115 18.067200 10.822760 -1
1 7.767800 62.540718 14.118126 17.971201 10.542270 -1
1 7.627019 62.573055 14.311115 17.905100 10.527900 -1
1 8.458915 62.018532 13.964403 18.144199 10.772970 -1
1 8.201242 61.745529 14.803185 20.857000 7.020560 -1
1 8.406156 61.905876 14.311115 20.987499 6.955850 -1
1 7.924628 61.529663 15.468212 20.680700 7.107960 -1
1 7.541904 61.230526 16.387613 20.436800 7.228840 -1
1 7.002650 60.809265 17.683826 20.093100 7.399240 -1
1 10.334608 63.001503 7.154239 18.857599 13.124100 -1
1 -8.520021 64.352844 -2.409168 -5.555050 -18.638300 -1
1 -6.828245 64.595490 6.514274 -3.356860 -18.909901 -1
1 -6.668805 64.645782 6.514274 -3.348840 -18.966200 -1
1 -10.067796 63.864952 -2.409168 -5.632830 -18.092199 -1
1 -10.386390 63.713425 -0.842696 -5.277940 -17.922701 -1
1 -10.693893 63.567123 0.666961 -4.935810 -17.759199 -1
174
-0.000000 0.983815 -0.179186
-0.036096 0.984077 -0.174041
-0.006170 0.986391 -0.164302
-0.042796 0.984643 -0.169256
-0.042602 0.987641 -0.150832
0.139127 0.989936 -0.025909
0.205252 0.978689 -0.006318
0.264121 0.964303 0.018965
0.183130 0.982896 -0.019454
0.149983 0.988420 -0.023048
0.074895 0.996598 -0.034409
0.061371 0.996660 -0.053876
0.067033 0.997019 -0.038199
-0.000000 0.997090 -0.076237
0.000000 0.999160 -0.040990
-0.067033 0.997019 -0.038199
-0.061371 0.996660 -0.053876
-0.074895 0.996598 -0.034409
-0.139239 0.989920 -0.025902
-0.042639 0.989024 -0.141470
-0.010090 0.991373 -0.130684
-0.050314 0.989395 -0.136256
-0.058117 0.989703 -0.130806
-0.058237 0.991991 -0.112079
-0.059661 0.993401 -0.097956
0.057270 0.991515 -0.116695
0.059662 0.993401 -0.097955
0.049523 0.989463 -0.136052
0.054366 0.989997 -0.130195
0.042760 0.987332 -0.152801
0.038208 0.984207 -0.172850
0.043149 0.984507 -0.169951
0.042967 0.988993 -0.141587
-0.404883 0.908088 0.106987
-0.335198 0.940469 0.056217
-0.352301 0.933358 0.068756
-0.407248 0.906948 0.107674
-0.452423 0.879701 0.146424
-0.473126 0.865373 0.165169
-0.532568 0.817100 0.220724
0.116552 0.985821 0.120716
-0.443493 0.878954 0.175367
0.335215 0.940464 0.056195
0.274963 0.961117 0.025491
0.249157 0.968258 0.019937
0.205087 0.978723 -0.006328
0.116913 0.992786 -0.026611
-0.116912 0.992786 -0.026611
-0.143376 0.989383 -0.023768
-0.183326 0.982860 -0.019441
-0.216407 0.976303 0.000226
-0.258662 0.965841 0.015659
-0.266343 0.963589 0.023626
-0.249133 0.968265 0.019888
-0.246907 0.960107 0.131271
-0.284105 0.946670 0.151989
-0.280367 0.948108 0.149950
-0.326660 0.930341 0.166613
-0.366676 0.914002 0.173636
-0.551559 0.789603 0.268905
-0.511572 0.823865 0.244009
-0.528983 0.811401 0.248606
-0.503116 0.829699 0.241813
-0.587670 0.750715 0.301781
-0.614824 0.717634 0.327099
-0.614770 0.717749 0.326946
-0.577795 0.674350 0.459788
-0.543325 0.740322 0.395882
-0.603682 0.704831 0.372533
-0.577761 0.674498 0.459615
-0.577582 0.674565 0.459740
-0.558870 0.691500 0.457702
-0.577664 0.674535 0.459682
-0.588463 0.662400 0.463614
-0.577741 0.674493 0.459645
-0.599287 0.649815 0.467543
-0.619632 0.625079 0.474692
0.187222 0.888036 0.419928
0.101148 0.904696 0.413877
0.187244 0.888022 0.419948
0.098762 0.904868 0.414078
0.187201 0.888054 0.419901
0.101767 0.904700 0.413716
0.153235 0.980460 0.123361
0.097490 0.988469 0.115862
-0.000000 0.993386 0.114826
0.212628 0.968648 0.128495
0.266425 0.953378 0.141733
0.269244 0.952285 0.143741
0.302407 0.939269 0.162243
0.288505 0.944927 0.154526
0.334454 0.927318 0.167994
0.294369 0.856027 0.424929
0.277836 0.863165 0.421608
0.295017 0.855840 0.424856
0.289922 0.858045 0.423916
0.286935 0.859290 0.423425
0.451642 0.776248 0.439839
0.375079 0.819473 0.433335
0.352184 0.830560 0.431434
0.442681 0.782411 0.438026
0.534353 0.733080 0.420785
0.530013 0.716030 0.454299
0.577772 0.674432 0.459697
0.592054 0.658290 0.464894
0.591835 0.658489 0.464891
0.619299 0.625493 0.474581
0.452684 0.879537 0.146604
0.407438 0.906847 0.107808
0.404881 0.908093 0.106950
0.473410 0.865168 0.165434
0.532568 0.817099 0.220730
-0.930323 0.294978 0.217915
-0.261547 0.955110 0.139131
-0.201126 0.971229 0.127525
-0.302360 0.939278 0.162281
-0.277807 0.863171 0.421615
-0.294288 0.856059 0.424920
-0.294975 0.855855 0.424855
-0.373592 0.820164 0.433312
-0.394900 0.809319 0.434807
-0.451220 0.865783 0.216380
-0.425133 0.883238 0.197871
-0.587132 0.751064 0.301957
-0.614946 0.717676 0.326776
-0.502757 0.829814 0.242167
-0.452732 0.802564 0.388490
-0.448051 0.778811 0.438980
-0.440957 0.783776 0.437323
-0.440870 0.783832 0.437312
-0.375128 0.819445 0.433347
-0.352164 0.830566 0.431440
-0.099959 0.904801 0.413937
-0.156500 0.894639 0.418483
-0.100511 0.904750 0.413915
-0.187101 0.888066 0.419919
-0.100376 0.904785 0.413870
-0.217779 0.880583 0.420887
-0.097492 0.988469 0.115862
-0.153234 0.980460 0.123360
-0.289889 0.858056 0.423915
-0.286983 0.859273 0.423427
-0.000000 0.993904 0.110250
0.015108 0.909397 0.415654
-0.000007 0.909503 0.415698
0.104941 0.904469 0.413429
-0.052632 0.908252 0.415100
-0.104879 0.904494 0.413389
-0.199615 0.979827 -0.009622
0.246914 0.960104 0.131278
0.366424 0.914108 0.173607
0.425138 0.883233 0.197882
0.451235 0.865773 0.216388
0.494460 0.835577 0.239417
0.515933 0.820791 0.245185
0.573430 0.766712 0.288670
0.558897 0.782132 0.275505
0.614824 0.717636 0.327094
0.614768 0.717756 0.326935
0.373699 0.820129 0.433286
0.406830 0.803017 0.435491
0.442881 0.782183 0.438231
0.462325 0.819714 0.338120
0.502758 0.829824 0.242131
0.587135 0.751073 0.301929
0.603683 0.704835 0.372524
0.614942 0.717682 0.326769
0.577801 0.674343 0.459790
0.577766 0.674495 0.459611
0.577725 0.674447 0.459734
0.577814 0.674420 0.459661
0.528980 0.811403 0.248606
-0.300533 0.953266 0.031064
-0.300622 0.953236 0.031105
202
1 0 1 2 0 1 2 1
1 3 4 5 3 2 1 1
1 4 3 6 2 3 4 1
1 7 8 9 5 6 7 1
1 7 10 8 5 8 6 1
1 10 7 11 8 5 9 1
1 12 13 14 5 10 9 1
1 15 16 17 5 11 10 1
1 16 18 17 11 12 10 1
1 19 18 16 13 12 11 1
1 18 19 20 12 13 14 1
1 21 22 23 13 15 14 1
1 24 22 21 16 15 13 1
1 22 24 25 15 16 17 1
1 24 26 25 16 18 17 1
1 27 28 29 19 20 4 1
1 28 27 30 20 19 21 1
1 31 32 33 22 20 21 1
1 32 31 34 20 22 23 1
1 35 36 37 23 13 20 1
1 36 35 38 13 23 24 1
1 39 40 41 13 24 16 1
1 42 43 44 13 25 20 1
1 43 42 45 25 13 26 1
1 46 47 48 11 26 13 1
1 49 50 51 25 27 20 1
1 50 49 52 27 25 28 1
1 53 54 55 29 20 27 1
1 54 53 56 20 29 2 1
1 57 58 59 29 30 2 1
1 58 57 60 30 29 31 1
1 61 62 63 30 0 2 1
1 29 28 64 4 20 2 1
1 53 55 65 29 27 32 1
1 66 67 68 33 34 35 1
1 67 66 69 34 33 36 1
1 70 71 72 37 36 33 1
1 71 70 73 36 37 38 1
1 74 75 76 38 37 39 1
1 77 78 79 7 40 41 1
1 77 80 78 7 42 40 1
1 80 77 81 42 7 43 1
1 82 83 84 7 44 43 1
1 83 82 85 44 7 6 1
1 83 85 86 44 6 45 1
1 11 87 8 9 45 6 1
1 87 11 88 45 9 46 1
1 13 89 14 10 46 9 1
1 89 13 90 46 10 12 1
1 91 92 93 17 47 15 1
1 92 91 94 47 17 48 1
1 91 95 94 17 18 48 1
1 96 97 98 18 49 48 1
1 96 99 97 18 50 49 1
1 99 96 100 50 18 51 1
1 101 102 103 52 50 51 1
1 102 101 104 50 52 53 1
1 105 106 107 54 55 56 1
1 108 109 110 55 57 56 1
1 109 108 111 57 55 58 1
1 112 113 114 59 60 61 1
1 113 112 115 60 59 62 1
1 115 112 116 62 59 63 1
1 117 118 119 64 63 59 1
1 118 117 120 63 64 65 1
1 121 122 123 66 67 68 1
1 122 121 124 67 66 69 1
1 122 124 125 67 69 70 1
1 122 125 126 67 70 71 1
1 126 125 127 71 70 72 1
1 126 127 128 71 72 73 1
1 126 128 129 71 73 74 1
1 129 128 130 74 73 75 1
1 131 132 133 75 73 76 1
1 134 135 136 77 78 79 1
1 135 134 137 78 77 80 1
1 138 137 134 81 80 77 1
1 137 138 139 80 81 82 1
1 140 141 142 83 84 85 1
1 141 140 143 84 83 86 1
1 144 145 146 87 86 83 1
1 145 144 147 86 87 88 1
1 148 149 150 89 88 87 1
1 148 151 149 89 90 88 1
1 151 148 152 90 89 91 1
1 153 154 155 92 93 94 1
1 154 156 155 93 95 94 1
1 157 156 154 81 95 93 1
1 156 157 158 95 81 77 1
1 158 159 156 77 96 95 1
1 159 158 160 96 77 79 1
1 161 162 163 97 98 99 1
1 162 161 164 98 97 100 1
1 164 161 165 100 97 101 1
1 166 167 168 101 97 102 1
1 169 170 171 103 101 102 1
1 170 169 172 101 103 104 1
1 170 172 173 101 104 105 1
1 174 175 176 105 104 106 1
1 177 178 179 107 108 109 1
1 178 177 180 108 107 110 1
1 181 182 183 110 107 111 1
1 79 78 184 41 40 112 1
1 185 186 187 40 109 108 1
1 186 185 188 109 40 42 1
1 105 189 190 54 113 114 1
1 189 105 107 113 54 56 1
1 191 110 192 113 56 115 1
1 110 109 192 56 57 115 1
1 193 194 195 116 117 118 1
1 196 197 198 117 119 118 1
1 197 196 199 119 117 120 1
1 200 201 202 121 62 122 1
1 201 200 203 62 121 60 1
1 204 205 206 122 58 121 1
1 205 204 207 58 122 57 1
1 208 209 210 68 123 124 1
1 209 208 211 123 68 67 1
1 212 213 214 67 125 123 1
1 215 216 217 126 125 67 1
1 218 219 220 127 126 67 1
1 219 218 221 126 127 128 1
1 221 218 222 128 127 129 1
1 222 218 223 129 127 130 1
1 223 218 224 130 127 131 1
1 225 226 227 132 133 134 1
1 226 225 228 133 132 135 1
1 229 228 225 136 135 132 1
1 228 229 230 135 136 137 1
1 231 232 233 138 139 85 1
1 232 231 234 139 138 114 1
1 190 189 235 114 113 139 1
1 193 236 237 116 140 137 1
1 236 193 195 140 116 118 1
1 198 238 239 118 130 140 1
1 238 198 197 130 118 119 1
1 240 222 223 119 129 130 1
1 222 240 221 129 119 128 1
1 240 241 221 119 120 128 1
1 219 221 241 126 128 120 1
1 242 239 238 131 140 130 1
1 239 242 243 140 131 141 1
1 244 245 236 141 135 140 1
1 245 244 246 135 141 133 1
1 237 236 245 137 140 135 1
1 247 248 249 142 138 85 1
1 250 251 252 84 142 85 1
1 253 254 255 143 82 144 1
1 254 253 256 82 143 145 1
1 253 257 256 143 78 145 1
1 257 253 258 78 143 146 1
1 259 260 261 147 146 143 1
1 262 260 259 132 146 147 1
1 260 262 263 146 132 134 1
1 259 264 262 147 136 132 1
1 264 259 261 136 147 143 1
1 264 261 265 136 143 144 1
1 256 257 266 145 78 80 1
1 254 256 266 82 145 80 1
1 267 268 269 127 67 71 1
1 98 270 271 48 148 47 1
1 97 270 98 49 148 48 1
1 270 97 99 148 49 50 1
1 272 102 104 148 50 53 1
1 145 147 273 86 88 149 1
1 274 273 147 90 149 88 1
1 151 152 275 90 91 150 1
1 276 277 278 151 150 91 1
1 277 276 279 150 151 152 1
1 280 281 282 153 152 151 1
1 281 280 283 152 153 154 1
1 284 285 286 155 154 153 1
1 285 284 287 154 155 156 1
1 288 289 290 155 157 156 1
1 289 288 291 157 155 158 1
1 292 293 294 92 159 160 1
1 293 292 295 159 92 94 1
1 295 296 293 94 98 159 1
1 296 295 297 98 94 95 1
1 297 298 296 95 99 98 1
1 298 297 299 99 95 96 1
1 164 300 162 100 159 98 1
1 300 164 301 159 100 161 1
1 164 165 301 100 101 161 1
1 301 165 302 161 101 160 1
1 302 165 303 160 101 162 1
1 304 305 306 163 162 101 1
1 307 308 309 164 163 101 1
1 310 311 312 165 164 101 1
1 311 310 313 164 165 166 1
1 170 314 315 101 167 165 1
1 170 316 314 101 168 167 1
1 170 317 316 101 169 168 1
1 170 318 317 101 170 169 1
1 170 173 318 101 105 170 1
1 302 300 301 160 159 161 1
1 285 287 319 154 156 171 1
1 320 321 322 51 34 52 1
1 323 321 320 172 34 51 1
1 324 321 323 173 34 172 1
1 321 324 325 34 173 35 1
1 11 8 10 9 6 8 1
"gun" 0 0
403
0 15.306163 63.267990 -11.453331 0.418125 0.280331 -1
0 7.753269 64.418999 -11.453331 0.458207 0.280331 -1
0 6.598685 65.027206 -3.692425 0.464334 0.235310 -1
0 17.911522 61.913712 -19.865053 0.404299 0.329128 -1
0 9.045719 62.463974 -19.865053 0.451348 0.329128 -1
0 28.558489 58.230644 -52.385784 0.347798 0.517781 -1
0 14.358335 58.431290 -52.385784 0.423155 0.517781 -1
0 0.155696 58.647762 -46.276768 0.498526 0.539717 -1
0 20.878611 58.275963 -46.276768 0.388553 0.539717 -1
0 34.713657 57.067245 -56.167019 0.315134 0.539717 -1
0 53.476173 56.730652 -56.167034 0.215565 0.539717 -1
0 74.000290 56.362446 -56.167034 0.106648 0.539717 -1
0 89.096848 56.091591 -56.167034 0.026533 0.539717 -1
0 42.754860 57.896301 -52.385784 0.272461 0.517781 -1
0 26.727179 60.998337 -19.865053 0.357516 0.329128 -1
0 22.769230 62.131535 -11.453331 0.378521 0.280331 -1
0 12.971085 64.238556 -3.692425 0.430517 0.235310 -1
0 4.519802 65.155220 -2.409168 0.475366 0.227866 -1
0 3.446851 65.221191 -2.409168 0.481060 0.227866 -1
0 3.339583 65.142815 -3.318125 0.481629 0.233138 -1
0 3.295577 65.106567 -3.692425 0.481863 0.235310 -1
0 3.221241 65.027863 -4.321934 0.482258 0.238962 -1
0 2.564532 64.683006 -7.218431 0.485742 0.255764 -1
0 1.941620 64.316925 -9.964563 0.489048 0.271695 -1
0 1.079703 64.141235 -11.453331 0.493622 0.280331 -1
0 0.706028 64.046204 -12.098713 0.495605 0.284075 -1
0 0.631698 64.049461 -12.098713 0.496000 0.284075 -1
0 0.155704 64.063515 -12.098713 0.498526 0.284075 -1
0 0.155696 62.647839 -19.865053 0.498526 0.329128 -1
0 0.155696 58.498169 -52.385784 0.498526 0.517781 -1
0 -14.046960 58.431290 -52.385784 0.573896 0.517781 -1
0 -28.247099 58.230644 -52.385784 0.649253 0.517781 -1
0 -20.567221 58.275963 -46.276768 0.608497 0.539717 -1
0 -34.402267 57.067245 -56.167019 0.681918 0.539717 -1
0 -53.164810 56.730652 -56.167000 0.781487 0.539717 -1
0 -73.688675 56.362446 -56.167000 0.890402 0.539717 -1
0 -88.785507 56.091591 -56.167000 0.970517 0.539717 -1
0 -51.500179 55.448250 -47.698895 0.275621 0.616179 -1
0 -88.785507 56.091591 -56.167000 0.114892 0.575324 -1
0 -73.688675 56.362446 -56.167000 0.179971 0.575324 -1
0 -84.987190 56.091591 -52.385769 0.131266 0.593567 -1
0 -80.279495 56.091591 -47.698895 0.151560 0.616179 -1
0 -53.473927 55.479797 -47.698895 0.267112 0.616179 -1
0 -66.877831 55.755100 -47.698895 0.209331 0.616179 -1
0 -57.220070 55.195457 -36.124992 0.250964 0.672019 -1
0 -45.767727 54.461853 -36.124992 0.300332 0.672019 -1
0 -68.653641 56.091591 -36.124992 0.201676 0.672019 -1
0 -43.800667 58.083160 -19.865053 0.731793 0.329128 -1
0 -80.279495 56.091591 -47.698895 0.925379 0.490593 -1
0 -68.653641 56.091591 -36.124992 0.863682 0.423452 -1
0 -84.987190 56.091591 -52.385769 0.950361 0.517781 -1
0 -70.815559 56.826691 -52.385769 0.875155 0.517781 -1
0 -35.157524 59.720154 -19.865053 0.685925 0.329128 -1
0 -56.633606 57.428299 -52.385769 0.799895 0.517781 -1
0 -26.415785 60.998337 -19.865053 0.639535 0.329128 -1
0 -42.443501 57.896301 -52.385784 0.724591 0.517781 -1
0 -17.599701 61.913712 -19.865053 0.592750 0.329128 -1
0 -8.734331 62.463974 -19.865053 0.545703 0.329128 -1
0 -0.320285 64.049461 -12.098713 0.501052 0.284075 -1
0 -0.394619 64.046204 -12.098713 0.501446 0.284075 -1
0 -7.441893 64.418999 -11.453331 0.538845 0.280331 -1
0 -0.768303 64.141235 -11.453331 0.503429 0.280331 -1
0 -14.994768 63.267990 -11.453331 0.578926 0.280331 -1
0 -22.457834 62.131535 -11.453331 0.618531 0.280331 -1
0 -29.786823 60.549965 -11.453331 0.657424 0.280331 -1
0 -36.939121 58.532749 -11.453331 0.695380 0.280331 -1
0 -52.321411 56.091591 -19.865053 0.777011 0.329128 -1
0 -37.343052 54.832245 -12.294197 0.336648 0.786995 -1
0 -52.321411 56.091591 -19.865053 0.272080 0.750468 -1
0 -44.716740 56.091591 -12.294197 0.304862 0.786995 -1
0 -11.772855 54.867325 18.516777 0.446876 0.935647 -1
0 -43.871670 56.091591 -11.453331 0.308505 0.791051 -1
0 -36.076096 56.091591 -3.692425 0.342110 0.828495 -1
0 -34.786987 56.091591 -2.409168 0.347667 0.834686 -1
0 -25.470484 56.091591 6.866002 0.387829 0.879436 -1
0 -17.992353 56.091591 14.311115 0.420065 0.915356 -1
0 -13.767905 56.091591 18.516777 0.438276 0.935647 -1
0 -8.053019 55.009541 23.027769 0.462911 0.957411 -1
0 -9.236856 56.091591 23.027769 0.457808 0.957411 -1
0 -4.802269 55.281799 26.898430 0.476924 0.976086 -1
0 -6.667423 54.085449 23.027769 0.468884 0.957411 -1
0 -9.603614 53.840263 18.516777 0.456227 0.935647 -1
0 -14.924592 52.418259 -12.294197 0.433289 0.786995 -1
0 -22.435699 52.994194 -12.294197 0.400911 0.786995 -1
0 -29.912548 53.799282 -12.294197 0.368680 0.786995 -1
0 -34.299919 53.891018 -36.125011 0.349767 0.672019 -1
0 -40.067886 55.265636 -47.698910 0.324903 0.616179 -1
0 -53.164810 56.730652 -56.167000 0.268445 0.575324 -1
0 -34.402267 57.067245 -56.167019 0.349326 0.575324 -1
0 -26.660997 55.112671 -47.698910 0.382696 0.616179 -1
0 -22.821262 53.483162 -36.125011 0.399249 0.672019 -1
0 -11.334672 53.238365 -36.125011 0.448765 0.672019 -1
0 -7.390087 52.072327 -12.294197 0.465769 0.786995 -1
0 -6.085942 52.432755 14.791077 0.471391 0.917672 -1
0 -5.799801 52.301086 7.151716 0.472624 0.880815 -1
0 -5.692877 52.218559 4.293227 0.473085 0.867023 -1
0 -5.182415 52.074318 1.271818 0.475285 0.852446 -1
0 -4.237521 52.045155 -4.321934 0.479359 0.825458 -1
0 -2.403296 52.002243 -9.964563 0.487266 0.798234 -1
0 -0.632973 51.969555 -12.098713 0.494897 0.787938 -1
0 0.155696 51.956982 -12.294197 0.498297 0.786995 -1
0 0.155696 53.156788 -36.125011 0.498297 0.672019 -1
0 7.701478 52.072327 -12.294197 0.530825 0.786995 -1
0 0.171979 51.957733 -12.098713 0.498367 0.787938 -1
0 0.944365 51.969555 -12.098713 0.501697 0.787938 -1
0 2.715085 52.002243 -9.964563 0.509330 0.798234 -1
0 4.548909 52.045155 -4.321934 0.517235 0.825458 -1
0 5.493806 52.074318 1.271818 0.521308 0.852446 -1
0 6.004267 52.218559 4.293227 0.523508 0.867023 -1
0 6.111205 52.301086 7.151716 0.523970 0.880815 -1
0 6.397347 52.432755 14.791077 0.525203 0.917672 -1
0 15.235988 52.418259 -12.294197 0.563305 0.786995 -1
0 11.646047 53.238365 -36.125011 0.547829 0.672019 -1
0 13.564249 55.981400 -37.808651 0.556098 0.616179 -1
0 26.972380 55.112671 -47.698910 0.613897 0.616179 -1
0 23.132658 53.483162 -36.125011 0.597345 0.672019 -1
0 40.379654 55.265636 -47.698910 0.671693 0.616179 -1
0 34.611740 53.891018 -36.125011 0.646829 0.672019 -1
0 46.079117 54.461853 -36.125019 0.696262 0.672019 -1
0 37.654865 54.832245 -12.294197 0.659947 0.786995 -1
0 68.965034 56.091591 -36.125019 0.794918 0.672019 -1
0 52.632816 56.091591 -19.865053 0.724513 0.750468 -1
0 45.028126 56.091591 -12.294197 0.691731 0.786995 -1
0 37.250500 58.532749 -11.453331 0.301671 0.280331 -1
0 45.028126 56.091591 -12.294197 0.260397 0.285209 -1
0 52.632816 56.091591 -19.865053 0.220041 0.329128 -1
0 44.183060 56.091591 -11.453331 0.264882 0.280331 -1
0 30.975845 58.837669 -3.692425 0.334970 0.235310 -1
0 25.226713 61.126675 -3.692425 0.365479 0.235310 -1
0 30.098631 60.549965 -11.453331 0.339625 0.280331 -1
0 44.112057 58.083160 -19.865053 0.265259 0.329128 -1
0 35.468910 59.720154 -19.865053 0.311126 0.329128 -1
0 71.127197 56.826691 -52.385799 0.121895 0.517781 -1
0 56.944973 57.428299 -52.385799 0.197157 0.517781 -1
0 19.203115 62.933578 -3.692425 0.397445 0.235310 -1
0 8.831431 64.352844 -2.409168 0.452485 0.227866 -1
0 -3.028175 65.142815 -3.318125 0.515422 0.233138 -1
0 -4.208389 65.155220 -2.409168 0.521685 0.227866 -1
0 -3.135438 65.221191 -2.409168 0.515991 0.227866 -1
0 -6.287298 65.027206 -3.692425 0.532717 0.235310 -1
0 -2.984164 65.106567 -3.692425 0.515188 0.235310 -1
0 -2.909829 65.027863 -4.321934 0.514793 0.238962 -1
0 -2.252831 64.683006 -7.218431 0.511307 0.255764 -1
0 -1.629932 64.316925 -9.964563 0.508002 0.271695 -1
0 -12.659698 64.238556 -3.692425 0.566534 0.235310 -1
0 -18.891718 62.933578 -3.692425 0.599607 0.235310 -1
0 -24.915327 61.126675 -3.692425 0.631572 0.235310 -1
0 -30.664463 58.837669 -3.692425 0.662082 0.235310 -1
0 -43.871670 56.091591 -11.453331 0.732169 0.280331 -1
0 -44.716740 56.091591 -12.294197 0.736654 0.285209 -1
0 -36.076096 56.091591 -3.692425 0.690799 0.235310 -1
0 -29.629770 58.870682 -2.409168 0.656591 0.227866 -1
0 -24.114544 61.191673 -2.409168 0.627323 0.227866 -1
0 -18.306910 63.026333 -2.409168 0.596503 0.227866 -1
0 -8.520021 64.352844 -2.409168 0.544566 0.227866 -1
0 -10.067796 63.864952 -2.409168 0.552780 0.227866 -1
0 -10.386390 63.713425 -0.842696 0.554470 0.218778 -1
0 -10.693893 63.567123 0.666961 0.556102 0.210021 -1
0 -10.519011 63.192554 4.541351 0.555174 0.187545 -1
0 -10.444977 63.052780 5.985438 0.554781 0.179168 -1
0 -18.325710 61.319687 6.866002 0.596603 0.174060 -1
0 -10.304472 63.001503 6.514274 0.554036 0.176100 -1
0 -22.149973 58.916210 6.866002 0.616897 0.174060 -1
0 -34.786987 56.091591 -2.409168 0.683959 0.227866 -1
0 -25.470484 56.091591 6.866002 0.634519 0.174060 -1
0 -16.044930 58.603287 14.311115 0.584499 0.130871 -1
0 -17.992353 56.091591 14.311115 0.594834 0.130871 -1
0 -5.355772 57.031067 26.337835 0.527774 0.061103 -1
0 -13.767905 56.091591 18.516777 0.572416 0.106473 -1
0 -9.236856 56.091591 23.027769 0.548370 0.080305 -1
0 -5.911759 56.091591 26.337835 0.530724 0.061103 -1
0 -5.348248 56.091591 26.898430 0.474571 0.976086 -1
0 -5.911759 56.091591 26.337835 0.472142 0.973381 -1
0 0.155696 56.091591 32.378136 0.498297 1.002523 -1
0 -4.063321 54.571453 26.898430 0.480110 0.976086 -1
0 -5.113896 53.342022 23.027769 0.475581 0.957411 -1
0 -7.291500 53.025444 18.516777 0.466194 0.935647 -1
0 -6.217947 52.747368 18.314592 0.470821 0.934672 -1
0 -6.019110 52.715012 18.516777 0.471679 0.935647 -1
0 -4.870362 52.434746 18.516777 0.476631 0.935647 -1
0 -2.375713 52.076866 18.516777 0.487385 0.935647 -1
0 0.139822 51.957733 -12.098713 0.498228 0.787938 -1
0 0.155696 51.956982 18.516777 0.498297 0.935647 -1
0 0.155696 51.956982 -12.098713 0.498297 0.787938 -1
0 2.687105 52.076866 18.516777 0.509209 0.935647 -1
0 5.181767 52.434746 18.516777 0.519963 0.935647 -1
0 6.330503 52.715012 18.516777 0.524915 0.935647 -1
0 6.529352 52.747368 18.314592 0.525772 0.934672 -1
0 7.602904 53.025444 18.516777 0.530400 0.935647 -1
0 9.915004 53.840263 18.516777 0.540367 0.935647 -1
0 12.084259 54.867325 18.516777 0.549718 0.935647 -1
0 22.747091 52.994194 -12.294197 0.595683 0.786995 -1
0 30.223936 53.799282 -12.294197 0.627914 0.786995 -1
0 36.387482 56.091591 -3.692425 0.654483 0.828495 -1
0 14.079315 56.091591 18.516777 0.558318 0.935647 -1
0 18.303745 56.091591 14.311115 0.576529 0.915356 -1
0 25.781879 56.091591 6.866002 0.608765 0.879436 -1
0 35.098808 56.091591 -2.409168 0.648928 0.834686 -1
0 36.387482 56.091591 -3.692425 0.306252 0.235310 -1
0 29.941580 58.870682 -2.409168 0.340458 0.227866 -1
0 35.098808 56.091591 -2.409168 0.313090 0.227866 -1
0 44.183060 56.091591 -11.453331 0.688088 0.791051 -1
0 24.425932 61.191673 -2.409168 0.369729 0.227866 -1
0 18.618305 63.026333 -2.409168 0.400548 0.227866 -1
0 10.379206 63.864952 -2.409168 0.444272 0.227866 -1
0 0.321269 65.779617 6.514274 0.497647 0.176100 -1
0 5.048934 65.515755 6.866002 0.472558 0.174060 -1
0 3.606000 65.502037 6.514274 0.480215 0.176100 -1
0 0.155696 65.804108 6.866002 0.498526 0.174060 -1
0 0.155704 65.789742 6.514274 0.498526 0.176100 -1
0 -0.009861 65.779617 6.514274 0.499404 0.176100 -1
0 -4.737543 65.515755 6.866002 0.524494 0.174060 -1
0 -3.294587 65.502037 6.514274 0.516836 0.176100 -1
0 -9.520068 64.657211 6.866002 0.549873 0.174060 -1
0 -3.983361 65.336464 6.514274 0.520491 0.176100 -1
0 -6.668805 64.645782 6.514274 0.534742 0.176100 -1
0 -5.788948 65.326996 6.866002 0.530073 0.174060 -1
0 -6.435610 64.659172 7.154239 0.533504 0.172388 -1
0 -3.999969 65.285851 7.154239 0.520579 0.172388 -1
0 -6.532975 64.627823 7.154239 0.534021 0.172388 -1
0 -9.594427 63.272881 7.154239 0.550268 0.172388 -1
0 -14.083702 63.248066 6.866002 0.574091 0.174060 -1
0 -6.828245 64.595490 6.514274 0.535588 0.176100 -1
0 -9.892021 63.239578 6.514274 0.551846 0.176100 -1
0 -10.045933 63.170013 6.514274 0.552664 0.176100 -1
0 -10.023197 63.001503 7.154239 0.552543 0.172388 -1
0 -9.685073 63.221939 7.154239 0.550749 0.172388 -1
0 -8.865722 62.215141 12.183643 0.546401 0.143212 -1
0 -8.426154 62.018532 13.441006 0.544068 0.135918 -1
0 -8.566944 62.081566 13.037893 0.544815 0.138257 -1
0 -13.535657 60.789013 14.311115 0.571183 0.130871 -1
0 -4.565014 57.861298 26.337835 0.523578 0.061103 -1
0 0.155696 56.091591 32.378136 0.498526 0.026063 -1
0 -5.348248 56.091591 26.898430 0.527734 0.057851 -1
0 -3.572922 58.546894 26.337835 0.518313 0.061103 -1
0 -3.442954 58.868401 24.613455 0.517623 0.071106 -1
0 -3.959161 58.705315 24.154385 0.520362 0.073770 -1
0 -4.744422 59.288109 22.361927 0.524529 0.084168 -1
0 -6.690958 60.809265 17.683826 0.534859 0.111305 -1
0 -7.230493 61.230526 16.387613 0.537723 0.118825 -1
0 -7.613207 61.529663 15.468212 0.539754 0.124158 -1
0 -7.889829 61.745529 14.803200 0.541222 0.128016 -1
0 -8.094736 61.905876 14.311115 0.542309 0.130871 -1
0 -3.261065 58.921860 24.763844 0.516658 0.070234 -1
0 -2.994360 59.000072 24.983988 0.515242 0.068957 -1
0 -1.950841 59.249245 25.684916 0.509705 0.064891 -1
0 -2.422084 59.058525 26.337835 0.512206 0.061103 -1
0 -1.161391 59.374641 26.337835 0.505515 0.061103 -1
0 0.155704 59.481430 26.337835 0.498526 0.061103 -1
0 1.472782 59.374641 26.337835 0.491536 0.061103 -1
0 1.064845 59.435059 26.207922 0.493701 0.061857 -1
0 1.093413 59.433758 26.204159 0.493550 0.061879 -1
0 3.896422 64.704895 14.311115 0.478675 0.130871 -1
0 0.190977 64.763992 14.771442 0.498339 0.128200 -1
0 2.710857 64.531151 14.702936 0.484966 0.128598 -1
0 0.155704 64.978226 14.311115 0.498526 0.130871 -1
0 2.774105 64.713371 14.233004 0.484630 0.131324 -1
0 0.155700 64.147110 14.311115 0.465498 0.130871 -1
0 5.352863 63.925369 14.001577 0.470945 0.132666 -1
0 4.492687 64.188911 14.079271 0.475510 0.132215 -1
0 0.155901 63.935028 14.311115 0.459513 0.130871 -1
0 4.504935 64.025955 14.554647 0.475445 0.129458 -1
0 5.220825 63.824471 14.495335 0.471646 0.129802 -1
0 1.125770 59.429504 26.191608 0.493378 0.061952 -1
0 2.733477 59.058525 26.337835 0.484846 0.061103 -1
0 2.109232 59.282879 25.779749 0.488159 0.064341 -1
0 2.262554 59.249245 25.684916 0.487345 0.064891 -1
0 3.884312 58.546894 26.337835 0.478739 0.061103 -1
0 3.305773 59.000072 24.983988 0.481809 0.068957 -1
0 4.876406 57.861298 26.337835 0.473474 0.061103 -1
0 5.667163 57.031067 26.337835 0.469278 0.061103 -1
0 5.660054 56.091591 26.898430 0.469315 0.057851 -1
0 6.223147 56.091591 26.337835 0.466327 0.061103 -1
0 5.660054 56.091591 26.898430 0.522025 0.976086 -1
0 9.548245 56.091591 23.027769 0.538786 0.957411 -1
0 6.223147 56.091591 26.337835 0.524452 0.973381 -1
0 5.113678 55.281799 26.898430 0.519669 0.976086 -1
0 4.375140 54.571453 26.898430 0.516486 0.976086 -1
0 3.472440 53.988136 26.898430 0.512595 0.976086 -1
0 2.441069 53.554520 26.898430 0.508149 0.976086 -1
0 1.321145 53.287449 26.898430 0.503320 0.976086 -1
0 0.155696 53.197250 26.898430 0.498297 0.976086 -1
0 -1.009757 53.287449 26.898430 0.493273 0.976086 -1
0 -2.129678 53.554520 26.898430 0.488445 0.976086 -1
0 -3.161036 53.988136 26.898430 0.483999 0.976086 -1
0 -3.430894 52.797565 23.027769 0.482836 0.957411 -1
0 -6.005743 52.713932 18.529716 0.471736 0.935710 -1
0 -4.416295 52.549210 19.939959 0.478588 0.942513 -1
0 -2.901215 52.453564 21.283779 0.485119 0.948997 -1
0 -1.660154 52.465446 23.027769 0.490469 0.957411 -1
0 -1.778792 52.400948 22.279205 0.489958 0.953799 -1
0 0.155696 52.353794 23.027769 0.498297 0.957411 -1
0 -0.934988 52.420837 23.027769 0.493595 0.957411 -1
0 -0.632973 52.461922 23.295532 0.494897 0.958703 -1
0 0.075079 52.418388 23.295532 0.497949 0.958703 -1
0 0.155696 52.412151 23.295532 0.498297 0.958703 -1
0 0.236325 52.418388 23.295532 0.498644 0.958703 -1
0 0.944365 52.461922 23.295532 0.501697 0.958703 -1
0 1.246380 52.420837 23.027769 0.502998 0.957411 -1
0 2.090180 52.400948 22.279205 0.506636 0.953799 -1
0 3.212607 52.453564 21.283779 0.511474 0.948997 -1
0 4.727698 52.549210 19.939959 0.518006 0.942513 -1
0 6.317562 52.713932 18.529716 0.524859 0.935710 -1
0 3.742282 52.797565 23.027769 0.513758 0.957411 -1
0 5.425299 53.342022 23.027769 0.521013 0.957411 -1
0 6.978814 54.085449 23.027769 0.527709 0.957411 -1
0 8.364404 55.009541 23.027769 0.533682 0.957411 -1
0 1.971546 52.465446 23.027769 0.506125 0.957411 -1
0 14.079315 56.091591 18.516777 0.424636 0.106473 -1
0 9.548245 56.091591 23.027769 0.448681 0.080305 -1
0 18.303745 56.091591 14.311115 0.402218 0.130871 -1
0 16.356323 58.603287 14.311115 0.412552 0.130871 -1
0 13.847045 60.789013 14.311115 0.425868 0.130871 -1
0 4.270875 58.705315 24.154385 0.476687 0.073770 -1
0 3.754363 58.868401 24.613455 0.479428 0.071106 -1
0 3.572478 58.921860 24.763844 0.480393 0.070234 -1
0 5.055848 59.288109 22.361927 0.472521 0.084168 -1
0 7.002650 60.809265 17.683826 0.462190 0.111305 -1
0 7.541904 61.230526 16.387613 0.459329 0.118825 -1
0 7.924628 61.529663 15.468212 0.457298 0.124158 -1
0 8.201242 61.745529 14.803185 0.455830 0.128016 -1
0 8.406156 61.905876 14.311115 0.454742 0.130871 -1
0 8.458915 62.018532 13.964403 0.454462 0.132882 -1
0 8.737579 62.018532 13.440989 0.452983 0.135918 -1
0 8.878360 62.081566 13.037880 0.452236 0.138257 -1
0 9.177131 62.215141 12.183643 0.450651 0.143212 -1
0 18.637108 61.319687 6.866002 0.400449 0.174060 -1
0 22.461779 58.916210 6.866002 0.380152 0.174060 -1
0 10.756396 63.052780 5.985438 0.442270 0.179168 -1
0 10.615886 63.001503 6.514274 0.443016 0.176100 -1
0 10.357347 63.170013 6.514274 0.444388 0.176100 -1
0 14.395097 63.248066 6.866002 0.422960 0.174060 -1
0 10.203732 63.239578 6.514274 0.445203 0.176100 -1
0 10.830426 63.192554 4.541351 0.441877 0.187545 -1
0 11.005313 63.567123 0.666961 0.440949 0.210021 -1
0 10.698085 63.713425 -0.842696 0.442579 0.218778 -1
0 7.139652 64.595490 6.514274 0.461463 0.176100 -1
0 9.831455 64.657211 6.866002 0.447179 0.174060 -1
0 6.980212 64.645782 6.514274 0.462309 0.176100 -1
0 6.100766 65.326996 6.866002 0.466977 0.174060 -1
0 4.294770 65.336464 6.514274 0.476561 0.176100 -1
0 3.769518 65.471664 6.514274 0.479348 0.176100 -1
0 4.311395 65.285851 7.154239 0.476472 0.172388 -1
0 3.538963 65.484406 7.154239 0.480571 0.172388 -1
0 3.438112 65.495178 7.154239 0.481107 0.172388 -1
0 0.155704 65.772110 7.154239 0.498526 0.172388 -1
0 -3.126691 65.495178 7.154239 0.515944 0.172388 -1
0 -3.227538 65.484406 7.154239 0.516480 0.172388 -1
0 0.155901 63.935028 14.311115 0.537537 0.130871 -1
0 -4.180990 64.188911 14.079271 0.521540 0.132216 -1
0 -5.041450 63.925369 14.001577 0.526106 0.132666 -1
0 0.155700 64.147110 14.311115 0.531554 0.130871 -1
0 -4.909399 63.824471 14.495335 0.525405 0.129802 -1
0 -4.193522 64.025955 14.554647 0.521606 0.129458 -1
0 -4.923401 63.820206 14.494080 0.525479 0.129809 -1
0 -6.207972 63.197773 14.311115 0.532296 0.130871 -1
0 -5.185147 63.865280 13.984034 0.526868 0.132768 -1
0 -7.374779 62.589378 14.132318 0.538488 0.131908 -1
0 -7.543544 62.635746 13.622713 0.539384 0.134864 -1
0 -7.456393 62.540718 14.118126 0.538921 0.131990 -1
0 -7.857472 62.447975 13.567558 0.541050 0.135184 -1
0 -8.147500 62.018532 13.964403 0.542589 0.132882 -1
0 -1.797519 59.282879 25.779749 0.508891 0.064341 -1
0 -0.814345 59.429504 26.191608 0.503673 0.061952 -1
0 -0.781988 59.433758 26.204159 0.503502 0.061879 -1
0 -0.753424 59.435059 26.207922 0.503350 0.061857 -1
0 -2.399148 64.531151 14.702936 0.512084 0.128598 -1
0 0.120436 64.763992 14.771442 0.498713 0.128200 -1
0 -3.584618 64.704895 14.311115 0.518375 0.130871 -1
0 -2.462692 64.713371 14.233004 0.512421 0.131324 -1
0 -2.499130 64.704231 14.230499 0.512614 0.131338 -1
0 0.155704 64.767593 14.772289 0.498526 0.128195 -1
0 -3.458109 65.471664 6.514274 0.517704 0.176100 -1
0 6.747023 64.659172 7.154239 0.463547 0.172388 -1
0 6.844672 64.627823 7.154239 0.463029 0.172388 -1
0 8.168883 62.447975 13.567558 0.456001 0.135184 -1
0 7.767800 62.540718 14.118126 0.458130 0.131990 -1
0 7.854959 62.635746 13.622713 0.457667 0.134864 -1
0 7.686187 62.589378 14.132318 0.458563 0.131908 -1
0 6.519379 63.197773 14.311115 0.464755 0.130871 -1
0 5.496567 63.865280 13.984034 0.470183 0.132768 -1
0 5.234814 63.820206 14.494080 0.471572 0.129809 -1
0 10.334608 63.001503 7.154239 0.444508 0.172388 -1
0 9.996481 63.221939 7.154239 0.446303 0.172388 -1
0 9.905839 63.272881 7.154239 0.446784 0.172388 -1
0 25.781879 56.091591 6.866002 0.362533 0.174060 -1
0 2.810542 64.704231 14.230499 0.484437 0.131338 -1
0 85.298470 56.091591 -52.385799 0.046691 0.517781 -1
0 85.298470 56.091591 -52.385799 0.865327 0.593567 -1
0 80.591141 56.091591 -47.698917 0.845035 0.616179 -1
0 57.531456 55.195457 -36.125019 0.745630 0.672019 -1
0 51.811554 55.448250 -47.698917 0.720973 0.616179 -1
0 74.000290 56.362446 -56.167034 0.816624 0.575324 -1
0 89.096848 56.091591 -56.167034 0.881701 0.575324 -1
0 53.785301 55.479797 -47.698917 0.729482 0.616179 -1
0 67.189270 55.755100 -47.698917 0.787262 0.616179 -1
0 53.476173 56.730652 -56.167034 0.728149 0.575324 -1
0 34.713657 57.067245 -56.167019 0.647268 0.575324 -1
0 20.878611 58.275963 -46.276768 0.587628 0.575324 -1
0 0.155696 58.647762 -46.276768 0.498297 0.575324 -1
0 0.155696 55.950802 -37.808651 0.498297 0.616179 -1
0 -13.252857 55.981400 -37.808651 0.440496 0.616179 -1
0 -20.567221 58.275963 -46.276768 0.408965 0.575324 -1
397
0.137614 0.986668 -0.086883
0.018229 0.991808 -0.126432
0.075884 0.996157 -0.043725
0.083666 0.989664 -0.116467
0.026995 0.986526 -0.161365
-0.075462 0.906948 -0.414428
0.019696 0.944307 -0.328475
0.000000 -0.999992 0.003978
-0.284154 -0.892376 -0.350601
-0.447977 0.330218 -0.830827
0.017280 0.963201 -0.268225
0.017281 0.963204 -0.268216
0.033726 0.994989 -0.094129
0.043164 0.994315 -0.097333
0.113169 0.991842 -0.058677
0.178799 0.983436 -0.029753
0.161889 0.975269 0.150474
0.118180 0.975273 0.186752
0.043295 0.998069 -0.044537
0.024511 0.995272 -0.093986
-0.001441 0.995258 -0.097255
-0.045488 0.992480 -0.113644
-0.043629 0.992370 -0.115320
-0.044934 0.993210 -0.107310
-0.016092 0.986369 -0.163762
0.038474 0.986424 -0.159649
0.036174 0.986107 -0.162122
0.006800 0.984348 -0.176106
-0.004150 0.989096 -0.147217
-0.000000 -0.075625 -0.997136
-0.019696 0.944307 -0.328475
0.075461 0.906948 -0.414429
0.284154 -0.892376 -0.350601
0.447977 0.330218 -0.830826
-0.017280 0.963201 -0.268225
-0.017281 0.963203 -0.268220
-0.033726 0.994989 -0.094129
-0.020683 -0.995309 0.094514
-0.002318 -0.997843 -0.065603
0.006469 -0.990293 -0.138847
-0.022343 -0.999498 0.022443
-0.033679 -0.822236 0.568150
0.000000 0.000000 1.000000
-0.052016 -0.947824 0.314523
-0.049383 -0.984562 0.167925
-0.097039 -0.913020 0.396204
-0.198758 0.970056 0.139598
-0.221875 0.949264 0.222866
-0.221882 0.949261 0.222873
-0.109329 0.989567 0.093828
-0.074843 0.996816 0.027493
-0.152663 0.988153 0.015764
-0.059126 0.997729 -0.032274
-0.113167 0.991842 -0.058678
-0.043163 0.994315 -0.097333
-0.083666 0.989664 -0.116470
-0.027186 0.986836 -0.159423
-0.030882 0.984803 -0.170907
0.009463 0.985493 -0.169452
-0.023155 0.991295 -0.129604
0.041343 0.993314 -0.107787
-0.137614 0.986668 -0.086885
-0.178803 0.983435 -0.029749
-0.239122 0.968322 0.071932
-0.297731 0.929702 0.216820
-0.255248 0.940364 0.224865
-0.128047 -0.986933 0.097813
-0.165993 -0.971929 0.166733
-0.273261 -0.924724 0.264979
-0.373942 -0.865853 0.332363
-0.464077 -0.753141 0.466274
-0.463178 -0.754315 0.465268
-0.463172 -0.754325 0.465260
-0.463018 -0.754532 0.465076
-0.463010 -0.754541 0.465070
-0.501699 -0.717329 0.483463
-0.522077 -0.703036 0.482883
-0.486386 -0.733508 0.474758
-0.589824 -0.578231 0.563699
-0.472887 -0.784590 0.400995
-0.381468 -0.899407 0.213421
-0.159249 -0.986521 0.037618
-0.080472 -0.996238 0.032156
-0.122144 -0.990553 0.062340
-0.069276 -0.997310 -0.023946
-0.013019 -0.990701 -0.135432
0.017586 -0.980287 -0.196793
0.255445 -0.869556 -0.422635
0.240714 -0.865882 -0.438526
-0.033548 -0.996667 -0.074355
0.099334 -0.918577 -0.382556
-0.045981 -0.998931 -0.004658
-0.155490 -0.986507 0.051257
-0.094061 -0.995377 0.019400
-0.142024 -0.989590 0.023255
-0.091484 -0.995693 0.015035
-0.015279 -0.999880 0.002634
-0.015285 -0.999880 0.002635
-0.015289 -0.999880 0.002631
-0.003060 -0.999823 -0.018555
0.000000 -0.859677 -0.510838
0.043422 -0.999049 -0.003999
0.027863 -0.999610 0.001705
0.015293 -0.999879 0.002806
0.015290 -0.999880 0.002633
0.015293 -0.999880 0.002631
0.087867 -0.996028 0.014445
0.141995 -0.989594 0.023257
0.103659 -0.994408 0.020176
0.141845 -0.988782 0.046801
0.167973 -0.984891 0.042131
-0.099334 -0.918577 -0.382556
-0.248174 -0.691085 -0.678831
-0.240715 -0.865882 -0.438527
0.033547 -0.996667 -0.074355
0.013019 -0.990701 -0.135432
0.069275 -0.997310 -0.023946
0.049384 -0.984562 0.167925
0.128049 -0.986932 0.097817
0.097042 -0.913019 0.396206
0.111365 -0.987464 0.111861
0.391808 -0.838000 0.379792
0.297735 0.929699 0.216825
0.315051 0.894731 0.316542
0.255248 0.940364 0.224865
0.351949 0.879534 0.320238
0.377888 0.882396 0.280318
0.311313 0.939838 0.140671
0.239123 0.968321 0.071935
0.190662 0.975309 0.111445
0.152661 0.988153 0.015759
0.074843 0.996816 0.027492
0.059125 0.997729 -0.032276
0.219061 0.950949 0.218421
0.176789 0.780885 0.599136
-0.038166 0.995956 -0.081334
-0.096540 0.989921 0.103615
-0.061105 0.993798 -0.092903
-0.060304 0.996013 -0.065737
-0.023865 0.993311 -0.112981
-0.023507 0.991867 -0.125086
0.013376 0.994022 -0.108358
0.044933 0.993209 -0.107315
-0.161889 0.975269 0.150475
-0.220917 0.969089 0.109826
-0.311310 0.939840 0.140664
-0.377886 0.882383 0.280362
-0.351949 0.879534 0.320239
-0.315051 0.894731 0.316543
-0.423357 0.817867 0.389695
-0.425177 0.840957 0.334687
-0.318782 0.926247 0.201110
-0.176881 0.958538 0.223422
-0.141058 0.806305 0.574435
-0.068850 0.676423 0.733288
-0.100987 0.992019 0.075494
-0.105950 0.990462 0.088087
-0.111241 0.988648 0.101000
-0.200926 0.966792 0.157930
-0.319441 0.919629 0.228561
-0.159940 0.565251 -0.809266
-0.520833 0.728798 0.444506
-0.475342 0.758022 0.446602
-0.578571 0.597132 0.555599
-0.586942 0.579837 0.565056
-0.631597 0.449859 0.631436
-0.631577 0.440486 0.638030
-0.651019 0.385438 0.653920
-0.651022 0.385387 0.653947
-0.650944 0.385232 0.654116
-0.491602 -0.717259 0.493829
0.000000 -1.000000 0.000000
-0.000012 -0.795795 0.605566
-0.509721 -0.713140 0.481265
-0.374159 -0.876744 0.302200
-0.272032 -0.953286 0.131314
-0.236369 -0.968564 0.077548
-0.232077 -0.965929 0.114552
-0.167278 -0.982633 0.080309
-0.064260 -0.996998 0.043202
-0.031300 -0.999509 0.001309
-0.000198 -0.999573 0.029234
-0.000593 -1.000000 0.000000
0.068845 -0.996246 0.052483
0.170412 -0.981570 0.086493
0.235672 -0.965784 0.108258
0.236350 -0.968567 0.077569
0.267005 -0.952956 0.143468
0.381469 -0.899407 0.213421
0.332704 -0.902494 0.273520
0.080472 -0.996238 0.032156
0.122141 -0.990553 0.062339
0.463107 -0.754411 0.465185
0.397483 -0.833841 0.383035
0.000000 0.000000 0.000000
0.423372 0.817898 0.389613
0.425174 0.840987 0.334616
0.475360 0.758024 0.446579
0.000000 1.000000 0.000000
0.301524 0.933901 0.192127
0.185477 0.977059 0.104659
0.139613 0.938367 0.316188
0.066911 0.986595 -0.148839
0.125485 0.982666 0.136460
0.112403 0.861745 -0.494733
-0.000000 0.994843 0.101428
0.000000 0.999167 -0.040810
-0.066911 0.986595 -0.148843
-0.128278 0.985245 -0.113300
-0.112401 0.861745 -0.494733
-0.251323 0.960474 0.119691
-0.138928 0.653100 -0.744418
-0.111114 0.391469 -0.913458
-0.173014 0.861708 0.476996
-0.100415 0.413595 0.904907
-0.127164 0.494468 0.859844
-0.090798 0.243074 0.965749
-0.073425 0.176458 0.981566
-0.354764 0.812833 -0.462002
-0.102787 0.303501 -0.947271
-0.081837 0.182990 -0.979703
-0.082766 0.154758 -0.984479
-0.130742 0.476808 0.869230
-0.064385 0.106651 0.992210
-0.151131 0.969521 0.192844
-0.338821 0.905372 0.255934
-0.005330 0.987694 0.156306
-0.280534 0.888730 0.362574
-0.449165 0.780261 0.435252
-0.000009 0.774336 0.632775
-0.650999 0.385113 0.654132
-0.424692 0.873144 0.239283
-0.471153 0.868608 0.153408
-0.274704 0.920035 0.279418
-0.140107 0.925685 0.351393
-0.186521 0.908859 0.373075
-0.186537 0.908816 0.373172
-0.186538 0.908889 0.372994
-0.186499 0.908816 0.373191
-0.342205 0.887459 0.308728
-0.384448 0.912290 0.141160
-0.359283 0.920345 0.154532
-0.336930 0.938366 0.077120
-0.291028 0.939511 0.180616
-0.140632 0.966575 0.214371
0.000000 0.936085 0.351773
0.140632 0.966571 0.214390
0.076279 0.973975 0.213432
0.108621 0.985845 0.127713
0.190219 0.852137 -0.487523
0.086411 0.870105 0.485233
0.151421 0.648706 0.745823
-0.014990 0.989905 0.140937
0.059274 0.617030 -0.784704
0.321392 -0.937564 0.132972
0.057489 -0.088151 0.994447
0.054132 -0.115055 0.991883
0.196299 0.845546 -0.496507
0.164711 0.284279 -0.944487
0.042098 0.411765 -0.910317
0.198898 0.979994 -0.007188
0.291032 0.939494 0.180695
0.237385 0.963737 0.121902
0.336968 0.938345 0.077205
0.424700 0.873133 0.239308
0.359319 0.920333 0.154519
0.495027 0.748191 0.441768
0.631588 0.440535 0.637986
0.651052 0.385302 0.653967
0.651048 0.385292 0.653977
0.703390 0.077506 0.706565
0.690810 -0.261049 0.674266
0.589834 -0.578244 0.563675
0.509733 -0.713129 0.481269
0.395200 -0.821598 0.410846
0.265348 -0.895308 0.357791
0.108537 -0.949161 0.295487
-0.000002 -0.953907 0.300103
-0.108537 -0.949161 0.295487
-0.265350 -0.895307 0.357792
-0.395263 -0.821556 0.410869
-0.244581 -0.949270 0.197651
-0.229213 -0.961504 0.151566
-0.208577 -0.967294 0.144354
-0.161951 -0.979238 0.121918
-0.142038 -0.974416 0.174179
-0.093203 -0.990601 0.100112
-0.015176 -0.990111 0.139466
-0.060482 -0.983824 0.168621
-0.059885 -0.974331 0.217007
-0.067650 -0.974344 0.214658
-0.000006 -0.977072 0.212911
0.066097 -0.974344 0.215140
0.059883 -0.974330 0.217012
0.060523 -0.984410 0.165149
0.101230 -0.989691 0.101314
0.161950 -0.979239 0.121918
0.213686 -0.965951 0.145866
0.234232 -0.960059 0.153042
0.250267 -0.944618 0.212281
0.374133 -0.876761 0.302182
0.472921 -0.784569 0.400996
0.522076 -0.703036 0.482883
0.142038 -0.974416 0.174179
0.651016 0.385448 0.653917
0.651023 0.385381 0.653950
0.631594 0.449869 0.631432
0.586943 0.579825 0.565067
0.262839 0.900771 0.345728
0.263587 0.914181 0.307888
0.471109 0.868624 0.153454
0.384454 0.912287 0.141164
0.189302 0.907148 0.375830
0.186523 0.908864 0.373063
0.186532 0.908824 0.373154
0.186538 0.908890 0.372991
0.186498 0.908816 0.373192
0.188235 0.917001 0.351677
0.422291 0.860895 0.283778
0.351144 0.908590 0.226190
0.193258 0.956814 0.217159
0.198961 0.958529 0.204052
0.330520 0.939344 0.091598
0.520830 0.728792 0.444520
0.198421 0.972615 0.121036
0.188118 0.769592 -0.610197
0.076055 0.153282 -0.985251
0.384931 0.921390 0.053562
0.081846 0.182844 -0.979729
0.199874 0.965014 0.169698
0.105954 0.990461 0.088095
0.100990 0.992019 0.075493
0.102789 0.303512 -0.947267
0.213703 0.814153 0.539894
0.123613 0.509697 -0.851427
0.187551 0.917818 -0.349908
0.155406 0.603991 -0.781693
0.147340 0.723956 -0.673928
0.114481 0.539452 0.834198
0.118400 0.707073 0.697158
0.077017 0.932954 0.351660
-0.000000 0.993895 0.110334
-0.077018 0.932950 0.351670
-0.114848 0.681038 0.723185
-0.237898 0.699040 0.674350
-0.112142 0.006261 0.993672
-0.058760 -0.124320 0.990501
-0.418926 -0.391997 -0.819048
-0.048078 0.302559 -0.951917
-0.062372 0.478962 -0.875617
-0.041902 0.383478 -0.922599
-0.317871 0.944026 0.088166
-0.327355 0.627483 0.706473
-0.494359 0.835575 0.239633
-0.511550 0.823805 0.244258
-0.558562 0.782376 0.275492
-0.587681 0.750709 0.301772
-0.614550 0.717874 0.327086
-0.237365 0.963755 0.121795
-0.198898 0.979993 -0.007254
-0.108621 0.985849 0.127687
-0.076282 0.973980 0.213408
-0.284838 0.955507 0.076645
-0.098617 0.905074 0.413661
-0.282869 0.749473 -0.598561
-0.059291 0.617116 -0.784635
-0.064599 0.481995 -0.873789
-0.000007 0.909616 0.415450
-0.159033 0.725631 -0.669453
0.088655 0.310003 0.946593
0.090794 0.243455 0.965653
0.587680 0.750709 0.301775
0.558563 0.782374 0.275498
0.503111 0.829651 0.241990
0.502758 0.829858 0.242011
0.376906 0.915414 0.141273
0.240132 0.487960 0.839185
0.041905 0.383428 -0.922620
0.130743 0.476808 0.869230
0.064385 0.106649 0.992210
0.073429 0.176458 0.981565
0.578583 0.597092 0.555628
0.233049 -0.084929 -0.968749
0.109334 0.989566 0.093835
0.022343 -0.999498 0.022443
0.042647 -0.693255 0.719429
0.052016 -0.947823 0.314524
0.020683 -0.995309 0.094514
-0.006469 -0.990293 -0.138846
0.002318 -0.997843 -0.065604
-0.017586 -0.980288 -0.196792
-0.255445 -0.869556 -0.422635
-0.261443 -0.850555 -0.456293
-0.000000 -0.957191 -0.289458
0.000000 -0.784813 -0.619733
0.248174 -0.691085 -0.678831
0.261443 -0.850555 -0.456293
584
0 0 1 2 0 1 2 1
0 3 1 0 3 1 0 1
0 3 4 1 3 4 1 1
0 5 4 3 5 4 3 1
0 5 6 4 5 6 4 1
0 5 7 6 5 7 6 1
0 5 8 7 5 8 7 1
0 8 5 9 8 5 9 1
0 9 5 10 9 5 10 1
0 10 5 11 10 5 11 1
0 11 5 12 11 5 12 1
0 12 5 13 12 5 13 1
0 13 5 3 13 5 3 1
0 13 3 14 13 3 14 1
0 14 3 0 14 3 0 1
0 14 0 15 14 0 15 1
0 15 0 16 15 0 16 1
0 0 2 16 0 2 16 1
0 16 2 17 16 2 17 1
0 2 18 17 2 18 17 1
0 18 2 19 18 2 19 1
0 2 20 19 2 20 19 1
0 1 20 2 1 20 2 1
0 1 21 20 1 21 20 1
0 21 1 22 21 1 22 1
0 1 23 22 1 23 22 1
0 23 1 24 23 1 24 1
0 4 24 1 4 24 1 1
0 4 25 24 4 25 24 1
0 25 4 26 25 4 26 1
0 4 27 26 4 27 26 1
0 27 4 28 27 4 28 1
0 6 28 4 6 28 4 1
0 6 29 28 6 29 28 1
0 6 7 29 6 7 29 1
0 7 30 29 7 30 29 1
0 7 31 30 7 31 30 1
0 32 31 7 32 31 7 1
0 33 31 32 33 31 32 1
0 34 31 33 34 31 33 1
0 35 31 34 35 31 34 1
0 31 35 36 31 35 36 1
0 37 38 39 37 38 39 1
0 37 40 38 37 40 38 1
0 37 41 40 37 41 40 1
0 41 42 37 41 42 37 1
0 42 41 43 42 41 42 1
0 37 44 41 37 43 41 1
0 45 44 37 44 43 37 1
0 46 44 45 45 43 44 1
0 44 46 41 43 45 41 1
0 47 48 49 46 47 48 1
0 48 47 50 47 46 49 1
0 47 51 50 46 50 49 1
0 52 51 47 51 50 46 1
0 52 53 51 51 52 50 1
0 54 53 52 53 52 51 1
0 54 55 53 53 54 52 1
0 56 55 54 55 54 53 1
0 56 31 55 55 31 54 1
0 57 31 56 56 31 55 1
0 57 30 31 56 30 31 1
0 28 30 57 28 30 56 1
0 29 30 28 29 30 28 1
0 58 28 57 57 28 56 1
0 28 58 27 28 57 27 1
0 59 60 61 58 59 60 1
0 59 57 60 58 56 59 1
0 57 59 58 56 58 57 1
0 60 57 56 59 56 55 1
0 60 56 62 59 55 61 1
0 62 56 54 61 55 53 1
0 62 54 63 61 53 62 1
0 63 54 52 62 53 51 1
0 63 52 64 62 51 63 1
0 64 52 47 63 51 46 1
0 64 47 65 63 46 64 1
0 65 47 66 64 46 65 1
0 47 49 66 46 48 65 1
0 67 68 46 66 67 45 1
0 68 67 69 67 66 68 1
0 70 69 67 69 68 66 1
0 70 71 69 69 70 68 1
0 71 70 72 70 69 71 1
0 72 70 73 71 69 72 1
0 73 70 74 72 69 73 1
0 74 70 75 73 69 74 1
0 75 70 76 74 69 75 1
0 77 76 70 76 75 69 1
0 76 77 78 75 76 77 1
0 77 79 78 76 78 77 1
0 79 77 80 78 76 79 1
0 80 77 70 79 76 69 1
0 80 70 81 79 69 80 1
0 81 70 82 80 69 81 1
0 70 83 82 69 82 81 1
0 70 84 83 69 83 82 1
0 70 67 84 69 66 83 1
0 84 67 85 83 66 84 1
0 85 67 45 84 66 44 1
0 67 46 45 66 45 44 1
0 85 45 86 84 44 85 1
0 86 45 37 85 44 37 1
0 86 37 39 85 37 39 1
0 86 39 87 85 39 86 1
0 88 86 87 87 85 86 1
0 89 86 88 88 85 87 1
0 90 86 89 89 85 88 1
0 90 85 86 89 84 85 1
0 83 85 90 82 84 89 1
0 83 84 85 82 83 84 1
0 82 83 90 81 82 89 1
0 91 82 90 90 81 89 1
0 92 82 91 91 81 90 1
0 92 93 82 91 92 81 1
0 93 92 94 92 91 93 1
0 92 95 94 91 94 93 1
0 95 92 96 94 91 95 1
0 92 97 96 91 96 95 1
0 97 92 98 96 91 97 1
0 98 92 99 97 91 98 1
0 99 92 100 98 91 99 1
0 101 100 92 100 99 91 1
0 102 100 101 101 99 100 1
0 102 103 100 101 102 99 1
0 103 102 104 102 101 103 1
0 104 102 105 103 101 104 1
0 105 102 106 104 101 105 1
0 106 102 107 105 101 106 1
0 102 108 107 101 107 106 1
0 108 102 109 107 101 108 1
0 102 110 109 101 109 108 1
0 110 102 111 109 101 110 1
0 111 102 112 110 101 111 1
0 112 102 101 111 101 100 1
0 113 112 101 112 111 100 1
0 114 112 113 113 111 112 1
0 114 115 112 113 114 111 1
0 116 115 114 115 114 113 1
0 116 117 115 115 116 114 1
0 118 117 116 117 116 115 1
0 118 119 117 117 118 116 1
0 120 119 118 119 118 117 1
0 121 119 120 120 118 119 1
0 119 121 122 118 120 121 1
0 123 124 125 122 123 124 1
0 124 123 126 123 122 125 1
0 126 123 127 125 122 126 1
0 123 128 127 122 127 126 1
0 123 129 128 122 128 127 1
0 130 129 123 129 128 122 1
0 130 131 129 129 130 128 1
0 132 131 130 131 130 129 1
0 132 133 131 131 132 130 1
0 12 133 132 12 132 131 1
0 12 13 133 12 13 132 1
0 133 13 14 132 13 14 1
0 133 14 131 132 14 130 1
0 131 14 15 130 14 15 1
0 131 15 129 130 15 128 1
0 129 15 134 128 15 133 1
0 15 16 134 15 16 133 1
0 134 16 135 133 16 134 1
0 16 17 135 16 17 134 1
0 136 137 138 135 136 137 1
0 137 136 139 136 135 138 1
0 140 139 136 139 138 135 1
0 141 139 140 140 138 139 1
0 142 139 141 141 138 140 1
0 139 142 60 138 141 59 1
0 143 60 142 142 59 141 1
0 60 143 61 59 142 60 1
0 139 60 62 138 59 61 1
0 139 62 144 138 61 143 1
0 144 62 63 143 61 62 1
0 144 63 145 143 62 144 1
0 145 63 64 144 62 63 1
0 145 64 146 144 63 145 1
0 146 64 65 145 63 64 1
0 146 65 147 145 64 146 1
0 147 65 148 146 64 147 1
0 65 149 148 64 148 147 1
0 149 65 66 148 64 65 1
0 147 148 150 146 147 149 1
0 151 147 150 150 146 149 1
0 152 147 151 151 146 150 1
0 152 146 147 151 145 146 1
0 153 146 152 152 145 151 1
0 153 145 146 152 144 145 1
0 153 154 145 152 153 144 1
0 154 153 155 153 152 154 1
0 153 156 155 152 155 154 1
0 156 153 157 155 152 156 1
0 158 157 153 157 156 152 1
0 159 160 161 158 159 160 1
0 160 159 152 159 158 151 1
0 159 153 152 158 152 151 1
0 153 159 158 152 158 157 1
0 160 152 151 159 151 150 1
0 160 151 162 159 150 161 1
0 162 151 163 161 150 162 1
0 151 150 163 150 149 162 1
0 162 163 164 161 162 163 1
0 164 165 162 163 164 161 1
0 165 164 166 164 163 165 1
0 166 167 165 165 166 164 1
0 168 167 166 167 166 165 1
0 169 167 168 168 166 167 1
0 167 169 170 166 168 169 1
0 78 171 172 77 170 171 1
0 171 78 79 170 77 78 1
0 171 79 173 170 78 172 1
0 173 79 174 172 78 173 1
0 80 174 79 79 173 78 1
0 174 80 175 173 79 174 1
0 175 80 81 174 79 80 1
0 175 81 176 174 80 175 1
0 176 81 82 175 80 81 1
0 93 176 82 92 175 81 1
0 176 93 177 175 92 176 1
0 93 178 177 92 177 176 1
0 178 93 179 177 92 178 1
0 179 93 94 178 92 93 1
0 95 179 94 94 178 93 1
0 179 95 96 178 94 95 1
0 179 96 180 178 95 179 1
0 97 180 96 96 179 95 1
0 180 97 98 179 96 97 1
0 180 98 99 179 97 98 1
0 180 99 181 179 98 180 1
0 99 100 181 98 99 180 1
0 181 182 180 180 181 179 1
0 182 181 183 181 180 182 1
0 103 182 183 102 181 182 1
0 182 103 184 181 102 183 1
0 104 184 103 103 183 102 1
0 184 104 105 183 103 104 1
0 184 105 107 183 104 106 1
0 107 105 106 106 104 105 1
0 107 185 184 106 184 183 1
0 185 107 109 184 106 108 1
0 109 107 108 108 106 107 1
0 110 185 109 109 184 108 1
0 110 186 185 109 185 184 1
0 186 110 187 185 109 186 1
0 111 187 110 110 186 109 1
0 187 111 188 186 110 187 1
0 111 189 188 110 188 187 1
0 111 190 189 110 189 188 1
0 191 190 111 190 189 110 1
0 192 190 191 191 189 190 1
0 119 190 192 118 189 191 1
0 122 190 119 121 189 118 1
0 193 190 122 192 189 121 1
0 190 193 194 189 192 193 1
0 194 193 195 193 192 194 1
0 195 193 196 194 192 194 1
0 196 193 197 194 192 171 1
0 198 199 200 195 196 197 1
0 198 127 199 195 126 196 1
0 126 127 198 125 126 195 1
0 193 122 201 192 121 198 1
0 127 202 199 126 199 196 1
0 127 128 202 126 127 199 1
0 128 203 202 127 200 199 1
0 128 134 203 127 133 200 1
0 129 134 128 128 133 127 1
0 134 204 203 133 201 200 1
0 204 134 135 201 133 134 1
0 205 206 207 202 203 204 1
0 206 205 208 203 202 205 1
0 205 209 208 202 206 205 1
0 208 209 210 205 206 207 1
0 210 211 208 207 208 205 1
0 211 210 212 208 207 209 1
0 137 144 154 136 143 153 1
0 137 139 144 136 138 143 1
0 154 144 145 153 143 144 1
0 213 214 215 210 211 212 1
0 214 213 216 211 210 213 1
0 217 216 213 214 213 210 1
0 216 217 218 213 214 215 1
0 217 213 219 214 210 216 1
0 213 220 219 210 217 216 1
0 220 213 221 217 210 218 1
0 222 221 213 219 218 210 1
0 221 222 223 218 219 220 1
0 221 223 224 218 220 221 1
0 161 221 224 160 218 221 1
0 161 160 221 160 159 218 1
0 225 221 160 222 218 159 1
0 221 225 226 218 222 223 1
0 227 228 229 224 225 226 1
0 227 230 228 224 227 225 1
0 230 227 160 227 224 159 1
0 227 225 160 224 222 159 1
0 230 160 162 227 159 161 1
0 162 165 230 161 164 227 1
0 230 165 231 227 164 228 1
0 165 167 231 164 166 228 1
0 231 167 232 228 166 229 1
0 167 233 232 166 230 229 1
0 233 167 170 230 166 169 1
0 234 231 232 231 228 229 1
0 235 231 234 232 228 231 1
0 236 231 235 233 228 232 1
0 237 231 236 234 228 233 1
0 231 237 230 228 234 227 1
0 238 230 237 235 227 234 1
0 239 230 238 236 227 235 1
0 240 230 239 237 227 236 1
0 241 230 240 238 227 237 1
0 230 241 242 227 238 239 1
0 234 243 235 231 240 232 1
0 243 234 244 240 231 241 1
0 234 245 244 231 242 241 1
0 245 234 246 242 231 243 1
0 232 246 234 229 243 231 1
0 232 247 246 229 244 243 1
0 232 248 247 229 245 244 1
0 249 248 232 246 245 229 1
0 249 250 248 246 247 245 1
0 251 250 249 248 247 246 1
0 252 253 254 249 250 251 1
0 253 252 255 250 249 252 1
0 256 255 252 253 252 249 1
0 257 258 259 254 255 256 1
0 258 257 260 255 254 257 1
0 261 260 257 258 257 254 1
0 260 261 262 257 258 259 1
0 263 251 249 260 248 246 1
0 264 263 249 261 260 246 1
0 263 264 265 260 261 262 1
0 266 265 264 263 262 261 1
0 266 267 268 263 264 265 1
0 267 266 264 264 263 261 1
0 267 264 232 264 261 229 1
0 264 249 232 261 246 229 1
0 267 232 269 264 229 266 1
0 269 232 270 266 229 267 1
0 271 270 232 268 267 229 1
0 270 271 272 267 268 269 1
0 273 274 275 270 271 198 1
0 274 273 276 271 270 272 1
0 173 276 273 172 272 270 1
0 173 277 276 172 273 272 1
0 277 173 278 273 172 274 1
0 278 173 279 274 172 275 1
0 279 173 280 275 172 276 1
0 280 173 281 276 172 277 1
0 281 173 282 277 172 278 1
0 173 283 282 172 279 278 1
0 173 284 283 172 280 279 1
0 173 174 284 172 173 280 1
0 284 174 175 280 173 174 1
0 284 175 285 280 174 281 1
0 285 175 176 281 174 175 1
0 178 285 176 177 281 175 1
0 285 178 286 281 177 282 1
0 179 286 178 178 282 177 1
0 286 179 287 282 178 283 1
0 288 287 179 284 283 178 1
0 288 285 287 284 281 283 1
0 285 288 289 281 284 285 1
0 289 288 290 285 284 286 1
0 288 180 290 284 179 286 1
0 180 288 179 179 284 178 1
0 291 290 180 287 286 179 1
0 290 291 292 286 287 288 1
0 291 293 292 287 289 288 1
0 293 291 294 289 287 290 1
0 282 293 294 278 289 290 1
0 282 292 293 278 288 289 1
0 292 282 289 288 278 285 1
0 282 283 289 278 279 285 1
0 289 283 285 285 279 281 1
0 283 284 285 279 280 281 1
0 292 289 290 288 285 286 1
0 294 281 282 290 277 278 1
0 281 294 295 277 290 291 1
0 296 281 295 292 277 291 1
0 281 296 280 277 292 276 1
0 297 280 296 293 276 292 1
0 280 297 298 276 293 294 1
0 296 298 297 292 294 293 1
0 298 296 291 294 292 287 1
0 184 298 291 183 294 287 1
0 298 184 299 294 183 295 1
0 184 300 299 183 296 295 1
0 300 184 185 296 183 184 1
0 185 301 300 184 297 296 1
0 185 302 301 184 298 297 1
0 302 185 186 298 184 185 1
0 188 302 186 187 298 185 1
0 188 301 302 187 297 298 1
0 301 188 303 297 187 299 1
0 188 304 303 187 300 299 1
0 189 304 188 188 300 187 1
0 189 305 304 188 301 300 1
0 190 305 189 189 301 188 1
0 190 306 305 189 302 301 1
0 194 306 190 193 302 189 1
0 274 306 194 271 302 193 1
0 274 276 306 271 272 302 1
0 306 276 305 302 272 301 1
0 305 276 277 301 272 273 1
0 305 277 304 301 273 300 1
0 304 277 278 300 273 274 1
0 304 278 303 300 274 299 1
0 303 278 279 299 274 275 1
0 303 279 307 299 275 303 1
0 279 280 307 275 276 303 1
0 280 298 307 276 294 303 1
0 299 307 298 295 303 294 1
0 300 307 299 296 303 295 1
0 300 303 307 296 299 303 1
0 303 300 301 299 296 297 1
0 308 270 309 304 267 305 1
0 270 308 310 267 304 306 1
0 311 270 310 307 267 306 1
0 311 269 270 307 266 267 1
0 312 269 311 308 266 307 1
0 313 269 312 309 266 308 1
0 314 269 313 310 266 309 1
0 269 314 267 266 310 264 1
0 315 267 314 311 264 310 1
0 267 315 268 264 311 265 1
0 313 312 316 309 308 312 1
0 312 317 316 308 313 312 1
0 317 312 318 313 308 314 1
0 318 312 319 314 308 315 1
0 319 312 320 315 308 316 1
0 320 312 321 316 308 317 1
0 312 322 321 308 318 317 1
0 322 312 323 318 308 319 1
0 323 312 324 319 308 320 1
0 324 312 325 320 308 321 1
0 325 312 326 321 308 322 1
0 327 326 312 323 322 308 1
0 199 326 327 196 322 323 1
0 199 202 326 196 199 322 1
0 328 326 202 324 322 199 1
0 329 326 328 325 322 324 1
0 330 326 329 326 322 325 1
0 326 330 331 322 326 327 1
0 330 332 331 326 328 327 1
0 202 333 328 199 329 324 1
0 333 202 203 329 199 200 1
0 203 334 333 200 330 329 1
0 203 335 334 200 331 330 1
0 335 203 204 331 200 201 1
0 336 331 332 332 327 328 1
0 331 336 337 327 332 333 1
0 336 338 337 332 334 333 1
0 338 339 337 334 335 333 1
0 339 338 340 335 334 336 1
0 341 339 340 337 335 336 1
0 339 341 206 335 337 203 1
0 341 207 206 337 204 203 1
0 206 342 339 203 338 335 1
0 342 206 343 338 203 339 1
0 206 344 343 203 340 339 1
0 208 344 206 205 340 203 1
0 344 208 345 340 205 341 1
0 208 346 345 205 342 341 1
0 346 208 211 342 205 208 1
0 346 211 347 342 208 343 1
0 216 347 211 213 343 208 1
0 347 216 218 343 213 215 1
0 348 349 350 344 345 346 1
0 349 348 351 345 344 347 1
0 352 351 348 348 347 344 1
0 351 352 353 347 348 349 1
0 352 348 354 348 344 350 1
0 354 348 355 350 344 351 1
0 356 355 348 352 351 344 1
0 356 357 355 352 353 351 1
0 357 356 358 353 352 354 1
0 220 221 226 217 218 223 1
0 348 350 356 344 346 352 1
0 358 359 357 354 355 353 1
0 359 358 360 355 354 356 1
0 360 361 359 356 357 355 1
0 361 360 228 357 356 225 1
0 228 242 361 225 239 357 1
0 228 230 242 225 227 239 1
0 246 362 245 243 358 242 1
0 246 363 362 243 359 358 1
0 363 246 247 359 243 244 1
0 247 364 363 244 360 359 1
0 365 364 247 361 360 244 1
0 255 366 367 252 362 363 1
0 366 255 368 362 252 364 1
0 255 369 368 252 365 364 1
0 368 369 370 364 365 366 1
0 349 368 370 345 364 366 1
0 368 349 351 364 345 347 1
0 351 366 368 347 362 364 1
0 366 351 353 362 347 349 1
0 371 255 367 367 252 363 1
0 253 255 371 250 252 367 1
0 248 365 247 245 361 244 1
0 211 214 216 208 211 213 1
0 214 211 372 211 208 368 1
0 211 212 372 208 209 368 1
0 337 342 373 333 338 369 1
0 342 337 339 338 333 335 1
0 337 373 374 333 369 370 1
0 375 322 323 371 318 319 1
0 322 375 376 318 371 372 1
0 377 376 375 373 372 371 1
0 376 377 378 372 373 374 1
0 377 379 378 373 375 374 1
0 380 379 377 376 375 373 1
0 379 380 260 375 376 257 1
0 380 258 260 376 255 257 1
0 379 260 381 375 257 377 1
0 260 262 381 257 259 377 1
0 326 382 325 322 378 321 1
0 331 382 326 327 378 322 1
0 382 331 383 378 327 379 1
0 331 384 383 327 380 379 1
0 337 384 331 333 380 327 1
0 384 337 374 380 333 370 1
0 200 199 327 197 196 323 1
0 327 385 200 323 381 197 1
0 327 311 385 323 307 381 1
0 327 312 311 323 308 307 1
0 311 310 385 307 306 381 1
0 309 270 272 305 267 269 1
0 188 186 187 187 185 186 1
0 184 291 182 183 287 181 1
0 182 291 180 181 287 179 1
0 285 286 287 281 282 283 1
0 178 176 177 177 175 176 1
0 261 252 254 258 249 251 1
0 252 261 257 249 258 254 1
0 257 386 252 254 382 249 1
0 386 257 259 382 254 256 1
0 386 256 252 382 253 249 1
0 213 215 222 210 212 219 1
0 119 192 117 118 191 116 1
0 117 192 191 116 191 190 1
0 117 191 115 116 190 114 1
0 115 191 111 114 190 110 1
0 115 111 112 114 110 111 1
0 12 132 387 12 131 383 1
0 387 132 130 383 131 129 1
0 125 387 130 124 383 129 1
0 388 121 120 384 120 119 1
0 388 120 389 384 119 385 1
0 389 120 390 385 119 386 1
0 120 118 390 119 117 386 1
0 390 118 391 386 117 387 1
0 391 118 116 387 117 115 1
0 392 391 116 388 387 115 1
0 393 391 392 389 387 388 1
0 393 388 391 389 384 387 1
0 388 389 391 384 385 387 1
0 394 389 391 42 385 387 1
0 389 394 395 385 42 42 1
0 389 390 391 385 386 387 1
0 392 116 396 388 115 390 1
0 396 116 397 390 115 391 1
0 116 114 397 115 113 391 1
0 397 114 113 391 113 112 1
0 397 113 398 391 112 392 1
0 398 113 399 392 112 393 1
0 113 400 399 112 394 393 1
0 113 101 400 112 100 394 1
0 400 101 401 394 100 395 1
0 101 91 401 100 90 395 1
0 101 92 91 100 91 90 1
0 91 89 401 90 88 395 1
0 91 90 89 90 89 88 1
0 401 89 88 395 88 87 1
0 401 88 402 395 87 396 1
0 399 401 402 393 395 396 1
0 400 401 399 394 395 393 1
0 125 130 123 124 129 122 1
0 31 36 55 31 36 54 1
0 55 36 53 54 36 52 1
0 53 36 51 52 36 50 1
0 51 36 50 50 36 49 1
"turretpivot" 0 -1
0
0
0

Materials: 2
"Material01"
0.200000 0.200000 0.200000 1.000000
1.000000 1.000000 1.000000 1.000000
0.000000 0.000000 0.000000 1.000000
0.188235 0.188235 0.188235 1.000000
0.000000
1.000000
"a12.jpg"
""
"Material02"
0.200000 0.200000 0.200000 1.000000
0.000000 0.000000 0.000000 1.000000
0.000000 0.000000 0.000000 1.000000
0.176471 0.176471 0.176471 1.000000
0.000000
1.000000
"sphere_cockpit.png"
""

Bones: 0
GroupComments: 0
MaterialComments: 0
BoneComments: 0
ModelComment: 0
