// MilkShape 3D ASCII

Frames: 30
Frame: 1

Meshes: 22
"gunbase" 0 4
20
0 21.933607 33.523788 -3.258333 0.000000 0.000000 -1
0 21.933607 30.984224 -3.258333 0.000000 1.000000 -1
0 -21.976133 33.523788 -3.258333 1.000000 0.000000 -1
0 -21.976133 30.984224 -3.258333 1.000000 1.000000 -1
0 -21.976133 33.523788 -3.258333 0.000000 0.000000 -1
0 -21.976133 30.984224 -3.258333 0.000000 1.000000 -1
0 -21.976133 33.523788 3.688190 1.000000 0.000000 -1
0 -21.976133 30.984224 3.688190 1.000000 1.000000 -1
0 -21.976133 33.523788 3.688190 0.000000 0.000000 -1
0 -21.976133 30.984224 3.688190 0.000000 1.000000 -1
0 21.933607 33.523788 3.688190 1.000000 0.000000 -1
0 21.933607 30.984224 3.688190 1.000000 1.000000 -1
0 21.933607 33.523788 3.688190 0.000000 0.000000 -1
0 21.933607 30.984224 3.688190 0.000000 1.000000 -1
0 21.933607 33.523788 -3.258333 1.000000 0.000000 -1
0 21.933607 30.984224 -3.258333 1.000000 1.000000 -1
0 21.933607 33.523788 -3.258333 0.000000 1.000000 -1
0 -21.976133 33.523788 -3.258333 1.000000 1.000000 -1
0 21.933607 30.984224 -3.258333 0.000000 0.000000 -1
0 -21.976133 30.984224 -3.258333 1.000000 0.000000 -1
6
0.000000 0.000000 -1.000000
-1.000000 0.000000 0.000000
0.000000 0.000000 1.000000
1.000000 0.000000 0.000000
0.000000 1.000000 0.000000
0.000000 -1.000000 0.000000
12
0 0 1 2 0 0 0 1
0 1 3 2 0 0 0 1
0 4 5 6 1 1 1 2
0 5 7 6 1 1 1 2
0 8 9 10 2 2 2 1
0 9 11 10 2 2 2 1
0 12 13 14 3 3 3 2
0 13 15 14 3 3 3 2
0 12 16 6 4 4 4 3
0 16 17 6 4 4 4 3
0 18 13 19 5 5 5 3
0 13 7 19 5 5 5 3
"gunarm" 0 4
30
0 26.124525 49.453819 -3.303822 0.000000 0.000000 -1
0 21.933607 33.523788 -3.303822 0.000000 1.000000 -1
0 21.218088 49.453819 -3.303822 1.000000 0.000000 -1
0 10.791894 33.523788 -3.303822 1.000000 1.000000 -1
0 21.218088 49.453819 -3.303822 0.000000 0.000000 -1
0 10.791894 33.523788 -3.303822 0.000000 1.000000 -1
0 21.218088 49.453819 3.733679 1.000000 0.000000 -1
0 10.791894 33.523788 3.733679 1.000000 1.000000 -1
0 21.218088 49.453819 3.733679 0.000000 0.000000 -1
0 10.791894 33.523788 3.733679 0.000000 1.000000 -1
0 26.124525 49.453819 3.733679 1.000000 0.000000 -1
0 21.933607 33.523788 3.733679 1.000000 1.000000 -1
0 26.124525 49.453819 3.733679 0.000000 0.000000 -1
0 21.933607 33.523788 3.733679 0.000000 1.000000 -1
0 26.124525 49.453819 -3.303822 1.000000 0.000000 -1
0 21.933607 33.523788 -3.303822 1.000000 1.000000 -1
0 26.124525 49.453819 -3.303822 0.000000 1.000000 -1
0 21.218088 49.453819 -3.303822 1.000000 1.000000 -1
0 21.933607 33.523788 -3.303822 0.000000 0.000000 -1
0 10.791894 33.523788 -3.303822 1.000000 0.000000 -1
0 21.933607 65.383865 -3.303822 0.000000 1.000000 -1
0 10.791894 65.383865 -3.303822 1.000000 1.000000 -1
0 10.791894 65.383865 -3.303822 0.000000 1.000000 -1
0 10.791894 65.383865 3.733679 1.000000 1.000000 -1
0 10.791894 65.383865 3.733679 0.000000 1.000000 -1
0 21.933607 65.383865 3.733679 1.000000 1.000000 -1
0 21.933607 65.383865 3.733679 0.000000 1.000000 -1
0 21.933607 65.383865 -3.303822 1.000000 1.000000 -1
0 10.791894 65.383865 -3.303822 1.000000 0.000000 -1
0 21.933607 65.383865 -3.303822 0.000000 0.000000 -1
11
0.000000 0.000000 -1.000000
-1.000000 0.000000 0.000000
-0.836719 0.547632 0.000000
0.000000 0.000000 1.000000
1.000000 -0.000000 0.000000
0.967092 -0.254425 0.000000
0.000000 0.000000 0.000000
0.000000 -1.000000 0.000000
-0.836719 -0.547632 0.000000
0.967092 0.254425 0.000000
0.000000 1.000000 0.000000
24
0 0 1 2 0 0 0 1
0 1 3 2 0 0 0 1
0 4 5 6 1 2 1 2
0 5 7 6 2 2 1 2
0 8 9 10 3 3 3 1
0 9 11 10 3 3 3 1
0 12 13 14 4 5 4 2
0 13 15 14 5 5 4 2
0 12 16 6 6 6 6 3
0 16 17 6 6 6 6 3
0 18 13 19 7 7 7 3
0 13 7 19 7 7 7 3
0 2 20 0 0 0 0 1
0 2 21 20 0 0 0 1
0 6 22 4 1 8 1 2
0 6 23 22 1 8 8 2
0 10 24 8 3 3 3 1
0 10 25 24 3 3 3 1
0 14 26 12 4 9 4 2
0 14 27 26 4 9 9 2
0 6 16 12 6 6 6 3
0 6 17 16 6 6 6 3
0 28 26 29 10 10 10 3
0 28 23 26 10 10 10 3
"gunarm" 0 4
30
0 -21.976133 49.453819 -3.303822 1.000000 0.000000 -1
0 -21.976133 33.523788 -3.303822 0.000000 1.000000 -1
0 -26.619734 49.453819 -3.303822 0.000000 0.000000 -1
0 -11.287102 33.523788 -3.303822 1.000000 1.000000 -1
0 -21.976133 49.453819 3.733679 1.000000 0.000000 -1
0 -11.287102 33.523788 -3.303822 0.000000 1.000000 -1
0 -21.976133 49.453819 -3.303822 0.000000 0.000000 -1
0 -11.287102 33.523788 3.733679 1.000000 1.000000 -1
0 -26.619734 49.453819 3.733679 1.000000 0.000000 -1
0 -11.287102 33.523788 3.733679 0.000000 1.000000 -1
0 -21.976133 49.453819 3.733679 0.000000 0.000000 -1
0 -21.976133 33.523788 3.733679 1.000000 1.000000 -1
0 -26.619734 49.453819 -3.303822 1.000000 0.000000 -1
0 -21.976133 33.523788 3.733679 0.000000 1.000000 -1
0 -26.619734 49.453819 3.733679 0.000000 0.000000 -1
0 -21.976133 33.523788 -3.303822 1.000000 1.000000 -1
0 -26.619734 49.453819 -3.303822 0.000000 1.000000 -1
0 -21.976133 49.453819 -3.303822 1.000000 1.000000 -1
0 -11.287102 33.523788 -3.303822 1.000000 0.000000 -1
0 -21.976133 33.523788 -3.303822 0.000000 0.000000 -1
0 -21.976133 65.383865 -3.303822 0.000000 1.000000 -1
0 -11.287102 65.383865 -3.303822 1.000000 1.000000 -1
0 -11.287102 65.383865 -3.303822 0.000000 1.000000 -1
0 -11.287102 65.383865 3.733679 1.000000 1.000000 -1
0 -11.287102 65.383865 3.733679 0.000000 1.000000 -1
0 -21.976133 65.383865 3.733679 1.000000 1.000000 -1
0 -21.976133 65.383865 3.733679 0.000000 1.000000 -1
0 -21.976133 65.383865 -3.303822 1.000000 1.000000 -1
0 -21.976133 65.383865 -3.303822 0.000000 0.000000 -1
0 -11.287102 65.383865 -3.303822 1.000000 0.000000 -1
11
0.000000 0.000000 -1.000000
1.000000 0.000000 0.000000
0.830386 0.557188 0.000000
0.000000 0.000000 1.000000
-1.000000 -0.000000 0.000000
-0.960043 -0.279852 0.000000
0.000000 0.000000 0.000000
0.000000 -1.000000 0.000000
0.830386 -0.557188 0.000000
-0.960043 0.279852 0.000000
0.000000 1.000000 0.000000
24
0 0 1 2 0 0 0 1
0 0 3 1 0 0 0 1
0 4 5 6 1 2 1 2
0 4 7 5 1 2 2 2
0 8 9 10 3 3 3 1
0 8 11 9 3 3 3 1
0 12 13 14 4 5 4 2
0 12 15 13 4 5 5 2
0 4 16 14 6 6 6 3
0 4 17 16 6 6 6 3
0 18 13 19 7 7 7 3
0 18 7 13 7 7 7 3
0 2 20 0 0 0 0 1
0 20 21 0 0 0 0 1
0 6 22 4 1 8 1 2
0 22 23 4 8 8 1 2
0 10 24 8 3 3 3 1
0 24 25 8 3 3 3 1
0 14 26 12 4 9 4 2
0 26 27 12 9 9 4 2
0 14 16 4 6 6 6 3
0 16 17 4 6 6 6 3
0 28 26 29 10 10 10 3
0 26 23 29 10 10 10 3
"guntop" 0 4
20
0 21.933607 68.154312 -3.258333 0.000000 0.000000 -1
0 21.933607 65.133263 -3.258333 0.000000 1.000000 -1
0 -21.976133 68.154312 -3.258333 1.000000 0.000000 -1
0 -21.976133 65.133263 -3.258333 1.000000 1.000000 -1
0 -21.976133 68.154312 -3.258333 0.000000 0.000000 -1
0 -21.976133 65.133263 -3.258333 0.000000 1.000000 -1
0 -21.976133 68.154312 3.688190 1.000000 0.000000 -1
0 -21.976133 65.133263 3.688190 1.000000 1.000000 -1
0 -21.976133 68.154312 3.688190 0.000000 0.000000 -1
0 -21.976133 65.133263 3.688190 0.000000 1.000000 -1
0 21.933607 68.154312 3.688190 1.000000 0.000000 -1
0 21.933607 65.133263 3.688190 1.000000 1.000000 -1
0 21.933607 68.154312 3.688190 0.000000 0.000000 -1
0 21.933607 65.133263 3.688190 0.000000 1.000000 -1
0 21.933607 68.154312 -3.258333 1.000000 0.000000 -1
0 21.933607 65.133263 -3.258333 1.000000 1.000000 -1
0 21.933607 68.154312 -3.258333 0.000000 1.000000 -1
0 -21.976133 68.154312 -3.258333 1.000000 1.000000 -1
0 21.933607 65.133263 -3.258333 0.000000 0.000000 -1
0 -21.976133 65.133263 -3.258333 1.000000 0.000000 -1
6
0.000000 0.000000 -1.000000
-1.000000 0.000000 0.000000
0.000000 0.000000 1.000000
1.000000 0.000000 0.000000
0.000000 1.000000 0.000000
0.000000 -1.000000 0.000000
12
0 0 1 2 0 0 0 1
0 1 3 2 0 0 0 1
0 4 5 6 1 1 1 2
0 5 7 6 1 1 1 2
0 8 9 10 2 2 2 1
0 9 11 10 2 2 2 1
0 12 13 14 3 3 3 2
0 13 15 14 3 3 3 2
0 12 16 6 4 4 4 3
0 16 17 6 4 4 4 3
0 18 13 19 5 5 5 3
0 13 7 19 5 5 5 3
"gunshell" 0 4
74
0 -14.224943 50.199997 -15.535072 0.000000 0.000000 -1
0 0.025057 50.199997 -15.535072 0.000000 0.000000 -1
0 -13.739386 46.511826 -15.535072 0.000000 0.000000 -1
0 -14.224943 50.199997 26.464928 0.000000 1.000000 -1
0 -13.739386 46.511826 26.464928 0.041667 1.000000 -1
0 -13.739386 46.511826 -15.535072 0.041667 0.000000 -1
0 -12.315804 43.074997 -15.535072 0.000000 0.000000 -1
0 -12.315804 43.074997 -15.535072 0.083333 0.000000 -1
0 -12.315804 43.074997 26.464928 0.083333 1.000000 -1
0 -10.051214 40.123726 -15.535072 0.000000 0.000000 -1
0 -10.051214 40.123726 26.464928 0.125000 1.000000 -1
0 -10.051214 40.123726 -15.535072 0.125000 0.000000 -1
0 -7.099943 37.859131 -15.535072 0.000000 0.000000 -1
0 -7.099943 37.859131 -15.535072 0.166667 0.000000 -1
0 -7.099943 37.859131 26.464928 0.166667 1.000000 -1
0 -3.663115 36.435555 -15.535072 0.000000 0.000000 -1
0 -3.663115 36.435555 26.464928 0.208333 1.000000 -1
0 -3.663115 36.435555 -15.535072 0.208333 0.000000 -1
0 0.025057 35.949997 -15.535072 0.000000 0.000000 -1
0 0.025057 35.949997 -15.535072 0.250000 0.000000 -1
0 0.025057 35.949997 26.464928 0.250000 1.000000 -1
0 3.713228 36.435555 -15.535072 0.000000 0.000000 -1
0 3.713228 36.435555 26.464928 0.291667 1.000000 -1
0 3.713228 36.435555 -15.535072 0.291667 0.000000 -1
0 7.150057 37.859131 -15.535072 0.000000 0.000000 -1
0 7.150057 37.859131 -15.535072 0.333333 0.000000 -1
0 7.150057 37.859131 26.464928 0.333333 1.000000 -1
0 10.101329 40.123726 -15.535072 0.000000 0.000000 -1
0 10.101329 40.123726 26.464928 0.375000 1.000000 -1
0 10.101329 40.123726 -15.535072 0.375000 0.000000 -1
0 12.365919 43.074997 -15.535072 0.000000 0.000000 -1
0 12.365919 43.074997 -15.535072 0.416667 0.000000 -1
0 12.365919 43.074997 26.464928 0.416667 1.000000 -1
0 13.789499 46.511826 -15.535072 0.000000 0.000000 -1
0 13.789499 46.511826 26.464928 0.458333 1.000000 -1
0 13.789499 46.511826 -15.535072 0.458333 0.000000 -1
0 14.275057 50.199997 -15.535072 0.000000 0.000000 -1
0 14.275057 50.199997 -15.535072 0.500000 0.000000 -1
0 14.275057 50.199997 26.464928 0.500000 1.000000 -1
0 13.789499 53.888168 -15.535072 0.000000 0.000000 -1
0 13.789499 53.888168 26.464928 0.541667 1.000000 -1
0 13.789499 53.888168 -15.535072 0.541667 0.000000 -1
0 12.365919 57.324997 -15.535072 0.000000 0.000000 -1
0 12.365919 57.324997 -15.535072 0.583333 0.000000 -1
0 12.365919 57.324997 26.464928 0.583333 1.000000 -1
0 10.101329 60.276268 -15.535072 0.000000 0.000000 -1
0 10.101329 60.276268 26.464928 0.625000 1.000000 -1
0 10.101329 60.276268 -15.535072 0.625000 0.000000 -1
0 7.150057 62.540848 -15.535072 0.000000 0.000000 -1
0 7.150057 62.540848 -15.535072 0.666667 0.000000 -1
0 7.150057 62.540848 26.464928 0.666667 1.000000 -1
0 3.713228 63.964458 -15.535072 0.000000 0.000000 -1
0 3.713228 63.964458 26.464928 0.708333 1.000000 -1
0 3.713228 63.964458 -15.535072 0.708333 0.000000 -1
0 0.025057 64.450012 -15.535072 0.000000 0.000000 -1
0 0.025057 64.450012 -15.535072 0.750000 0.000000 -1
0 0.025057 64.450012 26.464928 0.750000 1.000000 -1
0 -3.663115 63.964458 -15.535072 0.000000 0.000000 -1
0 -3.663115 63.964458 26.464928 0.791667 1.000000 -1
0 -3.663115 63.964458 -15.535072 0.791667 0.000000 -1
0 -7.099943 62.540848 -15.535072 0.000000 0.000000 -1
0 -7.099943 62.540848 -15.535072 0.833333 0.000000 -1
0 -7.099943 62.540848 26.464928 0.833333 1.000000 -1
0 -10.051214 60.276268 -15.535072 0.000000 0.000000 -1
0 -10.051214 60.276268 26.464928 0.875000 1.000000 -1
0 -10.051214 60.276268 -15.535072 0.875000 0.000000 -1
0 -12.315804 57.324997 -15.535072 0.000000 0.000000 -1
0 -12.315804 57.324997 -15.535072 0.916667 0.000000 -1
0 -12.315804 57.324997 26.464928 0.916667 1.000000 -1
0 -13.739386 53.888168 -15.535072 0.000000 0.000000 -1
0 -13.739386 53.888168 26.464928 0.958333 1.000000 -1
0 -13.739386 53.888168 -15.535072 0.958333 0.000000 -1
0 -14.224943 50.199997 -15.535072 1.000000 0.000000 -1
0 -14.224943 50.199997 26.464928 1.000000 1.000000 -1
29
0.000000 0.000000 -1.000000
-1.000000 0.000000 0.000000
-0.965926 -0.258819 0.000000
-0.866025 -0.500000 0.000000
-0.707107 -0.707106 0.000000
-0.500000 -0.866025 0.000000
-0.258819 -0.965926 0.000000
0.000000 -1.000000 0.000000
0.258819 -0.965926 0.000000
0.500000 -0.866025 0.000000
0.500000 -0.866025 0.000000
0.707107 -0.707106 0.000000
0.866025 -0.500000 0.000000
0.965926 -0.258819 0.000000
1.000000 0.000000 0.000000
0.965926 0.258819 0.000000
0.866025 0.500000 0.000000
0.707106 0.707108 0.000000
0.707106 0.707108 0.000000
0.500002 0.866024 0.000000
0.258822 0.965925 0.000000
0.000000 1.000000 0.000000
-0.258822 0.965925 0.000000
-0.500002 0.866024 0.000000
-0.707106 0.707107 0.000000
-0.866025 0.500000 0.000000
-0.866025 0.500000 0.000000
-0.965926 0.258819 0.000000
-0.965926 0.258819 0.000000
72
0 0 1 2 0 0 0 2
0 3 0 4 1 1 2 1
0 0 5 4 1 2 2 1
0 2 1 6 0 0 0 2
0 4 5 7 2 2 3 1
0 4 7 8 2 3 3 1
0 6 1 9 0 0 0 2
0 8 7 10 3 3 4 1
0 7 11 10 3 4 4 1
0 9 1 12 0 0 0 2
0 10 11 13 4 4 5 1
0 10 13 14 4 5 5 1
0 12 1 15 0 0 0 2
0 14 13 16 5 5 6 1
0 13 17 16 5 6 6 1
0 15 1 18 0 0 0 2
0 16 17 19 6 6 7 1
0 16 19 20 6 7 7 1
0 18 1 21 0 0 0 2
0 20 19 22 7 7 8 1
0 19 23 22 7 8 8 1
0 21 1 24 0 0 0 2
0 22 23 25 8 8 9 1
0 22 25 26 8 9 10 1
0 24 1 27 0 0 0 2
0 26 25 28 10 9 11 1
0 25 29 28 9 11 11 1
0 27 1 30 0 0 0 2
0 28 29 31 11 11 12 1
0 28 31 32 11 12 12 1
0 30 1 33 0 0 0 2
0 32 31 34 12 12 13 1
0 31 35 34 12 13 13 1
0 33 1 36 0 0 0 2
0 34 35 37 13 13 14 1
0 34 37 38 13 14 14 1
0 36 1 39 0 0 0 2
0 38 37 40 14 14 15 1
0 37 41 40 14 15 15 1
0 39 1 42 0 0 0 2
0 40 41 43 15 15 16 1
0 40 43 44 15 16 16 1
0 42 1 45 0 0 0 2
0 44 43 46 16 16 17 1
0 43 47 46 16 18 17 1
0 45 1 48 0 0 0 2
0 46 47 49 17 18 19 1
0 46 49 50 17 19 19 1
0 48 1 51 0 0 0 2
0 50 49 52 19 19 20 1
0 49 53 52 19 20 20 1
0 51 1 54 0 0 0 2
0 52 53 55 20 20 21 1
0 52 55 56 20 21 21 1
0 54 1 57 0 0 0 2
0 56 55 58 21 21 22 1
0 55 59 58 21 22 22 1
0 57 1 60 0 0 0 2
0 58 59 61 22 22 23 1
0 58 61 62 22 23 23 1
0 60 1 63 0 0 0 2
0 62 61 64 23 23 24 1
0 61 65 64 23 24 24 1
0 63 1 66 0 0 0 2
0 64 65 67 24 24 25 1
0 64 67 68 24 25 26 1
0 66 1 69 0 0 0 2
0 68 67 70 26 25 27 1
0 67 71 70 25 28 27 1
0 69 1 0 0 0 0 2
0 70 71 72 27 28 1 1
0 70 72 73 27 1 1 1
"gunaimer" 0 4
35
0 0.650057 70.325012 9.201467 0.000000 0.000000 -1
0 1.345678 68.645630 9.201467 0.000000 0.000000 -1
0 3.025057 70.325012 9.201467 0.000000 0.000000 -1
0 0.650057 70.325012 -3.521607 0.000000 0.000000 -1
0 3.025057 70.325012 -3.521607 0.000000 0.000000 -1
0 1.345678 68.645630 -3.521607 0.000000 0.000000 -1
0 0.650057 70.325012 9.201467 0.000000 1.000000 -1
0 1.345678 68.645630 9.201467 0.125000 1.000000 -1
0 1.345678 68.645630 -3.521607 0.125000 0.000000 -1
0 3.025057 67.950012 9.201467 0.000000 0.000000 -1
0 3.025057 67.950012 -3.521607 0.000000 0.000000 -1
0 3.025057 67.950012 -3.521607 0.250000 0.000000 -1
0 3.025057 67.950012 9.201467 0.250000 1.000000 -1
0 4.704435 68.645630 9.201467 0.000000 0.000000 -1
0 4.704435 68.645630 -3.521607 0.000000 0.000000 -1
0 4.704435 68.645630 9.201467 0.375000 1.000000 -1
0 4.704435 68.645630 -3.521607 0.375000 0.000000 -1
0 5.400057 70.325012 9.201467 0.000000 0.000000 -1
0 5.400057 70.325012 -3.521607 0.000000 0.000000 -1
0 5.400057 70.325012 -3.521607 0.500000 0.000000 -1
0 5.400057 70.325012 9.201467 0.500000 1.000000 -1
0 4.704435 72.004379 9.201467 0.000000 0.000000 -1
0 4.704435 72.004379 -3.521607 0.000000 0.000000 -1
0 4.704435 72.004379 9.201467 0.625000 1.000000 -1
0 4.704435 72.004379 -3.521607 0.625000 0.000000 -1
0 3.025057 72.700012 9.201467 0.000000 0.000000 -1
0 3.025057 72.700012 -3.521607 0.000000 0.000000 -1
0 3.025057 72.700012 -3.521607 0.750000 0.000000 -1
0 3.025057 72.700012 9.201467 0.750000 1.000000 -1
0 1.345678 72.004379 9.201467 0.000000 0.000000 -1
0 1.345678 72.004379 -3.521607 0.000000 0.000000 -1
0 1.345678 72.004379 9.201467 0.875000 1.000000 -1
0 1.345678 72.004379 -3.521607 0.875000 0.000000 -1
0 0.650057 70.325012 -3.521607 1.000000 0.000000 -1
0 0.650057 70.325012 9.201467 1.000000 1.000000 -1
11
0.000000 0.000000 1.000000
0.000000 0.000000 -1.000000
-1.000000 0.000002 0.000000
-0.707106 -0.707107 0.000000
0.000000 -1.000000 0.000000
0.707106 -0.707107 0.000000
1.000000 0.000002 0.000000
0.707108 0.707106 0.000000
0.707108 0.707106 0.000000
0.000000 1.000000 0.000000
-0.707108 0.707106 0.000000
32
0 0 1 2 0 0 0 2
0 3 4 5 1 1 1 2
0 6 3 7 2 2 3 1
0 3 8 7 2 3 3 1
0 1 9 2 0 0 0 2
0 5 4 10 1 1 1 2
0 7 8 11 3 3 4 1
0 7 11 12 3 4 4 1
0 9 13 2 0 0 0 2
0 10 4 14 1 1 1 2
0 12 11 15 4 4 5 1
0 11 16 15 4 5 5 1
0 13 17 2 0 0 0 2
0 14 4 18 1 1 1 2
0 15 16 19 5 5 6 1
0 15 19 20 5 6 6 1
0 17 21 2 0 0 0 2
0 18 4 22 1 1 1 2
0 20 19 23 6 6 7 1
0 19 24 23 6 8 7 1
0 21 25 2 0 0 0 2
0 22 4 26 1 1 1 2
0 23 24 27 7 8 9 1
0 23 27 28 7 9 9 1
0 25 29 2 0 0 0 2
0 26 4 30 1 1 1 2
0 28 27 31 9 9 10 1
0 27 32 31 9 10 10 1
0 29 0 2 0 0 0 2
0 30 4 3 1 1 1 2
0 31 32 33 10 10 2 1
0 31 33 34 10 2 2 1
"gunaimer" 0 4
35
0 -3.474943 70.325012 9.201467 0.000000 0.000000 -1
0 -1.795565 68.645630 9.201467 0.000000 0.000000 -1
0 -1.099943 70.325012 9.201467 0.000000 0.000000 -1
0 -1.795565 68.645630 -3.521607 0.000000 0.000000 -1
0 -3.474943 70.325012 -3.521607 0.000000 0.000000 -1
0 -1.099943 70.325012 -3.521607 0.000000 0.000000 -1
0 -1.795565 68.645630 9.201467 0.125000 1.000000 -1
0 -1.099943 70.325012 9.201467 0.000000 1.000000 -1
0 -1.795565 68.645630 -3.521607 0.125000 0.000000 -1
0 -3.474943 67.950012 9.201467 0.000000 0.000000 -1
0 -3.474943 67.950012 -3.521607 0.000000 0.000000 -1
0 -3.474943 67.950012 -3.521607 0.250000 0.000000 -1
0 -3.474943 67.950012 9.201467 0.250000 1.000000 -1
0 -5.154322 68.645630 9.201467 0.000000 0.000000 -1
0 -5.154322 68.645630 -3.521607 0.000000 0.000000 -1
0 -5.154322 68.645630 9.201467 0.375000 1.000000 -1
0 -5.154322 68.645630 -3.521607 0.375000 0.000000 -1
0 -5.849943 70.325012 9.201467 0.000000 0.000000 -1
0 -5.849943 70.325012 -3.521607 0.000000 0.000000 -1
0 -5.849943 70.325012 -3.521607 0.500000 0.000000 -1
0 -5.849943 70.325012 9.201467 0.500000 1.000000 -1
0 -5.154322 72.004379 9.201467 0.000000 0.000000 -1
0 -5.154322 72.004379 -3.521607 0.000000 0.000000 -1
0 -5.154322 72.004379 9.201467 0.625000 1.000000 -1
0 -5.154322 72.004379 -3.521607 0.625000 0.000000 -1
0 -3.474943 72.700012 9.201467 0.000000 0.000000 -1
0 -3.474943 72.700012 -3.521607 0.000000 0.000000 -1
0 -3.474943 72.700012 -3.521607 0.750000 0.000000 -1
0 -3.474943 72.700012 9.201467 0.750000 1.000000 -1
0 -1.795565 72.004379 9.201467 0.000000 0.000000 -1
0 -1.795565 72.004379 -3.521607 0.000000 0.000000 -1
0 -1.795565 72.004379 9.201467 0.875000 1.000000 -1
0 -1.795565 72.004379 -3.521607 0.875000 0.000000 -1
0 -1.099943 70.325012 -3.521607 1.000000 0.000000 -1
0 -1.099943 70.325012 9.201467 1.000000 1.000000 -1
11
0.000000 0.000000 1.000000
0.000000 0.000000 -1.000000
0.707106 -0.707107 0.000000
1.000000 0.000002 0.000000
0.000000 -1.000000 0.000000
-0.707106 -0.707107 0.000000
-1.000000 0.000002 0.000000
-0.707108 0.707106 0.000000
-0.707108 0.707106 0.000000
0.000000 1.000000 0.000000
0.707108 0.707106 0.000000
32
0 0 1 2 0 0 0 2
0 3 4 5 1 1 1 2
0 6 5 7 2 3 3 1
0 6 8 5 2 2 3 1
0 0 9 1 0 0 0 2
0 10 4 3 1 1 1 2
0 11 8 6 4 2 2 1
0 12 11 6 4 4 2 1
0 0 13 9 0 0 0 2
0 14 4 10 1 1 1 2
0 15 11 12 5 4 4 1
0 15 16 11 5 5 4 1
0 0 17 13 0 0 0 2
0 18 4 14 1 1 1 2
0 19 16 15 6 5 5 1
0 20 19 15 6 6 5 1
0 0 21 17 0 0 0 2
0 22 4 18 1 1 1 2
0 23 19 20 7 6 6 1
0 23 24 19 7 8 6 1
0 0 25 21 0 0 0 2
0 26 4 22 1 1 1 2
0 27 24 23 9 8 7 1
0 28 27 23 9 9 7 1
0 0 29 25 0 0 0 2
0 30 4 26 1 1 1 2
0 31 27 28 10 9 9 1
0 31 32 27 10 10 9 1
0 0 2 29 0 0 0 2
0 5 4 30 1 1 1 2
0 33 32 31 3 10 10 1
0 34 33 31 3 3 10 1
"gunmirror" 0 2
74
0 -13.465473 46.585220 -15.228043 0.000000 0.000000 -1
0 0.025057 50.199997 -15.228043 0.000000 0.000000 -1
0 -13.941368 50.199997 -15.228043 0.000000 0.000000 -1
0 -13.465473 46.585220 26.145107 0.041667 1.000000 -1
0 -13.941368 50.199997 26.145107 0.000000 1.000000 -1
0 -13.465473 46.585220 -15.228043 0.041667 0.000000 -1
0 -12.070221 43.216789 -15.228043 0.000000 0.000000 -1
0 -12.070221 43.216789 -15.228043 0.083333 0.000000 -1
0 -12.070221 43.216789 26.145107 0.083333 1.000000 -1
0 -9.850697 40.324242 -15.228043 0.000000 0.000000 -1
0 -9.850697 40.324242 26.145107 0.125000 1.000000 -1
0 -9.850697 40.324242 -15.228043 0.125000 0.000000 -1
0 -6.958156 38.104713 -15.228043 0.000000 0.000000 -1
0 -6.958156 38.104713 -15.228043 0.166667 0.000000 -1
0 -6.958156 38.104713 26.145107 0.166667 1.000000 -1
0 -3.589720 36.709465 -15.228043 0.000000 0.000000 -1
0 -3.589720 36.709465 26.145107 0.208333 1.000000 -1
0 -3.589720 36.709465 -15.228043 0.208333 0.000000 -1
0 0.025057 36.233574 -15.228043 0.000000 0.000000 -1
0 0.025057 36.233574 -15.228043 0.250000 0.000000 -1
0 0.025057 36.233574 26.145107 0.250000 1.000000 -1
0 3.639834 36.709465 -15.228043 0.000000 0.000000 -1
0 3.639834 36.709465 26.145107 0.291667 1.000000 -1
0 3.639834 36.709465 -15.228043 0.291667 0.000000 -1
0 7.008269 38.104713 -15.228043 0.000000 0.000000 -1
0 7.008269 38.104713 -15.228043 0.333333 0.000000 -1
0 7.008269 38.104713 26.145107 0.333333 1.000000 -1
0 9.900811 40.324242 -15.228043 0.000000 0.000000 -1
0 9.900811 40.324242 26.145107 0.375000 1.000000 -1
0 9.900811 40.324242 -15.228043 0.375000 0.000000 -1
0 12.120337 43.216789 -15.228043 0.000000 0.000000 -1
0 12.120337 43.216789 -15.228043 0.416667 0.000000 -1
0 12.120337 43.216789 26.145107 0.416667 1.000000 -1
0 13.515587 46.585220 -15.228043 0.000000 0.000000 -1
0 13.515587 46.585220 26.145107 0.458333 1.000000 -1
0 13.515587 46.585220 -15.228043 0.458333 0.000000 -1
0 13.991482 50.199997 -15.228043 0.000000 0.000000 -1
0 13.991482 50.199997 -15.228043 0.500000 0.000000 -1
0 13.991482 50.199997 26.145107 0.500000 1.000000 -1
0 13.515587 53.814774 -15.228043 0.000000 0.000000 -1
0 13.515587 53.814774 26.145107 0.541667 1.000000 -1
0 13.515587 53.814774 -15.228043 0.541667 0.000000 -1
0 12.120337 57.183212 -15.228043 0.000000 0.000000 -1
0 12.120337 57.183212 -15.228043 0.583333 0.000000 -1
0 12.120337 57.183212 26.145107 0.583333 1.000000 -1
0 9.900811 60.075752 -15.228043 0.000000 0.000000 -1
0 9.900811 60.075752 26.145107 0.625000 1.000000 -1
0 9.900811 60.075752 -15.228043 0.625000 0.000000 -1
0 7.008269 62.295273 -15.228043 0.000000 0.000000 -1
0 7.008269 62.295273 -15.228043 0.666667 0.000000 -1
0 7.008269 62.295273 26.145107 0.666667 1.000000 -1
0 3.639834 63.690544 -15.228043 0.000000 0.000000 -1
0 3.639834 63.690544 26.145107 0.708333 1.000000 -1
0 3.639834 63.690544 -15.228043 0.708333 0.000000 -1
0 0.025057 64.166443 -15.228043 0.000000 0.000000 -1
0 0.025057 64.166443 -15.228043 0.750000 0.000000 -1
0 0.025057 64.166443 26.145107 0.750000 1.000000 -1
0 -3.589720 63.690544 -15.228043 0.000000 0.000000 -1
0 -3.589720 63.690544 26.145107 0.791667 1.000000 -1
0 -3.589720 63.690544 -15.228043 0.791667 0.000000 -1
0 -6.958156 62.295273 -15.228043 0.000000 0.000000 -1
0 -6.958156 62.295273 -15.228043 0.833333 0.000000 -1
0 -6.958156 62.295273 26.145107 0.833333 1.000000 -1
0 -9.850697 60.075752 -15.228043 0.000000 0.000000 -1
0 -9.850697 60.075752 26.145107 0.875000 1.000000 -1
0 -9.850697 60.075752 -15.228043 0.875000 0.000000 -1
0 -12.070221 57.183212 -15.228043 0.000000 0.000000 -1
0 -12.070221 57.183212 -15.228043 0.916667 0.000000 -1
0 -12.070221 57.183212 26.145107 0.916667 1.000000 -1
0 -13.465473 53.814774 -15.228043 0.000000 0.000000 -1
0 -13.465473 53.814774 26.145107 0.958333 1.000000 -1
0 -13.465473 53.814774 -15.228043 0.958333 0.000000 -1
0 -13.941368 50.199997 -15.228043 1.000000 0.000000 -1
0 -13.941368 50.199997 26.145107 1.000000 1.000000 -1
32
0.000000 0.000000 1.000000
0.965926 0.258819 0.000000
1.000000 0.000000 0.000000
0.866026 0.500000 0.000000
0.866026 0.500000 0.000000
0.707107 0.707106 0.000000
0.707107 0.707106 0.000000
0.500000 0.866025 0.000000
0.500000 0.866025 0.000000
0.258818 0.965926 0.000000
0.000000 1.000000 0.000000
-0.258818 0.965926 0.000000
-0.500000 0.866025 0.000000
-0.500000 0.866025 0.000000
-0.707107 0.707106 0.000000
-0.707107 0.707106 0.000000
-0.866026 0.500000 0.000000
-0.965926 0.258819 0.000000
-1.000000 0.000000 0.000000
-0.965926 -0.258819 0.000000
-0.866026 -0.500000 0.000000
-0.866026 -0.500000 0.000000
-0.707106 -0.707107 0.000000
-0.500002 -0.866024 0.000000
-0.258822 -0.965925 0.000000
0.000000 -1.000000 0.000000
0.258822 -0.965925 0.000000
0.258822 -0.965925 0.000000
0.500002 -0.866024 0.000000
0.707106 -0.707107 0.000000
0.866025 -0.500000 0.000000
0.965926 -0.258819 0.000000
72
0 0 1 2 0 0 0 2
0 3 2 4 1 2 2 1
0 3 5 2 1 1 2 1
0 6 1 0 0 0 0 2
0 7 5 3 3 1 1 1
0 8 7 3 4 3 1 1
0 9 1 6 0 0 0 2
0 10 7 8 5 3 4 1
0 10 11 7 5 6 3 1
0 12 1 9 0 0 0 2
0 13 11 10 7 6 5 1
0 14 13 10 8 7 5 1
0 15 1 12 0 0 0 2
0 16 13 14 9 7 8 1
0 16 17 13 9 9 7 1
0 18 1 15 0 0 0 2
0 19 17 16 10 9 9 1
0 20 19 16 10 10 9 1
0 21 1 18 0 0 0 2
0 22 19 20 11 10 10 1
0 22 23 19 11 11 10 1
0 24 1 21 0 0 0 2
0 25 23 22 12 11 11 1
0 26 25 22 13 12 11 1
0 27 1 24 0 0 0 2
0 28 25 26 14 12 13 1
0 28 29 25 14 15 12 1
0 30 1 27 0 0 0 2
0 31 29 28 16 15 14 1
0 32 31 28 16 16 14 1
0 33 1 30 0 0 0 2
0 34 31 32 17 16 16 1
0 34 35 31 17 17 16 1
0 36 1 33 0 0 0 2
0 37 35 34 18 17 17 1
0 38 37 34 18 18 17 1
0 39 1 36 0 0 0 2
0 40 37 38 19 18 18 1
0 40 41 37 19 19 18 1
0 42 1 39 0 0 0 2
0 43 41 40 20 19 19 1
0 44 43 40 21 20 19 1
0 45 1 42 0 0 0 2
0 46 43 44 22 20 21 1
0 46 47 43 22 22 20 1
0 48 1 45 0 0 0 2
0 49 47 46 23 22 22 1
0 50 49 46 23 23 22 1
0 51 1 48 0 0 0 2
0 52 49 50 24 23 23 1
0 52 53 49 24 24 23 1
0 54 1 51 0 0 0 2
0 55 53 52 25 24 24 1
0 56 55 52 25 25 24 1
0 57 1 54 0 0 0 2
0 58 55 56 26 25 25 1
0 58 59 55 26 27 25 1
0 60 1 57 0 0 0 2
0 61 59 58 28 27 26 1
0 62 61 58 28 28 26 1
0 63 1 60 0 0 0 2
0 64 61 62 29 28 28 1
0 64 65 61 29 29 28 1
0 66 1 63 0 0 0 2
0 67 65 64 30 29 29 1
0 68 67 64 30 30 29 1
0 69 1 66 0 0 0 2
0 70 67 68 31 30 30 1
0 70 71 67 31 31 30 1
0 2 1 69 0 0 0 2
0 72 71 70 2 31 31 1
0 73 72 70 2 2 31 1
"gunbase" 0 4
20
0 2.941724 35.866661 -2.868404 0.000000 0.000000 -1
0 2.941724 33.866661 -2.868404 0.000000 1.000000 -1
0 -3.224943 35.866661 -2.868404 1.000000 0.000000 -1
0 -3.224943 33.866661 -2.868404 1.000000 1.000000 -1
0 -3.224943 35.866661 -2.868404 0.000000 0.000000 -1
0 -3.224943 33.866661 -2.868404 0.000000 1.000000 -1
0 -3.224943 35.866661 3.298262 1.000000 0.000000 -1
0 -3.224943 33.866661 3.298262 1.000000 1.000000 -1
0 -3.224943 35.866661 3.298262 0.000000 0.000000 -1
0 -3.224943 33.866661 3.298262 0.000000 1.000000 -1
0 2.941724 35.866661 3.298262 1.000000 0.000000 -1
0 2.941724 33.866661 3.298262 1.000000 1.000000 -1
0 2.941724 35.866661 3.298262 0.000000 0.000000 -1
0 2.941724 33.866661 3.298262 0.000000 1.000000 -1
0 2.941724 35.866661 -2.868404 1.000000 0.000000 -1
0 2.941724 33.866661 -2.868404 1.000000 1.000000 -1
0 2.941724 35.866661 -2.868404 0.000000 1.000000 -1
0 -3.224943 35.866661 -2.868404 1.000000 1.000000 -1
0 2.941724 33.866661 -2.868404 0.000000 0.000000 -1
0 -3.224943 33.866661 -2.868404 1.000000 0.000000 -1
6
0.000000 0.000000 -1.000000
-1.000000 0.000000 0.000000
0.000000 0.000000 1.000000
1.000000 0.000000 0.000000
0.000000 1.000000 0.000000
0.000000 -1.000000 0.000000
12
0 0 1 2 0 0 0 1
0 1 3 2 0 0 0 1
0 4 5 6 1 1 1 2
0 5 7 6 1 1 1 2
0 8 9 10 2 2 2 1
0 9 11 10 2 2 2 1
0 12 13 14 3 3 3 2
0 13 15 14 3 3 3 2
0 12 16 6 4 4 4 3
0 16 17 6 4 4 4 3
0 18 13 19 5 5 5 3
0 13 7 19 5 5 5 3
"guncenter" 0 1
35
0 -3.061497 50.199997 31.131592 0.000000 0.000000 -1
0 -2.133058 47.958542 31.131592 0.000000 0.000000 -1
0 0.108391 50.199997 31.131592 0.000000 0.000000 -1
0 -3.061497 50.199997 26.048260 0.000000 0.000000 -1
0 0.108391 50.199997 26.048260 0.000000 0.000000 -1
0 -2.133058 47.958542 26.048260 0.000000 0.000000 -1
0 -3.061497 50.199997 31.131592 0.000000 1.000000 -1
0 -2.133058 47.958542 31.131592 0.125000 1.000000 -1
0 -2.133058 47.958542 26.048260 0.125000 0.000000 -1
0 0.108391 47.030106 31.131592 0.000000 0.000000 -1
0 0.108391 47.030106 26.048260 0.000000 0.000000 -1
0 0.108391 47.030106 26.048260 0.250000 0.000000 -1
0 0.108391 47.030106 31.131592 0.250000 1.000000 -1
0 2.349839 47.958542 31.131592 0.000000 0.000000 -1
0 2.349839 47.958542 26.048260 0.000000 0.000000 -1
0 2.349839 47.958542 31.131592 0.375000 1.000000 -1
0 2.349839 47.958542 26.048260 0.375000 0.000000 -1
0 3.278278 50.199997 31.131592 0.000000 0.000000 -1
0 3.278278 50.199997 26.048260 0.000000 0.000000 -1
0 3.278278 50.199997 26.048260 0.500000 0.000000 -1
0 3.278278 50.199997 31.131592 0.500000 1.000000 -1
0 2.349839 52.441452 31.131592 0.000000 0.000000 -1
0 2.349839 52.441452 26.048260 0.000000 0.000000 -1
0 2.349839 52.441452 31.131592 0.625000 1.000000 -1
0 2.349839 52.441452 26.048260 0.625000 0.000000 -1
0 0.108391 53.369888 31.131592 0.000000 0.000000 -1
0 0.108391 53.369888 26.048260 0.000000 0.000000 -1
0 0.108391 53.369888 26.048260 0.750000 0.000000 -1
0 0.108391 53.369888 31.131592 0.750000 1.000000 -1
0 -2.133058 52.441452 31.131592 0.000000 0.000000 -1
0 -2.133058 52.441452 26.048260 0.000000 0.000000 -1
0 -2.133058 52.441452 31.131592 0.875000 1.000000 -1
0 -2.133058 52.441452 26.048260 0.875000 0.000000 -1
0 -3.061497 50.199997 26.048260 1.000000 0.000000 -1
0 -3.061497 50.199997 31.131592 1.000000 1.000000 -1
10
0.000000 0.000000 1.000000
0.000000 0.000000 -1.000000
-1.000000 0.000000 0.000000
-0.707107 -0.707107 0.000000
0.000000 -1.000000 0.000000
0.707107 -0.707107 0.000000
1.000000 0.000000 0.000000
0.707107 0.707107 0.000000
0.000000 1.000000 0.000000
-0.707107 0.707107 0.000000
32
0 0 1 2 0 0 0 2
0 3 4 5 1 1 1 2
0 6 3 7 2 2 3 1
0 3 8 7 2 3 3 1
0 1 9 2 0 0 0 2
0 5 4 10 1 1 1 2
0 7 8 11 3 3 4 1
0 7 11 12 3 4 4 1
0 9 13 2 0 0 0 2
0 10 4 14 1 1 1 2
0 12 11 15 4 4 5 1
0 11 16 15 4 5 5 1
0 13 17 2 0 0 0 2
0 14 4 18 1 1 1 2
0 15 16 19 5 5 6 1
0 15 19 20 5 6 6 1
0 17 21 2 0 0 0 2
0 18 4 22 1 1 1 2
0 20 19 23 6 6 7 1
0 19 24 23 6 7 7 1
0 21 25 2 0 0 0 2
0 22 4 26 1 1 1 2
0 23 24 27 7 7 8 1
0 23 27 28 7 8 8 1
0 25 29 2 0 0 0 2
0 26 4 30 1 1 1 2
0 28 27 31 8 8 9 1
0 27 32 31 8 9 9 1
0 29 0 2 0 0 0 2
0 30 4 3 1 1 1 2
0 31 32 33 9 9 2 1
0 31 33 34 9 2 2 1
"gunswivil" 0 4
20
0 32.108391 57.366669 -7.618406 0.000000 0.000000 -1
0 32.108391 41.699997 -7.618406 0.000000 1.000000 -1
0 23.941725 57.366669 -7.618406 1.000000 0.000000 -1
0 23.941725 41.699997 -7.618406 1.000000 1.000000 -1
0 23.941725 57.366669 -7.618406 0.000000 0.000000 -1
0 23.941725 41.699997 -7.618406 0.000000 1.000000 -1
0 23.941725 57.366669 8.048263 1.000000 0.000000 -1
0 23.941725 41.699997 8.048263 1.000000 1.000000 -1
0 23.941725 57.366669 8.048263 0.000000 0.000000 -1
0 23.941725 41.699997 8.048263 0.000000 1.000000 -1
0 32.108391 57.366669 8.048263 1.000000 0.000000 -1
0 32.108391 41.699997 8.048263 1.000000 1.000000 -1
0 32.108391 57.366669 8.048263 0.000000 0.000000 -1
0 32.108391 41.699997 8.048263 0.000000 1.000000 -1
0 32.108391 57.366669 -7.618406 1.000000 0.000000 -1
0 32.108391 41.699997 -7.618406 1.000000 1.000000 -1
0 32.108391 57.366669 -7.618406 0.000000 1.000000 -1
0 23.941725 57.366669 -7.618406 1.000000 1.000000 -1
0 32.108391 41.699997 -7.618406 0.000000 0.000000 -1
0 23.941725 41.699997 -7.618406 1.000000 0.000000 -1
6
0.000000 0.000000 -1.000000
-1.000000 0.000000 0.000000
0.000000 0.000000 1.000000
1.000000 0.000000 0.000000
0.000000 1.000000 0.000000
0.000000 -1.000000 0.000000
12
0 0 1 2 0 0 0 1
0 1 3 2 0 0 0 1
0 4 5 6 1 1 1 2
0 5 7 6 1 1 1 2
0 8 9 10 2 2 2 1
0 9 11 10 2 2 2 1
0 12 13 14 3 3 3 2
0 13 15 14 3 3 3 2
0 12 16 6 4 4 4 3
0 16 17 6 4 4 4 3
0 18 13 19 5 5 5 3
0 13 7 19 5 5 5 3
"gunswivil" 0 4
20
0 -24.391611 57.366669 -7.618406 1.000000 0.000000 -1
0 -32.558281 41.699997 -7.618406 0.000000 1.000000 -1
0 -32.558281 57.366669 -7.618406 0.000000 0.000000 -1
0 -24.391611 41.699997 -7.618406 1.000000 1.000000 -1
0 -24.391611 57.366669 8.048263 1.000000 0.000000 -1
0 -24.391611 41.699997 -7.618406 0.000000 1.000000 -1
0 -24.391611 57.366669 -7.618406 0.000000 0.000000 -1
0 -24.391611 41.699997 8.048263 1.000000 1.000000 -1
0 -32.558281 57.366669 8.048263 1.000000 0.000000 -1
0 -24.391611 41.699997 8.048263 0.000000 1.000000 -1
0 -24.391611 57.366669 8.048263 0.000000 0.000000 -1
0 -32.558281 41.699997 8.048263 1.000000 1.000000 -1
0 -32.558281 57.366669 -7.618406 1.000000 0.000000 -1
0 -32.558281 41.699997 8.048263 0.000000 1.000000 -1
0 -32.558281 57.366669 8.048263 0.000000 0.000000 -1
0 -32.558281 41.699997 -7.618406 1.000000 1.000000 -1
0 -32.558281 57.366669 -7.618406 0.000000 1.000000 -1
0 -24.391611 57.366669 -7.618406 1.000000 1.000000 -1
0 -24.391611 41.699997 -7.618406 1.000000 0.000000 -1
0 -32.558281 41.699997 -7.618406 0.000000 0.000000 -1
6
0.000000 0.000000 -1.000000
1.000000 0.000000 0.000000
0.000000 0.000000 1.000000
-1.000000 0.000000 0.000000
0.000000 1.000000 0.000000
0.000000 -1.000000 0.000000
12
0 0 1 2 0 0 0 1
0 0 3 1 0 0 0 1
0 4 5 6 1 1 1 2
0 4 7 5 1 1 1 2
0 8 9 10 2 2 2 1
0 8 11 9 2 2 2 1
0 12 13 14 3 3 3 2
0 12 15 13 3 3 3 2
0 4 16 14 4 4 4 3
0 4 17 16 4 4 4 3
0 18 13 19 5 5 5 3
0 18 7 13 5 5 5 3
"turretarm" 0 4
35
0 31.775057 56.610062 -2.500866 0.000000 0.000000 -1
0 31.775057 52.415794 -6.695137 0.000000 0.000000 -1
0 31.775057 49.449997 0.464930 0.000000 0.000000 -1
0 38.775055 56.610062 -2.500866 0.000000 0.000000 -1
0 38.775055 49.449997 0.464930 0.000000 0.000000 -1
0 38.775055 52.415794 -6.695137 0.000000 0.000000 -1
0 31.775057 56.610062 -2.500866 0.000000 1.000000 -1
0 31.775057 52.415794 -6.695137 0.125000 1.000000 -1
0 38.775055 52.415794 -6.695137 0.125000 0.000000 -1
0 31.775057 46.484200 -6.695137 0.000000 0.000000 -1
0 38.775055 46.484200 -6.695137 0.000000 0.000000 -1
0 38.775055 46.484200 -6.695137 0.250000 0.000000 -1
0 31.775057 46.484200 -6.695137 0.250000 1.000000 -1
0 31.775057 10.289935 -21.221447 0.000000 0.000000 -1
0 38.775055 18.289938 -21.221447 0.000000 0.000000 -1
0 31.775057 10.289935 -21.221447 0.375000 1.000000 -1
0 38.775055 18.289938 -21.221447 0.375000 0.000000 -1
0 31.775057 10.289935 22.151314 0.000000 0.000000 -1
0 38.775055 18.289938 22.151314 0.000000 0.000000 -1
0 38.775055 18.289938 22.151314 0.500000 0.000000 -1
0 31.775057 10.289935 22.151314 0.500000 1.000000 -1
0 31.775057 46.484207 7.624995 0.000000 0.000000 -1
0 38.775055 46.484207 7.624995 0.000000 0.000000 -1
0 31.775057 46.484207 7.624995 0.625000 1.000000 -1
0 38.775055 46.484207 7.624995 0.625000 0.000000 -1
0 31.775057 52.415794 7.624996 0.000000 0.000000 -1
0 38.775055 52.415794 7.624996 0.000000 0.000000 -1
0 38.775055 52.415794 7.624996 0.750000 0.000000 -1
0 31.775057 52.415794 7.624996 0.750000 1.000000 -1
0 31.775057 56.610062 3.430727 0.000000 0.000000 -1
0 38.775055 56.610062 3.430727 0.000000 0.000000 -1
0 31.775057 56.610062 3.430727 0.875000 1.000000 -1
0 38.775055 56.610062 3.430727 0.875000 0.000000 -1
0 38.775055 56.610062 -2.500866 1.000000 0.000000 -1
0 31.775057 56.610062 -2.500866 1.000000 1.000000 -1
15
-1.000000 0.000000 0.000000
1.000000 0.000000 0.000000
0.000000 0.923880 -0.382683
0.000000 0.382684 -0.923879
-0.121258 0.203490 -0.971539
0.000000 0.189676 -0.981847
0.501153 -0.259269 -0.825606
0.329671 -0.288462 -0.898947
0.522359 -0.242204 0.817605
0.368519 -0.322454 0.871904
-0.101797 0.208111 0.972793
0.000000 0.235639 0.971841
0.000000 0.382683 0.923880
0.000000 0.382683 0.923880
0.000000 0.923880 0.382683
32
0 0 1 2 0 0 0 2
0 3 4 5 1 1 1 2
0 6 3 7 2 2 3 1
0 3 8 7 2 3 3 1
0 1 9 2 0 0 0 2
0 5 4 10 1 1 1 2
0 7 8 11 3 3 4 1
0 7 11 12 3 4 5 1
0 9 13 2 0 0 0 2
0 10 4 14 1 1 1 2
0 12 11 15 5 4 6 1
0 11 16 15 4 7 6 1
0 13 17 2 0 0 0 2
0 14 4 18 1 1 1 2
0 15 16 19 6 7 8 1
0 15 19 20 6 8 9 1
0 17 21 2 0 0 0 2
0 18 4 22 1 1 1 2
0 20 19 23 9 8 10 1
0 19 24 23 8 11 10 1
0 21 25 2 0 0 0 2
0 22 4 26 1 1 1 2
0 23 24 27 10 11 12 1
0 23 27 28 10 12 13 1
0 25 29 2 0 0 0 2
0 26 4 30 1 1 1 2
0 28 27 31 13 12 14 1
0 27 32 31 12 14 14 1
0 29 0 2 0 0 0 2
0 30 4 3 1 1 1 2
0 31 32 33 14 14 2 1
0 31 33 34 14 2 2 1
"turretarm" 0 4
35
0 -32.224945 49.449997 0.464930 0.000000 0.000000 -1
0 -32.224945 52.415794 -6.695137 0.000000 0.000000 -1
0 -32.224945 56.610062 -2.500866 0.000000 0.000000 -1
0 -39.224945 52.415794 -6.695137 0.000000 0.000000 -1
0 -39.224945 49.449997 0.464930 0.000000 0.000000 -1
0 -39.224945 56.610062 -2.500866 0.000000 0.000000 -1
0 -32.224945 52.415794 -6.695137 0.125000 1.000000 -1
0 -32.224945 56.610062 -2.500866 0.000000 1.000000 -1
0 -39.224945 52.415794 -6.695137 0.125000 0.000000 -1
0 -32.224945 46.484200 -6.695137 0.000000 0.000000 -1
0 -39.224945 46.484200 -6.695137 0.000000 0.000000 -1
0 -39.224945 46.484200 -6.695137 0.250000 0.000000 -1
0 -32.224945 46.484200 -6.695137 0.250000 1.000000 -1
0 -32.224945 10.289935 -21.221447 0.000000 0.000000 -1
0 -39.224945 18.289938 -21.221447 0.000000 0.000000 -1
0 -32.224945 10.289935 -21.221447 0.375000 1.000000 -1
0 -39.224945 18.289938 -21.221447 0.375000 0.000000 -1
0 -32.224945 10.289935 22.151314 0.000000 0.000000 -1
0 -39.224945 18.289938 22.151314 0.000000 0.000000 -1
0 -39.224945 18.289938 22.151314 0.500000 0.000000 -1
0 -32.224945 10.289935 22.151314 0.500000 1.000000 -1
0 -32.224945 46.484207 7.624995 0.000000 0.000000 -1
0 -39.224945 46.484207 7.624995 0.000000 0.000000 -1
0 -32.224945 46.484207 7.624995 0.625000 1.000000 -1
0 -39.224945 46.484207 7.624995 0.625000 0.000000 -1
0 -32.224945 52.415794 7.624996 0.000000 0.000000 -1
0 -39.224945 52.415794 7.624996 0.000000 0.000000 -1
0 -39.224945 52.415794 7.624996 0.750000 0.000000 -1
0 -32.224945 52.415794 7.624996 0.750000 1.000000 -1
0 -32.224945 56.610062 3.430727 0.000000 0.000000 -1
0 -39.224945 56.610062 3.430727 0.000000 0.000000 -1
0 -32.224945 56.610062 3.430727 0.875000 1.000000 -1
0 -39.224945 56.610062 3.430727 0.875000 0.000000 -1
0 -39.224945 56.610062 -2.500866 1.000000 0.000000 -1
0 -32.224945 56.610062 -2.500866 1.000000 1.000000 -1
15
1.000000 0.000000 0.000000
-1.000000 0.000000 0.000000
0.000000 0.382684 -0.923879
0.000000 0.923880 -0.382683
0.121258 0.203490 -0.971539
0.000000 0.189676 -0.981847
-0.501153 -0.259269 -0.825606
-0.329671 -0.288462 -0.898947
-0.522359 -0.242204 0.817605
-0.368519 -0.322454 0.871904
0.101797 0.208111 0.972793
0.000000 0.235639 0.971841
0.000000 0.382683 0.923880
0.000000 0.382683 0.923880
0.000000 0.923880 0.382683
32
0 0 1 2 0 0 0 2
0 3 4 5 1 1 1 2
0 6 5 7 2 3 3 1
0 6 8 5 2 2 3 1
0 0 9 1 0 0 0 2
0 10 4 3 1 1 1 2
0 11 8 6 4 2 2 1
0 12 11 6 5 4 2 1
0 0 13 9 0 0 0 2
0 14 4 10 1 1 1 2
0 15 11 12 6 4 5 1
0 15 16 11 6 7 4 1
0 0 17 13 0 0 0 2
0 18 4 14 1 1 1 2
0 19 16 15 8 7 6 1
0 20 19 15 9 8 6 1
0 0 21 17 0 0 0 2
0 22 4 18 1 1 1 2
0 23 19 20 10 8 9 1
0 23 24 19 10 11 8 1
0 0 25 21 0 0 0 2
0 26 4 22 1 1 1 2
0 27 24 23 12 11 10 1
0 28 27 23 13 12 10 1
0 0 29 25 0 0 0 2
0 30 4 26 1 1 1 2
0 31 27 28 14 12 13 1
0 31 32 27 14 14 12 1
0 0 2 29 0 0 0 2
0 5 4 30 1 1 1 2
0 33 32 31 3 14 14 1
0 34 33 31 3 3 14 1
"base" 0 4
74
0 -53.849945 10.283332 0.089929 0.000000 0.000000 -1
0 -0.224943 10.283332 0.089929 0.000000 0.000000 -1
0 -52.022717 10.283332 -13.789242 0.000000 0.000000 -1
0 -53.849945 -0.216669 0.089929 0.000000 1.000000 -1
0 -52.022717 -0.216669 -13.789242 0.041667 1.000000 -1
0 -52.022717 10.283332 -13.789242 0.041667 0.000000 -1
0 -46.665558 10.283332 -26.722572 0.000000 0.000000 -1
0 -46.665558 10.283332 -26.722572 0.083333 0.000000 -1
0 -46.665558 -0.216669 -26.722572 0.083333 1.000000 -1
0 -38.143547 10.283332 -37.828678 0.000000 0.000000 -1
0 -38.143547 -0.216669 -37.828678 0.125000 1.000000 -1
0 -38.143547 10.283332 -37.828678 0.125000 0.000000 -1
0 -27.037443 10.283332 -46.350689 0.000000 0.000000 -1
0 -27.037443 10.283332 -46.350689 0.166667 0.000000 -1
0 -27.037443 -0.216669 -46.350689 0.166667 1.000000 -1
0 -14.104115 10.283332 -51.707851 0.000000 0.000000 -1
0 -14.104115 -0.216669 -51.707851 0.208333 1.000000 -1
0 -14.104115 10.283332 -51.707851 0.208333 0.000000 -1
0 -0.224943 10.283332 -53.535076 0.000000 0.000000 -1
0 -0.224943 10.283332 -53.535076 0.250000 0.000000 -1
0 -0.224943 -0.216669 -53.535076 0.250000 1.000000 -1
0 13.654228 10.283332 -51.707851 0.000000 0.000000 -1
0 13.654228 -0.216669 -51.707851 0.291667 1.000000 -1
0 13.654228 10.283332 -51.707851 0.291667 0.000000 -1
0 26.587557 10.283332 -46.350689 0.000000 0.000000 -1
0 26.587557 10.283332 -46.350689 0.333333 0.000000 -1
0 26.587557 -0.216669 -46.350689 0.333333 1.000000 -1
0 37.693657 10.283332 -37.828678 0.000000 0.000000 -1
0 37.693657 -0.216669 -37.828678 0.375000 1.000000 -1
0 37.693657 10.283332 -37.828678 0.375000 0.000000 -1
0 46.215668 10.283332 -26.722572 0.000000 0.000000 -1
0 46.215668 10.283332 -26.722572 0.416667 0.000000 -1
0 46.215668 -0.216669 -26.722572 0.416667 1.000000 -1
0 51.572826 10.283332 -13.789242 0.000000 0.000000 -1
0 51.572826 -0.216669 -13.789242 0.458333 1.000000 -1
0 51.572826 10.283332 -13.789242 0.458333 0.000000 -1
0 53.400055 10.283332 0.089929 0.000000 0.000000 -1
0 53.400055 10.283332 0.089929 0.500000 0.000000 -1
0 53.400055 -0.216669 0.089929 0.500000 1.000000 -1
0 51.572826 10.283332 13.969099 0.000000 0.000000 -1
0 51.572826 -0.216669 13.969099 0.541667 1.000000 -1
0 51.572826 10.283332 13.969099 0.541667 0.000000 -1
0 46.215668 10.283332 26.902428 0.000000 0.000000 -1
0 46.215668 10.283332 26.902428 0.583333 0.000000 -1
0 46.215668 -0.216669 26.902428 0.583333 1.000000 -1
0 37.693657 10.283332 38.008526 0.000000 0.000000 -1
0 37.693657 -0.216669 38.008526 0.625000 1.000000 -1
0 37.693657 10.283332 38.008526 0.625000 0.000000 -1
0 26.587557 10.283332 46.530537 0.000000 0.000000 -1
0 26.587557 10.283332 46.530537 0.666667 0.000000 -1
0 26.587557 -0.216669 46.530537 0.666667 1.000000 -1
0 13.654228 10.283332 51.887691 0.000000 0.000000 -1
0 13.654228 -0.216669 51.887691 0.708333 1.000000 -1
0 13.654228 10.283332 51.887691 0.708333 0.000000 -1
0 -0.224943 10.283332 53.714924 0.000000 0.000000 -1
0 -0.224943 10.283332 53.714924 0.750000 0.000000 -1
0 -0.224943 -0.216669 53.714924 0.750000 1.000000 -1
0 -14.104115 10.283332 51.887691 0.000000 0.000000 -1
0 -14.104115 -0.216669 51.887691 0.791667 1.000000 -1
0 -14.104115 10.283332 51.887691 0.791667 0.000000 -1
0 -27.037443 10.283332 46.530537 0.000000 0.000000 -1
0 -27.037443 10.283332 46.530537 0.833333 0.000000 -1
0 -27.037443 -0.216669 46.530537 0.833333 1.000000 -1
0 -38.143547 10.283332 38.008526 0.000000 0.000000 -1
0 -38.143547 -0.216669 38.008526 0.875000 1.000000 -1
0 -38.143547 10.283332 38.008526 0.875000 0.000000 -1
0 -46.665558 10.283332 26.902428 0.000000 0.000000 -1
0 -46.665558 10.283332 26.902428 0.916667 0.000000 -1
0 -46.665558 -0.216669 26.902428 0.916667 1.000000 -1
0 -52.022717 10.283332 13.969099 0.000000 0.000000 -1
0 -52.022717 -0.216669 13.969099 0.958333 1.000000 -1
0 -52.022717 10.283332 13.969099 0.958333 0.000000 -1
0 -53.849945 10.283332 0.089929 1.000000 0.000000 -1
0 -53.849945 -0.216669 0.089929 1.000000 1.000000 -1
33
0.000000 1.000000 0.000000
-1.000000 0.000000 0.000000
-0.965926 0.000000 -0.258819
-0.866026 0.000000 -0.500000
-0.707107 0.000000 -0.707107
-0.500000 0.000000 -0.866025
-0.258819 0.000000 -0.965926
-0.258819 0.000000 -0.965926
0.000000 0.000000 -1.000000
0.258819 0.000000 -0.965926
0.500000 0.000000 -0.866025
0.707107 0.000000 -0.707107
0.707107 0.000000 -0.707107
0.866026 0.000000 -0.500000
0.866026 0.000000 -0.500000
0.965926 0.000000 -0.258819
0.965926 0.000000 -0.258819
1.000000 0.000000 0.000000
0.965926 0.000000 0.258819
0.866025 0.000000 0.500000
0.707107 0.000000 0.707107
0.707107 0.000000 0.707107
0.500000 0.000000 0.866026
0.258819 0.000000 0.965926
0.000000 0.000000 1.000000
-0.258819 0.000000 0.965926
-0.258819 0.000000 0.965926
-0.500000 0.000000 0.866026
-0.707107 0.000000 0.707107
-0.707107 0.000000 0.707107
-0.866025 0.000000 0.500000
-0.965926 0.000000 0.258819
-0.965926 0.000000 0.258819
72
0 0 1 2 0 0 0 2
0 3 0 4 1 1 2 1
0 0 5 4 1 2 2 1
0 2 1 6 0 0 0 2
0 4 5 7 2 2 3 1
0 4 7 8 2 3 3 1
0 6 1 9 0 0 0 2
0 8 7 10 3 3 4 1
0 7 11 10 3 4 4 1
0 9 1 12 0 0 0 2
0 10 11 13 4 4 5 1
0 10 13 14 4 5 5 1
0 12 1 15 0 0 0 2
0 14 13 16 5 5 6 1
0 13 17 16 5 7 6 1
0 15 1 18 0 0 0 2
0 16 17 19 6 7 8 1
0 16 19 20 6 8 8 1
0 18 1 21 0 0 0 2
0 20 19 22 8 8 9 1
0 19 23 22 8 9 9 1
0 21 1 24 0 0 0 2
0 22 23 25 9 9 10 1
0 22 25 26 9 10 10 1
0 24 1 27 0 0 0 2
0 26 25 28 10 10 11 1
0 25 29 28 10 12 11 1
0 27 1 30 0 0 0 2
0 28 29 31 11 12 13 1
0 28 31 32 11 13 14 1
0 30 1 33 0 0 0 2
0 32 31 34 14 13 15 1
0 31 35 34 13 16 15 1
0 33 1 36 0 0 0 2
0 34 35 37 15 16 17 1
0 34 37 38 15 17 17 1
0 36 1 39 0 0 0 2
0 38 37 40 17 17 18 1
0 37 41 40 17 18 18 1
0 39 1 42 0 0 0 2
0 40 41 43 18 18 19 1
0 40 43 44 18 19 19 1
0 42 1 45 0 0 0 2
0 44 43 46 19 19 20 1
0 43 47 46 19 21 20 1
0 45 1 48 0 0 0 2
0 46 47 49 20 21 22 1
0 46 49 50 20 22 22 1
0 48 1 51 0 0 0 2
0 50 49 52 22 22 23 1
0 49 53 52 22 23 23 1
0 51 1 54 0 0 0 2
0 52 53 55 23 23 24 1
0 52 55 56 23 24 24 1
0 54 1 57 0 0 0 2
0 56 55 58 24 24 25 1
0 55 59 58 24 26 25 1
0 57 1 60 0 0 0 2
0 58 59 61 25 26 27 1
0 58 61 62 25 27 27 1
0 60 1 63 0 0 0 2
0 62 61 64 27 27 28 1
0 61 65 64 27 29 28 1
0 63 1 66 0 0 0 2
0 64 65 67 28 29 30 1
0 64 67 68 28 30 30 1
0 66 1 69 0 0 0 2
0 68 67 70 30 30 31 1
0 67 71 70 30 32 31 1
0 69 1 0 0 0 0 2
0 70 71 72 31 32 1 1
0 70 72 73 31 1 1 1
"guntop" 0 4
20
0 2.941724 66.033340 -2.868404 0.000000 0.000000 -1
0 2.941724 64.033340 -2.868404 0.000000 1.000000 -1
0 -3.224943 66.033340 -2.868404 1.000000 0.000000 -1
0 -3.224943 64.033340 -2.868404 1.000000 1.000000 -1
0 -3.224943 66.033340 -2.868404 0.000000 0.000000 -1
0 -3.224943 64.033340 -2.868404 0.000000 1.000000 -1
0 -3.224943 66.033340 3.298262 1.000000 0.000000 -1
0 -3.224943 64.033340 3.298262 1.000000 1.000000 -1
0 -3.224943 66.033340 3.298262 0.000000 0.000000 -1
0 -3.224943 64.033340 3.298262 0.000000 1.000000 -1
0 2.941724 66.033340 3.298262 1.000000 0.000000 -1
0 2.941724 64.033340 3.298262 1.000000 1.000000 -1
0 2.941724 66.033340 3.298262 0.000000 0.000000 -1
0 2.941724 64.033340 3.298262 0.000000 1.000000 -1
0 2.941724 66.033340 -2.868404 1.000000 0.000000 -1
0 2.941724 64.033340 -2.868404 1.000000 1.000000 -1
0 2.941724 66.033340 -2.868404 0.000000 1.000000 -1
0 -3.224943 66.033340 -2.868404 1.000000 1.000000 -1
0 2.941724 64.033340 -2.868404 0.000000 0.000000 -1
0 -3.224943 64.033340 -2.868404 1.000000 0.000000 -1
6
0.000000 0.000000 -1.000000
-1.000000 0.000000 0.000000
0.000000 0.000000 1.000000
1.000000 0.000000 0.000000
0.000000 1.000000 0.000000
0.000000 -1.000000 0.000000
12
0 0 1 2 0 0 0 1
0 1 3 2 0 0 0 1
0 4 5 6 1 1 1 2
0 5 7 6 1 1 1 2
0 8 9 10 2 2 2 1
0 9 11 10 2 2 2 1
0 12 13 14 3 3 3 2
0 13 15 14 3 3 3 2
0 12 16 6 4 4 4 3
0 16 17 6 4 4 4 3
0 18 13 19 5 5 5 3
0 13 7 19 5 5 5 3
"turretpivot" 0 -1
20
0 0.650057 10.991666 -0.910071 0.000000 0.000000 -1
0 0.650057 9.491668 -0.910071 0.000000 1.000000 -1
0 -1.099943 10.991666 -0.910071 1.000000 0.000000 -1
0 -1.099943 9.491668 -0.910071 1.000000 1.000000 -1
0 -1.099943 10.991666 -0.910071 0.000000 0.000000 -1
0 -1.099943 9.491668 -0.910071 0.000000 1.000000 -1
0 -1.099943 10.991666 0.839929 1.000000 0.000000 -1
0 -1.099943 9.491668 0.839929 1.000000 1.000000 -1
0 -1.099943 10.991666 0.839929 0.000000 0.000000 -1
0 -1.099943 9.491668 0.839929 0.000000 1.000000 -1
0 0.650057 10.991666 0.839929 1.000000 0.000000 -1
0 0.650057 9.491668 0.839929 1.000000 1.000000 -1
0 0.650057 10.991666 0.839929 0.000000 0.000000 -1
0 0.650057 9.491668 0.839929 0.000000 1.000000 -1
0 0.650057 10.991666 -0.910071 1.000000 0.000000 -1
0 0.650057 9.491668 -0.910071 1.000000 1.000000 -1
0 0.650057 10.991666 -0.910071 0.000000 1.000000 -1
0 -1.099943 10.991666 -0.910071 1.000000 1.000000 -1
0 0.650057 9.491668 -0.910071 0.000000 0.000000 -1
0 -1.099943 9.491668 -0.910071 1.000000 0.000000 -1
6
0.000000 0.000000 -1.000000
-1.000000 0.000000 0.000000
0.000000 0.000000 1.000000
1.000000 0.000000 0.000000
0.000000 1.000000 0.000000
0.000000 -1.000000 0.000000
12
0 0 1 2 0 0 0 1
0 1 3 2 0 0 0 1
0 4 5 6 1 1 1 2
0 5 7 6 1 1 1 2
0 8 9 10 2 2 2 1
0 9 11 10 2 2 2 1
0 12 13 14 3 3 3 2
0 13 15 14 3 3 3 2
0 12 16 6 4 4 4 3
0 16 17 6 4 4 4 3
0 18 13 19 5 5 5 3
0 13 7 19 5 5 5 3
"gunpivot" 0 -1
20
0 0.122784 49.483971 0.399544 0.000000 0.000000 -1
0 0.122784 49.383972 0.399544 0.000000 1.000000 -1
0 -0.027215 49.483971 0.399544 1.000000 0.000000 -1
0 -0.027215 49.383972 0.399544 1.000000 1.000000 -1
0 -0.027215 49.483971 0.399544 0.000000 0.000000 -1
0 -0.027215 49.383972 0.399544 0.000000 1.000000 -1
0 -0.027215 49.483971 0.549544 1.000000 0.000000 -1
0 -0.027215 49.383972 0.549544 1.000000 1.000000 -1
0 -0.027215 49.483971 0.549544 0.000000 0.000000 -1
0 -0.027215 49.383972 0.549544 0.000000 1.000000 -1
0 0.122784 49.483971 0.549544 1.000000 0.000000 -1
0 0.122784 49.383972 0.549544 1.000000 1.000000 -1
0 0.122784 49.483971 0.549544 0.000000 0.000000 -1
0 0.122784 49.383972 0.549544 0.000000 1.000000 -1
0 0.122784 49.483971 0.399544 1.000000 0.000000 -1
0 0.122784 49.383972 0.399544 1.000000 1.000000 -1
0 0.122784 49.483971 0.399544 0.000000 1.000000 -1
0 -0.027215 49.483971 0.399544 1.000000 1.000000 -1
0 0.122784 49.383972 0.399544 0.000000 0.000000 -1
0 -0.027215 49.383972 0.399544 1.000000 0.000000 -1
6
0.000000 0.000000 -1.000000
-1.000000 0.000000 0.000000
0.000000 0.000000 1.000000
1.000000 0.000000 0.000000
0.000000 1.000000 0.000000
0.000000 -1.000000 0.000000
12
0 0 1 2 0 0 0 1
0 1 3 2 0 0 0 1
0 4 5 6 1 1 1 2
0 5 7 6 1 1 1 2
0 8 9 10 2 2 2 1
0 9 11 10 2 2 2 1
0 12 13 14 3 3 3 2
0 13 15 14 3 3 3 2
0 12 16 6 4 4 4 3
0 16 17 6 4 4 4 3
0 18 13 19 5 5 5 3
0 13 7 19 5 5 5 3
"turretbase" 0 4
35
0 -13.383289 10.224997 38.106110 0.000000 0.000000 -1
0 -32.310120 10.224997 23.429792 0.000000 0.000000 -1
0 -0.000001 10.224997 0.391666 0.000000 0.000000 -1
0 -13.383289 18.224997 38.106110 0.000000 0.000000 -1
0 -0.000001 18.224997 0.391666 0.000000 0.000000 -1
0 -32.310120 18.224997 23.429792 0.000000 0.000000 -1
0 -13.383289 10.224997 38.106110 0.000000 1.000000 -1
0 -32.310120 10.224997 23.429792 0.125000 1.000000 -1
0 -32.310120 18.224997 23.429792 0.125000 0.000000 -1
0 -32.310120 10.224997 -22.646454 0.000000 0.000000 -1
0 -32.310120 18.224997 -22.646454 0.000000 0.000000 -1
0 -32.310120 18.224997 -22.646454 0.250000 0.000000 -1
0 -32.310120 10.224997 -22.646454 0.250000 1.000000 -1
0 -13.383294 10.224997 -37.322784 0.000000 0.000000 -1
0 -13.383294 18.224997 -37.322784 0.000000 0.000000 -1
0 -13.383294 10.224997 -37.322784 0.375000 1.000000 -1
0 -13.383294 18.224997 -37.322784 0.375000 0.000000 -1
0 13.383293 10.224997 -37.322773 0.000000 0.000000 -1
0 13.383293 18.224997 -37.322773 0.000000 0.000000 -1
0 13.383293 18.224997 -37.322773 0.500000 0.000000 -1
0 13.383293 10.224997 -37.322773 0.500000 1.000000 -1
0 32.310120 10.224997 -22.646463 0.000000 0.000000 -1
0 32.310120 18.224997 -22.646463 0.000000 0.000000 -1
0 32.310120 10.224997 -22.646463 0.625000 1.000000 -1
0 32.310120 18.224997 -22.646463 0.625000 0.000000 -1
0 32.310123 10.224997 23.429796 0.000000 0.000000 -1
0 32.310123 18.224997 23.429796 0.000000 0.000000 -1
0 32.310123 18.224997 23.429796 0.750000 0.000000 -1
0 32.310123 10.224997 23.429796 0.750000 1.000000 -1
0 13.383289 10.224997 38.106098 0.000000 0.000000 -1
0 13.383289 18.224997 38.106098 0.000000 0.000000 -1
0 13.383289 10.224997 38.106098 0.875000 1.000000 -1
0 13.383289 18.224997 38.106098 0.875000 0.000000 -1
0 -13.383289 18.224997 38.106110 1.000000 0.000000 -1
0 -13.383289 10.224997 38.106110 1.000000 1.000000 -1
15
0.000000 -1.000000 0.000000
0.000000 1.000000 0.000000
-0.323842 0.000000 0.946111
-0.323842 0.000000 0.946111
-0.897992 0.000000 0.440011
-0.897993 0.000000 -0.440011
-0.323842 0.000000 -0.946111
-0.323842 0.000000 -0.946111
0.323842 0.000000 -0.946111
0.897992 0.000000 -0.440011
0.897992 0.000000 -0.440011
0.897992 0.000000 0.440011
0.897992 0.000000 0.440011
0.323842 0.000000 0.946111
0.323842 0.000000 0.946111
32
0 0 1 2 0 0 0 2
0 3 4 5 1 1 1 2
0 6 3 7 2 3 4 1
0 3 8 7 3 4 4 1
0 1 9 2 0 0 0 2
0 5 4 10 1 1 1 2
0 7 8 11 4 4 5 1
0 7 11 12 4 5 5 1
0 9 13 2 0 0 0 2
0 10 4 14 1 1 1 2
0 12 11 15 5 5 6 1
0 11 16 15 5 7 6 1
0 13 17 2 0 0 0 2
0 14 4 18 1 1 1 2
0 15 16 19 6 7 8 1
0 15 19 20 6 8 8 1
0 17 21 2 0 0 0 2
0 18 4 22 1 1 1 2
0 20 19 23 8 8 9 1
0 19 24 23 8 10 9 1
0 21 25 2 0 0 0 2
0 22 4 26 1 1 1 2
0 23 24 27 9 10 11 1
0 23 27 28 9 11 12 1
0 25 29 2 0 0 0 2
0 26 4 30 1 1 1 2
0 28 27 31 12 11 13 1
0 27 32 31 11 14 13 1
0 29 0 2 0 0 0 2
0 30 4 3 1 1 1 2
0 31 32 33 13 14 3 1
0 31 33 34 13 3 2 1
"gunband" 0 2
100
0 14.082812 50.241703 20.517593 0.000000 1.000000 -1
0 15.125000 50.241703 21.964909 0.000000 0.666667 -1
0 13.602952 46.596802 20.517593 0.041667 1.000000 -1
0 14.609628 46.327065 21.964909 0.041667 0.666667 -1
0 15.125000 50.241703 24.964905 0.000000 0.333333 -1
0 14.609628 46.327065 24.964905 0.041667 0.333333 -1
0 14.082812 50.241703 26.412220 0.000000 0.000000 -1
0 13.602952 46.596802 26.412220 0.041667 0.000000 -1
0 13.098634 42.679203 21.964909 0.083333 0.666667 -1
0 12.196072 43.200294 20.517593 0.083333 1.000000 -1
0 13.098634 42.679203 24.964905 0.083333 0.333333 -1
0 12.196072 43.200294 26.412220 0.083333 0.000000 -1
0 9.958052 40.283649 20.517593 0.125000 1.000000 -1
0 10.694990 39.546715 21.964909 0.125000 0.666667 -1
0 10.694990 39.546715 24.964905 0.125000 0.333333 -1
0 9.958052 40.283649 26.412220 0.125000 0.000000 -1
0 7.562500 37.143070 21.964909 0.166667 0.666667 -1
0 7.041406 38.045631 20.517593 0.166667 1.000000 -1
0 7.562500 37.143070 24.964905 0.166667 0.333333 -1
0 7.041406 38.045631 26.412220 0.166667 0.000000 -1
0 3.644900 36.638748 20.517593 0.208333 1.000000 -1
0 3.914638 35.632076 21.964909 0.208333 0.666667 -1
0 3.914638 35.632076 24.964905 0.208333 0.333333 -1
0 3.644900 36.638748 26.412220 0.208333 0.000000 -1
0 0.000000 35.116703 21.964909 0.250000 0.666667 -1
0 0.000000 36.158894 20.517593 0.250000 1.000000 -1
0 0.000000 35.116703 24.964905 0.250000 0.333333 -1
0 0.000000 36.158894 26.412220 0.250000 0.000000 -1
0 -3.644900 36.638748 20.517593 0.291667 1.000000 -1
0 -3.914638 35.632076 21.964909 0.291667 0.666667 -1
0 -3.914638 35.632076 24.964905 0.291667 0.333333 -1
0 -3.644900 36.638748 26.412220 0.291667 0.000000 -1
0 -7.562500 37.143070 21.964909 0.333333 0.666667 -1
0 -7.041406 38.045631 20.517593 0.333333 1.000000 -1
0 -7.562500 37.143070 24.964905 0.333333 0.333333 -1
0 -7.041406 38.045631 26.412220 0.333333 0.000000 -1
0 -9.958052 40.283649 20.517593 0.375000 1.000000 -1
0 -10.694990 39.546715 21.964909 0.375000 0.666667 -1
0 -10.694990 39.546715 24.964905 0.375000 0.333333 -1
0 -9.958052 40.283649 26.412220 0.375000 0.000000 -1
0 -13.098634 42.679203 21.964909 0.416667 0.666667 -1
0 -12.196072 43.200294 20.517593 0.416667 1.000000 -1
0 -13.098634 42.679203 24.964905 0.416667 0.333333 -1
0 -12.196072 43.200294 26.412220 0.416667 0.000000 -1
0 -13.602952 46.596802 20.517593 0.458333 1.000000 -1
0 -14.609628 46.327065 21.964909 0.458333 0.666667 -1
0 -14.609628 46.327065 24.964905 0.458333 0.333333 -1
0 -13.602952 46.596802 26.412220 0.458333 0.000000 -1
0 -15.125000 50.241703 21.964909 0.500000 0.666667 -1
0 -14.082812 50.241703 20.517593 0.500000 1.000000 -1
0 -15.125000 50.241703 24.964905 0.500000 0.333333 -1
0 -14.082812 50.241703 26.412220 0.500000 0.000000 -1
0 -13.602952 53.886604 20.517593 0.541667 1.000000 -1
0 -14.609628 54.156342 21.964909 0.541667 0.666667 -1
0 -14.609628 54.156342 24.964905 0.541667 0.333333 -1
0 -13.602952 53.886604 26.412220 0.541667 0.000000 -1
0 -13.098634 57.804207 21.964909 0.583333 0.666667 -1
0 -12.196072 57.283115 20.517593 0.583333 1.000000 -1
0 -13.098634 57.804207 24.964905 0.583333 0.333333 -1
0 -12.196072 57.283115 26.412220 0.583333 0.000000 -1
0 -9.958052 60.199757 20.517593 0.625000 1.000000 -1
0 -10.694990 60.936691 21.964909 0.625000 0.666667 -1
0 -10.694990 60.936691 24.964905 0.625000 0.333333 -1
0 -9.958052 60.199757 26.412220 0.625000 0.000000 -1
0 -7.562500 63.340340 21.964909 0.666667 0.666667 -1
0 -7.041406 62.437782 20.517593 0.666667 1.000000 -1
0 -7.562500 63.340340 24.964905 0.666667 0.333333 -1
0 -7.041406 62.437782 26.412220 0.666667 0.000000 -1
0 -3.644900 63.844658 20.517593 0.708333 1.000000 -1
0 -3.914638 64.851334 21.964909 0.708333 0.666667 -1
0 -3.914638 64.851334 24.964905 0.708333 0.333333 -1
0 -3.644900 63.844658 26.412220 0.708333 0.000000 -1
0 -0.000000 65.366707 21.964909 0.750000 0.666667 -1
0 -0.000000 64.324524 20.517593 0.750000 1.000000 -1
0 -0.000000 65.366707 24.964905 0.750000 0.333333 -1
0 -0.000000 64.324524 26.412220 0.750000 0.000000 -1
0 3.644900 63.844658 20.517593 0.791667 1.000000 -1
0 3.914638 64.851334 21.964909 0.791667 0.666667 -1
0 3.914638 64.851334 24.964905 0.791667 0.333333 -1
0 3.644900 63.844658 26.412220 0.791667 0.000000 -1
0 7.562500 63.340340 21.964909 0.833333 0.666667 -1
0 7.041406 62.437782 20.517593 0.833333 1.000000 -1
0 7.562500 63.340340 24.964905 0.833333 0.333333 -1
0 7.041406 62.437782 26.412220 0.833333 0.000000 -1
0 9.958052 60.199757 20.517593 0.875000 1.000000 -1
0 10.694990 60.936691 21.964909 0.875000 0.666667 -1
0 10.694990 60.936691 24.964905 0.875000 0.333333 -1
0 9.958052 60.199757 26.412220 0.875000 0.000000 -1
0 13.098634 57.804207 21.964909 0.916667 0.666667 -1
0 12.196072 57.283115 20.517593 0.916667 1.000000 -1
0 13.098634 57.804207 24.964905 0.916667 0.333333 -1
0 12.196072 57.283115 26.412220 0.916667 0.000000 -1
0 13.602952 53.886604 20.517593 0.958333 1.000000 -1
0 14.609628 54.156342 21.964909 0.958333 0.666667 -1
0 14.609628 54.156342 24.964905 0.958333 0.333333 -1
0 13.602952 53.886604 26.412220 0.958333 0.000000 -1
0 15.125000 50.241703 21.964909 1.000000 0.666667 -1
0 14.082812 50.241703 20.517593 1.000000 1.000000 -1
0 15.125000 50.241703 24.964905 1.000000 0.333333 -1
0 14.082812 50.241703 26.412220 1.000000 0.000000 -1
96
0.811502 0.000000 -0.584349
0.951565 0.000000 -0.307448
0.783851 -0.210032 -0.584349
0.919141 -0.246283 -0.307447
0.951565 -0.000000 0.307448
0.919141 -0.246283 0.307448
0.811502 0.000000 0.584349
0.783851 -0.210032 0.584349
0.824079 -0.475783 -0.307447
0.702782 -0.405751 -0.584349
0.824079 -0.475783 0.307448
0.702782 -0.405751 0.584349
0.573819 -0.573819 -0.584349
0.672858 -0.672858 -0.307447
0.672858 -0.672858 0.307447
0.573819 -0.573819 0.584349
0.475783 -0.824080 -0.307447
0.405751 -0.702781 -0.584349
0.475783 -0.824079 0.307448
0.405751 -0.702782 0.584349
0.210032 -0.783851 -0.584349
0.246283 -0.919141 -0.307447
0.246283 -0.919141 0.307447
0.210032 -0.783852 0.584348
-0.000000 -0.951565 -0.307447
0.000000 -0.811502 -0.584350
0.000000 -0.951565 0.307448
-0.000000 -0.811502 0.584349
-0.210032 -0.783851 -0.584349
-0.246283 -0.919141 -0.307447
-0.246283 -0.919141 0.307447
-0.210032 -0.783852 0.584348
-0.475783 -0.824080 -0.307447
-0.405751 -0.702781 -0.584349
-0.475783 -0.824079 0.307448
-0.405751 -0.702782 0.584349
-0.573819 -0.573819 -0.584349
-0.672858 -0.672858 -0.307447
-0.672858 -0.672858 0.307447
-0.573819 -0.573819 0.584349
-0.824079 -0.475783 -0.307447
-0.702782 -0.405751 -0.584349
-0.824079 -0.475783 0.307448
-0.702782 -0.405751 0.584349
-0.783851 -0.210032 -0.584349
-0.919141 -0.246283 -0.307447
-0.919141 -0.246283 0.307448
-0.783851 -0.210032 0.584349
-0.951565 0.000000 -0.307448
-0.811502 0.000000 -0.584349
-0.951565 -0.000000 0.307448
-0.811502 0.000000 0.584349
-0.783851 0.210032 -0.584349
-0.919141 0.246283 -0.307447
-0.919141 0.246283 0.307448
-0.783851 0.210032 0.584349
-0.824079 0.475783 -0.307447
-0.702781 0.405751 -0.584349
-0.824079 0.475783 0.307448
-0.702782 0.405751 0.584349
-0.573819 0.573819 -0.584349
-0.672858 0.672858 -0.307447
-0.672858 0.672858 0.307447
-0.573819 0.573819 0.584349
-0.475783 0.824079 -0.307447
-0.405752 0.702782 -0.584348
-0.475783 0.824079 0.307447
-0.405752 0.702782 0.584349
-0.210033 0.783852 -0.584348
-0.246283 0.919141 -0.307447
-0.246283 0.919141 0.307447
-0.210033 0.783851 0.584349
-0.000000 0.951565 -0.307447
0.000000 0.811504 -0.584348
0.000000 0.951565 0.307447
0.000000 0.811503 0.584348
0.210033 0.783852 -0.584348
0.246283 0.919141 -0.307447
0.246283 0.919141 0.307447
0.210033 0.783851 0.584349
0.475783 0.824079 -0.307447
0.405752 0.702782 -0.584348
0.475783 0.824079 0.307447
0.405752 0.702782 0.584349
0.573819 0.573819 -0.584349
0.672858 0.672858 -0.307447
0.672858 0.672858 0.307447
0.573819 0.573819 0.584349
0.824079 0.475783 -0.307447
0.702781 0.405751 -0.584349
0.824079 0.475783 0.307448
0.702782 0.405751 0.584349
0.783851 0.210032 -0.584349
0.919141 0.246283 -0.307447
0.919141 0.246283 0.307448
0.783851 0.210032 0.584349
144
0 0 1 2 0 1 2 1
0 1 3 2 1 3 2 1
0 1 4 5 1 4 5 1
0 1 5 3 1 5 3 1
0 4 6 5 4 6 5 1
0 6 7 5 6 7 5 1
0 2 3 8 2 3 8 1
0 2 8 9 2 8 9 1
0 3 5 8 3 5 8 1
0 5 10 8 5 10 8 1
0 5 7 11 5 7 11 1
0 5 11 10 5 11 10 1
0 9 8 12 9 8 12 1
0 8 13 12 8 13 12 1
0 8 10 14 8 10 14 1
0 8 14 13 8 14 13 1
0 10 11 14 10 11 14 1
0 11 15 14 11 15 14 1
0 12 13 16 12 13 16 1
0 12 16 17 12 16 17 1
0 13 14 16 13 14 16 1
0 14 18 16 14 18 16 1
0 14 15 19 14 15 19 1
0 14 19 18 14 19 18 1
0 17 16 20 17 16 20 1
0 16 21 20 16 21 20 1
0 16 18 22 16 18 22 1
0 16 22 21 16 22 21 1
0 18 19 22 18 19 22 1
0 19 23 22 19 23 22 1
0 20 21 24 20 21 24 1
0 20 24 25 20 24 25 1
0 21 22 24 21 22 24 1
0 22 26 24 22 26 24 1
0 22 23 27 22 23 27 1
0 22 27 26 22 27 26 1
0 25 24 28 25 24 28 1
0 24 29 28 24 29 28 1
0 24 26 30 24 26 30 1
0 24 30 29 24 30 29 1
0 26 27 30 26 27 30 1
0 27 31 30 27 31 30 1
0 28 29 32 28 29 32 1
0 28 32 33 28 32 33 1
0 29 30 32 29 30 32 1
0 30 34 32 30 34 32 1
0 30 31 35 30 31 35 1
0 30 35 34 30 35 34 1
0 33 32 36 33 32 36 1
0 32 37 36 32 37 36 1
0 32 34 38 32 34 38 1
0 32 38 37 32 38 37 1
0 34 35 38 34 35 38 1
0 35 39 38 35 39 38 1
0 36 37 40 36 37 40 1
0 36 40 41 36 40 41 1
0 37 38 40 37 38 40 1
0 38 42 40 38 42 40 1
0 38 39 43 38 39 43 1
0 38 43 42 38 43 42 1
0 41 40 44 41 40 44 1
0 40 45 44 40 45 44 1
0 40 42 46 40 42 46 1
0 40 46 45 40 46 45 1
0 42 43 46 42 43 46 1
0 43 47 46 43 47 46 1
0 44 45 48 44 45 48 1
0 44 48 49 44 48 49 1
0 45 46 48 45 46 48 1
0 46 50 48 46 50 48 1
0 46 47 51 46 47 51 1
0 46 51 50 46 51 50 1
0 49 48 52 49 48 52 1
0 48 53 52 48 53 52 1
0 48 50 54 48 50 54 1
0 48 54 53 48 54 53 1
0 50 51 54 50 51 54 1
0 51 55 54 51 55 54 1
0 52 53 56 52 53 56 1
0 52 56 57 52 56 57 1
0 53 54 56 53 54 56 1
0 54 58 56 54 58 56 1
0 54 55 59 54 55 59 1
0 54 59 58 54 59 58 1
0 57 56 60 57 56 60 1
0 56 61 60 56 61 60 1
0 56 58 62 56 58 62 1
0 56 62 61 56 62 61 1
0 58 59 62 58 59 62 1
0 59 63 62 59 63 62 1
0 60 61 64 60 61 64 1
0 60 64 65 60 64 65 1
0 61 62 64 61 62 64 1
0 62 66 64 62 66 64 1
0 62 63 67 62 63 67 1
0 62 67 66 62 67 66 1
0 65 64 68 65 64 68 1
0 64 69 68 64 69 68 1
0 64 66 70 64 66 70 1
0 64 70 69 64 70 69 1
0 66 67 70 66 67 70 1
0 67 71 70 67 71 70 1
0 68 69 72 68 69 72 1
0 68 72 73 68 72 73 1
0 69 70 72 69 70 72 1
0 70 74 72 70 74 72 1
0 70 71 75 70 71 75 1
0 70 75 74 70 75 74 1
0 73 72 76 73 72 76 1
0 72 77 76 72 77 76 1
0 72 74 78 72 74 78 1
0 72 78 77 72 78 77 1
0 74 75 78 74 75 78 1
0 75 79 78 75 79 78 1
0 76 77 80 76 77 80 1
0 76 80 81 76 80 81 1
0 77 78 80 77 78 80 1
0 78 82 80 78 82 80 1
0 78 79 83 78 79 83 1
0 78 83 82 78 83 82 1
0 81 80 84 81 80 84 1
0 80 85 84 80 85 84 1
0 80 82 86 80 82 86 1
0 80 86 85 80 86 85 1
0 82 83 86 82 83 86 1
0 83 87 86 83 87 86 1
0 84 85 88 84 85 88 1
0 84 88 89 84 88 89 1
0 85 86 88 85 86 88 1
0 86 90 88 86 90 88 1
0 86 87 91 86 87 91 1
0 86 91 90 86 91 90 1
0 89 88 92 89 88 92 1
0 88 93 92 88 93 92 1
0 88 90 94 88 90 94 1
0 88 94 93 88 94 93 1
0 90 91 94 90 91 94 1
0 91 95 94 91 95 94 1
0 92 93 96 92 93 1 1
0 92 96 97 92 1 0 1
0 93 94 96 93 94 1 1
0 94 98 96 94 4 1 1
0 94 95 99 94 95 6 1
0 94 99 98 94 6 4 1
"gunlense" 0 3
35
0 0.988792 70.325012 9.951467 0.000000 0.000000 -1
0 1.585200 68.885155 9.951467 0.000000 0.000000 -1
0 3.025057 70.325012 9.951467 0.000000 0.000000 -1
0 0.988792 70.325012 -2.771607 0.000000 0.000000 -1
0 3.025057 70.325012 -2.771607 0.000000 0.000000 -1
0 1.585200 68.885155 -2.771607 0.000000 0.000000 -1
0 0.988792 70.325012 9.951467 0.000000 1.000000 -1
0 1.585200 68.885155 9.951467 0.125000 1.000000 -1
0 1.585200 68.885155 -2.771607 0.125000 0.000000 -1
0 3.025057 68.288750 9.951467 0.000000 0.000000 -1
0 3.025057 68.288750 -2.771607 0.000000 0.000000 -1
0 3.025057 68.288750 -2.771607 0.250000 0.000000 -1
0 3.025057 68.288750 9.951467 0.250000 1.000000 -1
0 4.464914 68.885155 9.951467 0.000000 0.000000 -1
0 4.464914 68.885155 -2.771607 0.000000 0.000000 -1
0 4.464914 68.885155 9.951467 0.375000 1.000000 -1
0 4.464914 68.885155 -2.771607 0.375000 0.000000 -1
0 5.061322 70.325012 9.951467 0.000000 0.000000 -1
0 5.061322 70.325012 -2.771607 0.000000 0.000000 -1
0 5.061322 70.325012 -2.771607 0.500000 0.000000 -1
0 5.061322 70.325012 9.951467 0.500000 1.000000 -1
0 4.464914 71.764854 9.951467 0.000000 0.000000 -1
0 4.464914 71.764854 -2.771607 0.000000 0.000000 -1
0 4.464914 71.764854 9.951467 0.625000 1.000000 -1
0 4.464914 71.764854 -2.771607 0.625000 0.000000 -1
0 3.025057 72.361275 9.951467 0.000000 0.000000 -1
0 3.025057 72.361275 -2.771607 0.000000 0.000000 -1
0 3.025057 72.361275 -2.771607 0.750000 0.000000 -1
0 3.025057 72.361275 9.951467 0.750000 1.000000 -1
0 1.585200 71.764854 9.951467 0.000000 0.000000 -1
0 1.585200 71.764854 -2.771607 0.000000 0.000000 -1
0 1.585200 71.764854 9.951467 0.875000 1.000000 -1
0 1.585200 71.764854 -2.771607 0.875000 0.000000 -1
0 0.988792 70.325012 -2.771607 1.000000 0.000000 -1
0 0.988792 70.325012 9.951467 1.000000 1.000000 -1
11
0.000000 0.000000 1.000000
0.000000 0.000000 -1.000000
-1.000000 0.000002 0.000000
-0.707106 -0.707107 0.000000
0.000000 -1.000000 0.000000
0.707106 -0.707107 0.000000
1.000000 0.000002 0.000000
0.707108 0.707106 0.000000
0.000000 1.000000 0.000000
-0.707108 0.707106 0.000000
-0.707108 0.707106 0.000000
32
0 0 1 2 0 0 0 2
0 3 4 5 1 1 1 2
0 6 3 7 2 2 3 1
0 3 8 7 2 3 3 1
0 1 9 2 0 0 0 2
0 5 4 10 1 1 1 2
0 7 8 11 3 3 4 1
0 7 11 12 3 4 4 1
0 9 13 2 0 0 0 2
0 10 4 14 1 1 1 2
0 12 11 15 4 4 5 1
0 11 16 15 4 5 5 1
0 13 17 2 0 0 0 2
0 14 4 18 1 1 1 2
0 15 16 19 5 5 6 1
0 15 19 20 5 6 6 1
0 17 21 2 0 0 0 2
0 18 4 22 1 1 1 2
0 20 19 23 6 6 7 1
0 19 24 23 6 7 7 1
0 21 25 2 0 0 0 2
0 22 4 26 1 1 1 2
0 23 24 27 7 7 8 1
0 23 27 28 7 8 8 1
0 25 29 2 0 0 0 2
0 26 4 30 1 1 1 2
0 28 27 31 8 8 9 1
0 27 32 31 8 10 9 1
0 29 0 2 0 0 0 2
0 30 4 3 1 1 1 2
0 31 32 33 9 10 2 1
0 31 33 34 9 2 2 1
"gunlense" 0 3
35
0 -3.474943 70.325012 9.951467 0.000000 0.000000 -1
0 -2.035086 68.885155 9.951467 0.000000 0.000000 -1
0 -1.438678 70.325012 9.951467 0.000000 0.000000 -1
0 -2.035086 68.885155 -2.771607 0.000000 0.000000 -1
0 -3.474943 70.325012 -2.771607 0.000000 0.000000 -1
0 -1.438678 70.325012 -2.771607 0.000000 0.000000 -1
0 -2.035086 68.885155 9.951467 0.125000 1.000000 -1
0 -1.438678 70.325012 9.951467 0.000000 1.000000 -1
0 -2.035086 68.885155 -2.771607 0.125000 0.000000 -1
0 -3.474943 68.288750 9.951467 0.000000 0.000000 -1
0 -3.474943 68.288750 -2.771607 0.000000 0.000000 -1
0 -3.474943 68.288750 -2.771607 0.250000 0.000000 -1
0 -3.474943 68.288750 9.951467 0.250000 1.000000 -1
0 -4.914800 68.885155 9.951467 0.000000 0.000000 -1
0 -4.914800 68.885155 -2.771607 0.000000 0.000000 -1
0 -4.914800 68.885155 9.951467 0.375000 1.000000 -1
0 -4.914800 68.885155 -2.771607 0.375000 0.000000 -1
0 -5.511209 70.325012 9.951467 0.000000 0.000000 -1
0 -5.511209 70.325012 -2.771607 0.000000 0.000000 -1
0 -5.511209 70.325012 -2.771607 0.500000 0.000000 -1
0 -5.511209 70.325012 9.951467 0.500000 1.000000 -1
0 -4.914800 71.764854 9.951467 0.000000 0.000000 -1
0 -4.914800 71.764854 -2.771607 0.000000 0.000000 -1
0 -4.914800 71.764854 9.951467 0.625000 1.000000 -1
0 -4.914800 71.764854 -2.771607 0.625000 0.000000 -1
0 -3.474943 72.361275 9.951467 0.000000 0.000000 -1
0 -3.474943 72.361275 -2.771607 0.000000 0.000000 -1
0 -3.474943 72.361275 -2.771607 0.750000 0.000000 -1
0 -3.474943 72.361275 9.951467 0.750000 1.000000 -1
0 -2.035086 71.764854 9.951467 0.000000 0.000000 -1
0 -2.035086 71.764854 -2.771607 0.000000 0.000000 -1
0 -2.035086 71.764854 9.951467 0.875000 1.000000 -1
0 -2.035086 71.764854 -2.771607 0.875000 0.000000 -1
0 -1.438678 70.325012 -2.771607 1.000000 0.000000 -1
0 -1.438678 70.325012 9.951467 1.000000 1.000000 -1
10
0.000000 0.000000 1.000000
0.000000 0.000000 -1.000000
0.707106 -0.707107 0.000000
1.000000 0.000002 0.000000
0.000000 -1.000000 0.000000
-0.707106 -0.707107 0.000000
-1.000000 0.000002 0.000000
-0.707108 0.707106 0.000000
0.000000 1.000000 0.000000
0.707108 0.707106 0.000000
32
0 0 1 2 0 0 0 2
0 3 4 5 1 1 1 2
0 6 5 7 2 3 3 1
0 6 8 5 2 2 3 1
0 0 9 1 0 0 0 2
0 10 4 3 1 1 1 2
0 11 8 6 4 2 2 1
0 12 11 6 4 4 2 1
0 0 13 9 0 0 0 2
0 14 4 10 1 1 1 2
0 15 11 12 5 4 4 1
0 15 16 11 5 5 4 1
0 0 17 13 0 0 0 2
0 18 4 14 1 1 1 2
0 19 16 15 6 5 5 1
0 20 19 15 6 6 5 1
0 0 21 17 0 0 0 2
0 22 4 18 1 1 1 2
0 23 19 20 7 6 6 1
0 23 24 19 7 7 6 1
0 0 25 21 0 0 0 2
0 26 4 22 1 1 1 2
0 27 24 23 8 7 7 1
0 28 27 23 8 8 7 1
0 0 29 25 0 0 0 2
0 30 4 26 1 1 1 2
0 31 27 28 9 8 8 1
0 31 32 27 9 9 8 1
0 0 2 29 0 0 0 2
0 5 4 30 1 1 1 2
0 33 32 31 3 9 9 1
0 34 33 31 3 3 9 1

Materials: 5
"tan"
0.800000 0.800000 0.800000 1.000000
0.800000 0.800000 0.800000 1.000000
0.000000 0.000000 0.000000 1.000000
0.000000 0.000000 0.000000 1.000000
0.000000
1.000000
".\tan.jpg"
""
"black"
0.800000 0.800000 0.800000 1.000000
0.800000 0.800000 0.800000 1.000000
0.000000 0.000000 0.000000 1.000000
0.000000 0.000000 0.000000 1.000000
0.000000
1.000000
".\black.jpg"
""
"chrome"
0.800000 0.800000 0.800000 1.000000
1.000000 1.000000 1.000000 1.000000
1.000000 1.000000 1.000000 1.000000
0.000000 0.000000 0.000000 1.000000
128.000000
1.000000
".\chrome.jpg"
""
"green"
0.800000 0.800000 0.800000 1.000000
0.800000 0.800000 0.800000 1.000000
0.000000 0.000000 0.000000 1.000000
0.000000 0.000000 0.000000 1.000000
0.000000
1.000000
".\green.jpg"
""
"kaki"
0.800000 0.800000 0.800000 1.000000
0.800000 0.800000 0.800000 1.000000
0.000000 0.000000 0.000000 1.000000
0.000000 0.000000 0.000000 1.000000
0.000000
1.000000
".\kaki.jpg"
""

Bones: 0
