// MilkShape 3D ASCII

Frames: 30
Frame: 1

Meshes: 6
"base" 0 1
8
0 -219.756607 33.481606 -17.960716 0.000001 0.000000 -1
0 -219.756607 -0.268394 -17.960716 0.000001 1.055994 -1
0 -219.756638 33.481606 15.460701 0.000000 0.000000 -1
0 -219.756638 -0.268394 15.460701 0.000000 1.055994 -1
0 222.766129 33.481606 15.460663 14.754931 0.000000 -1
0 222.766129 -0.268394 15.460663 14.754931 1.055994 -1
0 222.766098 33.481606 -17.960682 14.754929 0.000000 -1
0 222.766098 -0.268394 -17.960682 14.754929 1.055994 -1
6
-1.000000 0.000000 -0.000001
0.000000 0.000000 1.000000
1.000000 0.000000 -0.000001
0.000000 0.000000 -1.000000
0.000000 1.000000 0.000000
0.000000 -1.000000 0.000000
12
0 0 1 2 0 0 0 1
0 1 3 2 0 0 0 1
0 2 3 4 1 1 1 2
0 3 5 4 1 1 1 2
0 4 5 6 2 2 2 1
0 5 7 6 2 2 2 1
0 6 7 0 3 3 3 2
0 7 1 0 3 3 3 2
0 6 0 4 4 4 4 3
0 0 2 4 4 4 4 3
0 1 7 3 5 5 5 3
0 7 5 3 5 5 5 3
"fence" 0 0
64
0 -209.611420 176.706604 -10.500000 0.000000 0.000000 -1
0 -209.611420 172.706604 -10.500000 0.000000 1.000000 -1
0 211.649796 176.706604 -10.500000 1.000000 0.000000 -1
0 211.649796 172.706604 -10.500000 1.000000 1.000000 -1
0 211.649796 176.706604 -10.500000 0.000000 0.000000 -1
0 211.649796 172.706604 -10.500000 0.000000 1.000000 -1
0 -209.611420 176.706604 -10.500000 1.000000 0.000000 -1
0 -209.611420 172.706604 -10.500000 1.000000 1.000000 -1
0 -214.298920 202.706604 -10.500000 0.000000 0.000000 -1
0 -214.298920 198.706604 -10.500000 0.000000 1.000000 -1
0 206.962296 202.706604 -10.500000 1.000000 0.000000 -1
0 206.962296 198.706604 -10.500000 1.000000 1.000000 -1
0 206.962296 202.706604 -10.500000 0.000000 0.000000 -1
0 206.962296 198.706604 -10.500000 0.000000 1.000000 -1
0 -214.298920 202.706604 -10.500000 1.000000 0.000000 -1
0 -214.298920 198.706604 -10.500000 1.000000 1.000000 -1
0 -209.611420 125.706604 -10.500000 0.000000 0.000000 -1
0 -209.611420 121.706604 -10.500000 0.000000 1.000000 -1
0 211.649796 125.706604 -10.500000 1.000000 0.000000 -1
0 211.649796 121.706604 -10.500000 1.000000 1.000000 -1
0 211.649796 125.706604 -10.500000 0.000000 0.000000 -1
0 211.649796 121.706604 -10.500000 0.000000 1.000000 -1
0 -209.611420 125.706604 -10.500000 1.000000 0.000000 -1
0 -209.611420 121.706604 -10.500000 1.000000 1.000000 -1
0 -214.298920 151.706604 -10.500000 0.000000 0.000000 -1
0 -214.298920 147.706604 -10.500000 0.000000 1.000000 -1
0 206.962296 151.706604 -10.500000 1.000000 0.000000 -1
0 206.962296 147.706604 -10.500000 1.000000 1.000000 -1
0 206.962296 151.706604 -10.500000 0.000000 0.000000 -1
0 206.962296 147.706604 -10.500000 0.000000 1.000000 -1
0 -214.298920 151.706604 -10.500000 1.000000 0.000000 -1
0 -214.298920 147.706604 -10.500000 1.000000 1.000000 -1
0 -209.611420 78.706604 -10.500000 0.000000 0.000000 -1
0 -209.611420 74.706604 -10.500000 0.000000 1.000000 -1
0 211.649796 78.706604 -10.500000 1.000000 0.000000 -1
0 211.649796 74.706604 -10.500000 1.000000 1.000000 -1
0 211.649796 78.706604 -10.500000 0.000000 0.000000 -1
0 211.649796 74.706604 -10.500000 0.000000 1.000000 -1
0 -209.611420 78.706604 -10.500000 1.000000 0.000000 -1
0 -209.611420 74.706604 -10.500000 1.000000 1.000000 -1
0 -214.298920 104.706604 -10.500000 0.000000 0.000000 -1
0 -214.298920 100.706604 -10.500000 0.000000 1.000000 -1
0 206.962296 104.706604 -10.500000 1.000000 0.000000 -1
0 206.962296 100.706604 -10.500000 1.000000 1.000000 -1
0 206.962296 104.706604 -10.500000 0.000000 0.000000 -1
0 206.962296 100.706604 -10.500000 0.000000 1.000000 -1
0 -214.298920 104.706604 -10.500000 1.000000 0.000000 -1
0 -214.298920 100.706604 -10.500000 1.000000 1.000000 -1
0 -209.611420 27.706604 -10.500000 0.000000 0.000000 -1
0 -209.611420 23.706604 -10.500000 0.000000 1.000000 -1
0 211.649796 27.706604 -10.500000 1.000000 0.000000 -1
0 211.649796 23.706604 -10.500000 1.000000 1.000000 -1
0 211.649796 27.706604 -10.500000 0.000000 0.000000 -1
0 211.649796 23.706604 -10.500000 0.000000 1.000000 -1
0 -209.611420 27.706604 -10.500000 1.000000 0.000000 -1
0 -209.611420 23.706604 -10.500000 1.000000 1.000000 -1
0 -214.298920 53.706604 -10.500000 0.000000 0.000000 -1
0 -214.298920 49.706604 -10.500000 0.000000 1.000000 -1
0 206.962296 53.706604 -10.500000 1.000000 0.000000 -1
0 206.962296 49.706604 -10.500000 1.000000 1.000000 -1
0 206.962296 53.706604 -10.500000 0.000000 0.000000 -1
0 206.962296 49.706604 -10.500000 0.000000 1.000000 -1
0 -214.298920 53.706604 -10.500000 1.000000 0.000000 -1
0 -214.298920 49.706604 -10.500000 1.000000 1.000000 -1
2
0.000000 0.000000 -1.000000
0.000000 0.000000 1.000000
32
0 0 1 2 0 1 1 1
0 1 3 2 1 0 1 1
0 4 5 6 1 0 0 1
0 5 7 6 0 1 0 1
0 8 9 10 0 1 1 1
0 9 11 10 1 0 1 1
0 12 13 14 1 0 0 1
0 13 15 14 0 1 0 1
0 16 17 18 0 1 1 1
0 17 19 18 1 0 1 1
0 20 21 22 1 0 0 1
0 21 23 22 0 1 0 1
0 24 25 26 0 1 1 1
0 25 27 26 1 0 1 1
0 28 29 30 1 0 0 1
0 29 31 30 0 1 0 1
0 32 33 34 0 1 1 1
0 33 35 34 1 0 1 1
0 36 37 38 1 0 0 1
0 37 39 38 0 1 0 1
0 40 41 42 0 1 1 1
0 41 43 42 1 0 1 1
0 44 45 46 1 0 0 1
0 45 47 46 0 1 0 1
0 48 49 50 0 1 1 1
0 49 51 50 1 0 1 1
0 52 53 54 1 0 0 1
0 53 55 54 0 1 0 1
0 56 57 58 0 1 1 1
0 57 59 58 1 0 1 1
0 60 61 62 1 0 0 1
0 61 63 62 0 1 0 1
"post" 0 0
508
0 208.366501 232.079041 -4.515095 1.000000 0.000000 -1
0 211.166489 217.134186 -4.515095 0.000000 1.000000 -1
0 211.166489 232.079041 -4.515095 0.000000 0.000000 -1
0 208.366501 217.134186 -4.515095 1.000000 1.000000 -1
0 208.366501 232.079041 -6.984904 1.000000 0.000000 -1
0 208.366501 217.134186 -4.515095 0.000000 1.000000 -1
0 208.366501 232.079041 -4.515095 0.000000 0.000000 -1
0 208.366501 217.134186 -6.984904 1.000000 1.000000 -1
0 211.166489 232.079041 -6.984904 1.000000 0.000000 -1
0 208.366501 217.134186 -6.984904 0.000000 1.000000 -1
0 208.366501 232.079041 -6.984904 0.000000 0.000000 -1
0 211.166489 217.134186 -6.984904 1.000000 1.000000 -1
0 211.166489 232.079041 -4.515095 1.000000 0.000000 -1
0 211.166489 217.134186 -6.984904 0.000000 1.000000 -1
0 211.166489 232.079041 -6.984904 0.000000 0.000000 -1
0 211.166489 217.134186 -4.515095 1.000000 1.000000 -1
0 211.166489 232.079041 -4.515095 0.000000 1.000000 -1
0 208.366501 232.079041 -4.515095 1.000000 1.000000 -1
0 208.366501 217.134186 -4.515095 1.000000 0.000000 -1
0 211.166489 217.134186 -4.515095 0.000000 0.000000 -1
0 209.991501 228.157791 -24.200676 0.000000 0.000000 -1
0 209.044235 227.127106 -22.481749 0.000000 0.000000 -1
0 208.897675 227.907791 -22.450676 0.000000 0.000000 -1
0 209.044235 227.420303 -6.858301 0.000000 0.000000 -1
0 209.991501 228.096054 -8.572939 0.000000 0.000000 -1
0 208.897675 227.846054 -6.822939 0.000000 0.000000 -1
0 209.044235 227.109528 -20.170134 0.083333 0.833333 -1
0 208.897675 227.890152 -20.139067 0.000000 0.833333 -1
0 208.897675 227.907791 -22.450676 0.000000 1.000000 -1
0 209.044235 227.127106 -22.481749 0.083333 1.000000 -1
0 208.897675 227.884628 -17.343342 0.000000 0.666667 -1
0 209.044235 227.458908 -17.378710 0.083333 0.666667 -1
0 209.044235 227.450592 -14.237703 0.083333 0.500000 -1
0 208.897675 227.874985 -14.215716 0.000000 0.500000 -1
0 208.897675 227.865341 -12.580666 0.000000 0.333333 -1
0 209.044235 227.440918 -12.602644 0.083333 0.333333 -1
0 209.044235 227.429947 -9.488406 0.083333 0.166667 -1
0 208.897675 227.855713 -9.453041 0.000000 0.166667 -1
0 209.044235 227.420303 -6.858301 0.083333 0.000000 -1
0 209.444580 226.555771 -22.504515 0.000000 0.000000 -1
0 209.444580 227.108658 -6.884195 0.000000 0.000000 -1
0 209.444580 226.555771 -22.504515 0.166667 1.000000 -1
0 209.444580 226.538010 -20.192883 0.166667 0.833333 -1
0 209.444580 227.147217 -17.404587 0.166667 0.666667 -1
0 209.444580 227.139847 -14.253798 0.166667 0.500000 -1
0 209.444580 227.130249 -12.618738 0.166667 0.333333 -1
0 209.444580 227.118256 -9.514282 0.166667 0.166667 -1
0 209.444580 227.108658 -6.884195 0.166667 0.000000 -1
0 209.991501 226.346527 -22.512829 0.000000 0.000000 -1
0 209.991501 226.994568 -6.893669 0.000000 0.000000 -1
0 209.991501 226.328888 -20.201218 0.250000 0.833333 -1
0 209.991501 226.346527 -22.512829 0.250000 1.000000 -1
0 209.991501 227.033127 -17.414074 0.250000 0.666667 -1
0 209.991501 227.026108 -14.259689 0.250000 0.500000 -1
0 209.991501 227.016479 -12.624630 0.250000 0.333333 -1
0 209.991501 227.004211 -9.523769 0.250000 0.166667 -1
0 209.991501 226.994568 -6.893669 0.250000 0.000000 -1
0 210.538330 226.555771 -22.504515 0.000000 0.000000 -1
0 210.538330 227.108658 -6.884195 0.000000 0.000000 -1
0 210.538330 226.555771 -22.504515 0.333333 1.000000 -1
0 210.538330 226.538010 -20.192883 0.333333 0.833333 -1
0 210.538330 227.147217 -17.404587 0.333333 0.666667 -1
0 210.538330 227.139847 -14.253798 0.333333 0.500000 -1
0 210.538330 227.130249 -12.618738 0.333333 0.333333 -1
0 210.538330 227.118256 -9.514282 0.333333 0.166667 -1
0 210.538330 227.108658 -6.884195 0.333333 0.000000 -1
0 210.938644 227.127106 -22.481749 0.000000 0.000000 -1
0 210.938644 227.420303 -6.858301 0.000000 0.000000 -1
0 210.938644 227.109528 -20.170134 0.416667 0.833333 -1
0 210.938644 227.127106 -22.481749 0.416667 1.000000 -1
0 210.938644 227.458908 -17.378710 0.416667 0.666667 -1
0 210.938644 227.450592 -14.237703 0.416667 0.500000 -1
0 210.938644 227.440918 -12.602644 0.416667 0.333333 -1
0 210.938644 227.429947 -9.488406 0.416667 0.166667 -1
0 210.938644 227.420303 -6.858301 0.416667 0.000000 -1
0 211.085205 227.907791 -22.450676 0.000000 0.000000 -1
0 211.085205 227.846054 -6.822939 0.000000 0.000000 -1
0 211.085205 227.907791 -22.450676 0.500000 1.000000 -1
0 211.085205 227.890152 -20.139067 0.500000 0.833333 -1
0 211.085205 227.884628 -17.343342 0.500000 0.666667 -1
0 211.085205 227.874985 -14.215716 0.500000 0.500000 -1
0 211.085205 227.865341 -12.580666 0.500000 0.333333 -1
0 211.085205 227.855713 -9.453041 0.500000 0.166667 -1
0 211.085205 227.846054 -6.822939 0.500000 0.000000 -1
0 210.938644 228.688354 -22.419594 0.000000 0.000000 -1
0 210.938644 228.271805 -6.787582 0.000000 0.000000 -1
0 210.938644 228.670746 -20.107981 0.583333 0.833333 -1
0 210.938644 228.688354 -22.419594 0.583333 1.000000 -1
0 210.938644 228.310379 -17.307976 0.583333 0.666667 -1
0 210.938644 228.299362 -14.193737 0.583333 0.500000 -1
0 210.938644 228.289780 -12.558680 0.583333 0.333333 -1
0 210.938644 228.281418 -9.417677 0.583333 0.166667 -1
0 210.938644 228.271805 -6.787582 0.583333 0.000000 -1
0 210.538330 229.259842 -22.396828 0.000000 0.000000 -1
0 210.538330 228.583466 -6.761694 0.000000 0.000000 -1
0 210.538330 229.259842 -22.396828 0.666667 1.000000 -1
0 210.538330 229.242203 -20.085236 0.666667 0.833333 -1
0 210.538330 228.622040 -17.282103 0.666667 0.666667 -1
0 210.538330 228.610107 -14.177642 0.666667 0.500000 -1
0 210.538330 228.600525 -12.542584 0.666667 0.333333 -1
0 210.538330 228.593109 -9.391803 0.666667 0.166667 -1
0 210.538330 228.583466 -6.761694 0.666667 0.000000 -1
0 209.991501 229.469070 -22.388508 0.000000 0.000000 -1
0 209.991501 228.697525 -6.752209 0.000000 0.000000 -1
0 209.991501 229.451324 -20.076893 0.750000 0.833333 -1
0 209.991501 229.469070 -22.388508 0.750000 1.000000 -1
0 209.991501 228.736099 -17.272617 0.750000 0.666667 -1
0 209.991501 228.723846 -14.171748 0.750000 0.500000 -1
0 209.991501 228.714279 -12.536693 0.750000 0.333333 -1
0 209.991501 228.707184 -9.382317 0.750000 0.166667 -1
0 209.991501 228.697525 -6.752209 0.750000 0.000000 -1
0 209.444580 229.259842 -22.396828 0.000000 0.000000 -1
0 209.444580 228.583466 -6.761694 0.000000 0.000000 -1
0 209.444580 229.259842 -22.396828 0.833333 1.000000 -1
0 209.444580 229.242203 -20.085236 0.833333 0.833333 -1
0 209.444580 228.622040 -17.282103 0.833333 0.666667 -1
0 209.444580 228.610107 -14.177642 0.833333 0.500000 -1
0 209.444580 228.600525 -12.542584 0.833333 0.333333 -1
0 209.444580 228.593109 -9.391803 0.833333 0.166667 -1
0 209.444580 228.583466 -6.761694 0.833333 0.000000 -1
0 209.044235 228.688354 -22.419594 0.000000 0.000000 -1
0 209.044235 228.271805 -6.787582 0.000000 0.000000 -1
0 209.044235 228.670746 -20.107981 0.916667 0.833333 -1
0 209.044235 228.688354 -22.419594 0.916667 1.000000 -1
0 209.044235 228.310379 -17.307976 0.916667 0.666667 -1
0 209.044235 228.299362 -14.193737 0.916667 0.500000 -1
0 209.044235 228.289780 -12.558680 0.916667 0.333333 -1
0 209.044235 228.281418 -9.417677 0.916667 0.166667 -1
0 209.044235 228.271805 -6.787582 0.916667 0.000000 -1
0 208.897675 227.907791 -22.450676 1.000000 1.000000 -1
0 208.897675 227.890152 -20.139067 1.000000 0.833333 -1
0 208.897675 227.884628 -17.343342 1.000000 0.666667 -1
0 208.897675 227.874985 -14.215716 1.000000 0.500000 -1
0 208.897675 227.865341 -12.580666 1.000000 0.333333 -1
0 208.897675 227.855713 -9.453041 1.000000 0.166667 -1
0 208.897675 227.846054 -6.822939 1.000000 0.000000 -1
0 210.000000 230.867905 -6.017048 0.000000 0.000000 -1
0 210.672424 229.972107 -6.130846 0.000000 0.000000 -1
0 210.000000 229.833588 -6.148455 0.000000 0.000000 -1
0 210.672424 229.927658 6.720688 0.083333 0.833333 -1
0 210.000000 229.789047 6.703312 0.000000 0.833333 -1
0 210.000000 229.833588 -6.148455 0.000000 1.000000 -1
0 210.672424 229.972107 -6.130846 0.083333 1.000000 -1
0 211.164673 230.350845 -6.082457 0.000000 0.000000 -1
0 211.164673 230.350845 -6.082457 0.166667 1.000000 -1
0 211.164673 230.306229 6.768471 0.166667 0.833333 -1
0 211.344849 230.867905 -6.017042 0.000000 0.000000 -1
0 211.344849 230.823334 6.834475 0.250000 0.833333 -1
0 211.344849 230.867905 -6.017042 0.250000 1.000000 -1
0 211.164673 231.385071 -5.951693 0.000000 0.000000 -1
0 211.164673 231.385071 -5.951693 0.333333 1.000000 -1
0 211.164673 231.340637 6.900549 0.333333 0.833333 -1
0 210.672424 231.763794 -5.903004 0.000000 0.000000 -1
0 210.672424 231.719284 6.948521 0.416667 0.833333 -1
0 210.672424 231.763794 -5.903004 0.416667 1.000000 -1
0 210.000000 231.902374 -5.885208 0.000000 0.000000 -1
0 210.000000 231.902374 -5.885208 0.500000 1.000000 -1
0 210.000000 231.857880 6.966007 0.500000 0.833333 -1
0 209.327591 231.763794 -5.903006 0.000000 0.000000 -1
0 209.327591 231.719284 6.948519 0.583333 0.833333 -1
0 209.327591 231.763794 -5.903006 0.583333 1.000000 -1
0 208.835342 231.385071 -5.951693 0.000000 0.000000 -1
0 208.835342 231.385071 -5.951693 0.666667 1.000000 -1
0 208.835342 231.340637 6.900553 0.666667 0.833333 -1
0 208.655167 230.867905 -6.017046 0.000000 0.000000 -1
0 208.655167 230.823334 6.834473 0.750000 0.833333 -1
0 208.655167 230.867905 -6.017046 0.750000 1.000000 -1
0 208.835342 230.350845 -6.082453 0.000000 0.000000 -1
0 208.835342 230.350845 -6.082453 0.833333 1.000000 -1
0 208.835342 230.306229 6.768473 0.833333 0.833333 -1
0 209.327591 229.972107 -6.130846 0.000000 0.000000 -1
0 209.327591 229.927658 6.720684 0.916667 0.833333 -1
0 209.327591 229.972107 -6.130846 0.916667 1.000000 -1
0 210.000000 229.833588 -6.148455 1.000000 1.000000 -1
0 210.000000 229.789047 6.703312 1.000000 0.833333 -1
0 210.000000 224.617905 -5.783886 0.000000 0.000000 -1
0 210.672424 223.722107 -5.847265 0.000000 0.000000 -1
0 210.000000 223.583588 -5.857072 0.000000 0.000000 -1
0 210.672424 223.677658 1.310246 0.083333 0.833333 -1
0 210.000000 223.539047 1.300568 0.000000 0.833333 -1
0 210.000000 223.583588 -5.857072 0.000000 1.000000 -1
0 210.672424 223.722107 -5.847265 0.083333 1.000000 -1
0 211.164673 224.100845 -5.820315 0.000000 0.000000 -1
0 211.164673 224.100845 -5.820315 0.166667 1.000000 -1
0 211.164673 224.056229 1.336857 0.166667 0.833333 -1
0 211.344849 224.617905 -5.783883 0.000000 0.000000 -1
0 211.344849 224.573334 1.373617 0.250000 0.833333 -1
0 211.344849 224.617905 -5.783883 0.250000 1.000000 -1
0 211.164673 225.135071 -5.747488 0.000000 0.000000 -1
0 211.164673 225.135071 -5.747488 0.333333 1.000000 -1
0 211.164673 225.090637 1.410417 0.333333 0.833333 -1
0 210.672424 225.513794 -5.720371 0.000000 0.000000 -1
0 210.672424 225.469284 1.437134 0.416667 0.833333 -1
0 210.672424 225.513794 -5.720371 0.416667 1.000000 -1
0 210.000000 225.652374 -5.710460 0.000000 0.000000 -1
0 210.000000 225.652374 -5.710460 0.500000 1.000000 -1
0 210.000000 225.607880 1.446873 0.500000 0.833333 -1
0 209.327591 225.513794 -5.720371 0.000000 0.000000 -1
0 209.327591 225.469284 1.437133 0.583333 0.833333 -1
0 209.327591 225.513794 -5.720371 0.583333 1.000000 -1
0 208.835342 225.135071 -5.747488 0.000000 0.000000 -1
0 208.835342 225.135071 -5.747488 0.666667 1.000000 -1
0 208.835342 225.090637 1.410419 0.666667 0.833333 -1
0 208.655167 224.617905 -5.783885 0.000000 0.000000 -1
0 208.655167 224.573334 1.373617 0.750000 0.833333 -1
0 208.655167 224.617905 -5.783885 0.750000 1.000000 -1
0 208.835342 224.100845 -5.820313 0.000000 0.000000 -1
0 208.835342 224.100845 -5.820313 0.833333 1.000000 -1
0 208.835342 224.056229 1.336859 0.833333 0.833333 -1
0 209.327591 223.722107 -5.847265 0.000000 0.000000 -1
0 209.327591 223.677658 1.310243 0.916667 0.833333 -1
0 209.327591 223.722107 -5.847265 0.916667 1.000000 -1
0 210.000000 223.583588 -5.857072 1.000000 1.000000 -1
0 210.000000 223.539047 1.300568 1.000000 0.833333 -1
0 207.753632 228.001785 -21.213242 1.000000 0.000000 -1
0 210.246353 13.211441 -21.213242 0.000000 1.000000 -1
0 210.246353 228.001785 -21.213242 0.000000 0.000000 -1
0 207.753632 13.211441 -21.213242 1.000000 1.000000 -1
0 207.753632 228.001785 -23.963242 1.000000 0.000000 -1
0 207.753632 13.211441 -21.213242 0.000000 1.000000 -1
0 207.753632 228.001785 -21.213242 0.000000 0.000000 -1
0 207.753632 13.211441 -23.963242 1.000000 1.000000 -1
0 210.246353 228.001785 -23.963242 1.000000 0.000000 -1
0 207.753632 13.211441 -23.963242 0.000000 1.000000 -1
0 207.753632 228.001785 -23.963242 0.000000 0.000000 -1
0 210.246353 13.211441 -23.963242 1.000000 1.000000 -1
0 210.246353 228.001785 -21.213242 1.000000 0.000000 -1
0 210.246353 13.211441 -23.963242 0.000000 1.000000 -1
0 210.246353 228.001785 -23.963242 0.000000 0.000000 -1
0 210.246353 13.211441 -21.213242 1.000000 1.000000 -1
0 210.246353 228.001785 -21.213242 0.000000 1.000000 -1
0 207.753632 228.001785 -21.213242 1.000000 1.000000 -1
0 207.753632 13.211441 -21.213242 1.000000 0.000000 -1
0 210.246353 13.211441 -21.213242 0.000000 0.000000 -1
0 207.860687 14.619959 -14.274650 1.000000 0.000000 -1
0 210.239288 12.593267 -14.274650 0.000000 1.000000 -1
0 210.239288 14.619959 -14.274650 0.000000 0.000000 -1
0 207.860687 12.593267 -14.274650 1.000000 1.000000 -1
0 207.860687 14.619959 -23.651833 1.000000 0.000000 -1
0 207.860687 12.593267 -14.274650 0.000000 1.000000 -1
0 207.860687 14.619959 -14.274650 0.000000 0.000000 -1
0 207.860687 12.593267 -23.651833 1.000000 1.000000 -1
0 210.239288 14.619959 -23.651833 1.000000 0.000000 -1
0 207.860687 12.593267 -23.651833 0.000000 1.000000 -1
0 207.860687 14.619959 -23.651833 0.000000 0.000000 -1
0 210.239288 12.593267 -23.651833 1.000000 1.000000 -1
0 210.239288 14.619959 -14.274650 1.000000 0.000000 -1
0 210.239288 12.593267 -23.651833 0.000000 1.000000 -1
0 210.239288 14.619959 -23.651833 0.000000 0.000000 -1
0 210.239288 12.593267 -14.274650 1.000000 1.000000 -1
0 210.239288 14.619959 -14.274650 0.000000 1.000000 -1
0 207.860687 14.619959 -14.274650 1.000000 1.000000 -1
0 207.860687 12.593267 -14.274650 1.000000 0.000000 -1
0 210.239288 12.593267 -14.274650 0.000000 0.000000 -1
0 -211.166489 232.079041 -4.515095 0.000000 0.000000 -1
0 -211.166489 217.134186 -4.515095 0.000000 1.000000 -1
0 -208.366501 232.079041 -4.515095 1.000000 0.000000 -1
0 -208.366501 217.134186 -4.515095 1.000000 1.000000 -1
0 -208.366501 232.079041 -4.515095 0.000000 0.000000 -1
0 -208.366501 217.134186 -4.515095 0.000000 1.000000 -1
0 -208.366501 232.079041 -6.984904 1.000000 0.000000 -1
0 -208.366501 217.134186 -6.984904 1.000000 1.000000 -1
0 -208.366501 232.079041 -6.984904 0.000000 0.000000 -1
0 -208.366501 217.134186 -6.984904 0.000000 1.000000 -1
0 -211.166489 232.079041 -6.984904 1.000000 0.000000 -1
0 -211.166489 217.134186 -6.984904 1.000000 1.000000 -1
0 -211.166489 232.079041 -6.984904 0.000000 0.000000 -1
0 -211.166489 217.134186 -6.984904 0.000000 1.000000 -1
0 -211.166489 232.079041 -4.515095 1.000000 0.000000 -1
0 -211.166489 217.134186 -4.515095 1.000000 1.000000 -1
0 -211.166489 232.079041 -4.515095 0.000000 1.000000 -1
0 -208.366501 232.079041 -4.515095 1.000000 1.000000 -1
0 -211.166489 217.134186 -4.515095 0.000000 0.000000 -1
0 -208.366501 217.134186 -4.515095 1.000000 0.000000 -1
0 -208.897675 227.907791 -22.450676 0.000000 0.000000 -1
0 -209.044235 227.127106 -22.481749 0.000000 0.000000 -1
0 -209.991501 228.157791 -24.200676 0.000000 0.000000 -1
0 -208.897675 227.846054 -6.822939 0.000000 0.000000 -1
0 -209.991501 228.096054 -8.572939 0.000000 0.000000 -1
0 -209.044235 227.420303 -6.858301 0.000000 0.000000 -1
0 -208.897675 227.907791 -22.450676 0.000000 1.000000 -1
0 -208.897675 227.890152 -20.139067 0.000000 0.833333 -1
0 -209.044235 227.109528 -20.170134 0.083333 0.833333 -1
0 -209.044235 227.127106 -22.481749 0.083333 1.000000 -1
0 -208.897675 227.884628 -17.343342 0.000000 0.666667 -1
0 -209.044235 227.458908 -17.378710 0.083333 0.666667 -1
0 -208.897675 227.874985 -14.215716 0.000000 0.500000 -1
0 -209.044235 227.450592 -14.237703 0.083333 0.500000 -1
0 -208.897675 227.865341 -12.580666 0.000000 0.333333 -1
0 -209.044235 227.440918 -12.602644 0.083333 0.333333 -1
0 -208.897675 227.855713 -9.453041 0.000000 0.166667 -1
0 -209.044235 227.429947 -9.488406 0.083333 0.166667 -1
0 -209.044235 227.420303 -6.858301 0.083333 0.000000 -1
0 -209.444580 226.555771 -22.504515 0.000000 0.000000 -1
0 -209.444580 227.108658 -6.884195 0.000000 0.000000 -1
0 -209.444580 226.555771 -22.504515 0.166667 1.000000 -1
0 -209.444580 226.538010 -20.192883 0.166667 0.833333 -1
0 -209.444580 227.147217 -17.404587 0.166667 0.666667 -1
0 -209.444580 227.139847 -14.253798 0.166667 0.500000 -1
0 -209.444580 227.130249 -12.618738 0.166667 0.333333 -1
0 -209.444580 227.118256 -9.514282 0.166667 0.166667 -1
0 -209.444580 227.108658 -6.884195 0.166667 0.000000 -1
0 -209.991501 226.346527 -22.512829 0.000000 0.000000 -1
0 -209.991501 226.994568 -6.893669 0.000000 0.000000 -1
0 -209.991501 226.328888 -20.201218 0.250000 0.833333 -1
0 -209.991501 226.346527 -22.512829 0.250000 1.000000 -1
0 -209.991501 227.033127 -17.414074 0.250000 0.666667 -1
0 -209.991501 227.026108 -14.259689 0.250000 0.500000 -1
0 -209.991501 227.016479 -12.624630 0.250000 0.333333 -1
0 -209.991501 227.004211 -9.523769 0.250000 0.166667 -1
0 -209.991501 226.994568 -6.893669 0.250000 0.000000 -1
0 -210.538330 226.555771 -22.504515 0.000000 0.000000 -1
0 -210.538330 227.108658 -6.884195 0.000000 0.000000 -1
0 -210.538330 226.555771 -22.504515 0.333333 1.000000 -1
0 -210.538330 226.538010 -20.192883 0.333333 0.833333 -1
0 -210.538330 227.147217 -17.404587 0.333333 0.666667 -1
0 -210.538330 227.139847 -14.253798 0.333333 0.500000 -1
0 -210.538330 227.130249 -12.618738 0.333333 0.333333 -1
0 -210.538330 227.118256 -9.514282 0.333333 0.166667 -1
0 -210.538330 227.108658 -6.884195 0.333333 0.000000 -1
0 -210.938644 227.127106 -22.481749 0.000000 0.000000 -1
0 -210.938644 227.420303 -6.858301 0.000000 0.000000 -1
0 -210.938644 227.109528 -20.170134 0.416667 0.833333 -1
0 -210.938644 227.127106 -22.481749 0.416667 1.000000 -1
0 -210.938644 227.458908 -17.378710 0.416667 0.666667 -1
0 -210.938644 227.450592 -14.237703 0.416667 0.500000 -1
0 -210.938644 227.440918 -12.602644 0.416667 0.333333 -1
0 -210.938644 227.429947 -9.488406 0.416667 0.166667 -1
0 -210.938644 227.420303 -6.858301 0.416667 0.000000 -1
0 -211.085205 227.907791 -22.450676 0.000000 0.000000 -1
0 -211.085205 227.846054 -6.822939 0.000000 0.000000 -1
0 -211.085205 227.907791 -22.450676 0.500000 1.000000 -1
0 -211.085205 227.890152 -20.139067 0.500000 0.833333 -1
0 -211.085205 227.884628 -17.343342 0.500000 0.666667 -1
0 -211.085205 227.874985 -14.215716 0.500000 0.500000 -1
0 -211.085205 227.865341 -12.580666 0.500000 0.333333 -1
0 -211.085205 227.855713 -9.453041 0.500000 0.166667 -1
0 -211.085205 227.846054 -6.822939 0.500000 0.000000 -1
0 -210.938644 228.688354 -22.419594 0.000000 0.000000 -1
0 -210.938644 228.271805 -6.787582 0.000000 0.000000 -1
0 -210.938644 228.670746 -20.107981 0.583333 0.833333 -1
0 -210.938644 228.688354 -22.419594 0.583333 1.000000 -1
0 -210.938644 228.310379 -17.307976 0.583333 0.666667 -1
0 -210.938644 228.299362 -14.193737 0.583333 0.500000 -1
0 -210.938644 228.289780 -12.558680 0.583333 0.333333 -1
0 -210.938644 228.281418 -9.417677 0.583333 0.166667 -1
0 -210.938644 228.271805 -6.787582 0.583333 0.000000 -1
0 -210.538330 229.259842 -22.396828 0.000000 0.000000 -1
0 -210.538330 228.583466 -6.761694 0.000000 0.000000 -1
0 -210.538330 229.259842 -22.396828 0.666667 1.000000 -1
0 -210.538330 229.242203 -20.085236 0.666667 0.833333 -1
0 -210.538330 228.622040 -17.282103 0.666667 0.666667 -1
0 -210.538330 228.610107 -14.177642 0.666667 0.500000 -1
0 -210.538330 228.600525 -12.542584 0.666667 0.333333 -1
0 -210.538330 228.593109 -9.391803 0.666667 0.166667 -1
0 -210.538330 228.583466 -6.761694 0.666667 0.000000 -1
0 -209.991501 229.469070 -22.388508 0.000000 0.000000 -1
0 -209.991501 228.697525 -6.752209 0.000000 0.000000 -1
0 -209.991501 229.451324 -20.076893 0.750000 0.833333 -1
0 -209.991501 229.469070 -22.388508 0.750000 1.000000 -1
0 -209.991501 228.736099 -17.272617 0.750000 0.666667 -1
0 -209.991501 228.723846 -14.171748 0.750000 0.500000 -1
0 -209.991501 228.714279 -12.536693 0.750000 0.333333 -1
0 -209.991501 228.707184 -9.382317 0.750000 0.166667 -1
0 -209.991501 228.697525 -6.752209 0.750000 0.000000 -1
0 -209.444580 229.259842 -22.396828 0.000000 0.000000 -1
0 -209.444580 228.583466 -6.761694 0.000000 0.000000 -1
0 -209.444580 229.259842 -22.396828 0.833333 1.000000 -1
0 -209.444580 229.242203 -20.085236 0.833333 0.833333 -1
0 -209.444580 228.622040 -17.282103 0.833333 0.666667 -1
0 -209.444580 228.610107 -14.177642 0.833333 0.500000 -1
0 -209.444580 228.600525 -12.542584 0.833333 0.333333 -1
0 -209.444580 228.593109 -9.391803 0.833333 0.166667 -1
0 -209.444580 228.583466 -6.761694 0.833333 0.000000 -1
0 -209.044235 228.688354 -22.419594 0.000000 0.000000 -1
0 -209.044235 228.271805 -6.787582 0.000000 0.000000 -1
0 -209.044235 228.670746 -20.107981 0.916667 0.833333 -1
0 -209.044235 228.688354 -22.419594 0.916667 1.000000 -1
0 -209.044235 228.310379 -17.307976 0.916667 0.666667 -1
0 -209.044235 228.299362 -14.193737 0.916667 0.500000 -1
0 -209.044235 228.289780 -12.558680 0.916667 0.333333 -1
0 -209.044235 228.281418 -9.417677 0.916667 0.166667 -1
0 -209.044235 228.271805 -6.787582 0.916667 0.000000 -1
0 -208.897675 227.907791 -22.450676 1.000000 1.000000 -1
0 -208.897675 227.890152 -20.139067 1.000000 0.833333 -1
0 -208.897675 227.884628 -17.343342 1.000000 0.666667 -1
0 -208.897675 227.874985 -14.215716 1.000000 0.500000 -1
0 -208.897675 227.865341 -12.580666 1.000000 0.333333 -1
0 -208.897675 227.855713 -9.453041 1.000000 0.166667 -1
0 -208.897675 227.846054 -6.822939 1.000000 0.000000 -1
0 -210.000000 229.833588 -6.148455 0.000000 0.000000 -1
0 -210.672424 229.972107 -6.130846 0.000000 0.000000 -1
0 -210.000000 230.867905 -6.017048 0.000000 0.000000 -1
0 -210.000000 229.833588 -6.148455 0.000000 1.000000 -1
0 -210.000000 229.789047 6.703312 0.000000 0.833333 -1
0 -210.672424 229.927658 6.720688 0.083333 0.833333 -1
0 -210.672424 229.972107 -6.130846 0.083333 1.000000 -1
0 -211.164673 230.350845 -6.082457 0.000000 0.000000 -1
0 -211.164673 230.350845 -6.082457 0.166667 1.000000 -1
0 -211.164673 230.306229 6.768471 0.166667 0.833333 -1
0 -211.344849 230.867905 -6.017042 0.000000 0.000000 -1
0 -211.344849 230.823334 6.834475 0.250000 0.833333 -1
0 -211.344849 230.867905 -6.017042 0.250000 1.000000 -1
0 -211.164673 231.385071 -5.951693 0.000000 0.000000 -1
0 -211.164673 231.385071 -5.951693 0.333333 1.000000 -1
0 -211.164673 231.340637 6.900549 0.333333 0.833333 -1
0 -210.672424 231.763794 -5.903004 0.000000 0.000000 -1
0 -210.672424 231.719284 6.948521 0.416667 0.833333 -1
0 -210.672424 231.763794 -5.903004 0.416667 1.000000 -1
0 -210.000000 231.902374 -5.885208 0.000000 0.000000 -1
0 -210.000000 231.902374 -5.885208 0.500000 1.000000 -1
0 -210.000000 231.857880 6.966007 0.500000 0.833333 -1
0 -209.327591 231.763794 -5.903006 0.000000 0.000000 -1
0 -209.327591 231.719284 6.948519 0.583333 0.833333 -1
0 -209.327591 231.763794 -5.903006 0.583333 1.000000 -1
0 -208.835342 231.385071 -5.951693 0.000000 0.000000 -1
0 -208.835342 231.385071 -5.951693 0.666667 1.000000 -1
0 -208.835342 231.340637 6.900553 0.666667 0.833333 -1
0 -208.655167 230.867905 -6.017046 0.000000 0.000000 -1
0 -208.655167 230.823334 6.834473 0.750000 0.833333 -1
0 -208.655167 230.867905 -6.017046 0.750000 1.000000 -1
0 -208.835342 230.350845 -6.082453 0.000000 0.000000 -1
0 -208.835342 230.350845 -6.082453 0.833333 1.000000 -1
0 -208.835342 230.306229 6.768473 0.833333 0.833333 -1
0 -209.327591 229.972107 -6.130846 0.000000 0.000000 -1
0 -209.327591 229.927658 6.720684 0.916667 0.833333 -1
0 -209.327591 229.972107 -6.130846 0.916667 1.000000 -1
0 -210.000000 229.833588 -6.148455 1.000000 1.000000 -1
0 -210.000000 229.789047 6.703312 1.000000 0.833333 -1
0 -210.000000 223.583588 -5.857072 0.000000 0.000000 -1
0 -210.672424 223.722107 -5.847265 0.000000 0.000000 -1
0 -210.000000 224.617905 -5.783886 0.000000 0.000000 -1
0 -210.000000 223.583588 -5.857072 0.000000 1.000000 -1
0 -210.000000 223.539047 1.300568 0.000000 0.833333 -1
0 -210.672424 223.677658 1.310246 0.083333 0.833333 -1
0 -210.672424 223.722107 -5.847265 0.083333 1.000000 -1
0 -211.164673 224.100845 -5.820315 0.000000 0.000000 -1
0 -211.164673 224.100845 -5.820315 0.166667 1.000000 -1
0 -211.164673 224.056229 1.336857 0.166667 0.833333 -1
0 -211.344849 224.617905 -5.783883 0.000000 0.000000 -1
0 -211.344849 224.573334 1.373617 0.250000 0.833333 -1
0 -211.344849 224.617905 -5.783883 0.250000 1.000000 -1
0 -211.164673 225.135071 -5.747488 0.000000 0.000000 -1
0 -211.164673 225.135071 -5.747488 0.333333 1.000000 -1
0 -211.164673 225.090637 1.410417 0.333333 0.833333 -1
0 -210.672424 225.513794 -5.720371 0.000000 0.000000 -1
0 -210.672424 225.469284 1.437134 0.416667 0.833333 -1
0 -210.672424 225.513794 -5.720371 0.416667 1.000000 -1
0 -210.000000 225.652374 -5.710460 0.000000 0.000000 -1
0 -210.000000 225.652374 -5.710460 0.500000 1.000000 -1
0 -210.000000 225.607880 1.446873 0.500000 0.833333 -1
0 -209.327591 225.513794 -5.720371 0.000000 0.000000 -1
0 -209.327591 225.469284 1.437133 0.583333 0.833333 -1
0 -209.327591 225.513794 -5.720371 0.583333 1.000000 -1
0 -208.835342 225.135071 -5.747488 0.000000 0.000000 -1
0 -208.835342 225.135071 -5.747488 0.666667 1.000000 -1
0 -208.835342 225.090637 1.410419 0.666667 0.833333 -1
0 -208.655167 224.617905 -5.783885 0.000000 0.000000 -1
0 -208.655167 224.573334 1.373617 0.750000 0.833333 -1
0 -208.655167 224.617905 -5.783885 0.750000 1.000000 -1
0 -208.835342 224.100845 -5.820313 0.000000 0.000000 -1
0 -208.835342 224.100845 -5.820313 0.833333 1.000000 -1
0 -208.835342 224.056229 1.336859 0.833333 0.833333 -1
0 -209.327591 223.722107 -5.847265 0.000000 0.000000 -1
0 -209.327591 223.677658 1.310243 0.916667 0.833333 -1
0 -209.327591 223.722107 -5.847265 0.916667 1.000000 -1
0 -210.000000 223.583588 -5.857072 1.000000 1.000000 -1
0 -210.000000 223.539047 1.300568 1.000000 0.833333 -1
0 -210.246353 228.001785 -21.213242 0.000000 0.000000 -1
0 -210.246353 13.211441 -21.213242 0.000000 1.000000 -1
0 -207.753632 228.001785 -21.213242 1.000000 0.000000 -1
0 -207.753632 13.211441 -21.213242 1.000000 1.000000 -1
0 -207.753632 228.001785 -21.213242 0.000000 0.000000 -1
0 -207.753632 13.211441 -21.213242 0.000000 1.000000 -1
0 -207.753632 228.001785 -23.963242 1.000000 0.000000 -1
0 -207.753632 13.211441 -23.963242 1.000000 1.000000 -1
0 -207.753632 228.001785 -23.963242 0.000000 0.000000 -1
0 -207.753632 13.211441 -23.963242 0.000000 1.000000 -1
0 -210.246353 228.001785 -23.963242 1.000000 0.000000 -1
0 -210.246353 13.211441 -23.963242 1.000000 1.000000 -1
0 -210.246353 228.001785 -23.963242 0.000000 0.000000 -1
0 -210.246353 13.211441 -23.963242 0.000000 1.000000 -1
0 -210.246353 228.001785 -21.213242 1.000000 0.000000 -1
0 -210.246353 13.211441 -21.213242 1.000000 1.000000 -1
0 -210.246353 228.001785 -21.213242 0.000000 1.000000 -1
0 -207.753632 228.001785 -21.213242 1.000000 1.000000 -1
0 -210.246353 13.211441 -21.213242 0.000000 0.000000 -1
0 -207.753632 13.211441 -21.213242 1.000000 0.000000 -1
0 -210.239288 14.619959 -14.274650 0.000000 0.000000 -1
0 -210.239288 12.593267 -14.274650 0.000000 1.000000 -1
0 -207.860687 14.619959 -14.274650 1.000000 0.000000 -1
0 -207.860687 12.593267 -14.274650 1.000000 1.000000 -1
0 -207.860687 14.619959 -14.274650 0.000000 0.000000 -1
0 -207.860687 12.593267 -14.274650 0.000000 1.000000 -1
0 -207.860687 14.619959 -23.651833 1.000000 0.000000 -1
0 -207.860687 12.593267 -23.651833 1.000000 1.000000 -1
0 -207.860687 14.619959 -23.651833 0.000000 0.000000 -1
0 -207.860687 12.593267 -23.651833 0.000000 1.000000 -1
0 -210.239288 14.619959 -23.651833 1.000000 0.000000 -1
0 -210.239288 12.593267 -23.651833 1.000000 1.000000 -1
0 -210.239288 14.619959 -23.651833 0.000000 0.000000 -1
0 -210.239288 12.593267 -23.651833 0.000000 1.000000 -1
0 -210.239288 14.619959 -14.274650 1.000000 0.000000 -1
0 -210.239288 12.593267 -14.274650 1.000000 1.000000 -1
0 -210.239288 14.619959 -14.274650 0.000000 1.000000 -1
0 -207.860687 14.619959 -14.274650 1.000000 1.000000 -1
0 -210.239288 12.593267 -14.274650 0.000000 0.000000 -1
0 -207.860687 12.593267 -14.274650 1.000000 0.000000 -1
358
0.000000 0.000000 1.000000
-1.000000 0.000000 0.000000
0.000000 0.000000 -1.000000
1.000000 0.000000 0.000000
0.000000 1.000000 0.000000
0.000000 -1.000000 0.000000
0.000030 0.067506 -0.997719
-0.754784 -0.288677 -0.589039
-0.849202 0.022356 -0.527595
0.693511 0.451785 0.561188
-0.000031 -0.108053 0.994145
0.850025 -0.046028 0.524727
-0.898253 -0.438260 0.032696
-1.000000 0.000004 0.000000
-1.000000 0.000009 0.000001
-0.921721 -0.387842 -0.002949
-0.999941 -0.000809 0.010847
-0.812117 -0.582401 0.035712
-0.813154 -0.582043 -0.002474
-1.000000 0.000006 0.000000
-1.000000 0.000006 -0.000040
-0.812956 -0.582319 -0.002748
-0.813517 -0.581537 -0.002105
-1.000000 0.000022 0.000000
-1.000000 0.000011 -0.000001
-0.813693 -0.581291 -0.002131
-0.470698 -0.560623 -0.681282
0.365405 0.747152 0.555196
-0.615165 -0.788375 -0.006033
-0.612412 -0.786242 0.082311
-0.467516 -0.879859 0.085299
-0.419249 -0.907864 -0.003726
-0.419482 -0.907753 -0.004402
-0.420191 -0.907429 -0.003409
-0.420191 -0.907430 -0.003319
0.000021 -0.681743 -0.731592
-0.000015 0.836170 0.548470
0.000025 -0.993554 0.113364
0.000028 -0.999971 -0.007630
0.000016 -0.992474 0.122457
0.000017 -0.999992 -0.004081
0.000017 -0.999988 -0.004922
0.000017 -0.999993 -0.003784
0.000017 -0.999993 -0.003667
0.470737 -0.560615 -0.681261
-0.365437 0.747146 0.555183
0.615202 -0.788347 -0.006032
0.612448 -0.786214 0.082308
0.467550 -0.879842 0.085297
0.419281 -0.907849 -0.003726
0.419513 -0.907738 -0.004402
0.420223 -0.907414 -0.003408
0.420223 -0.907415 -0.003319
0.754814 -0.288676 -0.589001
-0.693539 0.451786 0.561154
0.898261 -0.438244 0.032695
0.921728 -0.387826 -0.002949
0.812128 -0.582386 0.035711
0.813165 -0.582028 -0.002474
0.812967 -0.582304 -0.002748
0.813528 -0.581522 -0.002105
0.813704 -0.581276 -0.002131
0.849229 0.022355 -0.527552
-0.850051 -0.046024 0.524685
1.000000 0.000009 0.000001
1.000000 0.000004 0.000000
0.999941 -0.000809 0.010847
1.000000 0.000006 0.000000
1.000000 0.000006 -0.000040
1.000000 0.000022 0.000000
1.000000 0.000011 -0.000001
0.781090 0.347401 -0.518855
-0.713035 -0.551770 0.432586
0.899494 0.435442 0.036071
0.921747 0.387781 0.002954
0.814485 0.578931 0.038110
0.813177 0.582010 0.002749
0.813000 0.582259 0.002481
0.813526 0.581526 0.001825
0.813711 0.581266 0.002125
0.504813 0.660072 -0.556299
-0.381005 -0.857480 0.345779
0.615211 0.788339 0.006025
0.614848 0.783620 0.088889
0.470941 0.877674 0.088905
0.419292 0.907841 0.004405
0.419527 0.907735 0.003745
0.420229 0.907414 0.002731
0.420228 0.907412 0.003326
0.000023 0.810150 -0.586222
-0.000016 -0.949531 0.313674
0.000025 0.992532 0.121980
0.000028 0.999971 0.007677
0.000017 0.991963 0.126525
0.000017 0.999988 0.004877
0.000017 0.999992 0.004050
0.000017 0.999996 0.002985
0.000017 0.999993 0.003672
-0.504772 0.660085 -0.556321
0.380972 -0.857490 0.345791
-0.615175 0.788367 0.006025
-0.614812 0.783648 0.088892
-0.470907 0.877691 0.088907
-0.419260 0.907856 0.004405
-0.419495 0.907750 0.003745
-0.420197 0.907429 0.002731
-0.420196 0.907427 0.003326
-0.781061 0.347407 -0.518895
0.713008 -0.551777 0.432621
-0.899486 0.435459 0.036072
-0.921740 0.387797 0.002954
-0.814474 0.578946 0.038111
-0.813167 0.582025 0.002749
-0.812989 0.582274 0.002481
-0.813515 0.581541 0.001825
-0.813700 0.581281 0.002125
0.000000 0.126057 -0.992023
0.000184 0.126159 -0.992010
-0.000000 0.126034 -0.992026
0.416514 -0.909124 -0.003149
-0.000002 -0.999994 -0.003466
-0.000002 -0.999994 -0.003462
0.416534 -0.909115 -0.003144
0.000179 0.125897 -0.992043
0.810950 -0.585112 -0.002028
0.810923 -0.585150 -0.002032
0.000004 0.125438 -0.992101
1.000000 -0.000046 -0.000001
1.000000 -0.000032 -0.000000
-0.000304 0.126048 -0.992024
0.810988 0.585059 0.002025
0.810986 0.585062 0.002023
-0.000404 0.126577 -0.991957
0.416548 0.909108 0.003147
0.416566 0.909100 0.003149
0.000001 0.126424 -0.991976
-0.000002 0.999994 0.003463
-0.000002 0.999994 0.003462
0.000405 0.126575 -0.991957
-0.416550 0.909107 0.003147
-0.416568 0.909099 0.003149
0.000304 0.126049 -0.992024
-0.810988 0.585059 0.002025
-0.810986 0.585062 0.002023
-0.000001 0.125434 -0.992102
-1.000000 -0.000046 -0.000001
-1.000000 -0.000032 -0.000000
-0.000180 0.125892 -0.992044
-0.810950 -0.585112 -0.002028
-0.810923 -0.585150 -0.002032
-0.000186 0.126160 -0.992010
-0.416517 -0.909123 -0.003149
-0.416536 -0.909114 -0.003144
0.000000 0.070594 -0.997505
0.000103 0.070652 -0.997501
-0.000000 0.070581 -0.997506
0.416510 -0.909113 -0.005654
-0.000002 -0.999981 -0.006223
-0.000002 -0.999981 -0.006216
0.416530 -0.909104 -0.005646
0.000100 0.070504 -0.997512
0.810947 -0.585108 -0.003642
0.810920 -0.585146 -0.003648
0.000002 0.070243 -0.997530
1.000000 -0.000046 -0.000003
1.000000 -0.000032 -0.000000
-0.000170 0.070588 -0.997506
0.810985 0.585055 0.003636
0.810983 0.585059 0.003632
-0.000227 0.070888 -0.997484
0.416544 0.909098 0.005651
0.416562 0.909090 0.005653
0.000000 0.070801 -0.997490
-0.000002 0.999981 0.006218
-0.000002 0.999981 0.006217
0.000227 0.070888 -0.997484
-0.416546 0.909097 0.005651
-0.416564 0.909089 0.005653
0.000171 0.070590 -0.997505
-0.810985 0.585055 0.003636
-0.810983 0.585059 0.003632
-0.000001 0.070241 -0.997530
-1.000000 -0.000046 -0.000003
-1.000000 -0.000032 -0.000000
-0.000101 0.070501 -0.997512
-0.810947 -0.585108 -0.003642
-0.810920 -0.585146 -0.003648
-0.000105 0.070653 -0.997501
-0.416512 -0.909112 -0.005654
-0.416532 -0.909104 -0.005646
0.849202 0.022356 -0.527595
0.754784 -0.288677 -0.589039
-0.000030 0.067506 -0.997719
-0.850025 -0.046028 0.524727
0.000031 -0.108053 0.994145
-0.693511 0.451785 0.561188
1.000000 0.000009 0.000001
0.898253 -0.438260 0.032696
0.921721 -0.387842 -0.002949
0.812117 -0.582401 0.035712
0.813154 -0.582043 -0.002474
1.000000 0.000006 -0.000040
0.812956 -0.582319 -0.002748
0.813517 -0.581537 -0.002105
0.813693 -0.581291 -0.002131
0.470698 -0.560623 -0.681282
-0.365405 0.747152 0.555196
0.615165 -0.788375 -0.006033
0.612412 -0.786242 0.082311
0.467516 -0.879859 0.085299
0.419249 -0.907864 -0.003726
0.419482 -0.907753 -0.004402
0.420191 -0.907429 -0.003409
0.420191 -0.907430 -0.003319
-0.000021 -0.681743 -0.731592
0.000015 0.836170 0.548470
-0.000025 -0.993554 0.113364
-0.000028 -0.999971 -0.007630
-0.000016 -0.992474 0.122457
-0.000017 -0.999992 -0.004081
-0.000017 -0.999988 -0.004922
-0.000017 -0.999993 -0.003784
-0.000017 -0.999993 -0.003667
-0.470737 -0.560615 -0.681261
0.365437 0.747146 0.555183
-0.615202 -0.788347 -0.006032
-0.612448 -0.786214 0.082308
-0.467550 -0.879842 0.085297
-0.419281 -0.907849 -0.003726
-0.419513 -0.907738 -0.004402
-0.420223 -0.907414 -0.003408
-0.420223 -0.907415 -0.003319
-0.754814 -0.288676 -0.589001
0.693539 0.451786 0.561154
-0.898261 -0.438244 0.032695
-0.921728 -0.387826 -0.002949
-0.812128 -0.582386 0.035711
-0.813165 -0.582028 -0.002474
-0.812967 -0.582304 -0.002748
-0.813528 -0.581522 -0.002105
-0.813704 -0.581276 -0.002131
-0.849229 0.022355 -0.527552
0.850051 -0.046024 0.524685
-1.000000 0.000009 0.000001
-1.000000 0.000006 -0.000040
-0.781090 0.347401 -0.518855
0.713035 -0.551770 0.432586
-0.899494 0.435442 0.036071
-0.921747 0.387781 0.002954
-0.814485 0.578931 0.038110
-0.813177 0.582010 0.002749
-0.813000 0.582259 0.002481
-0.813526 0.581526 0.001825
-0.813711 0.581266 0.002125
-0.504813 0.660072 -0.556299
0.381005 -0.857480 0.345779
-0.615211 0.788339 0.006025
-0.614848 0.783620 0.088889
-0.470941 0.877674 0.088905
-0.419292 0.907841 0.004405
-0.419527 0.907735 0.003745
-0.420229 0.907414 0.002731
-0.420228 0.907412 0.003326
-0.000023 0.810150 -0.586222
0.000016 -0.949531 0.313674
-0.000025 0.992532 0.121980
-0.000028 0.999971 0.007677
-0.000017 0.991963 0.126525
-0.000017 0.999988 0.004877
-0.000017 0.999992 0.004050
-0.000017 0.999996 0.002985
-0.000017 0.999993 0.003672
0.504772 0.660085 -0.556321
-0.380972 -0.857490 0.345791
0.615175 0.788367 0.006025
0.614812 0.783648 0.088892
0.470907 0.877691 0.088907
0.419260 0.907856 0.004405
0.419495 0.907750 0.003745
0.420197 0.907429 0.002731
0.420196 0.907427 0.003326
0.781061 0.347407 -0.518895
-0.713008 -0.551777 0.432621
0.899486 0.435459 0.036072
0.921740 0.387797 0.002954
0.814474 0.578946 0.038111
0.813167 0.582025 0.002749
0.812989 0.582274 0.002481
0.813515 0.581541 0.001825
0.813700 0.581281 0.002125
0.000000 0.126034 -0.992026
-0.000184 0.126159 -0.992010
-0.000000 0.126057 -0.992023
0.000002 -0.999994 -0.003462
0.000002 -0.999994 -0.003466
-0.416514 -0.909124 -0.003149
-0.416534 -0.909115 -0.003144
-0.000179 0.125897 -0.992043
-0.810923 -0.585150 -0.002032
-0.000004 0.125438 -0.992101
-1.000000 -0.000046 -0.000001
-1.000000 -0.000032 -0.000000
0.000304 0.126048 -0.992024
-0.810988 0.585059 0.002025
-0.810986 0.585062 0.002023
0.000404 0.126577 -0.991957
-0.416548 0.909108 0.003147
-0.416566 0.909100 0.003149
-0.000001 0.126424 -0.991976
0.000002 0.999994 0.003463
0.000002 0.999994 0.003462
-0.000405 0.126575 -0.991957
0.416550 0.909107 0.003147
0.416568 0.909099 0.003149
-0.000304 0.126049 -0.992024
0.810988 0.585059 0.002025
0.810986 0.585062 0.002023
0.000001 0.125434 -0.992102
1.000000 -0.000046 -0.000001
1.000000 -0.000032 -0.000000
0.000180 0.125892 -0.992044
0.810923 -0.585150 -0.002032
0.000186 0.126160 -0.992010
0.416517 -0.909123 -0.003149
0.416536 -0.909114 -0.003144
0.000000 0.070581 -0.997506
-0.000103 0.070652 -0.997501
-0.000000 0.070594 -0.997505
0.000002 -0.999981 -0.006216
0.000002 -0.999981 -0.006223
-0.416510 -0.909113 -0.005654
-0.416530 -0.909104 -0.005646
-0.000100 0.070504 -0.997512
-0.000002 0.070243 -0.997530
-1.000000 -0.000046 -0.000003
-1.000000 -0.000032 -0.000000
0.000170 0.070588 -0.997506
-0.810985 0.585055 0.003636
-0.810983 0.585059 0.003632
0.000227 0.070888 -0.997484
-0.416544 0.909098 0.005651
-0.416562 0.909090 0.005653
-0.000000 0.070801 -0.997490
0.000002 0.999981 0.006218
0.000002 0.999981 0.006217
-0.000227 0.070888 -0.997484
0.416546 0.909097 0.005651
0.416564 0.909089 0.005653
-0.000171 0.070590 -0.997505
0.810985 0.585055 0.003636
0.810983 0.585059 0.003632
0.000001 0.070241 -0.997530
1.000000 -0.000046 -0.000003
1.000000 -0.000032 -0.000000
0.000101 0.070501 -0.997512
0.000105 0.070653 -0.997501
0.416512 -0.909112 -0.005654
0.416532 -0.909104 -0.005646
552
0 0 1 2 0 0 0 1
0 0 3 1 0 0 0 1
0 4 5 6 1 1 1 2
0 4 7 5 1 1 1 2
0 8 9 10 2 2 2 1
0 8 11 9 2 2 2 1
0 12 13 14 3 3 3 2
0 12 15 13 3 3 3 2
0 4 16 14 4 4 4 3
0 4 17 16 4 4 4 3
0 18 13 19 5 5 5 3
0 18 7 13 5 5 5 3
0 20 21 22 6 7 8 2
0 23 24 25 9 10 11 2
0 26 27 28 12 13 14 1
0 29 26 28 15 12 14 1
0 26 30 27 12 16 13 1
0 26 31 30 12 17 16 1
0 32 33 30 18 19 16 1
0 31 32 30 17 18 16 1
0 32 34 33 18 20 19 1
0 32 35 34 18 21 20 1
0 36 37 34 22 23 20 1
0 35 36 34 21 22 20 1
0 36 25 37 22 24 23 1
0 36 38 25 22 25 24 1
0 20 39 21 6 26 7 2
0 40 24 23 27 10 9 2
0 41 26 29 28 12 15 1
0 41 42 26 28 29 12 1
0 43 31 26 30 17 12 1
0 42 43 26 29 30 12 1
0 43 32 31 30 18 17 1
0 43 44 32 30 31 18 1
0 45 35 32 32 21 18 1
0 44 45 32 31 32 18 1
0 45 36 35 32 22 21 1
0 45 46 36 32 33 22 1
0 47 38 36 34 25 22 1
0 46 47 36 33 34 22 1
0 20 48 39 6 35 26 2
0 49 24 40 36 10 27 2
0 50 42 41 37 29 28 1
0 51 50 41 38 37 28 1
0 50 43 42 37 30 29 1
0 50 52 43 37 39 30 1
0 53 44 43 40 31 30 1
0 52 53 43 39 40 30 1
0 53 45 44 40 32 31 1
0 53 54 45 40 41 32 1
0 55 46 45 42 33 32 1
0 54 55 45 41 42 32 1
0 55 47 46 42 34 33 1
0 55 56 47 42 43 34 1
0 20 57 48 6 44 35 2
0 58 24 49 45 10 36 2
0 59 50 51 46 37 38 1
0 59 60 50 46 47 37 1
0 61 52 50 48 39 37 1
0 60 61 50 47 48 37 1
0 61 53 52 48 40 39 1
0 61 62 53 48 49 40 1
0 63 54 53 50 41 40 1
0 62 63 53 49 50 40 1
0 63 55 54 50 42 41 1
0 63 64 55 50 51 42 1
0 65 56 55 52 43 42 1
0 64 65 55 51 52 42 1
0 20 66 57 6 53 44 2
0 67 24 58 54 10 45 2
0 68 60 59 55 47 46 1
0 69 68 59 56 55 46 1
0 68 61 60 55 48 47 1
0 68 70 61 55 57 48 1
0 71 62 61 58 49 48 1
0 70 71 61 57 58 48 1
0 71 63 62 58 50 49 1
0 71 72 63 58 59 50 1
0 73 64 63 60 51 50 1
0 72 73 63 59 60 50 1
0 73 65 64 60 52 51 1
0 73 74 65 60 61 52 1
0 20 75 66 6 62 53 2
0 76 24 67 63 10 54 2
0 77 68 69 64 55 56 1
0 77 78 68 64 65 55 1
0 79 70 68 66 57 55 1
0 78 79 68 65 66 55 1
0 79 71 70 66 58 57 1
0 79 80 71 66 67 58 1
0 81 72 71 68 59 58 1
0 80 81 71 67 68 58 1
0 81 73 72 68 60 59 1
0 81 82 73 68 69 60 1
0 83 74 73 70 61 60 1
0 82 83 73 69 70 60 1
0 20 84 75 6 71 62 2
0 85 24 76 72 10 63 2
0 86 78 77 73 65 64 1
0 87 86 77 74 73 64 1
0 86 79 78 73 66 65 1
0 86 88 79 73 75 66 1
0 89 80 79 76 67 66 1
0 88 89 79 75 76 66 1
0 89 81 80 76 68 67 1
0 89 90 81 76 77 68 1
0 91 82 81 78 69 68 1
0 90 91 81 77 78 68 1
0 91 83 82 78 70 69 1
0 91 92 83 78 79 70 1
0 20 93 84 6 80 71 2
0 94 24 85 81 10 72 2
0 95 86 87 82 73 74 1
0 95 96 86 82 83 73 1
0 97 88 86 84 75 73 1
0 96 97 86 83 84 73 1
0 97 89 88 84 76 75 1
0 97 98 89 84 85 76 1
0 99 90 89 86 77 76 1
0 98 99 89 85 86 76 1
0 99 91 90 86 78 77 1
0 99 100 91 86 87 78 1
0 101 92 91 88 79 78 1
0 100 101 91 87 88 78 1
0 20 102 93 6 89 80 2
0 103 24 94 90 10 81 2
0 104 96 95 91 83 82 1
0 105 104 95 92 91 82 1
0 104 97 96 91 84 83 1
0 104 106 97 91 93 84 1
0 107 98 97 94 85 84 1
0 106 107 97 93 94 84 1
0 107 99 98 94 86 85 1
0 107 108 99 94 95 86 1
0 109 100 99 96 87 86 1
0 108 109 99 95 96 86 1
0 109 101 100 96 88 87 1
0 109 110 101 96 97 88 1
0 20 111 102 6 98 89 2
0 112 24 103 99 10 90 2
0 113 104 105 100 91 92 1
0 113 114 104 100 101 91 1
0 115 106 104 102 93 91 1
0 114 115 104 101 102 91 1
0 115 107 106 102 94 93 1
0 115 116 107 102 103 94 1
0 117 108 107 104 95 94 1
0 116 117 107 103 104 94 1
0 117 109 108 104 96 95 1
0 117 118 109 104 105 96 1
0 119 110 109 106 97 96 1
0 118 119 109 105 106 96 1
0 20 120 111 6 107 98 2
0 121 24 112 108 10 99 2
0 122 114 113 109 101 100 1
0 123 122 113 110 109 100 1
0 122 115 114 109 102 101 1
0 122 124 115 109 111 102 1
0 125 116 115 112 103 102 1
0 124 125 115 111 112 102 1
0 125 117 116 112 104 103 1
0 125 126 117 112 113 104 1
0 127 118 117 114 105 104 1
0 126 127 117 113 114 104 1
0 127 119 118 114 106 105 1
0 127 128 119 114 115 106 1
0 20 22 120 6 8 107 2
0 25 24 121 11 10 108 2
0 129 122 123 14 109 110 1
0 129 130 122 14 13 109 1
0 131 124 122 16 111 109 1
0 130 131 122 13 16 109 1
0 131 125 124 16 112 111 1
0 131 132 125 16 19 112 1
0 133 126 125 20 113 112 1
0 132 133 125 19 20 112 1
0 133 127 126 20 114 113 1
0 133 134 127 20 23 114 1
0 135 128 127 24 115 114 1
0 134 135 127 23 24 114 1
0 136 137 138 116 117 118 2
0 139 140 141 119 120 121 1
0 142 139 141 122 119 121 1
0 136 143 137 116 123 117 2
0 144 139 142 124 119 122 1
0 144 145 139 124 125 119 1
0 136 146 143 116 126 123 2
0 147 145 144 127 125 124 1
0 148 147 144 128 127 124 1
0 136 149 146 116 129 126 2
0 150 147 148 130 127 128 1
0 150 151 147 130 131 127 1
0 136 152 149 116 132 129 2
0 153 151 150 133 131 130 1
0 154 153 150 134 133 130 1
0 136 155 152 116 135 132 2
0 156 153 154 136 133 134 1
0 156 157 153 136 137 133 1
0 136 158 155 116 138 135 2
0 159 157 156 139 137 136 1
0 160 159 156 140 139 136 1
0 136 161 158 116 141 138 2
0 162 159 160 142 139 140 1
0 162 163 159 142 143 139 1
0 136 164 161 116 144 141 2
0 165 163 162 145 143 142 1
0 166 165 162 146 145 142 1
0 136 167 164 116 147 144 2
0 168 165 166 148 145 146 1
0 168 169 165 148 149 145 1
0 136 170 167 116 150 147 2
0 171 169 168 151 149 148 1
0 172 171 168 152 151 148 1
0 136 138 170 116 118 150 2
0 173 171 172 121 151 152 1
0 173 174 171 121 120 151 1
0 175 176 177 153 154 155 2
0 178 179 180 156 157 158 1
0 181 178 180 159 156 158 1
0 175 182 176 153 160 154 2
0 183 178 181 161 156 159 1
0 183 184 178 161 162 156 1
0 175 185 182 153 163 160 2
0 186 184 183 164 162 161 1
0 187 186 183 165 164 161 1
0 175 188 185 153 166 163 2
0 189 186 187 167 164 165 1
0 189 190 186 167 168 164 1
0 175 191 188 153 169 166 2
0 192 190 189 170 168 167 1
0 193 192 189 171 170 167 1
0 175 194 191 153 172 169 2
0 195 192 193 173 170 171 1
0 195 196 192 173 174 170 1
0 175 197 194 153 175 172 2
0 198 196 195 176 174 173 1
0 199 198 195 177 176 173 1
0 175 200 197 153 178 175 2
0 201 198 199 179 176 177 1
0 201 202 198 179 180 176 1
0 175 203 200 153 181 178 2
0 204 202 201 182 180 179 1
0 205 204 201 183 182 179 1
0 175 206 203 153 184 181 2
0 207 204 205 185 182 183 1
0 207 208 204 185 186 182 1
0 175 209 206 153 187 184 2
0 210 208 207 188 186 185 1
0 211 210 207 189 188 185 1
0 175 177 209 153 155 187 2
0 212 210 211 158 188 189 1
0 212 213 210 158 157 188 1
0 214 215 216 0 0 0 1
0 214 217 215 0 0 0 1
0 218 219 220 1 1 1 2
0 218 221 219 1 1 1 2
0 222 223 224 2 2 2 1
0 222 225 223 2 2 2 1
0 226 227 228 3 3 3 2
0 226 229 227 3 3 3 2
0 218 230 228 4 4 4 3
0 218 231 230 4 4 4 3
0 232 227 233 5 5 5 3
0 232 221 227 5 5 5 3
0 234 235 236 0 0 0 1
0 234 237 235 0 0 0 1
0 238 239 240 1 1 1 2
0 238 241 239 1 1 1 2
0 242 243 244 2 2 2 1
0 242 245 243 2 2 2 1
0 246 247 248 3 3 3 2
0 246 249 247 3 3 3 2
0 238 250 248 4 4 4 3
0 238 251 250 4 4 4 3
0 252 247 253 5 5 5 3
0 252 241 247 5 5 5 3
0 254 255 256 0 0 0 1
0 255 257 256 0 0 0 1
0 258 259 260 3 3 3 2
0 259 261 260 3 3 3 2
0 262 263 264 2 2 2 1
0 263 265 264 2 2 2 1
0 266 267 268 1 1 1 2
0 267 269 268 1 1 1 2
0 266 270 260 4 4 4 3
0 270 271 260 4 4 4 3
0 272 267 273 5 5 5 3
0 267 261 273 5 5 5 3
0 274 275 276 190 191 192 2
0 277 278 279 193 194 195 2
0 280 281 282 196 65 197 1
0 280 282 283 196 197 198 1
0 281 284 282 65 66 197 1
0 284 285 282 66 199 197 1
0 284 286 287 66 67 200 1
0 284 287 285 66 200 199 1
0 286 288 287 67 201 200 1
0 288 289 287 201 202 200 1
0 288 290 291 201 69 203 1
0 288 291 289 201 203 202 1
0 290 277 291 69 70 203 1
0 277 292 291 70 204 203 1
0 275 293 276 191 205 192 2
0 279 278 294 195 194 206 2
0 283 282 295 198 197 207 1
0 282 296 295 197 208 207 1
0 282 285 297 197 199 209 1
0 282 297 296 197 209 208 1
0 285 287 297 199 200 209 1
0 287 298 297 200 210 209 1
0 287 289 299 200 202 211 1
0 287 299 298 200 211 210 1
0 289 291 299 202 203 211 1
0 291 300 299 203 212 211 1
0 291 292 301 203 204 213 1
0 291 301 300 203 213 212 1
0 293 302 276 205 214 192 2
0 294 278 303 206 194 215 2
0 295 296 304 207 208 216 1
0 295 304 305 207 216 217 1
0 296 297 304 208 209 216 1
0 297 306 304 209 218 216 1
0 297 298 307 209 210 219 1
0 297 307 306 209 219 218 1
0 298 299 307 210 211 219 1
0 299 308 307 211 220 219 1
0 299 300 309 211 212 221 1
0 299 309 308 211 221 220 1
0 300 301 309 212 213 221 1
0 301 310 309 213 222 221 1
0 302 311 276 214 223 192 2
0 303 278 312 215 194 224 2
0 305 304 313 217 216 225 1
0 304 314 313 216 226 225 1
0 304 306 315 216 218 227 1
0 304 315 314 216 227 226 1
0 306 307 315 218 219 227 1
0 307 316 315 219 228 227 1
0 307 308 317 219 220 229 1
0 307 317 316 219 229 228 1
0 308 309 317 220 221 229 1
0 309 318 317 221 230 229 1
0 309 310 319 221 222 231 1
0 309 319 318 221 231 230 1
0 311 320 276 223 232 192 2
0 312 278 321 224 194 233 2
0 313 314 322 225 226 234 1
0 313 322 323 225 234 235 1
0 314 315 322 226 227 234 1
0 315 324 322 227 236 234 1
0 315 316 325 227 228 237 1
0 315 325 324 227 237 236 1
0 316 317 325 228 229 237 1
0 317 326 325 229 238 237 1
0 317 318 327 229 230 239 1
0 317 327 326 229 239 238 1
0 318 319 327 230 231 239 1
0 319 328 327 231 240 239 1
0 320 329 276 232 241 192 2
0 321 278 330 233 194 242 2
0 323 322 331 235 234 243 1
0 322 332 331 234 13 243 1
0 322 324 333 234 236 16 1
0 322 333 332 234 16 13 1
0 324 325 333 236 237 16 1
0 325 334 333 237 19 16 1
0 325 326 335 237 238 244 1
0 325 335 334 237 244 19 1
0 326 327 335 238 239 244 1
0 327 336 335 239 23 244 1
0 327 328 337 239 240 24 1
0 327 337 336 239 24 23 1
0 329 338 276 241 245 192 2
0 330 278 339 242 194 246 2
0 331 332 340 243 13 247 1
0 331 340 341 243 247 248 1
0 332 333 340 13 16 247 1
0 333 342 340 16 249 247 1
0 333 334 343 16 19 250 1
0 333 343 342 16 250 249 1
0 334 335 343 19 244 250 1
0 335 344 343 244 251 250 1
0 335 336 345 244 23 252 1
0 335 345 344 244 252 251 1
0 336 337 345 23 24 252 1
0 337 346 345 24 253 252 1
0 338 347 276 245 254 192 2
0 339 278 348 246 194 255 2
0 341 340 349 248 247 256 1
0 340 350 349 247 257 256 1
0 340 342 351 247 249 258 1
0 340 351 350 247 258 257 1
0 342 343 351 249 250 258 1
0 343 352 351 250 259 258 1
0 343 344 353 250 251 260 1
0 343 353 352 250 260 259 1
0 344 345 353 251 252 260 1
0 345 354 353 252 261 260 1
0 345 346 355 252 253 262 1
0 345 355 354 252 262 261 1
0 347 356 276 254 263 192 2
0 348 278 357 255 194 264 2
0 349 350 358 256 257 265 1
0 349 358 359 256 265 266 1
0 350 351 358 257 258 265 1
0 351 360 358 258 267 265 1
0 351 352 361 258 259 268 1
0 351 361 360 258 268 267 1
0 352 353 361 259 260 268 1
0 353 362 361 260 269 268 1
0 353 354 363 260 261 270 1
0 353 363 362 260 270 269 1
0 354 355 363 261 262 270 1
0 355 364 363 262 271 270 1
0 356 365 276 263 272 192 2
0 357 278 366 264 194 273 2
0 359 358 367 266 265 274 1
0 358 368 367 265 275 274 1
0 358 360 369 265 267 276 1
0 358 369 368 265 276 275 1
0 360 361 369 267 268 276 1
0 361 370 369 268 277 276 1
0 361 362 371 268 269 278 1
0 361 371 370 268 278 277 1
0 362 363 371 269 270 278 1
0 363 372 371 270 279 278 1
0 363 364 373 270 271 280 1
0 363 373 372 270 280 279 1
0 365 374 276 272 281 192 2
0 366 278 375 273 194 282 2
0 367 368 376 274 275 283 1
0 367 376 377 274 283 284 1
0 368 369 376 275 276 283 1
0 369 378 376 276 285 283 1
0 369 370 379 276 277 286 1
0 369 379 378 276 286 285 1
0 370 371 379 277 278 286 1
0 371 380 379 278 287 286 1
0 371 372 381 278 279 288 1
0 371 381 380 278 288 287 1
0 372 373 381 279 280 288 1
0 373 382 381 280 289 288 1
0 374 274 276 281 190 192 2
0 375 278 277 282 194 193 2
0 377 376 383 284 283 196 1
0 376 384 383 283 65 196 1
0 376 378 385 283 285 66 1
0 376 385 384 283 66 65 1
0 378 379 385 285 286 66 1
0 379 386 385 286 67 66 1
0 379 380 387 286 287 201 1
0 379 387 386 286 201 67 1
0 380 381 387 287 288 201 1
0 381 388 387 288 69 201 1
0 381 382 389 288 289 70 1
0 381 389 388 288 70 69 1
0 390 391 392 290 291 292 2
0 393 394 395 293 294 295 1
0 393 395 396 293 295 296 1
0 391 397 392 291 297 292 2
0 396 395 398 296 295 148 1
0 395 399 398 295 298 148 1
0 397 400 392 297 299 292 2
0 398 399 401 148 298 300 1
0 398 401 402 148 300 301 1
0 400 403 392 299 302 292 2
0 402 401 404 301 300 303 1
0 401 405 404 300 304 303 1
0 403 406 392 302 305 292 2
0 404 405 407 303 304 306 1
0 404 407 408 303 306 307 1
0 406 409 392 305 308 292 2
0 408 407 410 307 306 309 1
0 407 411 410 306 310 309 1
0 409 412 392 308 311 292 2
0 410 411 413 309 310 312 1
0 410 413 414 309 312 313 1
0 412 415 392 311 314 292 2
0 414 413 416 313 312 315 1
0 413 417 416 312 316 315 1
0 415 418 392 314 317 292 2
0 416 417 419 315 316 318 1
0 416 419 420 315 318 319 1
0 418 421 392 317 320 292 2
0 420 419 422 319 318 124 1
0 419 423 422 318 321 124 1
0 421 424 392 320 322 292 2
0 422 423 425 124 321 323 1
0 422 425 426 124 323 324 1
0 424 390 392 322 290 292 2
0 426 425 427 324 323 293 1
0 425 428 427 323 294 293 1
0 429 430 431 325 326 327 2
0 432 433 434 328 329 330 1
0 432 434 435 328 330 331 1
0 430 436 431 326 332 327 2
0 435 434 437 331 330 185 1
0 434 438 437 330 186 185 1
0 436 439 431 332 333 327 2
0 437 438 440 185 186 334 1
0 437 440 441 185 334 335 1
0 439 442 431 333 336 327 2
0 441 440 443 335 334 337 1
0 440 444 443 334 338 337 1
0 442 445 431 336 339 327 2
0 443 444 446 337 338 340 1
0 443 446 447 337 340 341 1
0 445 448 431 339 342 327 2
0 447 446 449 341 340 343 1
0 446 450 449 340 344 343 1
0 448 451 431 342 345 327 2
0 449 450 452 343 344 346 1
0 449 452 453 343 346 347 1
0 451 454 431 345 348 327 2
0 453 452 455 347 346 349 1
0 452 456 455 346 350 349 1
0 454 457 431 348 351 327 2
0 455 456 458 349 350 352 1
0 455 458 459 349 352 353 1
0 457 460 431 351 354 327 2
0 459 458 461 353 352 161 1
0 458 462 461 352 162 161 1
0 460 463 431 354 355 327 2
0 461 462 464 161 162 356 1
0 461 464 465 161 356 357 1
0 463 429 431 355 325 327 2
0 465 464 466 357 356 328 1
0 464 467 466 356 329 328 1
0 468 469 470 0 0 0 1
0 469 471 470 0 0 0 1
0 472 473 474 3 3 3 2
0 473 475 474 3 3 3 2
0 476 477 478 2 2 2 1
0 477 479 478 2 2 2 1
0 480 481 482 1 1 1 2
0 481 483 482 1 1 1 2
0 480 484 474 4 4 4 3
0 484 485 474 4 4 4 3
0 486 481 487 5 5 5 3
0 481 475 487 5 5 5 3
0 488 489 490 0 0 0 1
0 489 491 490 0 0 0 1
0 492 493 494 3 3 3 2
0 493 495 494 3 3 3 2
0 496 497 498 2 2 2 1
0 497 499 498 2 2 2 1
0 500 501 502 1 1 1 2
0 501 503 502 1 1 1 2
0 500 504 494 4 4 4 3
0 504 505 494 4 4 4 3
0 506 501 507 5 5 5 3
0 501 495 507 5 5 5 3
"toplight" 0 2
94
0 210.051956 230.849136 3.180538 0.000000 1.000000 -1
0 210.053085 230.849350 3.180538 0.000000 0.833333 -1
0 211.024536 228.952637 3.126999 0.083333 0.833333 -1
0 210.051956 230.851471 3.180538 0.000000 0.000000 -1
0 211.024536 232.968826 3.126999 0.083333 0.166667 -1
0 210.053085 230.851273 3.180538 0.000000 0.166667 -1
0 210.051956 230.849136 3.180538 0.083333 1.000000 -1
0 210.613403 228.952637 3.950052 0.166667 0.833333 -1
0 210.051956 230.851471 3.180538 0.083333 0.000000 -1
0 210.613403 232.968826 3.950054 0.166667 0.166667 -1
0 210.051956 230.849136 3.180538 0.166667 1.000000 -1
0 210.051956 228.952637 4.251312 0.250000 0.833333 -1
0 210.051956 230.851471 3.180538 0.166667 0.000000 -1
0 210.051956 232.968826 4.251312 0.250000 0.166667 -1
0 210.051956 230.849136 3.180538 0.250000 1.000000 -1
0 209.490524 228.952637 3.950052 0.333333 0.833333 -1
0 210.051956 230.851471 3.180538 0.250000 0.000000 -1
0 209.490524 232.968826 3.950054 0.333333 0.166667 -1
0 210.051956 230.849136 3.180538 0.333333 1.000000 -1
0 209.079391 228.952637 3.126999 0.416667 0.833333 -1
0 210.051956 230.851471 3.180538 0.333333 0.000000 -1
0 209.079391 232.968826 3.126999 0.416667 0.166667 -1
0 210.051956 230.849136 3.180538 0.416667 1.000000 -1
0 210.050842 230.849350 3.180538 0.500000 0.833333 -1
0 210.051956 230.851471 3.180538 0.416667 0.000000 -1
0 210.050842 230.851273 3.180538 0.500000 0.166667 -1
0 210.053940 230.849777 3.180538 0.000000 0.666667 -1
0 211.736328 229.801437 3.950052 0.083333 0.666667 -1
0 211.062347 229.919937 6.868519 0.166667 0.666667 -1
0 210.051956 229.919937 10.061207 0.250000 0.666667 -1
0 209.041580 229.919937 6.868519 0.333333 0.666667 -1
0 208.367569 229.801437 3.950052 0.416667 0.666667 -1
0 210.049973 230.849777 3.180538 0.500000 0.666667 -1
0 210.054291 230.850266 3.180538 0.000000 0.500000 -1
0 211.996979 230.960770 4.251312 0.083333 0.500000 -1
0 211.060089 230.960770 10.061207 0.166667 0.500000 -1
0 210.051956 230.960770 10.107159 0.250000 0.500000 -1
0 209.043839 230.960770 10.061207 0.333333 0.500000 -1
0 208.106903 230.960770 4.251312 0.416667 0.500000 -1
0 210.049622 230.850266 3.180538 0.500000 0.500000 -1
0 210.053940 230.850952 3.180538 0.000000 0.333333 -1
0 211.736328 232.120209 3.950052 0.083333 0.333333 -1
0 211.062347 232.001511 6.868519 0.166667 0.333333 -1
0 210.051956 232.001511 10.061207 0.250000 0.333333 -1
0 209.041580 232.001511 6.868519 0.333333 0.333333 -1
0 208.367569 232.120209 3.950052 0.416667 0.333333 -1
0 210.049973 230.850952 3.180538 0.500000 0.333333 -1
0 -211.024536 228.952637 3.126999 0.083333 0.833333 -1
0 -210.053085 230.849350 3.180538 0.000000 0.833333 -1
0 -210.051956 230.849136 3.180538 0.000000 1.000000 -1
0 -210.053085 230.851273 3.180538 0.000000 0.166667 -1
0 -211.024536 232.968826 3.126999 0.083333 0.166667 -1
0 -210.051956 230.851471 3.180538 0.000000 0.000000 -1
0 -210.613403 228.952637 3.950052 0.166667 0.833333 -1
0 -210.051956 230.849136 3.180538 0.083333 1.000000 -1
0 -210.613403 232.968826 3.950054 0.166667 0.166667 -1
0 -210.051956 230.851471 3.180538 0.083333 0.000000 -1
0 -210.051956 228.952637 4.251312 0.250000 0.833333 -1
0 -210.051956 230.849136 3.180538 0.166667 1.000000 -1
0 -210.051956 232.968826 4.251312 0.250000 0.166667 -1
0 -210.051956 230.851471 3.180538 0.166667 0.000000 -1
0 -209.490524 228.952637 3.950052 0.333333 0.833333 -1
0 -210.051956 230.849136 3.180538 0.250000 1.000000 -1
0 -209.490524 232.968826 3.950054 0.333333 0.166667 -1
0 -210.051956 230.851471 3.180538 0.250000 0.000000 -1
0 -209.079391 228.952637 3.126999 0.416667 0.833333 -1
0 -210.051956 230.849136 3.180538 0.333333 1.000000 -1
0 -209.079391 232.968826 3.126999 0.416667 0.166667 -1
0 -210.051956 230.851471 3.180538 0.333333 0.000000 -1
0 -210.050842 230.849350 3.180538 0.500000 0.833333 -1
0 -210.051956 230.849136 3.180538 0.416667 1.000000 -1
0 -210.050842 230.851273 3.180538 0.500000 0.166667 -1
0 -210.051956 230.851471 3.180538 0.416667 0.000000 -1
0 -211.736328 229.801437 3.950052 0.083333 0.666667 -1
0 -210.053940 230.849777 3.180538 0.000000 0.666667 -1
0 -211.062347 229.919937 6.868519 0.166667 0.666667 -1
0 -210.051956 229.919937 10.061207 0.250000 0.666667 -1
0 -209.041580 229.919937 6.868519 0.333333 0.666667 -1
0 -208.367569 229.801437 3.950052 0.416667 0.666667 -1
0 -210.049973 230.849777 3.180538 0.500000 0.666667 -1
0 -210.054291 230.850266 3.180538 0.000000 0.500000 -1
0 -211.996979 230.960770 4.251312 0.083333 0.500000 -1
0 -211.060089 230.960770 10.061207 0.166667 0.500000 -1
0 -210.051956 230.960770 10.107159 0.250000 0.500000 -1
0 -209.043839 230.960770 10.061207 0.333333 0.500000 -1
0 -208.106903 230.960770 4.251312 0.416667 0.500000 -1
0 -210.049622 230.850266 3.180538 0.500000 0.500000 -1
0 -211.736328 232.120209 3.950052 0.083333 0.333333 -1
0 -210.053940 230.850952 3.180538 0.000000 0.333333 -1
0 -211.062347 232.001511 6.868519 0.166667 0.333333 -1
0 -210.051956 232.001511 10.061207 0.250000 0.333333 -1
0 -209.041580 232.001511 6.868519 0.333333 0.333333 -1
0 -208.367569 232.120209 3.950052 0.416667 0.333333 -1
0 -210.049973 230.850952 3.180538 0.500000 0.333333 -1
74
0.000015 -0.352397 -0.935851
0.260240 -0.015631 -0.965417
0.143064 -0.401594 -0.904574
0.000014 0.321938 -0.946761
0.146538 0.396599 -0.906221
0.251574 0.024920 -0.967517
0.137890 -0.986042 -0.093312
0.134970 0.985746 -0.100440
0.000002 -0.916027 -0.401117
0.000002 0.907986 -0.419000
-0.137884 -0.986043 -0.093311
-0.134964 0.985747 -0.100439
-0.143025 -0.401609 -0.904574
-0.146503 0.396611 -0.906221
-0.259619 -0.016596 -0.965568
-0.251014 0.025642 -0.967644
0.241003 -0.292505 -0.925396
0.762470 -0.448436 -0.466416
0.660190 -0.725600 0.194048
-0.000002 -0.848860 0.528618
-0.660185 -0.725603 0.194049
-0.762206 -0.448954 -0.466350
-0.240059 -0.293877 -0.925207
0.397262 -0.012626 -0.917618
0.894741 0.001165 -0.446585
0.842527 0.000023 0.538654
-0.000000 0.000002 1.000000
-0.842524 0.000024 0.538658
-0.894740 0.001165 -0.446586
-0.397259 -0.012625 -0.917620
0.226585 0.267465 -0.936548
0.763831 0.444775 -0.467693
0.660133 0.725648 0.194060
-0.000002 0.848864 0.528612
-0.660128 0.725652 0.194061
-0.763616 0.445180 -0.467658
-0.225756 0.268503 -0.936451
-0.143064 -0.401594 -0.904574
-0.260240 -0.015631 -0.965417
-0.000015 -0.352397 -0.935851
-0.251574 0.024920 -0.967517
-0.146538 0.396599 -0.906221
-0.000014 0.321938 -0.946761
-0.137890 -0.986042 -0.093312
-0.134970 0.985746 -0.100440
-0.000002 -0.916027 -0.401117
-0.000002 0.907986 -0.419000
0.137884 -0.986043 -0.093311
0.134964 0.985747 -0.100439
0.143025 -0.401609 -0.904574
0.146503 0.396611 -0.906221
0.259619 -0.016596 -0.965568
0.251014 0.025642 -0.967644
-0.762470 -0.448436 -0.466416
-0.241003 -0.292505 -0.925396
-0.660190 -0.725600 0.194048
0.000002 -0.848860 0.528618
0.660185 -0.725603 0.194049
0.762206 -0.448954 -0.466350
0.240059 -0.293877 -0.925207
-0.397262 -0.012626 -0.917618
-0.894741 0.001165 -0.446585
-0.842527 0.000023 0.538654
0.000000 0.000002 1.000000
0.842524 0.000024 0.538658
0.894740 0.001165 -0.446586
0.397259 -0.012625 -0.917620
-0.763831 0.444775 -0.467693
-0.226585 0.267465 -0.936548
-0.660133 0.725648 0.194060
0.000002 0.848864 0.528612
0.660128 0.725652 0.194061
0.763616 0.445180 -0.467658
0.225756 0.268503 -0.936451
120
0 0 1 2 0 1 2 1
0 3 4 5 3 4 5 1
0 6 2 7 0 2 6 1
0 8 9 4 3 7 4 1
0 10 7 11 0 6 8 1
0 12 13 9 3 9 7 1
0 14 11 15 0 8 10 1
0 16 17 13 3 11 9 1
0 18 15 19 0 10 12 1
0 20 21 17 3 13 11 1
0 22 19 23 0 12 14 1
0 24 25 21 3 15 13 1
0 1 26 27 1 16 17 1
0 1 27 2 1 17 2 1
0 2 27 7 2 17 6 1
0 27 28 7 17 18 6 1
0 7 28 29 6 18 19 1
0 7 29 11 6 19 8 1
0 11 29 15 8 19 10 1
0 29 30 15 19 20 10 1
0 15 30 31 10 20 21 1
0 15 31 19 10 21 12 1
0 19 31 23 12 21 14 1
0 31 32 23 21 22 14 1
0 26 33 27 16 23 17 1
0 33 34 27 23 24 17 1
0 27 34 35 17 24 25 1
0 27 35 28 17 25 18 1
0 28 35 29 18 25 19 1
0 35 36 29 25 26 19 1
0 29 36 37 19 26 27 1
0 29 37 30 19 27 20 1
0 30 37 31 20 27 21 1
0 37 38 31 27 28 21 1
0 31 38 39 21 28 29 1
0 31 39 32 21 29 22 1
0 33 40 41 23 30 31 1
0 33 41 34 23 31 24 1
0 34 41 35 24 31 25 1
0 41 42 35 31 32 25 1
0 35 42 43 25 32 33 1
0 35 43 36 25 33 26 1
0 36 43 37 26 33 27 1
0 43 44 37 33 34 27 1
0 37 44 45 27 34 35 1
0 37 45 38 27 35 28 1
0 38 45 39 28 35 29 1
0 45 46 39 35 36 29 1
0 40 5 41 30 5 31 1
0 5 4 41 5 4 31 1
0 41 4 9 31 4 7 1
0 41 9 42 31 7 32 1
0 42 9 43 32 7 33 1
0 9 13 43 7 9 33 1
0 43 13 17 33 9 11 1
0 43 17 44 33 11 34 1
0 44 17 45 34 11 35 1
0 17 21 45 11 13 35 1
0 45 21 25 35 13 15 1
0 45 25 46 35 15 36 1
0 47 48 49 37 38 39 1
0 50 51 52 40 41 42 1
0 53 47 54 43 37 39 1
0 51 55 56 41 44 42 1
0 57 53 58 45 43 39 1
0 55 59 60 44 46 42 1
0 61 57 62 47 45 39 1
0 59 63 64 46 48 42 1
0 65 61 66 49 47 39 1
0 63 67 68 48 50 42 1
0 69 65 70 51 49 39 1
0 67 71 72 50 52 42 1
0 73 74 48 53 54 38 1
0 47 73 48 37 53 38 1
0 53 73 47 43 53 37 1
0 53 75 73 43 55 53 1
0 76 75 53 56 55 43 1
0 57 76 53 45 56 43 1
0 61 76 57 47 56 45 1
0 61 77 76 47 57 56 1
0 78 77 61 58 57 47 1
0 65 78 61 49 58 47 1
0 69 78 65 51 58 49 1
0 69 79 78 51 59 58 1
0 73 80 74 53 60 54 1
0 73 81 80 53 61 60 1
0 82 81 73 62 61 53 1
0 75 82 73 55 62 53 1
0 76 82 75 56 62 55 1
0 76 83 82 56 63 62 1
0 84 83 76 64 63 56 1
0 77 84 76 57 64 56 1
0 78 84 77 58 64 57 1
0 78 85 84 58 65 64 1
0 86 85 78 66 65 58 1
0 79 86 78 59 66 58 1
0 87 88 80 67 68 60 1
0 81 87 80 61 67 60 1
0 82 87 81 62 67 61 1
0 82 89 87 62 69 67 1
0 90 89 82 70 69 62 1
0 83 90 82 63 70 62 1
0 84 90 83 64 70 63 1
0 84 91 90 64 71 70 1
0 92 91 84 72 71 64 1
0 85 92 84 65 72 64 1
0 86 92 85 66 72 65 1
0 86 93 92 66 73 72 1
0 87 50 88 67 40 68 1
0 87 51 50 67 41 40 1
0 55 51 87 44 41 67 1
0 89 55 87 69 44 67 1
0 90 55 89 70 44 69 1
0 90 59 55 70 46 44 1
0 63 59 90 48 46 70 1
0 91 63 90 71 48 70 1
0 92 63 91 72 48 71 1
0 92 67 63 72 50 48 1
0 71 67 92 52 50 72 1
0 93 71 92 73 52 72 1
"bottomlight" 0 3
94
0 210.051956 223.599136 0.680538 0.000000 1.000000 -1
0 210.053085 223.599350 0.680538 0.000000 0.833333 -1
0 211.024536 221.702637 0.626999 0.083333 0.833333 -1
0 210.051956 223.601471 0.680538 0.000000 0.000000 -1
0 211.024536 225.718826 0.626999 0.083333 0.166667 -1
0 210.053085 223.601273 0.680538 0.000000 0.166667 -1
0 210.051956 223.599136 0.680538 0.083333 1.000000 -1
0 210.613403 221.702637 1.450052 0.166667 0.833333 -1
0 210.051956 223.601471 0.680538 0.083333 0.000000 -1
0 210.613403 225.718826 1.450054 0.166667 0.166667 -1
0 210.051956 223.599136 0.680538 0.166667 1.000000 -1
0 210.051956 221.702637 1.751312 0.250000 0.833333 -1
0 210.051956 223.601471 0.680538 0.166667 0.000000 -1
0 210.051956 225.718826 1.751312 0.250000 0.166667 -1
0 210.051956 223.599136 0.680538 0.250000 1.000000 -1
0 209.490524 221.702637 1.450052 0.333333 0.833333 -1
0 210.051956 223.601471 0.680538 0.250000 0.000000 -1
0 209.490524 225.718826 1.450054 0.333333 0.166667 -1
0 210.051956 223.599136 0.680538 0.333333 1.000000 -1
0 209.079391 221.702637 0.626999 0.416667 0.833333 -1
0 210.051956 223.601471 0.680538 0.333333 0.000000 -1
0 209.079391 225.718826 0.626999 0.416667 0.166667 -1
0 210.051956 223.599136 0.680538 0.416667 1.000000 -1
0 210.050842 223.599350 0.680538 0.500000 0.833333 -1
0 210.051956 223.601471 0.680538 0.416667 0.000000 -1
0 210.050842 223.601273 0.680538 0.500000 0.166667 -1
0 210.053940 223.599777 0.680538 0.000000 0.666667 -1
0 211.736328 222.551437 1.450052 0.083333 0.666667 -1
0 211.062347 222.669937 4.368519 0.166667 0.666667 -1
0 210.051956 222.669937 7.561207 0.250000 0.666667 -1
0 209.041580 222.669937 4.368519 0.333333 0.666667 -1
0 208.367569 222.551437 1.450052 0.416667 0.666667 -1
0 210.049973 223.599777 0.680538 0.500000 0.666667 -1
0 210.054291 223.600266 0.680538 0.000000 0.500000 -1
0 211.996979 223.710770 1.751312 0.083333 0.500000 -1
0 211.060089 223.710770 7.561207 0.166667 0.500000 -1
0 210.051956 223.710770 7.607159 0.250000 0.500000 -1
0 209.043839 223.710770 7.561207 0.333333 0.500000 -1
0 208.106903 223.710770 1.751312 0.416667 0.500000 -1
0 210.049622 223.600266 0.680538 0.500000 0.500000 -1
0 210.053940 223.600952 0.680538 0.000000 0.333333 -1
0 211.736328 224.870209 1.450052 0.083333 0.333333 -1
0 211.062347 224.751511 4.368519 0.166667 0.333333 -1
0 210.051956 224.751511 7.561207 0.250000 0.333333 -1
0 209.041580 224.751511 4.368519 0.333333 0.333333 -1
0 208.367569 224.870209 1.450052 0.416667 0.333333 -1
0 210.049973 223.600952 0.680538 0.500000 0.333333 -1
0 -211.024536 221.702637 0.626999 0.083333 0.833333 -1
0 -210.053085 223.599350 0.680538 0.000000 0.833333 -1
0 -210.051956 223.599136 0.680538 0.000000 1.000000 -1
0 -210.053085 223.601273 0.680538 0.000000 0.166667 -1
0 -211.024536 225.718826 0.626999 0.083333 0.166667 -1
0 -210.051956 223.601471 0.680538 0.000000 0.000000 -1
0 -210.613403 221.702637 1.450052 0.166667 0.833333 -1
0 -210.051956 223.599136 0.680538 0.083333 1.000000 -1
0 -210.613403 225.718826 1.450054 0.166667 0.166667 -1
0 -210.051956 223.601471 0.680538 0.083333 0.000000 -1
0 -210.051956 221.702637 1.751312 0.250000 0.833333 -1
0 -210.051956 223.599136 0.680538 0.166667 1.000000 -1
0 -210.051956 225.718826 1.751312 0.250000 0.166667 -1
0 -210.051956 223.601471 0.680538 0.166667 0.000000 -1
0 -209.490524 221.702637 1.450052 0.333333 0.833333 -1
0 -210.051956 223.599136 0.680538 0.250000 1.000000 -1
0 -209.490524 225.718826 1.450054 0.333333 0.166667 -1
0 -210.051956 223.601471 0.680538 0.250000 0.000000 -1
0 -209.079391 221.702637 0.626999 0.416667 0.833333 -1
0 -210.051956 223.599136 0.680538 0.333333 1.000000 -1
0 -209.079391 225.718826 0.626999 0.416667 0.166667 -1
0 -210.051956 223.601471 0.680538 0.333333 0.000000 -1
0 -210.050842 223.599350 0.680538 0.500000 0.833333 -1
0 -210.051956 223.599136 0.680538 0.416667 1.000000 -1
0 -210.050842 223.601273 0.680538 0.500000 0.166667 -1
0 -210.051956 223.601471 0.680538 0.416667 0.000000 -1
0 -211.736328 222.551437 1.450052 0.083333 0.666667 -1
0 -210.053940 223.599777 0.680538 0.000000 0.666667 -1
0 -211.062347 222.669937 4.368519 0.166667 0.666667 -1
0 -210.051956 222.669937 7.561207 0.250000 0.666667 -1
0 -209.041580 222.669937 4.368519 0.333333 0.666667 -1
0 -208.367569 222.551437 1.450052 0.416667 0.666667 -1
0 -210.049973 223.599777 0.680538 0.500000 0.666667 -1
0 -210.054291 223.600266 0.680538 0.000000 0.500000 -1
0 -211.996979 223.710770 1.751312 0.083333 0.500000 -1
0 -211.060089 223.710770 7.561207 0.166667 0.500000 -1
0 -210.051956 223.710770 7.607159 0.250000 0.500000 -1
0 -209.043839 223.710770 7.561207 0.333333 0.500000 -1
0 -208.106903 223.710770 1.751312 0.416667 0.500000 -1
0 -210.049622 223.600266 0.680538 0.500000 0.500000 -1
0 -211.736328 224.870209 1.450052 0.083333 0.333333 -1
0 -210.053940 223.600952 0.680538 0.000000 0.333333 -1
0 -211.062347 224.751511 4.368519 0.166667 0.333333 -1
0 -210.051956 224.751511 7.561207 0.250000 0.333333 -1
0 -209.041580 224.751511 4.368519 0.333333 0.333333 -1
0 -208.367569 224.870209 1.450052 0.416667 0.333333 -1
0 -210.049973 223.600952 0.680538 0.500000 0.333333 -1
74
0.000015 -0.352397 -0.935851
0.260240 -0.015631 -0.965417
0.143064 -0.401594 -0.904574
0.000014 0.321938 -0.946761
0.146538 0.396599 -0.906221
0.251574 0.024920 -0.967517
0.137890 -0.986042 -0.093312
0.134970 0.985746 -0.100440
0.000002 -0.916027 -0.401117
0.000002 0.907986 -0.419000
-0.137884 -0.986043 -0.093311
-0.134964 0.985747 -0.100439
-0.143025 -0.401609 -0.904574
-0.146503 0.396611 -0.906221
-0.259619 -0.016596 -0.965568
-0.251014 0.025642 -0.967644
0.241003 -0.292505 -0.925396
0.762470 -0.448436 -0.466416
0.660190 -0.725600 0.194048
-0.000002 -0.848860 0.528618
-0.660185 -0.725603 0.194049
-0.762206 -0.448954 -0.466350
-0.240059 -0.293877 -0.925207
0.397262 -0.012626 -0.917618
0.894741 0.001165 -0.446585
0.842527 0.000023 0.538654
-0.000000 0.000002 1.000000
-0.842524 0.000024 0.538658
-0.894740 0.001165 -0.446586
-0.397259 -0.012625 -0.917620
0.226585 0.267465 -0.936548
0.763831 0.444775 -0.467693
0.660133 0.725648 0.194060
-0.000002 0.848864 0.528612
-0.660128 0.725652 0.194061
-0.763616 0.445180 -0.467658
-0.225756 0.268503 -0.936451
-0.143064 -0.401594 -0.904574
-0.260240 -0.015631 -0.965417
-0.000015 -0.352397 -0.935851
-0.251574 0.024920 -0.967517
-0.146538 0.396599 -0.906221
-0.000014 0.321938 -0.946761
-0.137890 -0.986042 -0.093312
-0.134970 0.985746 -0.100440
-0.000002 -0.916027 -0.401117
-0.000002 0.907986 -0.419000
0.137884 -0.986043 -0.093311
0.134964 0.985747 -0.100439
0.143025 -0.401609 -0.904574
0.146503 0.396611 -0.906221
0.259619 -0.016596 -0.965568
0.251014 0.025642 -0.967644
-0.762470 -0.448436 -0.466416
-0.241003 -0.292505 -0.925396
-0.660190 -0.725600 0.194048
0.000002 -0.848860 0.528618
0.660185 -0.725603 0.194049
0.762206 -0.448954 -0.466350
0.240059 -0.293877 -0.925207
-0.397262 -0.012626 -0.917618
-0.894741 0.001165 -0.446585
-0.842527 0.000023 0.538654
0.000000 0.000002 1.000000
0.842524 0.000024 0.538658
0.894740 0.001165 -0.446586
0.397259 -0.012625 -0.917620
-0.763831 0.444775 -0.467693
-0.226585 0.267465 -0.936548
-0.660133 0.725648 0.194060
0.000002 0.848864 0.528612
0.660128 0.725652 0.194061
0.763616 0.445180 -0.467658
0.225756 0.268503 -0.936451
120
0 0 1 2 0 1 2 1
0 3 4 5 3 4 5 1
0 6 2 7 0 2 6 1
0 8 9 4 3 7 4 1
0 10 7 11 0 6 8 1
0 12 13 9 3 9 7 1
0 14 11 15 0 8 10 1
0 16 17 13 3 11 9 1
0 18 15 19 0 10 12 1
0 20 21 17 3 13 11 1
0 22 19 23 0 12 14 1
0 24 25 21 3 15 13 1
0 1 26 27 1 16 17 1
0 1 27 2 1 17 2 1
0 2 27 7 2 17 6 1
0 27 28 7 17 18 6 1
0 7 28 29 6 18 19 1
0 7 29 11 6 19 8 1
0 11 29 15 8 19 10 1
0 29 30 15 19 20 10 1
0 15 30 31 10 20 21 1
0 15 31 19 10 21 12 1
0 19 31 23 12 21 14 1
0 31 32 23 21 22 14 1
0 26 33 27 16 23 17 1
0 33 34 27 23 24 17 1
0 27 34 35 17 24 25 1
0 27 35 28 17 25 18 1
0 28 35 29 18 25 19 1
0 35 36 29 25 26 19 1
0 29 36 37 19 26 27 1
0 29 37 30 19 27 20 1
0 30 37 31 20 27 21 1
0 37 38 31 27 28 21 1
0 31 38 39 21 28 29 1
0 31 39 32 21 29 22 1
0 33 40 41 23 30 31 1
0 33 41 34 23 31 24 1
0 34 41 35 24 31 25 1
0 41 42 35 31 32 25 1
0 35 42 43 25 32 33 1
0 35 43 36 25 33 26 1
0 36 43 37 26 33 27 1
0 43 44 37 33 34 27 1
0 37 44 45 27 34 35 1
0 37 45 38 27 35 28 1
0 38 45 39 28 35 29 1
0 45 46 39 35 36 29 1
0 40 5 41 30 5 31 1
0 5 4 41 5 4 31 1
0 41 4 9 31 4 7 1
0 41 9 42 31 7 32 1
0 42 9 43 32 7 33 1
0 9 13 43 7 9 33 1
0 43 13 17 33 9 11 1
0 43 17 44 33 11 34 1
0 44 17 45 34 11 35 1
0 17 21 45 11 13 35 1
0 45 21 25 35 13 15 1
0 45 25 46 35 15 36 1
0 47 48 49 37 38 39 1
0 50 51 52 40 41 42 1
0 53 47 54 43 37 39 1
0 51 55 56 41 44 42 1
0 57 53 58 45 43 39 1
0 55 59 60 44 46 42 1
0 61 57 62 47 45 39 1
0 59 63 64 46 48 42 1
0 65 61 66 49 47 39 1
0 63 67 68 48 50 42 1
0 69 65 70 51 49 39 1
0 67 71 72 50 52 42 1
0 73 74 48 53 54 38 1
0 47 73 48 37 53 38 1
0 53 73 47 43 53 37 1
0 53 75 73 43 55 53 1
0 76 75 53 56 55 43 1
0 57 76 53 45 56 43 1
0 61 76 57 47 56 45 1
0 61 77 76 47 57 56 1
0 78 77 61 58 57 47 1
0 65 78 61 49 58 47 1
0 69 78 65 51 58 49 1
0 69 79 78 51 59 58 1
0 73 80 74 53 60 54 1
0 73 81 80 53 61 60 1
0 82 81 73 62 61 53 1
0 75 82 73 55 62 53 1
0 76 82 75 56 62 55 1
0 76 83 82 56 63 62 1
0 84 83 76 64 63 56 1
0 77 84 76 57 64 56 1
0 78 84 77 58 64 57 1
0 78 85 84 58 65 64 1
0 86 85 78 66 65 58 1
0 79 86 78 59 66 58 1
0 87 88 80 67 68 60 1
0 81 87 80 61 67 60 1
0 82 87 81 62 67 61 1
0 82 89 87 62 69 67 1
0 90 89 82 70 69 62 1
0 83 90 82 63 70 62 1
0 84 90 83 64 70 63 1
0 84 91 90 64 71 70 1
0 92 91 84 72 71 64 1
0 85 92 84 65 72 64 1
0 86 92 85 66 72 65 1
0 86 93 92 66 73 72 1
0 87 50 88 67 40 68 1
0 87 51 50 67 41 40 1
0 55 51 87 44 41 67 1
0 89 55 87 69 44 67 1
0 90 55 89 70 44 69 1
0 90 59 55 70 46 44 1
0 63 59 90 48 46 70 1
0 91 63 90 71 48 70 1
0 92 63 91 72 48 71 1
0 92 67 63 72 50 48 1
0 71 67 92 52 50 72 1
0 93 71 92 73 52 72 1
"wiring" 0 0
24
0 -2.748746 223.483582 -8.214481 0.516631 6.847332 -1
0 -2.748746 25.729660 -8.214481 0.516631 6.847332 -1
0 4.195696 223.483582 -8.214481 0.533536 6.847332 -1
0 4.195696 25.729660 -8.214481 0.533536 6.847332 -1
0 4.195696 223.483582 -13.785519 0.533536 2.097563 -1
0 4.195696 25.729660 -13.785519 0.533536 2.097563 -1
0 -2.748746 223.483582 -13.785519 0.516631 2.097563 -1
0 -2.748746 25.729660 -13.785519 0.516631 2.097563 -1
0 -214.973969 223.483582 -4.754234 0.000000 9.797479 -1
0 -214.973969 25.729660 -4.754234 0.000000 9.797479 -1
0 -202.329086 223.483582 -4.754234 0.030782 9.797479 -1
0 -202.329086 25.729660 -4.754234 0.030782 9.797479 -1
0 -202.329086 223.483582 -16.245766 0.030782 0.000000 -1
0 -202.329086 25.729660 -16.245766 0.030782 0.000000 -1
0 -214.973969 223.483582 -16.245766 0.000000 0.000000 -1
0 -214.973969 25.729660 -16.245766 0.000000 0.000000 -1
0 203.046326 223.483582 -4.754234 1.017609 9.797479 -1
0 215.691238 25.729660 -4.754234 1.048391 9.797479 -1
0 215.691238 223.483582 -4.754234 1.048391 9.797479 -1
0 203.046326 25.729660 -4.754234 1.017609 9.797479 -1
0 203.046326 223.483582 -16.245766 1.017609 0.000000 -1
0 203.046326 25.729660 -16.245766 1.017609 0.000000 -1
0 215.691238 223.483582 -16.245766 1.048391 0.000000 -1
0 215.691238 25.729660 -16.245766 1.048391 0.000000 -1
6
0.000000 0.000000 1.000000
1.000000 0.000000 0.000000
0.000000 0.000000 -1.000000
-1.000000 0.000000 0.000000
0.000000 1.000000 0.000000
0.000000 -1.000000 0.000000
36
0 0 1 2 0 0 0 1
0 1 3 2 0 0 0 1
0 2 3 4 1 1 1 2
0 3 5 4 1 1 1 2
0 4 5 6 2 2 2 1
0 5 7 6 2 2 2 1
0 6 7 0 3 3 3 2
0 7 1 0 3 3 3 2
0 6 0 4 4 4 4 3
0 0 2 4 4 4 4 3
0 1 7 3 5 5 5 3
0 7 5 3 5 5 5 3
0 8 9 10 0 0 0 1
0 9 11 10 0 0 0 1
0 10 11 12 1 1 1 2
0 11 13 12 1 1 1 2
0 12 13 14 2 2 2 1
0 13 15 14 2 2 2 1
0 14 15 8 3 3 3 2
0 15 9 8 3 3 3 2
0 14 8 12 4 4 4 3
0 8 10 12 4 4 4 3
0 9 15 11 5 5 5 3
0 15 13 11 5 5 5 3
0 16 17 18 0 0 0 1
0 16 19 17 0 0 0 1
0 20 19 16 3 3 3 2
0 20 21 19 3 3 3 2
0 22 21 20 2 2 2 1
0 22 23 21 2 2 2 1
0 18 23 22 1 1 1 2
0 18 17 23 1 1 1 2
0 20 18 22 4 4 4 3
0 20 16 18 4 4 4 3
0 19 23 17 5 5 5 3
0 19 21 23 5 5 5 3

Materials: 4
"Material01"
0.200000 0.200000 0.200000 1.000000
0.800000 0.800000 0.800000 1.000000
0.000000 0.000000 0.000000 1.000000
0.752941 0.752941 0.752941 1.000000
0.000000
1.000000
"metal.jpg"
""
"Material02"
0.200000 0.200000 0.200000 1.000000
0.800000 0.800000 0.800000 1.000000
0.000000 0.000000 0.000000 1.000000
0.000000 0.000000 0.000000 1.000000
0.000000
1.000000
"concrete.jpg"
""
"Material03"
0.000000 0.000000 0.000000 1.000000
0.000000 0.000000 1.000000 1.000000
0.000000 0.000000 0.000000 1.000000
0.000000 0.000000 0.000000 1.000000
0.000000
1.000000
""
""
"Material04"
0.000000 0.000000 0.000000 1.000000
0.501961 0.000000 0.000000 1.000000
0.000000 0.000000 0.000000 1.000000
0.000000 0.000000 0.000000 1.000000
0.000000
1.000000
""
""

Bones: 0
GroupComments: 0
MaterialComments: 0
BoneComments: 0
ModelComment: 0
