// MilkShape 3D ASCII

Frames: 30
Frame: 1

Meshes: 2
"Sphere01" 1 1
64
1 0.250004 2.870287 0.000000 0.000000 1.000000 -1
1 -12.175040 10.360176 -0.000000 0.000000 0.833333 -1
1 -10.543889 10.360176 6.304529 0.083333 0.833333 -1
1 0.250004 2.870287 0.000000 0.083333 1.000000 -1
1 -6.087512 10.360173 10.919764 0.166667 0.833333 -1
1 0.250004 2.870287 0.000000 0.166667 1.000000 -1
1 0.000004 10.360173 12.609059 0.250000 0.833333 -1
1 0.250004 2.870287 0.000000 0.250000 1.000000 -1
1 6.087519 10.360173 10.919764 0.333333 0.833333 -1
1 0.250004 2.870287 0.000000 0.333333 1.000000 -1
1 10.543892 10.360178 6.304529 0.416667 0.833333 -1
1 0.250004 2.870287 0.000000 0.416667 1.000000 -1
1 12.175037 10.360173 -0.000000 0.500000 0.833333 -1
1 0.250004 2.870287 0.000000 0.500000 1.000000 -1
1 10.543892 10.360178 -6.304531 0.583333 0.833333 -1
1 0.250004 2.870287 0.000000 0.583333 1.000000 -1
1 6.087519 10.360173 -10.919764 0.666667 0.833333 -1
1 0.250004 2.870287 0.000000 0.666667 1.000000 -1
1 0.000004 10.360173 -12.609059 0.750000 0.833333 -1
1 0.250004 2.870287 0.000000 0.750000 1.000000 -1
1 -6.087512 10.360173 -10.919764 0.833333 0.833333 -1
1 0.250004 2.870287 0.000000 0.833333 1.000000 -1
1 -10.543889 10.360176 -6.304531 0.916667 0.833333 -1
1 0.250004 2.870287 0.000000 0.916667 1.000000 -1
1 -12.175040 10.360176 -0.000000 1.000000 0.833333 -1
1 -18.562742 4.236577 0.000000 0.000000 0.666667 -1
1 -16.042322 4.236583 9.175423 0.083333 0.666667 -1
1 -9.156363 4.236581 15.892298 0.166667 0.666667 -1
1 0.250002 4.236581 18.350845 0.250000 0.666667 -1
1 9.656368 4.236584 15.892298 0.333333 0.666667 -1
1 16.542313 4.236583 9.175423 0.416667 0.666667 -1
1 19.062763 4.236581 0.000000 0.500000 0.666667 -1
1 16.542313 4.236583 -9.175423 0.583333 0.666667 -1
1 9.656368 4.236584 -15.892298 0.666667 0.666667 -1
1 0.250002 4.236581 -18.350845 0.750000 0.666667 -1
1 -9.156363 4.236581 -15.892298 0.833333 0.666667 -1
1 -16.042322 4.236583 -9.175423 0.916667 0.666667 -1
1 -18.562742 4.236577 0.000000 1.000000 0.666667 -1
1 -21.473095 -1.866194 0.000000 0.000000 0.500000 -1
1 -18.562750 -1.866190 10.594865 0.083333 0.500000 -1
1 -10.611543 -1.866196 18.350845 0.166667 0.500000 -1
1 0.250000 -1.866196 21.189730 0.250000 0.500000 -1
1 11.111549 -1.866194 18.350845 0.333333 0.500000 -1
1 19.062763 -1.866190 10.594865 0.416667 0.500000 -1
1 21.973083 -1.866196 0.000000 0.500000 0.500000 -1
1 19.062763 -1.866190 -10.594865 0.583333 0.500000 -1
1 11.111549 -1.866194 -18.350845 0.666667 0.500000 -1
1 0.250000 -1.866196 -21.189730 0.750000 0.500000 -1
1 -10.611543 -1.866196 -18.350845 0.833333 0.500000 -1
1 -18.562750 -1.866190 -10.594865 0.916667 0.500000 -1
1 -21.473095 -1.866194 0.000000 1.000000 0.500000 -1
1 0.250000 2.232686 -0.000000 0.000000 0.333333 -1
1 0.250000 2.232686 0.000000 0.083333 0.333333 -1
1 0.250000 2.232686 0.000000 0.166667 0.333333 -1
1 0.249998 2.232683 0.000000 0.250000 0.333333 -1
1 0.249994 2.232686 0.000000 0.333333 0.333333 -1
1 0.249994 2.232686 0.000000 0.416667 0.333333 -1
1 0.249994 2.232686 -0.000000 0.500000 0.333333 -1
1 0.249994 2.232686 -0.000000 0.583333 0.333333 -1
1 0.249994 2.232686 -0.000000 0.666667 0.333333 -1
1 0.249998 2.232683 -0.000000 0.750000 0.333333 -1
1 0.250000 2.232686 -0.000000 0.833333 0.333333 -1
1 0.250000 2.232686 -0.000000 0.916667 0.333333 -1
1 0.250000 2.232686 -0.000000 1.000000 0.333333 -1
49
-0.004829 0.999988 0.000000
-0.354603 0.935017 -0.000000
-0.101182 0.993204 0.057512
-0.187308 0.924534 0.331892
-0.001066 0.990669 0.136289
0.177640 0.931021 0.318817
0.079753 0.995728 0.046529
0.324119 0.946016 0.000000
0.079753 0.995728 -0.046530
0.177640 0.931021 -0.318817
-0.001066 0.990669 -0.136289
-0.187308 0.924534 -0.331892
-0.101182 0.993204 -0.057512
-0.809879 0.586597 0.000000
-0.703970 0.578521 0.411994
-0.405385 0.565035 0.718609
-0.000527 0.562254 0.826964
0.401741 0.573526 0.713913
0.695059 0.592375 0.407412
0.798569 0.601903 0.000000
0.695059 0.592375 -0.407412
0.401741 0.573526 -0.713913
-0.000527 0.562254 -0.826964
-0.405385 0.565035 -0.718609
-0.703970 0.578521 -0.411994
-0.774488 -0.632588 0.000000
-0.666830 -0.632969 0.393305
-0.619893 -0.228971 0.750536
0.000000 -0.635589 0.772027
0.565258 -0.145917 0.811906
0.666831 -0.632968 0.393305
0.774488 -0.632589 0.000000
0.666831 -0.632968 -0.393305
0.565257 -0.145917 -0.811906
0.000000 -0.635589 -0.772027
-0.619893 -0.228971 -0.750536
-0.666830 -0.632969 -0.393305
0.185416 -0.982660 0.000000
0.215918 -0.975246 -0.047694
-0.619867 -0.603404 -0.501666
-0.168306 -0.580142 -0.796937
0.721464 -0.448851 -0.527278
-0.215918 -0.975246 -0.047694
-0.185416 -0.982660 0.000000
-0.215918 -0.975246 0.047694
0.721464 -0.448851 0.527278
-0.168306 -0.580142 0.796937
-0.619867 -0.603404 0.501666
0.215918 -0.975246 0.047694
84
1 0 1 2 0 1 2 1
1 3 2 4 0 2 3 1
1 5 4 6 0 3 4 1
1 7 6 8 0 4 5 1
1 9 8 10 0 5 6 1
1 11 10 12 0 6 7 1
1 13 12 14 0 7 8 1
1 15 14 16 0 8 9 1
1 17 16 18 0 9 10 1
1 19 18 20 0 10 11 1
1 21 20 22 0 11 12 1
1 23 22 24 0 12 1 1
1 1 25 26 1 13 14 1
1 1 26 2 1 14 2 1
1 2 26 4 2 14 3 1
1 26 27 4 14 15 3 1
1 4 27 28 3 15 16 1
1 4 28 6 3 16 4 1
1 6 28 8 4 16 5 1
1 28 29 8 16 17 5 1
1 8 29 30 5 17 18 1
1 8 30 10 5 18 6 1
1 10 30 12 6 18 7 1
1 30 31 12 18 19 7 1
1 12 31 32 7 19 20 1
1 12 32 14 7 20 8 1
1 14 32 16 8 20 9 1
1 32 33 16 20 21 9 1
1 16 33 34 9 21 22 1
1 16 34 18 9 22 10 1
1 18 34 20 10 22 11 1
1 34 35 20 22 23 11 1
1 20 35 36 11 23 24 1
1 20 36 22 11 24 12 1
1 22 36 24 12 24 1 1
1 36 37 24 24 13 1 1
1 25 38 26 13 25 14 1
1 38 39 26 25 26 14 1
1 26 39 40 14 26 27 1
1 26 40 27 14 27 15 1
1 27 40 28 15 27 16 1
1 40 41 28 27 28 16 1
1 28 41 42 16 28 29 1
1 28 42 29 16 29 17 1
1 29 42 30 17 29 18 1
1 42 43 30 29 30 18 1
1 30 43 44 18 30 31 1
1 30 44 31 18 31 19 1
1 31 44 32 19 31 20 1
1 44 45 32 31 32 20 1
1 32 45 46 20 32 33 1
1 32 46 33 20 33 21 1
1 33 46 34 21 33 22 1
1 46 47 34 33 34 22 1
1 34 47 48 22 34 35 1
1 34 48 35 22 35 23 1
1 35 48 36 23 35 24 1
1 48 49 36 35 36 24 1
1 36 49 50 24 36 25 1
1 36 50 37 24 25 13 1
1 38 51 52 25 37 38 1
1 38 52 39 25 38 26 1
1 39 52 40 26 38 27 1
1 52 53 40 38 39 27 1
1 40 53 54 27 39 40 1
1 40 54 41 27 40 28 1
1 41 54 42 28 40 29 1
1 54 55 42 40 41 29 1
1 42 55 56 29 41 42 1
1 42 56 43 29 42 30 1
1 43 56 44 30 42 31 1
1 56 57 44 42 43 31 1
1 44 57 58 31 43 44 1
1 44 58 45 31 44 32 1
1 45 58 46 32 44 33 1
1 58 59 46 44 45 33 1
1 46 59 60 33 45 46 1
1 46 60 47 33 46 34 1
1 47 60 48 34 46 35 1
1 60 61 48 46 47 35 1
1 48 61 62 35 47 48 1
1 48 62 49 35 48 36 1
1 49 62 50 36 48 25 1
1 62 63 50 48 37 25 1
"Regroup00" 0 0
186
0 1.630522 5.976009 0.000000 0.236885 0.727730 -1
0 3.990871 4.819954 0.000000 0.357397 0.781900 -1
0 3.766523 5.060537 1.188135 0.345942 0.770627 -1
0 11.869479 15.523994 0.000000 0.759655 0.280326 -1
0 12.633720 13.329338 1.188135 0.798674 0.383164 -1
0 12.858066 13.088750 0.000000 0.810129 0.394438 -1
0 3.153637 5.717776 2.057910 0.314650 0.739830 -1
0 12.020828 13.986568 2.057910 0.767382 0.352367 -1
0 2.316402 6.615602 2.376270 0.271904 0.697759 -1
0 11.183599 14.884399 2.376270 0.724636 0.310297 -1
0 1.479167 7.513425 2.057910 0.229157 0.655688 -1
0 10.346361 15.782217 2.057910 0.681889 0.268226 -1
0 0.866281 8.170665 1.188135 0.197865 0.624891 -1
0 9.733477 16.439465 1.188135 0.650597 0.237428 -1
0 0.641943 8.411238 0.000000 0.186411 0.613618 -1
0 9.509138 16.680037 0.000000 0.639143 0.226156 -1
0 0.866281 8.170665 -1.188135 0.197865 0.624891 -1
0 9.733477 16.439465 -1.188135 0.650597 0.237428 -1
0 1.479167 7.513425 -2.057910 0.229157 0.655688 -1
0 10.346361 15.782217 -2.057910 0.681889 0.268226 -1
0 2.316402 6.615602 -2.376270 0.271904 0.697759 -1
0 11.183599 14.884399 -2.376270 0.724636 0.310297 -1
0 3.153637 5.717776 -2.057910 0.314650 0.739830 -1
0 12.020828 13.986568 -2.057910 0.767382 0.352367 -1
0 3.766523 5.060537 -1.188135 0.345942 0.770627 -1
0 12.633720 13.329338 -1.188135 0.798674 0.383164 -1
0 7.090504 5.252872 0.000000 0.515655 0.761614 -1
0 6.701948 5.669547 2.057910 0.495816 0.742090 -1
0 5.640383 6.807938 3.564404 0.441616 0.688747 -1
0 4.190260 8.363003 4.115820 0.367577 0.615879 -1
0 2.740139 9.918066 3.564404 0.293538 0.543011 -1
0 1.678569 11.056463 2.057910 0.239338 0.489667 -1
0 1.290002 11.473151 0.000000 0.219499 0.470142 -1
0 1.678569 11.056463 -2.057910 0.239338 0.489667 -1
0 2.740139 9.918066 -3.564404 0.293538 0.543011 -1
0 4.190260 8.363003 -4.115820 0.367577 0.615879 -1
0 5.640383 6.807938 -3.564404 0.441616 0.688747 -1
0 6.701948 5.669547 -2.057910 0.495816 0.742090 -1
0 10.098917 7.158724 0.000000 0.669255 0.672310 -1
0 9.650243 7.639870 2.376270 0.646347 0.649763 -1
0 8.424472 8.954350 4.115819 0.583763 0.588169 -1
0 6.750000 10.750000 4.752539 0.498269 0.504028 -1
0 5.075541 12.545635 4.115819 0.412777 0.419887 -1
0 3.849741 13.860149 2.376270 0.350191 0.358291 -1
0 3.401076 14.341278 0.000000 0.327284 0.335746 -1
0 3.849741 13.860149 -2.376270 0.350191 0.358291 -1
0 5.075541 12.545635 -4.115819 0.412777 0.419887 -1
0 6.750000 10.750000 -4.752539 0.498269 0.504028 -1
0 8.424472 8.954350 -4.115819 0.583763 0.588169 -1
0 9.650243 7.639870 -2.376270 0.646347 0.649763 -1
0 12.209978 10.026863 0.000000 0.777040 0.537913 -1
0 11.821426 10.443542 2.057910 0.757201 0.518388 -1
0 10.759857 11.581930 3.564404 0.703001 0.465045 -1
0 9.309738 13.136993 4.115819 0.628962 0.392177 -1
0 7.859618 14.692062 3.564404 0.554923 0.319309 -1
0 6.798051 15.830460 2.057910 0.500723 0.265965 -1
0 6.409478 16.247137 0.000000 0.480884 0.246441 -1
0 6.798051 15.830460 -2.057910 0.500723 0.265965 -1
0 7.859618 14.692062 -3.564404 0.554923 0.319309 -1
0 9.309738 13.136993 -4.115819 0.628962 0.392177 -1
0 10.759857 11.581930 -3.564404 0.703001 0.465045 -1
0 11.821426 10.443542 -2.057910 0.757201 0.518388 -1
0 -1.136610 5.443975 0.806289 0.687186 0.337563 -1
0 0.610099 6.524869 -0.833347 0.631892 0.259952 -1
0 0.660374 7.229289 0.177170 0.601210 0.260485 -1
0 -6.863397 16.056034 -6.306290 0.256867 0.650203 -1
0 -4.299174 16.419600 -5.982503 0.228543 0.531240 -1
0 -4.349443 15.715174 -6.993021 0.259225 0.530706 -1
0 0.126388 7.645815 1.228580 0.585841 0.287282 -1
0 -4.833157 16.836117 -4.931091 0.213175 0.558036 -1
0 -0.848828 7.662836 2.039183 0.589905 0.333164 -1
0 -5.808374 16.853149 -4.120491 0.217237 0.603918 -1
0 -2.003944 7.275792 2.391767 0.612310 0.385836 -1
0 -6.963485 16.466095 -3.767906 0.239643 0.656590 -1
0 -3.029432 6.588395 2.191849 0.647054 0.431184 -1
0 -7.988977 15.778706 -3.967825 0.274388 0.701938 -1
0 -3.650543 5.784828 1.493013 0.684828 0.457058 -1
0 -8.610091 14.975140 -4.666660 0.312162 0.727813 -1
0 -3.700830 5.080407 0.482501 0.715511 0.456526 -1
0 -8.660378 14.270714 -5.677173 0.342844 0.727280 -1
0 -3.166842 4.663881 -0.568907 0.730879 0.429729 -1
0 -8.126380 13.854183 -6.728581 0.358213 0.700483 -1
0 -2.191627 4.646863 -1.379508 0.726817 0.383847 -1
0 -7.151174 13.837173 -7.539186 0.354150 0.654601 -1
0 -1.036511 5.033902 -1.732092 0.704411 0.331175 -1
0 -5.996051 14.224204 -7.891764 0.331745 0.601929 -1
0 -0.011027 5.721301 -1.532176 0.669666 0.285827 -1
0 -4.970573 14.911609 -7.691851 0.297000 0.556581 -1
0 1.121505 8.737877 -2.986533 0.533763 0.245024 -1
0 1.208619 9.957972 -1.236284 0.480620 0.245946 -1
0 0.283701 10.679413 0.584824 0.454000 0.292361 -1
0 -1.405406 10.708898 1.988818 0.461037 0.371830 -1
0 -3.406105 10.038524 2.599502 0.499845 0.463059 -1
0 -5.182330 8.847917 2.253248 0.560024 0.541606 -1
0 -6.258130 7.456092 1.042835 0.625451 0.586422 -1
0 -6.345230 6.236003 -0.707424 0.678594 0.585499 -1
0 -5.420304 5.514561 -2.528536 0.705213 0.539084 -1
0 -3.731201 5.485075 -3.932528 0.698177 0.459616 -1
0 -1.730499 6.155450 -4.543216 0.659369 0.368386 -1
0 0.045721 7.346060 -4.196959 0.599189 0.289839 -1
0 0.260629 11.490036 -5.076354 0.419091 0.296777 -1
0 0.361208 12.898874 -3.055334 0.357727 0.297842 -1
0 -0.706772 13.731928 -0.952514 0.326989 0.351436 -1
0 -2.657202 13.765976 0.668692 0.335115 0.443199 -1
0 -4.967417 12.991894 1.373852 0.379926 0.548543 -1
0 -7.018430 11.617096 0.974036 0.449415 0.639241 -1
0 -8.260635 10.009962 -0.423643 0.524963 0.690989 -1
0 -8.361231 8.601118 -2.444655 0.586328 0.689924 -1
0 -7.293210 7.768074 -4.547495 0.617065 0.636328 -1
0 -5.342802 7.734028 -6.168693 0.608939 0.544566 -1
0 -3.032568 8.508113 -6.873860 0.564128 0.439222 -1
0 -0.981590 9.882902 -6.474024 0.494639 0.348525 -1
0 -1.741889 14.043896 -6.542820 0.318604 0.401344 -1
0 -1.654780 15.264003 -4.792571 0.265460 0.402267 -1
0 -2.579695 15.985438 -2.971463 0.238841 0.448681 -1
0 -4.268800 16.014921 -1.567471 0.245878 0.528150 -1
0 -6.269506 15.344555 -0.956788 0.284685 0.619380 -1
0 -8.045729 14.153942 -1.303041 0.344865 0.697926 -1
0 -9.121522 12.762114 -2.513453 0.410292 0.742742 -1
0 -9.208626 11.542036 -4.263715 0.463434 0.741819 -1
0 -8.283698 10.820588 -6.084823 0.490054 0.695404 -1
0 -6.594594 10.791103 -7.488819 0.483017 0.615936 -1
0 -4.593893 11.461475 -8.099501 0.444209 0.524706 -1
0 -2.817674 12.652087 -7.753245 0.384030 0.446159 -1
0 5.709514 8.215778 8.585104 0.242802 0.576444 -1
0 5.459323 8.329790 5.971272 0.253520 0.577316 -1
0 5.499642 9.509239 6.327847 0.263549 0.638544 -1
0 -7.709528 9.784223 4.914891 0.773059 0.390276 -1
0 -6.121591 10.867554 3.149348 0.722765 0.477318 -1
0 -6.161905 9.688098 2.792765 0.712736 0.416089 -1
0 5.355357 10.370263 7.223346 0.277535 0.679793 -1
0 -6.265867 11.728565 4.044853 0.736751 0.518566 -1
0 5.065099 10.682149 8.417882 0.291733 0.690007 -1
0 -6.556138 12.040462 5.239381 0.750950 0.528780 -1
0 4.706651 10.361320 9.591339 0.302337 0.666450 -1
0 -6.914577 11.719638 6.412841 0.761554 0.505224 -1
0 4.376063 9.493748 10.429278 0.306507 0.615435 -1
0 -7.245167 10.852061 7.250781 0.765723 0.454208 -1
0 4.161912 8.311909 10.707220 0.303124 0.550631 -1
0 -7.459324 9.670217 7.528716 0.762340 0.389404 -1
0 4.121582 7.132454 10.350650 0.293095 0.489402 -1
0 -7.499656 8.490761 7.172150 0.752312 0.328175 -1
0 4.265870 6.271429 9.455149 0.279109 0.448154 -1
0 -7.355353 7.629734 6.276640 0.738325 0.286928 -1
0 4.556130 5.959545 8.260617 0.264911 0.437940 -1
0 -7.065108 7.317853 5.082115 0.724128 0.276714 -1
0 4.914580 6.280367 7.087169 0.254307 0.461497 -1
0 -6.706649 7.638676 3.908657 0.713523 0.300270 -1
0 5.245164 7.147943 6.249220 0.250138 0.512512 -1
0 -6.376071 8.506247 3.070714 0.709354 0.351285 -1
0 3.478347 8.623374 3.566124 0.332408 0.553012 -1
0 3.548204 10.666249 4.183702 0.349778 0.659063 -1
0 3.298280 12.157591 5.734784 0.374003 0.730507 -1
0 2.795542 12.697775 7.803749 0.398595 0.748198 -1
0 2.174701 12.142103 9.836222 0.416961 0.707397 -1
0 1.602093 10.639434 11.287601 0.424183 0.619036 -1
0 1.231174 8.592404 11.769014 0.418324 0.506792 -1
0 1.161312 6.549531 11.151417 0.400955 0.400740 -1
0 1.411241 5.058195 9.600324 0.376728 0.329298 -1
0 1.913980 4.517999 7.531362 0.352137 0.311607 -1
0 2.534823 5.073682 5.498889 0.333771 0.352407 -1
0 3.107427 6.576353 4.047506 0.326549 0.440768 -1
0 0.297406 9.017883 2.014067 0.458326 0.510045 -1
0 0.378072 11.376783 2.727199 0.478383 0.632503 -1
0 0.089493 13.098829 4.518207 0.506357 0.714998 -1
0 -0.491034 13.722603 6.907260 0.534752 0.735426 -1
0 -1.207925 13.080950 9.254156 0.555961 0.688313 -1
0 -1.869111 11.345808 10.930086 0.564300 0.586283 -1
0 -2.297411 8.982117 11.485936 0.557534 0.456675 -1
0 -2.378080 6.623215 10.772831 0.537478 0.334217 -1
0 -2.089485 4.901170 8.981769 0.509503 0.251722 -1
0 -1.508974 4.277400 6.592737 0.481109 0.231294 -1
0 -0.792073 4.919050 4.245821 0.459900 0.278407 -1
0 -0.130898 6.654190 2.569934 0.451561 0.380437 -1
0 -3.231168 9.407594 1.731016 0.597536 0.459928 -1
0 -3.161320 11.450471 2.348592 0.614906 0.565980 -1
0 -3.411239 12.941807 3.899676 0.639132 0.637422 -1
0 -3.913979 13.482003 5.968641 0.663723 0.655114 -1
0 -4.534829 12.926315 8.001113 0.682090 0.614312 -1
0 -5.107431 11.423647 9.452494 0.689312 0.525952 -1
0 -5.478347 9.376619 9.933899 0.683452 0.413708 -1
0 -5.548213 7.333751 9.316305 0.666083 0.307656 -1
0 -5.298279 5.842416 7.765212 0.641857 0.236214 -1
0 -4.795543 5.302220 5.696249 0.617266 0.218523 -1
0 -4.174692 5.857898 3.663785 0.598899 0.259323 -1
0 -3.602095 7.360579 2.212399 0.591678 0.347684 -1
186
-0.731354 -0.681998 -0.000000
-0.059329 -0.998239 -0.000000
-0.216332 -0.924276 0.314506
0.731353 0.681999 0.000000
0.937115 0.151331 0.314507
0.999945 -0.010451 0.000000
-0.291756 -0.738080 0.608372
0.756634 0.239558 0.608373
-0.572183 -0.533570 0.622824
0.572183 0.533569 0.622825
-0.756634 -0.239559 0.608372
0.291755 0.738080 0.608373
-0.937117 -0.151330 0.314502
0.216332 0.924277 0.314505
-0.999945 0.010447 0.000000
0.059330 0.998238 0.000000
-0.937117 -0.151330 -0.314502
0.216332 0.924277 -0.314505
-0.756634 -0.239559 -0.608372
0.291755 0.738080 -0.608373
-0.572183 -0.533570 -0.622824
0.572183 0.533569 -0.622825
-0.291756 -0.738080 -0.608372
0.756634 0.239558 -0.608373
-0.216332 -0.924276 -0.314506
0.937115 0.151331 -0.314507
0.343442 -0.939174 0.000000
0.257763 -0.843562 0.471129
0.029073 -0.591041 0.806117
-0.277480 -0.258754 0.925230
-0.587572 0.070231 0.806118
-0.823526 0.315976 0.471130
-0.912930 0.408116 0.000000
-0.823526 0.315976 -0.471130
-0.587572 0.070231 -0.806118
-0.277480 -0.258754 -0.925230
0.029073 -0.591041 -0.806117
0.257763 -0.843562 -0.471129
0.681999 -0.731353 0.000000
0.586364 -0.628798 0.510677
0.333737 -0.357888 0.872087
-0.000001 0.000001 1.000000
-0.333735 0.357887 0.872088
-0.586363 0.628797 0.510679
-0.681998 0.731354 0.000000
-0.586363 0.628797 -0.510679
-0.333735 0.357887 -0.872088
-0.000001 0.000001 -1.000000
0.333737 -0.357889 -0.872087
0.586364 -0.628798 -0.510677
0.912929 -0.408118 0.000000
0.823526 -0.315978 0.471129
0.587573 -0.070230 0.806117
0.277480 0.258754 0.925231
-0.029072 0.591040 0.806118
-0.257761 0.843562 0.471130
-0.343440 0.939175 0.000000
-0.257760 0.843562 -0.471130
-0.029072 0.591040 -0.806118
0.277480 0.258754 -0.925231
0.587574 -0.070230 -0.806117
0.823526 -0.315978 -0.471129
0.409055 -0.758003 0.508041
0.894577 -0.445009 0.041214
0.869935 -0.318514 0.376513
-0.409056 0.758002 -0.508041
0.224797 0.876963 -0.424737
0.302113 0.652862 -0.694621
0.760799 -0.105858 0.640296
0.174423 0.980733 -0.087975
0.496004 -0.197787 0.845494
-0.144055 0.988278 0.050552
0.169362 -0.208585 0.963228
-0.417016 0.878005 0.234958
-0.047076 -0.477793 0.877210
-0.692212 0.717686 0.075960
-0.302110 -0.652864 0.694621
-0.894577 0.445009 -0.041214
-0.224797 -0.876961 0.424742
-0.869935 0.318513 -0.376515
-0.174420 -0.980733 0.087976
-0.760799 0.105855 -0.640297
0.144055 -0.988278 -0.050550
-0.496003 0.197787 -0.845495
0.417017 -0.878005 -0.234955
-0.169360 0.208584 -0.963229
0.692213 -0.717685 -0.075959
0.047073 0.477789 -0.877213
0.958463 -0.156304 -0.238575
0.979163 0.125260 0.159845
0.776211 0.290271 0.559677
0.416615 0.299563 0.858309
-0.008309 0.154007 0.988035
-0.396493 -0.113680 0.910972
-0.639939 -0.433935 0.634175
-0.662722 -0.711641 0.233167
-0.463836 -0.869121 -0.171711
-0.106220 -0.874744 -0.472801
0.320686 -0.732857 -0.600068
0.712934 -0.472698 -0.517959
0.867665 0.150707 -0.473756
0.890283 0.453650 -0.039972
0.670995 0.627176 0.395494
0.282543 0.634602 0.719340
-0.178188 0.479681 0.859160
-0.601705 0.194504 0.774674
-0.867665 -0.150706 0.473756
-0.890282 -0.453651 0.039969
-0.670993 -0.627177 -0.395497
-0.282545 -0.634602 -0.719339
0.178190 -0.479679 -0.859160
0.601706 -0.194503 -0.774673
0.639941 0.433933 -0.634174
0.662724 0.711639 -0.233167
0.463834 0.869122 0.171711
0.106220 0.874743 0.472802
-0.320684 0.732857 0.600068
-0.712933 0.472700 0.517958
-0.958463 0.156305 0.238574
-0.979162 -0.125260 -0.159848
-0.776211 -0.290272 -0.559678
-0.416616 -0.299563 -0.858309
0.008309 -0.154005 -0.988035
0.396495 0.113680 -0.910971
0.958500 -0.112030 0.262157
0.876336 -0.078619 -0.475241
0.929145 0.226104 -0.292516
-0.958500 0.112031 -0.262157
-0.582544 0.402795 -0.705974
-0.511930 0.083641 -0.854946
0.842204 0.525480 -0.120677
-0.531797 0.686078 -0.496477
0.816595 0.531250 0.225711
-0.683191 0.706549 -0.184496
0.662107 0.522997 0.536739
-0.711897 0.683594 0.160941
0.649908 0.222252 0.726790
-0.861782 0.398941 0.313332
0.511936 -0.083640 0.854942
-0.876336 0.078622 0.475241
0.582546 -0.402788 0.705976
-0.929146 -0.226104 0.292516
0.531800 -0.686076 0.496476
-0.842202 -0.525483 0.120676
0.683193 -0.706547 0.184494
-0.816595 -0.531251 -0.225710
0.711898 -0.683594 -0.160937
-0.662103 -0.523000 -0.536740
0.861783 -0.398942 -0.313330
-0.649906 -0.222256 -0.726790
0.616546 -0.040263 -0.786289
0.630646 0.427713 -0.647570
0.571758 0.759908 -0.309244
0.462747 0.876895 0.130080
0.332864 0.756616 0.562790
0.211746 0.421942 0.881549
0.129818 -0.046970 0.990425
0.110836 -0.514381 0.850369
0.160201 -0.845461 0.509441
0.264573 -0.961905 0.068848
0.399097 -0.842168 -0.362594
0.529736 -0.508605 -0.678749
0.264213 0.003642 -0.964458
0.281854 0.510589 -0.812316
0.222689 0.868373 -0.443100
0.107095 0.993698 0.033091
-0.035897 0.864811 0.500813
-0.172472 0.504330 0.846112
-0.264213 -0.003640 0.964457
-0.281854 -0.510592 0.812314
-0.222688 -0.868375 0.443097
-0.107095 -0.993698 -0.033089
0.035897 -0.864809 -0.500816
0.172472 -0.504327 -0.846113
-0.129815 0.046971 -0.990425
-0.110834 0.514380 -0.850370
-0.160204 0.845460 -0.509442
-0.264572 0.961905 -0.068848
-0.399095 0.842168 0.362596
-0.529736 0.508606 0.678748
-0.616547 0.040264 0.786288
-0.630648 -0.427716 0.647567
-0.571757 -0.759909 0.309244
-0.462747 -0.876895 -0.130079
-0.332864 -0.756615 -0.562793
-0.211744 -0.421940 -0.881550
360
0 0 1 2 0 1 2 1
0 3 4 5 3 4 5 1
0 0 2 6 0 2 6 1
0 3 7 4 3 7 4 1
0 0 6 8 0 6 8 1
0 3 9 7 3 9 7 1
0 0 8 10 0 8 10 1
0 3 11 9 3 11 9 1
0 0 10 12 0 10 12 1
0 3 13 11 3 13 11 1
0 0 12 14 0 12 14 1
0 3 15 13 3 15 13 1
0 0 14 16 0 14 16 1
0 3 17 15 3 17 15 1
0 0 16 18 0 16 18 1
0 3 19 17 3 19 17 1
0 0 18 20 0 18 20 1
0 3 21 19 3 21 19 1
0 0 20 22 0 20 22 1
0 3 23 21 3 23 21 1
0 0 22 24 0 22 24 1
0 3 25 23 3 25 23 1
0 0 24 1 0 24 1 1
0 3 5 25 3 5 25 1
0 1 26 27 1 26 27 1
0 1 27 2 1 27 2 1
0 2 27 6 2 27 6 1
0 27 28 6 27 28 6 1
0 6 28 29 6 28 29 1
0 6 29 8 6 29 8 1
0 8 29 10 8 29 10 1
0 29 30 10 29 30 10 1
0 10 30 31 10 30 31 1
0 10 31 12 10 31 12 1
0 12 31 14 12 31 14 1
0 31 32 14 31 32 14 1
0 14 32 33 14 32 33 1
0 14 33 16 14 33 16 1
0 16 33 18 16 33 18 1
0 33 34 18 33 34 18 1
0 18 34 35 18 34 35 1
0 18 35 20 18 35 20 1
0 20 35 22 20 35 22 1
0 35 36 22 35 36 22 1
0 22 36 37 22 36 37 1
0 22 37 24 22 37 24 1
0 24 37 1 24 37 1 1
0 37 26 1 37 26 1 1
0 26 38 27 26 38 27 1
0 38 39 27 38 39 27 1
0 27 39 40 27 39 40 1
0 27 40 28 27 40 28 1
0 28 40 29 28 40 29 1
0 40 41 29 40 41 29 1
0 29 41 42 29 41 42 1
0 29 42 30 29 42 30 1
0 30 42 31 30 42 31 1
0 42 43 31 42 43 31 1
0 31 43 44 31 43 44 1
0 31 44 32 31 44 32 1
0 32 44 33 32 44 33 1
0 44 45 33 44 45 33 1
0 33 45 46 33 45 46 1
0 33 46 34 33 46 34 1
0 34 46 35 34 46 35 1
0 46 47 35 46 47 35 1
0 35 47 48 35 47 48 1
0 35 48 36 35 48 36 1
0 36 48 37 36 48 37 1
0 48 49 37 48 49 37 1
0 37 49 38 37 49 38 1
0 37 38 26 37 38 26 1
0 38 50 51 38 50 51 1
0 38 51 39 38 51 39 1
0 39 51 40 39 51 40 1
0 51 52 40 51 52 40 1
0 40 52 53 40 52 53 1
0 40 53 41 40 53 41 1
0 41 53 42 41 53 42 1
0 53 54 42 53 54 42 1
0 42 54 55 42 54 55 1
0 42 55 43 42 55 43 1
0 43 55 44 43 55 44 1
0 55 56 44 55 56 44 1
0 44 56 57 44 56 57 1
0 44 57 45 44 57 45 1
0 45 57 46 45 57 46 1
0 57 58 46 57 58 46 1
0 46 58 59 46 58 59 1
0 46 59 47 46 59 47 1
0 47 59 48 47 59 48 1
0 59 60 48 59 60 48 1
0 48 60 61 48 60 61 1
0 48 61 49 48 61 49 1
0 49 61 38 49 61 38 1
0 61 50 38 61 50 38 1
0 50 5 51 50 5 51 1
0 5 4 51 5 4 51 1
0 51 4 7 51 4 7 1
0 51 7 52 51 7 52 1
0 52 7 53 52 7 53 1
0 7 9 53 7 9 53 1
0 53 9 11 53 9 11 1
0 53 11 54 53 11 54 1
0 54 11 55 54 11 55 1
0 11 13 55 11 13 55 1
0 55 13 15 55 13 15 1
0 55 15 56 55 15 56 1
0 56 15 57 56 15 57 1
0 15 17 57 15 17 57 1
0 57 17 19 57 17 19 1
0 57 19 58 57 19 58 1
0 58 19 59 58 19 59 1
0 19 21 59 19 21 59 1
0 59 21 23 59 21 23 1
0 59 23 60 59 23 60 1
0 60 23 61 60 23 61 1
0 23 25 61 23 25 61 1
0 61 25 5 61 25 5 1
0 61 5 50 61 5 50 1
0 62 63 64 62 63 64 1
0 65 66 67 65 66 67 1
0 62 64 68 62 64 68 1
0 65 69 66 65 69 66 1
0 62 68 70 62 68 70 1
0 65 71 69 65 71 69 1
0 62 70 72 62 70 72 1
0 65 73 71 65 73 71 1
0 62 72 74 62 72 74 1
0 65 75 73 65 75 73 1
0 62 74 76 62 74 76 1
0 65 77 75 65 77 75 1
0 62 76 78 62 76 78 1
0 65 79 77 65 79 77 1
0 62 78 80 62 78 80 1
0 65 81 79 65 81 79 1
0 62 80 82 62 80 82 1
0 65 83 81 65 83 81 1
0 62 82 84 62 82 84 1
0 65 85 83 65 85 83 1
0 62 84 86 62 84 86 1
0 65 87 85 65 87 85 1
0 62 86 63 62 86 63 1
0 65 67 87 65 67 87 1
0 63 88 89 63 88 89 1
0 63 89 64 63 89 64 1
0 64 89 68 64 89 68 1
0 89 90 68 89 90 68 1
0 68 90 91 68 90 91 1
0 68 91 70 68 91 70 1
0 70 91 72 70 91 72 1
0 91 92 72 91 92 72 1
0 72 92 93 72 92 93 1
0 72 93 74 72 93 74 1
0 74 93 76 74 93 76 1
0 93 94 76 93 94 76 1
0 76 94 95 76 94 95 1
0 76 95 78 76 95 78 1
0 78 95 80 78 95 80 1
0 95 96 80 95 96 80 1
0 80 96 97 80 96 97 1
0 80 97 82 80 97 82 1
0 82 97 84 82 97 84 1
0 97 98 84 97 98 84 1
0 84 98 99 84 98 99 1
0 84 99 86 84 99 86 1
0 86 99 63 86 99 63 1
0 99 88 63 99 88 63 1
0 88 100 89 88 100 89 1
0 100 101 89 100 101 89 1
0 89 101 102 89 101 102 1
0 89 102 90 89 102 90 1
0 90 102 91 90 102 91 1
0 102 103 91 102 103 91 1
0 91 103 104 91 103 104 1
0 91 104 92 91 104 92 1
0 92 104 93 92 104 93 1
0 104 105 93 104 105 93 1
0 93 105 106 93 105 106 1
0 93 106 94 93 106 94 1
0 94 106 95 94 106 95 1
0 106 107 95 106 107 95 1
0 95 107 108 95 107 108 1
0 95 108 96 95 108 96 1
0 96 108 97 96 108 97 1
0 108 109 97 108 109 97 1
0 97 109 110 97 109 110 1
0 97 110 98 97 110 98 1
0 98 110 99 98 110 99 1
0 110 111 99 110 111 99 1
0 99 111 100 99 111 100 1
0 99 100 88 99 100 88 1
0 100 112 113 100 112 113 1
0 100 113 101 100 113 101 1
0 101 113 102 101 113 102 1
0 113 114 102 113 114 102 1
0 102 114 115 102 114 115 1
0 102 115 103 102 115 103 1
0 103 115 104 103 115 104 1
0 115 116 104 115 116 104 1
0 104 116 117 104 116 117 1
0 104 117 105 104 117 105 1
0 105 117 106 105 117 106 1
0 117 118 106 117 118 106 1
0 106 118 119 106 118 119 1
0 106 119 107 106 119 107 1
0 107 119 108 107 119 108 1
0 119 120 108 119 120 108 1
0 108 120 121 108 120 121 1
0 108 121 109 108 121 109 1
0 109 121 110 109 121 110 1
0 121 122 110 121 122 110 1
0 110 122 123 110 122 123 1
0 110 123 111 110 123 111 1
0 111 123 100 111 123 100 1
0 123 112 100 123 112 100 1
0 112 67 113 112 67 113 1
0 67 66 113 67 66 113 1
0 113 66 69 113 66 69 1
0 113 69 114 113 69 114 1
0 114 69 115 114 69 115 1
0 69 71 115 69 71 115 1
0 115 71 73 115 71 73 1
0 115 73 116 115 73 116 1
0 116 73 117 116 73 117 1
0 73 75 117 73 75 117 1
0 117 75 77 117 75 77 1
0 117 77 118 117 77 118 1
0 118 77 119 118 77 119 1
0 77 79 119 77 79 119 1
0 119 79 81 119 79 81 1
0 119 81 120 119 81 120 1
0 120 81 121 120 81 121 1
0 81 83 121 81 83 121 1
0 121 83 85 121 83 85 1
0 121 85 122 121 85 122 1
0 122 85 123 122 85 123 1
0 85 87 123 85 87 123 1
0 123 87 67 123 87 67 1
0 123 67 112 123 67 112 1
0 124 125 126 124 125 126 1
0 127 128 129 127 128 129 1
0 124 126 130 124 126 130 1
0 127 131 128 127 131 128 1
0 124 130 132 124 130 132 1
0 127 133 131 127 133 131 1
0 124 132 134 124 132 134 1
0 127 135 133 127 135 133 1
0 124 134 136 124 134 136 1
0 127 137 135 127 137 135 1
0 124 136 138 124 136 138 1
0 127 139 137 127 139 137 1
0 124 138 140 124 138 140 1
0 127 141 139 127 141 139 1
0 124 140 142 124 140 142 1
0 127 143 141 127 143 141 1
0 124 142 144 124 142 144 1
0 127 145 143 127 145 143 1
0 124 144 146 124 144 146 1
0 127 147 145 127 147 145 1
0 124 146 148 124 146 148 1
0 127 149 147 127 149 147 1
0 124 148 125 124 148 125 1
0 127 129 149 127 129 149 1
0 125 150 151 125 150 151 1
0 125 151 126 125 151 126 1
0 126 151 130 126 151 130 1
0 151 152 130 151 152 130 1
0 130 152 153 130 152 153 1
0 130 153 132 130 153 132 1
0 132 153 134 132 153 134 1
0 153 154 134 153 154 134 1
0 134 154 155 134 154 155 1
0 134 155 136 134 155 136 1
0 136 155 138 136 155 138 1
0 155 156 138 155 156 138 1
0 138 156 157 138 156 157 1
0 138 157 140 138 157 140 1
0 140 157 142 140 157 142 1
0 157 158 142 157 158 142 1
0 142 158 159 142 158 159 1
0 142 159 144 142 159 144 1
0 144 159 146 144 159 146 1
0 159 160 146 159 160 146 1
0 146 160 161 146 160 161 1
0 146 161 148 146 161 148 1
0 148 161 125 148 161 125 1
0 161 150 125 161 150 125 1
0 150 162 151 150 162 151 1
0 162 163 151 162 163 151 1
0 151 163 164 151 163 164 1
0 151 164 152 151 164 152 1
0 152 164 153 152 164 153 1
0 164 165 153 164 165 153 1
0 153 165 166 153 165 166 1
0 153 166 154 153 166 154 1
0 154 166 155 154 166 155 1
0 166 167 155 166 167 155 1
0 155 167 168 155 167 168 1
0 155 168 156 155 168 156 1
0 156 168 157 156 168 157 1
0 168 169 157 168 169 157 1
0 157 169 170 157 169 170 1
0 157 170 158 157 170 158 1
0 158 170 159 158 170 159 1
0 170 171 159 170 171 159 1
0 159 171 172 159 171 172 1
0 159 172 160 159 172 160 1
0 160 172 161 160 172 161 1
0 172 173 161 172 173 161 1
0 161 173 162 161 173 162 1
0 161 162 150 161 162 150 1
0 162 174 175 162 174 175 1
0 162 175 163 162 175 163 1
0 163 175 164 163 175 164 1
0 175 176 164 175 176 164 1
0 164 176 177 164 176 177 1
0 164 177 165 164 177 165 1
0 165 177 166 165 177 166 1
0 177 178 166 177 178 166 1
0 166 178 179 166 178 179 1
0 166 179 167 166 179 167 1
0 167 179 168 167 179 168 1
0 179 180 168 179 180 168 1
0 168 180 181 168 180 181 1
0 168 181 169 168 181 169 1
0 169 181 170 169 181 170 1
0 181 182 170 181 182 170 1
0 170 182 183 170 182 183 1
0 170 183 171 170 183 171 1
0 171 183 172 171 183 172 1
0 183 184 172 183 184 172 1
0 172 184 185 172 184 185 1
0 172 185 173 172 185 173 1
0 173 185 162 173 185 162 1
0 185 174 162 185 174 162 1
0 174 129 175 174 129 175 1
0 129 128 175 129 128 175 1
0 175 128 131 175 128 131 1
0 175 131 176 175 131 176 1
0 176 131 177 176 131 177 1
0 131 133 177 131 133 177 1
0 177 133 135 177 133 135 1
0 177 135 178 177 135 178 1
0 178 135 179 178 135 179 1
0 135 137 179 135 137 179 1
0 179 137 139 179 137 139 1
0 179 139 180 179 139 180 1
0 180 139 181 180 139 181 1
0 139 141 181 139 141 181 1
0 181 141 143 181 141 143 1
0 181 143 182 181 143 182 1
0 182 143 183 182 143 183 1
0 143 145 183 143 145 183 1
0 183 145 147 183 145 147 1
0 183 147 184 183 147 184 1
0 184 147 185 184 147 185 1
0 147 149 185 147 149 185 1
0 185 149 129 185 149 129 1
0 185 129 174 185 129 174 1

Materials: 2
"Material01"
0.200000 0.200000 0.200000 1.000000
0.800000 0.800000 0.800000 1.000000
0.000000 0.000000 0.000000 1.000000
1.000000 1.000000 1.000000 1.000000
0.000000
1.000000
"egg.jpg"
""
"Material02"
0.200000 0.200000 0.200000 1.000000
0.800000 0.800000 0.800000 1.000000
0.000000 0.000000 0.000000 1.000000
0.501961 0.501961 0.501961 1.000000
0.000000
1.000000
"nest.jpg"
""

Bones: 0
GroupComments: 0
MaterialComments: 0
BoneComments: 0
ModelComment: 0
