// MilkShape 3D ASCII

Frames: 30
Frame: 1

Meshes: 4
"Cylinder02" 0 0
116
0 3.854584 -3.084192 -0.021084 0.000000 0.000000 -1
0 3.338167 -3.084192 1.906210 0.000000 0.000000 -1
0 -0.000003 -3.084192 -0.021084 0.000000 0.000000 -1
0 1.344008 15.239885 -0.021080 0.000000 0.000000 -1
0 -0.000003 15.239885 -0.021080 0.000000 0.000000 -1
0 1.163944 15.239885 0.650925 0.000000 0.000000 -1
0 3.854584 -3.084192 -0.021084 0.000000 1.000000 -1
0 3.854584 2.686640 -0.021082 0.000000 0.833333 -1
0 3.338167 2.686640 1.906211 0.083333 0.833333 -1
0 3.338167 -3.084192 1.906210 0.083333 1.000000 -1
0 3.854584 6.207474 -0.021082 0.000000 0.666667 -1
0 3.338167 6.207474 1.906211 0.083333 0.666667 -1
0 3.469125 8.390738 -0.021082 0.000000 0.500000 -1
0 3.004350 8.390738 1.713482 0.083333 0.500000 -1
0 3.122212 11.261509 -0.021081 0.000000 0.333333 -1
0 2.703915 11.261509 1.540027 0.083333 0.333333 -1
0 1.843634 13.860998 -0.021080 0.000000 0.166667 -1
0 1.596633 13.860998 0.900738 0.083333 0.166667 -1
0 1.163944 15.239885 0.650925 0.083333 0.000000 -1
0 1.927290 -3.084192 3.317086 0.000000 0.000000 -1
0 0.672002 15.239885 1.142867 0.000000 0.000000 -1
0 1.927290 -3.084192 3.317086 0.166667 1.000000 -1
0 1.927290 2.686640 3.317087 0.166667 0.833333 -1
0 1.927290 6.207474 3.317089 0.166667 0.666667 -1
0 1.734561 8.390738 2.983272 0.166667 0.500000 -1
0 1.561105 11.261509 2.682837 0.166667 0.333333 -1
0 0.921815 13.860998 1.575556 0.166667 0.166667 -1
0 0.672002 15.239885 1.142867 0.166667 0.000000 -1
0 -0.000003 -3.084193 3.833505 0.000000 0.000000 -1
0 -0.000003 15.239885 1.322931 0.000000 0.000000 -1
0 -0.000003 2.686640 3.833505 0.250000 0.833333 -1
0 -0.000003 -3.084193 3.833505 0.250000 1.000000 -1
0 -0.000003 6.207474 3.833506 0.250000 0.666667 -1
0 -0.000003 8.390738 3.448047 0.250000 0.500000 -1
0 -0.000003 11.261509 3.101134 0.250000 0.333333 -1
0 -0.000003 13.860998 1.822556 0.250000 0.166667 -1
0 -0.000003 15.239885 1.322931 0.250000 0.000000 -1
0 -1.927297 -3.084192 3.317086 0.000000 0.000000 -1
0 -0.672009 15.239885 1.142867 0.000000 0.000000 -1
0 -1.927297 -3.084192 3.317086 0.333333 1.000000 -1
0 -1.927297 2.686640 3.317087 0.333333 0.833333 -1
0 -1.927297 6.207474 3.317089 0.333333 0.666667 -1
0 -1.734568 8.390738 2.983272 0.333333 0.500000 -1
0 -1.561111 11.261509 2.682837 0.333333 0.333333 -1
0 -0.921822 13.860998 1.575556 0.333333 0.166667 -1
0 -0.672009 15.239885 1.142867 0.333333 0.000000 -1
0 -3.338174 -3.084192 1.906210 0.000000 0.000000 -1
0 -1.163951 15.239885 0.650925 0.000000 0.000000 -1
0 -3.338174 2.686640 1.906211 0.416667 0.833333 -1
0 -3.338174 -3.084192 1.906210 0.416667 1.000000 -1
0 -3.338174 6.207474 1.906211 0.416667 0.666667 -1
0 -3.004357 8.390738 1.713482 0.416667 0.500000 -1
0 -2.703921 11.261509 1.540027 0.416667 0.333333 -1
0 -1.596640 13.860998 0.900738 0.416667 0.166667 -1
0 -1.163951 15.239885 0.650925 0.416667 0.000000 -1
0 -3.854591 -3.084192 -0.021084 0.000000 0.000000 -1
0 -1.344015 15.239885 -0.021080 0.000000 0.000000 -1
0 -3.854591 -3.084192 -0.021084 0.500000 1.000000 -1
0 -3.854591 2.686640 -0.021082 0.500000 0.833333 -1
0 -3.854591 6.207474 -0.021082 0.500000 0.666667 -1
0 -3.469132 8.390738 -0.021082 0.500000 0.500000 -1
0 -3.122219 11.261509 -0.021081 0.500000 0.333333 -1
0 -1.843640 13.860998 -0.021080 0.500000 0.166667 -1
0 -1.344015 15.239885 -0.021080 0.500000 0.000000 -1
0 -3.338174 -3.084192 -1.948378 0.000000 0.000000 -1
0 -1.163951 15.239885 -0.693086 0.000000 0.000000 -1
0 -3.338174 2.686640 -1.948377 0.583333 0.833333 -1
0 -3.338174 -3.084192 -1.948378 0.583333 1.000000 -1
0 -3.338174 6.207474 -1.948376 0.583333 0.666667 -1
0 -3.004357 8.390738 -1.755647 0.583333 0.500000 -1
0 -2.703921 11.261509 -1.582190 0.583333 0.333333 -1
0 -1.596640 13.860998 -0.942900 0.583333 0.166667 -1
0 -1.163951 15.239885 -0.693086 0.583333 0.000000 -1
0 -1.927297 -3.084192 -3.359253 0.000000 0.000000 -1
0 -0.672009 15.239885 -1.185028 0.000000 0.000000 -1
0 -1.927297 -3.084192 -3.359253 0.666667 1.000000 -1
0 -1.927297 2.686640 -3.359252 0.666667 0.833333 -1
0 -1.927297 6.207474 -3.359251 0.666667 0.666667 -1
0 -1.734568 8.390738 -3.025434 0.666667 0.500000 -1
0 -1.561111 11.261509 -2.724998 0.666667 0.333333 -1
0 -0.921822 13.860998 -1.617716 0.666667 0.166667 -1
0 -0.672009 15.239885 -1.185028 0.666667 0.000000 -1
0 -0.000003 -3.084192 -3.875672 0.000000 0.000000 -1
0 -0.000003 15.239885 -1.365092 0.000000 0.000000 -1
0 -0.000003 2.686640 -3.875670 0.750000 0.833333 -1
0 -0.000003 -3.084192 -3.875672 0.750000 1.000000 -1
0 -0.000003 6.207476 -3.875670 0.750000 0.666667 -1
0 -0.000003 8.390738 -3.490211 0.750000 0.500000 -1
0 -0.000003 11.261509 -3.143297 0.750000 0.333333 -1
0 -0.000003 13.860998 -1.864717 0.750000 0.166667 -1
0 -0.000003 15.239885 -1.365092 0.750000 0.000000 -1
0 1.927290 -3.084192 -3.359253 0.000000 0.000000 -1
0 0.672002 15.239885 -1.185028 0.000000 0.000000 -1
0 1.927290 -3.084192 -3.359253 0.833333 1.000000 -1
0 1.927290 2.686640 -3.359252 0.833333 0.833333 -1
0 1.927290 6.207474 -3.359251 0.833333 0.666667 -1
0 1.734561 8.390738 -3.025434 0.833333 0.500000 -1
0 1.561105 11.261509 -2.724998 0.833333 0.333333 -1
0 0.921815 13.860998 -1.617716 0.833333 0.166667 -1
0 0.672002 15.239885 -1.185028 0.833333 0.000000 -1
0 3.338167 -3.084192 -1.948378 0.000000 0.000000 -1
0 1.163944 15.239885 -0.693086 0.000000 0.000000 -1
0 3.338167 2.686640 -1.948377 0.916667 0.833333 -1
0 3.338167 -3.084192 -1.948378 0.916667 1.000000 -1
0 3.338167 6.207474 -1.948376 0.916667 0.666667 -1
0 3.004350 8.390738 -1.755647 0.916667 0.500000 -1
0 2.703915 11.261509 -1.582190 0.916667 0.333333 -1
0 1.596633 13.860998 -0.942900 0.916667 0.166667 -1
0 1.163944 15.239885 -0.693086 0.916667 0.000000 -1
0 3.854584 -3.084192 -0.021084 1.000000 1.000000 -1
0 3.854584 2.686640 -0.021082 1.000000 0.833333 -1
0 3.854584 6.207474 -0.021082 1.000000 0.666667 -1
0 3.469125 8.390738 -0.021082 1.000000 0.500000 -1
0 3.122212 11.261509 -0.021081 1.000000 0.333333 -1
0 1.843634 13.860998 -0.021080 1.000000 0.166667 -1
0 1.344008 15.239885 -0.021080 1.000000 0.000000 -1
97
0.000000 -1.000000 0.000000
0.000000 -1.000000 -0.000000
0.000000 1.000000 0.000000
0.965926 -0.000000 0.258819
0.965926 -0.000000 0.258819
0.866025 -0.000000 0.500000
0.866025 -0.000000 0.500000
0.962483 0.084355 0.257897
0.862718 0.087308 0.498091
0.956128 0.142073 0.256194
0.856620 0.146978 0.494570
0.928345 0.276225 0.248749
0.830061 0.285189 0.479236
0.893357 0.380280 0.239375
0.796836 0.391667 0.460054
0.911699 0.330345 0.244290
0.814223 0.340666 0.470093
0.000000 -1.000000 -0.000000
0.500000 -0.000000 0.866025
0.500000 -0.000000 0.866025
0.498091 0.087308 0.862718
0.494570 0.146978 0.856620
0.479236 0.285189 0.830061
0.460053 0.391667 0.796836
0.470092 0.340666 0.814223
0.000000 -1.000000 -0.000000
0.000000 -0.000000 1.000000
0.000000 0.000000 1.000000
0.000000 0.087308 0.996181
0.000000 0.146978 0.989140
0.000000 0.285189 0.958471
0.000000 0.391666 0.920107
0.000000 0.340666 0.940184
-0.000000 -1.000000 -0.000000
-0.500000 -0.000000 0.866025
-0.500000 -0.000000 0.866025
-0.498091 0.087308 0.862718
-0.494570 0.146978 0.856620
-0.479236 0.285189 0.830061
-0.460053 0.391666 0.796836
-0.470092 0.340666 0.814223
-0.866025 -0.000000 0.500000
-0.866025 -0.000000 0.500000
-0.862718 0.087308 0.498091
-0.856620 0.146978 0.494570
-0.830060 0.285189 0.479236
-0.796836 0.391666 0.460054
-0.814223 0.340666 0.470093
-1.000000 -0.000000 0.000000
-1.000000 -0.000000 0.000000
-0.996181 0.087309 0.000000
-0.989140 0.146978 0.000000
-0.958471 0.285189 0.000000
-0.920107 0.391666 0.000000
-0.940184 0.340666 0.000000
-0.866025 0.000000 -0.500000
-0.866025 0.000000 -0.500000
-0.862718 0.087309 -0.498091
-0.856620 0.146978 -0.494570
-0.830060 0.285189 -0.479236
-0.796836 0.391667 -0.460054
-0.814223 0.340667 -0.470092
-0.500000 0.000000 -0.866025
-0.500000 0.000000 -0.866025
-0.498091 0.087309 -0.862718
-0.494570 0.146978 -0.856620
-0.479236 0.285189 -0.830061
-0.460053 0.391666 -0.796837
-0.470092 0.340666 -0.814224
0.000000 0.000000 -1.000000
0.000000 0.000000 -1.000000
0.000000 0.087309 -0.996181
0.000000 0.146978 -0.989140
0.000000 0.285189 -0.958471
0.000000 0.391666 -0.920107
0.000000 0.340666 -0.940184
0.500000 0.000000 -0.866025
0.500000 0.000000 -0.866025
0.498091 0.087309 -0.862718
0.494570 0.146978 -0.856620
0.479236 0.285189 -0.830060
0.460053 0.391666 -0.796836
0.470092 0.340666 -0.814224
0.866025 0.000000 -0.500000
0.866025 0.000000 -0.500000
0.862718 0.087309 -0.498091
0.856620 0.146978 -0.494570
0.830060 0.285189 -0.479236
0.796836 0.391667 -0.460054
0.814223 0.340667 -0.470092
0.965926 0.000000 -0.258819
0.965926 0.000000 -0.258819
0.962483 0.084355 -0.257897
0.956128 0.142073 -0.256194
0.928345 0.276225 -0.248749
0.893357 0.380280 -0.239374
0.911699 0.330345 -0.244289
168
0 0 1 2 0 0 1 2
0 3 4 5 2 2 2 2
0 6 7 8 3 4 5 1
0 6 8 9 3 5 6 1
0 7 10 8 4 7 5 1
0 10 11 8 7 8 5 1
0 10 12 13 7 9 10 1
0 10 13 11 7 10 8 1
0 12 14 13 9 11 10 1
0 14 15 13 11 12 10 1
0 14 16 17 11 13 14 1
0 14 17 15 11 14 12 1
0 16 3 17 13 15 14 1
0 3 18 17 15 16 14 1
0 1 19 2 0 17 1 2
0 5 4 20 2 2 2 2
0 9 8 21 6 5 18 1
0 8 22 21 5 19 18 1
0 8 11 23 5 8 20 1
0 8 23 22 5 20 19 1
0 11 13 23 8 10 20 1
0 13 24 23 10 21 20 1
0 13 15 25 10 12 22 1
0 13 25 24 10 22 21 1
0 15 17 25 12 14 22 1
0 17 26 25 14 23 22 1
0 17 18 27 14 16 24 1
0 17 27 26 14 24 23 1
0 19 28 2 17 25 1 2
0 20 4 29 2 2 2 2
0 21 22 30 18 19 26 1
0 21 30 31 18 26 27 1
0 22 23 30 19 20 26 1
0 23 32 30 20 28 26 1
0 23 24 33 20 21 29 1
0 23 33 32 20 29 28 1
0 24 25 33 21 22 29 1
0 25 34 33 22 30 29 1
0 25 26 35 22 23 31 1
0 25 35 34 22 31 30 1
0 26 27 35 23 24 31 1
0 27 36 35 24 32 31 1
0 28 37 2 25 33 1 2
0 29 4 38 2 2 2 2
0 31 30 39 27 26 34 1
0 30 40 39 26 35 34 1
0 30 32 41 26 28 36 1
0 30 41 40 26 36 35 1
0 32 33 41 28 29 36 1
0 33 42 41 29 37 36 1
0 33 34 43 29 30 38 1
0 33 43 42 29 38 37 1
0 34 35 43 30 31 38 1
0 35 44 43 31 39 38 1
0 35 36 45 31 32 40 1
0 35 45 44 31 40 39 1
0 37 46 2 33 0 1 2
0 38 4 47 2 2 2 2
0 39 40 48 34 35 41 1
0 39 48 49 34 41 42 1
0 40 41 48 35 36 41 1
0 41 50 48 36 43 41 1
0 41 42 51 36 37 44 1
0 41 51 50 36 44 43 1
0 42 43 51 37 38 44 1
0 43 52 51 38 45 44 1
0 43 44 53 38 39 46 1
0 43 53 52 38 46 45 1
0 44 45 53 39 40 46 1
0 45 54 53 40 47 46 1
0 46 55 2 0 0 1 2
0 47 4 56 2 2 2 2
0 49 48 57 42 41 48 1
0 48 58 57 41 49 48 1
0 48 50 59 41 43 50 1
0 48 59 58 41 50 49 1
0 50 51 59 43 44 50 1
0 51 60 59 44 51 50 1
0 51 52 61 44 45 52 1
0 51 61 60 44 52 51 1
0 52 53 61 45 46 52 1
0 53 62 61 46 53 52 1
0 53 54 63 46 47 54 1
0 53 63 62 46 54 53 1
0 55 64 2 0 0 1 2
0 56 4 65 2 2 2 2
0 57 58 66 48 49 55 1
0 57 66 67 48 55 56 1
0 58 59 66 49 50 55 1
0 59 68 66 50 57 55 1
0 59 60 69 50 51 58 1
0 59 69 68 50 58 57 1
0 60 61 69 51 52 58 1
0 61 70 69 52 59 58 1
0 61 62 71 52 53 60 1
0 61 71 70 52 60 59 1
0 62 63 71 53 54 60 1
0 63 72 71 54 61 60 1
0 64 73 2 0 0 1 2
0 65 4 74 2 2 2 2
0 67 66 75 56 55 62 1
0 66 76 75 55 63 62 1
0 66 68 77 55 57 64 1
0 66 77 76 55 64 63 1
0 68 69 77 57 58 64 1
0 69 78 77 58 65 64 1
0 69 70 79 58 59 66 1
0 69 79 78 58 66 65 1
0 70 71 79 59 60 66 1
0 71 80 79 60 67 66 1
0 71 72 81 60 61 68 1
0 71 81 80 60 68 67 1
0 73 82 2 0 0 1 2
0 74 4 83 2 2 2 2
0 75 76 84 62 63 69 1
0 75 84 85 62 69 70 1
0 76 77 84 63 64 69 1
0 77 86 84 64 71 69 1
0 77 78 87 64 65 72 1
0 77 87 86 64 72 71 1
0 78 79 87 65 66 72 1
0 79 88 87 66 73 72 1
0 79 80 89 66 67 74 1
0 79 89 88 66 74 73 1
0 80 81 89 67 68 74 1
0 81 90 89 68 75 74 1
0 82 91 2 0 0 1 2
0 83 4 92 2 2 2 2
0 85 84 93 70 69 76 1
0 84 94 93 69 77 76 1
0 84 86 95 69 71 78 1
0 84 95 94 69 78 77 1
0 86 87 95 71 72 78 1
0 87 96 95 72 79 78 1
0 87 88 97 72 73 80 1
0 87 97 96 72 80 79 1
0 88 89 97 73 74 80 1
0 89 98 97 74 81 80 1
0 89 90 99 74 75 82 1
0 89 99 98 74 82 81 1
0 91 100 2 0 0 1 2
0 92 4 101 2 2 2 2
0 93 94 102 76 77 83 1
0 93 102 103 76 83 84 1
0 94 95 102 77 78 83 1
0 95 104 102 78 85 83 1
0 95 96 105 78 79 86 1
0 95 105 104 78 86 85 1
0 96 97 105 79 80 86 1
0 97 106 105 80 87 86 1
0 97 98 107 80 81 88 1
0 97 107 106 80 88 87 1
0 98 99 107 81 82 88 1
0 99 108 107 82 89 88 1
0 100 0 2 0 0 1 2
0 101 4 3 2 2 2 2
0 103 102 109 84 83 90 1
0 102 110 109 83 91 90 1
0 102 104 111 83 85 92 1
0 102 111 110 83 92 91 1
0 104 105 111 85 86 92 1
0 105 112 111 86 93 92 1
0 105 106 113 86 87 94 1
0 105 113 112 86 94 93 1
0 106 107 113 87 88 94 1
0 107 114 113 88 95 94 1
0 107 108 115 88 89 96 1
0 107 115 114 88 96 95 1
"Cylinder03" 1 1
51
1 0.915059 8.539253 -0.021082 0.000000 0.000000 -1
1 0.792464 8.539253 0.436449 0.000000 0.000000 -1
1 -0.000003 8.539253 -0.021082 0.000000 0.000000 -1
1 0.486298 16.716522 -0.021081 0.000000 0.000000 -1
1 -0.000003 16.716522 -0.021081 0.000000 0.000000 -1
1 0.421146 16.716522 0.222070 0.000000 0.000000 -1
1 0.915059 8.539253 -0.021082 0.000000 1.000000 -1
1 0.792464 8.539253 0.436449 0.083333 1.000000 -1
1 0.421146 16.716522 0.222070 0.083333 0.000000 -1
1 0.457528 8.539253 0.771385 0.000000 0.000000 -1
1 0.243147 16.716522 0.400068 0.000000 0.000000 -1
1 0.243147 16.716522 0.400068 0.166667 0.000000 -1
1 0.457528 8.539253 0.771385 0.166667 1.000000 -1
1 -0.000003 8.539253 0.893980 0.000000 0.000000 -1
1 -0.000003 16.716522 0.465220 0.000000 0.000000 -1
1 -0.000003 8.539253 0.893980 0.250000 1.000000 -1
1 -0.000003 16.716522 0.465220 0.250000 0.000000 -1
1 -0.457535 8.539253 0.771385 0.000000 0.000000 -1
1 -0.243154 16.716522 0.400068 0.000000 0.000000 -1
1 -0.243154 16.716522 0.400068 0.333333 0.000000 -1
1 -0.457535 8.539253 0.771385 0.333333 1.000000 -1
1 -0.792471 8.539253 0.436449 0.000000 0.000000 -1
1 -0.421153 16.716522 0.222070 0.000000 0.000000 -1
1 -0.792471 8.539253 0.436449 0.416667 1.000000 -1
1 -0.421153 16.716522 0.222070 0.416667 0.000000 -1
1 -0.915066 8.539253 -0.021082 0.000000 0.000000 -1
1 -0.486305 16.716522 -0.021081 0.000000 0.000000 -1
1 -0.486305 16.716522 -0.021081 0.500000 0.000000 -1
1 -0.915066 8.539253 -0.021082 0.500000 1.000000 -1
1 -0.792471 8.539253 -0.478614 0.000000 0.000000 -1
1 -0.421153 16.716522 -0.264233 0.000000 0.000000 -1
1 -0.792471 8.539253 -0.478614 0.583333 1.000000 -1
1 -0.421153 16.716522 -0.264233 0.583333 0.000000 -1
1 -0.457535 8.539253 -0.813550 0.000000 0.000000 -1
1 -0.243154 16.716522 -0.442231 0.000000 0.000000 -1
1 -0.243154 16.716522 -0.442231 0.666667 0.000000 -1
1 -0.457535 8.539253 -0.813550 0.666667 1.000000 -1
1 -0.000003 8.539253 -0.936145 0.000000 0.000000 -1
1 -0.000003 16.716522 -0.507383 0.000000 0.000000 -1
1 -0.000003 8.539253 -0.936145 0.750000 1.000000 -1
1 -0.000003 16.716522 -0.507383 0.750000 0.000000 -1
1 0.457528 8.539253 -0.813550 0.000000 0.000000 -1
1 0.243147 16.716522 -0.442231 0.000000 0.000000 -1
1 0.243147 16.716522 -0.442231 0.833333 0.000000 -1
1 0.457528 8.539253 -0.813550 0.833333 1.000000 -1
1 0.792464 8.539253 -0.478614 0.000000 0.000000 -1
1 0.421146 16.716522 -0.264233 0.000000 0.000000 -1
1 0.792464 8.539253 -0.478614 0.916667 1.000000 -1
1 0.421146 16.716522 -0.264233 0.916667 0.000000 -1
1 0.486298 16.716522 -0.021081 1.000000 0.000000 -1
1 0.915059 8.539253 -0.021082 1.000000 1.000000 -1
28
0.000000 -1.000000 0.000000
0.000000 1.000000 0.000000
0.964689 0.050582 0.258488
0.964689 0.050582 0.258487
0.864837 0.052361 0.499315
0.864837 0.052361 0.499315
0.499314 0.052361 0.864838
0.499314 0.052361 0.864837
0.000000 0.052361 0.998628
0.000001 0.052361 0.998628
-0.499313 0.052361 0.864838
-0.499314 0.052361 0.864838
-0.864837 0.052361 0.499315
-0.864837 0.052361 0.499315
-0.998628 0.052361 0.000000
-0.998628 0.052361 0.000000
-0.864837 0.052361 -0.499314
-0.864837 0.052361 -0.499315
-0.499313 0.052361 -0.864838
-0.499314 0.052361 -0.864838
0.000000 0.052361 -0.998628
0.000001 0.052361 -0.998628
0.499314 0.052361 -0.864838
0.499314 0.052361 -0.864837
0.864837 0.052361 -0.499314
0.864837 0.052361 -0.499315
0.964690 0.050582 -0.258487
0.964690 0.050582 -0.258487
48
1 0 1 2 0 0 0 2
1 3 4 5 1 1 1 2
1 6 3 7 2 3 4 1
1 3 8 7 3 5 4 1
1 1 9 2 0 0 0 2
1 5 4 10 1 1 1 2
1 7 8 11 4 5 6 1
1 7 11 12 4 6 7 1
1 9 13 2 0 0 0 2
1 10 4 14 1 1 1 2
1 12 11 15 7 6 8 1
1 11 16 15 6 9 8 1
1 13 17 2 0 0 0 2
1 14 4 18 1 1 1 2
1 15 16 19 8 9 10 1
1 15 19 20 8 10 11 1
1 17 21 2 0 0 0 2
1 18 4 22 1 1 1 2
1 20 19 23 11 10 12 1
1 19 24 23 10 13 12 1
1 21 25 2 0 0 0 2
1 22 4 26 1 1 1 2
1 23 24 27 12 13 14 1
1 23 27 28 12 14 15 1
1 25 29 2 0 0 0 2
1 26 4 30 1 1 1 2
1 28 27 31 15 14 16 1
1 27 32 31 14 17 16 1
1 29 33 2 0 0 0 2
1 30 4 34 1 1 1 2
1 31 32 35 16 17 18 1
1 31 35 36 16 18 19 1
1 33 37 2 0 0 0 2
1 34 4 38 1 1 1 2
1 36 35 39 19 18 20 1
1 35 40 39 18 21 20 1
1 37 41 2 0 0 0 2
1 38 4 42 1 1 1 2
1 39 40 43 20 21 22 1
1 39 43 44 20 22 23 1
1 41 45 2 0 0 0 2
1 42 4 46 1 1 1 2
1 44 43 47 23 22 24 1
1 43 48 47 22 25 24 1
1 45 0 2 0 0 0 2
1 46 4 3 1 1 1 2
1 47 48 49 24 25 26 1
1 47 49 50 24 26 27 1
"Cylinder04" 0 0
51
0 0.686300 -18.372881 -0.006203 0.000000 0.000000 -1
0 0.594353 -18.372881 0.336948 0.000000 0.000000 -1
0 -0.000003 -18.372881 -0.006203 0.000000 0.000000 -1
0 2.429996 -2.646691 -0.006201 0.000000 0.000000 -1
0 -0.000003 -2.646691 -0.006201 0.000000 0.000000 -1
0 2.104438 -2.646691 1.208799 0.000000 0.000000 -1
0 0.686300 -18.372881 -0.006203 0.000000 1.000000 -1
0 0.594353 -18.372881 0.336948 0.083333 1.000000 -1
0 2.104438 -2.646691 1.208799 0.083333 0.000000 -1
0 0.343148 -18.372881 0.588153 0.000000 0.000000 -1
0 1.214997 -2.646691 2.098240 0.000000 0.000000 -1
0 1.214997 -2.646691 2.098240 0.166667 0.000000 -1
0 0.343148 -18.372881 0.588153 0.166667 1.000000 -1
0 -0.000003 -18.372881 0.680099 0.000000 0.000000 -1
0 -0.000003 -2.646691 2.423798 0.000000 0.000000 -1
0 -0.000003 -18.372881 0.680099 0.250000 1.000000 -1
0 -0.000003 -2.646691 2.423798 0.250000 0.000000 -1
0 -0.343155 -18.372881 0.588153 0.000000 0.000000 -1
0 -1.215003 -2.646691 2.098240 0.000000 0.000000 -1
0 -1.215003 -2.646691 2.098240 0.333333 0.000000 -1
0 -0.343155 -18.372881 0.588153 0.333333 1.000000 -1
0 -0.594360 -18.372881 0.336948 0.000000 0.000000 -1
0 -2.104445 -2.646691 1.208799 0.000000 0.000000 -1
0 -0.594360 -18.372881 0.336948 0.416667 1.000000 -1
0 -2.104445 -2.646691 1.208799 0.416667 0.000000 -1
0 -0.686307 -18.372881 -0.006203 0.000000 0.000000 -1
0 -2.430003 -2.646691 -0.006201 0.000000 0.000000 -1
0 -2.430003 -2.646691 -0.006201 0.500000 0.000000 -1
0 -0.686307 -18.372881 -0.006203 0.500000 1.000000 -1
0 -0.594360 -18.372881 -0.349355 0.000000 0.000000 -1
0 -2.104445 -2.646691 -1.221201 0.000000 0.000000 -1
0 -0.594360 -18.372881 -0.349355 0.583333 1.000000 -1
0 -2.104445 -2.646691 -1.221201 0.583333 0.000000 -1
0 -0.343155 -18.372881 -0.600560 0.000000 0.000000 -1
0 -1.215003 -2.646691 -2.110642 0.000000 0.000000 -1
0 -1.215003 -2.646691 -2.110642 0.666667 0.000000 -1
0 -0.343155 -18.372881 -0.600560 0.666667 1.000000 -1
0 -0.000003 -18.372881 -0.692508 0.000000 0.000000 -1
0 -0.000003 -2.646691 -2.436202 0.000000 0.000000 -1
0 -0.000003 -18.372881 -0.692508 0.750000 1.000000 -1
0 -0.000003 -2.646691 -2.436202 0.750000 0.000000 -1
0 0.343148 -18.372881 -0.600560 0.000000 0.000000 -1
0 1.214997 -2.646691 -2.110642 0.000000 0.000000 -1
0 1.214997 -2.646691 -2.110642 0.833333 0.000000 -1
0 0.343148 -18.372881 -0.600560 0.833333 1.000000 -1
0 0.594353 -18.372881 -0.349355 0.000000 0.000000 -1
0 2.104438 -2.646691 -1.221201 0.000000 0.000000 -1
0 0.594353 -18.372881 -0.349355 0.916667 1.000000 -1
0 2.104438 -2.646691 -1.221201 0.916667 0.000000 -1
0 2.429996 -2.646691 -0.006201 1.000000 0.000000 -1
0 0.686300 -18.372881 -0.006203 1.000000 1.000000 -1
28
0.000000 -1.000000 0.000000
0.000000 1.000000 0.000000
0.960433 -0.106491 0.257347
0.960433 -0.106491 0.257347
0.860751 -0.110203 0.496955
0.860751 -0.110203 0.496954
0.496954 -0.110203 0.860751
0.496953 -0.110203 0.860751
0.000000 -0.110203 0.993909
0.000000 -0.110203 0.993909
-0.496954 -0.110203 0.860751
-0.496953 -0.110203 0.860751
-0.860750 -0.110203 0.496955
-0.860750 -0.110203 0.496955
-0.993909 -0.110203 0.000000
-0.993909 -0.110203 0.000000
-0.860751 -0.110203 -0.496954
-0.860750 -0.110203 -0.496955
-0.496955 -0.110203 -0.860750
-0.496955 -0.110203 -0.860750
0.000000 -0.110203 -0.993909
0.000000 -0.110203 -0.993909
0.496955 -0.110203 -0.860750
0.496956 -0.110203 -0.860750
0.860751 -0.110203 -0.496954
0.860751 -0.110203 -0.496954
0.960433 -0.106491 -0.257347
0.960433 -0.106491 -0.257347
48
0 0 1 2 0 0 0 2
0 3 4 5 1 1 1 2
0 6 3 7 2 3 4 1
0 3 8 7 3 5 4 1
0 1 9 2 0 0 0 2
0 5 4 10 1 1 1 2
0 7 8 11 4 5 6 1
0 7 11 12 4 6 7 1
0 9 13 2 0 0 0 2
0 10 4 14 1 1 1 2
0 12 11 15 7 6 8 1
0 11 16 15 6 9 8 1
0 13 17 2 0 0 0 2
0 14 4 18 1 1 1 2
0 15 16 19 8 9 10 1
0 15 19 20 8 10 11 1
0 17 21 2 0 0 0 2
0 18 4 22 1 1 1 2
0 20 19 23 11 10 12 1
0 19 24 23 10 13 12 1
0 21 25 2 0 0 0 2
0 22 4 26 1 1 1 2
0 23 24 27 12 13 14 1
0 23 27 28 12 14 15 1
0 25 29 2 0 0 0 2
0 26 4 30 1 1 1 2
0 28 27 31 15 14 16 1
0 27 32 31 14 17 16 1
0 29 33 2 0 0 0 2
0 30 4 34 1 1 1 2
0 31 32 35 16 17 18 1
0 31 35 36 16 18 19 1
0 33 37 2 0 0 0 2
0 34 4 38 1 1 1 2
0 36 35 39 19 18 20 1
0 35 40 39 18 21 20 1
0 37 41 2 0 0 0 2
0 38 4 42 1 1 1 2
0 39 40 43 20 21 22 1
0 39 43 44 20 22 23 1
0 41 45 2 0 0 0 2
0 42 4 46 1 1 1 2
0 44 43 47 23 22 24 1
0 43 48 47 22 25 24 1
0 45 0 2 0 0 0 2
0 46 4 3 1 1 1 2
0 47 48 49 24 25 26 1
0 47 49 50 24 26 27 1
"Regroup02" 1 1
204
1 -0.000003 -14.930681 -4.378352 0.000000 0.000000 -1
1 0.268039 -13.383062 -3.548987 0.083333 0.166667 -1
1 0.309505 -14.930681 -3.548987 0.000000 0.166667 -1
1 -0.000003 -14.930681 -4.378352 0.083333 0.000000 -1
1 0.154751 -12.250126 -3.968341 0.166667 0.166667 -1
1 -0.000003 -14.930681 -4.378352 0.166667 0.000000 -1
1 -0.000003 -11.835443 -3.968341 0.250000 0.166667 -1
1 -0.000003 -14.930681 -4.378352 0.250000 0.000000 -1
1 -0.154757 -12.250126 -3.968341 0.333333 0.166667 -1
1 -0.000003 -14.930681 -4.378352 0.333333 0.000000 -1
1 -0.268045 -13.383062 -3.548987 0.416667 0.166667 -1
1 -0.000003 -14.930681 -4.378352 0.416667 0.000000 -1
1 -0.309512 -14.930681 -3.548987 0.500000 0.166667 -1
1 -0.000003 -14.930681 -4.378352 0.500000 0.000000 -1
1 -0.268045 -15.575075 -3.548987 0.583333 0.166667 -1
1 -0.000003 -14.930681 -4.378352 0.583333 0.000000 -1
1 -0.154757 -16.708010 -3.548987 0.666667 0.166667 -1
1 -0.000003 -14.930681 -4.378352 0.666667 0.000000 -1
1 -0.000003 -17.090433 -4.097374 0.750000 0.166667 -1
1 -0.000003 -14.930681 -4.378352 0.750000 0.000000 -1
1 0.154751 -16.708010 -3.548987 0.833333 0.166667 -1
1 -0.000003 -14.930681 -4.378352 0.833333 0.000000 -1
1 0.268039 -15.575075 -3.548987 0.916667 0.166667 -1
1 -0.000003 -14.930681 -4.378352 0.916667 0.000000 -1
1 0.309505 -14.930681 -3.548987 1.000000 0.166667 -1
1 0.619013 -12.350035 0.005687 0.000000 0.500000 -1
1 0.536081 -13.188745 -3.089560 0.000000 0.333333 -1
1 0.464259 -10.508190 -3.089560 0.083333 0.333333 -1
1 0.536081 -9.254797 0.005689 0.083333 0.500000 -1
1 0.309505 -3.246990 0.005689 0.166667 0.500000 -1
1 0.268039 -4.771695 -3.089559 0.166667 0.333333 -1
1 -0.000003 -4.053442 -3.896012 0.250000 0.333333 -1
1 -0.000003 -3.224075 -3.865281 0.250000 0.500000 -1
1 -0.309512 -3.246990 0.005689 0.333333 0.500000 -1
1 -0.268045 -4.771695 -3.089559 0.333333 0.333333 -1
1 -0.464266 -10.508190 -3.089560 0.416667 0.333333 -1
1 -0.536087 -9.254797 0.005689 0.416667 0.500000 -1
1 -0.619020 -12.350035 0.005687 0.500000 0.500000 -1
1 -0.536087 -13.188745 -3.089560 0.500000 0.333333 -1
1 -0.464266 -15.869299 -3.089560 0.583333 0.333333 -1
1 -0.536087 -15.445272 0.005687 0.583333 0.500000 -1
1 -0.309512 -17.711145 0.005687 0.666667 0.500000 -1
1 -0.268045 -17.831602 -3.089561 0.666667 0.333333 -1
1 -0.000003 -18.549852 -3.089561 0.750000 0.333333 -1
1 -0.000003 -18.540510 0.005687 0.750000 0.500000 -1
1 0.309505 -17.711145 0.005687 0.833333 0.500000 -1
1 0.268039 -17.831602 -3.089561 0.833333 0.333333 -1
1 0.464259 -15.869299 -3.089560 0.916667 0.333333 -1
1 0.536081 -15.445272 0.005687 0.916667 0.500000 -1
1 0.619013 -12.350035 0.005687 1.000000 0.500000 -1
1 0.536081 -13.188745 -3.089560 1.000000 0.333333 -1
1 0.309505 -14.930681 3.548986 0.000000 0.166667 -1
1 0.268039 -13.383062 3.548986 0.083333 0.166667 -1
1 -0.000003 -14.930681 4.378351 0.000000 0.000000 -1
1 0.154751 -12.250126 3.968341 0.166667 0.166667 -1
1 -0.000003 -14.930681 4.378351 0.083333 0.000000 -1
1 -0.000003 -11.835443 3.968342 0.250000 0.166667 -1
1 -0.000003 -14.930681 4.378351 0.166667 0.000000 -1
1 -0.154757 -12.250126 3.968341 0.333333 0.166667 -1
1 -0.000003 -14.930681 4.378351 0.250000 0.000000 -1
1 -0.268045 -13.383062 3.548986 0.416667 0.166667 -1
1 -0.000003 -14.930681 4.378351 0.333333 0.000000 -1
1 -0.309512 -14.930681 3.548986 0.500000 0.166667 -1
1 -0.000003 -14.930681 4.378351 0.416667 0.000000 -1
1 -0.268045 -15.575075 3.548986 0.583333 0.166667 -1
1 -0.000003 -14.930681 4.378351 0.500000 0.000000 -1
1 -0.154757 -16.708010 3.548986 0.666667 0.166667 -1
1 -0.000003 -14.930681 4.378351 0.583333 0.000000 -1
1 -0.000003 -17.090433 4.097374 0.750000 0.166667 -1
1 -0.000003 -14.930681 4.378351 0.666667 0.000000 -1
1 0.154751 -16.708010 3.548986 0.833333 0.166667 -1
1 -0.000003 -14.930681 4.378351 0.750000 0.000000 -1
1 0.268039 -15.575075 3.548986 0.916667 0.166667 -1
1 -0.000003 -14.930681 4.378351 0.833333 0.000000 -1
1 0.309505 -14.930681 3.548986 1.000000 0.166667 -1
1 -0.000003 -14.930681 4.378351 0.916667 0.000000 -1
1 0.464259 -10.508190 3.089560 0.083333 0.333333 -1
1 0.536081 -13.188745 3.089560 0.000000 0.333333 -1
1 0.619013 -12.350035 -0.005688 0.000000 0.500000 -1
1 0.536081 -9.254797 -0.005687 0.083333 0.500000 -1
1 0.309505 -3.246990 -0.005687 0.166667 0.500000 -1
1 0.268039 -4.771695 3.089561 0.166667 0.333333 -1
1 -0.000003 -4.053442 3.896014 0.250000 0.333333 -1
1 -0.000003 -3.224076 3.865283 0.250000 0.500000 -1
1 -0.309512 -3.246990 -0.005687 0.333333 0.500000 -1
1 -0.268045 -4.771695 3.089561 0.333333 0.333333 -1
1 -0.464266 -10.508190 3.089560 0.416667 0.333333 -1
1 -0.536087 -9.254797 -0.005687 0.416667 0.500000 -1
1 -0.619020 -12.350035 -0.005688 0.500000 0.500000 -1
1 -0.536087 -13.188745 3.089560 0.500000 0.333333 -1
1 -0.464266 -15.869299 3.089560 0.583333 0.333333 -1
1 -0.536087 -15.445272 -0.005688 0.583333 0.500000 -1
1 -0.309512 -17.711145 -0.005688 0.666667 0.500000 -1
1 -0.268045 -17.831602 3.089559 0.666667 0.333333 -1
1 -0.000003 -18.549852 3.089559 0.750000 0.333333 -1
1 -0.000003 -18.540510 -0.005688 0.750000 0.500000 -1
1 0.309505 -17.711145 -0.005688 0.833333 0.500000 -1
1 0.268039 -17.831602 3.089559 0.833333 0.333333 -1
1 0.464259 -15.869299 3.089560 0.916667 0.333333 -1
1 0.536081 -15.445272 -0.005688 0.916667 0.500000 -1
1 0.619013 -12.350035 -0.005688 1.000000 0.500000 -1
1 0.536081 -13.188745 3.089560 1.000000 0.333333 -1
1 -4.378352 -14.930681 -0.000003 0.000000 0.000000 -1
1 -3.548987 -13.383062 -0.268045 0.083333 0.166667 -1
1 -3.548987 -14.930681 -0.309512 0.000000 0.166667 -1
1 -4.378352 -14.930681 -0.000003 0.083333 0.000000 -1
1 -3.968341 -12.250126 -0.154757 0.166667 0.166667 -1
1 -4.378352 -14.930681 -0.000003 0.166667 0.000000 -1
1 -3.968341 -11.835443 -0.000003 0.250000 0.166667 -1
1 -4.378352 -14.930681 -0.000003 0.250000 0.000000 -1
1 -3.968341 -12.250126 0.154751 0.333333 0.166667 -1
1 -4.378352 -14.930681 -0.000003 0.333333 0.000000 -1
1 -3.548987 -13.383062 0.268039 0.416667 0.166667 -1
1 -4.378352 -14.930681 -0.000003 0.416667 0.000000 -1
1 -3.548987 -14.930681 0.309505 0.500000 0.166667 -1
1 -4.378352 -14.930681 -0.000003 0.500000 0.000000 -1
1 -3.548987 -15.575075 0.268039 0.583333 0.166667 -1
1 -4.378352 -14.930681 -0.000003 0.583333 0.000000 -1
1 -3.548987 -16.708010 0.154751 0.666667 0.166667 -1
1 -4.378352 -14.930681 -0.000003 0.666667 0.000000 -1
1 -4.097374 -17.090433 -0.000003 0.750000 0.166667 -1
1 -4.378352 -14.930681 -0.000003 0.750000 0.000000 -1
1 -3.548987 -16.708010 -0.154757 0.833333 0.166667 -1
1 -4.378352 -14.930681 -0.000003 0.833333 0.000000 -1
1 -3.548987 -15.575075 -0.268045 0.916667 0.166667 -1
1 -4.378352 -14.930681 -0.000003 0.916667 0.000000 -1
1 -3.548987 -14.930681 -0.309512 1.000000 0.166667 -1
1 0.005687 -12.350035 -0.619020 0.000000 0.500000 -1
1 -3.089560 -13.188745 -0.536087 0.000000 0.333333 -1
1 -3.089560 -10.508190 -0.464265 0.083333 0.333333 -1
1 0.005687 -9.254797 -0.536086 0.083333 0.500000 -1
1 0.005687 -3.246991 -0.309510 0.166667 0.500000 -1
1 -3.089560 -4.771695 -0.268044 0.166667 0.333333 -1
1 -3.896013 -4.053442 -0.000002 0.250000 0.333333 -1
1 -3.865282 -3.224076 -0.000002 0.250000 0.500000 -1
1 0.005687 -3.246991 0.309506 0.333333 0.500000 -1
1 -3.089560 -4.771695 0.268040 0.333333 0.333333 -1
1 -3.089560 -10.508190 0.464259 0.416667 0.333333 -1
1 0.005687 -9.254797 0.536081 0.416667 0.500000 -1
1 0.005687 -12.350035 0.619013 0.500000 0.500000 -1
1 -3.089560 -13.188745 0.536081 0.500000 0.333333 -1
1 -3.089560 -15.869299 0.464259 0.583333 0.333333 -1
1 0.005687 -15.445272 0.536081 0.583333 0.500000 -1
1 0.005687 -17.711145 0.309505 0.666667 0.500000 -1
1 -3.089560 -17.831602 0.268039 0.666667 0.333333 -1
1 -3.089560 -18.549852 -0.000003 0.750000 0.333333 -1
1 0.005687 -18.540510 -0.000003 0.750000 0.500000 -1
1 0.005687 -17.711145 -0.309512 0.833333 0.500000 -1
1 -3.089560 -17.831602 -0.268045 0.833333 0.333333 -1
1 -3.089560 -15.869299 -0.464265 0.916667 0.333333 -1
1 0.005687 -15.445272 -0.536087 0.916667 0.500000 -1
1 0.005687 -12.350035 -0.619020 1.000000 0.500000 -1
1 -3.089560 -13.188745 -0.536087 1.000000 0.333333 -1
1 3.548986 -14.930681 -0.309512 0.000000 0.166667 -1
1 3.548986 -13.383062 -0.268045 0.083333 0.166667 -1
1 4.378352 -14.930681 -0.000003 0.000000 0.000000 -1
1 3.968341 -12.250126 -0.154757 0.166667 0.166667 -1
1 4.378352 -14.930681 -0.000003 0.083333 0.000000 -1
1 3.968341 -11.835443 -0.000003 0.250000 0.166667 -1
1 4.378352 -14.930681 -0.000003 0.166667 0.000000 -1
1 3.968341 -12.250126 0.154751 0.333333 0.166667 -1
1 4.378352 -14.930681 -0.000003 0.250000 0.000000 -1
1 3.548986 -13.383062 0.268038 0.416667 0.166667 -1
1 4.378352 -14.930681 -0.000003 0.333333 0.000000 -1
1 3.548986 -14.930681 0.309505 0.500000 0.166667 -1
1 4.378352 -14.930681 -0.000003 0.416667 0.000000 -1
1 3.548986 -15.575075 0.268038 0.583333 0.166667 -1
1 4.378352 -14.930681 -0.000003 0.500000 0.000000 -1
1 3.548986 -16.708010 0.154751 0.666667 0.166667 -1
1 4.378352 -14.930681 -0.000003 0.583333 0.000000 -1
1 4.097374 -17.090433 -0.000003 0.750000 0.166667 -1
1 4.378352 -14.930681 -0.000003 0.666667 0.000000 -1
1 3.548986 -16.708010 -0.154757 0.833333 0.166667 -1
1 4.378352 -14.930681 -0.000003 0.750000 0.000000 -1
1 3.548986 -15.575075 -0.268045 0.916667 0.166667 -1
1 4.378352 -14.930681 -0.000003 0.833333 0.000000 -1
1 3.548986 -14.930681 -0.309512 1.000000 0.166667 -1
1 4.378352 -14.930681 -0.000003 0.916667 0.000000 -1
1 3.089559 -10.508190 -0.464265 0.083333 0.333333 -1
1 3.089559 -13.188745 -0.536088 0.000000 0.333333 -1
1 -0.005688 -12.350035 -0.619020 0.000000 0.500000 -1
1 -0.005688 -9.254797 -0.536086 0.083333 0.500000 -1
1 -0.005688 -3.246991 -0.309510 0.166667 0.500000 -1
1 3.089559 -4.771695 -0.268044 0.166667 0.333333 -1
1 3.896012 -4.053442 -0.000002 0.250000 0.333333 -1
1 3.865281 -3.224076 -0.000002 0.250000 0.500000 -1
1 -0.005688 -3.246991 0.309506 0.333333 0.500000 -1
1 3.089559 -4.771695 0.268040 0.333333 0.333333 -1
1 3.089559 -10.508190 0.464259 0.416667 0.333333 -1
1 -0.005688 -9.254797 0.536081 0.416667 0.500000 -1
1 -0.005688 -12.350035 0.619013 0.500000 0.500000 -1
1 3.089559 -13.188745 0.536080 0.500000 0.333333 -1
1 3.089559 -15.869299 0.464259 0.583333 0.333333 -1
1 -0.005688 -15.445272 0.536081 0.583333 0.500000 -1
1 -0.005688 -17.711145 0.309505 0.666667 0.500000 -1
1 3.089559 -17.831602 0.268038 0.666667 0.333333 -1
1 3.089559 -18.549852 -0.000003 0.750000 0.333333 -1
1 -0.005688 -18.540510 -0.000003 0.750000 0.500000 -1
1 -0.005688 -17.711145 -0.309512 0.833333 0.500000 -1
1 3.089559 -17.831602 -0.268045 0.833333 0.333333 -1
1 3.089559 -15.869299 -0.464266 0.916667 0.333333 -1
1 -0.005688 -15.445272 -0.536087 0.916667 0.500000 -1
1 -0.005688 -12.350035 -0.619020 1.000000 0.500000 -1
1 3.089559 -13.188745 -0.536088 1.000000 0.333333 -1
204
0.936592 0.025094 -0.349523
0.931100 0.005101 -0.364729
0.888199 0.023798 -0.458842
0.957366 -0.011117 -0.288665
0.789958 0.030037 -0.612425
0.331933 0.123873 -0.935134
0.000000 0.068664 -0.997640
-0.331933 0.123873 -0.935134
-0.789958 0.030037 -0.612425
-0.957366 -0.011117 -0.288665
-0.931099 0.005101 -0.364730
-0.936591 0.025095 -0.349524
-0.907602 -0.012072 -0.419658
-0.935188 -0.060180 -0.349001
-0.915232 -0.075113 -0.395865
-0.924221 -0.092418 -0.370505
-0.903356 -0.114228 -0.413400
-0.967609 -0.032569 -0.250345
0.000000 -0.345922 -0.938263
0.967609 -0.032569 -0.250345
0.903356 -0.114228 -0.413400
0.924222 -0.092418 -0.370505
0.915232 -0.075113 -0.395864
0.935189 -0.060178 -0.349000
0.924061 -0.047801 -0.379246
0.999063 0.026768 -0.034022
0.959257 0.025702 -0.281363
0.971319 0.023838 -0.236584
0.998824 0.032214 -0.036222
0.994872 0.074787 -0.068091
0.973974 0.078428 -0.212659
-0.000000 0.168074 -0.985774
0.000000 0.037028 -0.999314
-0.994872 0.074787 -0.068091
-0.973974 0.078428 -0.212660
-0.971319 0.023838 -0.236584
-0.998824 0.032214 -0.036221
-0.999641 -0.000005 -0.026782
-0.971222 -0.000495 -0.238176
-0.973185 -0.065774 -0.220418
-0.997897 -0.063179 -0.014500
-0.974015 -0.226442 -0.004236
-0.925648 -0.207399 -0.316482
0.000000 -0.756819 -0.653624
0.000001 -0.999995 0.003018
0.974016 -0.226442 -0.004236
0.925649 -0.207399 -0.316481
0.973186 -0.065774 -0.220417
0.997897 -0.063179 -0.014500
0.999451 -0.026779 -0.019523
0.980440 -0.026270 -0.195056
0.888199 0.023798 0.458843
0.931100 0.005101 0.364729
0.936592 0.025094 0.349523
0.789959 0.030036 0.612423
0.957366 -0.011117 0.288665
0.000000 0.068663 0.997640
0.331937 0.123872 0.935133
-0.789959 0.030036 0.612424
-0.331937 0.123872 0.935133
-0.931099 0.005101 0.364730
-0.957366 -0.011117 0.288665
-0.907602 -0.012072 0.419658
-0.936591 0.025095 0.349524
-0.915232 -0.075113 0.395865
-0.935188 -0.060180 0.349001
-0.903356 -0.114228 0.413400
-0.924221 -0.092418 0.370505
0.000000 -0.345923 0.938263
-0.967609 -0.032569 0.250345
0.903356 -0.114228 0.413400
0.967609 -0.032569 0.250345
0.915232 -0.075113 0.395864
0.924222 -0.092418 0.370505
0.924060 -0.047801 0.379246
0.935189 -0.060178 0.349000
0.971319 0.023838 0.236584
0.959257 0.025702 0.281364
0.999063 0.026768 0.034022
0.998824 0.032214 0.036222
0.994872 0.074787 0.068091
0.973974 0.078428 0.212659
-0.000000 0.168074 0.985774
0.000000 0.037028 0.999314
-0.994872 0.074787 0.068091
-0.973974 0.078428 0.212660
-0.971318 0.023838 0.236584
-0.998824 0.032214 0.036221
-0.999641 -0.000005 0.026782
-0.971222 -0.000495 0.238176
-0.973185 -0.065774 0.220418
-0.997897 -0.063179 0.014500
-0.974015 -0.226442 0.004236
-0.925648 -0.207399 0.316482
0.000000 -0.756820 0.653623
0.000001 -0.999995 -0.003018
0.974016 -0.226442 0.004236
0.925649 -0.207399 0.316481
0.973185 -0.065774 0.220417
0.997897 -0.063179 0.014500
0.999451 -0.026779 0.019523
0.980440 -0.026270 0.195057
-0.349524 0.025095 -0.936591
-0.364730 0.005101 -0.931099
-0.458843 0.023798 -0.888199
-0.288665 -0.011117 -0.957366
-0.612425 0.030037 -0.789958
-0.935134 0.123873 -0.331933
-0.997640 0.068664 -0.000000
-0.935134 0.123873 0.331933
-0.612425 0.030037 0.789958
-0.288665 -0.011117 0.957366
-0.364729 0.005101 0.931100
-0.349523 0.025094 0.936592
-0.419657 -0.012071 0.907603
-0.349000 -0.060178 0.935189
-0.395864 -0.075113 0.915232
-0.370504 -0.092418 0.924222
-0.413400 -0.114228 0.903356
-0.250345 -0.032569 0.967609
-0.938263 -0.345923 0.000000
-0.250345 -0.032569 -0.967609
-0.413400 -0.114228 -0.903356
-0.370505 -0.092418 -0.924222
-0.395864 -0.075113 -0.915232
-0.349001 -0.060180 -0.935188
-0.379246 -0.047802 -0.924060
-0.034022 0.026769 -0.999063
-0.281362 0.025702 -0.959257
-0.236584 0.023838 -0.971319
-0.036221 0.032215 -0.998824
-0.068091 0.074787 -0.994872
-0.212660 0.078428 -0.973974
-0.985774 0.168074 0.000000
-0.999314 0.037028 0.000000
-0.068091 0.074787 0.994872
-0.212659 0.078428 0.973974
-0.236584 0.023838 0.971319
-0.036222 0.032214 0.998824
-0.026782 -0.000005 0.999641
-0.238176 -0.000495 0.971222
-0.220417 -0.065774 0.973186
-0.014500 -0.063179 0.997897
-0.004236 -0.226442 0.974016
-0.316481 -0.207399 0.925649
-0.653624 -0.756820 0.000000
0.003018 -0.999995 0.000001
-0.004236 -0.226442 -0.974016
-0.316481 -0.207399 -0.925649
-0.220417 -0.065774 -0.973186
-0.014500 -0.063179 -0.997897
-0.019523 -0.026779 -0.999451
-0.195056 -0.026270 -0.980440
0.458844 0.023798 -0.888198
0.364730 0.005101 -0.931100
0.349524 0.025095 -0.936591
0.612424 0.030037 -0.789958
0.288665 -0.011117 -0.957366
0.997640 0.068664 -0.000000
0.935134 0.123873 -0.331933
0.612424 0.030036 0.789959
0.935134 0.123873 0.331933
0.364729 0.005101 0.931100
0.288664 -0.011117 0.957366
0.419657 -0.012072 0.907602
0.349523 0.025095 0.936592
0.395864 -0.075113 0.915232
0.348999 -0.060180 0.935189
0.413399 -0.114228 0.903357
0.370503 -0.092417 0.924222
0.938263 -0.345923 0.000000
0.250345 -0.032569 0.967609
0.413400 -0.114228 -0.903356
0.250345 -0.032569 -0.967609
0.395865 -0.075113 -0.915232
0.370504 -0.092418 -0.924222
0.379247 -0.047802 -0.924060
0.349000 -0.060180 -0.935188
0.236584 0.023838 -0.971319
0.281364 0.025702 -0.959257
0.034022 0.026769 -0.999063
0.036221 0.032215 -0.998824
0.068091 0.074787 -0.994872
0.212659 0.078428 -0.973974
0.985774 0.168074 0.000000
0.999314 0.037028 0.000000
0.068091 0.074787 0.994872
0.212659 0.078428 0.973974
0.236584 0.023838 0.971319
0.036222 0.032214 0.998824
0.026783 -0.000005 0.999641
0.238176 -0.000495 0.971222
0.220417 -0.065774 0.973185
0.014500 -0.063179 0.997897
0.004236 -0.226441 0.974016
0.316480 -0.207399 0.925649
0.653623 -0.756820 0.000001
-0.003018 -0.999995 0.000001
0.004236 -0.226442 -0.974015
0.316481 -0.207399 -0.925648
0.220418 -0.065774 -0.973185
0.014500 -0.063179 -0.997897
0.019522 -0.026779 -0.999451
0.195056 -0.026270 -0.980440
240
1 0 1 2 0 1 2 1
1 3 4 1 3 4 1 1
1 5 6 4 5 6 4 1
1 7 8 6 7 8 6 1
1 9 10 8 9 10 8 1
1 11 12 10 11 12 10 1
1 13 14 12 13 14 12 1
1 15 16 14 15 16 14 1
1 17 18 16 17 18 16 1
1 19 20 18 19 20 18 1
1 21 22 20 21 22 20 1
1 23 24 22 23 24 22 1
1 25 26 27 25 26 27 1
1 25 27 28 25 27 28 1
1 28 27 29 28 27 29 1
1 27 30 29 27 30 29 1
1 29 30 31 29 30 31 1
1 29 31 32 29 31 32 1
1 32 31 33 32 31 33 1
1 31 34 33 31 34 33 1
1 33 34 35 33 34 35 1
1 33 35 36 33 35 36 1
1 36 35 37 36 35 37 1
1 35 38 37 35 38 37 1
1 37 38 39 37 38 39 1
1 37 39 40 37 39 40 1
1 40 39 41 40 39 41 1
1 39 42 41 39 42 41 1
1 41 42 43 41 42 43 1
1 41 43 44 41 43 44 1
1 44 43 45 44 43 45 1
1 43 46 45 43 46 45 1
1 45 46 47 45 46 47 1
1 45 47 48 45 47 48 1
1 48 47 49 48 47 49 1
1 47 50 49 47 50 49 1
1 26 2 27 26 2 27 1
1 2 1 27 2 1 27 1
1 27 1 4 27 1 4 1
1 27 4 30 27 4 30 1
1 30 4 31 30 4 31 1
1 4 6 31 4 6 31 1
1 31 6 8 31 6 8 1
1 31 8 34 31 8 34 1
1 34 8 35 34 8 35 1
1 8 10 35 8 10 35 1
1 35 10 12 35 10 12 1
1 35 12 38 35 12 38 1
1 38 12 39 38 12 39 1
1 12 14 39 12 14 39 1
1 39 14 16 39 14 16 1
1 39 16 42 39 16 42 1
1 42 16 43 42 16 43 1
1 16 18 43 16 18 43 1
1 43 18 20 43 18 20 1
1 43 20 46 43 20 46 1
1 46 20 47 46 20 47 1
1 20 22 47 20 22 47 1
1 47 22 24 47 22 24 1
1 47 24 50 47 24 50 1
1 51 52 53 51 52 53 1
1 52 54 55 52 54 55 1
1 54 56 57 54 56 57 1
1 56 58 59 56 58 59 1
1 58 60 61 58 60 61 1
1 60 62 63 60 62 63 1
1 62 64 65 62 64 65 1
1 64 66 67 64 66 67 1
1 66 68 69 66 68 69 1
1 68 70 71 68 70 71 1
1 70 72 73 70 72 73 1
1 72 74 75 72 74 75 1
1 76 77 78 76 77 78 1
1 79 76 78 79 76 78 1
1 80 76 79 80 76 79 1
1 80 81 76 80 81 76 1
1 82 81 80 82 81 80 1
1 83 82 80 83 82 80 1
1 84 82 83 84 82 83 1
1 84 85 82 84 85 82 1
1 86 85 84 86 85 84 1
1 87 86 84 87 86 84 1
1 88 86 87 88 86 87 1
1 88 89 86 88 89 86 1
1 90 89 88 90 89 88 1
1 91 90 88 91 90 88 1
1 92 90 91 92 90 91 1
1 92 93 90 92 93 90 1
1 94 93 92 94 93 92 1
1 95 94 92 95 94 92 1
1 96 94 95 96 94 95 1
1 96 97 94 96 97 94 1
1 98 97 96 98 97 96 1
1 99 98 96 99 98 96 1
1 100 98 99 100 98 99 1
1 100 101 98 100 101 98 1
1 76 51 77 76 51 77 1
1 76 52 51 76 52 51 1
1 54 52 76 54 52 76 1
1 81 54 76 81 54 76 1
1 82 54 81 82 54 81 1
1 82 56 54 82 56 54 1
1 58 56 82 58 56 82 1
1 85 58 82 85 58 82 1
1 86 58 85 86 58 85 1
1 86 60 58 86 60 58 1
1 62 60 86 62 60 86 1
1 89 62 86 89 62 86 1
1 90 62 89 90 62 89 1
1 90 64 62 90 64 62 1
1 66 64 90 66 64 90 1
1 93 66 90 93 66 90 1
1 94 66 93 94 66 93 1
1 94 68 66 94 68 66 1
1 70 68 94 70 68 94 1
1 97 70 94 97 70 94 1
1 98 70 97 98 70 97 1
1 98 72 70 98 72 70 1
1 74 72 98 74 72 98 1
1 101 74 98 101 74 98 1
1 102 103 104 102 103 104 1
1 105 106 103 105 106 103 1
1 107 108 106 107 108 106 1
1 109 110 108 109 110 108 1
1 111 112 110 111 112 110 1
1 113 114 112 113 114 112 1
1 115 116 114 115 116 114 1
1 117 118 116 117 118 116 1
1 119 120 118 119 120 118 1
1 121 122 120 121 122 120 1
1 123 124 122 123 124 122 1
1 125 126 124 125 126 124 1
1 127 128 129 127 128 129 1
1 127 129 130 127 129 130 1
1 130 129 131 130 129 131 1
1 129 132 131 129 132 131 1
1 131 132 133 131 132 133 1
1 131 133 134 131 133 134 1
1 134 133 135 134 133 135 1
1 133 136 135 133 136 135 1
1 135 136 137 135 136 137 1
1 135 137 138 135 137 138 1
1 138 137 139 138 137 139 1
1 137 140 139 137 140 139 1
1 139 140 141 139 140 141 1
1 139 141 142 139 141 142 1
1 142 141 143 142 141 143 1
1 141 144 143 141 144 143 1
1 143 144 145 143 144 145 1
1 143 145 146 143 145 146 1
1 146 145 147 146 145 147 1
1 145 148 147 145 148 147 1
1 147 148 149 147 148 149 1
1 147 149 150 147 149 150 1
1 150 149 151 150 149 151 1
1 149 152 151 149 152 151 1
1 128 104 129 128 104 129 1
1 104 103 129 104 103 129 1
1 129 103 106 129 103 106 1
1 129 106 132 129 106 132 1
1 132 106 133 132 106 133 1
1 106 108 133 106 108 133 1
1 133 108 110 133 108 110 1
1 133 110 136 133 110 136 1
1 136 110 137 136 110 137 1
1 110 112 137 110 112 137 1
1 137 112 114 137 112 114 1
1 137 114 140 137 114 140 1
1 140 114 141 140 114 141 1
1 114 116 141 114 116 141 1
1 141 116 118 141 116 118 1
1 141 118 144 141 118 144 1
1 144 118 145 144 118 145 1
1 118 120 145 118 120 145 1
1 145 120 122 145 120 122 1
1 145 122 148 145 122 148 1
1 148 122 149 148 122 149 1
1 122 124 149 122 124 149 1
1 149 124 126 149 124 126 1
1 149 126 152 149 126 152 1
1 153 154 155 153 154 155 1
1 154 156 157 154 156 157 1
1 156 158 159 156 158 159 1
1 158 160 161 158 160 161 1
1 160 162 163 160 162 163 1
1 162 164 165 162 164 165 1
1 164 166 167 164 166 167 1
1 166 168 169 166 168 169 1
1 168 170 171 168 170 171 1
1 170 172 173 170 172 173 1
1 172 174 175 172 174 175 1
1 174 176 177 174 176 177 1
1 178 179 180 178 179 180 1
1 181 178 180 181 178 180 1
1 182 178 181 182 178 181 1
1 182 183 178 182 183 178 1
1 184 183 182 184 183 182 1
1 185 184 182 185 184 182 1
1 186 184 185 186 184 185 1
1 186 187 184 186 187 184 1
1 188 187 186 188 187 186 1
1 189 188 186 189 188 186 1
1 190 188 189 190 188 189 1
1 190 191 188 190 191 188 1
1 192 191 190 192 191 190 1
1 193 192 190 193 192 190 1
1 194 192 193 194 192 193 1
1 194 195 192 194 195 192 1
1 196 195 194 196 195 194 1
1 197 196 194 197 196 194 1
1 198 196 197 198 196 197 1
1 198 199 196 198 199 196 1
1 200 199 198 200 199 198 1
1 201 200 198 201 200 198 1
1 202 200 201 202 200 201 1
1 202 203 200 202 203 200 1
1 178 153 179 178 153 179 1
1 178 154 153 178 154 153 1
1 156 154 178 156 154 178 1
1 183 156 178 183 156 178 1
1 184 156 183 184 156 183 1
1 184 158 156 184 158 156 1
1 160 158 184 160 158 184 1
1 187 160 184 187 160 184 1
1 188 160 187 188 160 187 1
1 188 162 160 188 162 160 1
1 164 162 188 164 162 188 1
1 191 164 188 191 164 188 1
1 192 164 191 192 164 191 1
1 192 166 164 192 166 164 1
1 168 166 192 168 166 192 1
1 195 168 192 195 168 192 1
1 196 168 195 196 168 195 1
1 196 170 168 196 170 168 1
1 172 170 196 172 170 196 1
1 199 172 196 199 172 196 1
1 200 172 199 200 172 199 1
1 200 174 172 200 174 172 1
1 176 174 200 176 174 200 1
1 203 176 200 203 176 200 1

Materials: 2
"Material01"
0.501961 0.501961 0.501961 1.000000
0.000000 0.000000 0.000000 1.000000
0.000000 0.000000 0.000000 1.000000
0.125490 0.125490 0.125490 1.000000
0.000000
1.000000
"sphere_chrome.bmp"
""
"Material01"
0.250980 0.000000 0.000000 1.000000
1.000000 0.000000 0.000000 1.000000
0.000000 0.000000 0.000000 1.000000
0.000000 0.000000 0.000000 1.000000
0.000000
1.000000
"sphere_chrome.bmp"
""

Bones: 0
GroupComments: 0
MaterialComments: 0
BoneComments: 0
ModelComment: 0
