// MilkShape 3D ASCII

Frames: 30
Frame: 1

Meshes: 6
"Sphere01" 0 1
47
0 -0.000001 48.508625 -4.947237 0.000000 1.000000 -1
0 5.538256 48.939247 -6.355757 0.000000 0.833333 -1
0 4.796271 60.023632 -2.966900 0.083333 0.833333 -1
0 -0.000001 54.937195 -25.974159 0.000000 0.000000 -1
0 4.796271 65.590919 -21.176781 0.083333 0.166667 -1
0 5.538257 54.506557 -24.565605 0.000000 0.166667 -1
0 -0.000001 48.508625 -4.947237 0.083333 1.000000 -1
0 2.769127 68.479584 -0.381670 0.166667 0.833333 -1
0 -0.000001 54.937195 -25.974159 0.083333 0.000000 -1
0 2.769128 74.046906 -18.591545 0.166667 0.166667 -1
0 -0.000001 48.508625 -4.947237 0.166667 1.000000 -1
0 -0.000001 71.574623 0.564587 0.250000 0.833333 -1
0 -0.000001 54.937195 -25.974159 0.166667 0.000000 -1
0 -0.000001 77.141960 -17.645260 0.250000 0.166667 -1
0 -0.000001 48.508625 -4.947237 0.250000 1.000000 -1
0 -2.769129 68.479584 -0.381670 0.333333 0.833333 -1
0 -0.000001 54.937195 -25.974159 0.250000 0.000000 -1
0 -2.769130 74.046906 -18.591545 0.333333 0.166667 -1
0 -0.000001 48.508625 -4.947237 0.333333 1.000000 -1
0 -4.796273 60.023632 -2.966900 0.416667 0.833333 -1
0 -0.000001 54.937195 -25.974159 0.333333 0.000000 -1
0 -4.796273 65.590919 -21.176781 0.416667 0.166667 -1
0 -0.000001 48.508625 -4.947237 0.416667 1.000000 -1
0 -5.538258 48.939247 -6.355757 0.500000 0.833333 -1
0 -0.000001 54.937195 -25.974159 0.416667 0.000000 -1
0 -5.538259 54.506557 -24.565605 0.500000 0.166667 -1
0 9.592543 50.115765 -10.203955 0.000000 0.666667 -1
0 8.307386 69.656059 -4.229879 0.083333 0.666667 -1
0 4.796271 84.302269 0.247887 0.166667 0.666667 -1
0 -0.000001 89.663078 1.886871 0.250000 0.666667 -1
0 -4.796273 84.302269 0.247887 0.333333 0.666667 -1
0 -8.307387 69.656059 -4.229879 0.416667 0.666667 -1
0 -9.592546 50.115765 -10.203955 0.500000 0.666667 -1
0 11.076511 51.722923 -15.460690 0.000000 0.500000 -1
0 9.592542 74.358337 -8.540339 0.083333 0.500000 -1
0 5.538256 91.270218 -3.369856 0.166667 0.500000 -1
0 -0.000001 97.460419 -1.477322 0.250000 0.500000 -1
0 -5.538258 91.270218 -3.369856 0.333333 0.500000 -1
0 -9.592544 74.358337 -8.540339 0.416667 0.500000 -1
0 -11.076514 51.722923 -15.460690 0.500000 0.500000 -1
0 9.592542 53.330048 -20.717411 0.000000 0.333333 -1
0 8.307386 72.870377 -14.743328 0.083333 0.333333 -1
0 4.796271 87.516487 -10.265608 0.166667 0.333333 -1
0 -0.000001 92.877380 -8.626591 0.250000 0.333333 -1
0 -4.796273 87.516487 -10.265608 0.333333 0.333333 -1
0 -8.307387 72.870377 -14.743328 0.416667 0.333333 -1
0 -9.592544 53.330048 -20.717411 0.500000 0.333333 -1
47
0.256977 -0.266782 0.928865
0.571250 -0.205026 0.794756
0.447471 -0.201816 0.871229
0.256983 0.298243 -0.919245
0.447475 0.319871 -0.835134
0.571251 0.274449 -0.773531
0.193663 -0.244083 0.950220
0.330244 -0.141859 0.933174
0.193675 0.329001 -0.924256
0.330242 0.404217 -0.852965
0.072399 -0.231805 0.970064
0.000000 -0.154357 0.988015
0.072389 0.350280 -0.933843
0.000000 0.424524 -0.905417
-0.072399 -0.231805 0.970064
-0.330244 -0.141859 0.933174
-0.072389 0.350280 -0.933843
-0.330242 0.404217 -0.852965
-0.193663 -0.244083 0.950220
-0.447471 -0.201816 0.871229
-0.193675 0.329001 -0.924256
-0.447475 0.319871 -0.835134
-0.256977 -0.266782 0.928865
-0.571250 -0.205026 0.794756
-0.256983 0.298243 -0.919245
-0.571251 0.274448 -0.773531
0.863283 -0.094786 0.495741
0.826345 -0.048999 0.561028
0.630465 0.064505 0.773533
0.000000 0.143041 0.989717
-0.630465 0.064505 0.773533
-0.826345 -0.048999 0.561028
-0.863283 -0.094786 0.495741
0.998034 0.059934 0.018323
0.989801 0.136235 0.041651
0.902306 0.412258 0.126041
0.000000 0.956304 0.292373
-0.902306 0.412258 0.126041
-0.989801 0.136235 0.041651
-0.998034 0.059934 0.018323
0.863282 0.198634 -0.463992
0.826345 0.273100 -0.492514
0.630465 0.486031 -0.605218
0.000000 0.672029 -0.740525
-0.630465 0.486031 -0.605218
-0.826345 0.273100 -0.492514
-0.863282 0.198634 -0.463992
60
0 0 1 2 0 1 2 1
0 3 4 5 3 4 5 1
0 6 2 7 6 2 7 1
0 8 9 4 8 9 4 1
0 10 7 11 10 7 11 1
0 12 13 9 12 13 9 1
0 14 11 15 14 11 15 1
0 16 17 13 16 17 13 1
0 18 15 19 18 15 19 1
0 20 21 17 20 21 17 1
0 22 19 23 22 19 23 1
0 24 25 21 24 25 21 1
0 1 26 27 1 26 27 1
0 1 27 2 1 27 2 1
0 2 27 7 2 27 7 1
0 27 28 7 27 28 7 1
0 7 28 29 7 28 29 1
0 7 29 11 7 29 11 1
0 11 29 15 11 29 15 1
0 29 30 15 29 30 15 1
0 15 30 31 15 30 31 1
0 15 31 19 15 31 19 1
0 19 31 23 19 31 23 1
0 31 32 23 31 32 23 1
0 26 33 27 26 33 27 1
0 33 34 27 33 34 27 1
0 27 34 35 27 34 35 1
0 27 35 28 27 35 28 1
0 28 35 29 28 35 29 1
0 35 36 29 35 36 29 1
0 29 36 37 29 36 37 1
0 29 37 30 29 37 30 1
0 30 37 31 30 37 31 1
0 37 38 31 37 38 31 1
0 31 38 39 31 38 39 1
0 31 39 32 31 39 32 1
0 33 40 41 33 40 41 1
0 33 41 34 33 41 34 1
0 34 41 35 34 41 35 1
0 41 42 35 41 42 35 1
0 35 42 43 35 42 43 1
0 35 43 36 35 43 36 1
0 36 43 37 36 43 37 1
0 43 44 37 43 44 37 1
0 37 44 45 37 44 45 1
0 37 45 38 37 45 38 1
0 38 45 39 38 45 39 1
0 45 46 39 45 46 39 1
0 40 5 41 40 5 41 1
0 5 4 41 5 4 41 1
0 41 4 9 41 4 9 1
0 41 9 42 41 9 42 1
0 42 9 43 42 9 43 1
0 9 13 43 9 13 43 1
0 43 13 17 43 13 17 1
0 43 17 44 43 17 44 1
0 44 17 45 44 17 45 1
0 17 21 45 17 21 45 1
0 45 21 25 45 21 25 1
0 45 25 46 45 25 46 1
"Cylinder02" 0 0
116
1 11.733283 59.699814 -13.457565 0.000000 0.000000 -1
1 10.111110 61.456615 -19.203838 0.000000 0.000000 -1
1 -0.374763 59.699814 -13.457565 0.000000 0.000000 -1
1 4.690891 -0.365950 -31.385822 0.000000 0.000000 -1
1 -0.000013 -0.365950 -31.385822 0.000000 0.000000 -1
1 4.062428 0.314680 -33.612041 0.000000 0.000000 -1
1 11.733283 59.699814 -13.457565 0.000000 1.000000 -1
1 12.230341 43.493259 -17.976717 0.000000 0.833333 -1
1 10.591784 45.267822 -23.781052 0.083333 0.833333 -1
1 10.111110 61.456615 -19.203838 0.083333 1.000000 -1
1 12.230341 21.589027 -24.673512 0.000000 0.666667 -1
1 10.591784 23.363586 -30.477852 0.083333 0.666667 -1
1 9.906572 18.438913 -25.636600 0.000000 0.500000 -1
1 8.579341 19.876307 -30.338116 0.083333 0.500000 -1
1 8.826754 9.041540 -28.509666 0.000000 0.333333 -1
1 7.644192 10.322268 -32.698700 0.083333 0.333333 -1
1 5.791227 8.032303 -28.818233 0.000000 0.166667 -1
1 5.015347 8.872587 -31.566662 0.083333 0.166667 -1
1 4.062428 0.314680 -33.612041 0.083333 0.000000 -1
1 5.679259 62.742668 -23.410412 0.000000 0.000000 -1
1 2.345439 -5.721004 -37.239388 0.000000 0.000000 -1
1 5.679259 62.742668 -23.410412 0.166667 1.000000 -1
1 6.115164 46.566883 -28.030094 0.166667 0.833333 -1
1 6.115164 24.662666 -34.726906 0.166667 0.666667 -1
1 4.953280 20.928543 -33.779850 0.166667 0.500000 -1
1 4.413370 11.259815 -35.765293 0.166667 0.333333 -1
1 2.895607 9.487708 -33.578644 0.166667 0.166667 -1
1 2.345439 -5.721004 -37.239388 0.166667 0.000000 -1
1 -0.374767 63.213432 -24.950134 0.000000 0.000000 -1
1 -0.000014 -5.538646 -37.835922 0.000000 0.000000 -1
1 -0.000013 47.042366 -29.585381 0.250000 0.833333 -1
1 -0.374767 63.213432 -24.950134 0.250000 1.000000 -1
1 -0.000013 25.138151 -36.282158 0.250000 0.666667 -1
1 -0.000013 21.313711 -35.039616 0.250000 0.500000 -1
1 -0.000013 11.603007 -36.887718 0.250000 0.333333 -1
1 -0.000013 9.712868 -34.315075 0.250000 0.166667 -1
1 -0.000014 -5.538646 -37.835922 0.250000 0.000000 -1
1 -6.428788 62.742668 -23.410412 0.000000 0.000000 -1
1 -2.345465 -5.721004 -37.239388 0.000000 0.000000 -1
1 -6.428788 62.742668 -23.410412 0.333333 1.000000 -1
1 -6.115188 46.566883 -28.030094 0.333333 0.833333 -1
1 -6.115188 24.662666 -34.726906 0.333333 0.666667 -1
1 -4.953304 20.928543 -33.779850 0.333333 0.500000 -1
1 -4.413396 11.259840 -35.765278 0.333333 0.333333 -1
1 -2.895633 9.487708 -33.578644 0.333333 0.166667 -1
1 -2.345465 -5.721004 -37.239388 0.333333 0.000000 -1
1 -10.860641 61.456615 -19.203838 0.000000 0.000000 -1
1 -4.062454 0.314680 -33.612041 0.000000 0.000000 -1
1 -10.591805 45.267834 -23.781044 0.416667 0.833333 -1
1 -10.860641 61.456615 -19.203838 0.416667 1.000000 -1
1 -10.591807 23.363586 -30.477852 0.416667 0.666667 -1
1 -8.579367 19.876307 -30.338116 0.416667 0.500000 -1
1 -7.644217 10.322292 -32.698689 0.416667 0.333333 -1
1 -5.015373 8.872587 -31.566662 0.416667 0.166667 -1
1 -4.062454 0.314680 -33.612041 0.416667 0.000000 -1
1 -12.482811 59.699814 -13.457565 0.000000 0.000000 -1
1 -4.690918 -0.365950 -31.385822 0.000000 0.000000 -1
1 -12.482811 59.699814 -13.457565 0.500000 1.000000 -1
1 -12.230358 43.493263 -17.976711 0.500000 0.833333 -1
1 -12.230361 21.589027 -24.673512 0.500000 0.666667 -1
1 -9.906597 18.438913 -25.636600 0.500000 0.500000 -1
1 -8.826779 9.041561 -28.509670 0.500000 0.333333 -1
1 -5.791254 8.032303 -28.818233 0.500000 0.166667 -1
1 -4.690918 -0.365950 -31.385822 0.500000 0.000000 -1
1 -10.860641 57.942986 -7.711315 0.000000 0.000000 -1
1 -4.062454 -7.580510 -31.157227 0.000000 0.000000 -1
1 -10.591805 41.718678 -12.172400 0.583333 0.833333 -1
1 -10.860641 57.942986 -7.711315 0.583333 1.000000 -1
1 -10.591807 19.814476 -18.869194 0.583333 0.666667 -1
1 -8.579367 17.001524 -20.935104 0.583333 0.500000 -1
1 -7.644217 7.760838 -24.320633 0.583333 0.333333 -1
1 -5.015373 7.192029 -26.069805 0.583333 0.166667 -1
1 -4.062454 -7.580510 -31.157227 0.583333 0.000000 -1
1 -6.428787 56.656906 -3.504740 0.000000 0.000000 -1
1 -2.345465 -8.078770 -29.527504 0.000000 0.000000 -1
1 -6.428787 56.656906 -3.504740 0.666667 1.000000 -1
1 -6.115188 40.419617 -7.923323 0.666667 0.833333 -1
1 -6.115188 18.515406 -14.620117 0.666667 0.666667 -1
1 -4.953304 15.949279 -17.493364 0.666667 0.500000 -1
1 -4.413395 6.823302 -21.254028 0.666667 0.333333 -1
1 -2.895633 6.576897 -24.057793 0.666667 0.166667 -1
1 -2.345465 -8.078770 -29.527504 0.666667 0.000000 -1
1 -0.374763 56.186184 -1.965010 0.000000 0.000000 -1
1 -0.000013 -8.261146 -28.931011 0.000000 0.000000 -1
1 -0.000008 39.944126 -6.368055 0.750000 0.833333 -1
1 -0.374763 56.186184 -1.965010 0.750000 1.000000 -1
1 -0.000012 18.039909 -13.064869 0.750000 0.666667 -1
1 -0.000012 15.564128 -16.233587 0.750000 0.500000 -1
1 -0.000012 6.480136 -20.131573 0.750000 0.333333 -1
1 -0.000012 6.351755 -23.321358 0.750000 0.166667 -1
1 -0.000013 -8.261146 -28.931011 0.750000 0.000000 -1
1 5.679260 56.656906 -3.504740 0.000000 0.000000 -1
1 2.345439 -8.078770 -29.527504 0.000000 0.000000 -1
1 5.679260 56.656906 -3.504740 0.833333 1.000000 -1
1 6.115166 40.419617 -7.923323 0.833333 0.833333 -1
1 6.115166 18.515396 -14.620121 0.833333 0.666667 -1
1 4.953281 15.949279 -17.493364 0.833333 0.500000 -1
1 4.413372 6.823278 -21.254013 0.833333 0.333333 -1
1 2.895608 6.576897 -24.057793 0.833333 0.166667 -1
1 2.345439 -8.078770 -29.527504 0.833333 0.000000 -1
1 10.111110 57.942986 -7.711315 0.000000 0.000000 -1
1 4.062428 -7.580510 -31.157227 0.000000 0.000000 -1
1 10.591784 41.718670 -12.172396 0.916667 0.833333 -1
1 10.111110 57.942986 -7.711315 0.916667 1.000000 -1
1 10.591784 19.814461 -18.869190 0.916667 0.666667 -1
1 8.579341 17.001524 -20.935104 0.916667 0.500000 -1
1 7.644192 7.760816 -24.320641 0.916667 0.333333 -1
1 5.015347 7.192029 -26.069805 0.916667 0.166667 -1
1 4.062428 -7.580510 -31.157227 0.916667 0.000000 -1
1 11.733283 59.699814 -13.457565 1.000000 1.000000 -1
1 12.230341 43.493259 -17.976717 1.000000 0.833333 -1
1 12.230341 21.589027 -24.673512 1.000000 0.666667 -1
1 9.906572 18.438913 -25.636600 1.000000 0.500000 -1
1 8.826754 9.041540 -28.509666 1.000000 0.333333 -1
1 5.791227 8.032303 -28.818233 1.000000 0.166667 -1
1 4.690891 -0.365950 -31.385822 1.000000 0.000000 -1
116
0.000000 0.956304 0.292373
-0.000001 0.956306 0.292369
0.000000 0.956305 0.292371
0.000000 -0.607478 -0.794337
0.000000 -0.872237 -0.489083
0.289260 -0.925387 0.244924
0.965203 0.097288 -0.242732
0.965379 0.086750 -0.246003
0.864586 0.153627 -0.478424
0.864514 0.160350 -0.476343
0.922617 -0.208828 -0.324298
0.823759 -0.150416 -0.546623
0.906310 -0.257995 -0.334727
0.808314 -0.202005 -0.553012
0.759471 -0.530464 -0.376578
0.671122 -0.488824 -0.557357
0.755074 -0.536320 -0.377127
0.697483 -0.500322 -0.513026
0.958451 -0.039191 -0.282553
0.933457 -0.018323 -0.358222
0.000001 0.956306 0.292369
0.137191 -0.702860 0.697973
0.497572 0.250577 -0.830442
0.497570 0.252094 -0.829983
0.474160 -0.047838 -0.879138
0.465329 -0.101146 -0.879340
0.386464 -0.405148 -0.828553
0.392331 -0.387974 -0.833998
0.568177 0.155559 -0.808070
-0.000000 0.956305 0.292371
0.000000 -0.780124 0.625625
0.000013 0.283968 -0.958834
0.000026 0.275543 -0.961289
-0.000000 -0.010447 -0.999945
-0.000000 -0.064349 -0.997927
-0.000003 -0.374614 -0.927181
-0.000001 -0.357007 -0.934102
-0.000000 0.224936 -0.974373
-0.000001 0.956306 0.292369
-0.137191 -0.702860 0.697973
-0.497399 0.229303 -0.836669
-0.497523 0.241476 -0.833162
-0.474160 -0.047838 -0.879138
-0.465329 -0.101147 -0.879340
-0.386466 -0.405145 -0.828554
-0.392333 -0.387969 -0.833999
-0.568177 0.155559 -0.808070
0.000001 0.956306 0.292369
-0.289260 -0.925387 0.244924
-0.864555 0.135195 -0.484011
-0.864366 0.123473 -0.487469
-0.823759 -0.150416 -0.546623
-0.808314 -0.202005 -0.553012
-0.671123 -0.488820 -0.557359
-0.697485 -0.500318 -0.513027
-0.933456 -0.018323 -0.358222
0.000000 -0.607478 -0.794337
-0.999887 -0.014359 -0.004363
-0.999972 -0.007180 -0.002181
-0.952640 -0.290814 -0.088910
-0.934719 -0.339859 -0.103905
-0.775958 -0.603222 -0.184425
-0.771269 -0.608696 -0.186097
-0.993033 -0.090739 -0.075182
-0.000001 0.956304 0.292374
0.315226 -0.206848 -0.926200
-0.864616 -0.146687 0.480543
-0.864616 -0.146476 0.480608
-0.823759 -0.430368 0.369059
-0.808314 -0.476710 0.345508
-0.671122 -0.716923 0.188723
-0.687606 -0.705663 0.170990
-0.904389 -0.189931 0.382109
-0.000002 0.956305 0.292372
0.410837 -0.329731 -0.849994
-0.497524 -0.236706 0.834530
-0.497565 -0.245168 0.832058
-0.474161 -0.531268 0.702086
-0.465330 -0.575576 0.672444
-0.386466 -0.799203 0.460347
-0.392334 -0.788008 0.474464
-0.496349 -0.319839 0.807057
0.000000 0.956305 0.292372
0.000000 -0.296904 -0.954907
-0.000023 -0.277045 0.960857
-0.000047 -0.261646 0.965164
-0.000000 -0.567824 0.823150
-0.000001 -0.611382 0.791335
-0.000003 -0.829042 0.559186
-0.000001 -0.818316 0.574769
-0.000000 -0.358384 0.933574
0.000002 0.956305 0.292372
-0.410837 -0.329731 -0.849994
0.497159 -0.215376 0.840504
0.497462 -0.234539 0.835178
0.474161 -0.531269 0.702086
0.465330 -0.575575 0.672444
0.386464 -0.799204 0.460345
0.392333 -0.788011 0.474461
0.496349 -0.319839 0.807057
0.000001 0.956304 0.292374
-0.315226 -0.206848 -0.926200
0.864459 -0.128243 0.486071
0.863973 -0.109541 0.491478
0.823759 -0.430369 0.369058
0.808314 -0.476710 0.345507
0.671121 -0.716925 0.188721
0.687604 -0.705665 0.170988
0.904389 -0.189931 0.382109
0.964847 -0.042717 0.259317
0.965290 -0.059469 0.254319
0.922616 -0.354472 0.152081
0.906309 -0.401064 0.133233
0.759471 -0.650355 0.015565
0.755074 -0.655516 0.012747
0.980924 -0.138238 0.136669
168
1 0 1 2 0 1 2 2
1 3 4 5 3 4 5 2
1 6 7 8 6 7 8 1
1 6 8 9 6 8 9 1
1 7 10 8 7 10 8 1
1 10 11 8 10 11 8 1
1 10 12 13 10 12 13 1
1 10 13 11 10 13 11 1
1 12 14 13 12 14 13 1
1 14 15 13 14 15 13 1
1 14 16 17 14 16 17 1
1 14 17 15 14 17 15 1
1 16 3 17 16 18 17 1
1 3 18 17 18 19 17 1
1 1 19 2 1 20 2 2
1 5 4 20 5 4 21 2
1 9 8 21 9 8 22 1
1 8 22 21 8 23 22 1
1 8 11 23 8 11 24 1
1 8 23 22 8 24 23 1
1 11 13 23 11 13 24 1
1 13 24 23 13 25 24 1
1 13 15 25 13 15 26 1
1 13 25 24 13 26 25 1
1 15 17 25 15 17 26 1
1 17 26 25 17 27 26 1
1 17 18 27 17 19 28 1
1 17 27 26 17 28 27 1
1 19 28 2 20 29 2 2
1 20 4 29 21 4 30 2
1 21 22 30 22 23 31 1
1 21 30 31 22 31 32 1
1 22 23 30 23 24 31 1
1 23 32 30 24 33 31 1
1 23 24 33 24 25 34 1
1 23 33 32 24 34 33 1
1 24 25 33 25 26 34 1
1 25 34 33 26 35 34 1
1 25 26 35 26 27 36 1
1 25 35 34 26 36 35 1
1 26 27 35 27 28 36 1
1 27 36 35 28 37 36 1
1 28 37 2 29 38 2 2
1 29 4 38 30 4 39 2
1 31 30 39 32 31 40 1
1 30 40 39 31 41 40 1
1 30 32 41 31 33 42 1
1 30 41 40 31 42 41 1
1 32 33 41 33 34 42 1
1 33 42 41 34 43 42 1
1 33 34 43 34 35 44 1
1 33 43 42 34 44 43 1
1 34 35 43 35 36 44 1
1 35 44 43 36 45 44 1
1 35 36 45 36 37 46 1
1 35 45 44 36 46 45 1
1 37 46 2 38 47 2 2
1 38 4 47 39 4 48 2
1 39 40 48 40 41 49 1
1 39 48 49 40 49 50 1
1 40 41 48 41 42 49 1
1 41 50 48 42 51 49 1
1 41 42 51 42 43 52 1
1 41 51 50 42 52 51 1
1 42 43 51 43 44 52 1
1 43 52 51 44 53 52 1
1 43 44 53 44 45 54 1
1 43 53 52 44 54 53 1
1 44 45 53 45 46 54 1
1 45 54 53 46 55 54 1
1 46 55 2 47 0 2 2
1 47 4 56 48 4 56 2
1 49 48 57 50 49 57 1
1 48 58 57 49 58 57 1
1 48 50 59 49 51 59 1
1 48 59 58 49 59 58 1
1 50 51 59 51 52 59 1
1 51 60 59 52 60 59 1
1 51 52 61 52 53 61 1
1 51 61 60 52 61 60 1
1 52 53 61 53 54 61 1
1 53 62 61 54 62 61 1
1 53 54 63 54 55 63 1
1 53 63 62 54 63 62 1
1 55 64 2 0 64 2 2
1 56 4 65 56 4 65 2
1 57 58 66 57 58 66 1
1 57 66 67 57 66 67 1
1 58 59 66 58 59 66 1
1 59 68 66 59 68 66 1
1 59 60 69 59 60 69 1
1 59 69 68 59 69 68 1
1 60 61 69 60 61 69 1
1 61 70 69 61 70 69 1
1 61 62 71 61 62 71 1
1 61 71 70 61 71 70 1
1 62 63 71 62 63 71 1
1 63 72 71 63 72 71 1
1 64 73 2 64 73 2 2
1 65 4 74 65 4 74 2
1 67 66 75 67 66 75 1
1 66 76 75 66 76 75 1
1 66 68 77 66 68 77 1
1 66 77 76 66 77 76 1
1 68 69 77 68 69 77 1
1 69 78 77 69 78 77 1
1 69 70 79 69 70 79 1
1 69 79 78 69 79 78 1
1 70 71 79 70 71 79 1
1 71 80 79 71 80 79 1
1 71 72 81 71 72 81 1
1 71 81 80 71 81 80 1
1 73 82 2 73 82 2 2
1 74 4 83 74 4 83 2
1 75 76 84 75 76 84 1
1 75 84 85 75 84 85 1
1 76 77 84 76 77 84 1
1 77 86 84 77 86 84 1
1 77 78 87 77 78 87 1
1 77 87 86 77 87 86 1
1 78 79 87 78 79 87 1
1 79 88 87 79 88 87 1
1 79 80 89 79 80 89 1
1 79 89 88 79 89 88 1
1 80 81 89 80 81 89 1
1 81 90 89 81 90 89 1
1 82 91 2 82 91 2 2
1 83 4 92 83 4 92 2
1 85 84 93 85 84 93 1
1 84 94 93 84 94 93 1
1 84 86 95 84 86 95 1
1 84 95 94 84 95 94 1
1 86 87 95 86 87 95 1
1 87 96 95 87 96 95 1
1 87 88 97 87 88 97 1
1 87 97 96 87 97 96 1
1 88 89 97 88 89 97 1
1 89 98 97 89 98 97 1
1 89 90 99 89 90 99 1
1 89 99 98 89 99 98 1
1 91 100 2 91 100 2 2
1 92 4 101 92 4 101 2
1 93 94 102 93 94 102 1
1 93 102 103 93 102 103 1
1 94 95 102 94 95 102 1
1 95 104 102 95 104 102 1
1 95 96 105 95 96 105 1
1 95 105 104 95 105 104 1
1 96 97 105 96 97 105 1
1 97 106 105 97 106 105 1
1 97 98 107 97 98 107 1
1 97 107 106 97 107 106 1
1 98 99 107 98 99 107 1
1 99 108 107 99 108 107 1
1 100 0 2 100 0 2 2
1 101 4 3 101 4 3 2
1 103 102 109 103 102 109 1
1 102 110 109 102 110 109 1
1 102 104 111 102 104 111 1
1 102 111 110 102 111 110 1
1 104 105 111 104 105 111 1
1 105 112 111 105 112 111 1
1 105 106 113 105 106 113 1
1 105 113 112 105 113 112 1
1 106 107 113 106 107 113 1
1 107 114 113 107 114 113 1
1 107 108 115 107 108 115 1
1 107 115 114 107 115 114 1
"Cylinder03" 0 1
51
0 3.172213 18.004971 -25.943565 0.000000 0.000000 -1
0 2.747217 18.468771 -27.460377 0.000000 0.000000 -1
0 0.000000 18.004971 -25.943565 0.000000 0.000000 -1
0 3.172213 -38.760254 -43.298454 0.000000 0.000000 -1
0 0.000000 -38.760254 -43.298454 0.000000 0.000000 -1
0 2.747217 -38.296497 -44.815243 0.000000 0.000000 -1
0 3.172213 18.004971 -25.943565 0.000000 1.000000 -1
0 2.747217 18.468771 -27.460377 0.083333 1.000000 -1
0 2.747217 -38.296497 -44.815243 0.083333 0.000000 -1
0 1.586107 18.808235 -28.570759 0.000000 0.000000 -1
0 1.586107 -37.957047 -45.925629 0.000000 0.000000 -1
0 1.586107 -37.957047 -45.925629 0.166667 0.000000 -1
0 1.586107 18.808235 -28.570759 0.166667 1.000000 -1
0 0.000000 18.932451 -28.977184 0.000000 0.000000 -1
0 0.000000 -37.832798 -46.332035 0.000000 0.000000 -1
0 0.000000 18.932451 -28.977184 0.250000 1.000000 -1
0 0.000000 -37.832798 -46.332035 0.250000 0.000000 -1
0 -1.586107 18.808235 -28.570759 0.000000 0.000000 -1
0 -1.586107 -37.957047 -45.925629 0.000000 0.000000 -1
0 -1.586107 -37.957047 -45.925629 0.333333 0.000000 -1
0 -1.586107 18.808235 -28.570759 0.333333 1.000000 -1
0 -2.747217 18.468771 -27.460377 0.000000 0.000000 -1
0 -2.747217 -38.296497 -44.815243 0.000000 0.000000 -1
0 -2.747217 18.468771 -27.460377 0.416667 1.000000 -1
0 -2.747217 -38.296497 -44.815243 0.416667 0.000000 -1
0 -3.172213 18.004971 -25.943565 0.000000 0.000000 -1
0 -3.172213 -38.760254 -43.298454 0.000000 0.000000 -1
0 -3.172213 -38.760254 -43.298454 0.500000 0.000000 -1
0 -3.172213 18.004971 -25.943565 0.500000 1.000000 -1
0 -2.747217 17.541298 -24.426743 0.000000 0.000000 -1
0 -2.747217 -39.223980 -41.781685 0.000000 0.000000 -1
0 -2.747217 17.541298 -24.426743 0.583333 1.000000 -1
0 -2.747217 -39.223980 -41.781685 0.583333 0.000000 -1
0 -1.586107 17.201839 -23.316391 0.000000 0.000000 -1
0 -1.586107 -39.563492 -40.671249 0.000000 0.000000 -1
0 -1.586107 -39.563492 -40.671249 0.666667 0.000000 -1
0 -1.586107 17.201839 -23.316391 0.666667 1.000000 -1
0 0.000000 17.077564 -22.909977 0.000000 0.000000 -1
0 0.000000 -39.687714 -40.264866 0.000000 0.000000 -1
0 0.000000 17.077564 -22.909977 0.750000 1.000000 -1
0 0.000000 -39.687714 -40.264866 0.750000 0.000000 -1
0 1.586107 17.201839 -23.316391 0.000000 0.000000 -1
0 1.586107 -39.563492 -40.671249 0.000000 0.000000 -1
0 1.586107 -39.563492 -40.671249 0.833333 0.000000 -1
0 1.586107 17.201839 -23.316391 0.833333 1.000000 -1
0 2.747217 17.541298 -24.426743 0.000000 0.000000 -1
0 2.747217 -39.223980 -41.781685 0.000000 0.000000 -1
0 2.747217 17.541298 -24.426743 0.916667 1.000000 -1
0 2.747217 -39.223980 -41.781685 0.916667 0.000000 -1
0 3.172213 -38.760254 -43.298454 1.000000 0.000000 -1
0 3.172213 18.004971 -25.943565 1.000000 1.000000 -1
50
0.000000 0.956305 0.292371
-0.000009 0.956298 0.292394
-0.000000 0.956306 0.292367
0.000000 -0.956302 -0.292381
0.000000 -0.956304 -0.292375
0.000007 -0.956304 -0.292376
0.965927 0.075670 -0.247506
0.965926 0.075671 -0.247508
0.866026 0.146185 -0.478151
0.866026 0.146186 -0.478152
-0.000022 0.956303 0.292377
0.000008 -0.956306 -0.292367
0.499996 0.253202 -0.828186
0.499997 0.253202 -0.828186
0.000000 0.956304 0.292375
0.000000 -0.956305 -0.292371
-0.000000 0.292371 -0.956305
0.000000 0.292371 -0.956305
0.000022 0.956303 0.292377
-0.000008 -0.956306 -0.292367
-0.499996 0.253202 -0.828186
-0.499997 0.253202 -0.828186
0.000009 0.956298 0.292394
-0.000007 -0.956304 -0.292376
-0.866026 0.146185 -0.478151
-0.866026 0.146186 -0.478152
-1.000000 -0.000001 0.000002
-1.000000 -0.000001 0.000002
0.000006 0.956314 0.292343
-0.000002 -0.956303 -0.292377
-0.866027 -0.146185 0.478150
-0.866031 -0.146183 0.478142
0.000015 0.956310 0.292354
0.000004 -0.956303 -0.292376
-0.499997 -0.253202 0.828186
-0.499993 -0.253202 0.828188
0.000000 0.956310 0.292356
0.000000 -0.956305 -0.292371
0.000000 -0.292371 0.956305
0.000000 -0.292372 0.956305
-0.000015 0.956310 0.292354
-0.000004 -0.956303 -0.292376
0.499997 -0.253202 0.828186
0.499993 -0.253202 0.828188
-0.000006 0.956314 0.292343
0.000002 -0.956303 -0.292377
0.866027 -0.146185 0.478150
0.866031 -0.146183 0.478142
0.965925 -0.075672 0.247512
0.965926 -0.075671 0.247510
48
0 0 1 2 0 1 2 2
0 3 4 5 3 4 5 2
0 6 3 7 6 7 8 1
0 3 8 7 7 9 8 1
0 1 9 2 1 10 2 2
0 5 4 10 5 4 11 2
0 7 8 11 8 9 12 1
0 7 11 12 8 12 13 1
0 9 13 2 10 14 2 2
0 10 4 14 11 4 15 2
0 12 11 15 13 12 16 1
0 11 16 15 12 17 16 1
0 13 17 2 14 18 2 2
0 14 4 18 15 4 19 2
0 15 16 19 16 17 20 1
0 15 19 20 16 20 21 1
0 17 21 2 18 22 2 2
0 18 4 22 19 4 23 2
0 20 19 23 21 20 24 1
0 19 24 23 20 25 24 1
0 21 25 2 22 0 2 2
0 22 4 26 23 4 3 2
0 23 24 27 24 25 26 1
0 23 27 28 24 26 27 1
0 25 29 2 0 28 2 2
0 26 4 30 3 4 29 2
0 28 27 31 27 26 30 1
0 27 32 31 26 31 30 1
0 29 33 2 28 32 2 2
0 30 4 34 29 4 33 2
0 31 32 35 30 31 34 1
0 31 35 36 30 34 35 1
0 33 37 2 32 36 2 2
0 34 4 38 33 4 37 2
0 36 35 39 35 34 38 1
0 35 40 39 34 39 38 1
0 37 41 2 36 40 2 2
0 38 4 42 37 4 41 2
0 39 40 43 38 39 42 1
0 39 43 44 38 42 43 1
0 41 45 2 40 44 2 2
0 42 4 46 41 4 45 2
0 44 43 47 43 42 46 1
0 43 48 47 42 47 46 1
0 45 0 2 44 0 2 2
0 46 4 3 45 4 3 2
0 47 48 49 46 47 48 1
0 47 49 50 46 48 49 1
"Sphere02" 0 0
51
1 0.005273 -27.930973 -49.603035 0.000000 0.000000 -1
1 0.193074 -16.125664 -44.322498 0.083333 0.166667 -1
1 0.222127 -27.930973 -49.603035 0.000000 0.166667 -1
1 0.005273 -27.930973 -49.603035 0.083333 0.000000 -1
1 0.113700 -14.913868 -43.808487 0.166667 0.166667 -1
1 0.005273 -27.930973 -49.603035 0.166667 0.000000 -1
1 0.005273 -14.127012 -43.998489 0.250000 0.166667 -1
1 0.005273 -27.930973 -49.603035 0.250000 0.000000 -1
1 -0.103154 -14.913868 -43.808487 0.333333 0.166667 -1
1 0.005273 -27.930973 -49.603035 0.333333 0.000000 -1
1 -0.182528 -16.125664 -44.322498 0.416667 0.166667 -1
1 0.005273 -27.930973 -49.603035 0.416667 0.000000 -1
1 -0.211581 -27.930973 -49.603035 0.500000 0.166667 -1
1 0.005273 -27.930973 -49.603035 0.500000 0.000000 -1
1 -0.182528 -31.278036 -50.626335 0.583333 0.166667 -1
1 0.005273 -27.930973 -49.603035 0.583333 0.000000 -1
1 -0.103154 -33.728268 -51.375443 0.666667 0.166667 -1
1 0.005273 -27.930973 -49.603035 0.666667 0.000000 -1
1 0.005273 -34.625149 -51.649662 0.750000 0.166667 -1
1 0.005273 -27.930973 -49.603035 0.750000 0.000000 -1
1 0.113700 -33.728268 -51.375443 0.833333 0.166667 -1
1 0.005273 -27.930973 -49.603035 0.833333 0.000000 -1
1 0.193074 -31.278036 -50.626335 0.916667 0.166667 -1
1 0.005273 -27.930973 -49.603035 0.916667 0.000000 -1
1 0.222127 -27.930973 -49.603035 1.000000 0.166667 -1
1 0.438981 -25.137470 -40.498558 0.000000 0.500000 -1
1 0.380875 -23.794714 -44.890602 0.000000 0.333333 -1
1 0.330554 -14.453011 -41.030136 0.083333 0.333333 -1
1 0.380875 -14.618315 -37.281754 0.083333 0.500000 -1
1 0.222127 -9.717873 -35.783539 0.166667 0.500000 -1
1 0.193074 -10.209097 -39.732643 0.166667 0.333333 -1
1 0.005273 -8.655711 -39.257725 0.250000 0.333333 -1
1 0.005273 -7.924190 -35.235176 0.250000 0.500000 -1
1 -0.211581 -9.717873 -35.783539 0.333333 0.500000 -1
1 -0.182528 -10.209097 -39.732643 0.333333 0.333333 -1
1 -0.320008 -14.453011 -41.030136 0.416667 0.333333 -1
1 -0.370329 -14.618315 -37.281754 0.416667 0.500000 -1
1 -0.428435 -25.137470 -40.498558 0.500000 0.500000 -1
1 -0.370329 -23.794714 -44.890602 0.500000 0.333333 -1
1 -0.320008 -29.591993 -46.662968 0.583333 0.333333 -1
1 -0.370329 -31.831614 -42.545158 0.583333 0.500000 -1
1 -0.211581 -36.732067 -44.043385 0.666667 0.500000 -1
1 -0.182528 -33.835903 -47.960464 0.666667 0.333333 -1
1 0.005273 -35.389282 -48.435425 0.750000 0.333333 -1
1 0.005273 -38.525734 -44.591747 0.750000 0.500000 -1
1 0.222127 -36.732067 -44.043385 0.833333 0.500000 -1
1 0.193074 -33.835903 -47.960464 0.833333 0.333333 -1
1 0.330554 -29.591993 -46.662968 0.916667 0.333333 -1
1 0.380875 -31.831614 -42.545158 0.916667 0.500000 -1
1 0.438981 -25.137470 -40.498558 1.000000 0.500000 -1
1 0.380875 -23.794714 -44.890602 1.000000 0.333333 -1
49
0.000000 0.408315 -0.912841
0.719802 0.299717 -0.626143
0.870368 0.203154 -0.448540
0.251431 0.391863 -0.885001
0.939405 0.170216 -0.297564
0.974620 0.084215 -0.207420
0.000000 0.499887 -0.866090
-0.974620 0.084215 -0.207420
-0.939405 0.170216 -0.297564
-0.251431 0.391863 -0.885001
-0.719802 0.299717 -0.626143
-0.876592 0.167360 -0.451195
0.000000 0.292372 -0.956305
-0.697973 0.196226 -0.688715
0.000017 0.292371 -0.956305
-0.890378 0.069426 -0.449896
-0.000122 0.292373 -0.956304
0.000000 0.180539 -0.983568
0.000122 0.292373 -0.956304
0.890378 0.069426 -0.449896
-0.000017 0.292371 -0.956305
0.697973 0.196226 -0.688715
0.881705 0.130926 -0.453272
0.999886 0.009568 -0.011643
0.999180 0.019939 -0.035226
0.998304 0.039111 -0.043132
0.999664 0.022746 -0.012417
0.996516 0.081553 -0.017475
0.990646 0.102822 -0.089714
-0.000000 0.804978 -0.593305
0.000000 0.983864 -0.178921
-0.996516 0.081553 -0.017475
-0.990646 0.102822 -0.089714
-0.998304 0.039111 -0.043132
-0.999664 0.022746 -0.012417
-0.999911 0.002665 -0.013084
-0.999501 0.009462 -0.030148
-0.999606 -0.012905 -0.024932
-0.999695 -0.014399 -0.020048
-0.996822 -0.060345 -0.052010
-0.997171 -0.064458 -0.038679
0.000000 -0.892738 -0.450576
0.000000 -0.774784 -0.632226
0.996822 -0.060345 -0.052010
0.997171 -0.064458 -0.038679
0.999606 -0.012905 -0.024932
0.999695 -0.014399 -0.020048
0.999886 -0.004239 -0.014524
0.999685 -0.001014 -0.025067
60
1 0 1 2 0 1 2 1
1 3 4 1 3 4 1 1
1 5 6 4 5 6 4 1
1 7 8 6 7 8 6 1
1 9 10 8 9 10 8 1
1 11 12 10 0 11 10 1
1 13 14 12 12 13 11 1
1 15 16 14 14 15 13 1
1 17 18 16 16 17 15 1
1 19 20 18 18 19 17 1
1 21 22 20 20 21 19 1
1 23 24 22 12 22 21 1
1 25 26 27 23 24 25 1
1 25 27 28 23 25 26 1
1 28 27 29 26 25 27 1
1 27 30 29 25 28 27 1
1 29 30 31 27 28 29 1
1 29 31 32 27 29 30 1
1 32 31 33 30 29 31 1
1 31 34 33 29 32 31 1
1 33 34 35 31 32 33 1
1 33 35 36 31 33 34 1
1 36 35 37 34 33 35 1
1 35 38 37 33 36 35 1
1 37 38 39 35 36 37 1
1 37 39 40 35 37 38 1
1 40 39 41 38 37 39 1
1 39 42 41 37 40 39 1
1 41 42 43 39 40 41 1
1 41 43 44 39 41 42 1
1 44 43 45 42 41 43 1
1 43 46 45 41 44 43 1
1 45 46 47 43 44 45 1
1 45 47 48 43 45 46 1
1 48 47 49 46 45 47 1
1 47 50 49 45 48 47 1
1 26 2 27 24 2 25 1
1 2 1 27 2 1 25 1
1 27 1 4 25 1 4 1
1 27 4 30 25 4 28 1
1 30 4 31 28 4 29 1
1 4 6 31 4 6 29 1
1 31 6 8 29 6 8 1
1 31 8 34 29 8 32 1
1 34 8 35 32 8 33 1
1 8 10 35 8 10 33 1
1 35 10 12 33 10 11 1
1 35 12 38 33 11 36 1
1 38 12 39 36 11 37 1
1 12 14 39 11 13 37 1
1 39 14 16 37 13 15 1
1 39 16 42 37 15 40 1
1 42 16 43 40 15 41 1
1 16 18 43 15 17 41 1
1 43 18 20 41 17 19 1
1 43 20 46 41 19 44 1
1 46 20 47 44 19 45 1
1 20 22 47 19 21 45 1
1 47 22 24 45 21 22 1
1 47 24 50 45 22 48 1
"Duplicate01" 0 0
51
1 0.222127 -33.139427 -32.566956 0.000000 0.166667 -1
1 0.193074 -20.399553 -30.343277 0.083333 0.166667 -1
1 0.005273 -33.139427 -32.566956 0.000000 0.000000 -1
1 0.113700 -19.107500 -30.091759 0.166667 0.166667 -1
1 0.005273 -33.139427 -32.566956 0.083333 0.000000 -1
1 0.005273 -18.561377 -29.494270 0.250000 0.166667 -1
1 0.005273 -33.139427 -32.566956 0.166667 0.000000 -1
1 -0.103154 -19.107500 -30.091759 0.333333 0.166667 -1
1 0.005273 -33.139427 -32.566956 0.250000 0.000000 -1
1 -0.182528 -20.399553 -30.343277 0.416667 0.166667 -1
1 0.005273 -33.139427 -32.566956 0.333333 0.000000 -1
1 -0.211581 -33.139427 -32.566956 0.500000 0.166667 -1
1 0.005273 -33.139427 -32.566956 0.416667 0.000000 -1
1 -0.182528 -36.486496 -33.590244 0.583333 0.166667 -1
1 0.005273 -33.139427 -32.566956 0.500000 0.000000 -1
1 -0.103154 -38.936760 -34.339375 0.666667 0.166667 -1
1 0.005273 -33.139427 -32.566956 0.583333 0.000000 -1
1 0.005273 -39.833572 -34.613560 0.750000 0.166667 -1
1 0.005273 -33.139427 -32.566956 0.666667 0.000000 -1
1 0.113700 -38.936760 -34.339375 0.833333 0.166667 -1
1 0.005273 -33.139427 -32.566956 0.750000 0.000000 -1
1 0.193074 -36.486496 -33.590244 0.916667 0.166667 -1
1 0.005273 -33.139427 -32.566956 0.833333 0.000000 -1
1 0.222127 -33.139427 -32.566956 1.000000 0.166667 -1
1 0.005273 -33.139427 -32.566956 0.916667 0.000000 -1
1 0.330554 -17.171785 -32.137444 0.083333 0.333333 -1
1 0.380875 -27.075129 -34.160782 0.000000 0.333333 -1
1 0.438981 -25.732334 -38.552792 0.000000 0.500000 -1
1 0.380875 -15.212763 -35.337410 0.083333 0.500000 -1
1 0.222127 -10.312315 -33.839191 0.166667 0.500000 -1
1 0.193074 -12.927869 -30.839939 0.166667 0.333333 -1
1 0.005273 -11.374475 -30.365021 0.250000 0.333333 -1
1 0.005273 -8.518628 -33.290810 0.250000 0.500000 -1
1 -0.211581 -10.312315 -33.839191 0.333333 0.500000 -1
1 -0.182528 -12.927869 -30.839939 0.333333 0.333333 -1
1 -0.320008 -17.171785 -32.137444 0.416667 0.333333 -1
1 -0.370329 -15.212763 -35.337410 0.416667 0.500000 -1
1 -0.428435 -25.732334 -38.552792 0.500000 0.500000 -1
1 -0.370329 -27.075129 -34.160782 0.500000 0.333333 -1
1 -0.320008 -32.872425 -35.933193 0.583333 0.333333 -1
1 -0.370329 -32.426521 -40.599449 0.583333 0.500000 -1
1 -0.211581 -37.326958 -42.097656 0.666667 0.500000 -1
1 -0.182528 -37.116337 -37.230682 0.666667 0.333333 -1
1 0.005273 -38.669712 -37.705601 0.750000 0.333333 -1
1 0.005273 -39.120655 -42.646027 0.750000 0.500000 -1
1 0.222127 -37.326958 -42.097656 0.833333 0.500000 -1
1 0.193074 -37.116337 -37.230682 0.833333 0.333333 -1
1 0.330554 -32.872425 -35.933193 0.916667 0.333333 -1
1 0.380875 -32.426521 -40.599449 0.916667 0.500000 -1
1 0.438981 -25.732334 -38.552792 1.000000 0.500000 -1
1 0.380875 -27.075129 -34.160782 1.000000 0.333333 -1
49
0.870368 -0.082397 0.485459
0.719849 -0.101653 0.686647
0.000000 -0.171945 0.985107
0.939413 -0.025279 0.341855
0.251666 -0.170010 0.952765
0.000000 -0.069889 0.997555
0.974616 -0.046174 0.219070
-0.939413 -0.025279 0.341855
-0.974616 -0.046174 0.219070
-0.719849 -0.101653 0.686647
-0.251666 -0.170010 0.952765
-0.876592 -0.113557 0.467644
-0.697961 -0.222448 0.680711
0.000000 -0.292368 0.956306
-0.890369 -0.194033 0.411819
0.000083 -0.292373 0.956304
0.000000 -0.400340 0.916367
0.000020 -0.292372 0.956305
0.890369 -0.194033 0.411819
-0.000020 -0.292372 0.956305
0.697961 -0.222448 0.680711
-0.000083 -0.292373 0.956304
0.881705 -0.144923 0.448993
0.998304 0.008306 0.057628
0.999180 -0.003168 0.040354
0.999886 0.001421 0.015003
0.999664 0.011913 0.023014
0.996516 0.057838 0.060092
0.990646 0.035076 0.131873
0.000000 0.335585 0.942010
0.000000 0.715609 0.698502
-0.996516 0.057838 0.060092
-0.990646 0.035076 0.131873
-0.998304 0.008306 0.057628
-0.999664 0.011913 0.023014
-0.999911 -0.005108 0.012337
-0.999501 -0.009014 0.030285
-0.999606 -0.024641 0.013453
-0.999695 -0.023148 0.008569
-0.996822 -0.079112 0.009374
-0.997170 -0.075068 -0.003979
-0.000000 -0.992072 -0.125671
0.000000 -0.995860 0.090898
0.996822 -0.079112 0.009374
0.997170 -0.075068 -0.003979
0.999606 -0.024641 0.013453
0.999695 -0.023148 0.008569
0.999886 -0.011636 0.009671
0.999685 -0.014858 0.020215
60
1 0 1 2 0 1 2 1
1 1 3 4 1 3 4 1
1 3 5 6 3 5 6 1
1 5 7 8 5 7 8 1
1 7 9 10 7 9 10 1
1 9 11 12 9 11 2 1
1 11 13 14 11 12 13 1
1 13 15 16 12 14 15 1
1 15 17 18 14 16 17 1
1 17 19 20 16 18 19 1
1 19 21 22 18 20 21 1
1 21 23 24 20 22 13 1
1 25 26 27 23 24 25 1
1 28 25 27 26 23 25 1
1 29 25 28 27 23 26 1
1 29 30 25 27 28 23 1
1 31 30 29 29 28 27 1
1 32 31 29 30 29 27 1
1 33 31 32 31 29 30 1
1 33 34 31 31 32 29 1
1 35 34 33 33 32 31 1
1 36 35 33 34 33 31 1
1 37 35 36 35 33 34 1
1 37 38 35 35 36 33 1
1 39 38 37 37 36 35 1
1 40 39 37 38 37 35 1
1 41 39 40 39 37 38 1
1 41 42 39 39 40 37 1
1 43 42 41 41 40 39 1
1 44 43 41 42 41 39 1
1 45 43 44 43 41 42 1
1 45 46 43 43 44 41 1
1 47 46 45 45 44 43 1
1 48 47 45 46 45 43 1
1 49 47 48 47 45 46 1
1 49 50 47 47 48 45 1
1 25 0 26 23 0 24 1
1 25 1 0 23 1 0 1
1 3 1 25 3 1 23 1
1 30 3 25 28 3 23 1
1 31 3 30 29 3 28 1
1 31 5 3 29 5 3 1
1 7 5 31 7 5 29 1
1 34 7 31 32 7 29 1
1 35 7 34 33 7 32 1
1 35 9 7 33 9 7 1
1 11 9 35 11 9 33 1
1 38 11 35 36 11 33 1
1 39 11 38 37 11 36 1
1 39 13 11 37 12 11 1
1 15 13 39 14 12 37 1
1 42 15 39 40 14 37 1
1 43 15 42 41 14 40 1
1 43 17 15 41 16 14 1
1 19 17 43 18 16 41 1
1 46 19 43 44 18 41 1
1 47 19 46 45 18 44 1
1 47 21 19 45 20 18 1
1 23 21 47 22 20 45 1
1 50 23 47 48 22 45 1
"Duplicate02" 0 0
102
1 -8.901972 -30.535202 -41.084999 0.000000 0.000000 -1
1 -7.303700 -18.207718 -37.512489 0.083333 0.166667 -1
1 -8.901972 -30.471815 -41.292374 0.000000 0.166667 -1
1 -8.901972 -30.535202 -41.084999 0.083333 0.000000 -1
1 -7.166458 -16.978983 -37.053822 0.166667 0.166667 -1
1 -8.901972 -30.535202 -41.084999 0.166667 0.000000 -1
1 -7.578182 -16.344212 -36.746384 0.250000 0.166667 -1
1 -8.901972 -30.535202 -41.084999 0.250000 0.000000 -1
1 -7.166458 -17.042387 -36.846455 0.333333 0.166667 -1
1 -8.901972 -30.535202 -41.084999 0.333333 0.000000 -1
1 -7.303700 -18.317533 -37.153309 0.416667 0.166667 -1
1 -8.901972 -30.535202 -41.084999 0.416667 0.000000 -1
1 -8.901972 -30.598629 -40.877647 0.500000 0.166667 -1
1 -8.901972 -30.535202 -41.084999 0.500000 0.000000 -1
1 -8.901972 -33.937199 -41.928711 0.583333 0.166667 -1
1 -8.901972 -30.535202 -41.084999 0.583333 0.000000 -1
1 -8.901972 -36.364185 -42.753700 0.666667 0.166667 -1
1 -8.901972 -30.535202 -41.084999 0.666667 0.000000 -1
1 -8.901972 -37.229332 -43.131580 0.750000 0.166667 -1
1 -8.901972 -30.535202 -41.084999 0.750000 0.000000 -1
1 -8.901972 -36.300785 -42.961082 0.833333 0.166667 -1
1 -8.901972 -30.535202 -41.084999 0.833333 0.000000 -1
1 -8.901972 -33.827377 -42.287895 0.916667 0.166667 -1
1 -8.901972 -30.535202 -41.084999 0.916667 0.000000 -1
1 -8.901972 -30.471815 -41.292374 1.000000 0.166667 -1
1 -1.012054 -25.308109 -39.940453 0.000000 0.500000 -1
1 -5.604754 -25.325087 -39.884853 0.000000 0.333333 -1
1 -4.644226 -15.717281 -36.894833 0.083333 0.333333 -1
1 -1.011323 -14.805733 -36.668770 0.083333 0.500000 -1
1 -1.011323 -9.951695 -35.018753 0.166667 0.500000 -1
1 -4.644226 -11.513563 -35.465889 0.166667 0.333333 -1
1 -4.644226 -10.015100 -34.811367 0.250000 0.333333 -1
1 -1.011323 -8.221405 -34.262978 0.250000 0.500000 -1
1 -1.011323 -10.078490 -34.603985 0.333333 0.500000 -1
1 -4.644226 -11.623383 -35.106689 0.333333 0.333333 -1
1 -4.644226 -15.907495 -36.272709 0.416667 0.333333 -1
1 -1.011323 -15.025369 -35.950417 0.416667 0.500000 -1
1 -1.012054 -25.561707 -39.110924 0.500000 0.500000 -1
1 -5.604754 -25.544735 -39.166508 0.500000 0.333333 -1
1 -5.604754 -31.327297 -40.987011 0.583333 0.333333 -1
1 -1.012054 -32.238880 -41.213097 0.583333 0.500000 -1
1 -1.012054 -37.092922 -42.863148 0.666667 0.500000 -1
1 -5.604754 -35.531033 -42.415974 0.666667 0.333333 -1
1 -5.604754 -37.029469 -43.070473 0.750000 0.333333 -1
1 -1.012054 -38.823212 -43.618889 0.750000 0.500000 -1
1 -1.012054 -36.966099 -43.277885 0.833333 0.500000 -1
1 -5.604754 -35.421238 -42.775192 0.833333 0.333333 -1
1 -5.604754 -31.137096 -41.609154 0.916667 0.333333 -1
1 -1.012054 -32.019234 -41.931473 0.916667 0.500000 -1
1 -1.012054 -25.308109 -39.940453 1.000000 0.500000 -1
1 -5.604754 -25.325087 -39.884853 1.000000 0.333333 -1
1 8.912519 -30.471815 -41.292374 0.000000 0.166667 -1
1 7.314247 -18.207718 -37.512489 0.083333 0.166667 -1
1 8.912519 -30.535200 -41.084999 0.000000 0.000000 -1
1 7.177004 -16.978981 -37.053822 0.166667 0.166667 -1
1 8.912519 -30.535200 -41.084999 0.083333 0.000000 -1
1 7.588728 -16.344210 -36.746384 0.250000 0.166667 -1
1 8.912519 -30.535200 -41.084999 0.166667 0.000000 -1
1 7.177004 -17.042387 -36.846455 0.333333 0.166667 -1
1 8.912519 -30.535200 -41.084999 0.250000 0.000000 -1
1 7.314247 -18.317533 -37.153309 0.416667 0.166667 -1
1 8.912519 -30.535200 -41.084999 0.333333 0.000000 -1
1 8.912519 -30.598629 -40.877647 0.500000 0.166667 -1
1 8.912519 -30.535200 -41.084999 0.416667 0.000000 -1
1 8.912519 -33.937199 -41.928711 0.583333 0.166667 -1
1 8.912519 -30.535200 -41.084999 0.500000 0.000000 -1
1 8.912519 -36.364185 -42.753700 0.666667 0.166667 -1
1 8.912519 -30.535200 -41.084999 0.583333 0.000000 -1
1 8.912519 -37.229332 -43.131580 0.750000 0.166667 -1
1 8.912519 -30.535200 -41.084999 0.666667 0.000000 -1
1 8.912519 -36.300781 -42.961090 0.833333 0.166667 -1
1 8.912519 -30.535200 -41.084999 0.750000 0.000000 -1
1 8.912519 -33.827377 -42.287895 0.916667 0.166667 -1
1 8.912519 -30.535200 -41.084999 0.833333 0.000000 -1
1 8.912519 -30.471815 -41.292374 1.000000 0.166667 -1
1 8.912519 -30.535200 -41.084999 0.916667 0.000000 -1
1 4.654772 -15.717281 -36.894833 0.083333 0.333333 -1
1 5.615300 -25.325085 -39.884861 0.000000 0.333333 -1
1 1.022601 -25.308109 -39.940453 0.000000 0.500000 -1
1 1.021869 -14.805733 -36.668770 0.083333 0.500000 -1
1 1.021869 -9.951695 -35.018753 0.166667 0.500000 -1
1 4.654772 -11.513563 -35.465889 0.166667 0.333333 -1
1 4.654772 -10.015100 -34.811367 0.250000 0.333333 -1
1 1.021869 -8.221405 -34.262978 0.250000 0.500000 -1
1 1.021869 -10.078490 -34.603985 0.333333 0.500000 -1
1 4.654772 -11.623383 -35.106689 0.333333 0.333333 -1
1 4.654772 -15.907495 -36.272709 0.416667 0.333333 -1
1 1.021869 -15.025369 -35.950417 0.416667 0.500000 -1
1 1.022601 -25.561707 -39.110924 0.500000 0.500000 -1
1 5.615300 -25.544735 -39.166508 0.500000 0.333333 -1
1 5.615300 -31.327297 -40.987011 0.583333 0.333333 -1
1 1.022601 -32.238880 -41.213097 0.583333 0.500000 -1
1 1.022601 -37.092922 -42.863148 0.666667 0.500000 -1
1 5.615300 -35.531033 -42.415974 0.666667 0.333333 -1
1 5.615300 -37.029469 -43.070473 0.750000 0.333333 -1
1 1.022601 -38.823212 -43.618889 0.750000 0.500000 -1
1 1.022601 -36.966099 -43.277885 0.833333 0.500000 -1
1 5.615300 -35.421238 -42.775192 0.833333 0.333333 -1
1 5.615300 -31.137096 -41.609154 0.916667 0.333333 -1
1 1.022601 -32.019234 -41.931473 0.916667 0.500000 -1
1 1.022601 -25.308109 -39.940453 1.000000 0.500000 -1
1 5.615300 -25.325085 -39.884861 1.000000 0.333333 -1
92
-0.992334 0.118188 0.036126
-0.686378 0.309484 -0.658107
-0.488332 0.314850 -0.813880
-0.960860 0.184473 -0.206682
-0.334311 0.347122 -0.876209
-0.222969 0.303973 -0.926221
-0.974400 0.215003 0.065720
-0.222994 -0.265926 0.937847
-0.334316 -0.202193 0.920517
-0.960855 0.037354 0.274521
-0.686376 -0.111438 0.718658
-0.992334 0.118180 0.036150
-0.480413 -0.229388 0.846513
-1.000000 0.000000 0.000000
-0.715993 -0.217173 0.663468
-0.450548 -0.322619 0.832420
-0.993374 -0.109903 -0.033600
-0.450545 0.198013 -0.870517
-0.715989 0.190958 -0.671486
-0.471745 0.250788 -0.845318
-0.013936 0.297834 -0.954516
-0.039518 0.300518 -0.952957
-0.052680 0.315583 -0.947435
-0.018526 0.309603 -0.950685
-0.040556 0.361050 -0.931664
-0.115860 0.358587 -0.926278
-0.802733 0.570280 0.174356
-0.458760 0.849734 0.259792
-0.040555 -0.221659 0.974281
-0.115858 -0.220688 0.968439
-0.052682 -0.268168 0.961931
-0.018519 -0.274945 0.961281
-0.013291 -0.293566 0.955846
-0.031600 -0.292001 0.955896
-0.020072 -0.311027 0.950189
-0.014961 -0.311057 0.950273
-0.032089 -0.361169 0.931948
-0.018141 -0.361308 0.932270
-0.169871 -0.942409 -0.288115
-0.378093 -0.885319 -0.270659
-0.032097 0.221709 -0.974584
-0.018146 0.221773 -0.974929
-0.020070 0.273484 -0.961667
-0.014963 0.273509 -0.961753
-0.012654 0.284401 -0.958622
-0.023678 0.284346 -0.958429
0.488333 0.314850 -0.813879
0.686380 0.309484 -0.658105
0.992334 0.118188 0.036125
0.334312 0.347122 -0.876209
0.960863 0.184471 -0.206673
0.974400 0.215003 0.065720
0.222969 0.303973 -0.926221
0.334318 -0.202192 0.920516
0.222995 -0.265926 0.937847
0.686378 -0.111437 0.718656
0.960859 0.037358 0.274509
0.480413 -0.229388 0.846513
0.992334 0.118180 0.036151
0.715993 -0.217173 0.663468
1.000000 0.000000 0.000000
0.450548 -0.322619 0.832420
0.993374 -0.109907 -0.033601
0.450545 0.198012 -0.870517
0.715990 0.190959 -0.671486
0.471745 0.250787 -0.845318
0.052680 0.315583 -0.947434
0.039519 0.300519 -0.952957
0.013935 0.297834 -0.954516
0.018526 0.309603 -0.950685
0.040556 0.361050 -0.931664
0.115859 0.358587 -0.926278
0.802733 0.570280 0.174356
0.458760 0.849734 0.259792
0.040555 -0.221659 0.974281
0.115858 -0.220688 0.968439
0.052682 -0.268168 0.961931
0.018519 -0.274945 0.961281
0.013291 -0.293566 0.955846
0.031600 -0.292001 0.955896
0.020072 -0.311027 0.950189
0.014961 -0.311057 0.950273
0.032089 -0.361169 0.931948
0.018141 -0.361308 0.932270
0.169866 -0.942410 -0.288114
0.378093 -0.885319 -0.270659
0.032097 0.221709 -0.974584
0.018145 0.221773 -0.974929
0.020070 0.273484 -0.961667
0.014963 0.273509 -0.961753
0.012653 0.284400 -0.958622
0.023678 0.284344 -0.958430
120
1 0 1 2 0 1 2 1
1 3 4 1 3 4 1 1
1 5 6 4 5 6 4 1
1 7 8 6 7 8 6 1
1 9 10 8 9 10 8 1
1 11 12 10 11 12 10 1
1 13 14 12 13 14 12 1
1 15 16 14 13 15 14 1
1 17 18 16 13 16 15 1
1 19 20 18 13 17 16 1
1 21 22 20 13 18 17 1
1 23 24 22 13 19 18 1
1 25 26 27 20 21 22 1
1 25 27 28 20 22 23 1
1 28 27 29 23 22 24 1
1 27 30 29 22 25 24 1
1 29 30 31 24 25 26 1
1 29 31 32 24 26 27 1
1 32 31 33 27 26 28 1
1 31 34 33 26 29 28 1
1 33 34 35 28 29 30 1
1 33 35 36 28 30 31 1
1 36 35 37 31 30 32 1
1 35 38 37 30 33 32 1
1 37 38 39 32 33 34 1
1 37 39 40 32 34 35 1
1 40 39 41 35 34 36 1
1 39 42 41 34 37 36 1
1 41 42 43 36 37 38 1
1 41 43 44 36 38 39 1
1 44 43 45 39 38 40 1
1 43 46 45 38 41 40 1
1 45 46 47 40 41 42 1
1 45 47 48 40 42 43 1
1 48 47 49 43 42 44 1
1 47 50 49 42 45 44 1
1 26 2 27 21 2 22 1
1 2 1 27 2 1 22 1
1 27 1 4 22 1 4 1
1 27 4 30 22 4 25 1
1 30 4 31 25 4 26 1
1 4 6 31 4 6 26 1
1 31 6 8 26 6 8 1
1 31 8 34 26 8 29 1
1 34 8 35 29 8 30 1
1 8 10 35 8 10 30 1
1 35 10 12 30 10 12 1
1 35 12 38 30 12 33 1
1 38 12 39 33 12 34 1
1 12 14 39 12 14 34 1
1 39 14 16 34 14 15 1
1 39 16 42 34 15 37 1
1 42 16 43 37 15 38 1
1 16 18 43 15 16 38 1
1 43 18 20 38 16 17 1
1 43 20 46 38 17 41 1
1 46 20 47 41 17 42 1
1 20 22 47 17 18 42 1
1 47 22 24 42 18 19 1
1 47 24 50 42 19 45 1
1 51 52 53 46 47 48 1
1 52 54 55 47 49 50 1
1 54 56 57 49 51 52 1
1 56 58 59 51 53 54 1
1 58 60 61 53 55 56 1
1 60 62 63 55 57 58 1
1 62 64 65 57 59 60 1
1 64 66 67 59 61 60 1
1 66 68 69 61 62 60 1
1 68 70 71 62 63 60 1
1 70 72 73 63 64 60 1
1 72 74 75 64 65 60 1
1 76 77 78 66 67 68 1
1 79 76 78 69 66 68 1
1 80 76 79 70 66 69 1
1 80 81 76 70 71 66 1
1 82 81 80 72 71 70 1
1 83 82 80 73 72 70 1
1 84 82 83 74 72 73 1
1 84 85 82 74 75 72 1
1 86 85 84 76 75 74 1
1 87 86 84 77 76 74 1
1 88 86 87 78 76 77 1
1 88 89 86 78 79 76 1
1 90 89 88 80 79 78 1
1 91 90 88 81 80 78 1
1 92 90 91 82 80 81 1
1 92 93 90 82 83 80 1
1 94 93 92 84 83 82 1
1 95 94 92 85 84 82 1
1 96 94 95 86 84 85 1
1 96 97 94 86 87 84 1
1 98 97 96 88 87 86 1
1 99 98 96 89 88 86 1
1 100 98 99 90 88 89 1
1 100 101 98 90 91 88 1
1 76 51 77 66 46 67 1
1 76 52 51 66 47 46 1
1 54 52 76 49 47 66 1
1 81 54 76 71 49 66 1
1 82 54 81 72 49 71 1
1 82 56 54 72 51 49 1
1 58 56 82 53 51 72 1
1 85 58 82 75 53 72 1
1 86 58 85 76 53 75 1
1 86 60 58 76 55 53 1
1 62 60 86 57 55 76 1
1 89 62 86 79 57 76 1
1 90 62 89 80 57 79 1
1 90 64 62 80 59 57 1
1 66 64 90 61 59 80 1
1 93 66 90 83 61 80 1
1 94 66 93 84 61 83 1
1 94 68 66 84 62 61 1
1 70 68 94 63 62 84 1
1 97 70 94 87 63 84 1
1 98 70 97 88 63 87 1
1 98 72 70 88 64 63 1
1 74 72 98 65 64 88 1
1 101 74 98 91 65 88 1

Materials: 2
"Material01"
0.200000 0.200000 0.200000 1.000000
0.360784 0.360784 0.180392 1.000000
0.000000 0.000000 0.000000 1.000000
0.000000 0.000000 0.000000 1.000000
0.000000
1.000000
"sphere_chrome.bmp"
""
"Material02"
0.200000 0.200000 0.200000 1.000000
0.835294 0.686275 0.525490 1.000000
0.000000 0.000000 0.000000 1.000000
0.215686 0.109804 0.000000 1.000000
0.000000
1.000000
"sphere_chrome.bmp"
""

Bones: 0
GroupComments: 0
MaterialComments: 0
BoneComments: 0
ModelComment: 0
