// MilkShape 3D ASCII

Frames: 30
Frame: 1

Meshes: 4
"Cylinder01" 0 0
116
0 1.334448 0.170659 -0.032301 0.000000 0.000000 -1
0 1.155666 0.170651 0.634927 0.000000 0.000000 -1
0 0.000000 0.170659 -0.032301 0.000000 0.000000 -1
0 1.334448 42.131348 -0.032296 0.000000 0.000000 -1
0 0.000000 43.353569 -0.032296 0.000000 0.000000 -1
0 1.155666 42.131340 0.634933 0.000000 0.000000 -1
0 1.334448 0.170659 -0.032301 0.000000 1.000000 -1
0 1.334448 16.010990 -0.032291 0.000000 0.833333 -1
0 1.155666 16.010992 0.634930 0.083333 0.833333 -1
0 1.155666 0.170651 0.634927 0.083333 1.000000 -1
0 2.511000 18.428684 -0.032307 0.000000 0.666667 -1
0 2.174590 18.428682 1.223206 0.083333 0.666667 -1
0 2.511000 25.989571 -0.032290 0.000000 0.500000 -1
0 2.174590 25.989571 1.223214 0.083333 0.500000 -1
0 2.259900 37.064667 -0.032297 0.000000 0.333333 -1
0 1.957131 37.064674 1.097659 0.083333 0.333333 -1
0 2.033910 40.042465 -0.032289 0.000000 0.166667 -1
0 1.761418 40.042465 0.984664 0.083333 0.166667 -1
0 1.155666 42.131340 0.634933 0.083333 0.000000 -1
0 0.667224 0.170651 1.123373 0.000000 0.000000 -1
0 0.667224 42.131355 1.123378 0.000000 0.000000 -1
0 0.667224 0.170651 1.123373 0.166667 1.000000 -1
0 0.667224 16.010992 1.123375 0.166667 0.833333 -1
0 1.255500 18.428680 2.142296 0.166667 0.666667 -1
0 1.255500 25.989563 2.142296 0.166667 0.500000 -1
0 1.129950 37.064674 1.924842 0.166667 0.333333 -1
0 1.016955 40.042465 1.729129 0.166667 0.166667 -1
0 0.667224 42.131355 1.123378 0.166667 0.000000 -1
0 0.000000 0.170655 1.302145 0.000000 0.000000 -1
0 -0.000000 42.131348 1.302158 0.000000 0.000000 -1
0 0.000000 16.010992 1.302155 0.250000 0.833333 -1
0 0.000000 0.170655 1.302145 0.250000 1.000000 -1
0 -0.000000 18.428679 2.478707 0.250000 0.666667 -1
0 -0.000000 25.989571 2.478715 0.250000 0.500000 -1
0 -0.000000 37.064667 2.227614 0.250000 0.333333 -1
0 -0.000000 40.042458 2.001628 0.250000 0.166667 -1
0 -0.000000 42.131348 1.302158 0.250000 0.000000 -1
0 -0.667224 0.170651 1.123373 0.000000 0.000000 -1
0 -0.667224 42.131355 1.123378 0.000000 0.000000 -1
0 -0.667224 0.170651 1.123373 0.333333 1.000000 -1
0 -0.667224 16.010992 1.123375 0.333333 0.833333 -1
0 -1.255500 18.428680 2.142296 0.333333 0.666667 -1
0 -1.255500 25.989563 2.142296 0.333333 0.500000 -1
0 -1.129950 37.064674 1.924842 0.333333 0.333333 -1
0 -1.016955 40.042465 1.729129 0.333333 0.166667 -1
0 -0.667224 42.131355 1.123378 0.333333 0.000000 -1
0 -1.155666 0.170651 0.634927 0.000000 0.000000 -1
0 -1.155666 42.131340 0.634933 0.000000 0.000000 -1
0 -1.155666 16.010992 0.634930 0.416667 0.833333 -1
0 -1.155666 0.170651 0.634927 0.416667 1.000000 -1
0 -2.174590 18.428682 1.223206 0.416667 0.666667 -1
0 -2.174590 25.989571 1.223214 0.416667 0.500000 -1
0 -1.957131 37.064674 1.097659 0.416667 0.333333 -1
0 -1.761418 40.042465 0.984664 0.416667 0.166667 -1
0 -1.155666 42.131340 0.634933 0.416667 0.000000 -1
0 -1.334448 0.170659 -0.032301 0.000000 0.000000 -1
0 -1.334448 42.131348 -0.032296 0.000000 0.000000 -1
0 -1.334448 0.170659 -0.032301 0.500000 1.000000 -1
0 -1.334448 16.010990 -0.032291 0.500000 0.833333 -1
0 -2.511000 18.428684 -0.032307 0.500000 0.666667 -1
0 -2.511000 25.989571 -0.032290 0.500000 0.500000 -1
0 -2.259900 37.064667 -0.032297 0.500000 0.333333 -1
0 -2.033910 40.042465 -0.032289 0.500000 0.166667 -1
0 -1.334448 42.131348 -0.032296 0.500000 0.000000 -1
0 -1.155666 0.170651 -0.699515 0.000000 0.000000 -1
0 -1.155666 42.131355 -0.699509 0.000000 0.000000 -1
0 -1.155666 16.010994 -0.699512 0.583333 0.833333 -1
0 -1.155666 0.170651 -0.699515 0.583333 1.000000 -1
0 -2.174590 18.428682 -1.287788 0.583333 0.666667 -1
0 -2.174590 25.989571 -1.287787 0.583333 0.500000 -1
0 -1.957131 37.064682 -1.162236 0.583333 0.333333 -1
0 -1.761418 40.042458 -1.049233 0.583333 0.166667 -1
0 -1.155666 42.131355 -0.699509 0.583333 0.000000 -1
0 -0.667224 0.170648 -1.187960 0.000000 0.000000 -1
0 -0.667224 42.131348 -1.187958 0.000000 0.000000 -1
0 -0.667224 0.170648 -1.187960 0.666667 1.000000 -1
0 -0.667224 16.010994 -1.187962 0.666667 0.833333 -1
0 -1.255500 18.428688 -2.206882 0.666667 0.666667 -1
0 -1.255500 25.989571 -2.206882 0.666667 0.500000 -1
0 -1.129950 37.064674 -1.989419 0.666667 0.333333 -1
0 -1.016955 40.042465 -1.793705 0.666667 0.166667 -1
0 -0.667224 42.131348 -1.187958 0.666667 0.000000 -1
0 0.000000 0.170655 -1.366744 0.000000 0.000000 -1
0 -0.000000 42.131348 -1.366742 0.000000 0.000000 -1
0 0.000000 16.010996 -1.366745 0.750000 0.833333 -1
0 0.000000 0.170655 -1.366744 0.750000 1.000000 -1
0 -0.000000 18.428690 -2.543300 0.750000 0.666667 -1
0 -0.000000 25.989571 -2.543293 0.750000 0.500000 -1
0 -0.000000 37.064674 -2.292196 0.750000 0.333333 -1
0 -0.000000 40.042458 -2.066201 0.750000 0.166667 -1
0 -0.000000 42.131348 -1.366742 0.750000 0.000000 -1
0 0.667224 0.170648 -1.187960 0.000000 0.000000 -1
0 0.667224 42.131348 -1.187958 0.000000 0.000000 -1
0 0.667224 0.170648 -1.187960 0.833333 1.000000 -1
0 0.667224 16.010994 -1.187962 0.833333 0.833333 -1
0 1.255500 18.428688 -2.206882 0.833333 0.666667 -1
0 1.255500 25.989571 -2.206882 0.833333 0.500000 -1
0 1.129950 37.064674 -1.989419 0.833333 0.333333 -1
0 1.016955 40.042465 -1.793705 0.833333 0.166667 -1
0 0.667224 42.131348 -1.187958 0.833333 0.000000 -1
0 1.155666 0.170651 -0.699515 0.000000 0.000000 -1
0 1.155666 42.131355 -0.699509 0.000000 0.000000 -1
0 1.155666 16.010994 -0.699512 0.916667 0.833333 -1
0 1.155666 0.170651 -0.699515 0.916667 1.000000 -1
0 2.174590 18.428682 -1.287788 0.916667 0.666667 -1
0 2.174590 25.989571 -1.287787 0.916667 0.500000 -1
0 1.957131 37.064682 -1.162236 0.916667 0.333333 -1
0 1.761418 40.042458 -1.049233 0.916667 0.166667 -1
0 1.155666 42.131355 -0.699509 0.916667 0.000000 -1
0 1.334448 0.170659 -0.032301 1.000000 1.000000 -1
0 1.334448 16.010990 -0.032291 1.000000 0.833333 -1
0 2.511000 18.428684 -0.032307 1.000000 0.666667 -1
0 2.511000 25.989571 -0.032290 1.000000 0.500000 -1
0 2.259900 37.064667 -0.032297 1.000000 0.333333 -1
0 2.033910 40.042465 -0.032289 1.000000 0.166667 -1
0 1.334448 42.131348 -0.032296 1.000000 0.000000 -1
116
0.000000 -1.000000 0.000000
-0.000002 -1.000000 -0.000008
-0.000000 -1.000000 0.000001
0.675417 0.737436 0.000006
0.000000 1.000000 -0.000001
0.584933 0.737434 0.337704
0.965926 -0.000000 0.258819
0.942706 -0.217941 0.252599
0.843771 -0.225246 0.487150
0.866027 -0.000000 0.499997
0.942707 -0.217942 0.252596
0.843771 -0.225247 0.487149
0.965868 0.010948 0.258802
0.865970 0.011334 0.499968
0.964835 0.047518 0.258526
0.864978 0.049190 0.499393
0.947992 0.191802 0.254014
0.848827 0.198306 0.490069
0.919048 0.307744 0.246259
0.821211 0.317523 0.474122
-0.000006 -1.000000 -0.000004
0.337710 0.737439 0.584923
0.499998 -0.000000 0.866027
0.487151 -0.225246 0.843770
0.487151 -0.225247 0.843770
0.499969 0.011334 0.865969
0.499396 0.049190 0.864976
0.490073 0.198305 0.848825
0.474127 0.317522 0.821208
0.000000 -1.000000 -0.000003
0.000000 0.737437 0.675416
-0.000000 -0.225246 0.974302
0.000000 -0.000001 1.000000
-0.000000 -0.225247 0.974302
0.000000 0.011334 0.999936
0.000000 0.049189 0.998789
-0.000000 0.198306 0.980140
0.000000 0.317524 0.948250
0.000006 -1.000000 -0.000004
-0.337710 0.737439 0.584923
-0.499998 -0.000000 0.866027
-0.487151 -0.225246 0.843770
-0.487151 -0.225247 0.843770
-0.499969 0.011334 0.865969
-0.499396 0.049190 0.864976
-0.490073 0.198305 0.848825
-0.474127 0.317522 0.821208
0.000002 -1.000000 -0.000008
-0.584933 0.737434 0.337704
-0.843771 -0.225246 0.487150
-0.866027 -0.000000 0.499997
-0.843771 -0.225247 0.487149
-0.865970 0.011334 0.499968
-0.864978 0.049190 0.499393
-0.848827 0.198306 0.490069
-0.821211 0.317523 0.474122
-0.675417 0.737436 0.000006
-1.000000 -0.000000 -0.000001
-0.974302 -0.225246 -0.000000
-0.974302 -0.225246 -0.000002
-0.999936 0.011334 -0.000001
-0.998789 0.049190 -0.000001
-0.980140 0.198306 -0.000002
-0.948251 0.317521 -0.000001
0.000001 -1.000000 0.000010
-0.584929 0.737436 -0.337707
-0.843771 -0.225246 -0.487150
-0.866025 0.000000 -0.500000
-0.843770 -0.225247 -0.487152
-0.865970 0.011334 -0.499968
-0.864977 0.049191 -0.499395
-0.848827 0.198305 -0.490069
-0.821211 0.317518 -0.474125
0.000007 -1.000000 0.000006
-0.337709 0.737435 -0.584930
-0.500003 -0.000000 -0.866024
-0.487155 -0.225246 -0.843768
-0.487154 -0.225246 -0.843769
-0.499969 0.011334 -0.865969
-0.499398 0.049191 -0.864975
-0.490074 0.198305 -0.848824
-0.474129 0.317519 -0.821208
0.000000 -1.000000 0.000003
0.000000 0.737435 -0.675418
0.000000 -0.225246 -0.974302
0.000000 -0.000000 -1.000000
0.000000 -0.225246 -0.974302
-0.000000 0.011334 -0.999936
0.000000 0.049191 -0.998789
-0.000000 0.198306 -0.980140
0.000000 0.317519 -0.948252
-0.000007 -1.000000 0.000006
0.337709 0.737435 -0.584930
0.500003 -0.000000 -0.866024
0.487155 -0.225246 -0.843768
0.487154 -0.225246 -0.843769
0.499969 0.011334 -0.865969
0.499398 0.049191 -0.864975
0.490074 0.198305 -0.848824
0.474129 0.317519 -0.821208
-0.000001 -1.000000 0.000010
0.584929 0.737436 -0.337707
0.843771 -0.225246 -0.487150
0.866025 0.000000 -0.500000
0.843770 -0.225247 -0.487152
0.865970 0.011334 -0.499968
0.864977 0.049191 -0.499395
0.848827 0.198305 -0.490069
0.821211 0.317518 -0.474125
0.965925 0.000000 -0.258821
0.942706 -0.217942 -0.252600
0.942706 -0.217942 -0.252600
0.965868 0.010948 -0.258804
0.964834 0.047518 -0.258528
0.947991 0.191801 -0.254017
0.919049 0.307741 -0.246261
168
0 0 1 2 0 1 2 2
0 3 4 5 3 4 5 2
0 6 7 8 6 7 8 1
0 6 8 9 6 8 9 1
0 7 10 8 7 10 8 1
0 10 11 8 10 11 8 1
0 10 12 13 10 12 13 1
0 10 13 11 10 13 11 1
0 12 14 13 12 14 13 1
0 14 15 13 14 15 13 1
0 14 16 17 14 16 17 1
0 14 17 15 14 17 15 1
0 16 3 17 16 18 17 1
0 3 18 17 18 19 17 1
0 1 19 2 1 20 2 2
0 5 4 20 5 4 21 2
0 9 8 21 9 8 22 1
0 8 22 21 8 23 22 1
0 8 11 23 8 11 24 1
0 8 23 22 8 24 23 1
0 11 13 23 11 13 24 1
0 13 24 23 13 25 24 1
0 13 15 25 13 15 26 1
0 13 25 24 13 26 25 1
0 15 17 25 15 17 26 1
0 17 26 25 17 27 26 1
0 17 18 27 17 19 28 1
0 17 27 26 17 28 27 1
0 19 28 2 20 29 2 2
0 20 4 29 21 4 30 2
0 21 22 30 22 23 31 1
0 21 30 31 22 31 32 1
0 22 23 30 23 24 31 1
0 23 32 30 24 33 31 1
0 23 24 33 24 25 34 1
0 23 33 32 24 34 33 1
0 24 25 33 25 26 34 1
0 25 34 33 26 35 34 1
0 25 26 35 26 27 36 1
0 25 35 34 26 36 35 1
0 26 27 35 27 28 36 1
0 27 36 35 28 37 36 1
0 28 37 2 29 38 2 2
0 29 4 38 30 4 39 2
0 31 30 39 32 31 40 1
0 30 40 39 31 41 40 1
0 30 32 41 31 33 42 1
0 30 41 40 31 42 41 1
0 32 33 41 33 34 42 1
0 33 42 41 34 43 42 1
0 33 34 43 34 35 44 1
0 33 43 42 34 44 43 1
0 34 35 43 35 36 44 1
0 35 44 43 36 45 44 1
0 35 36 45 36 37 46 1
0 35 45 44 36 46 45 1
0 37 46 2 38 47 2 2
0 38 4 47 39 4 48 2
0 39 40 48 40 41 49 1
0 39 48 49 40 49 50 1
0 40 41 48 41 42 49 1
0 41 50 48 42 51 49 1
0 41 42 51 42 43 52 1
0 41 51 50 42 52 51 1
0 42 43 51 43 44 52 1
0 43 52 51 44 53 52 1
0 43 44 53 44 45 54 1
0 43 53 52 44 54 53 1
0 44 45 53 45 46 54 1
0 45 54 53 46 55 54 1
0 46 55 2 47 0 2 2
0 47 4 56 48 4 56 2
0 49 48 57 50 49 57 1
0 48 58 57 49 58 57 1
0 48 50 59 49 51 59 1
0 48 59 58 49 59 58 1
0 50 51 59 51 52 59 1
0 51 60 59 52 60 59 1
0 51 52 61 52 53 61 1
0 51 61 60 52 61 60 1
0 52 53 61 53 54 61 1
0 53 62 61 54 62 61 1
0 53 54 63 54 55 63 1
0 53 63 62 54 63 62 1
0 55 64 2 0 64 2 2
0 56 4 65 56 4 65 2
0 57 58 66 57 58 66 1
0 57 66 67 57 66 67 1
0 58 59 66 58 59 66 1
0 59 68 66 59 68 66 1
0 59 60 69 59 60 69 1
0 59 69 68 59 69 68 1
0 60 61 69 60 61 69 1
0 61 70 69 61 70 69 1
0 61 62 71 61 62 71 1
0 61 71 70 61 71 70 1
0 62 63 71 62 63 71 1
0 63 72 71 63 72 71 1
0 64 73 2 64 73 2 2
0 65 4 74 65 4 74 2
0 67 66 75 67 66 75 1
0 66 76 75 66 76 75 1
0 66 68 77 66 68 77 1
0 66 77 76 66 77 76 1
0 68 69 77 68 69 77 1
0 69 78 77 69 78 77 1
0 69 70 79 69 70 79 1
0 69 79 78 69 79 78 1
0 70 71 79 70 71 79 1
0 71 80 79 71 80 79 1
0 71 72 81 71 72 81 1
0 71 81 80 71 81 80 1
0 73 82 2 73 82 2 2
0 74 4 83 74 4 83 2
0 75 76 84 75 76 84 1
0 75 84 85 75 84 85 1
0 76 77 84 76 77 84 1
0 77 86 84 77 86 84 1
0 77 78 87 77 78 87 1
0 77 87 86 77 87 86 1
0 78 79 87 78 79 87 1
0 79 88 87 79 88 87 1
0 79 80 89 79 80 89 1
0 79 89 88 79 89 88 1
0 80 81 89 80 81 89 1
0 81 90 89 81 90 89 1
0 82 91 2 82 91 2 2
0 83 4 92 83 4 92 2
0 85 84 93 85 84 93 1
0 84 94 93 84 94 93 1
0 84 86 95 84 86 95 1
0 84 95 94 84 95 94 1
0 86 87 95 86 87 95 1
0 87 96 95 87 96 95 1
0 87 88 97 87 88 97 1
0 87 97 96 87 97 96 1
0 88 89 97 88 89 97 1
0 89 98 97 89 98 97 1
0 89 90 99 89 90 99 1
0 89 99 98 89 99 98 1
0 91 100 2 91 100 2 2
0 92 4 101 92 4 101 2
0 93 94 102 93 94 102 1
0 93 102 103 93 102 103 1
0 94 95 102 94 95 102 1
0 95 104 102 95 104 102 1
0 95 96 105 95 96 105 1
0 95 105 104 95 105 104 1
0 96 97 105 96 97 105 1
0 97 106 105 97 106 105 1
0 97 98 107 97 98 107 1
0 97 107 106 97 107 106 1
0 98 99 107 98 99 107 1
0 99 108 107 99 108 107 1
0 100 0 2 100 0 2 2
0 101 4 3 101 4 3 2
0 103 102 109 103 102 109 1
0 102 110 109 102 110 109 1
0 102 104 111 102 104 111 1
0 102 111 110 102 111 110 1
0 104 105 111 104 105 111 1
0 105 112 111 105 112 111 1
0 105 106 113 105 106 113 1
0 105 113 112 105 113 112 1
0 106 107 113 106 107 113 1
0 107 114 113 107 114 113 1
0 107 108 115 107 108 115 1
0 107 115 114 107 115 114 1
"Duplicate01" 1 1
39
1 1.953766 8.379759 -0.032300 0.000000 0.000000 -1
1 1.692011 8.379755 0.944586 0.000000 0.000000 -1
1 0.000000 8.379759 -0.032300 0.000000 0.000000 -1
1 1.953766 8.379759 -0.032300 0.000000 1.000000 -1
1 1.953766 14.988171 -0.032292 0.000000 0.833333 -1
1 1.692011 14.988171 0.944588 0.083333 0.833333 -1
1 1.692011 8.379755 0.944586 0.083333 1.000000 -1
1 0.976883 8.379757 1.659719 0.000000 0.000000 -1
1 0.976883 8.379757 1.659719 0.166667 1.000000 -1
1 0.976883 14.988171 1.659721 0.166667 0.833333 -1
1 0.000000 8.379759 1.921457 0.000000 0.000000 -1
1 0.000000 14.988171 1.921474 0.250000 0.833333 -1
1 0.000000 8.379759 1.921457 0.250000 1.000000 -1
1 -0.976883 8.379757 1.659719 0.000000 0.000000 -1
1 -0.976883 8.379757 1.659719 0.333333 1.000000 -1
1 -0.976883 14.988171 1.659721 0.333333 0.833333 -1
1 -1.692011 8.379755 0.944586 0.000000 0.000000 -1
1 -1.692011 14.988171 0.944588 0.416667 0.833333 -1
1 -1.692011 8.379755 0.944586 0.416667 1.000000 -1
1 -1.953766 8.379759 -0.032300 0.000000 0.000000 -1
1 -1.953766 8.379759 -0.032300 0.500000 1.000000 -1
1 -1.953766 14.988171 -0.032292 0.500000 0.833333 -1
1 -1.692011 8.379755 -1.009172 0.000000 0.000000 -1
1 -1.692011 14.988171 -1.009171 0.583333 0.833333 -1
1 -1.692011 8.379755 -1.009172 0.583333 1.000000 -1
1 -0.976883 8.379755 -1.724302 0.000000 0.000000 -1
1 -0.976883 8.379755 -1.724302 0.666667 1.000000 -1
1 -0.976883 14.988171 -1.724305 0.666667 0.833333 -1
1 0.000000 8.379759 -1.986063 0.000000 0.000000 -1
1 0.000000 14.988171 -1.986065 0.750000 0.833333 -1
1 0.000000 8.379759 -1.986063 0.750000 1.000000 -1
1 0.976883 8.379755 -1.724302 0.000000 0.000000 -1
1 0.976883 8.379755 -1.724302 0.833333 1.000000 -1
1 0.976883 14.988171 -1.724305 0.833333 0.833333 -1
1 1.692011 8.379755 -1.009172 0.000000 0.000000 -1
1 1.692011 14.988171 -1.009171 0.916667 0.833333 -1
1 1.692011 8.379755 -1.009172 0.916667 1.000000 -1
1 1.953766 8.379759 -0.032300 1.000000 1.000000 -1
1 1.953766 14.988171 -0.032292 1.000000 0.833333 -1
37
0.000000 -1.000000 0.000000
-0.000001 -1.000000 -0.000002
0.000000 -1.000000 0.000000
0.965926 -0.000000 0.258819
0.965926 -0.000000 0.258820
0.866026 -0.000000 0.499998
0.866026 -0.000000 0.499998
-0.000002 -1.000000 0.000000
0.499998 -0.000001 0.866027
0.500001 -0.000000 0.866025
0.000000 -1.000000 0.000000
-0.000000 -0.000001 1.000000
0.000000 -0.000003 1.000000
0.000002 -1.000000 0.000000
-0.499998 -0.000001 0.866027
-0.500001 -0.000000 0.866025
0.000001 -1.000000 -0.000002
-0.866026 -0.000000 0.499998
-0.866026 -0.000000 0.499998
-1.000000 -0.000000 -0.000001
-1.000000 0.000000 -0.000000
0.000001 -1.000000 0.000003
-0.866026 0.000000 -0.500000
-0.866025 0.000000 -0.500001
0.000003 -1.000000 0.000001
-0.500004 -0.000000 -0.866023
-0.500004 -0.000000 -0.866023
0.000000 -0.000000 -1.000000
0.000000 -0.000000 -1.000000
-0.000003 -1.000000 0.000001
0.500004 -0.000000 -0.866023
0.500004 -0.000000 -0.866023
-0.000001 -1.000000 0.000003
0.866026 0.000000 -0.500000
0.866025 0.000000 -0.500001
0.965925 0.000000 -0.258821
0.965926 0.000000 -0.258820
36
1 0 1 2 0 1 2 2
1 3 4 5 3 4 5 1
1 3 5 6 3 5 6 1
1 1 7 2 1 7 2 2
1 6 5 8 6 5 8 1
1 5 9 8 5 9 8 1
1 7 10 2 7 10 2 2
1 8 9 11 8 9 11 1
1 8 11 12 8 11 12 1
1 10 13 2 10 13 2 2
1 12 11 14 12 11 14 1
1 11 15 14 11 15 14 1
1 13 16 2 13 16 2 2
1 14 15 17 14 15 17 1
1 14 17 18 14 17 18 1
1 16 19 2 16 0 2 2
1 18 17 20 18 17 19 1
1 17 21 20 17 20 19 1
1 19 22 2 0 21 2 2
1 20 21 23 19 20 22 1
1 20 23 24 19 22 23 1
1 22 25 2 21 24 2 2
1 24 23 26 23 22 25 1
1 23 27 26 22 26 25 1
1 25 28 2 24 10 2 2
1 26 27 29 25 26 27 1
1 26 29 30 25 27 28 1
1 28 31 2 10 29 2 2
1 30 29 32 28 27 30 1
1 29 33 32 27 31 30 1
1 31 34 2 29 32 2 2
1 32 33 35 30 31 33 1
1 32 35 36 30 33 34 1
1 34 0 2 32 0 2 2
1 36 35 37 34 33 35 1
1 35 38 37 33 36 35 1
"Duplicate02" 1 1
39
1 1.953766 0.046422 -0.032301 0.000000 0.000000 -1
1 1.692011 0.046418 0.944585 0.000000 0.000000 -1
1 0.000000 0.046422 -0.032301 0.000000 0.000000 -1
1 1.953766 0.046422 -0.032301 0.000000 1.000000 -1
1 1.953766 6.654836 -0.032293 0.000000 0.833333 -1
1 1.692011 6.654838 0.944586 0.083333 0.833333 -1
1 1.692011 0.046418 0.944585 0.083333 1.000000 -1
1 0.976883 0.046422 1.659719 0.000000 0.000000 -1
1 0.976883 0.046422 1.659719 0.166667 1.000000 -1
1 0.976883 6.654838 1.659719 0.166667 0.833333 -1
1 0.000000 0.046422 1.921457 0.000000 0.000000 -1
1 0.000000 6.654838 1.921473 0.250000 0.833333 -1
1 0.000000 0.046422 1.921457 0.250000 1.000000 -1
1 -0.976883 0.046422 1.659719 0.000000 0.000000 -1
1 -0.976883 0.046422 1.659719 0.333333 1.000000 -1
1 -0.976883 6.654838 1.659719 0.333333 0.833333 -1
1 -1.692011 0.046418 0.944585 0.000000 0.000000 -1
1 -1.692011 6.654838 0.944586 0.416667 0.833333 -1
1 -1.692011 0.046418 0.944585 0.416667 1.000000 -1
1 -1.953766 0.046422 -0.032301 0.000000 0.000000 -1
1 -1.953766 0.046422 -0.032301 0.500000 1.000000 -1
1 -1.953766 6.654836 -0.032293 0.500000 0.833333 -1
1 -1.692011 0.046418 -1.009173 0.000000 0.000000 -1
1 -1.692011 6.654838 -1.009172 0.583333 0.833333 -1
1 -1.692011 0.046418 -1.009173 0.583333 1.000000 -1
1 -0.976883 0.046418 -1.724303 0.000000 0.000000 -1
1 -0.976883 0.046418 -1.724303 0.666667 1.000000 -1
1 -0.976883 6.654838 -1.724306 0.666667 0.833333 -1
1 0.000000 0.046422 -1.986063 0.000000 0.000000 -1
1 0.000000 6.654838 -1.986067 0.750000 0.833333 -1
1 0.000000 0.046422 -1.986063 0.750000 1.000000 -1
1 0.976883 0.046418 -1.724303 0.000000 0.000000 -1
1 0.976883 0.046418 -1.724303 0.833333 1.000000 -1
1 0.976883 6.654838 -1.724306 0.833333 0.833333 -1
1 1.692011 0.046418 -1.009173 0.000000 0.000000 -1
1 1.692011 6.654838 -1.009172 0.916667 0.833333 -1
1 1.692011 0.046418 -1.009173 0.916667 1.000000 -1
1 1.953766 0.046422 -0.032301 1.000000 1.000000 -1
1 1.953766 6.654836 -0.032293 1.000000 0.833333 -1
37
0.000000 -1.000000 0.000000
-0.000002 -1.000000 -0.000001
0.000000 -1.000000 0.000001
0.965926 -0.000000 0.258819
0.965926 -0.000000 0.258820
0.866026 -0.000000 0.499998
0.866027 -0.000000 0.499998
-0.000002 -1.000000 0.000001
0.499998 -0.000001 0.866027
0.500001 0.000000 0.866025
0.000000 -1.000000 0.000000
-0.000000 -0.000001 1.000000
0.000000 -0.000002 1.000000
0.000002 -1.000000 0.000001
-0.499998 -0.000001 0.866027
-0.500001 0.000000 0.866025
0.000002 -1.000000 -0.000001
-0.866026 -0.000000 0.499998
-0.866027 -0.000000 0.499998
-1.000000 0.000000 -0.000001
-1.000000 0.000000 0.000000
0.000001 -1.000000 0.000003
-0.866026 0.000000 -0.500000
-0.866025 0.000000 -0.500001
0.000003 -1.000000 0.000001
-0.500004 -0.000000 -0.866023
-0.500004 -0.000000 -0.866023
0.000000 -0.000001 -1.000000
0.000000 -0.000001 -1.000000
-0.000003 -1.000000 0.000001
0.500003 -0.000000 -0.866023
0.500004 -0.000000 -0.866023
-0.000001 -1.000000 0.000003
0.866026 0.000000 -0.500000
0.866025 0.000000 -0.500001
0.965925 0.000000 -0.258821
0.965926 0.000000 -0.258820
36
1 0 1 2 0 1 2 2
1 3 4 5 3 4 5 1
1 3 5 6 3 5 6 1
1 1 7 2 1 7 2 2
1 6 5 8 6 5 8 1
1 5 9 8 5 9 8 1
1 7 10 2 7 10 2 2
1 8 9 11 8 9 11 1
1 8 11 12 8 11 12 1
1 10 13 2 10 13 2 2
1 12 11 14 12 11 14 1
1 11 15 14 11 15 14 1
1 13 16 2 13 16 2 2
1 14 15 17 14 15 17 1
1 14 17 18 14 17 18 1
1 16 19 2 16 0 2 2
1 18 17 20 18 17 19 1
1 17 21 20 17 20 19 1
1 19 22 2 0 21 2 2
1 20 21 23 19 20 22 1
1 20 23 24 19 22 23 1
1 22 25 2 21 24 2 2
1 24 23 26 23 22 25 1
1 23 27 26 22 26 25 1
1 25 28 2 24 10 2 2
1 26 27 29 25 26 27 1
1 26 29 30 25 27 28 1
1 28 31 2 10 29 2 2
1 30 29 32 28 27 30 1
1 29 33 32 27 31 30 1
1 31 34 2 29 32 2 2
1 32 33 35 30 31 33 1
1 32 35 36 30 33 34 1
1 34 0 2 32 0 2 2
1 36 35 37 34 33 35 1
1 35 38 37 33 36 35 1
"Regroup01" 1 1
160
1 0.677561 5.698020 1.207647 0.000000 0.000000 -1
1 2.013204 5.698020 2.543291 0.000000 1.000000 -1
1 1.054259 5.698020 0.830950 1.000000 0.000000 -1
1 2.389903 5.698020 2.166593 1.000000 1.000000 -1
1 1.054259 5.698020 0.830950 0.000000 0.000000 -1
1 2.389903 5.698020 2.166593 0.000000 1.000000 -1
1 1.054259 0.809127 0.830949 1.000000 0.000000 -1
1 2.389903 0.809127 2.166593 1.000000 1.000000 -1
1 1.054259 0.809127 0.830949 0.000000 0.000000 -1
1 2.389903 0.809127 2.166593 0.000000 1.000000 -1
1 0.677561 0.809127 1.207647 1.000000 0.000000 -1
1 2.013204 0.809127 2.543290 1.000000 1.000000 -1
1 0.677561 0.809127 1.207647 0.000000 0.000000 -1
1 2.013204 0.809127 2.543290 0.000000 1.000000 -1
1 0.677561 5.698020 1.207647 1.000000 0.000000 -1
1 2.013204 5.698020 2.543291 1.000000 1.000000 -1
1 0.677561 5.698020 1.207647 0.000000 1.000000 -1
1 1.054259 5.698020 0.830950 1.000000 1.000000 -1
1 2.013204 5.698020 2.543291 0.000000 0.000000 -1
1 2.389903 5.698020 2.166593 1.000000 0.000000 -1
1 1.054259 9.271919 0.830951 1.000000 0.000000 -1
1 2.013204 9.271919 2.543292 0.000000 1.000000 -1
1 0.677561 9.271919 1.207648 0.000000 0.000000 -1
1 2.389903 9.271919 2.166595 1.000000 1.000000 -1
1 1.054259 14.160809 0.830951 1.000000 0.000000 -1
1 2.389903 9.271919 2.166595 0.000000 1.000000 -1
1 1.054259 9.271919 0.830951 0.000000 0.000000 -1
1 2.389903 14.160809 2.166595 1.000000 1.000000 -1
1 0.677561 14.160809 1.207649 1.000000 0.000000 -1
1 2.389903 14.160809 2.166595 0.000000 1.000000 -1
1 1.054259 14.160809 0.830951 0.000000 0.000000 -1
1 2.013204 14.160809 2.543293 1.000000 1.000000 -1
1 0.677561 9.271919 1.207648 1.000000 0.000000 -1
1 2.013204 14.160809 2.543293 0.000000 1.000000 -1
1 0.677561 14.160809 1.207649 0.000000 0.000000 -1
1 2.013204 9.271919 2.543292 1.000000 1.000000 -1
1 0.677561 9.271919 1.207648 0.000000 1.000000 -1
1 1.054259 9.271919 0.830951 1.000000 1.000000 -1
1 2.389903 9.271919 2.166595 1.000000 0.000000 -1
1 2.013204 9.271919 2.543292 0.000000 0.000000 -1
1 -0.677603 5.698020 -0.900911 1.000000 0.000000 -1
1 -2.389945 5.698020 -1.859858 0.000000 1.000000 -1
1 -1.054301 5.698020 -0.524213 0.000000 0.000000 -1
1 -2.013247 5.698020 -2.236556 1.000000 1.000000 -1
1 -0.677603 0.809127 -0.900912 1.000000 0.000000 -1
1 -2.013247 5.698020 -2.236556 0.000000 1.000000 -1
1 -0.677603 5.698020 -0.900911 0.000000 0.000000 -1
1 -2.013247 0.809127 -2.236556 1.000000 1.000000 -1
1 -1.054301 0.809127 -0.524214 1.000000 0.000000 -1
1 -2.013247 0.809127 -2.236556 0.000000 1.000000 -1
1 -0.677603 0.809127 -0.900912 0.000000 0.000000 -1
1 -2.389945 0.809127 -1.859858 1.000000 1.000000 -1
1 -1.054301 5.698020 -0.524213 1.000000 0.000000 -1
1 -2.389945 0.809127 -1.859858 0.000000 1.000000 -1
1 -1.054301 0.809127 -0.524214 0.000000 0.000000 -1
1 -2.389945 5.698020 -1.859858 1.000000 1.000000 -1
1 -1.054301 5.698020 -0.524213 0.000000 1.000000 -1
1 -0.677603 5.698020 -0.900911 1.000000 1.000000 -1
1 -2.013247 5.698020 -2.236556 1.000000 0.000000 -1
1 -2.389945 5.698020 -1.859858 0.000000 0.000000 -1
1 -1.054301 9.271919 -0.524213 0.000000 0.000000 -1
1 -2.389945 9.271919 -1.859857 0.000000 1.000000 -1
1 -0.677603 9.271919 -0.900910 1.000000 0.000000 -1
1 -2.013247 9.271919 -2.236555 1.000000 1.000000 -1
1 -0.677603 9.271919 -0.900910 0.000000 0.000000 -1
1 -2.013247 9.271919 -2.236555 0.000000 1.000000 -1
1 -0.677603 14.160809 -0.900910 1.000000 0.000000 -1
1 -2.013247 14.160809 -2.236554 1.000000 1.000000 -1
1 -0.677603 14.160809 -0.900910 0.000000 0.000000 -1
1 -2.013247 14.160809 -2.236554 0.000000 1.000000 -1
1 -1.054301 14.160809 -0.524212 1.000000 0.000000 -1
1 -2.389945 14.160809 -1.859856 1.000000 1.000000 -1
1 -1.054301 14.160809 -0.524212 0.000000 0.000000 -1
1 -2.389945 14.160809 -1.859856 0.000000 1.000000 -1
1 -1.054301 9.271919 -0.524213 1.000000 0.000000 -1
1 -2.389945 9.271919 -1.859857 1.000000 1.000000 -1
1 -1.054301 9.271919 -0.524213 0.000000 1.000000 -1
1 -0.677603 9.271919 -0.900910 1.000000 1.000000 -1
1 -2.389945 9.271919 -1.859857 0.000000 0.000000 -1
1 -2.013247 9.271919 -2.236555 1.000000 0.000000 -1
1 1.054258 5.698020 -0.524206 0.000000 0.000000 -1
1 2.389902 5.698020 -1.859850 0.000000 1.000000 -1
1 0.677561 5.698020 -0.900903 1.000000 0.000000 -1
1 2.013205 5.698020 -2.236548 1.000000 1.000000 -1
1 0.677561 5.698020 -0.900903 0.000000 0.000000 -1
1 2.013205 5.698020 -2.236548 0.000000 1.000000 -1
1 0.677561 0.809127 -0.900904 1.000000 0.000000 -1
1 2.013205 0.809127 -2.236548 1.000000 1.000000 -1
1 0.677561 0.809127 -0.900904 0.000000 0.000000 -1
1 2.013205 0.809127 -2.236548 0.000000 1.000000 -1
1 1.054258 0.809127 -0.524207 1.000000 0.000000 -1
1 2.389902 0.809127 -1.859850 1.000000 1.000000 -1
1 1.054258 0.809127 -0.524207 0.000000 0.000000 -1
1 2.389902 0.809127 -1.859850 0.000000 1.000000 -1
1 1.054258 5.698020 -0.524206 1.000000 0.000000 -1
1 2.389902 5.698020 -1.859850 1.000000 1.000000 -1
1 1.054258 5.698020 -0.524206 0.000000 1.000000 -1
1 0.677561 5.698020 -0.900903 1.000000 1.000000 -1
1 2.389902 5.698020 -1.859850 0.000000 0.000000 -1
1 2.013205 5.698020 -2.236548 1.000000 0.000000 -1
1 0.677561 9.271919 -0.900903 1.000000 0.000000 -1
1 2.389902 9.271919 -1.859849 0.000000 1.000000 -1
1 1.054258 9.271919 -0.524205 0.000000 0.000000 -1
1 2.013205 9.271919 -2.236547 1.000000 1.000000 -1
1 0.677561 14.160809 -0.900902 1.000000 0.000000 -1
1 2.013205 9.271919 -2.236547 0.000000 1.000000 -1
1 0.677561 9.271919 -0.900903 0.000000 0.000000 -1
1 2.013205 14.160809 -2.236546 1.000000 1.000000 -1
1 1.054258 14.160809 -0.524205 1.000000 0.000000 -1
1 2.013205 14.160809 -2.236546 0.000000 1.000000 -1
1 0.677561 14.160809 -0.900902 0.000000 0.000000 -1
1 2.389902 14.160809 -1.859848 1.000000 1.000000 -1
1 1.054258 9.271919 -0.524205 1.000000 0.000000 -1
1 2.389902 14.160809 -1.859848 0.000000 1.000000 -1
1 1.054258 14.160809 -0.524205 0.000000 0.000000 -1
1 2.389902 9.271919 -1.859849 1.000000 1.000000 -1
1 1.054258 9.271919 -0.524205 0.000000 1.000000 -1
1 0.677561 9.271919 -0.900903 1.000000 1.000000 -1
1 2.013205 9.271919 -2.236547 1.000000 0.000000 -1
1 2.389902 9.271919 -1.859849 0.000000 0.000000 -1
1 -1.054301 5.698020 0.830958 1.000000 0.000000 -1
1 -2.013247 5.698020 2.543298 0.000000 1.000000 -1
1 -0.677603 5.698020 1.207655 0.000000 0.000000 -1
1 -2.389944 5.698020 2.166601 1.000000 1.000000 -1
1 -1.054301 0.809127 0.830957 1.000000 0.000000 -1
1 -2.389944 5.698020 2.166601 0.000000 1.000000 -1
1 -1.054301 5.698020 0.830958 0.000000 0.000000 -1
1 -2.389944 0.809127 2.166601 1.000000 1.000000 -1
1 -0.677603 0.809127 1.207654 1.000000 0.000000 -1
1 -2.389944 0.809127 2.166601 0.000000 1.000000 -1
1 -1.054301 0.809127 0.830957 0.000000 0.000000 -1
1 -2.013247 0.809127 2.543298 1.000000 1.000000 -1
1 -0.677603 5.698020 1.207655 1.000000 0.000000 -1
1 -2.013247 0.809127 2.543298 0.000000 1.000000 -1
1 -0.677603 0.809127 1.207654 0.000000 0.000000 -1
1 -2.013247 5.698020 2.543298 1.000000 1.000000 -1
1 -0.677603 5.698020 1.207655 0.000000 1.000000 -1
1 -1.054301 5.698020 0.830958 1.000000 1.000000 -1
1 -2.389944 5.698020 2.166601 1.000000 0.000000 -1
1 -2.013247 5.698020 2.543298 0.000000 0.000000 -1
1 -0.677603 9.271919 1.207656 0.000000 0.000000 -1
1 -2.013247 9.271919 2.543300 0.000000 1.000000 -1
1 -1.054301 9.271919 0.830958 1.000000 0.000000 -1
1 -2.389944 9.271919 2.166603 1.000000 1.000000 -1
1 -1.054301 9.271919 0.830958 0.000000 0.000000 -1
1 -2.389944 9.271919 2.166603 0.000000 1.000000 -1
1 -1.054301 14.160809 0.830959 1.000000 0.000000 -1
1 -2.389944 14.160809 2.166603 1.000000 1.000000 -1
1 -1.054301 14.160809 0.830959 0.000000 0.000000 -1
1 -2.389944 14.160809 2.166603 0.000000 1.000000 -1
1 -0.677603 14.160809 1.207657 1.000000 0.000000 -1
1 -2.013247 14.160809 2.543300 1.000000 1.000000 -1
1 -0.677603 14.160809 1.207657 0.000000 0.000000 -1
1 -2.013247 14.160809 2.543300 0.000000 1.000000 -1
1 -0.677603 9.271919 1.207656 1.000000 0.000000 -1
1 -2.013247 9.271919 2.543300 1.000000 1.000000 -1
1 -0.677603 9.271919 1.207656 0.000000 1.000000 -1
1 -1.054301 9.271919 0.830958 1.000000 1.000000 -1
1 -2.013247 9.271919 2.543300 0.000000 0.000000 -1
1 -2.389944 9.271919 2.166603 1.000000 0.000000 -1
71
0.000000 1.000000 0.000000
0.707106 0.000000 -0.707107
0.707107 0.000000 -0.707107
0.707107 0.000000 -0.707107
0.000000 -1.000000 0.000000
-0.707107 0.000000 0.707107
-0.707107 -0.000000 0.707107
-0.707107 -0.000000 0.707106
-0.707107 0.000000 -0.707107
-0.707106 0.000000 -0.707107
-0.707106 0.000000 -0.707108
0.707106 -0.000000 0.707108
0.707105 -0.000000 0.707108
0.707105 0.000000 0.707109
-0.707107 -0.000000 0.707107
-0.707106 0.000000 -0.707107
-0.707107 0.000000 -0.707107
-0.707106 0.000000 -0.707108
0.707105 -0.000000 0.707108
0.707105 -0.000000 0.707109
0.707106 0.000000 0.707108
0.707107 0.000000 -0.707107
0.707107 0.000000 -0.707106
0.707107 0.000000 -0.707107
-0.707107 -0.000000 0.707107
-0.707107 -0.000000 0.707107
-0.707107 0.000000 0.707107
0.707107 -0.000000 0.707107
0.707107 0.000000 -0.707106
0.707107 0.000000 -0.707107
0.707107 0.000000 -0.707107
-0.707107 -0.000000 0.707107
0.707107 -0.000000 0.707107
0.707106 -0.000000 0.707107
0.707106 0.000000 0.707108
-0.707107 0.000000 -0.707107
-0.707107 0.000000 -0.707107
-0.707107 0.000000 -0.707107
-0.707107 0.000000 -0.707107
-0.707107 0.000000 -0.707107
0.707106 -0.000000 0.707107
0.707107 -0.000000 0.707107
0.707107 0.000000 0.707107
-0.707107 -0.000000 0.707107
0.707108 0.000000 -0.707106
-0.707107 0.000000 -0.707107
0.707107 -0.000000 0.707107
0.707106 0.000000 0.707107
0.707107 -0.000000 0.707107
-0.707107 -0.000000 0.707106
-0.707107 0.000000 0.707107
-0.707108 -0.000000 0.707106
0.707108 0.000000 -0.707106
-0.707107 0.000000 -0.707107
-0.707107 0.000000 -0.707107
-0.707107 0.000000 -0.707107
0.707107 -0.000000 0.707107
0.707107 -0.000000 0.707107
0.707107 0.000000 0.707107
0.707106 0.000000 -0.707108
0.707106 0.000000 -0.707108
0.707106 0.000000 -0.707108
-0.707107 0.000000 0.707107
-0.707107 0.000000 -0.707106
-0.707107 0.000000 -0.707106
0.707106 -0.000000 0.707107
0.707107 -0.000000 0.707107
0.707107 0.000000 -0.707107
0.707107 0.000000 -0.707107
0.707107 0.000000 -0.707107
-0.707107 0.000000 0.707107
96
1 0 1 2 0 0 0 1
1 1 3 2 0 0 0 1
1 4 5 6 1 2 2 2
1 5 7 6 2 3 2 2
1 8 9 10 4 4 4 1
1 9 11 10 4 4 4 1
1 12 13 14 5 6 6 2
1 13 15 14 6 7 6 2
1 12 16 6 8 9 9 3
1 16 17 6 9 10 9 3
1 18 13 19 11 12 12 3
1 13 7 19 12 13 12 3
1 20 21 22 4 4 4 1
1 20 23 21 4 4 4 1
1 24 25 26 3 3 3 2
1 24 27 25 3 3 3 2
1 28 29 30 0 0 0 1
1 28 31 29 0 0 0 1
1 32 33 34 14 14 14 2
1 32 35 33 14 14 14 2
1 24 36 34 15 15 16 3
1 24 37 36 15 17 15 3
1 38 33 39 18 18 19 3
1 38 27 33 18 20 18 3
1 40 41 42 0 0 0 1
1 40 43 41 0 0 0 1
1 44 45 46 21 21 22 2
1 44 47 45 21 23 21 2
1 48 49 50 4 4 4 1
1 48 51 49 4 4 4 1
1 52 53 54 24 24 25 2
1 52 55 53 24 26 24 2
1 44 56 54 27 27 27 3
1 44 57 56 27 27 27 3
1 58 53 59 8 8 8 3
1 58 47 53 8 8 8 3
1 60 61 62 4 4 4 1
1 61 63 62 4 4 4 1
1 64 65 66 28 29 29 2
1 65 67 66 29 30 29 2
1 68 69 70 0 0 0 1
1 69 71 70 0 0 0 1
1 72 73 74 31 31 31 2
1 73 75 74 31 31 31 2
1 72 76 66 32 33 33 3
1 76 77 66 33 34 33 3
1 78 73 79 35 36 36 3
1 73 67 79 36 37 36 3
1 80 81 82 0 0 0 1
1 81 83 82 0 0 0 1
1 84 85 86 38 39 39 2
1 85 87 86 39 8 39 2
1 88 89 90 4 4 4 1
1 89 91 90 4 4 4 1
1 92 93 94 40 41 41 2
1 93 95 94 41 42 41 2
1 92 96 86 43 43 43 3
1 96 97 86 43 43 43 3
1 98 93 99 44 44 44 3
1 93 87 99 44 44 44 3
1 100 101 102 4 4 4 1
1 100 103 101 4 4 4 1
1 104 105 106 45 45 45 2
1 104 107 105 45 45 45 2
1 108 109 110 0 0 0 1
1 108 111 109 0 0 0 1
1 112 113 114 46 46 47 2
1 112 115 113 46 48 46 2
1 104 116 114 49 49 50 3
1 104 117 116 49 51 49 3
1 118 113 119 52 52 52 3
1 118 107 113 52 52 52 3
1 120 121 122 0 0 0 1
1 120 123 121 0 0 0 1
1 124 125 126 53 53 54 2
1 124 127 125 53 55 53 2
1 128 129 130 4 4 4 1
1 128 131 129 4 4 4 1
1 132 133 134 56 56 57 2
1 132 135 133 56 58 56 2
1 124 136 134 59 59 60 3
1 124 137 136 59 61 59 3
1 138 133 139 62 62 62 3
1 138 127 133 62 62 62 3
1 140 141 142 4 4 4 1
1 141 143 142 4 4 4 1
1 144 145 146 63 64 64 2
1 145 147 146 64 55 64 2
1 148 149 150 0 0 0 1
1 149 151 150 0 0 0 1
1 152 153 154 65 66 66 2
1 153 155 154 66 42 66 2
1 152 156 146 67 68 68 3
1 156 157 146 68 69 68 3
1 158 153 159 70 70 70 3
1 153 147 159 70 70 70 3

Materials: 2
"Material01"
0.200000 0.200000 0.200000 1.000000
0.501961 0.501961 0.501961 1.000000
0.000000 0.000000 0.000000 1.000000
0.000000 0.000000 0.000000 1.000000
0.000000
1.000000
"sphere_chrome.bmp"
""
"Material02"
0.250980 0.000000 0.000000 1.000000
1.000000 0.000000 0.000000 1.000000
0.000000 0.000000 0.000000 1.000000
0.000000 0.000000 0.000000 1.000000
0.000000
1.000000
"sphere_chrome.bmp"
""

Bones: 0
GroupComments: 0
MaterialComments: 0
BoneComments: 0
ModelComment: 0
