// MilkShape 3D ASCII

Frames: 30
Frame: 1

Meshes: 2
"Cylinder01" 1 1
104
1 7.625000 -43.250000 0.000000 0.000000 0.000000 -1
1 6.603444 -43.250000 3.812500 0.000000 0.000000 -1
1 0.000000 -43.250000 0.000000 0.000000 0.000000 -1
1 7.625000 -43.250000 0.000000 0.000000 1.000000 -1
1 6.862500 -41.437500 0.000000 0.000000 0.875000 -1
1 5.943099 -41.437500 3.431250 0.083333 0.875000 -1
1 6.603444 -43.250000 3.812500 0.083333 1.000000 -1
1 7.625000 -40.125000 0.000000 0.000000 0.750000 -1
1 6.603444 -40.125000 3.812500 0.083333 0.750000 -1
1 7.625000 -10.812500 0.000000 0.000000 0.625000 -1
1 6.603444 -10.812500 3.812500 0.083333 0.625000 -1
1 7.625000 6.500000 0.000000 0.000000 0.500000 -1
1 6.603444 6.500000 3.812500 0.083333 0.500000 -1
1 5.558624 10.277594 0.000000 0.000000 0.375000 -1
1 4.813910 10.277594 2.779312 0.083333 0.375000 -1
1 5.558624 20.159906 0.000000 0.000000 0.250000 -1
1 4.813910 20.159906 2.779312 0.083333 0.250000 -1
1 3.812500 -43.250000 6.603443 0.000000 0.000000 -1
1 3.812500 -43.250000 6.603443 0.166667 1.000000 -1
1 3.431250 -41.437500 5.943098 0.166667 0.875000 -1
1 3.812500 -40.125000 6.603443 0.166667 0.750000 -1
1 3.812500 -10.812500 6.603443 0.166667 0.625000 -1
1 3.812500 6.500000 6.603443 0.166667 0.500000 -1
1 2.779312 10.277594 4.813910 0.166667 0.375000 -1
1 2.779312 20.159906 4.813910 0.166667 0.250000 -1
1 0.000000 -43.250000 7.625000 0.000000 0.000000 -1
1 -0.000000 -41.437500 6.862499 0.250000 0.875000 -1
1 0.000000 -43.250000 7.625000 0.250000 1.000000 -1
1 0.000000 -40.125000 7.625000 0.250000 0.750000 -1
1 0.000000 -10.812500 7.625000 0.250000 0.625000 -1
1 0.000000 6.500000 7.625000 0.250000 0.500000 -1
1 0.000000 10.277594 5.558624 0.250000 0.375000 -1
1 0.000000 20.159906 5.558624 0.250000 0.250000 -1
1 -3.812500 -43.250000 6.603443 0.000000 0.000000 -1
1 -3.812500 -43.250000 6.603443 0.333333 1.000000 -1
1 -3.431250 -41.437500 5.943098 0.333333 0.875000 -1
1 -3.812500 -40.125000 6.603443 0.333333 0.750000 -1
1 -3.812500 -10.812500 6.603443 0.333333 0.625000 -1
1 -3.812500 6.500000 6.603443 0.333333 0.500000 -1
1 -2.779312 10.277594 4.813910 0.333333 0.375000 -1
1 -2.779312 20.159906 4.813910 0.333333 0.250000 -1
1 -6.603444 -43.250000 3.812500 0.000000 0.000000 -1
1 -5.943099 -41.437500 3.431250 0.416667 0.875000 -1
1 -6.603444 -43.250000 3.812500 0.416667 1.000000 -1
1 -6.603444 -40.125000 3.812500 0.416667 0.750000 -1
1 -6.603444 -10.812500 3.812500 0.416667 0.625000 -1
1 -6.603444 6.500000 3.812500 0.416667 0.500000 -1
1 -4.813910 10.277594 2.779312 0.416667 0.375000 -1
1 -4.813910 20.159906 2.779312 0.416667 0.250000 -1
1 -7.625000 -43.250000 0.000000 0.000000 0.000000 -1
1 -7.625000 -43.250000 0.000000 0.500000 1.000000 -1
1 -6.862500 -41.437500 0.000000 0.500000 0.875000 -1
1 -7.625000 -40.125000 0.000000 0.500000 0.750000 -1
1 -7.625000 -10.812500 0.000000 0.500000 0.625000 -1
1 -7.625000 6.500000 0.000000 0.500000 0.500000 -1
1 -5.558624 10.277594 0.000000 0.500000 0.375000 -1
1 -5.558624 20.159906 0.000000 0.500000 0.250000 -1
1 -6.603444 -43.250000 -3.812500 0.000000 0.000000 -1
1 -5.943099 -41.437500 -3.431250 0.583333 0.875000 -1
1 -6.603444 -43.250000 -3.812500 0.583333 1.000000 -1
1 -6.603444 -40.125000 -3.812500 0.583333 0.750000 -1
1 -6.603444 -10.812500 -3.812500 0.583333 0.625000 -1
1 -6.603444 6.500000 -3.812500 0.583333 0.500000 -1
1 -4.813910 10.277594 -2.779312 0.583333 0.375000 -1
1 -4.813910 20.159906 -2.779312 0.583333 0.250000 -1
1 -3.812500 -43.250000 -6.603444 0.000000 0.000000 -1
1 -3.812500 -43.250000 -6.603444 0.666667 1.000000 -1
1 -3.431250 -41.437500 -5.943099 0.666667 0.875000 -1
1 -3.812500 -40.125000 -6.603444 0.666667 0.750000 -1
1 -3.812500 -10.812500 -6.603444 0.666667 0.625000 -1
1 -3.812500 6.500000 -6.603444 0.666667 0.500000 -1
1 -2.779312 10.277594 -4.813910 0.666667 0.375000 -1
1 -2.779312 20.159906 -4.813910 0.666667 0.250000 -1
1 -0.000000 -43.250000 -7.625000 0.000000 0.000000 -1
1 -0.000000 -41.437500 -6.862500 0.750000 0.875000 -1
1 -0.000000 -43.250000 -7.625000 0.750000 1.000000 -1
1 -0.000000 -40.125000 -7.625000 0.750000 0.750000 -1
1 -0.000000 -10.812500 -7.625000 0.750000 0.625000 -1
1 -0.000000 6.500000 -7.625000 0.750000 0.500000 -1
1 0.000000 10.277594 -5.558624 0.750000 0.375000 -1
1 0.000000 20.159906 -5.558624 0.750000 0.250000 -1
1 3.812500 -43.250000 -6.603444 0.000000 0.000000 -1
1 3.812500 -43.250000 -6.603444 0.833333 1.000000 -1
1 3.431250 -41.437500 -5.943099 0.833333 0.875000 -1
1 3.812500 -40.125000 -6.603444 0.833333 0.750000 -1
1 3.812500 -10.812500 -6.603444 0.833333 0.625000 -1
1 3.812500 6.500000 -6.603444 0.833333 0.500000 -1
1 2.779312 10.277594 -4.813910 0.833333 0.375000 -1
1 2.779312 20.159906 -4.813910 0.833333 0.250000 -1
1 6.603444 -43.250000 -3.812500 0.000000 0.000000 -1
1 5.943099 -41.437500 -3.431250 0.916667 0.875000 -1
1 6.603444 -43.250000 -3.812500 0.916667 1.000000 -1
1 6.603444 -40.125000 -3.812500 0.916667 0.750000 -1
1 6.603444 -10.812500 -3.812500 0.916667 0.625000 -1
1 6.603444 6.500000 -3.812500 0.916667 0.500000 -1
1 4.813910 10.277594 -2.779312 0.916667 0.375000 -1
1 4.813910 20.159906 -2.779312 0.916667 0.250000 -1
1 7.625000 -43.250000 0.000000 1.000000 1.000000 -1
1 6.862500 -41.437500 0.000000 1.000000 0.875000 -1
1 7.625000 -40.125000 0.000000 1.000000 0.750000 -1
1 7.625000 -10.812500 0.000000 1.000000 0.625000 -1
1 7.625000 6.500000 0.000000 1.000000 0.500000 -1
1 5.558624 10.277594 0.000000 1.000000 0.375000 -1
1 5.558624 20.159906 0.000000 1.000000 0.250000 -1
84
0.000000 -1.000000 0.000000
0.921755 0.387773 0.000000
0.997895 -0.064858 0.000000
0.864202 -0.064858 0.498947
0.798263 0.387773 0.460878
0.965277 -0.261230 -0.000000
0.835954 -0.261230 0.482638
1.000000 0.000000 0.000000
0.866025 0.000000 0.500000
0.968599 0.248630 -0.000000
0.838831 0.248630 0.484299
0.968599 0.248630 0.000000
0.838831 0.248630 0.484299
0.997017 0.077183 0.000000
0.863442 0.077183 0.498509
0.460877 0.387773 0.798263
0.498947 -0.064858 0.864202
0.482638 -0.261230 0.835954
0.500000 0.000000 0.866025
0.484299 0.248630 0.838831
0.484299 0.248630 0.838831
0.498508 0.077183 0.863442
-0.000000 -0.064858 0.997895
0.000000 0.387773 0.921755
0.000000 -0.261230 0.965277
-0.000000 0.000000 1.000000
-0.000000 0.248630 0.968599
0.000000 0.248630 0.968599
0.000000 0.077183 0.997017
-0.460877 0.387773 0.798263
-0.498947 -0.064858 0.864202
-0.482638 -0.261230 0.835954
-0.500000 0.000000 0.866025
-0.484299 0.248630 0.838831
-0.484299 0.248630 0.838831
-0.498508 0.077183 0.863442
-0.864202 -0.064858 0.498947
-0.798263 0.387773 0.460878
-0.835954 -0.261230 0.482638
-0.866025 0.000000 0.500000
-0.838831 0.248630 0.484299
-0.863442 0.077183 0.498508
-0.921755 0.387773 0.000000
-0.997895 -0.064858 0.000000
-0.965277 -0.261230 -0.000000
-1.000000 0.000000 0.000000
-0.968599 0.248630 -0.000000
-0.968599 0.248630 0.000000
-0.997017 0.077183 0.000000
-0.864202 -0.064858 -0.498947
-0.798263 0.387773 -0.460877
-0.835954 -0.261230 -0.482638
-0.866025 0.000000 -0.500000
-0.838831 0.248630 -0.484299
-0.838831 0.248630 -0.484299
-0.863442 0.077183 -0.498509
-0.460877 0.387773 -0.798263
-0.498947 -0.064858 -0.864202
-0.482638 -0.261230 -0.835954
-0.500000 0.000000 -0.866025
-0.484299 0.248630 -0.838831
-0.484299 0.248630 -0.838831
-0.498508 0.077183 -0.863442
-0.000000 -0.064858 -0.997895
0.000000 0.387773 -0.921755
0.000000 -0.261230 -0.965277
0.000000 0.000000 -1.000000
0.000000 0.248630 -0.968599
0.000000 0.248630 -0.968599
-0.000000 0.077183 -0.997017
0.460877 0.387773 -0.798263
0.498947 -0.064858 -0.864202
0.482638 -0.261230 -0.835954
0.500000 0.000000 -0.866025
0.484299 0.248630 -0.838831
0.484299 0.248630 -0.838831
0.498508 0.077183 -0.863442
0.864202 -0.064858 -0.498947
0.798263 0.387773 -0.460877
0.835954 -0.261230 -0.482638
0.866025 0.000000 -0.500000
0.838831 0.248630 -0.484299
0.838831 0.248630 -0.484299
0.863442 0.077183 -0.498508
156
1 0 1 2 0 0 0 2
1 3 4 5 1 2 3 1
1 3 5 6 1 3 4 1
1 4 7 5 2 5 3 1
1 7 8 5 5 6 3 1
1 7 9 10 5 7 8 1
1 7 10 8 5 8 6 1
1 9 11 10 7 9 8 1
1 11 12 10 9 10 8 1
1 11 13 14 9 11 12 1
1 11 14 12 9 12 10 1
1 13 15 14 11 13 12 1
1 15 16 14 13 14 12 1
1 1 17 2 0 0 0 2
1 6 5 18 4 3 15 1
1 5 19 18 3 16 15 1
1 5 8 20 3 6 17 1
1 5 20 19 3 17 16 1
1 8 10 20 6 8 17 1
1 10 21 20 8 18 17 1
1 10 12 22 8 10 19 1
1 10 22 21 8 19 18 1
1 12 14 22 10 12 19 1
1 14 23 22 12 20 19 1
1 14 16 24 12 14 21 1
1 14 24 23 12 21 20 1
1 17 25 2 0 0 0 2
1 18 19 26 15 16 22 1
1 18 26 27 15 22 23 1
1 19 20 26 16 17 22 1
1 20 28 26 17 24 22 1
1 20 21 29 17 18 25 1
1 20 29 28 17 25 24 1
1 21 22 29 18 19 25 1
1 22 30 29 19 26 25 1
1 22 23 31 19 20 27 1
1 22 31 30 19 27 26 1
1 23 24 31 20 21 27 1
1 24 32 31 21 28 27 1
1 25 33 2 0 0 0 2
1 27 26 34 23 22 29 1
1 26 35 34 22 30 29 1
1 26 28 36 22 24 31 1
1 26 36 35 22 31 30 1
1 28 29 36 24 25 31 1
1 29 37 36 25 32 31 1
1 29 30 38 25 26 33 1
1 29 38 37 25 33 32 1
1 30 31 38 26 27 33 1
1 31 39 38 27 34 33 1
1 31 32 40 27 28 35 1
1 31 40 39 27 35 34 1
1 33 41 2 0 0 0 2
1 34 35 42 29 30 36 1
1 34 42 43 29 36 37 1
1 35 36 42 30 31 36 1
1 36 44 42 31 38 36 1
1 36 37 45 31 32 39 1
1 36 45 44 31 39 38 1
1 37 38 45 32 33 39 1
1 38 46 45 33 40 39 1
1 38 39 47 33 34 40 1
1 38 47 46 33 40 40 1
1 39 40 47 34 35 40 1
1 40 48 47 35 41 40 1
1 41 49 2 0 0 0 2
1 43 42 50 37 36 42 1
1 42 51 50 36 43 42 1
1 42 44 52 36 38 44 1
1 42 52 51 36 44 43 1
1 44 45 52 38 39 44 1
1 45 53 52 39 45 44 1
1 45 46 54 39 40 46 1
1 45 54 53 39 46 45 1
1 46 47 54 40 40 46 1
1 47 55 54 40 47 46 1
1 47 48 56 40 41 48 1
1 47 56 55 40 48 47 1
1 49 57 2 0 0 0 2
1 50 51 58 42 43 49 1
1 50 58 59 42 49 50 1
1 51 52 58 43 44 49 1
1 52 60 58 44 51 49 1
1 52 53 61 44 45 52 1
1 52 61 60 44 52 51 1
1 53 54 61 45 46 52 1
1 54 62 61 46 53 52 1
1 54 55 63 46 47 54 1
1 54 63 62 46 54 53 1
1 55 56 63 47 48 54 1
1 56 64 63 48 55 54 1
1 57 65 2 0 0 0 2
1 59 58 66 50 49 56 1
1 58 67 66 49 57 56 1
1 58 60 68 49 51 58 1
1 58 68 67 49 58 57 1
1 60 61 68 51 52 58 1
1 61 69 68 52 59 58 1
1 61 62 70 52 53 60 1
1 61 70 69 52 60 59 1
1 62 63 70 53 54 60 1
1 63 71 70 54 61 60 1
1 63 64 72 54 55 62 1
1 63 72 71 54 62 61 1
1 65 73 2 0 0 0 2
1 66 67 74 56 57 63 1
1 66 74 75 56 63 64 1
1 67 68 74 57 58 63 1
1 68 76 74 58 65 63 1
1 68 69 77 58 59 66 1
1 68 77 76 58 66 65 1
1 69 70 77 59 60 66 1
1 70 78 77 60 67 66 1
1 70 71 79 60 61 68 1
1 70 79 78 60 68 67 1
1 71 72 79 61 62 68 1
1 72 80 79 62 69 68 1
1 73 81 2 0 0 0 2
1 75 74 82 64 63 70 1
1 74 83 82 63 71 70 1
1 74 76 84 63 65 72 1
1 74 84 83 63 72 71 1
1 76 77 84 65 66 72 1
1 77 85 84 66 73 72 1
1 77 78 86 66 67 74 1
1 77 86 85 66 74 73 1
1 78 79 86 67 68 74 1
1 79 87 86 68 75 74 1
1 79 80 88 68 69 76 1
1 79 88 87 68 76 75 1
1 81 89 2 0 0 0 2
1 82 83 90 70 71 77 1
1 82 90 91 70 77 78 1
1 83 84 90 71 72 77 1
1 84 92 90 72 79 77 1
1 84 85 93 72 73 80 1
1 84 93 92 72 80 79 1
1 85 86 93 73 74 80 1
1 86 94 93 74 81 80 1
1 86 87 95 74 75 82 1
1 86 95 94 74 82 81 1
1 87 88 95 75 76 82 1
1 88 96 95 76 83 82 1
1 89 0 2 0 0 0 2
1 91 90 97 78 77 1 1
1 90 98 97 77 2 1 1
1 90 92 99 77 79 5 1
1 90 99 98 77 5 2 1
1 92 93 99 79 80 5 1
1 93 100 99 80 7 5 1
1 93 94 101 80 81 9 1
1 93 101 100 80 9 7 1
1 94 95 101 81 82 9 1
1 95 102 101 82 11 9 1
1 95 96 103 82 83 13 1
1 95 103 102 82 13 11 1
"Duplicate01" 0 0
39
0 -0.000000 43.250000 0.000000 0.000000 0.000000 -1
0 5.558624 20.159906 0.000000 0.000000 0.250000 -1
0 3.647013 32.437500 0.000000 0.000000 0.125000 -1
0 3.158406 32.437500 1.823506 0.083333 0.125000 -1
0 4.813910 20.159906 2.779312 0.083333 0.250000 -1
0 -0.000000 43.250000 0.000000 0.083333 0.000000 -1
0 2.779312 20.159906 4.813910 0.166667 0.250000 -1
0 1.823507 32.437500 3.158405 0.166667 0.125000 -1
0 -0.000000 43.250000 0.000000 0.166667 0.000000 -1
0 -0.000000 32.437500 3.647013 0.250000 0.125000 -1
0 0.000000 20.159906 5.558624 0.250000 0.250000 -1
0 -0.000000 43.250000 0.000000 0.250000 0.000000 -1
0 -2.779312 20.159906 4.813910 0.333333 0.250000 -1
0 -1.823507 32.437500 3.158405 0.333333 0.125000 -1
0 -0.000000 43.250000 0.000000 0.333333 0.000000 -1
0 -3.158406 32.437500 1.823506 0.416667 0.125000 -1
0 -4.813910 20.159906 2.779312 0.416667 0.250000 -1
0 -0.000000 43.250000 0.000000 0.416667 0.000000 -1
0 -5.558624 20.159906 0.000000 0.500000 0.250000 -1
0 -3.647013 32.437500 0.000000 0.500000 0.125000 -1
0 -0.000000 43.250000 0.000000 0.500000 0.000000 -1
0 -3.158406 32.437500 -1.823507 0.583333 0.125000 -1
0 -4.813910 20.159906 -2.779312 0.583333 0.250000 -1
0 -0.000000 43.250000 0.000000 0.583333 0.000000 -1
0 -2.779312 20.159906 -4.813910 0.666667 0.250000 -1
0 -1.823507 32.437500 -3.158406 0.666667 0.125000 -1
0 -0.000000 43.250000 0.000000 0.666667 0.000000 -1
0 -0.000000 32.437500 -3.647013 0.750000 0.125000 -1
0 0.000000 20.159906 -5.558624 0.750000 0.250000 -1
0 -0.000000 43.250000 0.000000 0.750000 0.000000 -1
0 2.779312 20.159906 -4.813910 0.833333 0.250000 -1
0 1.823507 32.437500 -3.158406 0.833333 0.125000 -1
0 -0.000000 43.250000 0.000000 0.833333 0.000000 -1
0 3.158406 32.437500 -1.823507 0.916667 0.125000 -1
0 4.813910 20.159906 -2.779312 0.916667 0.250000 -1
0 -0.000000 43.250000 0.000000 0.916667 0.000000 -1
0 5.558624 20.159906 0.000000 1.000000 0.250000 -1
0 3.647013 32.437500 0.000000 1.000000 0.125000 -1
0 -0.000000 43.250000 0.000000 1.000000 0.000000 -1
31
0.000000 0.000000 0.000000
0.997017 0.077183 0.000000
0.971338 0.237702 0.000000
0.846737 0.209877 0.488864
0.863442 0.077183 0.498509
0.947551 0.319605 0.000000
0.498508 0.077183 0.863442
0.485669 0.237702 0.841204
0.473775 0.319605 0.820603
-0.000000 0.209877 0.977728
0.000000 0.077183 0.997017
-0.498508 0.077183 0.863442
-0.485669 0.237702 0.841204
-0.473775 0.319605 0.820603
-0.846737 0.209877 0.488864
-0.863442 0.077183 0.498508
-0.997017 0.077183 0.000000
-0.971338 0.237702 0.000000
-0.947551 0.319605 0.000000
-0.846737 0.209877 -0.488864
-0.863442 0.077183 -0.498509
-0.498508 0.077183 -0.863442
-0.485669 0.237702 -0.841204
-0.473775 0.319605 -0.820603
0.000000 0.209877 -0.977728
-0.000000 0.077183 -0.997017
0.498508 0.077183 -0.863442
0.485669 0.237702 -0.841204
0.473775 0.319605 -0.820603
0.846737 0.209877 -0.488864
0.863442 0.077183 -0.498508
60
0 0 0 0 0 0 0 2
0 1 2 3 1 2 3 1
0 1 3 4 1 3 4 1
0 2 0 3 2 5 3 1
0 0 5 3 5 0 3 1
0 0 0 0 0 0 0 2
0 4 3 6 4 3 6 1
0 3 7 6 3 7 6 1
0 3 5 8 3 0 8 1
0 3 8 7 3 8 7 1
0 0 0 0 0 0 0 2
0 6 7 9 6 7 9 1
0 6 9 10 6 9 10 1
0 7 8 9 7 8 9 1
0 8 11 9 8 0 9 1
0 0 0 0 0 0 0 2
0 10 9 12 10 9 11 1
0 9 13 12 9 12 11 1
0 9 11 14 9 0 13 1
0 9 14 13 9 13 12 1
0 0 0 0 0 0 0 2
0 12 13 15 11 12 14 1
0 12 15 16 11 14 15 1
0 13 14 15 12 13 14 1
0 14 17 15 13 0 14 1
0 0 0 0 0 0 0 2
0 16 15 18 15 14 16 1
0 15 19 18 14 17 16 1
0 15 17 20 14 0 18 1
0 15 20 19 14 18 17 1
0 0 0 0 0 0 0 2
0 18 19 21 16 17 19 1
0 18 21 22 16 19 20 1
0 19 20 21 17 18 19 1
0 20 23 21 18 0 19 1
0 0 0 0 0 0 0 2
0 22 21 24 20 19 21 1
0 21 25 24 19 22 21 1
0 21 23 26 19 0 23 1
0 21 26 25 19 23 22 1
0 0 0 0 0 0 0 2
0 24 25 27 21 22 24 1
0 24 27 28 21 24 25 1
0 25 26 27 22 23 24 1
0 26 29 27 23 0 24 1
0 0 0 0 0 0 0 2
0 28 27 30 25 24 26 1
0 27 31 30 24 27 26 1
0 27 29 32 24 0 28 1
0 27 32 31 24 28 27 1
0 0 0 0 0 0 0 2
0 30 31 33 26 27 29 1
0 30 33 34 26 29 30 1
0 31 32 33 27 28 29 1
0 32 35 33 28 0 29 1
0 0 0 0 0 0 0 2
0 34 33 36 30 29 1 1
0 33 37 36 29 2 1 1
0 33 35 38 29 0 5 1
0 33 38 37 29 5 2 1

Materials: 2
"Material01"
0.200000 0.200000 0.200000 1.000000
1.000000 0.000000 0.000000 1.000000
0.000000 0.000000 0.000000 1.000000
0.235294 0.235294 0.235294 1.000000
0.000000
1.000000
"sphere_cball.bmp"
""
"Material02"
0.200000 0.200000 0.200000 1.000000
1.000000 0.501961 0.000000 1.000000
0.000000 0.000000 0.000000 1.000000
0.247059 0.247059 0.247059 1.000000
0.000000
1.000000
"sphere_chrome.bmp"
""

Bones: 0
GroupComments: 0
MaterialComments: 0
BoneComments: 0
ModelComment: 0
