// MilkShape 3D ASCII

Frames: 30
Frame: 1

Meshes: 6
"Cylinder02" 0 0
39
0 2.823326 -27.500000 -0.000000 0.000000 0.000000 -1
0 2.445072 -27.500000 1.411663 0.000000 0.000000 -1
0 0.000000 -25.500000 -0.000000 0.000000 0.000000 -1
0 2.823326 -27.500000 -0.000000 0.000000 1.000000 -1
0 2.196043 25.472469 -0.000000 0.000000 0.500000 -1
0 1.901830 25.472469 1.166272 0.083333 0.500000 -1
0 2.445072 -27.500000 1.411663 0.083333 1.000000 -1
0 1.411663 -27.500000 2.445072 0.000000 0.000000 -1
0 1.411663 -27.500000 2.445072 0.166667 1.000000 -1
0 1.098022 25.472469 2.020042 0.166667 0.500000 -1
0 0.000000 -27.500000 2.823326 0.000000 0.000000 -1
0 0.000000 25.472469 2.332544 0.250000 0.500000 -1
0 0.000000 -27.500000 2.823326 0.250000 1.000000 -1
0 -1.411663 -27.500000 2.445072 0.000000 0.000000 -1
0 -1.411663 -27.500000 2.445072 0.333333 1.000000 -1
0 -1.098022 25.472469 2.020042 0.333333 0.500000 -1
0 -2.445072 -27.500000 1.411663 0.000000 0.000000 -1
0 -1.901830 25.472469 1.166272 0.416667 0.500000 -1
0 -2.445072 -27.500000 1.411663 0.416667 1.000000 -1
0 -2.823326 -27.500000 -0.000000 0.000000 0.000000 -1
0 -2.823326 -27.500000 -0.000000 0.500000 1.000000 -1
0 -2.196043 25.472469 -0.000000 0.500000 0.500000 -1
0 -2.445072 -27.500000 -1.411663 0.000000 0.000000 -1
0 -1.901830 25.472469 -1.166272 0.583333 0.500000 -1
0 -2.445072 -27.500000 -1.411663 0.583333 1.000000 -1
0 -1.411663 -27.500000 -2.445072 0.000000 0.000000 -1
0 -1.411663 -27.500000 -2.445072 0.666667 1.000000 -1
0 -1.098022 25.472469 -2.020042 0.666667 0.500000 -1
0 0.000000 -27.500000 -2.823326 0.000000 0.000000 -1
0 0.000000 25.472469 -2.332544 0.750000 0.500000 -1
0 0.000000 -27.500000 -2.823326 0.750000 1.000000 -1
0 1.411663 -27.500000 -2.445072 0.000000 0.000000 -1
0 1.411663 -27.500000 -2.445072 0.833333 1.000000 -1
0 1.098022 25.472469 -2.020042 0.833333 0.500000 -1
0 2.445072 -27.500000 -1.411663 0.000000 0.000000 -1
0 1.901830 25.472469 -1.166272 0.916667 0.500000 -1
0 2.445072 -27.500000 -1.411663 0.916667 1.000000 -1
0 2.823326 -27.500000 -0.000000 1.000000 1.000000 -1
0 2.196043 25.472469 -0.000000 1.000000 0.500000 -1
39
-0.578045 -0.816005 0.000000
-0.500602 -0.816005 -0.289023
-0.000000 -1.000000 0.000000
0.967739 0.011293 0.251703
0.969559 0.011481 0.244589
0.871525 0.011098 0.490226
0.865971 0.011197 0.499969
-0.289023 -0.816005 -0.500602
0.509805 0.010007 0.860232
0.519590 0.009931 0.854358
0.000000 -0.816005 -0.578045
0.000000 0.009486 0.999955
0.000000 0.009264 0.999957
0.289023 -0.816005 -0.500602
-0.509805 0.010007 0.860232
-0.519590 0.009931 0.854358
0.500602 -0.816005 -0.289023
-0.871525 0.011098 0.490226
-0.865971 0.011197 0.499969
0.578045 -0.816005 0.000000
-0.999932 0.011669 0.000000
-0.999930 0.011841 0.000000
0.500602 -0.816005 0.289023
-0.871525 0.011098 -0.490226
-0.865971 0.011197 -0.499969
0.289023 -0.816005 0.500602
-0.509805 0.010007 -0.860232
-0.519590 0.009931 -0.854358
0.000000 -0.816005 0.578045
-0.000000 0.009486 -0.999955
0.000000 0.009264 -0.999957
-0.289023 -0.816005 0.500602
0.509805 0.010007 -0.860232
0.519590 0.009931 -0.854358
-0.500602 -0.816005 0.289023
0.871525 0.011098 -0.490226
0.865971 0.011197 -0.499969
0.967739 0.011293 -0.251703
0.969559 0.011481 -0.244589
36
0 0 1 2 0 1 2 2
0 3 4 5 3 4 5 1
0 3 5 6 3 5 6 1
0 1 7 2 1 7 2 2
0 6 5 8 6 5 8 1
0 5 9 8 5 9 8 1
0 7 10 2 7 10 2 2
0 8 9 11 8 9 11 1
0 8 11 12 8 11 12 1
0 10 13 2 10 13 2 2
0 12 11 14 12 11 14 1
0 11 15 14 11 15 14 1
0 13 16 2 13 16 2 2
0 14 15 17 14 15 17 1
0 14 17 18 14 17 18 1
0 16 19 2 16 19 2 2
0 18 17 20 18 17 20 1
0 17 21 20 17 21 20 1
0 19 22 2 19 22 2 2
0 20 21 23 20 21 23 1
0 20 23 24 20 23 24 1
0 22 25 2 22 25 2 2
0 24 23 26 24 23 26 1
0 23 27 26 23 27 26 1
0 25 28 2 25 28 2 2
0 26 27 29 26 27 29 1
0 26 29 30 26 29 30 1
0 28 31 2 28 31 2 2
0 30 29 32 30 29 32 1
0 29 33 32 29 33 32 1
0 31 34 2 31 34 2 2
0 32 33 35 32 33 35 1
0 32 35 36 32 35 36 1
0 34 0 2 34 0 2 2
0 36 35 37 36 35 37 1
0 35 38 37 35 38 37 1
"Cylinder03" 0 1
77
0 2.629686 6.439866 0.000000 0.000000 0.000000 -1
0 2.277375 6.439866 1.314843 0.000000 0.000000 -1
0 0.000000 6.439866 0.000000 0.000000 0.000000 -1
0 1.499383 30.467281 0.000000 0.000000 0.000000 -1
0 -0.000000 30.467281 0.000000 0.000000 0.000000 -1
0 1.298504 30.467281 0.749691 0.000000 0.000000 -1
0 2.629686 6.439866 0.000000 0.000000 1.000000 -1
0 2.923036 19.231461 -0.000000 0.000000 0.666667 -1
0 2.277375 6.439866 1.314843 0.083333 1.000000 -1
0 2.533607 19.231461 1.453370 0.083333 0.666667 -1
0 2.487853 25.262926 0.000000 0.000000 0.333333 -1
0 2.154543 25.262926 1.321245 0.083333 0.333333 -1
0 1.298504 30.467281 0.749691 0.083333 0.000000 -1
0 1.314843 6.439866 2.277375 0.000000 0.000000 -1
0 0.749691 30.467281 1.298504 0.000000 0.000000 -1
0 1.469667 19.231461 2.517310 0.166667 0.666667 -1
0 1.314843 6.439866 2.277375 0.166667 1.000000 -1
0 1.243926 25.262926 2.288464 0.166667 0.333333 -1
0 0.749691 30.467281 1.298504 0.166667 0.000000 -1
0 0.000000 6.439866 2.629686 0.000000 0.000000 -1
0 -0.000000 30.467281 1.499383 0.000000 0.000000 -1
0 0.000000 6.439866 2.629686 0.250000 1.000000 -1
0 0.016297 19.231461 2.906739 0.250000 0.666667 -1
0 -0.000000 25.262926 2.642491 0.250000 0.333333 -1
0 -0.000000 30.467281 1.499383 0.250000 0.000000 -1
0 -1.314843 6.439866 2.277375 0.000000 0.000000 -1
0 -0.749691 30.467281 1.298504 0.000000 0.000000 -1
0 -1.437072 19.231461 2.517310 0.333333 0.666667 -1
0 -1.314843 6.439866 2.277375 0.333333 1.000000 -1
0 -1.243926 25.262926 2.288464 0.333333 0.333333 -1
0 -0.749691 30.467281 1.298504 0.333333 0.000000 -1
0 -2.277375 6.439866 1.314843 0.000000 0.000000 -1
0 -1.298504 30.467281 0.749691 0.000000 0.000000 -1
0 -2.277375 6.439866 1.314843 0.416667 1.000000 -1
0 -2.501013 19.231461 1.453370 0.416667 0.666667 -1
0 -2.154543 25.262926 1.321245 0.416667 0.333333 -1
0 -1.298504 30.467281 0.749691 0.416667 0.000000 -1
0 -2.629686 6.439866 0.000000 0.000000 0.000000 -1
0 -1.499383 30.467281 0.000000 0.000000 0.000000 -1
0 -2.890442 19.231461 -0.000000 0.500000 0.666667 -1
0 -2.629686 6.439866 0.000000 0.500000 1.000000 -1
0 -2.487853 25.262926 0.000000 0.500000 0.333333 -1
0 -1.499383 30.467281 0.000000 0.500000 0.000000 -1
0 -2.277375 6.439866 -1.314843 0.000000 0.000000 -1
0 -1.298504 30.467281 -0.749691 0.000000 0.000000 -1
0 -2.277375 6.439866 -1.314843 0.583333 1.000000 -1
0 -2.501013 19.231461 -1.453370 0.583333 0.666667 -1
0 -2.154543 25.262926 -1.321245 0.583333 0.333333 -1
0 -1.298504 30.467281 -0.749691 0.583333 0.000000 -1
0 -1.314843 6.439866 -2.277375 0.000000 0.000000 -1
0 -0.749691 30.467281 -1.298504 0.000000 0.000000 -1
0 -1.437072 19.231461 -2.517310 0.666667 0.666667 -1
0 -1.314843 6.439866 -2.277375 0.666667 1.000000 -1
0 -1.243926 25.262926 -2.288464 0.666667 0.333333 -1
0 -0.749691 30.467281 -1.298504 0.666667 0.000000 -1
0 0.000000 6.439866 -2.629686 0.000000 0.000000 -1
0 -0.000000 30.467281 -1.499383 0.000000 0.000000 -1
0 0.000000 6.439866 -2.629686 0.750000 1.000000 -1
0 0.016297 19.231461 -2.906739 0.750000 0.666667 -1
0 -0.000000 25.262926 -2.642491 0.750000 0.333333 -1
0 -0.000000 30.467281 -1.499383 0.750000 0.000000 -1
0 1.314843 6.439866 -2.277375 0.000000 0.000000 -1
0 0.749691 30.467281 -1.298504 0.000000 0.000000 -1
0 1.469667 19.231461 -2.517310 0.833333 0.666667 -1
0 1.314843 6.439866 -2.277375 0.833333 1.000000 -1
0 1.243926 25.262926 -2.288464 0.833333 0.333333 -1
0 0.749691 30.467281 -1.298504 0.833333 0.000000 -1
0 2.277375 6.439866 -1.314843 0.000000 0.000000 -1
0 1.298504 30.467281 -0.749691 0.000000 0.000000 -1
0 2.277375 6.439866 -1.314843 0.916667 1.000000 -1
0 2.533607 19.231461 -1.453370 0.916667 0.666667 -1
0 2.154543 25.262926 -1.321245 0.916667 0.333333 -1
0 1.298504 30.467281 -0.749691 0.916667 0.000000 -1
0 2.923036 19.231461 -0.000000 1.000000 0.666667 -1
0 2.629686 6.439866 0.000000 1.000000 1.000000 -1
0 2.487853 25.262926 0.000000 1.000000 0.333333 -1
0 1.499383 30.467281 0.000000 1.000000 0.000000 -1
54
0.000000 -1.000000 0.000000
0.000000 1.000000 0.000000
0.965689 -0.022146 0.258756
0.966614 0.022956 0.255208
0.865801 -0.022756 0.499871
0.865816 0.021265 0.499911
0.961938 0.125651 0.242668
0.864278 0.129521 0.486053
0.951527 0.182614 0.247485
0.849717 0.193623 0.490399
0.504826 0.015100 0.863089
0.499874 -0.022291 0.865811
0.515296 0.129984 0.847098
0.499149 0.206500 0.841551
-0.000002 -0.021654 0.999766
-0.000005 0.011065 0.999939
-0.000004 0.130121 0.991498
0.000000 0.214531 0.976717
-0.504842 0.014364 0.863092
-0.499891 -0.021017 0.865833
-0.515398 0.128597 0.847247
-0.499149 0.206500 0.841551
-0.865843 -0.020551 0.499894
-0.865842 0.020037 0.499916
-0.864545 0.127196 0.486193
-0.849717 0.193623 0.490399
-0.999751 0.022322 -0.000000
-0.999792 -0.020381 0.000000
-0.991921 0.126857 -0.000000
-0.982077 0.188478 0.000000
-0.865843 -0.020551 -0.499894
-0.865842 0.020037 -0.499916
-0.864545 0.127196 -0.486193
-0.849717 0.193623 -0.490399
-0.504842 0.014364 -0.863092
-0.499891 -0.021017 -0.865833
-0.515398 0.128597 -0.847247
-0.499149 0.206500 -0.841551
-0.000002 -0.021654 -0.999766
-0.000005 0.011065 -0.999939
-0.000004 0.130121 -0.991498
0.000000 0.214531 -0.976717
0.504826 0.015100 -0.863089
0.499874 -0.022291 -0.865811
0.515296 0.129984 -0.847098
0.499149 0.206500 -0.841551
0.865801 -0.022756 -0.499871
0.865816 0.021265 -0.499911
0.864278 0.129521 -0.486053
0.849717 0.193623 -0.490399
0.966614 0.022956 -0.255208
0.965689 -0.022146 -0.258756
0.961938 0.125651 -0.242668
0.951527 0.182614 -0.247485
96
0 0 1 2 0 0 0 2
0 3 4 5 1 1 1 2
0 6 7 8 2 3 4 1
0 7 9 8 3 5 4 1
0 7 10 11 3 6 7 1
0 7 11 9 3 7 5 1
0 10 3 11 6 8 7 1
0 3 12 11 8 9 7 1
0 1 13 2 0 0 0 2
0 5 4 14 1 1 1 2
0 8 9 15 4 5 10 1
0 8 15 16 4 10 11 1
0 9 11 15 5 7 10 1
0 11 17 15 7 12 10 1
0 11 12 18 7 9 13 1
0 11 18 17 7 13 12 1
0 13 19 2 0 0 0 2
0 14 4 20 1 1 1 2
0 16 15 21 11 10 14 1
0 15 22 21 10 15 14 1
0 15 17 23 10 12 16 1
0 15 23 22 10 16 15 1
0 17 18 23 12 13 16 1
0 18 24 23 13 17 16 1
0 19 25 2 0 0 0 2
0 20 4 26 1 1 1 2
0 21 22 27 14 15 18 1
0 21 27 28 14 18 19 1
0 22 23 27 15 16 18 1
0 23 29 27 16 20 18 1
0 23 24 30 16 17 21 1
0 23 30 29 16 21 20 1
0 25 31 2 0 0 0 2
0 26 4 32 1 1 1 2
0 28 27 33 19 18 22 1
0 27 34 33 18 23 22 1
0 27 29 35 18 20 24 1
0 27 35 34 18 24 23 1
0 29 30 35 20 21 24 1
0 30 36 35 21 25 24 1
0 31 37 2 0 0 0 2
0 32 4 38 1 1 1 2
0 33 34 39 22 23 26 1
0 33 39 40 22 26 27 1
0 34 35 39 23 24 26 1
0 35 41 39 24 28 26 1
0 35 36 42 24 25 29 1
0 35 42 41 24 29 28 1
0 37 43 2 0 0 0 2
0 38 4 44 1 1 1 2
0 40 39 45 27 26 30 1
0 39 46 45 26 31 30 1
0 39 41 47 26 28 32 1
0 39 47 46 26 32 31 1
0 41 42 47 28 29 32 1
0 42 48 47 29 33 32 1
0 43 49 2 0 0 0 2
0 44 4 50 1 1 1 2
0 45 46 51 30 31 34 1
0 45 51 52 30 34 35 1
0 46 47 51 31 32 34 1
0 47 53 51 32 36 34 1
0 47 48 54 32 33 37 1
0 47 54 53 32 37 36 1
0 49 55 2 0 0 0 2
0 50 4 56 1 1 1 2
0 52 51 57 35 34 38 1
0 51 58 57 34 39 38 1
0 51 53 59 34 36 40 1
0 51 59 58 34 40 39 1
0 53 54 59 36 37 40 1
0 54 60 59 37 41 40 1
0 55 61 2 0 0 0 2
0 56 4 62 1 1 1 2
0 57 58 63 38 39 42 1
0 57 63 64 38 42 43 1
0 58 59 63 39 40 42 1
0 59 65 63 40 44 42 1
0 59 60 66 40 41 45 1
0 59 66 65 40 45 44 1
0 61 67 2 0 0 0 2
0 62 4 68 1 1 1 2
0 64 63 69 43 42 46 1
0 63 70 69 42 47 46 1
0 63 65 71 42 44 48 1
0 63 71 70 42 48 47 1
0 65 66 71 44 45 48 1
0 66 72 71 45 49 48 1
0 67 0 2 0 0 0 2
0 68 4 3 1 1 1 2
0 69 70 73 46 47 50 1
0 69 73 74 46 50 51 1
0 70 71 73 47 48 50 1
0 71 75 73 48 52 50 1
0 71 72 76 48 49 53 1
0 71 76 75 48 53 52 1
"Regroup02" 0 1
60
0 -0.110440 -8.881514 -2.322632 0.000000 0.000000 -1
0 -0.110440 -14.861046 -1.335051 0.000000 1.000000 -1
0 0.110440 -8.881514 -2.322632 1.000000 0.000000 -1
0 0.110440 -14.861046 -1.335051 1.000000 1.000000 -1
0 0.110440 -8.881514 -2.322632 0.000000 0.000000 -1
0 0.110440 -14.861046 -1.335051 0.000000 1.000000 -1
0 0.110440 -15.338190 -8.901188 1.000000 0.000000 -1
0 0.110440 -17.502583 -8.441131 1.000000 1.000000 -1
0 0.110440 -15.338190 -8.901188 0.000000 0.000000 -1
0 0.110440 -17.502583 -8.441131 0.000000 1.000000 -1
0 -0.110440 -15.338190 -8.901188 1.000000 0.000000 -1
0 -0.110440 -17.502583 -8.441131 1.000000 1.000000 -1
0 -0.110440 -15.338190 -8.901188 0.000000 0.000000 -1
0 -0.110440 -17.502583 -8.441131 0.000000 1.000000 -1
0 -0.110440 -8.881514 -2.322632 1.000000 0.000000 -1
0 -0.110440 -14.861046 -1.335051 1.000000 1.000000 -1
0 -0.110440 -8.881514 -2.322632 0.000000 1.000000 -1
0 0.110440 -8.881514 -2.322632 1.000000 1.000000 -1
0 -0.110440 -14.861046 -1.335051 0.000000 0.000000 -1
0 0.110440 -14.861046 -1.335051 1.000000 0.000000 -1
0 -2.216163 -8.881514 1.046594 1.000000 0.000000 -1
0 -1.388285 -14.861046 0.464596 0.000000 1.000000 -1
0 -2.300691 -8.881514 0.842527 0.000000 0.000000 -1
0 -1.303757 -14.861046 0.668663 1.000000 1.000000 -1
0 -8.293951 -15.338190 3.564099 1.000000 0.000000 -1
0 -1.303757 -14.861046 0.668663 0.000000 1.000000 -1
0 -2.216163 -8.881514 1.046594 0.000000 0.000000 -1
0 -7.868915 -17.502583 3.388043 1.000000 1.000000 -1
0 -8.378477 -15.338190 3.360032 1.000000 0.000000 -1
0 -7.868915 -17.502583 3.388043 0.000000 1.000000 -1
0 -8.293951 -15.338190 3.564099 0.000000 0.000000 -1
0 -7.953445 -17.502583 3.183975 1.000000 1.000000 -1
0 -2.300691 -8.881514 0.842527 1.000000 0.000000 -1
0 -7.953445 -17.502583 3.183975 0.000000 1.000000 -1
0 -8.378477 -15.338190 3.360032 0.000000 0.000000 -1
0 -1.388285 -14.861046 0.464596 1.000000 1.000000 -1
0 -2.300691 -8.881514 0.842527 0.000000 1.000000 -1
0 -2.216163 -8.881514 1.046594 1.000000 1.000000 -1
0 -1.303757 -14.861046 0.668663 1.000000 0.000000 -1
0 -1.388285 -14.861046 0.464596 0.000000 0.000000 -1
0 2.300691 -8.881514 0.842527 0.000000 0.000000 -1
0 1.388285 -14.861046 0.464596 0.000000 1.000000 -1
0 2.216163 -8.881514 1.046594 1.000000 0.000000 -1
0 1.303757 -14.861046 0.668663 1.000000 1.000000 -1
0 2.216163 -8.881514 1.046594 0.000000 0.000000 -1
0 1.303757 -14.861046 0.668663 0.000000 1.000000 -1
0 8.293951 -15.338190 3.564099 1.000000 0.000000 -1
0 7.868915 -17.502583 3.388043 1.000000 1.000000 -1
0 8.293951 -15.338190 3.564099 0.000000 0.000000 -1
0 7.868915 -17.502583 3.388043 0.000000 1.000000 -1
0 8.378477 -15.338190 3.360032 1.000000 0.000000 -1
0 7.953445 -17.502583 3.183975 1.000000 1.000000 -1
0 8.378477 -15.338190 3.360032 0.000000 0.000000 -1
0 7.953445 -17.502583 3.183975 0.000000 1.000000 -1
0 2.300691 -8.881514 0.842527 1.000000 0.000000 -1
0 1.388285 -14.861046 0.464596 1.000000 1.000000 -1
0 2.300691 -8.881514 0.842527 0.000000 1.000000 -1
0 2.216163 -8.881514 1.046594 1.000000 1.000000 -1
0 1.388285 -14.861046 0.464596 0.000000 0.000000 -1
0 1.303757 -14.861046 0.668663 1.000000 0.000000 -1
42
0.000000 0.162953 0.986634
1.000000 0.000000 0.000000
0.000000 -0.207912 -0.978147
-1.000000 0.000000 0.000000
0.000000 0.713687 -0.700465
0.000000 -0.937333 0.348434
0.911530 0.162953 -0.377571
0.911530 0.162953 -0.377571
0.911530 0.162953 -0.377571
0.382684 -0.000000 0.923879
0.382684 0.000000 0.923879
0.382684 -0.000000 0.923879
-0.903690 -0.207911 0.374323
-0.903692 -0.207912 0.374316
-0.903687 -0.207910 0.374329
-0.382684 0.000000 -0.923879
-0.382685 0.000001 -0.923879
-0.382684 -0.000000 -0.923880
-0.647146 0.713687 0.268055
-0.647147 0.713687 0.268053
-0.647144 0.713687 0.268058
0.321910 -0.937333 -0.133342
0.321911 -0.937333 -0.133341
0.321910 -0.937333 -0.133343
-0.911530 0.162953 -0.377571
-0.911530 0.162953 -0.377571
-0.911530 0.162953 -0.377571
-0.382684 0.000000 0.923879
-0.382684 -0.000000 0.923879
-0.382684 -0.000000 0.923879
0.903692 -0.207912 0.374316
0.903690 -0.207911 0.374323
0.903687 -0.207910 0.374329
0.382685 0.000001 -0.923879
0.382684 0.000000 -0.923879
0.382684 -0.000000 -0.923880
0.647147 0.713687 0.268053
0.647146 0.713687 0.268055
0.647144 0.713687 0.268058
-0.321911 -0.937333 -0.133341
-0.321910 -0.937333 -0.133342
-0.321910 -0.937333 -0.133343
36
0 0 1 2 0 0 0 1
0 1 3 2 0 0 0 1
0 4 5 6 1 1 1 2
0 5 7 6 1 1 1 2
0 8 9 10 2 2 2 1
0 9 11 10 2 2 2 1
0 12 13 14 3 3 3 2
0 13 15 14 3 3 3 2
0 12 16 6 4 4 4 3
0 16 17 6 4 4 4 3
0 18 13 19 5 5 5 3
0 13 7 19 5 5 5 3
0 20 21 22 6 6 7 1
0 20 23 21 6 8 6 1
0 24 25 26 9 9 10 2
0 24 27 25 9 11 9 2
0 28 29 30 12 12 13 1
0 28 31 29 12 14 12 1
0 32 33 34 15 15 16 2
0 32 35 33 15 17 15 2
0 24 36 34 18 18 19 3
0 24 37 36 18 20 18 3
0 38 33 39 21 21 22 3
0 38 27 33 21 23 21 3
0 40 41 42 24 25 25 1
0 41 43 42 25 26 25 1
0 44 45 46 27 28 28 2
0 45 47 46 28 29 28 2
0 48 49 50 30 31 31 1
0 49 51 50 31 32 31 1
0 52 53 54 33 34 34 2
0 53 55 54 34 35 34 2
0 52 56 46 36 37 37 3
0 56 57 46 37 38 37 3
0 58 53 59 39 40 40 3
0 53 47 59 40 41 40 3
"Regroup00" 0 1
124
0 -0.444400 -16.592443 0.342724 0.000000 0.000000 -1
0 -0.444400 -24.103775 0.342724 0.000000 1.000000 -1
0 0.444400 -16.592443 0.342724 1.000000 0.000000 -1
0 0.444400 -24.103775 0.342724 1.000000 1.000000 -1
0 -0.444400 -22.166027 1.117299 0.000000 0.000000 -1
0 -0.444400 -25.634354 0.523244 0.000000 1.000000 -1
0 0.444400 -22.166027 1.117299 1.000000 0.000000 -1
0 0.444400 -25.634354 0.523244 1.000000 1.000000 -1
0 0.444400 -16.592443 -0.342724 0.000000 0.000000 -1
0 0.444400 -24.103775 -0.342724 0.000000 1.000000 -1
0 -0.444400 -16.592443 -0.342724 1.000000 0.000000 -1
0 -0.444400 -24.103775 -0.342724 1.000000 1.000000 -1
0 0.444400 -22.166027 -1.117299 0.000000 0.000000 -1
0 0.444400 -25.634354 -0.523244 0.000000 1.000000 -1
0 -0.444400 -22.166027 -1.117299 1.000000 0.000000 -1
0 -0.444400 -25.634354 -0.523244 1.000000 1.000000 -1
0 0.148917 -16.592443 0.470148 0.000000 0.000000 -1
0 0.148917 -24.103775 0.470148 0.000000 1.000000 -1
0 -0.191212 -16.592443 -0.350996 1.000000 0.000000 -1
0 -0.191212 -24.103775 -0.350996 1.000000 1.000000 -1
0 -0.191212 -16.592443 -0.350996 0.000000 0.000000 -1
0 -0.191212 -24.103775 -0.350996 0.000000 1.000000 -1
0 -11.621765 -22.810894 4.383695 1.000000 0.000000 -1
0 -11.621765 -26.029673 4.383695 1.000000 1.000000 -1
0 -11.621765 -22.810894 4.383695 0.000000 0.000000 -1
0 -11.621765 -26.029673 4.383695 0.000000 1.000000 -1
0 -11.281637 -22.810894 5.204839 1.000000 0.000000 -1
0 -11.281637 -26.029673 5.204839 1.000000 1.000000 -1
0 -11.281637 -22.810894 5.204839 0.000000 0.000000 -1
0 -11.281637 -26.029673 5.204839 0.000000 1.000000 -1
0 0.148917 -16.592443 0.470148 1.000000 0.000000 -1
0 0.148917 -24.103775 0.470148 1.000000 1.000000 -1
0 0.148917 -16.592443 0.470148 0.000000 1.000000 -1
0 -0.191212 -16.592443 -0.350996 1.000000 1.000000 -1
0 0.148917 -24.103775 0.470148 0.000000 0.000000 -1
0 -0.191212 -24.103775 -0.350996 1.000000 0.000000 -1
0 0.864531 -22.166027 0.173731 0.000000 0.000000 -1
0 0.315695 -25.634354 0.401066 0.000000 1.000000 -1
0 0.524402 -22.166027 -0.647413 1.000000 0.000000 -1
0 -0.024434 -25.634354 -0.420078 1.000000 1.000000 -1
0 0.524402 -22.166027 -0.647413 0.000000 0.000000 -1
0 -0.024434 -25.634354 -0.420078 0.000000 1.000000 -1
0 -7.760219 -24.532570 2.784190 1.000000 0.000000 -1
0 -5.974294 -26.380249 2.044436 1.000000 1.000000 -1
0 -7.760219 -24.532570 2.784190 0.000000 0.000000 -1
0 -5.974294 -26.380249 2.044436 0.000000 1.000000 -1
0 -7.420090 -24.532570 3.605334 1.000000 0.000000 -1
0 -5.634165 -26.380249 2.865579 1.000000 1.000000 -1
0 -7.420090 -24.532570 3.605334 0.000000 0.000000 -1
0 -5.634165 -26.380249 2.865579 0.000000 1.000000 -1
0 0.864531 -22.166027 0.173731 1.000000 0.000000 -1
0 0.315695 -25.634354 0.401066 1.000000 1.000000 -1
0 0.864531 -22.166027 0.173731 0.000000 1.000000 -1
0 0.524402 -22.166027 -0.647413 1.000000 1.000000 -1
0 0.315695 -25.634354 0.401066 0.000000 0.000000 -1
0 -0.024434 -25.634354 -0.420078 1.000000 0.000000 -1
0 -0.342724 -16.592443 -0.444401 0.000000 0.000000 -1
0 -0.342724 -24.103775 -0.444401 0.000000 1.000000 -1
0 -0.342723 -16.592443 0.444399 1.000000 0.000000 -1
0 -0.342723 -24.103775 0.444399 1.000000 1.000000 -1
0 11.621765 -22.810894 4.383695 1.000000 0.000000 -1
0 0.191212 -24.103775 -0.350996 0.000000 1.000000 -1
0 0.191212 -16.592443 -0.350996 0.000000 0.000000 -1
0 11.621765 -26.029673 4.383695 1.000000 1.000000 -1
0 11.281637 -22.810894 5.204839 1.000000 0.000000 -1
0 11.621765 -26.029673 4.383695 0.000000 1.000000 -1
0 11.621765 -22.810894 4.383695 0.000000 0.000000 -1
0 11.281637 -26.029673 5.204839 1.000000 1.000000 -1
0 -0.148917 -16.592443 0.470148 1.000000 0.000000 -1
0 11.281637 -26.029673 5.204839 0.000000 1.000000 -1
0 11.281637 -22.810894 5.204839 0.000000 0.000000 -1
0 -0.148917 -24.103775 0.470148 1.000000 1.000000 -1
0 -0.148917 -16.592443 0.470148 0.000000 1.000000 -1
0 0.191212 -16.592443 -0.350996 1.000000 1.000000 -1
0 0.191212 -24.103775 -0.350996 1.000000 0.000000 -1
0 -0.148917 -24.103775 0.470148 0.000000 0.000000 -1
0 7.760219 -24.532570 2.784190 1.000000 0.000000 -1
0 0.024434 -25.634354 -0.420078 0.000000 1.000000 -1
0 -0.524402 -22.166027 -0.647413 0.000000 0.000000 -1
0 5.974294 -26.380249 2.044436 1.000000 1.000000 -1
0 7.420090 -24.532570 3.605334 1.000000 0.000000 -1
0 5.974294 -26.380249 2.044436 0.000000 1.000000 -1
0 7.760219 -24.532570 2.784190 0.000000 0.000000 -1
0 5.634165 -26.380249 2.865579 1.000000 1.000000 -1
0 -0.864531 -22.166027 0.173731 1.000000 0.000000 -1
0 5.634165 -26.380249 2.865579 0.000000 1.000000 -1
0 7.420090 -24.532570 3.605334 0.000000 0.000000 -1
0 -0.315695 -25.634354 0.401066 1.000000 1.000000 -1
0 -0.864531 -22.166027 0.173731 0.000000 1.000000 -1
0 -0.524402 -22.166027 -0.647413 1.000000 1.000000 -1
0 0.024434 -25.634354 -0.420078 1.000000 0.000000 -1
0 -0.315695 -25.634354 0.401066 0.000000 0.000000 -1
0 -0.437452 -22.810894 -12.592117 1.000000 0.000000 -1
0 -0.437454 -24.103775 -0.219776 0.000000 1.000000 -1
0 -0.437454 -16.592443 -0.219776 0.000000 0.000000 -1
0 -0.437452 -26.029673 -12.592117 1.000000 1.000000 -1
0 0.451347 -22.810894 -12.592117 1.000000 0.000000 -1
0 -0.437452 -26.029673 -12.592117 0.000000 1.000000 -1
0 -0.437452 -22.810894 -12.592117 0.000000 0.000000 -1
0 0.451347 -26.029673 -12.592117 1.000000 1.000000 -1
0 0.451346 -16.592443 -0.219777 1.000000 0.000000 -1
0 0.451347 -26.029673 -12.592117 0.000000 1.000000 -1
0 0.451347 -22.810894 -12.592117 0.000000 0.000000 -1
0 0.451346 -24.103775 -0.219777 1.000000 1.000000 -1
0 0.451346 -16.592443 -0.219777 0.000000 1.000000 -1
0 -0.437454 -16.592443 -0.219776 1.000000 1.000000 -1
0 -0.437454 -24.103775 -0.219776 1.000000 0.000000 -1
0 0.451346 -24.103775 -0.219777 0.000000 0.000000 -1
0 -0.437452 -24.532570 -8.412409 1.000000 0.000000 -1
0 -0.437454 -25.634354 -0.039256 0.000000 1.000000 -1
0 -0.437454 -22.166027 0.554798 0.000000 0.000000 -1
0 -0.437453 -26.380249 -6.479340 1.000000 1.000000 -1
0 0.451347 -24.532570 -8.412409 1.000000 0.000000 -1
0 -0.437453 -26.380249 -6.479340 0.000000 1.000000 -1
0 -0.437452 -24.532570 -8.412409 0.000000 0.000000 -1
0 0.451347 -26.380249 -6.479340 1.000000 1.000000 -1
0 0.451345 -22.166027 0.554798 1.000000 0.000000 -1
0 0.451347 -26.380249 -6.479340 0.000000 1.000000 -1
0 0.451347 -24.532570 -8.412409 0.000000 0.000000 -1
0 0.451346 -25.634354 -0.039257 1.000000 1.000000 -1
0 0.451345 -22.166027 0.554798 0.000000 1.000000 -1
0 -0.437454 -22.166027 0.554798 1.000000 1.000000 -1
0 -0.437454 -25.634354 -0.039256 1.000000 0.000000 -1
0 0.451346 -25.634354 -0.039257 0.000000 0.000000 -1
77
0.000000 0.000000 1.000000
0.000000 -0.168822 0.985647
0.000000 0.000000 -1.000000
0.000000 -0.168822 -0.985647
0.923880 0.000000 -0.382683
-0.382684 0.000000 -0.923880
-0.923880 0.000000 0.382682
0.382683 0.000000 0.923880
-0.414894 0.893493 0.171854
-0.414894 0.893493 0.171854
-0.414894 0.893493 0.171855
0.142101 -0.988101 -0.058860
0.142101 -0.988101 -0.058860
0.142101 -0.988101 -0.058860
0.910619 -0.168822 -0.377191
0.910619 -0.168822 -0.377191
0.910619 -0.168822 -0.377191
-0.382684 0.000000 -0.923880
-0.382684 -0.000000 -0.923880
-0.382684 -0.000000 -0.923880
-0.638364 -0.722893 0.264419
-0.638363 -0.722893 0.264419
-0.638363 -0.722893 0.264419
0.382684 -0.000000 0.923880
0.382684 -0.000000 0.923880
0.382683 -0.000000 0.923880
-0.235750 0.966895 0.097651
-0.235750 0.966895 0.097651
-0.235750 0.966895 0.097651
0.106294 -0.993360 -0.044028
0.106294 -0.993360 -0.044028
0.106294 -0.993360 -0.044028
-1.000000 0.000000 0.000001
0.382684 0.000000 -0.923880
0.923880 0.000000 0.382682
-0.382683 0.000000 0.923880
0.414894 0.893493 0.171854
0.414894 0.893493 0.171854
0.414894 0.893493 0.171855
-0.142101 -0.988101 -0.058860
-0.142101 -0.988101 -0.058860
-0.142101 -0.988101 -0.058860
0.382684 -0.000000 -0.923880
0.382684 0.000000 -0.923880
0.382684 -0.000000 -0.923880
0.638363 -0.722893 0.264419
0.638364 -0.722893 0.264419
0.638363 -0.722893 0.264419
-0.382684 -0.000000 0.923880
-0.382684 -0.000000 0.923880
-0.382683 -0.000000 0.923880
0.235750 0.966895 0.097651
0.235750 0.966895 0.097651
0.235750 0.966895 0.097651
-0.106294 -0.993360 -0.044028
-0.106294 -0.993360 -0.044028
-0.106294 -0.993360 -0.044028
-1.000000 0.000000 -0.000000
1.000000 0.000000 0.000000
1.000000 0.000000 0.000000
-0.000000 0.893493 -0.449078
0.000000 0.893493 -0.449078
-0.000001 0.893493 -0.449078
0.000000 -0.988101 0.153809
0.000000 -0.988101 0.153809
0.000000 -0.988101 0.153809
-1.000000 0.000000 -0.000000
-1.000000 0.000000 -0.000000
-1.000000 0.000000 -0.000000
0.000000 -0.722893 -0.690960
1.000000 0.000000 0.000000
1.000000 0.000000 0.000000
1.000000 0.000000 0.000000
0.000000 0.966895 -0.255174
0.000000 -0.993360 0.115052
0.000000 -0.993360 0.115052
0.000000 -0.993360 0.115052
74
0 0 1 2 0 0 0 1
0 1 3 2 0 0 0 1
0 4 5 6 1 1 1 1
0 5 7 6 1 1 1 1
0 8 9 10 2 2 2 1
0 9 11 10 2 2 2 1
0 12 13 14 3 3 3 1
0 13 15 14 3 3 3 1
0 16 17 18 4 4 4 1
0 17 19 18 4 4 4 1
0 20 21 22 5 5 5 2
0 21 23 22 5 5 5 2
0 24 25 26 6 6 6 1
0 25 27 26 6 6 6 1
0 28 29 30 7 7 7 2
0 29 31 30 7 7 7 2
0 28 32 22 8 9 9 3
0 32 33 22 9 10 9 3
0 34 29 35 11 12 12 3
0 29 23 35 12 13 12 3
0 36 37 38 14 15 15 1
0 37 39 38 15 16 15 1
0 40 41 42 17 18 18 2
0 41 43 42 18 19 18 2
0 44 45 46 20 21 21 1
0 45 47 46 21 22 21 1
0 48 49 50 23 24 24 2
0 49 51 50 24 25 24 2
0 48 52 42 26 27 27 3
0 52 53 42 27 28 27 3
0 54 49 55 29 30 30 3
0 49 43 55 30 31 30 3
0 56 57 58 32 32 32 1
0 57 59 58 32 32 32 1
0 60 61 62 33 33 33 2
0 60 63 61 33 33 33 2
0 64 65 66 34 34 34 1
0 64 67 65 34 34 34 1
0 68 69 70 35 35 35 2
0 68 71 69 35 35 35 2
0 60 72 70 36 36 37 3
0 60 73 72 36 38 36 3
0 74 69 75 39 39 40 3
0 74 63 69 39 41 39 3
0 76 77 78 42 42 43 2
0 76 79 77 42 44 42 2
0 80 81 82 45 45 46 1
0 80 83 81 45 47 45 1
0 84 85 86 48 48 49 2
0 84 87 85 48 50 48 2
0 76 88 86 51 51 52 3
0 76 89 88 51 53 51 3
0 90 85 91 54 54 55 3
0 90 79 85 54 56 54 3
0 92 93 94 57 57 57 2
0 92 95 93 57 57 57 2
0 96 97 98 2 2 2 1
0 96 99 97 2 2 2 1
0 100 101 102 58 58 59 2
0 100 103 101 58 58 58 2
0 92 104 102 60 60 61 3
0 92 105 104 60 62 60 3
0 106 101 107 63 63 64 3
0 106 95 101 63 65 63 3
0 108 109 110 66 66 67 2
0 108 111 109 66 68 66 2
0 112 113 114 69 69 69 1
0 112 115 113 69 69 69 1
0 116 117 118 70 70 71 2
0 116 119 117 70 72 70 2
0 108 120 118 73 73 73 3
0 108 121 120 73 73 73 3
0 122 117 123 74 74 75 3
0 122 111 117 74 76 74 3
"Duplicate02" 0 2
26
0 0.000000 36.501694 0.000000 0.000000 0.000000 -1
0 2.196043 26.472469 0.000000 0.000000 0.500000 -1
0 1.901830 26.472469 1.166272 0.083333 0.500000 -1
0 0.000000 36.501694 0.000000 0.083333 0.000000 -1
0 0.000000 36.501694 0.000000 0.166667 0.000000 -1
0 1.098022 26.472469 2.020042 0.166667 0.500000 -1
0 0.000000 26.472469 2.332544 0.250000 0.500000 -1
0 0.000000 36.501694 0.000000 0.250000 0.000000 -1
0 0.000000 36.501694 0.000000 0.333333 0.000000 -1
0 -1.098022 26.472469 2.020042 0.333333 0.500000 -1
0 -1.901830 26.472469 1.166272 0.416667 0.500000 -1
0 0.000000 36.501694 0.000000 0.416667 0.000000 -1
0 0.000000 36.501694 0.000000 0.500000 0.000000 -1
0 -2.196043 26.472469 0.000000 0.500000 0.500000 -1
0 -1.901830 26.472469 -1.166272 0.583333 0.500000 -1
0 0.000000 36.501694 0.000000 0.583333 0.000000 -1
0 0.000000 36.501694 0.000000 0.666667 0.000000 -1
0 -1.098022 26.472469 -2.020042 0.666667 0.500000 -1
0 0.000000 26.472469 -2.332544 0.750000 0.500000 -1
0 0.000000 36.501694 0.000000 0.750000 0.000000 -1
0 0.000000 36.501694 0.000000 0.833333 0.000000 -1
0 1.098022 26.472469 -2.020042 0.833333 0.500000 -1
0 1.901830 26.472469 -1.166272 0.916667 0.500000 -1
0 0.000000 36.501694 0.000000 0.916667 0.000000 -1
0 0.000000 36.501694 0.000000 1.000000 0.000000 -1
0 2.196043 26.472469 0.000000 1.000000 0.500000 -1
14
0.000000 0.000000 0.000000
0.948481 0.207684 0.239271
0.856204 0.216889 0.468907
0.506651 0.223200 0.832758
0.000000 0.226529 0.974004
-0.506651 0.223200 0.832758
-0.856204 0.216889 0.468907
-0.976856 0.213897 0.000000
-0.856204 0.216889 -0.468907
-0.506651 0.223200 -0.832758
0.000000 0.226529 -0.974004
0.506651 0.223200 -0.832758
0.856204 0.216889 -0.468907
0.948481 0.207684 -0.239271
36
0 0 0 0 0 0 0 2
0 1 0 2 1 1 2 1
0 0 3 2 1 0 2 1
0 0 0 0 0 0 0 2
0 2 3 4 2 0 3 1
0 2 4 5 2 3 3 1
0 0 0 0 0 0 0 2
0 5 4 6 3 3 4 1
0 4 7 6 3 0 4 1
0 0 0 0 0 0 0 2
0 6 7 8 4 0 5 1
0 6 8 9 4 5 5 1
0 0 0 0 0 0 0 2
0 9 8 10 5 5 6 1
0 8 11 10 5 0 6 1
0 0 0 0 0 0 0 2
0 10 11 12 6 0 7 1
0 10 12 13 6 7 7 1
0 0 0 0 0 0 0 2
0 13 12 14 7 7 8 1
0 12 15 14 7 0 8 1
0 0 0 0 0 0 0 2
0 14 15 16 8 0 9 1
0 14 16 17 8 9 9 1
0 0 0 0 0 0 0 2
0 17 16 18 9 9 10 1
0 16 19 18 9 0 10 1
0 0 0 0 0 0 0 2
0 18 19 20 10 0 11 1
0 18 20 21 10 11 11 1
0 0 0 0 0 0 0 2
0 21 20 22 11 11 12 1
0 20 23 22 11 0 12 1
0 0 0 0 0 0 0 2
0 22 23 24 12 0 13 1
0 22 24 25 12 13 13 1
"Duplicate03" 0 1
77
0 0.000000 -8.106529 0.000000 0.000000 0.000000 -1
0 2.277375 -8.106529 1.314843 0.000000 0.000000 -1
0 2.629686 -8.106529 0.000000 0.000000 0.000000 -1
0 1.298504 -32.133942 0.749691 0.000000 0.000000 -1
0 0.000000 -32.133942 0.000000 0.000000 0.000000 -1
0 1.499383 -32.133942 0.000000 0.000000 0.000000 -1
0 2.277375 -8.106529 1.314843 0.083333 1.000000 -1
0 2.923036 -20.898125 -0.000000 0.000000 0.666667 -1
0 2.629686 -8.106529 0.000000 0.000000 1.000000 -1
0 2.533607 -20.898125 1.453370 0.083333 0.666667 -1
0 2.154543 -26.929588 1.321245 0.083333 0.333333 -1
0 2.487853 -26.929588 0.000000 0.000000 0.333333 -1
0 1.298504 -32.133942 0.749691 0.083333 0.000000 -1
0 1.314843 -8.106529 2.277375 0.000000 0.000000 -1
0 0.749691 -32.133942 1.298504 0.000000 0.000000 -1
0 1.469667 -20.898125 2.517310 0.166667 0.666667 -1
0 1.314843 -8.106529 2.277375 0.166667 1.000000 -1
0 1.243926 -26.929588 2.288464 0.166667 0.333333 -1
0 0.749691 -32.133942 1.298504 0.166667 0.000000 -1
0 0.000000 -8.106529 2.629686 0.000000 0.000000 -1
0 0.000000 -32.133942 1.499383 0.000000 0.000000 -1
0 0.000000 -8.106529 2.629686 0.250000 1.000000 -1
0 0.016297 -20.898125 2.906739 0.250000 0.666667 -1
0 0.000000 -26.929588 2.642491 0.250000 0.333333 -1
0 0.000000 -32.133942 1.499383 0.250000 0.000000 -1
0 -1.314843 -8.106529 2.277375 0.000000 0.000000 -1
0 -0.749691 -32.133942 1.298504 0.000000 0.000000 -1
0 -1.437072 -20.898125 2.517310 0.333333 0.666667 -1
0 -1.314843 -8.106529 2.277375 0.333333 1.000000 -1
0 -1.243926 -26.929588 2.288464 0.333333 0.333333 -1
0 -0.749691 -32.133942 1.298504 0.333333 0.000000 -1
0 -2.277375 -8.106529 1.314843 0.000000 0.000000 -1
0 -1.298504 -32.133942 0.749691 0.000000 0.000000 -1
0 -2.277375 -8.106529 1.314843 0.416667 1.000000 -1
0 -2.501013 -20.898125 1.453370 0.416667 0.666667 -1
0 -2.154543 -26.929588 1.321245 0.416667 0.333333 -1
0 -1.298504 -32.133942 0.749691 0.416667 0.000000 -1
0 -2.629686 -8.106529 0.000000 0.000000 0.000000 -1
0 -1.499383 -32.133942 0.000000 0.000000 0.000000 -1
0 -2.890442 -20.898125 -0.000000 0.500000 0.666667 -1
0 -2.629686 -8.106529 0.000000 0.500000 1.000000 -1
0 -2.487853 -26.929588 0.000000 0.500000 0.333333 -1
0 -1.499383 -32.133942 0.000000 0.500000 0.000000 -1
0 -2.277375 -8.106529 -1.314843 0.000000 0.000000 -1
0 -1.298504 -32.133942 -0.749691 0.000000 0.000000 -1
0 -2.277375 -8.106529 -1.314843 0.583333 1.000000 -1
0 -2.501013 -20.898125 -1.453370 0.583333 0.666667 -1
0 -2.154543 -26.929588 -1.321245 0.583333 0.333333 -1
0 -1.298504 -32.133942 -0.749691 0.583333 0.000000 -1
0 -1.314843 -8.106529 -2.277375 0.000000 0.000000 -1
0 -0.749691 -32.133942 -1.298504 0.000000 0.000000 -1
0 -1.437072 -20.898125 -2.517310 0.666667 0.666667 -1
0 -1.314843 -8.106529 -2.277375 0.666667 1.000000 -1
0 -1.243926 -26.929588 -2.288464 0.666667 0.333333 -1
0 -0.749691 -32.133942 -1.298504 0.666667 0.000000 -1
0 0.000000 -8.106529 -2.629686 0.000000 0.000000 -1
0 0.000000 -32.133942 -1.499383 0.000000 0.000000 -1
0 0.000000 -8.106529 -2.629686 0.750000 1.000000 -1
0 0.016297 -20.898125 -2.906739 0.750000 0.666667 -1
0 0.000000 -26.929588 -2.642491 0.750000 0.333333 -1
0 0.000000 -32.133942 -1.499383 0.750000 0.000000 -1
0 1.314843 -8.106529 -2.277375 0.000000 0.000000 -1
0 0.749691 -32.133942 -1.298504 0.000000 0.000000 -1
0 1.469667 -20.898125 -2.517310 0.833333 0.666667 -1
0 1.314843 -8.106529 -2.277375 0.833333 1.000000 -1
0 1.243926 -26.929588 -2.288464 0.833333 0.333333 -1
0 0.749691 -32.133942 -1.298504 0.833333 0.000000 -1
0 2.277375 -8.106529 -1.314843 0.000000 0.000000 -1
0 1.298504 -32.133942 -0.749691 0.000000 0.000000 -1
0 2.277375 -8.106529 -1.314843 0.916667 1.000000 -1
0 2.533607 -20.898125 -1.453370 0.916667 0.666667 -1
0 2.154543 -26.929588 -1.321245 0.916667 0.333333 -1
0 1.298504 -32.133942 -0.749691 0.916667 0.000000 -1
0 2.923036 -20.898125 -0.000000 1.000000 0.666667 -1
0 2.629686 -8.106529 0.000000 1.000000 1.000000 -1
0 2.487853 -26.929588 0.000000 1.000000 0.333333 -1
0 1.499383 -32.133942 0.000000 1.000000 0.000000 -1
54
0.000000 1.000000 0.000000
0.000000 -1.000000 0.000000
0.865801 0.022756 0.499871
0.966614 -0.022956 0.255208
0.965689 0.022146 0.258756
0.865816 -0.021265 0.499911
0.864278 -0.129521 0.486053
0.961938 -0.125651 0.242668
0.951527 -0.182614 0.247485
0.849717 -0.193623 0.490399
0.504826 -0.015100 0.863089
0.499874 0.022290 0.865811
0.515296 -0.129984 0.847098
0.499149 -0.206500 0.841551
-0.000002 0.021654 0.999766
-0.000005 -0.011065 0.999939
-0.000004 -0.130121 0.991498
0.000000 -0.214531 0.976717
-0.504842 -0.014365 0.863092
-0.499891 0.021017 0.865833
-0.515398 -0.128597 0.847247
-0.499149 -0.206500 0.841551
-0.865843 0.020551 0.499894
-0.865842 -0.020037 0.499916
-0.864545 -0.127196 0.486193
-0.849717 -0.193623 0.490399
-0.999751 -0.022322 0.000000
-0.999792 0.020381 0.000000
-0.991921 -0.126857 -0.000000
-0.982077 -0.188478 -0.000000
-0.865843 0.020551 -0.499894
-0.865842 -0.020037 -0.499916
-0.864545 -0.127196 -0.486193
-0.849717 -0.193623 -0.490399
-0.504842 -0.014365 -0.863092
-0.499891 0.021017 -0.865833
-0.515398 -0.128597 -0.847247
-0.499149 -0.206500 -0.841551
-0.000002 0.021654 -0.999766
-0.000005 -0.011065 -0.999939
-0.000004 -0.130121 -0.991498
0.000000 -0.214531 -0.976717
0.504826 -0.015100 -0.863089
0.499874 0.022290 -0.865811
0.515296 -0.129984 -0.847098
0.499149 -0.206500 -0.841551
0.865801 0.022756 -0.499871
0.865816 -0.021265 -0.499911
0.864278 -0.129521 -0.486053
0.849717 -0.193623 -0.490399
0.966614 -0.022956 -0.255208
0.965689 0.022146 -0.258756
0.961938 -0.125651 -0.242668
0.951527 -0.182614 -0.247485
96
0 0 1 2 0 0 0 2
0 3 4 5 1 1 1 2
0 6 7 8 2 3 4 1
0 6 9 7 2 5 3 1
0 10 11 7 6 7 3 1
0 9 10 7 5 6 3 1
0 10 5 11 6 8 7 1
0 10 12 5 6 9 8 1
0 0 13 1 0 0 0 2
0 14 4 3 1 1 1 2
0 15 9 6 10 5 2 1
0 16 15 6 11 10 2 1
0 15 10 9 10 6 5 1
0 15 17 10 10 12 6 1
0 18 12 10 13 9 6 1
0 17 18 10 12 13 6 1
0 0 19 13 0 0 0 2
0 20 4 14 1 1 1 2
0 21 15 16 14 10 11 1
0 21 22 15 14 15 10 1
0 23 17 15 16 12 10 1
0 22 23 15 15 16 10 1
0 23 18 17 16 13 12 1
0 23 24 18 16 17 13 1
0 0 25 19 0 0 0 2
0 26 4 20 1 1 1 2
0 27 22 21 18 15 14 1
0 28 27 21 19 18 14 1
0 27 23 22 18 16 15 1
0 27 29 23 18 20 16 1
0 30 24 23 21 17 16 1
0 29 30 23 20 21 16 1
0 0 31 25 0 0 0 2
0 32 4 26 1 1 1 2
0 33 27 28 22 18 19 1
0 33 34 27 22 23 18 1
0 35 29 27 24 20 18 1
0 34 35 27 23 24 18 1
0 35 30 29 24 21 20 1
0 35 36 30 24 25 21 1
0 0 37 31 0 0 0 2
0 38 4 32 1 1 1 2
0 39 34 33 26 23 22 1
0 40 39 33 27 26 22 1
0 39 35 34 26 24 23 1
0 39 41 35 26 28 24 1
0 42 36 35 29 25 24 1
0 41 42 35 28 29 24 1
0 0 43 37 0 0 0 2
0 44 4 38 1 1 1 2
0 45 39 40 30 26 27 1
0 45 46 39 30 31 26 1
0 47 41 39 32 28 26 1
0 46 47 39 31 32 26 1
0 47 42 41 32 29 28 1
0 47 48 42 32 33 29 1
0 0 49 43 0 0 0 2
0 50 4 44 1 1 1 2
0 51 46 45 34 31 30 1
0 52 51 45 35 34 30 1
0 51 47 46 34 32 31 1
0 51 53 47 34 36 32 1
0 54 48 47 37 33 32 1
0 53 54 47 36 37 32 1
0 0 55 49 0 0 0 2
0 56 4 50 1 1 1 2
0 57 51 52 38 34 35 1
0 57 58 51 38 39 34 1
0 59 53 51 40 36 34 1
0 58 59 51 39 40 34 1
0 59 54 53 40 37 36 1
0 59 60 54 40 41 37 1
0 0 61 55 0 0 0 2
0 62 4 56 1 1 1 2
0 63 58 57 42 39 38 1
0 64 63 57 43 42 38 1
0 63 59 58 42 40 39 1
0 63 65 59 42 44 40 1
0 66 60 59 45 41 40 1
0 65 66 59 44 45 40 1
0 0 67 61 0 0 0 2
0 68 4 62 1 1 1 2
0 69 63 64 46 42 43 1
0 69 70 63 46 47 42 1
0 71 65 63 48 44 42 1
0 70 71 63 47 48 42 1
0 71 66 65 48 45 44 1
0 71 72 66 48 49 45 1
0 0 2 67 0 0 0 2
0 5 4 68 1 1 1 2
0 73 70 69 50 47 46 1
0 74 73 69 51 50 46 1
0 73 71 70 50 48 47 1
0 73 75 71 50 52 48 1
0 76 72 71 53 49 48 1
0 75 76 71 52 53 48 1

Materials: 3
"Material01"
0.200000 0.200000 0.200000 1.000000
1.000000 0.501961 0.000000 1.000000
0.000000 0.000000 0.000000 1.000000
1.000000 0.501961 0.000000 1.000000
0.000000
1.000000
"sphere_chrome.bmp"
""
"Material02"
0.200000 0.200000 0.200000 1.000000
0.501961 0.501961 0.501961 1.000000
0.000000 0.000000 0.000000 1.000000
0.000000 0.000000 0.000000 1.000000
0.000000
1.000000
"sphere_cball.bmp"
""
"Material03"
0.200000 0.200000 0.200000 1.000000
1.000000 0.000000 0.000000 1.000000
0.000000 0.000000 0.000000 1.000000
1.000000 0.000000 0.000000 1.000000
0.000000
1.000000
"sphere_chrome.bmp"
""

Bones: 0
GroupComments: 0
MaterialComments: 0
BoneComments: 0
ModelComment: 0
