// MilkShape 3D ASCII

Frames: 30
Frame: 1

Meshes: 3
"Cylinder01" 1 0
50
1 4.150000 -6.000000 0.000000 0.000000 0.833333 -1
1 3.735000 5.499407 0.000000 0.000000 0.666667 -1
1 2.934493 -6.000000 2.934493 0.125000 0.833333 -1
1 2.641044 5.499407 2.641044 0.125000 0.666667 -1
1 3.361500 6.526510 0.000000 0.000000 0.500000 -1
1 2.376939 6.526510 2.376939 0.125000 0.500000 -1
1 3.025350 7.408882 0.000000 0.000000 0.333333 -1
1 2.139245 7.408882 2.139245 0.125000 0.333333 -1
1 2.450533 8.165203 0.000000 0.000000 0.166667 -1
1 1.732789 8.165203 1.732789 0.125000 0.166667 -1
1 0.000000 9.000000 -0.000000 0.000000 0.000000 -1
1 0.000000 5.499407 3.735000 0.250000 0.666667 -1
1 0.000000 -6.000000 4.150000 0.250000 0.833333 -1
1 0.000000 6.526510 3.361500 0.250000 0.500000 -1
1 0.000000 7.408882 3.025350 0.250000 0.333333 -1
1 0.000000 8.165203 2.450533 0.250000 0.166667 -1
1 0.000000 9.000000 -0.000000 0.250000 0.000000 -1
1 -2.934493 -6.000000 2.934493 0.375000 0.833333 -1
1 -2.641044 5.499407 2.641044 0.375000 0.666667 -1
1 -2.376939 6.526510 2.376939 0.375000 0.500000 -1
1 -2.139245 7.408882 2.139245 0.375000 0.333333 -1
1 -1.732789 8.165203 1.732789 0.375000 0.166667 -1
1 -3.735000 5.499407 0.000000 0.500000 0.666667 -1
1 -4.150000 -6.000000 0.000000 0.500000 0.833333 -1
1 -3.361500 6.526510 0.000000 0.500000 0.500000 -1
1 -3.025350 7.408882 0.000000 0.500000 0.333333 -1
1 -2.450533 8.165203 0.000000 0.500000 0.166667 -1
1 0.000000 9.000000 -0.000000 0.500000 0.000000 -1
1 -2.934493 -6.000000 -2.934493 0.625000 0.833333 -1
1 -2.641044 5.499407 -2.641044 0.625000 0.666667 -1
1 -2.376939 6.526510 -2.376939 0.625000 0.500000 -1
1 -2.139245 7.408882 -2.139245 0.625000 0.333333 -1
1 -1.732789 8.165203 -1.732789 0.625000 0.166667 -1
1 0.000000 5.499407 -3.735000 0.750000 0.666667 -1
1 -0.000000 -6.000000 -4.150000 0.750000 0.833333 -1
1 0.000000 6.526510 -3.361500 0.750000 0.500000 -1
1 0.000000 7.408882 -3.025350 0.750000 0.333333 -1
1 0.000000 8.165203 -2.450533 0.750000 0.166667 -1
1 0.000000 9.000000 -0.000000 0.750000 0.000000 -1
1 2.934493 -6.000000 -2.934493 0.875000 0.833333 -1
1 2.641044 5.499407 -2.641044 0.875000 0.666667 -1
1 2.376939 6.526510 -2.376939 0.875000 0.500000 -1
1 2.139245 7.408882 -2.139245 0.875000 0.333333 -1
1 1.732789 8.165203 -1.732789 0.875000 0.166667 -1
1 3.735000 5.499407 0.000000 1.000000 0.666667 -1
1 4.150000 -6.000000 0.000000 1.000000 0.833333 -1
1 3.361500 6.526510 0.000000 1.000000 0.500000 -1
1 3.025350 7.408882 0.000000 1.000000 0.333333 -1
1 2.450533 8.165203 0.000000 1.000000 0.166667 -1
1 0.000000 9.000000 -0.000000 1.000000 0.000000 -1
41
0.999349 0.036065 0.000000
0.981414 0.191900 -0.000000
0.706647 0.036065 0.706647
0.693965 0.191900 0.693965
0.937164 0.348889 0.000000
0.662675 0.348889 0.662675
0.873601 0.486643 -0.000000
0.617729 0.486643 0.617729
0.579483 0.814984 0.000000
0.466386 0.751644 0.466386
0.000000 1.000000 0.000000
0.000000 0.191900 0.981414
0.000000 0.036065 0.999349
0.000000 0.348889 0.937164
0.000000 0.486643 0.873601
0.000000 0.814984 0.579483
-0.706647 0.036065 0.706647
-0.693965 0.191900 0.693965
-0.662675 0.348889 0.662675
-0.617729 0.486643 0.617729
-0.466386 0.751644 0.466386
-0.981414 0.191900 0.000000
-0.999349 0.036065 0.000000
-0.937164 0.348889 0.000000
-0.873601 0.486643 0.000000
-0.579483 0.814984 0.000000
-0.706647 0.036065 -0.706647
-0.693965 0.191900 -0.693965
-0.662675 0.348889 -0.662675
-0.617729 0.486643 -0.617729
-0.466386 0.751644 -0.466386
-0.000000 0.191900 -0.981414
0.000000 0.036065 -0.999349
0.000000 0.348889 -0.937164
-0.000000 0.486643 -0.873601
0.000000 0.814984 -0.579483
0.706647 0.036065 -0.706647
0.693965 0.191900 -0.693965
0.662675 0.348889 -0.662675
0.617729 0.486643 -0.617729
0.466386 0.751644 -0.466386
72
1 0 1 2 0 1 2 1
1 1 3 2 1 3 2 1
1 1 4 5 1 4 5 1
1 1 5 3 1 5 3 1
1 4 6 5 4 6 5 1
1 6 7 5 6 7 5 1
1 6 8 9 6 8 9 1
1 6 9 7 6 9 7 1
1 8 10 9 8 10 9 1
1 2 3 11 2 3 11 1
1 2 11 12 2 11 12 1
1 3 5 11 3 5 11 1
1 5 13 11 5 13 11 1
1 5 7 14 5 7 14 1
1 5 14 13 5 14 13 1
1 7 9 14 7 9 14 1
1 9 15 14 9 15 14 1
1 9 16 15 9 10 15 1
1 12 11 17 12 11 16 1
1 11 18 17 11 17 16 1
1 11 13 19 11 13 18 1
1 11 19 18 11 18 17 1
1 13 14 19 13 14 18 1
1 14 20 19 14 19 18 1
1 14 15 21 14 15 20 1
1 14 21 20 14 20 19 1
1 15 16 21 15 10 20 1
1 17 18 22 16 17 21 1
1 17 22 23 16 21 22 1
1 18 19 22 17 18 21 1
1 19 24 22 18 23 21 1
1 19 20 25 18 19 24 1
1 19 25 24 18 24 23 1
1 20 21 25 19 20 24 1
1 21 26 25 20 25 24 1
1 21 27 26 20 10 25 1
1 23 22 28 22 21 26 1
1 22 29 28 21 27 26 1
1 22 24 30 21 23 28 1
1 22 30 29 21 28 27 1
1 24 25 30 23 24 28 1
1 25 31 30 24 29 28 1
1 25 26 32 24 25 30 1
1 25 32 31 24 30 29 1
1 26 27 32 25 10 30 1
1 28 29 33 26 27 31 1
1 28 33 34 26 31 32 1
1 29 30 33 27 28 31 1
1 30 35 33 28 33 31 1
1 30 31 36 28 29 34 1
1 30 36 35 28 34 33 1
1 31 32 36 29 30 34 1
1 32 37 36 30 35 34 1
1 32 38 37 30 10 35 1
1 34 33 39 32 31 36 1
1 33 40 39 31 37 36 1
1 33 35 41 31 33 38 1
1 33 41 40 31 38 37 1
1 35 36 41 33 34 38 1
1 36 42 41 34 39 38 1
1 36 37 43 34 35 40 1
1 36 43 42 34 40 39 1
1 37 38 43 35 10 40 1
1 39 40 44 36 37 1 1
1 39 44 45 36 1 0 1
1 40 41 44 37 38 1 1
1 41 46 44 38 4 1 1
1 41 42 47 38 39 6 1
1 41 47 46 38 6 4 1
1 42 43 47 39 40 6 1
1 43 48 47 40 8 6 1
1 43 49 48 40 10 8 1
"base" 1 1
27
1 4.150000 -9.000000 0.000000 0.000000 0.000000 -1
1 2.934493 -9.000000 2.934493 0.000000 0.000000 -1
1 0.000000 -9.000000 0.000000 0.000000 0.000000 -1
1 4.150000 -9.000000 0.000000 0.000000 1.000000 -1
1 4.150000 -6.000000 0.000000 0.000000 0.833333 -1
1 2.934493 -6.000000 2.934493 0.125000 0.833333 -1
1 2.934493 -9.000000 2.934493 0.125000 1.000000 -1
1 0.000000 -9.000000 4.150000 0.000000 0.000000 -1
1 0.000000 -9.000000 4.150000 0.250000 1.000000 -1
1 0.000000 -6.000000 4.150000 0.250000 0.833333 -1
1 -2.934493 -9.000000 2.934493 0.000000 0.000000 -1
1 -2.934493 -6.000000 2.934493 0.375000 0.833333 -1
1 -2.934493 -9.000000 2.934493 0.375000 1.000000 -1
1 -4.150000 -9.000000 0.000000 0.000000 0.000000 -1
1 -4.150000 -9.000000 0.000000 0.500000 1.000000 -1
1 -4.150000 -6.000000 0.000000 0.500000 0.833333 -1
1 -2.934493 -9.000000 -2.934493 0.000000 0.000000 -1
1 -2.934493 -6.000000 -2.934493 0.625000 0.833333 -1
1 -2.934493 -9.000000 -2.934493 0.625000 1.000000 -1
1 -0.000000 -9.000000 -4.150000 0.000000 0.000000 -1
1 -0.000000 -9.000000 -4.150000 0.750000 1.000000 -1
1 -0.000000 -6.000000 -4.150000 0.750000 0.833333 -1
1 2.934493 -9.000000 -2.934493 0.000000 0.000000 -1
1 2.934493 -6.000000 -2.934493 0.875000 0.833333 -1
1 2.934493 -9.000000 -2.934493 0.875000 1.000000 -1
1 4.150000 -9.000000 0.000000 1.000000 1.000000 -1
1 4.150000 -6.000000 0.000000 1.000000 0.833333 -1
13
0.000000 -1.000000 0.000000
1.000000 0.000000 0.000000
0.707107 0.000000 0.707107
0.707107 0.000000 0.707107
0.000000 0.000000 1.000000
-0.707107 0.000000 0.707107
-0.707107 0.000000 0.707107
-1.000000 0.000000 0.000000
-0.707107 0.000000 -0.707107
-0.707107 0.000000 -0.707107
0.000000 0.000000 -1.000000
0.707107 0.000000 -0.707107
0.707107 0.000000 -0.707107
24
1 0 1 2 0 0 0 2
1 3 4 5 1 1 2 1
1 3 5 6 1 2 3 1
1 1 7 2 0 0 0 2
1 6 5 8 3 2 4 1
1 5 9 8 2 4 4 1
1 7 10 2 0 0 0 2
1 8 9 11 4 4 5 1
1 8 11 12 4 5 6 1
1 10 13 2 0 0 0 2
1 12 11 14 6 5 7 1
1 11 15 14 5 7 7 1
1 13 16 2 0 0 0 2
1 14 15 17 7 7 8 1
1 14 17 18 7 8 9 1
1 16 19 2 0 0 0 2
1 18 17 20 9 8 10 1
1 17 21 20 8 10 10 1
1 19 22 2 0 0 0 2
1 20 21 23 10 10 11 1
1 20 23 24 10 11 12 1
1 22 0 2 0 0 0 2
1 24 23 25 12 11 1 1
1 23 26 25 11 1 1 1
"Regroup00" 1 1
81
1 4.150000 -2.825249 0.000000 0.000000 0.000000 -1
1 2.934493 -2.825249 2.934493 0.000000 0.000000 -1
1 0.000000 -2.825249 0.000000 0.000000 0.000000 -1
1 4.150000 -2.825249 0.000000 0.000000 1.000000 -1
1 4.150000 -2.109093 0.000000 0.000000 0.833333 -1
1 2.934493 -2.109093 2.934493 0.125000 0.833333 -1
1 2.934493 -2.825249 2.934493 0.125000 1.000000 -1
1 0.000000 -2.825249 4.150000 0.000000 0.000000 -1
1 0.000000 -2.825249 4.150000 0.250000 1.000000 -1
1 0.000000 -2.109093 4.150000 0.250000 0.833333 -1
1 -2.934493 -2.825249 2.934493 0.000000 0.000000 -1
1 -2.934493 -2.109093 2.934493 0.375000 0.833333 -1
1 -2.934493 -2.825249 2.934493 0.375000 1.000000 -1
1 -4.150000 -2.825249 0.000000 0.000000 0.000000 -1
1 -4.150000 -2.825249 0.000000 0.500000 1.000000 -1
1 -4.150000 -2.109093 0.000000 0.500000 0.833333 -1
1 -2.934493 -2.825249 -2.934493 0.000000 0.000000 -1
1 -2.934493 -2.109093 -2.934493 0.625000 0.833333 -1
1 -2.934493 -2.825249 -2.934493 0.625000 1.000000 -1
1 -0.000000 -2.825249 -4.150000 0.000000 0.000000 -1
1 -0.000000 -2.825249 -4.150000 0.750000 1.000000 -1
1 -0.000000 -2.109093 -4.150000 0.750000 0.833333 -1
1 2.934493 -2.825249 -2.934493 0.000000 0.000000 -1
1 2.934493 -2.109093 -2.934493 0.875000 0.833333 -1
1 2.934493 -2.825249 -2.934493 0.875000 1.000000 -1
1 4.150000 -2.825249 0.000000 1.000000 1.000000 -1
1 4.150000 -2.109093 0.000000 1.000000 0.833333 -1
1 4.150000 -4.025249 0.000000 0.000000 0.000000 -1
1 2.934493 -4.025249 2.934493 0.000000 0.000000 -1
1 0.000000 -4.025249 0.000000 0.000000 0.000000 -1
1 4.150000 -4.025249 0.000000 0.000000 1.000000 -1
1 4.150000 -3.309093 0.000000 0.000000 0.833333 -1
1 2.934493 -3.309093 2.934493 0.125000 0.833333 -1
1 2.934493 -4.025249 2.934493 0.125000 1.000000 -1
1 0.000000 -4.025249 4.150000 0.000000 0.000000 -1
1 0.000000 -4.025249 4.150000 0.250000 1.000000 -1
1 0.000000 -3.309093 4.150000 0.250000 0.833333 -1
1 -2.934493 -4.025249 2.934493 0.000000 0.000000 -1
1 -2.934493 -3.309093 2.934493 0.375000 0.833333 -1
1 -2.934493 -4.025249 2.934493 0.375000 1.000000 -1
1 -4.150000 -4.025249 0.000000 0.000000 0.000000 -1
1 -4.150000 -4.025249 0.000000 0.500000 1.000000 -1
1 -4.150000 -3.309093 0.000000 0.500000 0.833333 -1
1 -2.934493 -4.025249 -2.934493 0.000000 0.000000 -1
1 -2.934493 -3.309093 -2.934493 0.625000 0.833333 -1
1 -2.934493 -4.025249 -2.934493 0.625000 1.000000 -1
1 -0.000000 -4.025249 -4.150000 0.000000 0.000000 -1
1 -0.000000 -4.025249 -4.150000 0.750000 1.000000 -1
1 -0.000000 -3.309093 -4.150000 0.750000 0.833333 -1
1 2.934493 -4.025249 -2.934493 0.000000 0.000000 -1
1 2.934493 -3.309093 -2.934493 0.875000 0.833333 -1
1 2.934493 -4.025249 -2.934493 0.875000 1.000000 -1
1 4.150000 -4.025249 0.000000 1.000000 1.000000 -1
1 4.150000 -3.309093 0.000000 1.000000 0.833333 -1
1 4.150000 -5.325248 0.000000 0.000000 0.000000 -1
1 2.934493 -5.325248 2.934493 0.000000 0.000000 -1
1 0.000000 -5.325248 0.000000 0.000000 0.000000 -1
1 4.150000 -5.325248 0.000000 0.000000 1.000000 -1
1 4.150000 -4.609092 0.000000 0.000000 0.833333 -1
1 2.934493 -4.609092 2.934493 0.125000 0.833333 -1
1 2.934493 -5.325248 2.934493 0.125000 1.000000 -1
1 0.000000 -5.325248 4.150000 0.000000 0.000000 -1
1 0.000000 -5.325248 4.150000 0.250000 1.000000 -1
1 0.000000 -4.609092 4.150000 0.250000 0.833333 -1
1 -2.934493 -5.325248 2.934493 0.000000 0.000000 -1
1 -2.934493 -4.609092 2.934493 0.375000 0.833333 -1
1 -2.934493 -5.325248 2.934493 0.375000 1.000000 -1
1 -4.150000 -5.325248 0.000000 0.000000 0.000000 -1
1 -4.150000 -5.325248 0.000000 0.500000 1.000000 -1
1 -4.150000 -4.609092 0.000000 0.500000 0.833333 -1
1 -2.934493 -5.325248 -2.934493 0.000000 0.000000 -1
1 -2.934493 -4.609092 -2.934493 0.625000 0.833333 -1
1 -2.934493 -5.325248 -2.934493 0.625000 1.000000 -1
1 -0.000000 -5.325248 -4.150000 0.000000 0.000000 -1
1 -0.000000 -5.325248 -4.150000 0.750000 1.000000 -1
1 -0.000000 -4.609092 -4.150000 0.750000 0.833333 -1
1 2.934493 -5.325248 -2.934493 0.000000 0.000000 -1
1 2.934493 -4.609092 -2.934493 0.875000 0.833333 -1
1 2.934493 -5.325248 -2.934493 0.875000 1.000000 -1
1 4.150000 -5.325248 0.000000 1.000000 1.000000 -1
1 4.150000 -4.609092 0.000000 1.000000 0.833333 -1
13
0.000000 -1.000000 0.000000
1.000000 0.000000 0.000000
0.707107 0.000000 0.707107
0.707107 0.000000 0.707107
0.000000 0.000000 1.000000
-0.707107 0.000000 0.707107
-0.707107 0.000000 0.707107
-1.000000 0.000000 0.000000
-0.707107 0.000000 -0.707107
-0.707107 0.000000 -0.707107
0.000000 0.000000 -1.000000
0.707107 0.000000 -0.707107
0.707107 0.000000 -0.707107
72
1 0 1 2 0 0 0 2
1 3 4 5 1 1 2 1
1 3 5 6 1 2 3 1
1 1 7 2 0 0 0 2
1 6 5 8 3 2 4 1
1 5 9 8 2 4 4 1
1 7 10 2 0 0 0 2
1 8 9 11 4 4 5 1
1 8 11 12 4 5 6 1
1 10 13 2 0 0 0 2
1 12 11 14 6 5 7 1
1 11 15 14 5 7 7 1
1 13 16 2 0 0 0 2
1 14 15 17 7 7 8 1
1 14 17 18 7 8 9 1
1 16 19 2 0 0 0 2
1 18 17 20 9 8 10 1
1 17 21 20 8 10 10 1
1 19 22 2 0 0 0 2
1 20 21 23 10 10 11 1
1 20 23 24 10 11 12 1
1 22 0 2 0 0 0 2
1 24 23 25 12 11 1 1
1 23 26 25 11 1 1 1
1 27 28 29 0 0 0 2
1 30 31 32 1 1 2 1
1 30 32 33 1 2 3 1
1 28 34 29 0 0 0 2
1 33 32 35 3 2 4 1
1 32 36 35 2 4 4 1
1 34 37 29 0 0 0 2
1 35 36 38 4 4 5 1
1 35 38 39 4 5 6 1
1 37 40 29 0 0 0 2
1 39 38 41 6 5 7 1
1 38 42 41 5 7 7 1
1 40 43 29 0 0 0 2
1 41 42 44 7 7 8 1
1 41 44 45 7 8 9 1
1 43 46 29 0 0 0 2
1 45 44 47 9 8 10 1
1 44 48 47 8 10 10 1
1 46 49 29 0 0 0 2
1 47 48 50 10 10 11 1
1 47 50 51 10 11 12 1
1 49 27 29 0 0 0 2
1 51 50 52 12 11 1 1
1 50 53 52 11 1 1 1
1 54 55 56 0 0 0 2
1 57 58 59 1 1 2 1
1 57 59 60 1 2 3 1
1 55 61 56 0 0 0 2
1 60 59 62 3 2 4 1
1 59 63 62 2 4 4 1
1 61 64 56 0 0 0 2
1 62 63 65 4 4 5 1
1 62 65 66 4 5 6 1
1 64 67 56 0 0 0 2
1 66 65 68 6 5 7 1
1 65 69 68 5 7 7 1
1 67 70 56 0 0 0 2
1 68 69 71 7 7 8 1
1 68 71 72 7 8 9 1
1 70 73 56 0 0 0 2
1 72 71 74 9 8 10 1
1 71 75 74 8 10 10 1
1 73 76 56 0 0 0 2
1 74 75 77 10 10 11 1
1 74 77 78 10 11 12 1
1 76 54 56 0 0 0 2
1 78 77 79 12 11 1 1
1 77 80 79 11 1 1 1

Materials: 2
"Material01"
0.200000 0.200000 0.200000 1.000000
1.000000 1.000000 1.000000 1.000000
0.000000 0.000000 0.000000 1.000000
0.141176 0.141176 0.141176 1.000000
0.000000
1.000000
"sphere_chrome.bmp"
""
"Material02"
0.200000 0.200000 0.200000 1.000000
0.000000 1.000000 0.000000 1.000000
0.000000 0.000000 0.000000 1.000000
0.000000 0.501961 0.000000 1.000000
0.000000
1.000000
"sphere_chrome.bmp"
""

Bones: 0
GroupComments: 0
MaterialComments: 0
BoneComments: 0
ModelComment: 0
