// MilkShape 3D ASCII

Frames: 30
Frame: 1

Meshes: 4
"Cylinder02" 0 1
35
1 4.500000 12.881138 0.268523 0.000000 0.000000 -1
1 3.181980 13.158464 3.438396 0.000000 0.000000 -1
1 0.000000 12.881138 0.268523 0.000000 0.000000 -1
1 4.500000 29.617208 -1.195693 0.000000 0.000000 -1
1 0.000000 29.617208 -1.195693 0.000000 0.000000 -1
1 3.181980 29.894547 1.974179 0.000000 0.000000 -1
1 4.500000 12.881138 0.268523 0.000000 1.000000 -1
1 3.181980 13.158464 3.438396 0.125000 1.000000 -1
1 3.181980 29.894547 1.974179 0.125000 0.000000 -1
1 0.000000 13.273337 4.751400 0.000000 0.000000 -1
1 0.000000 30.009415 3.287182 0.000000 0.000000 -1
1 0.000000 30.009415 3.287182 0.250000 0.000000 -1
1 0.000000 13.273337 4.751400 0.250000 1.000000 -1
1 -3.181980 13.158464 3.438396 0.000000 0.000000 -1
1 -3.181980 29.894547 1.974179 0.000000 0.000000 -1
1 -3.181980 13.158464 3.438396 0.375000 1.000000 -1
1 -3.181980 29.894547 1.974179 0.375000 0.000000 -1
1 -4.500000 12.881138 0.268523 0.000000 0.000000 -1
1 -4.500000 29.617208 -1.195693 0.000000 0.000000 -1
1 -4.500000 29.617208 -1.195693 0.500000 0.000000 -1
1 -4.500000 12.881138 0.268523 0.500000 1.000000 -1
1 -3.181980 12.603807 -2.901349 0.000000 0.000000 -1
1 -3.181980 29.339886 -4.365568 0.000000 0.000000 -1
1 -3.181980 12.603807 -2.901349 0.625000 1.000000 -1
1 -3.181980 29.339886 -4.365568 0.625000 0.000000 -1
1 -0.000000 12.488935 -4.214355 0.000000 0.000000 -1
1 -0.000000 29.225014 -5.678570 0.000000 0.000000 -1
1 -0.000000 29.225014 -5.678570 0.750000 0.000000 -1
1 -0.000000 12.488935 -4.214355 0.750000 1.000000 -1
1 3.181980 12.603807 -2.901349 0.000000 0.000000 -1
1 3.181980 29.339886 -4.365568 0.000000 0.000000 -1
1 3.181980 12.603807 -2.901349 0.875000 1.000000 -1
1 3.181980 29.339886 -4.365568 0.875000 0.000000 -1
1 4.500000 29.617208 -1.195693 1.000000 0.000000 -1
1 4.500000 12.881138 0.268523 1.000000 1.000000 -1
32
0.000000 -0.996195 0.087156
-0.000000 -0.996195 0.087155
0.000000 -0.996195 0.087156
0.000000 0.996195 -0.087156
0.000000 0.996195 -0.087156
-0.000001 0.996194 -0.087158
1.000000 0.000000 0.000000
1.000000 -0.000000 0.000000
0.707107 0.061628 0.704416
0.707107 0.061628 0.704416
0.000000 -0.996195 0.087155
0.000000 0.996195 -0.087157
0.000000 0.087156 0.996195
0.000000 0.087156 0.996195
0.000000 -0.996195 0.087155
0.000001 0.996194 -0.087158
-0.707107 0.061628 0.704416
-0.707107 0.061628 0.704416
-1.000000 -0.000000 0.000000
-1.000000 0.000000 0.000000
0.000000 -0.996195 0.087156
0.000000 0.996195 -0.087154
-0.707107 -0.061628 -0.704416
-0.707107 -0.061628 -0.704416
-0.000000 -0.996195 0.087156
0.000000 0.996195 -0.087154
0.000000 -0.087156 -0.996195
0.000000 -0.087156 -0.996195
-0.000000 -0.996195 0.087156
-0.000000 0.996195 -0.087154
0.707107 -0.061628 -0.704416
0.707107 -0.061628 -0.704416
32
0 0 1 2 0 1 2 2
0 3 4 5 3 4 5 2
0 6 3 7 6 7 8 1
0 3 8 7 7 9 8 1
0 1 9 2 1 10 2 2
0 5 4 10 5 4 11 2
0 7 8 11 8 9 12 1
0 7 11 12 8 12 13 1
0 9 13 2 10 14 2 2
0 10 4 14 11 4 15 2
0 12 11 15 13 12 16 1
0 11 16 15 12 17 16 1
0 13 17 2 14 0 2 2
0 14 4 18 15 4 3 2
0 15 16 19 16 17 18 1
0 15 19 20 16 18 19 1
0 17 21 2 0 20 2 2
0 18 4 22 3 4 21 2
0 20 19 23 19 18 22 1
0 19 24 23 18 23 22 1
0 21 25 2 20 24 2 2
0 22 4 26 21 4 25 2
0 23 24 27 22 23 26 1
0 23 27 28 22 26 27 1
0 25 29 2 24 28 2 2
0 26 4 30 25 4 29 2
0 28 27 31 27 26 30 1
0 27 32 31 26 31 30 1
0 29 0 2 28 0 2 2
0 30 4 3 29 4 3 2
0 31 32 33 30 31 7 1
0 31 33 34 30 7 6 1
"Cylinder03" 0 1
35
1 1.600000 -3.465185 1.598259 0.000000 0.000000 -1
1 1.131371 -3.366573 2.725324 0.000000 0.000000 -1
1 0.000000 -3.465185 1.598259 0.000000 0.000000 -1
1 1.600000 0.320356 1.267067 0.000000 0.000000 -1
1 0.000000 0.320356 1.267067 0.000000 0.000000 -1
1 1.131371 0.418966 2.394132 0.000000 0.000000 -1
1 1.600000 -3.465185 1.598259 0.000000 1.000000 -1
1 1.131371 -3.366573 2.725324 0.125000 1.000000 -1
1 1.131371 0.418966 2.394132 0.125000 0.000000 -1
1 0.000000 -3.325733 3.192171 0.000000 0.000000 -1
1 0.000000 0.459809 2.860978 0.000000 0.000000 -1
1 0.000000 0.459809 2.860978 0.250000 0.000000 -1
1 0.000000 -3.325733 3.192171 0.250000 1.000000 -1
1 -1.131371 -3.366573 2.725324 0.000000 0.000000 -1
1 -1.131371 0.418966 2.394132 0.000000 0.000000 -1
1 -1.131371 -3.366573 2.725324 0.375000 1.000000 -1
1 -1.131371 0.418966 2.394132 0.375000 0.000000 -1
1 -1.600000 -3.465185 1.598259 0.000000 0.000000 -1
1 -1.600000 0.320356 1.267067 0.000000 0.000000 -1
1 -1.600000 0.320356 1.267067 0.500000 0.000000 -1
1 -1.600000 -3.465185 1.598259 0.500000 1.000000 -1
1 -1.131371 -3.563782 0.471192 0.000000 0.000000 -1
1 -1.131371 0.221753 0.140000 0.000000 0.000000 -1
1 -1.131371 -3.563782 0.471192 0.625000 1.000000 -1
1 -1.131371 0.221753 0.140000 0.625000 0.000000 -1
1 -0.000000 -3.604631 0.004346 0.000000 0.000000 -1
1 -0.000000 0.180910 -0.326846 0.000000 0.000000 -1
1 -0.000000 0.180910 -0.326846 0.750000 0.000000 -1
1 -0.000000 -3.604631 0.004346 0.750000 1.000000 -1
1 1.131371 -3.563782 0.471192 0.000000 0.000000 -1
1 1.131371 0.221753 0.140000 0.000000 0.000000 -1
1 1.131371 -3.563782 0.471192 0.875000 1.000000 -1
1 1.131371 0.221753 0.140000 0.875000 0.000000 -1
1 1.600000 0.320356 1.267067 1.000000 0.000000 -1
1 1.600000 -3.465185 1.598259 1.000000 1.000000 -1
32
0.000000 -0.996195 0.087155
0.000002 -0.996194 0.087159
0.000000 -0.996195 0.087155
0.000000 0.996195 -0.087157
0.000000 0.996195 -0.087156
-0.000001 0.996194 -0.087159
1.000000 0.000000 0.000000
1.000000 -0.000000 0.000000
0.707107 0.061628 0.704416
0.707107 0.061628 0.704416
0.000000 -0.996195 0.087157
0.000000 0.996194 -0.087158
0.000000 0.087156 0.996195
0.000000 0.087156 0.996195
-0.000002 -0.996194 0.087159
0.000001 0.996194 -0.087159
-0.707107 0.061628 0.704416
-0.707107 0.061628 0.704416
-1.000000 -0.000000 0.000000
-1.000000 0.000000 0.000000
-0.000003 -0.996195 0.087151
0.000000 0.996195 -0.087154
-0.707107 -0.061628 -0.704416
-0.707107 -0.061628 -0.704416
0.000000 -0.996195 0.087154
0.000000 0.996195 -0.087154
0.000000 -0.087156 -0.996195
0.000000 -0.087156 -0.996195
0.000003 -0.996195 0.087151
-0.000000 0.996195 -0.087154
0.707107 -0.061628 -0.704416
0.707107 -0.061628 -0.704416
32
0 0 1 2 0 1 2 2
0 3 4 5 3 4 5 2
0 6 3 7 6 7 8 1
0 3 8 7 7 9 8 1
0 1 9 2 1 10 2 2
0 5 4 10 5 4 11 2
0 7 8 11 8 9 12 1
0 7 11 12 8 12 13 1
0 9 13 2 10 14 2 2
0 10 4 14 11 4 15 2
0 12 11 15 13 12 16 1
0 11 16 15 12 17 16 1
0 13 17 2 14 0 2 2
0 14 4 18 15 4 3 2
0 15 16 19 16 17 18 1
0 15 19 20 16 18 19 1
0 17 21 2 0 20 2 2
0 18 4 22 3 4 21 2
0 20 19 23 19 18 22 1
0 19 24 23 18 23 22 1
0 21 25 2 20 24 2 2
0 22 4 26 21 4 25 2
0 23 24 27 22 23 26 1
0 23 27 28 22 26 27 1
0 25 29 2 24 28 2 2
0 26 4 30 25 4 29 2
0 28 27 31 27 26 30 1
0 27 32 31 26 31 30 1
0 29 0 2 28 0 2 2
0 30 4 3 29 4 3 2
0 31 32 33 30 31 7 1
0 31 33 34 30 7 6 1
"Regroup00" 0 0
62
1 3.800000 -0.277359 1.319360 0.000000 0.000000 -1
1 2.687006 -0.043171 3.996141 0.000000 0.000000 -1
1 0.000000 -0.277359 1.319360 0.000000 0.000000 -1
1 3.800000 33.394028 -1.626505 0.000000 0.000000 -1
1 0.000000 33.394028 -1.626505 0.000000 0.000000 -1
1 2.687006 33.628220 1.050277 0.000000 0.000000 -1
1 3.800000 -0.277359 1.319360 0.000000 1.000000 -1
1 2.687006 -0.043171 3.996141 0.125000 1.000000 -1
1 2.687006 33.628220 1.050277 0.125000 0.000000 -1
1 0.000000 0.053836 5.104901 0.000000 0.000000 -1
1 0.000000 33.725220 2.159036 0.000000 0.000000 -1
1 0.000000 33.725220 2.159036 0.250000 0.000000 -1
1 0.000000 0.053836 5.104901 0.250000 1.000000 -1
1 -2.687006 -0.043171 3.996141 0.000000 0.000000 -1
1 -2.687006 33.628220 1.050277 0.000000 0.000000 -1
1 -2.687006 -0.043171 3.996141 0.375000 1.000000 -1
1 -2.687006 33.628220 1.050277 0.375000 0.000000 -1
1 -3.800000 -0.277359 1.319360 0.000000 0.000000 -1
1 -3.800000 33.394028 -1.626505 0.000000 0.000000 -1
1 -3.800000 33.394028 -1.626505 0.500000 0.000000 -1
1 -3.800000 -0.277359 1.319360 0.500000 1.000000 -1
1 -2.687006 -0.511551 -1.357421 0.000000 0.000000 -1
1 -2.687006 33.159843 -4.303288 0.000000 0.000000 -1
1 -2.687006 -0.511551 -1.357421 0.625000 1.000000 -1
1 -2.687006 33.159843 -4.303288 0.625000 0.000000 -1
1 -0.000000 -0.608549 -2.466182 0.000000 0.000000 -1
1 -0.000000 33.062820 -5.412045 0.000000 0.000000 -1
1 -0.000000 33.062820 -5.412045 0.750000 0.000000 -1
1 -0.000000 -0.608549 -2.466182 0.750000 1.000000 -1
1 2.687006 -0.511551 -1.357421 0.000000 0.000000 -1
1 2.687006 33.159843 -4.303288 0.000000 0.000000 -1
1 2.687006 -0.511551 -1.357421 0.875000 1.000000 -1
1 2.687006 33.159843 -4.303288 0.875000 0.000000 -1
1 3.800000 33.394028 -1.626505 1.000000 0.000000 -1
1 3.800000 -0.277359 1.319360 1.000000 1.000000 -1
1 5.021487 31.999353 -1.504486 0.000000 0.000000 -1
1 3.550728 32.308807 2.032730 0.000000 0.000000 -1
1 0.000000 31.999353 -1.504486 0.000000 0.000000 -1
1 0.000000 41.562828 -2.341182 0.000000 0.000000 -1
1 5.021487 31.999353 -1.504486 0.000000 1.000000 -1
1 3.550728 32.308807 2.032730 0.125000 1.000000 -1
1 0.000000 41.562828 -2.341182 0.125000 0.000000 -1
1 0.000000 32.437008 3.497893 0.000000 0.000000 -1
1 0.000000 41.562828 -2.341182 0.250000 0.000000 -1
1 0.000000 32.437008 3.497893 0.250000 1.000000 -1
1 -3.550728 32.308807 2.032730 0.000000 0.000000 -1
1 -3.550728 32.308807 2.032730 0.375000 1.000000 -1
1 0.000000 41.562828 -2.341182 0.375000 0.000000 -1
1 -5.021487 31.999353 -1.504486 0.000000 0.000000 -1
1 0.000000 41.562828 -2.341182 0.500000 0.000000 -1
1 -5.021487 31.999353 -1.504486 0.500000 1.000000 -1
1 -3.550728 31.689894 -5.041702 0.000000 0.000000 -1
1 -3.550728 31.689894 -5.041702 0.625000 1.000000 -1
1 0.000000 41.562828 -2.341182 0.625000 0.000000 -1
1 0.000000 31.561695 -6.506865 0.000000 0.000000 -1
1 0.000000 41.562828 -2.341182 0.750000 0.000000 -1
1 0.000000 31.561695 -6.506865 0.750000 1.000000 -1
1 3.550728 31.689894 -5.041702 0.000000 0.000000 -1
1 3.550728 31.689894 -5.041702 0.875000 1.000000 -1
1 0.000000 41.562828 -2.341182 0.875000 0.000000 -1
1 0.000000 41.562828 -2.341182 1.000000 0.000000 -1
1 5.021487 31.999353 -1.504486 1.000000 1.000000 -1
49
0.000000 -0.996195 0.087156
-0.000000 -0.996195 0.087156
0.000000 -0.996195 0.087156
0.000000 0.996195 -0.087156
0.000000 0.996195 -0.087157
-0.000001 0.996195 -0.087156
1.000000 -0.000000 -0.000000
1.000000 -0.000000 -0.000000
0.707107 0.061628 0.704416
0.707107 0.061628 0.704416
0.000000 -0.996195 0.087157
0.000000 0.996195 -0.087156
0.000000 0.087156 0.996195
0.000000 0.087156 0.996195
0.000000 -0.996195 0.087156
0.000001 0.996195 -0.087156
-0.707107 0.061628 0.704416
-0.707107 0.061628 0.704416
-1.000000 -0.000000 -0.000000
-1.000000 -0.000000 -0.000000
0.000001 -0.996195 0.087156
0.000003 0.996195 -0.087157
-0.707107 -0.061628 -0.704416
-0.707107 -0.061628 -0.704416
0.000000 -0.996195 0.087155
0.000000 0.996194 -0.087160
0.000000 -0.087156 -0.996195
0.000000 -0.087156 -0.996195
-0.000001 -0.996195 0.087156
-0.000003 0.996195 -0.087157
0.707107 -0.061628 -0.704416
0.707107 -0.061628 -0.704416
0.000000 -0.996195 0.087153
-0.000002 -0.996195 0.087154
0.000000 -0.996195 0.087155
0.000000 0.000000 0.000000
0.886100 0.461730 -0.040395
0.626568 0.516338 0.583787
0.000000 -0.996195 0.087156
0.000000 0.538959 0.842332
0.000002 -0.996195 0.087154
-0.626568 0.516338 0.583787
-0.886100 0.461730 -0.040395
-0.000002 -0.996195 0.087155
-0.626567 0.407121 -0.664579
-0.000000 -0.996195 0.087157
0.000000 0.384501 -0.923125
0.000002 -0.996195 0.087156
0.626567 0.407121 -0.664579
64
0 0 1 2 0 1 2 2
0 3 4 5 3 4 5 2
0 6 3 7 6 7 8 1
0 3 8 7 7 9 8 1
0 1 9 2 1 10 2 2
0 5 4 10 5 4 11 2
0 7 8 11 8 9 12 1
0 7 11 12 8 12 13 1
0 9 13 2 10 14 2 2
0 10 4 14 11 4 15 2
0 12 11 15 13 12 16 1
0 11 16 15 12 17 16 1
0 13 17 2 14 0 2 2
0 14 4 18 15 4 3 2
0 15 16 19 16 17 18 1
0 15 19 20 16 18 19 1
0 17 21 2 0 20 2 2
0 18 4 22 3 4 21 2
0 20 19 23 19 18 22 1
0 19 24 23 18 23 22 1
0 21 25 2 20 24 2 2
0 22 4 26 21 4 25 2
0 23 24 27 22 23 26 1
0 23 27 28 22 26 27 1
0 25 29 2 24 28 2 2
0 26 4 30 25 4 29 2
0 28 27 31 27 26 30 1
0 27 32 31 26 31 30 1
0 29 0 2 28 0 2 2
0 30 4 3 29 4 3 2
0 31 32 33 30 31 7 1
0 31 33 34 30 7 6 1
0 35 36 37 32 33 34 2
0 38 38 38 35 35 35 2
0 39 38 40 36 36 37 1
0 38 41 40 36 35 37 1
0 36 42 37 33 38 34 2
0 38 38 38 35 35 35 2
0 40 41 43 37 35 39 1
0 40 43 44 37 39 39 1
0 42 45 37 38 40 34 2
0 38 38 38 35 35 35 2
0 44 43 46 39 39 41 1
0 43 47 46 39 35 41 1
0 45 48 37 40 32 34 2
0 38 38 38 35 35 35 2
0 46 47 49 41 35 42 1
0 46 49 50 41 42 42 1
0 48 51 37 32 43 34 2
0 38 38 38 35 35 35 2
0 50 49 52 42 42 44 1
0 49 53 52 42 35 44 1
0 51 54 37 43 45 34 2
0 38 38 38 35 35 35 2
0 52 53 55 44 35 46 1
0 52 55 56 44 46 46 1
0 54 57 37 45 47 34 2
0 38 38 38 35 35 35 2
0 56 55 58 46 46 48 1
0 55 59 58 46 35 48 1
0 57 35 37 47 32 34 2
0 38 38 38 35 35 35 2
0 58 59 60 48 35 36 1
0 58 60 61 48 36 36 1
"Duplicate02" 0 1
35
1 4.500000 2.345854 1.190241 0.000000 0.000000 -1
1 3.181980 2.623179 4.360113 0.000000 0.000000 -1
1 0.000000 2.345854 1.190241 0.000000 0.000000 -1
1 4.500000 10.266653 0.497261 0.000000 0.000000 -1
1 0.000000 10.266653 0.497261 0.000000 0.000000 -1
1 3.181980 10.543980 3.667134 0.000000 0.000000 -1
1 4.500000 2.345854 1.190241 0.000000 1.000000 -1
1 3.181980 2.623179 4.360113 0.125000 1.000000 -1
1 3.181980 10.543980 3.667134 0.125000 0.000000 -1
1 0.000000 2.738050 5.673120 0.000000 0.000000 -1
1 0.000000 10.658852 4.980138 0.000000 0.000000 -1
1 0.000000 10.658852 4.980138 0.250000 0.000000 -1
1 0.000000 2.738050 5.673120 0.250000 1.000000 -1
1 -3.181980 2.623179 4.360113 0.000000 0.000000 -1
1 -3.181980 10.543980 3.667134 0.000000 0.000000 -1
1 -3.181980 2.623179 4.360113 0.375000 1.000000 -1
1 -3.181980 10.543980 3.667134 0.375000 0.000000 -1
1 -4.500000 2.345854 1.190241 0.000000 0.000000 -1
1 -4.500000 10.266653 0.497261 0.000000 0.000000 -1
1 -4.500000 10.266653 0.497261 0.500000 0.000000 -1
1 -4.500000 2.345854 1.190241 0.500000 1.000000 -1
1 -3.181980 2.068523 -1.979632 0.000000 0.000000 -1
1 -3.181980 9.989322 -2.672612 0.000000 0.000000 -1
1 -3.181980 2.068523 -1.979632 0.625000 1.000000 -1
1 -3.181980 9.989322 -2.672612 0.625000 0.000000 -1
1 -0.000000 1.953650 -3.292636 0.000000 0.000000 -1
1 -0.000000 9.874449 -3.985617 0.000000 0.000000 -1
1 -0.000000 9.874449 -3.985617 0.750000 0.000000 -1
1 -0.000000 1.953650 -3.292636 0.750000 1.000000 -1
1 3.181980 2.068523 -1.979632 0.000000 0.000000 -1
1 3.181980 9.989322 -2.672612 0.000000 0.000000 -1
1 3.181980 2.068523 -1.979632 0.875000 1.000000 -1
1 3.181980 9.989322 -2.672612 0.875000 0.000000 -1
1 4.500000 10.266653 0.497261 1.000000 0.000000 -1
1 4.500000 2.345854 1.190241 1.000000 1.000000 -1
32
0.000000 -0.996195 0.087156
0.000000 -0.996195 0.087155
-0.000000 -0.996195 0.087156
0.000000 0.996195 -0.087156
0.000000 0.996195 -0.087156
-0.000000 0.996195 -0.087155
1.000000 0.000000 0.000000
1.000000 -0.000000 0.000000
0.707107 0.061628 0.704416
0.707107 0.061628 0.704416
0.000000 -0.996195 0.087155
0.000000 0.996195 -0.087155
0.000000 0.087156 0.996195
0.000000 0.087156 0.996195
-0.000000 -0.996195 0.087155
0.000000 0.996195 -0.087155
-0.707107 0.061628 0.704416
-0.707107 0.061628 0.704416
-1.000000 -0.000000 0.000000
-1.000000 0.000000 0.000000
0.000000 -0.996195 0.087157
-0.000000 0.996195 -0.087157
-0.707107 -0.061628 -0.704416
-0.707107 -0.061628 -0.704416
-0.000000 -0.996195 0.087156
0.000000 0.996195 -0.087156
0.000000 -0.087156 -0.996195
0.000000 -0.087156 -0.996195
-0.000000 -0.996195 0.087157
0.000000 0.996195 -0.087157
0.707107 -0.061628 -0.704416
0.707107 -0.061628 -0.704416
32
0 0 1 2 0 1 2 2
0 3 4 5 3 4 5 2
0 6 3 7 6 7 8 1
0 3 8 7 7 9 8 1
0 1 9 2 1 10 2 2
0 5 4 10 5 4 11 2
0 7 8 11 8 9 12 1
0 7 11 12 8 12 13 1
0 9 13 2 10 14 2 2
0 10 4 14 11 4 15 2
0 12 11 15 13 12 16 1
0 11 16 15 12 17 16 1
0 13 17 2 14 0 2 2
0 14 4 18 15 4 3 2
0 15 16 19 16 17 18 1
0 15 19 20 16 18 19 1
0 17 21 2 0 20 2 2
0 18 4 22 3 4 21 2
0 20 19 23 19 18 22 1
0 19 24 23 18 23 22 1
0 21 25 2 20 24 2 2
0 22 4 26 21 4 25 2
0 23 24 27 22 23 26 1
0 23 27 28 22 26 27 1
0 25 29 2 24 28 2 2
0 26 4 30 25 4 29 2
0 28 27 31 27 26 30 1
0 27 32 31 26 31 30 1
0 29 0 2 28 0 2 2
0 30 4 3 29 4 3 2
0 31 32 33 30 31 7 1
0 31 33 34 30 7 6 1

Materials: 2
"Material01"
0.200000 0.200000 0.200000 1.000000
1.000000 0.000000 0.000000 1.000000
0.000000 0.000000 0.000000 1.000000
0.176471 0.000000 0.000000 1.000000
0.000000
1.000000
""
""
"Material02"
0.200000 0.200000 0.200000 1.000000
0.000000 0.000000 0.000000 1.000000
0.000000 0.000000 0.000000 1.000000
0.058824 0.058824 0.058824 1.000000
0.000000
1.000000
""
""

Bones: 0
GroupComments: 0
MaterialComments: 0
BoneComments: 0
ModelComment: 0
