// MilkShape 3D ASCII

Frames: 30
Frame: 1

Meshes: 6
"Cylinder02" 0 0
52
0 2.823326 -27.500000 -0.000000 0.000000 0.000000 -1
0 2.445072 -27.500000 1.411663 0.000000 0.000000 -1
0 0.000000 -25.500000 -0.000000 0.000000 0.000000 -1
0 -0.000000 20.496410 -0.000000 0.000000 0.000000 -1
0 2.823326 -27.500000 -0.000000 0.000000 1.000000 -1
0 2.026388 8.846542 -0.000000 0.000000 0.500000 -1
0 1.754903 8.846542 1.076171 0.083333 0.500000 -1
0 2.445072 -27.500000 1.411663 0.083333 1.000000 -1
0 -0.000000 20.496410 -0.000000 0.083333 0.000000 -1
0 1.411663 -27.500000 2.445072 0.000000 0.000000 -1
0 1.411663 -27.500000 2.445072 0.166667 1.000000 -1
0 1.013194 8.846542 1.863983 0.166667 0.500000 -1
0 -0.000000 20.496410 -0.000000 0.166667 0.000000 -1
0 0.000000 -27.500000 2.823326 0.000000 0.000000 -1
0 0.000000 8.846542 2.152342 0.250000 0.500000 -1
0 0.000000 -27.500000 2.823326 0.250000 1.000000 -1
0 -0.000000 20.496410 -0.000000 0.250000 0.000000 -1
0 -1.411663 -27.500000 2.445072 0.000000 0.000000 -1
0 -1.411663 -27.500000 2.445072 0.333333 1.000000 -1
0 -1.013194 8.846542 1.863983 0.333333 0.500000 -1
0 -0.000000 20.496410 -0.000000 0.333333 0.000000 -1
0 -2.445072 -27.500000 1.411663 0.000000 0.000000 -1
0 -1.754903 8.846542 1.076171 0.416667 0.500000 -1
0 -2.445072 -27.500000 1.411663 0.416667 1.000000 -1
0 -0.000000 20.496410 -0.000000 0.416667 0.000000 -1
0 -2.823326 -27.500000 -0.000000 0.000000 0.000000 -1
0 -2.823326 -27.500000 -0.000000 0.500000 1.000000 -1
0 -2.026388 8.846542 -0.000000 0.500000 0.500000 -1
0 -0.000000 20.496410 -0.000000 0.500000 0.000000 -1
0 -2.445072 -27.500000 -1.411663 0.000000 0.000000 -1
0 -1.754903 8.846542 -1.076171 0.583333 0.500000 -1
0 -2.445072 -27.500000 -1.411663 0.583333 1.000000 -1
0 -0.000000 20.496410 -0.000000 0.583333 0.000000 -1
0 -1.411663 -27.500000 -2.445072 0.000000 0.000000 -1
0 -1.411663 -27.500000 -2.445072 0.666667 1.000000 -1
0 -1.013194 8.846542 -1.863983 0.666667 0.500000 -1
0 -0.000000 20.496410 -0.000000 0.666667 0.000000 -1
0 0.000000 -27.500000 -2.823326 0.000000 0.000000 -1
0 0.000000 8.846542 -2.152342 0.750000 0.500000 -1
0 0.000000 -27.500000 -2.823326 0.750000 1.000000 -1
0 -0.000000 20.496410 -0.000000 0.750000 0.000000 -1
0 1.411663 -27.500000 -2.445072 0.000000 0.000000 -1
0 1.411663 -27.500000 -2.445072 0.833333 1.000000 -1
0 1.013194 8.846542 -1.863983 0.833333 0.500000 -1
0 -0.000000 20.496410 -0.000000 0.833333 0.000000 -1
0 2.445072 -27.500000 -1.411663 0.000000 0.000000 -1
0 1.754903 8.846542 -1.076171 0.916667 0.500000 -1
0 2.445072 -27.500000 -1.411663 0.916667 1.000000 -1
0 -0.000000 20.496410 -0.000000 0.916667 0.000000 -1
0 2.823326 -27.500000 -0.000000 1.000000 1.000000 -1
0 2.026388 8.846542 -0.000000 1.000000 0.500000 -1
0 -0.000000 20.496410 -0.000000 1.000000 0.000000 -1
47
-0.578045 -0.816005 0.000000
-0.500602 -0.816005 -0.289023
-0.000000 -1.000000 0.000000
0.000000 0.000000 0.000000
0.967587 0.020991 0.251664
0.965326 0.094032 0.243522
0.871125 0.072135 0.485735
0.865832 0.021055 0.499891
0.956119 0.166308 0.241200
-0.289023 -0.816005 -0.500602
0.509732 0.019455 0.860113
0.517083 0.099521 0.850130
0.511321 0.178958 0.840550
0.000000 -0.816005 -0.578045
0.000000 0.073265 0.997313
0.000000 0.018458 0.999830
0.289023 -0.816005 -0.500602
-0.509732 0.019455 0.860113
-0.517083 0.099521 0.850130
-0.511321 0.178958 0.840550
0.500602 -0.816005 -0.289023
-0.871125 0.072135 0.485735
-0.865832 0.021055 0.499891
0.578045 -0.816005 0.000000
-0.999765 0.021689 0.000000
-0.995289 0.096950 0.000000
-0.985207 0.171368 0.000000
0.500602 -0.816005 0.289023
-0.871125 0.072135 -0.485735
-0.865832 0.021055 -0.499891
0.289023 -0.816005 0.500602
-0.509732 0.019455 -0.860113
-0.517083 0.099521 -0.850130
-0.511321 0.178958 -0.840550
0.000000 -0.816005 0.578045
-0.000000 0.073265 -0.997313
0.000000 0.018458 -0.999830
-0.289023 -0.816005 0.500602
0.509732 0.019455 -0.860113
0.517083 0.099521 -0.850130
0.511321 0.178958 -0.840550
-0.500602 -0.816005 0.289023
0.871125 0.072135 -0.485735
0.865832 0.021055 -0.499891
0.967587 0.020991 -0.251664
0.965326 0.094032 -0.243522
0.956119 0.166308 -0.241200
72
0 0 1 2 0 1 2 2
0 3 3 3 3 3 3 2
0 4 5 6 4 5 6 1
0 4 6 7 4 6 7 1
0 5 3 6 5 8 6 1
0 3 8 6 8 3 6 1
0 1 9 2 1 9 2 2
0 3 3 3 3 3 3 2
0 7 6 10 7 6 10 1
0 6 11 10 6 11 10 1
0 6 8 12 6 3 12 1
0 6 12 11 6 12 11 1
0 9 13 2 9 13 2 2
0 3 3 3 3 3 3 2
0 10 11 14 10 11 14 1
0 10 14 15 10 14 15 1
0 11 12 14 11 12 14 1
0 12 16 14 12 3 14 1
0 13 17 2 13 16 2 2
0 3 3 3 3 3 3 2
0 15 14 18 15 14 17 1
0 14 19 18 14 18 17 1
0 14 16 20 14 3 19 1
0 14 20 19 14 19 18 1
0 17 21 2 16 20 2 2
0 3 3 3 3 3 3 2
0 18 19 22 17 18 21 1
0 18 22 23 17 21 22 1
0 19 20 22 18 19 21 1
0 20 24 22 19 3 21 1
0 21 25 2 20 23 2 2
0 3 3 3 3 3 3 2
0 23 22 26 22 21 24 1
0 22 27 26 21 25 24 1
0 22 24 28 21 3 26 1
0 22 28 27 21 26 25 1
0 25 29 2 23 27 2 2
0 3 3 3 3 3 3 2
0 26 27 30 24 25 28 1
0 26 30 31 24 28 29 1
0 27 28 30 25 26 28 1
0 28 32 30 26 3 28 1
0 29 33 2 27 30 2 2
0 3 3 3 3 3 3 2
0 31 30 34 29 28 31 1
0 30 35 34 28 32 31 1
0 30 32 36 28 3 33 1
0 30 36 35 28 33 32 1
0 33 37 2 30 34 2 2
0 3 3 3 3 3 3 2
0 34 35 38 31 32 35 1
0 34 38 39 31 35 36 1
0 35 36 38 32 33 35 1
0 36 40 38 33 3 35 1
0 37 41 2 34 37 2 2
0 3 3 3 3 3 3 2
0 39 38 42 36 35 38 1
0 38 43 42 35 39 38 1
0 38 40 44 35 3 40 1
0 38 44 43 35 40 39 1
0 41 45 2 37 41 2 2
0 3 3 3 3 3 3 2
0 42 43 46 38 39 42 1
0 42 46 47 38 42 43 1
0 43 44 46 39 40 42 1
0 44 48 46 40 3 42 1
0 45 0 2 41 0 2 2
0 3 3 3 3 3 3 2
0 47 46 49 43 42 44 1
0 46 50 49 42 45 44 1
0 46 48 51 42 3 46 1
0 46 51 50 42 46 45 1
"Cylinder03" 0 1
77
0 2.426529 -8.808807 0.000000 0.000000 0.000000 -1
0 2.101435 -8.808807 1.213265 0.000000 0.000000 -1
0 -0.000000 -8.808807 0.000000 0.000000 0.000000 -1
0 1.383548 14.648457 0.000000 0.000000 0.000000 -1
0 -0.000000 14.648457 0.000000 0.000000 0.000000 -1
0 1.198187 14.648457 0.691774 0.000000 0.000000 -1
0 2.426529 -8.808807 0.000000 0.000000 1.000000 -1
0 2.877672 1.597038 0.000000 0.000000 0.666667 -1
0 2.101435 -8.808807 1.213265 0.083333 1.000000 -1
0 2.492137 1.597038 1.438836 0.083333 0.666667 -1
0 2.295653 8.603127 0.000000 0.000000 0.333333 -1
0 1.988093 8.603127 1.219172 0.083333 0.333333 -1
0 1.198187 14.648457 0.691774 0.083333 0.000000 -1
0 1.213265 -8.808807 2.101435 0.000000 0.000000 -1
0 0.691774 14.648457 1.198187 0.000000 0.000000 -1
0 1.438836 1.597038 2.492137 0.166667 0.666667 -1
0 1.213265 -8.808807 2.101435 0.166667 1.000000 -1
0 1.147826 8.603127 2.111668 0.166667 0.333333 -1
0 0.691774 14.648457 1.198187 0.166667 0.000000 -1
0 -0.000000 -8.808807 2.426529 0.000000 0.000000 -1
0 -0.000000 14.648457 1.383548 0.000000 0.000000 -1
0 -0.000000 -8.808807 2.426529 0.250000 1.000000 -1
0 -0.000000 1.597038 2.877672 0.250000 0.666667 -1
0 -0.000000 8.603127 2.438344 0.250000 0.333333 -1
0 -0.000000 14.648457 1.383548 0.250000 0.000000 -1
0 -1.213265 -8.808807 2.101435 0.000000 0.000000 -1
0 -0.691774 14.648457 1.198187 0.000000 0.000000 -1
0 -1.438836 1.597038 2.492137 0.333333 0.666667 -1
0 -1.213265 -8.808807 2.101435 0.333333 1.000000 -1
0 -1.147826 8.603127 2.111668 0.333333 0.333333 -1
0 -0.691774 14.648457 1.198187 0.333333 0.000000 -1
0 -2.101435 -8.808807 1.213265 0.000000 0.000000 -1
0 -1.198187 14.648457 0.691774 0.000000 0.000000 -1
0 -2.101435 -8.808807 1.213265 0.416667 1.000000 -1
0 -2.492137 1.597038 1.438836 0.416667 0.666667 -1
0 -1.988093 8.603127 1.219172 0.416667 0.333333 -1
0 -1.198187 14.648457 0.691774 0.416667 0.000000 -1
0 -2.426529 -8.808807 0.000000 0.000000 0.000000 -1
0 -1.383548 14.648457 0.000000 0.000000 0.000000 -1
0 -2.877672 1.597038 0.000000 0.500000 0.666667 -1
0 -2.426529 -8.808807 0.000000 0.500000 1.000000 -1
0 -2.295653 8.603127 0.000000 0.500000 0.333333 -1
0 -1.383548 14.648457 0.000000 0.500000 0.000000 -1
0 -2.101435 -8.808807 -1.213265 0.000000 0.000000 -1
0 -1.198187 14.648457 -0.691774 0.000000 0.000000 -1
0 -2.101435 -8.808807 -1.213265 0.583333 1.000000 -1
0 -2.492137 1.597038 -1.438836 0.583333 0.666667 -1
0 -1.988093 8.603127 -1.219172 0.583333 0.333333 -1
0 -1.198187 14.648457 -0.691774 0.583333 0.000000 -1
0 -1.213265 -8.808807 -2.101435 0.000000 0.000000 -1
0 -0.691774 14.648457 -1.198187 0.000000 0.000000 -1
0 -1.438836 1.597038 -2.492137 0.666667 0.666667 -1
0 -1.213265 -8.808807 -2.101435 0.666667 1.000000 -1
0 -1.147826 8.603127 -2.111668 0.666667 0.333333 -1
0 -0.691774 14.648457 -1.198187 0.666667 0.000000 -1
0 -0.000000 -8.808807 -2.426529 0.000000 0.000000 -1
0 -0.000000 14.648457 -1.383548 0.000000 0.000000 -1
0 -0.000000 -8.808807 -2.426529 0.750000 1.000000 -1
0 -0.000000 1.597038 -2.877672 0.750000 0.666667 -1
0 -0.000000 8.603127 -2.438344 0.750000 0.333333 -1
0 -0.000000 14.648457 -1.383548 0.750000 0.000000 -1
0 1.213265 -8.808807 -2.101435 0.000000 0.000000 -1
0 0.691774 14.648457 -1.198187 0.000000 0.000000 -1
0 1.438836 1.597038 -2.492137 0.833333 0.666667 -1
0 1.213265 -8.808807 -2.101435 0.833333 1.000000 -1
0 1.147826 8.603127 -2.111668 0.833333 0.333333 -1
0 0.691774 14.648457 -1.198187 0.833333 0.000000 -1
0 2.101435 -8.808807 -1.213265 0.000000 0.000000 -1
0 1.198187 14.648457 -0.691774 0.000000 0.000000 -1
0 2.101435 -8.808807 -1.213265 0.916667 1.000000 -1
0 2.492137 1.597038 -1.438836 0.916667 0.666667 -1
0 1.988093 8.603127 -1.219172 0.916667 0.333333 -1
0 1.198187 14.648457 -0.691774 0.916667 0.000000 -1
0 2.877672 1.597038 0.000000 1.000000 0.666667 -1
0 2.426529 -8.808807 0.000000 1.000000 1.000000 -1
0 2.295653 8.603127 0.000000 1.000000 0.333333 -1
0 1.383548 14.648457 0.000000 1.000000 0.000000 -1
54
0.000000 -1.000000 0.000000
0.000000 1.000000 0.000000
0.965080 -0.041841 0.258593
0.966702 0.018530 0.255232
0.865213 -0.043314 0.499531
0.865885 0.017251 0.499945
0.963458 0.112581 0.243051
0.865694 0.116209 0.486898
0.957435 0.145966 0.249023
0.855626 0.154886 0.493877
0.504847 0.012543 0.863118
0.499531 -0.043314 0.865213
0.516098 0.117059 0.848493
0.503012 0.165348 0.848315
0.000000 -0.043314 0.999062
0.000000 0.009650 0.999953
0.000000 0.117821 0.993035
0.000000 0.171884 0.985117
-0.504847 0.012543 0.863118
-0.499531 -0.043314 0.865213
-0.516098 0.117059 0.848493
-0.503012 0.165348 0.848315
-0.865213 -0.043314 0.499531
-0.865885 0.017251 0.499945
-0.865694 0.116209 0.486898
-0.855626 0.154886 0.493877
-0.999816 0.019164 0.000000
-0.999062 -0.043314 0.000000
-0.993242 0.116061 0.000000
-0.988577 0.150714 -0.000000
-0.865213 -0.043314 -0.499531
-0.865885 0.017251 -0.499945
-0.865694 0.116209 -0.486898
-0.855626 0.154886 -0.493877
-0.504847 0.012543 -0.863118
-0.499531 -0.043314 -0.865213
-0.516098 0.117059 -0.848493
-0.503012 0.165348 -0.848315
-0.000000 -0.043314 -0.999062
-0.000000 0.009650 -0.999953
-0.000000 0.117821 -0.993035
0.000000 0.171884 -0.985117
0.504847 0.012543 -0.863118
0.499531 -0.043314 -0.865213
0.516098 0.117059 -0.848493
0.503012 0.165348 -0.848315
0.865213 -0.043314 -0.499531
0.865885 0.017251 -0.499945
0.865694 0.116209 -0.486898
0.855626 0.154886 -0.493877
0.966702 0.018530 -0.255232
0.965080 -0.041841 -0.258593
0.963458 0.112581 -0.243051
0.957435 0.145966 -0.249023
96
0 0 1 2 0 0 0 2
0 3 4 5 1 1 1 2
0 6 7 8 2 3 4 1
0 7 9 8 3 5 4 1
0 7 10 11 3 6 7 1
0 7 11 9 3 7 5 1
0 10 3 11 6 8 7 1
0 3 12 11 8 9 7 1
0 1 13 2 0 0 0 2
0 5 4 14 1 1 1 2
0 8 9 15 4 5 10 1
0 8 15 16 4 10 11 1
0 9 11 15 5 7 10 1
0 11 17 15 7 12 10 1
0 11 12 18 7 9 13 1
0 11 18 17 7 13 12 1
0 13 19 2 0 0 0 2
0 14 4 20 1 1 1 2
0 16 15 21 11 10 14 1
0 15 22 21 10 15 14 1
0 15 17 23 10 12 16 1
0 15 23 22 10 16 15 1
0 17 18 23 12 13 16 1
0 18 24 23 13 17 16 1
0 19 25 2 0 0 0 2
0 20 4 26 1 1 1 2
0 21 22 27 14 15 18 1
0 21 27 28 14 18 19 1
0 22 23 27 15 16 18 1
0 23 29 27 16 20 18 1
0 23 24 30 16 17 21 1
0 23 30 29 16 21 20 1
0 25 31 2 0 0 0 2
0 26 4 32 1 1 1 2
0 28 27 33 19 18 22 1
0 27 34 33 18 23 22 1
0 27 29 35 18 20 24 1
0 27 35 34 18 24 23 1
0 29 30 35 20 21 24 1
0 30 36 35 21 25 24 1
0 31 37 2 0 0 0 2
0 32 4 38 1 1 1 2
0 33 34 39 22 23 26 1
0 33 39 40 22 26 27 1
0 34 35 39 23 24 26 1
0 35 41 39 24 28 26 1
0 35 36 42 24 25 29 1
0 35 42 41 24 29 28 1
0 37 43 2 0 0 0 2
0 38 4 44 1 1 1 2
0 40 39 45 27 26 30 1
0 39 46 45 26 31 30 1
0 39 41 47 26 28 32 1
0 39 47 46 26 32 31 1
0 41 42 47 28 29 32 1
0 42 48 47 29 33 32 1
0 43 49 2 0 0 0 2
0 44 4 50 1 1 1 2
0 45 46 51 30 31 34 1
0 45 51 52 30 34 35 1
0 46 47 51 31 32 34 1
0 47 53 51 32 36 34 1
0 47 48 54 32 33 37 1
0 47 54 53 32 37 36 1
0 49 55 2 0 0 0 2
0 50 4 56 1 1 1 2
0 52 51 57 35 34 38 1
0 51 58 57 34 39 38 1
0 51 53 59 34 36 40 1
0 51 59 58 34 40 39 1
0 53 54 59 36 37 40 1
0 54 60 59 37 41 40 1
0 55 61 2 0 0 0 2
0 56 4 62 1 1 1 2
0 57 58 63 38 39 42 1
0 57 63 64 38 42 43 1
0 58 59 63 39 40 42 1
0 59 65 63 40 44 42 1
0 59 60 66 40 41 45 1
0 59 66 65 40 45 44 1
0 61 67 2 0 0 0 2
0 62 4 68 1 1 1 2
0 64 63 69 43 42 46 1
0 63 70 69 42 47 46 1
0 63 65 71 42 44 48 1
0 63 71 70 42 48 47 1
0 65 66 71 44 45 48 1
0 66 72 71 45 49 48 1
0 67 0 2 0 0 0 2
0 68 4 3 1 1 1 2
0 69 70 73 46 47 50 1
0 69 73 74 46 50 51 1
0 70 71 73 47 48 50 1
0 71 75 73 48 52 50 1
0 71 72 76 48 49 53 1
0 71 76 75 48 53 52 1
"Regroup01" 1 1
60
1 -0.444400 -16.592443 0.342724 0.000000 0.000000 -1
1 -0.444400 -24.103775 0.342724 0.000000 1.000000 -1
1 0.444400 -16.592443 0.342724 1.000000 0.000000 -1
1 0.444400 -24.103775 0.342724 1.000000 1.000000 -1
1 -0.444400 -22.166027 1.117299 0.000000 0.000000 -1
1 -0.444400 -25.634354 0.523244 0.000000 1.000000 -1
1 0.444400 -22.166027 1.117299 1.000000 0.000000 -1
1 0.444400 -25.634354 0.523244 1.000000 1.000000 -1
1 0.444400 -16.592443 -0.342724 0.000000 0.000000 -1
1 0.444400 -24.103775 -0.342724 0.000000 1.000000 -1
1 -0.444400 -16.592443 -0.342724 1.000000 0.000000 -1
1 -0.444400 -24.103775 -0.342724 1.000000 1.000000 -1
1 0.444400 -22.166027 -1.117299 0.000000 0.000000 -1
1 0.444400 -25.634354 -0.523244 0.000000 1.000000 -1
1 -0.444400 -22.166027 -1.117299 1.000000 0.000000 -1
1 -0.444400 -25.634354 -0.523244 1.000000 1.000000 -1
1 0.148917 -16.592443 0.470148 0.000000 0.000000 -1
1 0.148917 -24.103775 0.470148 0.000000 1.000000 -1
1 -0.191212 -16.592443 -0.350996 1.000000 0.000000 -1
1 -0.191212 -24.103775 -0.350996 1.000000 1.000000 -1
1 -0.191212 -16.592443 -0.350996 0.000000 0.000000 -1
1 -0.191212 -24.103775 -0.350996 0.000000 1.000000 -1
1 -11.621765 -22.810894 4.383695 1.000000 0.000000 -1
1 -11.621765 -26.029673 4.383695 1.000000 1.000000 -1
1 -11.621765 -22.810894 4.383695 0.000000 0.000000 -1
1 -11.621765 -26.029673 4.383695 0.000000 1.000000 -1
1 -11.281637 -22.810894 5.204839 1.000000 0.000000 -1
1 -11.281637 -26.029673 5.204839 1.000000 1.000000 -1
1 -11.281637 -22.810894 5.204839 0.000000 0.000000 -1
1 -11.281637 -26.029673 5.204839 0.000000 1.000000 -1
1 0.148917 -16.592443 0.470148 1.000000 0.000000 -1
1 0.148917 -24.103775 0.470148 1.000000 1.000000 -1
1 0.148917 -16.592443 0.470148 0.000000 1.000000 -1
1 -0.191212 -16.592443 -0.350996 1.000000 1.000000 -1
1 0.148917 -24.103775 0.470148 0.000000 0.000000 -1
1 -0.191212 -24.103775 -0.350996 1.000000 0.000000 -1
1 0.864531 -22.166027 0.173731 0.000000 0.000000 -1
1 0.315695 -25.634354 0.401066 0.000000 1.000000 -1
1 0.524402 -22.166027 -0.647413 1.000000 0.000000 -1
1 -0.024434 -25.634354 -0.420078 1.000000 1.000000 -1
1 0.524402 -22.166027 -0.647413 0.000000 0.000000 -1
1 -0.024434 -25.634354 -0.420078 0.000000 1.000000 -1
1 -7.760219 -24.532570 2.784190 1.000000 0.000000 -1
1 -5.974294 -26.380249 2.044436 1.000000 1.000000 -1
1 -7.760219 -24.532570 2.784190 0.000000 0.000000 -1
1 -5.974294 -26.380249 2.044436 0.000000 1.000000 -1
1 -7.420090 -24.532570 3.605334 1.000000 0.000000 -1
1 -5.634165 -26.380249 2.865579 1.000000 1.000000 -1
1 -7.420090 -24.532570 3.605334 0.000000 0.000000 -1
1 -5.634165 -26.380249 2.865579 0.000000 1.000000 -1
1 0.864531 -22.166027 0.173731 1.000000 0.000000 -1
1 0.315695 -25.634354 0.401066 1.000000 1.000000 -1
1 0.864531 -22.166027 0.173731 0.000000 1.000000 -1
1 0.524402 -22.166027 -0.647413 1.000000 1.000000 -1
1 0.315695 -25.634354 0.401066 0.000000 0.000000 -1
1 -0.024434 -25.634354 -0.420078 1.000000 0.000000 -1
1 -0.342724 -16.592443 -0.444401 0.000000 0.000000 -1
1 -0.342724 -24.103775 -0.444401 0.000000 1.000000 -1
1 -0.342723 -16.592443 0.444399 1.000000 0.000000 -1
1 -0.342723 -24.103775 0.444399 1.000000 1.000000 -1
33
0.000000 0.000000 1.000000
0.000000 -0.168822 0.985647
0.000000 0.000000 -1.000000
0.000000 -0.168822 -0.985647
0.923880 0.000000 -0.382683
-0.382684 0.000000 -0.923880
-0.923880 0.000000 0.382682
0.382683 0.000000 0.923880
-0.414894 0.893493 0.171854
-0.414894 0.893493 0.171854
-0.414894 0.893493 0.171855
0.142101 -0.988101 -0.058860
0.142101 -0.988101 -0.058860
0.142101 -0.988101 -0.058860
0.910619 -0.168822 -0.377191
0.910619 -0.168822 -0.377191
0.910619 -0.168822 -0.377191
-0.382684 0.000000 -0.923880
-0.382684 -0.000000 -0.923880
-0.382684 -0.000000 -0.923880
-0.638364 -0.722893 0.264419
-0.638363 -0.722893 0.264419
-0.638363 -0.722893 0.264419
0.382684 -0.000000 0.923880
0.382684 -0.000000 0.923880
0.382683 -0.000000 0.923880
-0.235750 0.966895 0.097651
-0.235750 0.966895 0.097651
-0.235750 0.966895 0.097651
0.106294 -0.993360 -0.044028
0.106294 -0.993360 -0.044028
0.106294 -0.993360 -0.044028
-1.000000 0.000000 0.000001
34
1 0 1 2 0 0 0 1
1 1 3 2 0 0 0 1
1 4 5 6 1 1 1 1
1 5 7 6 1 1 1 1
1 8 9 10 2 2 2 1
1 9 11 10 2 2 2 1
1 12 13 14 3 3 3 1
1 13 15 14 3 3 3 1
1 16 17 18 4 4 4 1
1 17 19 18 4 4 4 1
1 20 21 22 5 5 5 2
1 21 23 22 5 5 5 2
1 24 25 26 6 6 6 1
1 25 27 26 6 6 6 1
1 28 29 30 7 7 7 2
1 29 31 30 7 7 7 2
1 28 32 22 8 9 9 3
1 32 33 22 9 10 9 3
1 34 29 35 11 12 12 3
1 29 23 35 12 13 12 3
1 36 37 38 14 15 15 1
1 37 39 38 15 16 15 1
1 40 41 42 17 18 18 2
1 41 43 42 18 19 18 2
1 44 45 46 20 21 21 1
1 45 47 46 21 22 21 1
1 48 49 50 23 24 24 2
1 49 51 50 24 25 24 2
1 48 52 42 26 27 27 3
1 52 53 42 27 28 27 3
1 54 49 55 29 30 30 3
1 49 43 55 30 31 30 3
1 56 57 58 32 32 32 1
1 57 59 58 32 32 32 1
"Duplicate06" 1 1
32
1 11.621765 -22.810894 4.383695 1.000000 0.000000 -1
1 0.191212 -24.103775 -0.350996 0.000000 1.000000 -1
1 0.191212 -16.592443 -0.350996 0.000000 0.000000 -1
1 11.621765 -26.029673 4.383695 1.000000 1.000000 -1
1 11.281637 -22.810894 5.204839 1.000000 0.000000 -1
1 11.621765 -26.029673 4.383695 0.000000 1.000000 -1
1 11.621765 -22.810894 4.383695 0.000000 0.000000 -1
1 11.281637 -26.029673 5.204839 1.000000 1.000000 -1
1 -0.148917 -16.592443 0.470148 1.000000 0.000000 -1
1 11.281637 -26.029673 5.204839 0.000000 1.000000 -1
1 11.281637 -22.810894 5.204839 0.000000 0.000000 -1
1 -0.148917 -24.103775 0.470148 1.000000 1.000000 -1
1 -0.148917 -16.592443 0.470148 0.000000 1.000000 -1
1 0.191212 -16.592443 -0.350996 1.000000 1.000000 -1
1 0.191212 -24.103775 -0.350996 1.000000 0.000000 -1
1 -0.148917 -24.103775 0.470148 0.000000 0.000000 -1
1 7.760219 -24.532570 2.784190 1.000000 0.000000 -1
1 0.024434 -25.634354 -0.420078 0.000000 1.000000 -1
1 -0.524402 -22.166027 -0.647413 0.000000 0.000000 -1
1 5.974294 -26.380249 2.044436 1.000000 1.000000 -1
1 7.420090 -24.532570 3.605334 1.000000 0.000000 -1
1 5.974294 -26.380249 2.044436 0.000000 1.000000 -1
1 7.760219 -24.532570 2.784190 0.000000 0.000000 -1
1 5.634165 -26.380249 2.865579 1.000000 1.000000 -1
1 -0.864531 -22.166027 0.173731 1.000000 0.000000 -1
1 5.634165 -26.380249 2.865579 0.000000 1.000000 -1
1 7.420090 -24.532570 3.605334 0.000000 0.000000 -1
1 -0.315695 -25.634354 0.401066 1.000000 1.000000 -1
1 -0.864531 -22.166027 0.173731 0.000000 1.000000 -1
1 -0.524402 -22.166027 -0.647413 1.000000 1.000000 -1
1 0.024434 -25.634354 -0.420078 1.000000 0.000000 -1
1 -0.315695 -25.634354 0.401066 0.000000 0.000000 -1
24
0.382684 0.000000 -0.923880
0.923880 0.000000 0.382682
-0.382683 0.000000 0.923880
0.414894 0.893493 0.171854
0.414894 0.893493 0.171854
0.414894 0.893493 0.171855
-0.142101 -0.988101 -0.058860
-0.142101 -0.988101 -0.058860
-0.142101 -0.988101 -0.058860
0.382684 -0.000000 -0.923880
0.382684 0.000000 -0.923880
0.382684 -0.000000 -0.923880
0.638363 -0.722893 0.264419
0.638364 -0.722893 0.264419
0.638363 -0.722893 0.264419
-0.382684 -0.000000 0.923880
-0.382684 -0.000000 0.923880
-0.382683 -0.000000 0.923880
0.235750 0.966895 0.097651
0.235750 0.966895 0.097651
0.235750 0.966895 0.097651
-0.106294 -0.993360 -0.044028
-0.106294 -0.993360 -0.044028
-0.106294 -0.993360 -0.044028
20
1 0 1 2 0 0 0 2
1 0 3 1 0 0 0 2
1 4 5 6 1 1 1 1
1 4 7 5 1 1 1 1
1 8 9 10 2 2 2 2
1 8 11 9 2 2 2 2
1 0 12 10 3 3 4 3
1 0 13 12 3 5 3 3
1 14 9 15 6 6 7 3
1 14 3 9 6 8 6 3
1 16 17 18 9 9 10 2
1 16 19 17 9 11 9 2
1 20 21 22 12 12 13 1
1 20 23 21 12 14 12 1
1 24 25 26 15 15 16 2
1 24 27 25 15 17 15 2
1 16 28 26 18 18 19 3
1 16 29 28 18 20 18 3
1 30 25 31 21 21 22 3
1 30 19 25 21 23 21 3
"Duplicate07" 1 1
32
1 -0.437452 -22.810894 -12.592117 1.000000 0.000000 -1
1 -0.437454 -24.103775 -0.219776 0.000000 1.000000 -1
1 -0.437454 -16.592443 -0.219776 0.000000 0.000000 -1
1 -0.437452 -26.029673 -12.592117 1.000000 1.000000 -1
1 0.451347 -22.810894 -12.592117 1.000000 0.000000 -1
1 -0.437452 -26.029673 -12.592117 0.000000 1.000000 -1
1 -0.437452 -22.810894 -12.592117 0.000000 0.000000 -1
1 0.451347 -26.029673 -12.592117 1.000000 1.000000 -1
1 0.451346 -16.592443 -0.219777 1.000000 0.000000 -1
1 0.451347 -26.029673 -12.592117 0.000000 1.000000 -1
1 0.451347 -22.810894 -12.592117 0.000000 0.000000 -1
1 0.451346 -24.103775 -0.219777 1.000000 1.000000 -1
1 0.451346 -16.592443 -0.219777 0.000000 1.000000 -1
1 -0.437454 -16.592443 -0.219776 1.000000 1.000000 -1
1 -0.437454 -24.103775 -0.219776 1.000000 0.000000 -1
1 0.451346 -24.103775 -0.219777 0.000000 0.000000 -1
1 -0.437452 -24.532570 -8.412409 1.000000 0.000000 -1
1 -0.437454 -25.634354 -0.039256 0.000000 1.000000 -1
1 -0.437454 -22.166027 0.554798 0.000000 0.000000 -1
1 -0.437453 -26.380249 -6.479340 1.000000 1.000000 -1
1 0.451347 -24.532570 -8.412409 1.000000 0.000000 -1
1 -0.437453 -26.380249 -6.479340 0.000000 1.000000 -1
1 -0.437452 -24.532570 -8.412409 0.000000 0.000000 -1
1 0.451347 -26.380249 -6.479340 1.000000 1.000000 -1
1 0.451345 -22.166027 0.554798 1.000000 0.000000 -1
1 0.451347 -26.380249 -6.479340 0.000000 1.000000 -1
1 0.451347 -24.532570 -8.412409 0.000000 0.000000 -1
1 0.451346 -25.634354 -0.039257 1.000000 1.000000 -1
1 0.451345 -22.166027 0.554798 0.000000 1.000000 -1
1 -0.437454 -22.166027 0.554798 1.000000 1.000000 -1
1 -0.437454 -25.634354 -0.039256 1.000000 0.000000 -1
1 0.451346 -25.634354 -0.039257 0.000000 0.000000 -1
21
-1.000000 0.000000 -0.000000
0.000000 0.000000 -1.000000
1.000000 0.000000 0.000000
1.000000 0.000000 0.000000
-0.000000 0.893493 -0.449078
0.000000 0.893493 -0.449078
-0.000001 0.893493 -0.449078
0.000000 -0.988101 0.153809
0.000000 -0.988101 0.153809
0.000000 -0.988101 0.153809
-1.000000 0.000000 -0.000000
-1.000000 0.000000 -0.000000
-1.000000 0.000000 -0.000000
0.000000 -0.722893 -0.690960
1.000000 0.000000 0.000000
1.000000 0.000000 0.000000
1.000000 0.000000 0.000000
0.000000 0.966895 -0.255174
0.000000 -0.993360 0.115052
0.000000 -0.993360 0.115052
0.000000 -0.993360 0.115052
20
1 0 1 2 0 0 0 2
1 0 3 1 0 0 0 2
1 4 5 6 1 1 1 1
1 4 7 5 1 1 1 1
1 8 9 10 2 2 3 2
1 8 11 9 2 2 2 2
1 0 12 10 4 4 5 3
1 0 13 12 4 6 4 3
1 14 9 15 7 7 8 3
1 14 3 9 7 9 7 3
1 16 17 18 10 10 11 2
1 16 19 17 10 12 10 2
1 20 21 22 13 13 13 1
1 20 23 21 13 13 13 1
1 24 25 26 14 14 15 2
1 24 27 25 14 16 14 2
1 16 28 26 17 17 17 3
1 16 29 28 17 17 17 3
1 30 25 31 18 18 19 3
1 30 19 25 18 20 18 3
"Regroup02" 0 0
60
0 -0.110440 5.535152 -2.322632 0.000000 0.000000 -1
0 -0.110440 0.888954 -1.335051 0.000000 1.000000 -1
0 0.110440 5.535152 -2.322632 1.000000 0.000000 -1
0 0.110440 0.888954 -1.335051 1.000000 1.000000 -1
0 0.110440 5.535152 -2.322632 0.000000 0.000000 -1
0 0.110440 0.888954 -1.335051 0.000000 1.000000 -1
0 0.110440 0.411810 -8.901188 1.000000 0.000000 -1
0 0.110440 -1.752583 -8.441131 1.000000 1.000000 -1
0 0.110440 0.411810 -8.901188 0.000000 0.000000 -1
0 0.110440 -1.752583 -8.441131 0.000000 1.000000 -1
0 -0.110440 0.411810 -8.901188 1.000000 0.000000 -1
0 -0.110440 -1.752583 -8.441131 1.000000 1.000000 -1
0 -0.110440 0.411810 -8.901188 0.000000 0.000000 -1
0 -0.110440 -1.752583 -8.441131 0.000000 1.000000 -1
0 -0.110440 5.535152 -2.322632 1.000000 0.000000 -1
0 -0.110440 0.888954 -1.335051 1.000000 1.000000 -1
0 -0.110440 5.535152 -2.322632 0.000000 1.000000 -1
0 0.110440 5.535152 -2.322632 1.000000 1.000000 -1
0 -0.110440 0.888954 -1.335051 0.000000 0.000000 -1
0 0.110440 0.888954 -1.335051 1.000000 0.000000 -1
0 -2.216163 5.535152 1.046594 1.000000 0.000000 -1
0 -1.388285 0.888954 0.464596 0.000000 1.000000 -1
0 -2.300691 5.535152 0.842527 0.000000 0.000000 -1
0 -1.303757 0.888954 0.668663 1.000000 1.000000 -1
0 -8.293951 0.411810 3.564099 1.000000 0.000000 -1
0 -1.303757 0.888954 0.668663 0.000000 1.000000 -1
0 -2.216163 5.535152 1.046594 0.000000 0.000000 -1
0 -7.868915 -1.752583 3.388043 1.000000 1.000000 -1
0 -8.378477 0.411810 3.360032 1.000000 0.000000 -1
0 -7.868915 -1.752583 3.388043 0.000000 1.000000 -1
0 -8.293951 0.411810 3.564099 0.000000 0.000000 -1
0 -7.953445 -1.752583 3.183975 1.000000 1.000000 -1
0 -2.300691 5.535152 0.842527 1.000000 0.000000 -1
0 -7.953445 -1.752583 3.183975 0.000000 1.000000 -1
0 -8.378477 0.411810 3.360032 0.000000 0.000000 -1
0 -1.388285 0.888954 0.464596 1.000000 1.000000 -1
0 -2.300691 5.535152 0.842527 0.000000 1.000000 -1
0 -2.216163 5.535152 1.046594 1.000000 1.000000 -1
0 -1.303757 0.888954 0.668663 1.000000 0.000000 -1
0 -1.388285 0.888954 0.464596 0.000000 0.000000 -1
0 2.300691 5.535152 0.842527 0.000000 0.000000 -1
0 1.388285 0.888954 0.464596 0.000000 1.000000 -1
0 2.216163 5.535152 1.046594 1.000000 0.000000 -1
0 1.303757 0.888954 0.668663 1.000000 1.000000 -1
0 2.216163 5.535152 1.046594 0.000000 0.000000 -1
0 1.303757 0.888954 0.668663 0.000000 1.000000 -1
0 8.293951 0.411810 3.564099 1.000000 0.000000 -1
0 7.868915 -1.752583 3.388043 1.000000 1.000000 -1
0 8.293951 0.411810 3.564099 0.000000 0.000000 -1
0 7.868915 -1.752583 3.388043 0.000000 1.000000 -1
0 8.378477 0.411810 3.360032 1.000000 0.000000 -1
0 7.953445 -1.752583 3.183975 1.000000 1.000000 -1
0 8.378477 0.411810 3.360032 0.000000 0.000000 -1
0 7.953445 -1.752583 3.183975 0.000000 1.000000 -1
0 2.300691 5.535152 0.842527 1.000000 0.000000 -1
0 1.388285 0.888954 0.464596 1.000000 1.000000 -1
0 2.300691 5.535152 0.842527 0.000000 1.000000 -1
0 2.216163 5.535152 1.046594 1.000000 1.000000 -1
0 1.388285 0.888954 0.464596 0.000000 0.000000 -1
0 1.303757 0.888954 0.668663 1.000000 0.000000 -1
42
0.000000 0.207912 0.978148
1.000000 0.000000 0.000000
0.000000 -0.207912 -0.978148
-1.000000 0.000000 0.000000
0.000000 0.788963 -0.614440
0.000000 -0.937333 0.348434
0.903689 0.207912 -0.374324
0.903690 0.207912 -0.374323
0.903689 0.207912 -0.374324
0.382684 -0.000000 0.923879
0.382684 0.000000 0.923879
0.382684 -0.000000 0.923879
-0.903690 -0.207911 0.374323
-0.903693 -0.207912 0.374316
-0.903687 -0.207910 0.374329
-0.382684 0.000001 -0.923879
-0.382685 0.000001 -0.923879
-0.382684 -0.000000 -0.923880
-0.567669 0.788963 0.235135
-0.567670 0.788963 0.235133
-0.567668 0.788963 0.235138
0.321910 -0.937333 -0.133342
0.321911 -0.937333 -0.133341
0.321910 -0.937333 -0.133343
-0.903690 0.207912 -0.374323
-0.903689 0.207912 -0.374324
-0.903689 0.207912 -0.374324
-0.382684 0.000000 0.923879
-0.382684 -0.000000 0.923879
-0.382684 -0.000000 0.923879
0.903693 -0.207912 0.374316
0.903690 -0.207911 0.374323
0.903687 -0.207910 0.374329
0.382685 0.000001 -0.923879
0.382684 0.000001 -0.923879
0.382684 -0.000000 -0.923880
0.567670 0.788963 0.235133
0.567669 0.788963 0.235135
0.567668 0.788963 0.235138
-0.321911 -0.937333 -0.133341
-0.321910 -0.937333 -0.133342
-0.321910 -0.937333 -0.133343
36
0 0 1 2 0 0 0 1
0 1 3 2 0 0 0 1
0 4 5 6 1 1 1 2
0 5 7 6 1 1 1 2
0 8 9 10 2 2 2 1
0 9 11 10 2 2 2 1
0 12 13 14 3 3 3 2
0 13 15 14 3 3 3 2
0 12 16 6 4 4 4 3
0 16 17 6 4 4 4 3
0 18 13 19 5 5 5 3
0 13 7 19 5 5 5 3
0 20 21 22 6 6 7 1
0 20 23 21 6 8 6 1
0 24 25 26 9 9 10 2
0 24 27 25 9 11 9 2
0 28 29 30 12 12 13 1
0 28 31 29 12 14 12 1
0 32 33 34 15 15 16 2
0 32 35 33 15 17 15 2
0 24 36 34 18 18 19 3
0 24 37 36 18 20 18 3
0 38 33 39 21 21 22 3
0 38 27 33 21 23 21 3
0 40 41 42 24 25 25 1
0 41 43 42 25 26 25 1
0 44 45 46 27 28 28 2
0 45 47 46 28 29 28 2
0 48 49 50 30 31 31 1
0 49 51 50 31 32 31 1
0 52 53 54 33 34 34 2
0 53 55 54 34 35 34 2
0 52 56 46 36 37 37 3
0 56 57 46 37 38 37 3
0 58 53 59 39 40 40 3
0 53 47 59 40 41 40 3

Materials: 2
"Material01"
0.200000 0.200000 0.200000 1.000000
1.000000 1.000000 1.000000 1.000000
0.000000 0.000000 0.000000 1.000000
1.000000 1.000000 1.000000 1.000000
0.000000
1.000000
"sphere_chrome.bmp"
""
"Material03"
0.200000 0.200000 0.200000 1.000000
0.552941 0.552941 0.552941 1.000000
0.000000 0.000000 0.000000 1.000000
0.000000 0.000000 0.000000 1.000000
0.000000
1.000000
"sphere_cball.bmp"
""

Bones: 0
GroupComments: 0
MaterialComments: 0
BoneComments: 0
ModelComment: 0
