// MilkShape 3D ASCII

Frames: 30
Frame: 1

Meshes: 2
"Sphere01" 0 1
104
0 0.250000 -158.063446 0.114685 0.000000 0.600000 -1
0 9.924834 -158.061646 0.114685 0.000000 0.533333 -1
0 0.250000 -158.063446 0.114685 0.083333 0.600000 -1
0 8.628653 -158.061646 4.952102 0.083333 0.533333 -1
0 5.087417 -158.061646 8.493338 0.166667 0.533333 -1
0 0.250000 -158.063446 0.114685 0.166667 0.600000 -1
0 0.250000 -158.063446 0.114685 0.250000 0.600000 -1
0 0.250000 -158.061646 9.789519 0.250000 0.533333 -1
0 -4.587417 -158.061646 8.493338 0.333333 0.533333 -1
0 0.250000 -158.063446 0.114685 0.333333 0.600000 -1
0 0.250000 -158.063446 0.114685 0.416667 0.600000 -1
0 -8.128653 -158.061646 4.952102 0.416667 0.533333 -1
0 -9.424834 -158.061646 0.114685 0.500000 0.533333 -1
0 0.250000 -158.063446 0.114685 0.500000 0.600000 -1
0 0.250000 -158.063446 0.114685 0.583333 0.600000 -1
0 -8.128653 -158.061646 -4.722733 0.583333 0.533333 -1
0 -4.587417 -158.061646 -8.263968 0.666667 0.533333 -1
0 0.250000 -158.063446 0.114685 0.666667 0.600000 -1
0 0.250000 -158.063446 0.114685 0.750000 0.600000 -1
0 0.250000 -158.061646 -9.560150 0.750000 0.533333 -1
0 5.087417 -158.061646 -8.263968 0.833333 0.533333 -1
0 0.250000 -158.063446 0.114685 0.833333 0.600000 -1
0 0.250000 -158.063446 0.114685 0.916667 0.600000 -1
0 8.628653 -158.061646 -4.722733 0.916667 0.533333 -1
0 9.924834 -158.061646 0.114685 1.000000 0.533333 -1
0 0.250000 -158.063446 0.114685 1.000000 0.600000 -1
0 25.222445 -90.845535 0.114685 0.000000 0.466667 -1
0 21.876772 -90.845535 12.600907 0.083333 0.466667 -1
0 12.736222 -90.845535 21.741457 0.166667 0.466667 -1
0 0.250000 -90.845535 25.087130 0.250000 0.466667 -1
0 -12.236222 -90.845535 21.741457 0.333333 0.466667 -1
0 -21.376772 -90.845535 12.600907 0.416667 0.466667 -1
0 -24.722445 -90.845535 0.114685 0.500000 0.466667 -1
0 -21.376772 -90.845535 -12.371536 0.583333 0.466667 -1
0 -12.236222 -90.845535 -21.512087 0.666667 0.466667 -1
0 0.250000 -90.845535 -24.857758 0.750000 0.466667 -1
0 12.736222 -90.845535 -21.512087 0.833333 0.466667 -1
0 21.876772 -90.845535 -12.371536 0.916667 0.466667 -1
0 25.222445 -90.845535 0.114685 1.000000 0.466667 -1
0 29.732752 24.899485 0.114685 0.000000 0.400000 -1
0 25.782812 24.899485 14.856061 0.083333 0.400000 -1
0 14.991376 24.899485 25.647497 0.166667 0.400000 -1
0 0.250000 24.899485 29.597437 0.250000 0.400000 -1
0 -14.491376 24.899485 25.647497 0.333333 0.400000 -1
0 -25.282812 24.899485 14.856061 0.416667 0.400000 -1
0 -29.232752 24.899485 0.114685 0.500000 0.400000 -1
0 -25.282812 24.899485 -14.626690 0.583333 0.400000 -1
0 -14.491376 24.899485 -25.418129 0.666667 0.400000 -1
0 0.250000 24.899485 -29.368065 0.750000 0.400000 -1
0 14.991376 24.899485 -25.418129 0.833333 0.400000 -1
0 25.782812 24.899485 -14.626690 0.916667 0.400000 -1
0 29.732752 24.899485 0.114685 1.000000 0.400000 -1
0 27.096788 91.372986 0.114685 0.000000 0.333333 -1
0 23.500000 91.372986 13.538079 0.083333 0.333333 -1
0 13.673394 91.372986 23.364685 0.166667 0.333333 -1
0 0.250000 91.372986 26.961473 0.250000 0.333333 -1
0 -13.173394 91.372986 23.364685 0.333333 0.333333 -1
0 -23.000000 91.372986 13.538079 0.416667 0.333333 -1
0 -26.596788 91.372986 0.114685 0.500000 0.333333 -1
0 -23.000000 91.372986 -13.308708 0.583333 0.333333 -1
0 -13.173394 91.372986 -23.135315 0.666667 0.333333 -1
0 0.250000 91.372986 -26.732101 0.750000 0.333333 -1
0 13.673394 91.372986 -23.135315 0.833333 0.333333 -1
0 23.500000 91.372986 -13.308708 0.916667 0.333333 -1
0 27.096788 91.372986 0.114685 1.000000 0.333333 -1
0 23.287491 113.931793 0.114685 0.000000 0.266667 -1
0 20.201052 113.931793 11.633430 0.083333 0.266667 -1
0 11.768745 113.931793 20.065737 0.166667 0.266667 -1
0 0.250000 113.931793 23.152176 0.250000 0.266667 -1
0 -11.268745 113.931793 20.065737 0.333333 0.266667 -1
0 -19.701052 113.931793 11.633430 0.416667 0.266667 -1
0 -22.787491 113.931793 0.114685 0.500000 0.266667 -1
0 -19.701052 113.931793 -11.404060 0.583333 0.266667 -1
0 -11.268745 113.931793 -19.836367 0.666667 0.266667 -1
0 0.250000 113.931793 -22.922806 0.750000 0.266667 -1
0 11.768745 113.931793 -19.836367 0.833333 0.266667 -1
0 20.201052 113.931793 -11.404060 0.916667 0.266667 -1
0 23.287491 113.931793 0.114685 1.000000 0.266667 -1
0 18.471342 132.589966 0.114685 0.000000 0.200000 -1
0 16.030144 132.589966 9.225356 0.083333 0.200000 -1
0 9.360671 132.589966 15.894829 0.166667 0.200000 -1
0 0.250000 132.589966 18.336027 0.250000 0.200000 -1
0 -8.860671 132.589966 15.894829 0.333333 0.200000 -1
0 -15.530145 132.589966 9.225356 0.416667 0.200000 -1
0 -17.971342 132.589966 0.114685 0.500000 0.200000 -1
0 -15.530145 132.589966 -8.995987 0.583333 0.200000 -1
0 -8.860671 132.589966 -15.665459 0.666667 0.200000 -1
0 0.250000 132.589966 -18.106657 0.750000 0.200000 -1
0 9.360671 132.589966 -15.665459 0.833333 0.200000 -1
0 16.030144 132.589966 -8.995987 0.916667 0.200000 -1
0 18.471342 132.589966 0.114685 1.000000 0.200000 -1
0 12.858835 146.532059 0.114685 0.000000 0.133333 -1
0 11.169571 146.532059 6.419103 0.083333 0.133333 -1
0 6.554418 146.532059 11.034256 0.166667 0.133333 -1
0 0.250000 146.532059 12.723520 0.250000 0.133333 -1
0 -6.054418 146.532059 11.034256 0.333333 0.133333 -1
0 -10.669571 146.532059 6.419103 0.416667 0.133333 -1
0 -12.358835 146.532059 0.114685 0.500000 0.133333 -1
0 -10.669571 146.532059 -6.189733 0.583333 0.133333 -1
0 -6.054418 146.532059 -10.804886 0.666667 0.133333 -1
0 0.250000 146.532059 -12.494150 0.750000 0.133333 -1
0 6.554418 146.532059 -10.804886 0.833333 0.133333 -1
0 11.169571 146.532059 -6.189733 0.916667 0.133333 -1
0 12.858835 146.532059 0.114685 1.000000 0.133333 -1
98
0.000000 0.000000 0.000000
0.779534 -0.590506 0.208875
0.000161 -1.000000 0.000093
0.531272 -0.789726 0.306730
0.398558 -0.603825 0.690323
0.000000 -1.000000 0.000186
0.000000 -0.789726 0.613460
-0.398558 -0.603825 0.690323
-0.000161 -1.000000 0.000093
-0.531272 -0.789726 0.306730
-0.797117 -0.603825 -0.000000
-0.000161 -1.000000 -0.000093
-0.531272 -0.789726 -0.306730
-0.398558 -0.603825 -0.690323
0.000000 -1.000000 -0.000186
0.000000 -0.789726 -0.613460
0.398558 -0.603825 -0.690323
0.000161 -1.000000 -0.000093
0.531272 -0.789726 -0.306730
0.779534 -0.590506 -0.208875
0.958146 -0.126666 0.256734
0.858556 -0.131058 0.495687
0.495687 -0.131058 0.858556
0.000000 -0.131058 0.991375
-0.495687 -0.131058 0.858556
-0.858556 -0.131058 0.495687
-0.991375 -0.131058 -0.000000
-0.858556 -0.131058 -0.495687
-0.495687 -0.131058 -0.858556
-0.000000 -0.131058 -0.991375
0.495687 -0.131058 -0.858556
0.858556 -0.131058 -0.495687
0.958146 -0.126666 -0.256734
0.965926 0.000331 0.258819
0.866025 0.000343 0.500000
0.500000 0.000343 0.866025
0.000000 0.000343 1.000000
-0.500000 0.000343 0.866025
-0.866025 0.000343 0.500000
-1.000000 0.000343 -0.000000
-0.866025 0.000343 -0.500000
-0.500000 0.000343 -0.866025
0.000000 0.000343 -1.000000
0.500000 0.000343 -0.866025
0.866025 0.000343 -0.500000
0.965926 0.000331 -0.258819
0.961102 0.099817 0.257526
0.861392 0.103302 0.497325
0.497325 0.103302 0.861392
0.000000 0.103302 0.994650
-0.497325 0.103302 0.861392
-0.861392 0.103302 0.497325
-0.994650 0.103302 -0.000000
-0.861392 0.103302 -0.497325
-0.497325 0.103302 -0.861392
-0.000000 0.103302 -0.994650
0.497325 0.103302 -0.861392
0.861392 0.103302 -0.497325
0.961102 0.099817 -0.257527
0.946089 0.201624 0.253504
0.847005 0.208432 0.489018
0.489018 0.208432 0.847005
0.000000 0.208432 0.978037
-0.489018 0.208432 0.847005
-0.847005 0.208432 0.489018
-0.978037 0.208432 0.000000
-0.847005 0.208432 -0.489018
-0.489018 0.208432 -0.847005
0.000000 0.208432 -0.978037
0.489018 0.208432 -0.847005
0.847005 0.208432 -0.489018
0.946089 0.201624 -0.253504
0.920588 0.302771 0.246671
0.822674 0.312425 0.474971
0.474971 0.312425 0.822674
0.000000 0.312425 0.949942
-0.474971 0.312425 0.822674
-0.822674 0.312425 0.474971
-0.949942 0.312425 0.000000
-0.822674 0.312425 -0.474971
-0.474971 0.312425 -0.822674
-0.000000 0.312425 -0.949942
0.474971 0.312425 -0.822674
0.822674 0.312425 -0.474971
0.920588 0.302771 -0.246671
0.900262 0.362408 0.241225
0.803374 0.373436 0.463828
0.463828 0.373436 0.803374
0.000000 0.373436 0.927656
-0.463828 0.373436 0.803374
-0.803374 0.373436 0.463828
-0.927656 0.373436 0.000000
-0.803374 0.373436 -0.463828
-0.463828 0.373436 -0.803374
0.000000 0.373436 -0.927656
0.463828 0.373436 -0.803374
0.803374 0.373436 -0.463828
0.900262 0.362408 -0.241225
168
0 0 1 2 0 1 2 1
0 1 3 2 1 3 2 1
0 2 3 4 2 3 4 1
0 2 4 5 2 4 0 1
0 5 4 6 0 4 5 1
0 4 7 6 4 6 5 1
0 6 7 8 5 6 7 1
0 6 8 9 5 7 0 1
0 9 8 10 0 7 8 1
0 8 11 10 7 9 8 1
0 10 11 12 8 9 10 1
0 10 12 13 8 10 0 1
0 13 12 14 0 10 11 1
0 12 15 14 10 12 11 1
0 14 15 16 11 12 13 1
0 14 16 17 11 13 0 1
0 17 16 18 0 13 14 1
0 16 19 18 13 15 14 1
0 18 19 20 14 15 16 1
0 18 20 21 14 16 0 1
0 21 20 22 0 16 17 1
0 20 23 22 16 18 17 1
0 22 23 24 17 18 19 1
0 22 24 25 17 19 0 1
0 1 26 27 1 20 21 1
0 1 27 3 1 21 3 1
0 3 27 4 3 21 4 1
0 27 28 4 21 22 4 1
0 4 28 29 4 22 23 1
0 4 29 7 4 23 6 1
0 7 29 8 6 23 7 1
0 29 30 8 23 24 7 1
0 8 30 31 7 24 25 1
0 8 31 11 7 25 9 1
0 11 31 12 9 25 10 1
0 31 32 12 25 26 10 1
0 12 32 33 10 26 27 1
0 12 33 15 10 27 12 1
0 15 33 16 12 27 13 1
0 33 34 16 27 28 13 1
0 16 34 35 13 28 29 1
0 16 35 19 13 29 15 1
0 19 35 20 15 29 16 1
0 35 36 20 29 30 16 1
0 20 36 37 16 30 31 1
0 20 37 23 16 31 18 1
0 23 37 24 18 31 19 1
0 37 38 24 31 32 19 1
0 26 39 27 20 33 21 1
0 39 40 27 33 34 21 1
0 27 40 41 21 34 35 1
0 27 41 28 21 35 22 1
0 28 41 29 22 35 23 1
0 41 42 29 35 36 23 1
0 29 42 43 23 36 37 1
0 29 43 30 23 37 24 1
0 30 43 31 24 37 25 1
0 43 44 31 37 38 25 1
0 31 44 45 25 38 39 1
0 31 45 32 25 39 26 1
0 32 45 33 26 39 27 1
0 45 46 33 39 40 27 1
0 33 46 47 27 40 41 1
0 33 47 34 27 41 28 1
0 34 47 35 28 41 29 1
0 47 48 35 41 42 29 1
0 35 48 49 29 42 43 1
0 35 49 36 29 43 30 1
0 36 49 37 30 43 31 1
0 49 50 37 43 44 31 1
0 37 50 51 31 44 45 1
0 37 51 38 31 45 32 1
0 39 52 53 33 46 47 1
0 39 53 40 33 47 34 1
0 40 53 41 34 47 35 1
0 53 54 41 47 48 35 1
0 41 54 55 35 48 49 1
0 41 55 42 35 49 36 1
0 42 55 43 36 49 37 1
0 55 56 43 49 50 37 1
0 43 56 57 37 50 51 1
0 43 57 44 37 51 38 1
0 44 57 45 38 51 39 1
0 57 58 45 51 52 39 1
0 45 58 59 39 52 53 1
0 45 59 46 39 53 40 1
0 46 59 47 40 53 41 1
0 59 60 47 53 54 41 1
0 47 60 61 41 54 55 1
0 47 61 48 41 55 42 1
0 48 61 49 42 55 43 1
0 61 62 49 55 56 43 1
0 49 62 63 43 56 57 1
0 49 63 50 43 57 44 1
0 50 63 51 44 57 45 1
0 63 64 51 57 58 45 1
0 52 65 53 46 59 47 1
0 65 66 53 59 60 47 1
0 53 66 67 47 60 61 1
0 53 67 54 47 61 48 1
0 54 67 55 48 61 49 1
0 67 68 55 61 62 49 1
0 55 68 69 49 62 63 1
0 55 69 56 49 63 50 1
0 56 69 57 50 63 51 1
0 69 70 57 63 64 51 1
0 57 70 71 51 64 65 1
0 57 71 58 51 65 52 1
0 58 71 59 52 65 53 1
0 71 72 59 65 66 53 1
0 59 72 73 53 66 67 1
0 59 73 60 53 67 54 1
0 60 73 61 54 67 55 1
0 73 74 61 67 68 55 1
0 61 74 75 55 68 69 1
0 61 75 62 55 69 56 1
0 62 75 63 56 69 57 1
0 75 76 63 69 70 57 1
0 63 76 77 57 70 71 1
0 63 77 64 57 71 58 1
0 65 78 79 59 72 73 1
0 65 79 66 59 73 60 1
0 66 79 67 60 73 61 1
0 79 80 67 73 74 61 1
0 67 80 81 61 74 75 1
0 67 81 68 61 75 62 1
0 68 81 69 62 75 63 1
0 81 82 69 75 76 63 1
0 69 82 83 63 76 77 1
0 69 83 70 63 77 64 1
0 70 83 71 64 77 65 1
0 83 84 71 77 78 65 1
0 71 84 85 65 78 79 1
0 71 85 72 65 79 66 1
0 72 85 73 66 79 67 1
0 85 86 73 79 80 67 1
0 73 86 87 67 80 81 1
0 73 87 74 67 81 68 1
0 74 87 75 68 81 69 1
0 87 88 75 81 82 69 1
0 75 88 89 69 82 83 1
0 75 89 76 69 83 70 1
0 76 89 77 70 83 71 1
0 89 90 77 83 84 71 1
0 78 91 79 72 85 73 1
0 91 92 79 85 86 73 1
0 79 92 93 73 86 87 1
0 79 93 80 73 87 74 1
0 80 93 81 74 87 75 1
0 93 94 81 87 88 75 1
0 81 94 95 75 88 89 1
0 81 95 82 75 89 76 1
0 82 95 83 76 89 77 1
0 95 96 83 89 90 77 1
0 83 96 97 77 90 91 1
0 83 97 84 77 91 78 1
0 84 97 85 78 91 79 1
0 97 98 85 91 92 79 1
0 85 98 99 79 92 93 1
0 85 99 86 79 93 80 1
0 86 99 87 80 93 81 1
0 99 100 87 93 94 81 1
0 87 100 101 81 94 95 1
0 87 101 88 81 95 82 1
0 88 101 89 82 95 83 1
0 101 102 89 95 96 83 1
0 89 102 103 83 96 97 1
0 89 103 90 83 97 84 1
"Regroup02" 0 0
150
0 30.325354 50.422405 0.114685 0.000000 0.400000 -1
0 27.636408 65.850060 0.114685 0.000000 0.333333 -1
0 23.967325 65.850060 13.807889 0.083333 0.333333 -1
0 26.296021 50.422405 15.152362 0.083333 0.400000 -1
0 15.287678 50.422405 26.160706 0.166667 0.400000 -1
0 13.943204 65.850060 23.832010 0.166667 0.333333 -1
0 0.250000 65.850060 27.501093 0.250000 0.333333 -1
0 0.250000 50.422405 30.190039 0.250000 0.400000 -1
0 -14.787677 50.422405 26.160706 0.333333 0.400000 -1
0 -13.443204 65.850060 23.832010 0.333333 0.333333 -1
0 -23.467325 65.850060 13.807889 0.416667 0.333333 -1
0 -25.796021 50.422405 15.152362 0.416667 0.400000 -1
0 -29.825354 50.422405 0.114685 0.500000 0.400000 -1
0 -27.136408 65.850060 0.114685 0.500000 0.333333 -1
0 -23.467325 65.850060 -13.578518 0.583333 0.333333 -1
0 -25.796021 50.422405 -14.922993 0.583333 0.400000 -1
0 -14.787677 50.422405 -25.931335 0.666667 0.400000 -1
0 -13.443204 65.850060 -23.602640 0.666667 0.333333 -1
0 0.250000 65.850060 -27.271721 0.750000 0.333333 -1
0 0.250000 50.422405 -29.960670 0.750000 0.400000 -1
0 15.287678 50.422405 -25.931335 0.833333 0.400000 -1
0 13.943204 65.850060 -23.602640 0.833333 0.333333 -1
0 23.967325 65.850060 -13.578518 0.916667 0.333333 -1
0 26.296021 50.422405 -14.922993 0.916667 0.400000 -1
0 30.325354 50.422405 0.114685 1.000000 0.400000 -1
0 27.636408 65.850060 0.114685 1.000000 0.333333 -1
0 30.325354 67.089073 0.114685 0.000000 0.400000 -1
0 27.636408 82.516731 0.114685 0.000000 0.333333 -1
0 23.967325 82.516731 13.807889 0.083333 0.333333 -1
0 26.296021 67.089073 15.152362 0.083333 0.400000 -1
0 15.287678 67.089073 26.160706 0.166667 0.400000 -1
0 13.943204 82.516731 23.832010 0.166667 0.333333 -1
0 0.250000 82.516731 27.501093 0.250000 0.333333 -1
0 0.250000 67.089073 30.190039 0.250000 0.400000 -1
0 -14.787677 67.089073 26.160706 0.333333 0.400000 -1
0 -13.443204 82.516731 23.832010 0.333333 0.333333 -1
0 -23.467325 82.516731 13.807889 0.416667 0.333333 -1
0 -25.796021 67.089073 15.152362 0.416667 0.400000 -1
0 -29.825354 67.089073 0.114685 0.500000 0.400000 -1
0 -27.136408 82.516731 0.114685 0.500000 0.333333 -1
0 -23.467325 82.516731 -13.578518 0.583333 0.333333 -1
0 -25.796021 67.089073 -14.922993 0.583333 0.400000 -1
0 -14.787677 67.089073 -25.931335 0.666667 0.400000 -1
0 -13.443204 82.516731 -23.602640 0.666667 0.333333 -1
0 0.250000 82.516731 -27.271721 0.750000 0.333333 -1
0 0.250000 67.089073 -29.960670 0.750000 0.400000 -1
0 15.287678 67.089073 -25.931335 0.833333 0.400000 -1
0 13.943204 82.516731 -23.602640 0.833333 0.333333 -1
0 23.967325 82.516731 -13.578518 0.916667 0.333333 -1
0 26.296021 67.089073 -14.922993 0.916667 0.400000 -1
0 30.325354 67.089073 0.114685 1.000000 0.400000 -1
0 27.636408 82.516731 0.114685 1.000000 0.333333 -1
0 1.925628 -68.485916 18.534328 1.000000 0.000000 -1
0 -1.425628 -150.485916 4.534328 0.000000 1.000000 -1
0 -1.425628 -68.485916 18.534328 0.000000 0.000000 -1
0 1.925628 -150.485916 4.534328 1.000000 1.000000 -1
0 1.925628 -118.380402 52.534325 1.000000 0.000000 -1
0 1.925628 -150.485916 4.534328 0.000000 1.000000 -1
0 1.925628 -68.485916 18.534328 0.000000 0.000000 -1
0 1.925628 -142.591431 48.534325 1.000000 1.000000 -1
0 -1.425628 -118.380402 52.534325 1.000000 0.000000 -1
0 1.925628 -142.591431 48.534325 0.000000 1.000000 -1
0 1.925628 -118.380402 52.534325 0.000000 0.000000 -1
0 -1.425628 -142.591431 48.534325 1.000000 1.000000 -1
0 -1.425628 -68.485916 18.534328 1.000000 0.000000 -1
0 -1.425628 -142.591431 48.534325 0.000000 1.000000 -1
0 -1.425628 -118.380402 52.534325 0.000000 0.000000 -1
0 -1.425628 -150.485916 4.534328 1.000000 1.000000 -1
0 -1.425628 -68.485916 18.534328 0.000000 1.000000 -1
0 1.925628 -68.485916 18.534328 1.000000 1.000000 -1
0 1.925628 -150.485916 4.534328 1.000000 0.000000 -1
0 -1.425628 -150.485916 4.534328 0.000000 0.000000 -1
0 -13.917202 -68.485916 -11.623001 0.000000 0.000000 -1
0 -4.017706 -150.485916 -1.723505 0.000000 1.000000 -1
0 -11.547506 -68.485916 -13.992695 1.000000 0.000000 -1
0 -1.648011 -150.485916 -4.093201 1.000000 1.000000 -1
0 -11.547506 -68.485916 -13.992695 0.000000 0.000000 -1
0 -1.648011 -150.485916 -4.093201 0.000000 1.000000 -1
0 -35.589134 -118.380402 -38.034321 1.000000 0.000000 -1
0 -32.760708 -142.591431 -35.205894 1.000000 1.000000 -1
0 -35.589134 -118.380402 -38.034321 0.000000 0.000000 -1
0 -32.760708 -142.591431 -35.205894 0.000000 1.000000 -1
0 -37.958828 -118.380402 -35.664627 1.000000 0.000000 -1
0 -35.130402 -142.591431 -32.836201 1.000000 1.000000 -1
0 -37.958828 -118.380402 -35.664627 0.000000 0.000000 -1
0 -35.130402 -142.591431 -32.836201 0.000000 1.000000 -1
0 -13.917202 -68.485916 -11.623001 1.000000 0.000000 -1
0 -4.017706 -150.485916 -1.723505 1.000000 1.000000 -1
0 -13.917202 -68.485916 -11.623001 0.000000 1.000000 -1
0 -11.547506 -68.485916 -13.992695 1.000000 1.000000 -1
0 -4.017706 -150.485916 -1.723505 0.000000 0.000000 -1
0 -1.648011 -150.485916 -4.093201 1.000000 0.000000 -1
0 12.047504 -68.485916 -13.992695 1.000000 0.000000 -1
0 4.517707 -150.485916 -1.723507 0.000000 1.000000 -1
0 14.417200 -68.485916 -11.623001 0.000000 0.000000 -1
0 2.148012 -150.485916 -4.093202 1.000000 1.000000 -1
0 36.089130 -118.380402 -38.034325 1.000000 0.000000 -1
0 2.148012 -150.485916 -4.093202 0.000000 1.000000 -1
0 12.047504 -68.485916 -13.992695 0.000000 0.000000 -1
0 33.260704 -142.591431 -35.205894 1.000000 1.000000 -1
0 38.458828 -118.380402 -35.664627 1.000000 0.000000 -1
0 33.260704 -142.591431 -35.205894 0.000000 1.000000 -1
0 36.089130 -118.380402 -38.034325 0.000000 0.000000 -1
0 35.630402 -142.591431 -32.836201 1.000000 1.000000 -1
0 14.417200 -68.485916 -11.623001 1.000000 0.000000 -1
0 35.630402 -142.591431 -32.836201 0.000000 1.000000 -1
0 38.458828 -118.380402 -35.664627 0.000000 0.000000 -1
0 4.517707 -150.485916 -1.723507 1.000000 1.000000 -1
0 14.417200 -68.485916 -11.623001 0.000000 1.000000 -1
0 12.047504 -68.485916 -13.992695 1.000000 1.000000 -1
0 2.148012 -150.485916 -4.093202 1.000000 0.000000 -1
0 4.517707 -150.485916 -1.723507 0.000000 0.000000 -1
0 0.250000 158.063446 0.114685 0.000000 0.000000 -1
0 5.831759 155.148773 3.337315 0.083333 0.066667 -1
0 6.695261 155.148773 0.114685 0.000000 0.066667 -1
0 0.250000 158.063446 0.114685 0.083333 0.000000 -1
0 3.472631 155.148773 5.696444 0.166667 0.066667 -1
0 0.250000 158.063446 0.114685 0.166667 0.000000 -1
0 0.250000 155.148773 6.559946 0.250000 0.066667 -1
0 0.250000 158.063446 0.114685 0.250000 0.000000 -1
0 -2.972630 155.148773 5.696444 0.333333 0.066667 -1
0 0.250000 158.063446 0.114685 0.333333 0.000000 -1
0 -5.331759 155.148773 3.337315 0.416667 0.066667 -1
0 0.250000 158.063446 0.114685 0.416667 0.000000 -1
0 -6.195261 155.148773 0.114685 0.500000 0.066667 -1
0 0.250000 158.063446 0.114685 0.500000 0.000000 -1
0 -5.331759 155.148773 -3.107945 0.583333 0.066667 -1
0 0.250000 158.063446 0.114685 0.583333 0.000000 -1
0 -2.972630 155.148773 -5.467073 0.666667 0.066667 -1
0 0.250000 158.063446 0.114685 0.666667 0.000000 -1
0 0.250000 155.148773 -6.330576 0.750000 0.066667 -1
0 0.250000 158.063446 0.114685 0.750000 0.000000 -1
0 3.472631 155.148773 -5.467073 0.833333 0.066667 -1
0 0.250000 158.063446 0.114685 0.833333 0.000000 -1
0 5.831759 155.148773 -3.107945 0.916667 0.066667 -1
0 0.250000 158.063446 0.114685 0.916667 0.000000 -1
0 6.695261 155.148773 0.114685 1.000000 0.066667 -1
0 12.858835 146.532059 0.114685 0.000000 0.133333 -1
0 11.169571 146.532059 6.419103 0.083333 0.133333 -1
0 6.554418 146.532059 11.034256 0.166667 0.133333 -1
0 0.250000 146.532059 12.723520 0.250000 0.133333 -1
0 -6.054418 146.532059 11.034256 0.333333 0.133333 -1
0 -10.669571 146.532059 6.419103 0.416667 0.133333 -1
0 -12.358835 146.532059 0.114685 0.500000 0.133333 -1
0 -10.669571 146.532059 -6.189733 0.583333 0.133333 -1
0 -6.054418 146.532059 -10.804886 0.666667 0.133333 -1
0 0.250000 146.532059 -12.494150 0.750000 0.133333 -1
0 6.554418 146.532059 -10.804886 0.833333 0.133333 -1
0 11.169571 146.532059 -6.189733 0.916667 0.133333 -1
0 12.858835 146.532059 0.114685 1.000000 0.133333 -1
118
0.952521 0.166019 0.255227
0.853164 0.171705 0.492574
0.853164 0.171705 0.492574
0.492574 0.171705 0.853163
0.000000 0.171705 0.985148
-0.492574 0.171705 0.853163
-0.853163 0.171705 0.492574
-0.985148 0.171705 -0.000000
-0.985148 0.171705 -0.000000
-0.853163 0.171705 -0.492574
-0.853163 0.171705 -0.492574
-0.492574 0.171705 -0.853163
-0.492574 0.171705 -0.853164
-0.000000 0.171705 -0.985148
-0.000000 0.171706 -0.985148
0.492574 0.171705 -0.853163
0.492574 0.171705 -0.853164
0.853163 0.171705 -0.492574
0.853163 0.171705 -0.492574
0.952521 0.166019 -0.255227
0.952521 0.166019 0.255227
0.853164 0.171705 0.492574
0.853164 0.171705 0.492574
0.492574 0.171705 0.853163
0.492574 0.171705 0.853163
-0.000000 0.171705 0.985148
-0.492574 0.171705 0.853163
-0.853163 0.171705 0.492574
-0.985148 0.171705 0.000000
-0.985148 0.171705 -0.000000
-0.853163 0.171705 -0.492574
-0.853164 0.171705 -0.492574
-0.492574 0.171705 -0.853163
-0.492574 0.171705 -0.853164
-0.000000 0.171705 -0.985148
-0.000000 0.171706 -0.985148
0.492574 0.171705 -0.853163
0.492574 0.171705 -0.853164
0.853163 0.171705 -0.492574
0.853164 0.171705 -0.492574
0.952521 0.166019 -0.255227
0.952521 0.166019 -0.255227
0.000000 0.168296 -0.985736
1.000000 0.000000 0.000000
0.000000 -0.163004 0.986625
-1.000000 0.000000 0.000000
0.000000 0.563122 0.826374
0.000000 -0.984283 0.176600
0.697021 0.168296 0.697021
0.697021 0.168296 0.697021
0.697021 0.168296 0.697021
0.707107 -0.000000 -0.707107
0.707107 -0.000000 -0.707107
0.707107 -0.000000 -0.707107
-0.697649 -0.163004 -0.697649
-0.707107 0.000000 0.707107
-0.584334 0.563122 -0.584334
-0.584334 0.563122 -0.584334
-0.584334 0.563122 -0.584335
-0.124875 -0.984283 -0.124875
-0.124875 -0.984283 -0.124875
-0.124875 -0.984283 -0.124875
-0.697021 0.168296 0.697021
-0.697021 0.168296 0.697021
-0.697021 0.168296 0.697021
-0.707107 -0.000000 -0.707107
-0.707107 0.000000 -0.707107
-0.707107 -0.000000 -0.707107
0.697649 -0.163004 -0.697650
0.697649 -0.163004 -0.697649
0.697649 -0.163004 -0.697650
0.707107 0.000000 0.707107
0.707107 0.000000 0.707107
0.707107 0.000000 0.707107
0.584334 0.563122 -0.584334
0.584334 0.563122 -0.584334
0.584334 0.563122 -0.584335
0.124875 -0.984283 -0.124875
0.124875 -0.984283 -0.124875
0.124875 -0.984283 -0.124875
0.409557 0.905660 0.109741
0.605729 0.714696 0.349718
0.623760 0.763538 0.167136
0.299817 0.905660 0.299817
0.316329 0.774431 0.547898
0.109741 0.905660 0.409557
-0.000000 0.714696 0.699435
-0.109741 0.905660 0.409557
-0.316329 0.774431 0.547898
-0.299817 0.905660 0.299817
-0.605729 0.714696 0.349718
-0.409557 0.905660 0.109741
-0.632659 0.774431 0.000000
-0.409557 0.905660 -0.109741
-0.605729 0.714696 -0.349718
-0.299817 0.905660 -0.299817
-0.316329 0.774431 -0.547898
-0.109741 0.905660 -0.409557
-0.000000 0.714696 -0.699435
0.109741 0.905660 -0.409557
0.316329 0.774431 -0.547898
0.299817 0.905660 -0.299817
0.605729 0.714696 -0.349718
0.409557 0.905660 -0.109741
0.623760 0.763538 -0.167136
0.794688 0.568444 0.212936
0.704374 0.581787 0.406671
0.406671 0.581787 0.704374
0.000000 0.581787 0.813341
-0.406671 0.581787 0.704374
-0.704374 0.581787 0.406671
-0.813341 0.581787 -0.000000
-0.704374 0.581787 -0.406671
-0.406671 0.581787 -0.704374
0.000000 0.581787 -0.813341
0.406671 0.581787 -0.704374
0.704374 0.581787 -0.406671
0.794688 0.568444 -0.212936
120
0 0 1 2 0 0 1 1
0 0 2 3 0 1 2 1
0 3 2 4 2 1 3 1
0 2 5 4 1 3 3 1
0 4 5 6 3 3 4 1
0 4 6 7 3 4 4 1
0 7 6 8 4 4 5 1
0 6 9 8 4 5 5 1
0 8 9 10 5 5 6 1
0 8 10 11 5 6 6 1
0 11 10 12 6 6 7 1
0 10 13 12 6 8 7 1
0 12 13 14 7 8 9 1
0 12 14 15 7 9 10 1
0 15 14 16 10 9 11 1
0 14 17 16 9 12 11 1
0 16 17 18 11 12 13 1
0 16 18 19 11 13 14 1
0 19 18 20 14 13 15 1
0 18 21 20 13 16 15 1
0 20 21 22 15 16 17 1
0 20 22 23 15 17 18 1
0 23 22 24 18 17 19 1
0 22 25 24 17 19 19 1
0 26 27 28 20 20 21 1
0 26 28 29 20 21 22 1
0 29 28 30 22 21 23 1
0 28 31 30 21 24 23 1
0 30 31 32 23 24 25 1
0 30 32 33 23 25 25 1
0 33 32 34 25 25 26 1
0 32 35 34 25 26 26 1
0 34 35 36 26 26 27 1
0 34 36 37 26 27 27 1
0 37 36 38 27 27 28 1
0 36 39 38 27 29 28 1
0 38 39 40 28 29 30 1
0 38 40 41 28 30 31 1
0 41 40 42 31 30 32 1
0 40 43 42 30 33 32 1
0 42 43 44 32 33 34 1
0 42 44 45 32 34 35 1
0 45 44 46 35 34 36 1
0 44 47 46 34 37 36 1
0 46 47 48 36 37 38 1
0 46 48 49 36 38 39 1
0 49 48 50 39 38 40 1
0 48 51 50 38 41 40 1
0 52 53 54 42 42 42 1
0 52 55 53 42 42 42 1
0 56 57 58 43 43 43 2
0 56 59 57 43 43 43 2
0 60 61 62 44 44 44 1
0 60 63 61 44 44 44 1
0 64 65 66 45 45 45 2
0 64 67 65 45 45 45 2
0 56 68 66 46 46 46 3
0 56 69 68 46 46 46 3
0 70 65 71 47 47 47 3
0 70 59 65 47 47 47 3
0 72 73 74 48 49 49 1
0 73 75 74 49 50 49 1
0 76 77 78 51 52 52 2
0 77 79 78 52 53 52 2
0 80 81 82 54 54 54 1
0 81 83 82 54 54 54 1
0 84 85 86 55 55 55 2
0 85 87 86 55 55 55 2
0 84 88 78 56 57 57 3
0 88 89 78 57 58 57 3
0 90 85 91 59 60 60 3
0 85 79 91 60 61 60 3
0 92 93 94 62 62 63 1
0 92 95 93 62 64 62 1
0 96 97 98 65 65 66 2
0 96 99 97 65 67 65 2
0 100 101 102 68 68 69 1
0 100 103 101 68 70 68 1
0 104 105 106 71 71 72 2
0 104 107 105 71 73 71 2
0 96 108 106 74 74 75 3
0 96 109 108 74 76 74 3
0 110 105 111 77 77 78 3
0 110 99 105 77 79 77 3
0 112 113 114 80 81 82 1
0 115 116 113 83 84 81 1
0 117 118 116 85 86 84 1
0 119 120 118 87 88 86 1
0 121 122 120 89 90 88 1
0 123 124 122 91 92 90 1
0 125 126 124 93 94 92 1
0 127 128 126 95 96 94 1
0 129 130 128 97 98 96 1
0 131 132 130 99 100 98 1
0 133 134 132 101 102 100 1
0 135 136 134 103 104 102 1
0 137 114 113 105 82 81 1
0 137 113 138 105 81 106 1
0 138 113 139 106 81 107 1
0 113 116 139 81 84 107 1
0 139 116 118 107 84 86 1
0 139 118 140 107 86 108 1
0 140 118 141 108 86 109 1
0 118 120 141 86 88 109 1
0 141 120 122 109 88 90 1
0 141 122 142 109 90 110 1
0 142 122 143 110 90 111 1
0 122 124 143 90 92 111 1
0 143 124 126 111 92 94 1
0 143 126 144 111 94 112 1
0 144 126 145 112 94 113 1
0 126 128 145 94 96 113 1
0 145 128 130 113 96 98 1
0 145 130 146 113 98 114 1
0 146 130 147 114 98 115 1
0 130 132 147 98 100 115 1
0 147 132 134 115 100 102 1
0 147 134 148 115 102 116 1
0 148 134 149 116 102 117 1
0 134 136 149 102 104 117 1

Materials: 2
"Material01"
0.200000 0.200000 0.200000 1.000000
0.082353 0.082353 0.082353 1.000000
0.000000 0.000000 0.000000 1.000000
0.000000 0.000000 0.000000 1.000000
0.000000
1.000000
"sphere_chrome.bmp"
""
"Material02"
0.200000 0.200000 0.200000 1.000000
1.000000 1.000000 1.000000 1.000000
0.000000 0.000000 0.000000 1.000000
0.568627 0.568627 0.568627 1.000000
0.000000
1.000000
"sphere_cball.bmp"
""

Bones: 0
GroupComments: 0
MaterialComments: 0
BoneComments: 0
ModelComment: 0
