// MilkShape 3D ASCII

Frames: 30
Frame: 1

Meshes: 4
"Sphere02" 1 0
147
1 26.420664 4.445189 0.387001 0.000000 0.450000 -1
1 25.440762 1.613800 0.886251 0.000000 0.400000 -1
1 24.195602 0.248642 -6.855945 0.050000 0.400000 -1
1 25.127544 3.027449 -7.653400 0.050000 0.450000 -1
1 21.374765 1.748484 -14.906755 0.100000 0.450000 -1
1 20.582008 -0.982888 -13.840288 0.100000 0.400000 -1
1 14.953704 -1.960234 -19.383074 0.150000 0.400000 -1
1 15.529676 0.733495 -20.663052 0.150000 0.450000 -1
1 8.164434 0.081833 -24.358809 0.200000 0.450000 -1
1 7.861628 -2.587730 -22.941790 0.200000 0.400000 -1
1 0.000000 -2.803944 -24.168009 0.250000 0.400000 -1
1 0.000000 -0.142712 -25.632292 0.250000 0.450000 -1
1 -8.164434 0.081833 -24.358809 0.300000 0.450000 -1
1 -7.861628 -2.587730 -22.941790 0.300000 0.400000 -1
1 -14.953704 -1.960234 -19.383074 0.350000 0.400000 -1
1 -15.529676 0.733495 -20.663052 0.350000 0.450000 -1
1 -21.374765 1.748484 -14.906755 0.400000 0.450000 -1
1 -20.582008 -0.982888 -13.840288 0.400000 0.400000 -1
1 -24.195602 0.248642 -6.855945 0.450000 0.400000 -1
1 -25.127544 3.027449 -7.653400 0.450000 0.450000 -1
1 -26.420664 4.445189 0.387001 0.500000 0.450000 -1
1 -25.440762 1.613800 0.886251 0.500000 0.400000 -1
1 -24.195602 2.978956 8.628451 0.550000 0.400000 -1
1 -25.127544 5.862928 8.427401 0.550000 0.450000 -1
1 -21.374765 7.141891 15.680760 0.600000 0.450000 -1
1 -20.582008 4.210486 15.612785 0.600000 0.400000 -1
1 -14.953704 5.187831 21.155586 0.650000 0.400000 -1
1 -15.529676 8.156879 21.437042 0.650000 0.450000 -1
1 -8.164434 8.808540 25.132816 0.700000 0.450000 -1
1 -7.861628 5.815324 24.714279 0.700000 0.400000 -1
1 -0.000000 6.031540 25.940523 0.750000 0.400000 -1
1 -0.000000 9.033091 26.406286 0.750000 0.450000 -1
1 8.164434 8.808540 25.132816 0.800000 0.450000 -1
1 7.861628 5.815324 24.714279 0.800000 0.400000 -1
1 14.953704 5.187831 21.155586 0.850000 0.400000 -1
1 15.529676 8.156879 21.437042 0.850000 0.450000 -1
1 21.374765 7.141891 15.680760 0.900000 0.450000 -1
1 20.582008 4.210486 15.612785 0.900000 0.400000 -1
1 24.195602 2.978956 8.628451 0.950000 0.400000 -1
1 25.127544 5.862928 8.427401 0.950000 0.450000 -1
1 26.420664 4.445189 0.387001 1.000000 0.450000 -1
1 25.440762 1.613800 0.886251 1.000000 0.400000 -1
1 23.834423 -2.205331 1.559667 0.000000 0.350000 -1
1 22.667885 -3.484298 -5.693686 0.050000 0.350000 -1
1 19.282454 -4.638065 -12.237030 0.100000 0.350000 -1
1 14.009522 -5.553693 -17.429857 0.150000 0.350000 -1
1 7.365242 -6.141570 -20.763851 0.200000 0.350000 -1
1 0.000000 -6.344132 -21.912676 0.250000 0.350000 -1
1 -7.365242 -6.141570 -20.763851 0.300000 0.350000 -1
1 -14.009522 -5.553693 -17.429857 0.350000 0.350000 -1
1 -19.282454 -4.638065 -12.237030 0.400000 0.350000 -1
1 -22.667885 -3.484298 -5.693686 0.450000 0.350000 -1
1 -23.834423 -2.205331 1.559667 0.500000 0.350000 -1
1 -22.667885 -0.926364 8.813017 0.550000 0.350000 -1
1 -19.282454 0.227399 15.356359 0.600000 0.350000 -1
1 -14.009522 1.143041 20.549185 0.650000 0.350000 -1
1 -7.365242 1.730912 23.883181 0.700000 0.350000 -1
1 -0.000000 1.933481 25.032001 0.750000 0.350000 -1
1 7.365242 1.730912 23.883181 0.800000 0.350000 -1
1 14.009522 1.143041 20.549185 0.850000 0.350000 -1
1 19.282454 0.227399 15.356359 0.900000 0.350000 -1
1 22.667885 -0.926364 8.813017 0.950000 0.350000 -1
1 23.834423 -2.205331 1.559667 1.000000 0.350000 -1
1 21.641205 -5.729969 2.181157 0.000000 0.300000 -1
1 20.582010 -6.891233 -4.404750 0.050000 0.300000 -1
1 17.508102 -7.938830 -10.345982 0.100000 0.300000 -1
1 12.720381 -8.770212 -15.060973 0.150000 0.300000 -1
1 6.687500 -9.303995 -18.088192 0.200000 0.300000 -1
1 0.000000 -9.487921 -19.131285 0.250000 0.300000 -1
1 -6.687500 -9.303995 -18.088192 0.300000 0.300000 -1
1 -12.720381 -8.770212 -15.060973 0.350000 0.300000 -1
1 -17.508102 -7.938830 -10.345982 0.400000 0.300000 -1
1 -20.582010 -6.891233 -4.404750 0.450000 0.300000 -1
1 -21.641205 -5.729969 2.181157 0.500000 0.300000 -1
1 -20.582010 -4.568696 8.767062 0.550000 0.300000 -1
1 -17.508102 -3.521085 14.708290 0.600000 0.300000 -1
1 -12.720381 -2.689706 19.423273 0.650000 0.300000 -1
1 -6.687500 -2.155926 22.450481 0.700000 0.300000 -1
1 -0.000000 -1.972000 23.493595 0.750000 0.300000 -1
1 6.687500 -2.155926 22.450481 0.800000 0.300000 -1
1 12.720381 -2.689706 19.423273 0.850000 0.300000 -1
1 17.508102 -3.521085 14.708290 0.900000 0.300000 -1
1 20.582010 -4.568696 8.767062 0.950000 0.300000 -1
1 21.641205 -5.729969 2.181157 1.000000 0.300000 -1
1 18.915106 -8.873322 2.735415 0.000000 0.250000 -1
1 17.989336 -9.888304 -3.020873 0.050000 0.250000 -1
1 15.302643 -10.803949 -8.213706 0.100000 0.250000 -1
1 11.118020 -11.530600 -12.334760 0.150000 0.250000 -1
1 5.845089 -11.997143 -14.980642 0.200000 0.250000 -1
1 0.000000 -12.157904 -15.892335 0.250000 0.250000 -1
1 -5.845089 -11.997143 -14.980642 0.300000 0.250000 -1
1 -11.118020 -11.530600 -12.334760 0.350000 0.250000 -1
1 -15.302643 -10.803949 -8.213706 0.400000 0.250000 -1
1 -17.989336 -9.888304 -3.020873 0.450000 0.250000 -1
1 -18.915106 -8.873322 2.735415 0.500000 0.250000 -1
1 -17.989336 -7.858332 8.491704 0.550000 0.250000 -1
1 -15.302643 -6.942694 13.684532 0.600000 0.250000 -1
1 -11.118020 -6.216043 17.805582 0.650000 0.250000 -1
1 -5.845089 -5.749505 20.451466 0.700000 0.250000 -1
1 0.000000 -5.588748 21.363178 0.750000 0.250000 -1
1 5.845089 -5.749505 20.451466 0.800000 0.250000 -1
1 11.118020 -6.216043 17.805582 0.850000 0.250000 -1
1 15.302643 -6.942694 13.684532 0.900000 0.250000 -1
1 17.989336 -7.858332 8.491704 0.950000 0.250000 -1
1 18.915106 -8.873322 2.735415 1.000000 0.250000 -1
1 15.723253 -11.558002 3.208791 0.000000 0.200000 -1
1 14.953703 -12.401718 -1.576142 0.050000 0.200000 -1
1 12.720380 -13.162846 -5.892699 0.100000 0.200000 -1
1 9.241897 -13.766891 -9.318340 0.150000 0.200000 -1
1 4.858753 -14.154701 -11.517740 0.200000 0.200000 -1
1 0.000000 -14.288330 -12.275595 0.250000 0.200000 -1
1 -4.858753 -14.154701 -11.517740 0.300000 0.200000 -1
1 -9.241897 -13.766891 -9.318340 0.350000 0.200000 -1
1 -12.720380 -13.162846 -5.892699 0.400000 0.200000 -1
1 -14.953703 -12.401718 -1.576142 0.450000 0.200000 -1
1 -15.723253 -11.558002 3.208791 0.500000 0.200000 -1
1 -14.953703 -10.714289 7.993734 0.550000 0.200000 -1
1 -12.720380 -9.953167 12.310293 0.600000 0.200000 -1
1 -9.241897 -9.349138 15.735941 0.650000 0.200000 -1
1 -4.858753 -8.961315 17.935329 0.700000 0.200000 -1
1 0.000000 -8.827690 18.693190 0.750000 0.200000 -1
1 4.858753 -8.961315 17.935329 0.800000 0.200000 -1
1 9.241897 -9.349138 15.735941 0.850000 0.200000 -1
1 12.720380 -9.953167 12.310293 0.900000 0.200000 -1
1 14.953703 -10.714289 7.993734 0.950000 0.200000 -1
1 15.723253 -11.558002 3.208791 1.000000 0.200000 -1
1 12.144248 -13.717909 3.589643 0.000000 0.150000 -1
1 11.549867 -14.369572 -0.106122 0.050000 0.150000 -1
1 9.824903 -14.957441 -3.440127 0.100000 0.150000 -1
1 7.138210 -15.423992 -6.085997 0.150000 0.150000 -1
1 3.752779 -15.723522 -7.784756 0.200000 0.150000 -1
1 0.000000 -15.826736 -8.370110 0.250000 0.150000 -1
1 -3.752779 -15.723522 -7.784756 0.300000 0.150000 -1
1 -7.138210 -15.423992 -6.085997 0.350000 0.150000 -1
1 -9.824903 -14.957441 -3.440127 0.400000 0.150000 -1
1 -11.549867 -14.369572 -0.106122 0.450000 0.150000 -1
1 -12.144248 -13.717909 3.589643 0.500000 0.150000 -1
1 -11.549867 -13.066244 7.285411 0.550000 0.150000 -1
1 -9.824903 -12.478369 10.619410 0.600000 0.150000 -1
1 -7.138210 -12.011831 13.265296 0.650000 0.150000 -1
1 -3.752779 -11.712297 14.964052 0.700000 0.150000 -1
1 0.000000 -11.609072 15.549397 0.750000 0.150000 -1
1 3.752779 -11.712297 14.964052 0.800000 0.150000 -1
1 7.138210 -12.011831 13.265296 0.850000 0.150000 -1
1 9.824903 -12.478369 10.619410 0.900000 0.150000 -1
1 11.549867 -13.066244 7.285411 0.950000 0.150000 -1
1 12.144248 -13.717909 3.589643 1.000000 0.150000 -1
140
0.946534 -0.317704 0.056020
0.935686 -0.347473 0.061269
0.889891 -0.397682 -0.223481
0.900207 -0.368495 -0.232031
0.765762 -0.414315 -0.491886
0.756986 -0.442977 -0.480358
0.549983 -0.478923 -0.684216
0.556358 -0.450680 -0.698107
0.292495 -0.474023 -0.830511
0.289143 -0.502001 -0.815102
0.000000 -0.509953 -0.860202
0.000000 -0.482072 -0.876132
-0.292495 -0.474023 -0.830511
-0.289143 -0.502001 -0.815102
-0.549983 -0.478923 -0.684216
-0.556358 -0.450680 -0.698107
-0.765762 -0.414315 -0.491886
-0.756986 -0.442977 -0.480358
-0.889891 -0.397682 -0.223481
-0.900207 -0.368495 -0.232031
-0.946534 -0.317704 0.056020
-0.935686 -0.347473 0.061269
-0.889890 -0.297264 0.346019
-0.900208 -0.266912 0.344071
-0.765762 -0.221093 0.603926
-0.756986 -0.251970 0.602896
-0.549982 -0.216024 0.806754
-0.556359 -0.184729 0.810148
-0.292495 -0.161384 0.942551
-0.289143 -0.192947 0.937640
0.000000 -0.184994 0.982740
0.000000 -0.153339 0.988174
0.292495 -0.161384 0.942551
0.289143 -0.192947 0.937640
0.549982 -0.216024 0.806754
0.556359 -0.184729 0.810148
0.765762 -0.221093 0.603926
0.756986 -0.251970 0.602896
0.889890 -0.297264 0.346019
0.900208 -0.266912 0.344071
0.890979 -0.447147 0.078844
0.847371 -0.494957 -0.192300
0.720817 -0.538088 -0.436904
0.523704 -0.572315 -0.631022
0.275328 -0.594291 -0.755654
0.000000 -0.601863 -0.798599
-0.275328 -0.594291 -0.755654
-0.523704 -0.572315 -0.631022
-0.720817 -0.538088 -0.436904
-0.847371 -0.494957 -0.192300
-0.890979 -0.447147 0.078844
-0.847371 -0.399337 0.349989
-0.720817 -0.356207 0.594592
-0.523704 -0.321979 0.788710
-0.275328 -0.300003 0.913341
0.000000 -0.292430 0.956287
0.275328 -0.300003 0.913341
0.523704 -0.321979 0.788710
0.720817 -0.356207 0.594592
0.847371 -0.399337 0.349989
0.808974 -0.578913 0.102078
0.769380 -0.622323 -0.144111
0.654474 -0.661484 -0.366201
0.475504 -0.692561 -0.542453
0.249987 -0.712514 -0.655614
0.000000 -0.719390 -0.694607
-0.249987 -0.712514 -0.655614
-0.475504 -0.692561 -0.542453
-0.654474 -0.661484 -0.366201
-0.769380 -0.622323 -0.144111
-0.808974 -0.578913 0.102078
-0.769380 -0.535503 0.348267
-0.654474 -0.496343 0.570358
-0.475503 -0.465265 0.746609
-0.249988 -0.445311 0.859770
-0.000000 -0.438435 0.898763
0.249988 -0.445311 0.859770
0.475503 -0.465265 0.746609
0.654474 -0.496343 0.570358
0.769380 -0.535503 0.348267
0.707052 -0.696418 0.122797
0.672447 -0.734358 -0.092374
0.572018 -0.768584 -0.286484
0.415596 -0.795746 -0.440531
0.218491 -0.813186 -0.539434
0.000000 -0.819196 -0.573514
-0.218491 -0.813186 -0.539434
-0.415596 -0.795746 -0.440531
-0.572018 -0.768584 -0.286484
-0.672447 -0.734358 -0.092374
-0.707052 -0.696418 0.122797
-0.672447 -0.658477 0.337969
-0.572018 -0.624250 0.532079
-0.415596 -0.597086 0.686125
-0.218492 -0.579648 0.785029
0.000000 -0.573639 0.819108
0.218492 -0.579648 0.785029
0.415596 -0.597086 0.686125
0.572018 -0.624250 0.532079
0.672447 -0.658477 0.337969
0.587727 -0.796768 0.140492
0.558962 -0.828305 -0.038366
0.475481 -0.856756 -0.199715
0.345458 -0.879335 -0.327765
0.181617 -0.893831 -0.409977
0.000000 -0.898826 -0.438305
-0.181617 -0.893831 -0.409977
-0.345458 -0.879335 -0.327765
-0.475481 -0.856756 -0.199715
-0.558962 -0.828305 -0.038366
-0.587727 -0.796768 0.140492
-0.558961 -0.765231 0.319350
-0.475482 -0.736780 0.480699
-0.345457 -0.714202 0.608749
-0.181617 -0.699705 0.690961
-0.000000 -0.694711 0.719289
0.181617 -0.699705 0.690961
0.345457 -0.714202 0.608749
0.475482 -0.736780 0.480699
0.558961 -0.765231 0.319350
0.522500 -0.839686 0.148059
0.496927 -0.867723 -0.010949
0.422711 -0.893017 -0.154391
0.307117 -0.913090 -0.268228
0.161460 -0.925978 -0.341316
0.000000 -0.930418 -0.366500
-0.161460 -0.925978 -0.341316
-0.307117 -0.913090 -0.268228
-0.422711 -0.893017 -0.154391
-0.496927 -0.867723 -0.010949
-0.522500 -0.839686 0.148059
-0.496927 -0.811648 0.307068
-0.422711 -0.786356 0.450510
-0.307118 -0.766284 0.564347
-0.161460 -0.753396 0.637436
0.000000 -0.748957 0.662618
0.161460 -0.753396 0.637436
0.307118 -0.766284 0.564347
0.422711 -0.786356 0.450510
0.496927 -0.811648 0.307068
240
1 0 1 2 0 1 2 1
1 0 2 3 0 2 3 1
1 3 2 4 3 2 4 1
1 2 5 4 2 5 4 1
1 4 5 6 4 5 6 1
1 4 6 7 4 6 7 1
1 7 6 8 7 6 8 1
1 6 9 8 6 9 8 1
1 8 9 10 8 9 10 1
1 8 10 11 8 10 11 1
1 11 10 12 11 10 12 1
1 10 13 12 10 13 12 1
1 12 13 14 12 13 14 1
1 12 14 15 12 14 15 1
1 15 14 16 15 14 16 1
1 14 17 16 14 17 16 1
1 16 17 18 16 17 18 1
1 16 18 19 16 18 19 1
1 19 18 20 19 18 20 1
1 18 21 20 18 21 20 1
1 20 21 22 20 21 22 1
1 20 22 23 20 22 23 1
1 23 22 24 23 22 24 1
1 22 25 24 22 25 24 1
1 24 25 26 24 25 26 1
1 24 26 27 24 26 27 1
1 27 26 28 27 26 28 1
1 26 29 28 26 29 28 1
1 28 29 30 28 29 30 1
1 28 30 31 28 30 31 1
1 31 30 32 31 30 32 1
1 30 33 32 30 33 32 1
1 32 33 34 32 33 34 1
1 32 34 35 32 34 35 1
1 35 34 36 35 34 36 1
1 34 37 36 34 37 36 1
1 36 37 38 36 37 38 1
1 36 38 39 36 38 39 1
1 39 38 40 39 38 0 1
1 38 41 40 38 1 0 1
1 1 42 2 1 40 2 1
1 42 43 2 40 41 2 1
1 2 43 44 2 41 42 1
1 2 44 5 2 42 5 1
1 5 44 6 5 42 6 1
1 44 45 6 42 43 6 1
1 6 45 46 6 43 44 1
1 6 46 9 6 44 9 1
1 9 46 10 9 44 10 1
1 46 47 10 44 45 10 1
1 10 47 48 10 45 46 1
1 10 48 13 10 46 13 1
1 13 48 14 13 46 14 1
1 48 49 14 46 47 14 1
1 14 49 50 14 47 48 1
1 14 50 17 14 48 17 1
1 17 50 18 17 48 18 1
1 50 51 18 48 49 18 1
1 18 51 52 18 49 50 1
1 18 52 21 18 50 21 1
1 21 52 22 21 50 22 1
1 52 53 22 50 51 22 1
1 22 53 54 22 51 52 1
1 22 54 25 22 52 25 1
1 25 54 26 25 52 26 1
1 54 55 26 52 53 26 1
1 26 55 56 26 53 54 1
1 26 56 29 26 54 29 1
1 29 56 30 29 54 30 1
1 56 57 30 54 55 30 1
1 30 57 58 30 55 56 1
1 30 58 33 30 56 33 1
1 33 58 34 33 56 34 1
1 58 59 34 56 57 34 1
1 34 59 60 34 57 58 1
1 34 60 37 34 58 37 1
1 37 60 38 37 58 38 1
1 60 61 38 58 59 38 1
1 38 61 62 38 59 40 1
1 38 62 41 38 40 1 1
1 42 63 64 40 60 61 1
1 42 64 43 40 61 41 1
1 43 64 44 41 61 42 1
1 64 65 44 61 62 42 1
1 44 65 66 42 62 63 1
1 44 66 45 42 63 43 1
1 45 66 46 43 63 44 1
1 66 67 46 63 64 44 1
1 46 67 68 44 64 65 1
1 46 68 47 44 65 45 1
1 47 68 48 45 65 46 1
1 68 69 48 65 66 46 1
1 48 69 70 46 66 67 1
1 48 70 49 46 67 47 1
1 49 70 50 47 67 48 1
1 70 71 50 67 68 48 1
1 50 71 72 48 68 69 1
1 50 72 51 48 69 49 1
1 51 72 52 49 69 50 1
1 72 73 52 69 70 50 1
1 52 73 74 50 70 71 1
1 52 74 53 50 71 51 1
1 53 74 54 51 71 52 1
1 74 75 54 71 72 52 1
1 54 75 76 52 72 73 1
1 54 76 55 52 73 53 1
1 55 76 56 53 73 54 1
1 76 77 56 73 74 54 1
1 56 77 78 54 74 75 1
1 56 78 57 54 75 55 1
1 57 78 58 55 75 56 1
1 78 79 58 75 76 56 1
1 58 79 80 56 76 77 1
1 58 80 59 56 77 57 1
1 59 80 60 57 77 58 1
1 80 81 60 77 78 58 1
1 60 81 82 58 78 79 1
1 60 82 61 58 79 59 1
1 61 82 62 59 79 40 1
1 82 83 62 79 60 40 1
1 63 84 64 60 80 61 1
1 84 85 64 80 81 61 1
1 64 85 86 61 81 82 1
1 64 86 65 61 82 62 1
1 65 86 66 62 82 63 1
1 86 87 66 82 83 63 1
1 66 87 88 63 83 84 1
1 66 88 67 63 84 64 1
1 67 88 68 64 84 65 1
1 88 89 68 84 85 65 1
1 68 89 90 65 85 86 1
1 68 90 69 65 86 66 1
1 69 90 70 66 86 67 1
1 90 91 70 86 87 67 1
1 70 91 92 67 87 88 1
1 70 92 71 67 88 68 1
1 71 92 72 68 88 69 1
1 92 93 72 88 89 69 1
1 72 93 94 69 89 90 1
1 72 94 73 69 90 70 1
1 73 94 74 70 90 71 1
1 94 95 74 90 91 71 1
1 74 95 96 71 91 92 1
1 74 96 75 71 92 72 1
1 75 96 76 72 92 73 1
1 96 97 76 92 93 73 1
1 76 97 98 73 93 94 1
1 76 98 77 73 94 74 1
1 77 98 78 74 94 75 1
1 98 99 78 94 95 75 1
1 78 99 100 75 95 96 1
1 78 100 79 75 96 76 1
1 79 100 80 76 96 77 1
1 100 101 80 96 97 77 1
1 80 101 102 77 97 98 1
1 80 102 81 77 98 78 1
1 81 102 82 78 98 79 1
1 102 103 82 98 99 79 1
1 82 103 104 79 99 80 1
1 82 104 83 79 80 60 1
1 84 105 106 80 100 101 1
1 84 106 85 80 101 81 1
1 85 106 86 81 101 82 1
1 106 107 86 101 102 82 1
1 86 107 108 82 102 103 1
1 86 108 87 82 103 83 1
1 87 108 88 83 103 84 1
1 108 109 88 103 104 84 1
1 88 109 110 84 104 105 1
1 88 110 89 84 105 85 1
1 89 110 90 85 105 86 1
1 110 111 90 105 106 86 1
1 90 111 112 86 106 107 1
1 90 112 91 86 107 87 1
1 91 112 92 87 107 88 1
1 112 113 92 107 108 88 1
1 92 113 114 88 108 109 1
1 92 114 93 88 109 89 1
1 93 114 94 89 109 90 1
1 114 115 94 109 110 90 1
1 94 115 116 90 110 111 1
1 94 116 95 90 111 91 1
1 95 116 96 91 111 92 1
1 116 117 96 111 112 92 1
1 96 117 118 92 112 113 1
1 96 118 97 92 113 93 1
1 97 118 98 93 113 94 1
1 118 119 98 113 114 94 1
1 98 119 120 94 114 115 1
1 98 120 99 94 115 95 1
1 99 120 100 95 115 96 1
1 120 121 100 115 116 96 1
1 100 121 122 96 116 117 1
1 100 122 101 96 117 97 1
1 101 122 102 97 117 98 1
1 122 123 102 117 118 98 1
1 102 123 124 98 118 119 1
1 102 124 103 98 119 99 1
1 103 124 104 99 119 80 1
1 124 125 104 119 100 80 1
1 105 126 106 100 120 101 1
1 126 127 106 120 121 101 1
1 106 127 128 101 121 122 1
1 106 128 107 101 122 102 1
1 107 128 108 102 122 103 1
1 128 129 108 122 123 103 1
1 108 129 130 103 123 124 1
1 108 130 109 103 124 104 1
1 109 130 110 104 124 105 1
1 130 131 110 124 125 105 1
1 110 131 132 105 125 126 1
1 110 132 111 105 126 106 1
1 111 132 112 106 126 107 1
1 132 133 112 126 127 107 1
1 112 133 134 107 127 128 1
1 112 134 113 107 128 108 1
1 113 134 114 108 128 109 1
1 134 135 114 128 129 109 1
1 114 135 136 109 129 130 1
1 114 136 115 109 130 110 1
1 115 136 116 110 130 111 1
1 136 137 116 130 131 111 1
1 116 137 138 111 131 132 1
1 116 138 117 111 132 112 1
1 117 138 118 112 132 113 1
1 138 139 118 132 133 113 1
1 118 139 140 113 133 134 1
1 118 140 119 113 134 114 1
1 119 140 120 114 134 115 1
1 140 141 120 134 135 115 1
1 120 141 142 115 135 136 1
1 120 142 121 115 136 116 1
1 121 142 122 116 136 117 1
1 142 143 122 136 137 117 1
1 122 143 144 117 137 138 1
1 122 144 123 117 138 118 1
1 123 144 124 118 138 119 1
1 144 145 124 138 139 119 1
1 124 145 146 119 139 120 1
1 124 146 125 119 120 100 1
"Duplicate01" 1 1
63
1 26.420664 7.677608 -0.182961 0.000000 0.550000 -1
1 27.557795 6.061399 0.102020 0.000000 0.500000 -1
1 26.209019 4.582639 -8.284435 0.050000 0.500000 -1
1 25.127544 6.259867 -8.223362 0.050000 0.550000 -1
1 21.374765 4.980906 -15.476713 0.100000 0.550000 -1
1 22.294725 3.248635 -15.849970 0.100000 0.500000 -1
1 16.198067 2.189955 -21.854012 0.150000 0.500000 -1
1 15.529676 3.965916 -21.233013 0.150000 0.550000 -1
1 8.164434 3.314253 -24.928770 0.200000 0.550000 -1
1 8.515828 1.510248 -25.708841 0.200000 0.500000 -1
1 -0.000000 1.276033 -27.037127 0.250000 0.500000 -1
1 0.000000 3.089712 -26.202246 0.250000 0.550000 -1
1 -8.164434 3.314253 -24.928770 0.300000 0.550000 -1
1 -8.515828 1.510248 -25.708841 0.300000 0.500000 -1
1 -16.198067 2.189955 -21.854012 0.350000 0.500000 -1
1 -15.529676 3.965916 -21.233013 0.350000 0.550000 -1
1 -21.374765 4.980906 -15.476713 0.400000 0.550000 -1
1 -22.294725 3.248635 -15.849970 0.400000 0.500000 -1
1 -26.209019 4.582639 -8.284435 0.450000 0.500000 -1
1 -25.127544 6.259867 -8.223362 0.450000 0.550000 -1
1 -26.420664 7.677608 -0.182961 0.500000 0.550000 -1
1 -27.557795 6.061399 0.102020 0.500000 0.500000 -1
1 -26.209019 7.540156 8.488479 0.550000 0.500000 -1
1 -25.127544 9.095347 7.857444 0.550000 0.550000 -1
1 -21.374765 10.374309 15.110794 0.600000 0.550000 -1
1 -22.294725 8.874166 16.054010 0.600000 0.500000 -1
1 -16.198067 9.932838 22.058050 0.650000 0.500000 -1
1 -15.529676 11.389297 20.867086 0.650000 0.550000 -1
1 -8.164434 12.040964 24.562855 0.700000 0.550000 -1
1 -8.515828 10.612550 25.912880 0.700000 0.500000 -1
1 -0.000000 10.846764 27.241161 0.750000 0.500000 -1
1 -0.000000 12.265507 25.836325 0.750000 0.550000 -1
1 8.164434 12.040964 24.562855 0.800000 0.550000 -1
1 8.515828 10.612550 25.912880 0.800000 0.500000 -1
1 16.198067 9.932838 22.058050 0.850000 0.500000 -1
1 15.529676 11.389297 20.867086 0.850000 0.550000 -1
1 21.374765 10.374309 15.110794 0.900000 0.550000 -1
1 22.294725 8.874166 16.054010 0.900000 0.500000 -1
1 26.209019 7.540156 8.488479 0.950000 0.500000 -1
1 25.127544 9.095347 7.857444 0.950000 0.550000 -1
1 26.420664 7.677608 -0.182961 1.000000 0.550000 -1
1 27.557795 6.061399 0.102020 1.000000 0.500000 -1
1 26.420664 4.445189 0.387001 0.000000 0.450000 -1
1 25.127544 3.027449 -7.653400 0.050000 0.450000 -1
1 21.374765 1.748484 -14.906755 0.100000 0.450000 -1
1 15.529676 0.733495 -20.663052 0.150000 0.450000 -1
1 8.164434 0.081833 -24.358809 0.200000 0.450000 -1
1 0.000000 -0.142712 -25.632292 0.250000 0.450000 -1
1 -8.164434 0.081833 -24.358809 0.300000 0.450000 -1
1 -15.529676 0.733495 -20.663052 0.350000 0.450000 -1
1 -21.374765 1.748484 -14.906755 0.400000 0.450000 -1
1 -25.127544 3.027449 -7.653400 0.450000 0.450000 -1
1 -26.420664 4.445189 0.387001 0.500000 0.450000 -1
1 -25.127544 5.862928 8.427401 0.550000 0.450000 -1
1 -21.374765 7.141891 15.680760 0.600000 0.450000 -1
1 -15.529676 8.156879 21.437042 0.650000 0.450000 -1
1 -8.164434 8.808540 25.132816 0.700000 0.450000 -1
1 -0.000000 9.033091 26.406286 0.750000 0.450000 -1
1 8.164434 8.808540 25.132816 0.800000 0.450000 -1
1 15.529676 8.156879 21.437042 0.850000 0.450000 -1
1 21.374765 7.141891 15.680760 0.900000 0.450000 -1
1 25.127544 5.862928 8.427401 0.950000 0.450000 -1
1 26.420664 4.445189 0.387001 1.000000 0.450000 -1
60
0.821968 0.560881 -0.098898
1.000000 0.000000 -0.000000
0.951057 -0.053660 -0.304322
0.781738 0.516774 -0.349042
0.664986 0.476985 -0.574699
0.809017 -0.102066 -0.578855
0.587785 -0.140484 -0.796726
0.483141 0.445406 -0.753782
0.254002 0.425135 -0.868760
0.309017 -0.165148 -0.936608
0.000000 -0.173648 -0.984808
0.000000 0.418149 -0.908379
-0.254002 0.425135 -0.868760
-0.309017 -0.165148 -0.936608
-0.587785 -0.140484 -0.796726
-0.483141 0.445406 -0.753782
-0.664986 0.476985 -0.574699
-0.809017 -0.102066 -0.578855
-0.951057 -0.053660 -0.304322
-0.781738 0.516774 -0.349042
-0.821968 0.560881 -0.098898
-1.000000 0.000000 -0.000000
-0.951057 0.053660 0.304322
-0.781739 0.604987 0.151245
-0.664986 0.644778 0.376902
-0.809017 0.102069 0.578855
-0.587785 0.140484 0.796726
-0.483141 0.676355 0.555984
-0.254002 0.696629 0.670963
-0.309017 0.165149 0.936608
0.000000 0.173649 0.984808
0.000000 0.703616 0.710581
0.254002 0.696629 0.670963
0.309017 0.165149 0.936608
0.587785 0.140484 0.796726
0.483141 0.676355 0.555984
0.664986 0.644778 0.376902
0.809017 0.102069 0.578855
0.951057 0.053660 0.304322
0.781739 0.604987 0.151245
0.821968 -0.560881 0.098898
0.781739 -0.604988 -0.151245
0.664987 -0.644777 -0.376902
0.483141 -0.676354 -0.555985
0.254002 -0.696629 -0.670963
0.000000 -0.703615 -0.710582
-0.254002 -0.696629 -0.670963
-0.483141 -0.676354 -0.555985
-0.664987 -0.644777 -0.376902
-0.781739 -0.604988 -0.151245
-0.821968 -0.560881 0.098898
-0.781738 -0.516774 0.349041
-0.664986 -0.476985 0.574699
-0.483140 -0.445410 0.753781
-0.254002 -0.425134 0.868760
0.000000 -0.418148 0.908379
0.254002 -0.425134 0.868760
0.483140 -0.445410 0.753781
0.664986 -0.476985 0.574699
0.781738 -0.516774 0.349041
80
1 0 1 2 0 1 2 1
1 0 2 3 0 2 3 1
1 3 2 4 3 2 4 1
1 2 5 4 2 5 4 1
1 4 5 6 4 5 6 1
1 4 6 7 4 6 7 1
1 7 6 8 7 6 8 1
1 6 9 8 6 9 8 1
1 8 9 10 8 9 10 1
1 8 10 11 8 10 11 1
1 11 10 12 11 10 12 1
1 10 13 12 10 13 12 1
1 12 13 14 12 13 14 1
1 12 14 15 12 14 15 1
1 15 14 16 15 14 16 1
1 14 17 16 14 17 16 1
1 16 17 18 16 17 18 1
1 16 18 19 16 18 19 1
1 19 18 20 19 18 20 1
1 18 21 20 18 21 20 1
1 20 21 22 20 21 22 1
1 20 22 23 20 22 23 1
1 23 22 24 23 22 24 1
1 22 25 24 22 25 24 1
1 24 25 26 24 25 26 1
1 24 26 27 24 26 27 1
1 27 26 28 27 26 28 1
1 26 29 28 26 29 28 1
1 28 29 30 28 29 30 1
1 28 30 31 28 30 31 1
1 31 30 32 31 30 32 1
1 30 33 32 30 33 32 1
1 32 33 34 32 33 34 1
1 32 34 35 32 34 35 1
1 35 34 36 35 34 36 1
1 34 37 36 34 37 36 1
1 36 37 38 36 37 38 1
1 36 38 39 36 38 39 1
1 39 38 40 39 38 0 1
1 38 41 40 38 1 0 1
1 1 42 2 1 40 2 1
1 42 43 2 40 41 2 1
1 2 43 44 2 41 42 1
1 2 44 5 2 42 5 1
1 5 44 6 5 42 6 1
1 44 45 6 42 43 6 1
1 6 45 46 6 43 44 1
1 6 46 9 6 44 9 1
1 9 46 10 9 44 10 1
1 46 47 10 44 45 10 1
1 10 47 48 10 45 46 1
1 10 48 13 10 46 13 1
1 13 48 14 13 46 14 1
1 48 49 14 46 47 14 1
1 14 49 50 14 47 48 1
1 14 50 17 14 48 17 1
1 17 50 18 17 48 18 1
1 50 51 18 48 49 18 1
1 18 51 52 18 49 50 1
1 18 52 21 18 50 21 1
1 21 52 22 21 50 22 1
1 52 53 22 50 51 22 1
1 22 53 54 22 51 52 1
1 22 54 25 22 52 25 1
1 25 54 26 25 52 26 1
1 54 55 26 52 53 26 1
1 26 55 56 26 53 54 1
1 26 56 29 26 54 29 1
1 29 56 30 29 54 30 1
1 56 57 30 54 55 30 1
1 30 57 58 30 55 56 1
1 30 58 33 30 56 33 1
1 33 58 34 33 56 34 1
1 58 59 34 56 57 34 1
1 34 59 60 34 57 58 1
1 34 60 37 34 58 37 1
1 37 60 38 37 58 38 1
1 60 61 38 58 59 38 1
1 38 61 62 38 59 40 1
1 38 62 41 38 40 1 1
"Duplicate03" 1 2
83
1 0.000000 -11.110498 3.129887 0.000000 0.000000 -1
1 3.979812 -11.334570 1.856332 0.050000 0.050000 -1
1 4.184621 -11.110018 3.129803 0.000000 0.050000 -1
1 0.000000 -11.110498 3.129887 0.050000 0.000000 -1
1 3.385430 -11.537136 0.707511 0.100000 0.050000 -1
1 0.000000 -11.110498 3.129887 0.100000 0.000000 -1
1 2.459659 -11.697884 -0.204197 0.150000 0.050000 -1
1 0.000000 -11.110498 3.129887 0.150000 0.000000 -1
1 1.293119 -11.801104 -0.789549 0.200000 0.050000 -1
1 0.000000 -11.110498 3.129887 0.200000 0.000000 -1
1 0.000000 -11.836676 -0.991246 0.250000 0.050000 -1
1 0.000000 -11.110498 3.129887 0.250000 0.000000 -1
1 -1.293119 -11.801104 -0.789549 0.300000 0.050000 -1
1 0.000000 -11.110498 3.129887 0.300000 0.000000 -1
1 -2.459659 -11.697884 -0.204197 0.350000 0.050000 -1
1 0.000000 -11.110498 3.129887 0.350000 0.000000 -1
1 -3.385430 -11.537136 0.707511 0.400000 0.050000 -1
1 0.000000 -11.110498 3.129887 0.400000 0.000000 -1
1 -3.979812 -11.334570 1.856332 0.450000 0.050000 -1
1 0.000000 -11.110498 3.129887 0.450000 0.000000 -1
1 -4.184621 -11.110018 3.129803 0.500000 0.050000 -1
1 0.000000 -11.110498 3.129887 0.500000 0.000000 -1
1 -3.979812 -10.885473 4.403282 0.550000 0.050000 -1
1 0.000000 -11.110498 3.129887 0.550000 0.000000 -1
1 -3.385430 -10.682903 5.552093 0.600000 0.050000 -1
1 0.000000 -11.110498 3.129887 0.600000 0.000000 -1
1 -2.459659 -10.522154 6.463806 0.650000 0.050000 -1
1 0.000000 -11.110498 3.129887 0.650000 0.000000 -1
1 -1.293119 -10.418930 7.049158 0.700000 0.050000 -1
1 0.000000 -11.110498 3.129887 0.700000 0.000000 -1
1 0.000000 -10.383366 7.250854 0.750000 0.050000 -1
1 0.000000 -11.110498 3.129887 0.750000 0.000000 -1
1 1.293119 -10.418930 7.049158 0.800000 0.050000 -1
1 0.000000 -11.110498 3.129887 0.800000 0.000000 -1
1 2.459659 -10.522154 6.463806 0.850000 0.050000 -1
1 0.000000 -11.110498 3.129887 0.850000 0.000000 -1
1 3.385430 -10.682903 5.552093 0.900000 0.050000 -1
1 0.000000 -11.110498 3.129887 0.900000 0.000000 -1
1 3.979812 -10.885473 4.403282 0.950000 0.050000 -1
1 0.000000 -11.110498 3.129887 0.950000 0.000000 -1
1 4.184621 -11.110018 3.129803 1.000000 0.050000 -1
1 12.144248 -13.717909 3.589643 0.000000 0.150000 -1
1 8.266206 -18.500473 4.432941 0.000000 0.100000 -1
1 7.861629 -18.944029 1.917346 0.050000 0.100000 -1
1 11.549867 -14.369572 -0.106122 0.050000 0.150000 -1
1 9.824903 -14.957441 -3.440127 0.100000 0.150000 -1
1 6.687501 -19.344185 -0.351998 0.100000 0.100000 -1
1 4.858754 -19.661739 -2.152969 0.150000 0.100000 -1
1 7.138210 -15.423992 -6.085997 0.150000 0.150000 -1
1 3.752779 -15.723522 -7.784756 0.200000 0.150000 -1
1 2.554398 -19.865644 -3.309258 0.200000 0.100000 -1
1 0.000000 -19.935890 -3.707688 0.250000 0.100000 -1
1 0.000000 -15.826736 -8.370110 0.250000 0.150000 -1
1 -3.752779 -15.723522 -7.784756 0.300000 0.150000 -1
1 -2.554398 -19.865644 -3.309258 0.300000 0.100000 -1
1 -4.858754 -19.661739 -2.152969 0.350000 0.100000 -1
1 -7.138210 -15.423992 -6.085997 0.350000 0.150000 -1
1 -9.824903 -14.957441 -3.440127 0.400000 0.150000 -1
1 -6.687501 -19.344185 -0.351998 0.400000 0.100000 -1
1 -7.861629 -18.944029 1.917346 0.450000 0.100000 -1
1 -11.549867 -14.369572 -0.106122 0.450000 0.150000 -1
1 -12.144248 -13.717909 3.589643 0.500000 0.150000 -1
1 -8.266206 -18.500473 4.432941 0.500000 0.100000 -1
1 -7.861629 -18.056906 6.948532 0.550000 0.100000 -1
1 -11.549867 -13.066244 7.285411 0.550000 0.150000 -1
1 -9.824903 -12.478369 10.619410 0.600000 0.150000 -1
1 -6.687501 -17.656765 9.217883 0.600000 0.100000 -1
1 -4.858754 -17.339199 11.018852 0.650000 0.100000 -1
1 -7.138210 -12.011831 13.265296 0.650000 0.150000 -1
1 -3.752779 -11.712297 14.964052 0.700000 0.150000 -1
1 -2.554398 -17.135313 12.175141 0.700000 0.100000 -1
1 0.000000 -17.065060 12.573570 0.750000 0.100000 -1
1 0.000000 -11.609072 15.549397 0.750000 0.150000 -1
1 3.752779 -11.712297 14.964052 0.800000 0.150000 -1
1 2.554398 -17.135313 12.175141 0.800000 0.100000 -1
1 4.858754 -17.339199 11.018852 0.850000 0.100000 -1
1 7.138210 -12.011831 13.265296 0.850000 0.150000 -1
1 9.824903 -12.478369 10.619410 0.900000 0.150000 -1
1 6.687501 -17.656765 9.217883 0.900000 0.100000 -1
1 7.861629 -18.056906 6.948532 0.950000 0.100000 -1
1 11.549867 -13.066244 7.285411 0.950000 0.150000 -1
1 12.144248 -13.717909 3.589643 1.000000 0.150000 -1
1 8.266206 -18.500473 4.432941 1.000000 0.100000 -1
61
0.000000 -0.984808 0.173648
-0.483595 -0.820706 0.304267
-0.666474 -0.734202 0.129459
-0.539191 -0.666176 0.515250
-0.298879 -0.776558 0.554643
-0.205949 -0.624134 0.753686
0.000000 -0.759694 0.650281
0.205949 -0.624134 0.753686
0.298879 -0.776558 0.554643
0.539191 -0.666176 0.515250
0.483595 -0.820706 0.304267
0.666474 -0.734202 0.129459
0.483595 -0.875276 -0.005219
0.539189 -0.802227 -0.256334
0.298880 -0.919424 -0.255597
0.205954 -0.844270 -0.494764
0.000000 -0.936288 -0.351233
-0.205954 -0.844270 -0.494764
-0.298880 -0.919424 -0.255597
-0.539189 -0.802227 -0.256334
-0.483595 -0.875276 -0.005219
0.781420 -0.614525 0.108357
-0.086256 -0.981138 0.172999
-0.082034 -0.976509 0.199250
0.743174 -0.656457 -0.129446
0.632183 -0.694283 -0.343971
-0.069783 -0.972333 0.222932
-0.050699 -0.969020 0.241724
0.459307 -0.724303 -0.514220
0.241473 -0.743575 -0.623528
-0.026652 -0.966892 0.253790
0.000000 -0.966159 0.257946
0.000000 -0.750217 -0.661192
-0.241473 -0.743575 -0.623528
0.026652 -0.966892 0.253790
0.050699 -0.969020 0.241724
-0.459307 -0.724303 -0.514220
-0.632183 -0.694283 -0.343971
0.069783 -0.972333 0.222932
0.082034 -0.976509 0.199250
-0.743174 -0.656457 -0.129446
-0.781420 -0.614525 0.108357
0.086256 -0.981138 0.172999
0.082034 -0.985766 0.146751
-0.743175 -0.572594 0.346161
-0.632183 -0.534766 0.560686
0.069783 -0.989941 0.123071
0.050701 -0.993255 0.104279
-0.459308 -0.504748 0.730935
-0.241471 -0.485474 0.840242
0.026655 -0.995382 0.092213
0.000000 -0.996116 0.088056
0.000000 -0.478831 0.877907
0.241471 -0.485474 0.840242
-0.026655 -0.995382 0.092213
-0.050701 -0.993255 0.104279
0.459308 -0.504748 0.730935
0.632183 -0.534766 0.560686
-0.069783 -0.989941 0.123071
-0.082034 -0.985766 0.146751
0.743175 -0.572594 0.346161
100
1 0 1 2 0 1 2 1
1 3 4 1 0 3 1 1
1 5 6 4 0 4 3 1
1 7 8 6 0 5 4 1
1 9 10 8 0 6 5 1
1 11 12 10 0 7 6 1
1 13 14 12 0 8 7 1
1 15 16 14 0 9 8 1
1 17 18 16 0 10 9 1
1 19 20 18 0 11 10 1
1 21 22 20 0 12 11 1
1 23 24 22 0 13 12 1
1 25 26 24 0 14 13 1
1 27 28 26 0 15 14 1
1 29 30 28 0 16 15 1
1 31 32 30 0 17 16 1
1 33 34 32 0 18 17 1
1 35 36 34 0 19 18 1
1 37 38 36 0 20 19 1
1 39 40 38 0 2 20 1
1 41 42 43 21 22 23 1
1 41 43 44 21 23 24 1
1 44 43 45 24 23 25 1
1 43 46 45 23 26 25 1
1 45 46 47 25 26 27 1
1 45 47 48 25 27 28 1
1 48 47 49 28 27 29 1
1 47 50 49 27 30 29 1
1 49 50 51 29 30 31 1
1 49 51 52 29 31 32 1
1 52 51 53 32 31 33 1
1 51 54 53 31 34 33 1
1 53 54 55 33 34 35 1
1 53 55 56 33 35 36 1
1 56 55 57 36 35 37 1
1 55 58 57 35 38 37 1
1 57 58 59 37 38 39 1
1 57 59 60 37 39 40 1
1 60 59 61 40 39 41 1
1 59 62 61 39 42 41 1
1 61 62 63 41 42 43 1
1 61 63 64 41 43 44 1
1 64 63 65 44 43 45 1
1 63 66 65 43 46 45 1
1 65 66 67 45 46 47 1
1 65 67 68 45 47 48 1
1 68 67 69 48 47 49 1
1 67 70 69 47 50 49 1
1 69 70 71 49 50 51 1
1 69 71 72 49 51 52 1
1 72 71 73 52 51 53 1
1 71 74 73 51 54 53 1
1 73 74 75 53 54 55 1
1 73 75 76 53 55 56 1
1 76 75 77 56 55 57 1
1 75 78 77 55 58 57 1
1 77 78 79 57 58 59 1
1 77 79 80 57 59 60 1
1 80 79 81 60 59 21 1
1 79 82 81 59 22 21 1
1 42 2 43 22 2 23 1
1 2 1 43 2 1 23 1
1 43 1 4 23 1 3 1
1 43 4 46 23 3 26 1
1 46 4 47 26 3 27 1
1 4 6 47 3 4 27 1
1 47 6 8 27 4 5 1
1 47 8 50 27 5 30 1
1 50 8 51 30 5 31 1
1 8 10 51 5 6 31 1
1 51 10 12 31 6 7 1
1 51 12 54 31 7 34 1
1 54 12 55 34 7 35 1
1 12 14 55 7 8 35 1
1 55 14 16 35 8 9 1
1 55 16 58 35 9 38 1
1 58 16 59 38 9 39 1
1 16 18 59 9 10 39 1
1 59 18 20 39 10 11 1
1 59 20 62 39 11 42 1
1 62 20 63 42 11 43 1
1 20 22 63 11 12 43 1
1 63 22 24 43 12 13 1
1 63 24 66 43 13 46 1
1 66 24 67 46 13 47 1
1 24 26 67 13 14 47 1
1 67 26 28 47 14 15 1
1 67 28 70 47 15 50 1
1 70 28 71 50 15 51 1
1 28 30 71 15 16 51 1
1 71 30 32 51 16 17 1
1 71 32 74 51 17 54 1
1 74 32 75 54 17 55 1
1 32 34 75 17 18 55 1
1 75 34 36 55 18 19 1
1 75 36 78 55 19 58 1
1 78 36 79 58 19 59 1
1 36 38 79 19 20 59 1
1 79 38 40 59 20 2 1
1 79 40 82 59 2 22 1
"Duplicate04" 1 0
209
1 0.000000 33.636013 -4.760128 0.000000 1.000000 -1
1 4.184622 33.311691 -4.702951 0.000000 0.950000 -1
1 3.979812 33.087143 -5.976419 0.050000 0.950000 -1
1 0.000000 33.636013 -4.760128 0.050000 1.000000 -1
1 3.385431 32.884586 -7.125235 0.100000 0.950000 -1
1 0.000000 33.636013 -4.760128 0.100000 1.000000 -1
1 2.459659 32.723804 -8.036941 0.150000 0.950000 -1
1 0.000000 33.636013 -4.760128 0.150000 1.000000 -1
1 1.293119 32.620598 -8.622293 0.200000 0.950000 -1
1 0.000000 33.636013 -4.760128 0.200000 1.000000 -1
1 0.000000 32.585041 -8.823989 0.250000 0.950000 -1
1 0.000000 33.636013 -4.760128 0.250000 1.000000 -1
1 -1.293119 32.620598 -8.622293 0.300000 0.950000 -1
1 0.000000 33.636013 -4.760128 0.300000 1.000000 -1
1 -2.459659 32.723804 -8.036941 0.350000 0.950000 -1
1 0.000000 33.636013 -4.760128 0.350000 1.000000 -1
1 -3.385431 32.884586 -7.125235 0.400000 0.950000 -1
1 0.000000 33.636013 -4.760128 0.400000 1.000000 -1
1 -3.979812 33.087143 -5.976419 0.450000 0.950000 -1
1 0.000000 33.636013 -4.760128 0.450000 1.000000 -1
1 -4.184622 33.311691 -4.702951 0.500000 0.950000 -1
1 0.000000 33.636013 -4.760128 0.500000 1.000000 -1
1 -3.979812 33.536247 -3.429468 0.550000 0.950000 -1
1 0.000000 33.636013 -4.760128 0.550000 1.000000 -1
1 -3.385431 33.738811 -2.280647 0.600000 0.950000 -1
1 0.000000 33.636013 -4.760128 0.600000 1.000000 -1
1 -2.459659 33.899574 -1.368947 0.650000 0.950000 -1
1 0.000000 33.636013 -4.760128 0.650000 1.000000 -1
1 -1.293119 34.002777 -0.783587 0.700000 0.950000 -1
1 0.000000 33.636013 -4.760128 0.700000 1.000000 -1
1 0.000000 34.038353 -0.581890 0.750000 0.950000 -1
1 0.000000 33.636013 -4.760128 0.750000 1.000000 -1
1 1.293119 34.002777 -0.783587 0.800000 0.950000 -1
1 0.000000 33.636013 -4.760128 0.800000 1.000000 -1
1 2.459659 33.899574 -1.368947 0.850000 0.950000 -1
1 0.000000 33.636013 -4.760128 0.850000 1.000000 -1
1 3.385431 33.738811 -2.280647 0.900000 0.950000 -1
1 0.000000 33.636013 -4.760128 0.900000 1.000000 -1
1 3.979812 33.536247 -3.429468 0.950000 0.950000 -1
1 0.000000 33.636013 -4.760128 0.950000 1.000000 -1
1 4.184622 33.311691 -4.702951 1.000000 0.950000 -1
1 8.266205 32.346684 -4.532783 0.000000 0.900000 -1
1 7.861628 31.903103 -7.048368 0.050000 0.900000 -1
1 6.687500 31.502958 -9.317715 0.100000 0.900000 -1
1 4.858753 31.185400 -11.118683 0.150000 0.900000 -1
1 2.554398 30.981527 -12.274983 0.200000 0.900000 -1
1 0.000000 30.911264 -12.673407 0.250000 0.900000 -1
1 -2.554398 30.981527 -12.274983 0.300000 0.900000 -1
1 -4.858753 31.185400 -11.118683 0.350000 0.900000 -1
1 -6.687500 31.502958 -9.317715 0.400000 0.900000 -1
1 -7.861628 31.903103 -7.048368 0.450000 0.900000 -1
1 -8.266205 32.346684 -4.532783 0.500000 0.900000 -1
1 -7.861628 32.790257 -2.017199 0.550000 0.900000 -1
1 -6.687500 33.190392 0.252162 0.600000 0.900000 -1
1 -4.858753 33.507957 2.053123 0.650000 0.900000 -1
1 -2.554398 33.711838 3.209410 0.700000 0.900000 -1
1 0.000000 33.782089 3.607843 0.750000 0.900000 -1
1 2.554398 33.711838 3.209410 0.800000 0.900000 -1
1 4.858753 33.507957 2.053123 0.850000 0.900000 -1
1 6.687500 33.190392 0.252162 0.900000 0.900000 -1
1 7.861628 32.790257 -2.017199 0.950000 0.900000 -1
1 8.266205 32.346684 -4.532783 1.000000 0.900000 -1
1 12.144246 30.764746 -4.253843 0.000000 0.850000 -1
1 11.549865 30.113092 -7.949611 0.050000 0.850000 -1
1 9.824902 29.525213 -11.283612 0.100000 0.850000 -1
1 7.138209 29.058659 -13.929489 0.150000 0.850000 -1
1 3.752779 28.759125 -15.628246 0.200000 0.850000 -1
1 0.000000 28.655926 -16.213610 0.250000 0.850000 -1
1 -3.752779 28.759125 -15.628246 0.300000 0.850000 -1
1 -7.138209 29.058659 -13.929489 0.350000 0.850000 -1
1 -9.824902 29.525213 -11.283612 0.400000 0.850000 -1
1 -11.549865 30.113092 -7.949611 0.450000 0.850000 -1
1 -12.144246 30.764746 -4.253843 0.500000 0.850000 -1
1 -11.549865 31.416420 -0.558080 0.550000 0.850000 -1
1 -9.824902 32.004292 2.775914 0.600000 0.850000 -1
1 -7.138209 32.470825 5.421801 0.650000 0.850000 -1
1 -3.752779 32.770351 7.120564 0.700000 0.850000 -1
1 0.000000 32.873581 7.705905 0.750000 0.850000 -1
1 3.752779 32.770351 7.120564 0.800000 0.850000 -1
1 7.138209 32.470825 5.421801 0.850000 0.850000 -1
1 9.824902 32.004292 2.775914 0.900000 0.850000 -1
1 11.549865 31.416420 -0.558080 0.950000 0.850000 -1
1 12.144246 30.764746 -4.253843 1.000000 0.850000 -1
1 15.723255 28.604843 -3.872999 0.000000 0.800000 -1
1 14.953705 27.761131 -8.657944 0.050000 0.800000 -1
1 12.720381 27.000004 -12.974492 0.100000 0.800000 -1
1 9.241898 26.395971 -16.400141 0.150000 0.800000 -1
1 4.858753 26.008158 -18.599529 0.200000 0.800000 -1
1 0.000000 25.874519 -19.357386 0.250000 0.800000 -1
1 -4.858753 26.008158 -18.599529 0.300000 0.800000 -1
1 -9.241898 26.395971 -16.400141 0.350000 0.800000 -1
1 -12.720381 27.000004 -12.974492 0.400000 0.800000 -1
1 -14.953705 27.761131 -8.657944 0.450000 0.800000 -1
1 -15.723255 28.604843 -3.872999 0.500000 0.800000 -1
1 -14.953705 29.448563 0.911937 0.550000 0.800000 -1
1 -12.720381 30.209696 5.228495 0.600000 0.800000 -1
1 -9.241898 30.813717 8.654140 0.650000 0.800000 -1
1 -4.858753 31.201538 10.853531 0.700000 0.800000 -1
1 0.000000 31.335157 11.611403 0.750000 0.800000 -1
1 4.858753 31.201538 10.853531 0.800000 0.800000 -1
1 9.241898 30.813717 8.654140 0.850000 0.800000 -1
1 12.720381 30.209696 5.228495 0.900000 0.800000 -1
1 14.953705 29.448563 0.911937 0.950000 0.800000 -1
1 15.723255 28.604843 -3.872999 1.000000 0.800000 -1
1 18.915106 25.920160 -3.399615 0.000000 0.750000 -1
1 17.989336 24.905165 -9.155908 0.050000 0.750000 -1
1 15.302643 23.989538 -14.348734 0.100000 0.750000 -1
1 11.118020 23.262884 -18.469791 0.150000 0.750000 -1
1 5.845089 22.796352 -21.115667 0.200000 0.750000 -1
1 0.000000 22.635584 -22.027369 0.250000 0.750000 -1
1 -5.845089 22.796352 -21.115667 0.300000 0.750000 -1
1 -11.118020 23.262884 -18.469791 0.350000 0.750000 -1
1 -15.302643 23.989538 -14.348734 0.400000 0.750000 -1
1 -17.989336 24.905165 -9.155908 0.450000 0.750000 -1
1 -18.915106 25.920160 -3.399615 0.500000 0.750000 -1
1 -17.989336 26.935146 2.356671 0.550000 0.750000 -1
1 -15.302643 27.850780 7.549504 0.600000 0.750000 -1
1 -11.118020 28.577438 11.670555 0.650000 0.750000 -1
1 -5.845089 29.043972 14.316434 0.700000 0.750000 -1
1 0.000000 29.204737 15.228136 0.750000 0.750000 -1
1 5.845089 29.043972 14.316434 0.800000 0.750000 -1
1 11.118020 28.577438 11.670555 0.850000 0.750000 -1
1 15.302643 27.850780 7.549504 0.900000 0.750000 -1
1 17.989336 26.935146 2.356671 0.950000 0.750000 -1
1 18.915106 25.920160 -3.399615 1.000000 0.750000 -1
1 21.641205 22.776794 -2.845355 0.000000 0.700000 -1
1 20.582010 21.615538 -9.431273 0.050000 0.700000 -1
1 17.508102 20.567932 -15.372495 0.100000 0.700000 -1
1 12.720381 19.736551 -20.087475 0.150000 0.700000 -1
1 6.687500 19.202778 -23.114697 0.200000 0.700000 -1
1 0.000000 19.018837 -24.157795 0.250000 0.700000 -1
1 -6.687500 19.202778 -23.114697 0.300000 0.700000 -1
1 -12.720381 19.736551 -20.087475 0.350000 0.700000 -1
1 -17.508102 20.567932 -15.372495 0.400000 0.700000 -1
1 -20.582010 21.615538 -9.431273 0.450000 0.700000 -1
1 -21.641205 22.776794 -2.845355 0.500000 0.700000 -1
1 -20.582010 23.938072 3.740551 0.550000 0.700000 -1
1 -17.508102 24.985676 9.681782 0.600000 0.700000 -1
1 -12.720381 25.817053 14.396773 0.650000 0.700000 -1
1 -6.687500 26.350840 17.423979 0.700000 0.700000 -1
1 -0.000000 26.534756 18.467087 0.750000 0.700000 -1
1 6.687500 26.350840 17.423979 0.800000 0.700000 -1
1 12.720381 25.817053 14.396773 0.850000 0.700000 -1
1 17.508102 24.985676 9.681782 0.900000 0.700000 -1
1 20.582010 23.938072 3.740551 0.950000 0.700000 -1
1 21.641205 22.776794 -2.845355 1.000000 0.700000 -1
1 23.834425 19.252163 -2.223869 0.000000 0.650000 -1
1 22.667885 17.973196 -9.477217 0.050000 0.650000 -1
1 19.282455 16.819433 -16.020569 0.100000 0.650000 -1
1 14.009523 15.903799 -21.213396 0.150000 0.650000 -1
1 7.365242 15.315924 -24.547386 0.200000 0.650000 -1
1 0.000000 15.113354 -25.696209 0.250000 0.650000 -1
1 -7.365242 15.315924 -24.547386 0.300000 0.650000 -1
1 -14.009523 15.903799 -21.213396 0.350000 0.650000 -1
1 -19.282455 16.819433 -16.020569 0.400000 0.650000 -1
1 -22.667885 17.973196 -9.477217 0.450000 0.650000 -1
1 -23.834425 19.252163 -2.223869 0.500000 0.650000 -1
1 -22.667885 20.531122 5.029486 0.550000 0.650000 -1
1 -19.282455 21.684895 11.572825 0.600000 0.650000 -1
1 -14.009523 22.600538 16.765656 0.650000 0.650000 -1
1 -7.365242 23.188402 20.099665 0.700000 0.650000 -1
1 -0.000000 23.390970 21.248474 0.750000 0.650000 -1
1 7.365242 23.188402 20.099665 0.800000 0.650000 -1
1 14.009523 22.600538 16.765656 0.850000 0.650000 -1
1 19.282455 21.684895 11.572825 0.900000 0.650000 -1
1 22.667885 20.531122 5.029486 0.950000 0.650000 -1
1 23.834425 19.252163 -2.223869 1.000000 0.650000 -1
1 25.440762 13.709620 -1.246568 0.000000 0.600000 -1
1 24.195604 12.344460 -8.988765 0.050000 0.600000 -1
1 20.582010 11.112934 -15.973109 0.100000 0.600000 -1
1 14.953705 10.135586 -21.515898 0.150000 0.600000 -1
1 7.861628 9.508092 -25.074606 0.200000 0.600000 -1
1 0.000000 9.291875 -26.300837 0.250000 0.600000 -1
1 -7.861628 9.508092 -25.074606 0.300000 0.600000 -1
1 -14.953705 10.135586 -21.515898 0.350000 0.600000 -1
1 -20.582010 11.112934 -15.973109 0.400000 0.600000 -1
1 -24.195604 12.344460 -8.988765 0.450000 0.600000 -1
1 -25.440762 13.709620 -1.246568 0.500000 0.600000 -1
1 -24.195604 15.074780 6.495628 0.550000 0.600000 -1
1 -20.582010 16.306305 13.479971 0.600000 0.600000 -1
1 -14.953705 17.283649 19.022772 0.650000 0.600000 -1
1 -7.861628 17.911140 22.581476 0.700000 0.600000 -1
1 -0.000000 18.127357 23.807707 0.750000 0.600000 -1
1 7.861628 17.911140 22.581476 0.800000 0.600000 -1
1 14.953705 17.283649 19.022772 0.850000 0.600000 -1
1 20.582010 16.306305 13.479971 0.900000 0.600000 -1
1 24.195604 15.074780 6.495628 0.950000 0.600000 -1
1 25.440762 13.709620 -1.246568 1.000000 0.600000 -1
1 26.420664 7.677608 -0.182961 0.000000 0.550000 -1
1 25.127544 6.259867 -8.223362 0.050000 0.550000 -1
1 21.374765 4.980906 -15.476713 0.100000 0.550000 -1
1 15.529676 3.965916 -21.233013 0.150000 0.550000 -1
1 8.164434 3.314253 -24.928770 0.200000 0.550000 -1
1 0.000000 3.089712 -26.202246 0.250000 0.550000 -1
1 -8.164434 3.314253 -24.928770 0.300000 0.550000 -1
1 -15.529676 3.965916 -21.233013 0.350000 0.550000 -1
1 -21.374765 4.980906 -15.476713 0.400000 0.550000 -1
1 -25.127544 6.259867 -8.223362 0.450000 0.550000 -1
1 -26.420664 7.677608 -0.182961 0.500000 0.550000 -1
1 -25.127544 9.095347 7.857444 0.550000 0.550000 -1
1 -21.374765 10.374309 15.110794 0.600000 0.550000 -1
1 -15.529676 11.389297 20.867086 0.650000 0.550000 -1
1 -8.164434 12.040964 24.562855 0.700000 0.550000 -1
1 -0.000000 12.265507 25.836325 0.750000 0.550000 -1
1 8.164434 12.040964 24.562855 0.800000 0.550000 -1
1 15.529676 11.389297 20.867086 0.850000 0.550000 -1
1 21.374765 10.374309 15.110794 0.900000 0.550000 -1
1 25.127544 9.095347 7.857444 0.950000 0.550000 -1
1 26.420664 7.677608 -0.182961 1.000000 0.550000 -1
181
0.000000 0.984808 -0.173649
0.182261 0.968312 -0.170743
0.148756 0.964294 -0.219107
0.147450 0.949709 -0.276244
0.091931 0.950713 -0.296131
0.056325 0.938213 -0.341445
0.000000 0.945527 -0.325544
-0.056325 0.938213 -0.341445
-0.091931 0.950713 -0.296131
-0.147450 0.949709 -0.276244
-0.148756 0.964294 -0.219107
-0.182261 0.968312 -0.170743
-0.148753 0.981080 -0.123914
-0.147452 0.986915 -0.065237
-0.091933 0.994660 -0.046895
-0.056322 0.998413 -0.000032
0.000000 0.999847 -0.017478
0.056322 0.998413 -0.000032
0.091933 0.994660 -0.046895
0.147452 0.986915 -0.065237
0.148753 0.981080 -0.123914
0.308974 0.936621 -0.165156
0.293852 0.920042 -0.259179
0.249966 0.905085 -0.344002
0.181610 0.893216 -0.411319
0.095479 0.885595 -0.454539
0.000000 0.882969 -0.469431
-0.095479 0.885595 -0.454539
-0.181610 0.893216 -0.411319
-0.249966 0.905085 -0.344002
-0.293852 0.920042 -0.259179
-0.308974 0.936621 -0.165156
-0.293851 0.953201 -0.071124
-0.249964 0.968158 0.013700
-0.181609 0.980028 0.081016
-0.095477 0.987648 0.124236
-0.000000 0.990274 0.139128
0.095477 0.987648 0.124236
0.181609 0.980028 0.081016
0.249964 0.968158 0.013700
0.293851 0.953201 -0.071124
0.453936 0.877497 -0.154728
0.431717 0.853141 -0.292868
0.367240 0.831166 -0.417489
0.266815 0.813728 -0.516389
0.140275 0.802531 -0.579886
0.000000 0.798672 -0.601766
-0.140275 0.802531 -0.579886
-0.266815 0.813728 -0.516389
-0.367240 0.831166 -0.417489
-0.431717 0.853141 -0.292868
-0.453936 0.877497 -0.154728
-0.431719 0.901856 -0.016585
-0.367241 0.923830 0.108037
-0.266815 0.941269 0.206937
-0.140274 0.952465 0.270433
0.000000 0.956323 0.292312
0.140274 0.952465 0.270433
0.266815 0.941269 0.206937
0.367241 0.923830 0.108037
0.431719 0.901856 -0.016585
0.587727 0.796768 -0.140492
0.558962 0.765230 -0.319350
0.475481 0.736780 -0.480700
0.345456 0.714203 -0.608748
0.181616 0.699707 -0.690960
0.000000 0.694711 -0.719289
-0.181616 0.699707 -0.690960
-0.345456 0.714203 -0.608748
-0.475481 0.736780 -0.480700
-0.558962 0.765230 -0.319350
-0.587727 0.796768 -0.140492
-0.558962 0.828305 0.038366
-0.475481 0.856756 0.199718
-0.345457 0.879334 0.327766
-0.181617 0.893831 0.409977
0.000000 0.898826 0.438306
0.181617 0.893831 0.409977
0.345457 0.879334 0.327766
0.475481 0.856756 0.199718
0.558962 0.828305 0.038366
0.707053 0.696417 -0.122797
0.672447 0.658477 -0.337969
0.572018 0.624250 -0.532078
0.415596 0.597087 -0.686125
0.218491 0.579649 -0.785028
0.000000 0.573640 -0.819108
-0.218491 0.579649 -0.785028
-0.415596 0.597087 -0.686125
-0.572018 0.624250 -0.532078
-0.672447 0.658477 -0.337969
-0.707053 0.696417 -0.122797
-0.672448 0.734358 0.092375
-0.572018 0.768584 0.286484
-0.415595 0.795747 0.440530
-0.218491 0.813187 0.539434
0.000000 0.819196 0.573514
0.218491 0.813187 0.539434
0.415595 0.795747 0.440530
0.572018 0.768584 0.286484
0.672448 0.734358 0.092375
0.808975 0.578913 -0.102077
0.769381 0.535504 -0.348267
0.654473 0.496343 -0.570358
0.475504 0.465265 -0.746609
0.249987 0.445311 -0.859770
0.000000 0.438436 -0.898763
-0.249987 0.445311 -0.859770
-0.475504 0.465265 -0.746609
-0.654473 0.496343 -0.570358
-0.769381 0.535504 -0.348267
-0.808975 0.578913 -0.102077
-0.769381 0.622323 0.144111
-0.654474 0.661484 0.366201
-0.475503 0.692562 0.542452
-0.249987 0.712516 0.655613
0.000000 0.719391 0.694606
0.249987 0.712516 0.655613
0.475503 0.692562 0.542452
0.654474 0.661484 0.366201
0.769380 0.622323 0.144111
0.915492 0.396224 -0.069865
0.870685 0.347097 -0.348469
0.740649 0.302782 -0.599802
0.538112 0.267612 -0.799262
0.282903 0.245031 -0.927322
0.000000 0.237250 -0.971448
-0.282903 0.245031 -0.927322
-0.538112 0.267612 -0.799261
-0.740649 0.302782 -0.599802
-0.870685 0.347097 -0.348469
-0.915492 0.396224 -0.069865
-0.870685 0.445350 0.208739
-0.740649 0.489666 0.460072
-0.538113 0.524837 0.659531
-0.282902 0.547417 0.787592
0.000000 0.555197 0.831719
0.282902 0.547417 0.787592
0.538113 0.524837 0.659531
0.740649 0.489666 0.460072
0.870685 0.445350 0.208739
0.976256 0.213328 -0.037615
0.928475 0.160942 -0.334712
0.789808 0.113683 -0.602727
0.573829 0.076179 -0.815424
0.301680 0.052100 -0.951985
-0.000000 0.043802 -0.999040
-0.301680 0.052100 -0.951985
-0.573829 0.076179 -0.815424
-0.789808 0.113683 -0.602727
-0.928475 0.160942 -0.334712
-0.976256 0.213328 -0.037615
-0.928475 0.265714 0.259481
-0.789808 0.312972 0.527496
-0.573830 0.350476 0.740193
-0.301679 0.374555 0.876754
-0.000000 0.382852 0.923810
0.301680 0.374555 0.876754
0.573830 0.350476 0.740193
0.789808 0.312972 0.527496
0.928475 0.265714 0.259481
0.987443 0.155573 -0.027432
0.939115 0.102587 -0.327933
0.798859 0.054787 -0.599019
0.580405 0.016854 -0.814154
0.305137 -0.007503 -0.952279
0.000000 -0.015894 -0.999874
-0.305137 -0.007503 -0.952279
-0.580405 0.016854 -0.814154
-0.798859 0.054787 -0.599019
-0.939115 0.102587 -0.327933
-0.987443 0.155573 -0.027432
-0.939115 0.208560 0.273069
-0.798859 0.256359 0.544155
-0.580405 0.294293 0.759290
-0.305137 0.318648 0.897416
0.000000 0.327041 0.945010
0.305137 0.318648 0.897416
0.580405 0.294293 0.759290
0.798859 0.256359 0.544155
0.939115 0.208560 0.273069
340
1 0 1 2 0 1 2 1
1 3 2 4 0 2 3 1
1 5 4 6 0 3 4 1
1 7 6 8 0 4 5 1
1 9 8 10 0 5 6 1
1 11 10 12 0 6 7 1
1 13 12 14 0 7 8 1
1 15 14 16 0 8 9 1
1 17 16 18 0 9 10 1
1 19 18 20 0 10 11 1
1 21 20 22 0 11 12 1
1 23 22 24 0 12 13 1
1 25 24 26 0 13 14 1
1 27 26 28 0 14 15 1
1 29 28 30 0 15 16 1
1 31 30 32 0 16 17 1
1 33 32 34 0 17 18 1
1 35 34 36 0 18 19 1
1 37 36 38 0 19 20 1
1 39 38 40 0 20 1 1
1 1 41 42 1 21 22 1
1 1 42 2 1 22 2 1
1 2 42 4 2 22 3 1
1 42 43 4 22 23 3 1
1 4 43 44 3 23 24 1
1 4 44 6 3 24 4 1
1 6 44 8 4 24 5 1
1 44 45 8 24 25 5 1
1 8 45 46 5 25 26 1
1 8 46 10 5 26 6 1
1 10 46 12 6 26 7 1
1 46 47 12 26 27 7 1
1 12 47 48 7 27 28 1
1 12 48 14 7 28 8 1
1 14 48 16 8 28 9 1
1 48 49 16 28 29 9 1
1 16 49 50 9 29 30 1
1 16 50 18 9 30 10 1
1 18 50 20 10 30 11 1
1 50 51 20 30 31 11 1
1 20 51 52 11 31 32 1
1 20 52 22 11 32 12 1
1 22 52 24 12 32 13 1
1 52 53 24 32 33 13 1
1 24 53 54 13 33 34 1
1 24 54 26 13 34 14 1
1 26 54 28 14 34 15 1
1 54 55 28 34 35 15 1
1 28 55 56 15 35 36 1
1 28 56 30 15 36 16 1
1 30 56 32 16 36 17 1
1 56 57 32 36 37 17 1
1 32 57 58 17 37 38 1
1 32 58 34 17 38 18 1
1 34 58 36 18 38 19 1
1 58 59 36 38 39 19 1
1 36 59 60 19 39 40 1
1 36 60 38 19 40 20 1
1 38 60 40 20 40 1 1
1 60 61 40 40 21 1 1
1 41 62 42 21 41 22 1
1 62 63 42 41 42 22 1
1 42 63 64 22 42 43 1
1 42 64 43 22 43 23 1
1 43 64 44 23 43 24 1
1 64 65 44 43 44 24 1
1 44 65 66 24 44 45 1
1 44 66 45 24 45 25 1
1 45 66 46 25 45 26 1
1 66 67 46 45 46 26 1
1 46 67 68 26 46 47 1
1 46 68 47 26 47 27 1
1 47 68 48 27 47 28 1
1 68 69 48 47 48 28 1
1 48 69 70 28 48 49 1
1 48 70 49 28 49 29 1
1 49 70 50 29 49 30 1
1 70 71 50 49 50 30 1
1 50 71 72 30 50 51 1
1 50 72 51 30 51 31 1
1 51 72 52 31 51 32 1
1 72 73 52 51 52 32 1
1 52 73 74 32 52 53 1
1 52 74 53 32 53 33 1
1 53 74 54 33 53 34 1
1 74 75 54 53 54 34 1
1 54 75 76 34 54 55 1
1 54 76 55 34 55 35 1
1 55 76 56 35 55 36 1
1 76 77 56 55 56 36 1
1 56 77 78 36 56 57 1
1 56 78 57 36 57 37 1
1 57 78 58 37 57 38 1
1 78 79 58 57 58 38 1
1 58 79 80 38 58 59 1
1 58 80 59 38 59 39 1
1 59 80 60 39 59 40 1
1 80 81 60 59 60 40 1
1 60 81 82 40 60 41 1
1 60 82 61 40 41 21 1
1 62 83 84 41 61 62 1
1 62 84 63 41 62 42 1
1 63 84 64 42 62 43 1
1 84 85 64 62 63 43 1
1 64 85 86 43 63 64 1
1 64 86 65 43 64 44 1
1 65 86 66 44 64 45 1
1 86 87 66 64 65 45 1
1 66 87 88 45 65 66 1
1 66 88 67 45 66 46 1
1 67 88 68 46 66 47 1
1 88 89 68 66 67 47 1
1 68 89 90 47 67 68 1
1 68 90 69 47 68 48 1
1 69 90 70 48 68 49 1
1 90 91 70 68 69 49 1
1 70 91 92 49 69 70 1
1 70 92 71 49 70 50 1
1 71 92 72 50 70 51 1
1 92 93 72 70 71 51 1
1 72 93 94 51 71 72 1
1 72 94 73 51 72 52 1
1 73 94 74 52 72 53 1
1 94 95 74 72 73 53 1
1 74 95 96 53 73 74 1
1 74 96 75 53 74 54 1
1 75 96 76 54 74 55 1
1 96 97 76 74 75 55 1
1 76 97 98 55 75 76 1
1 76 98 77 55 76 56 1
1 77 98 78 56 76 57 1
1 98 99 78 76 77 57 1
1 78 99 100 57 77 78 1
1 78 100 79 57 78 58 1
1 79 100 80 58 78 59 1
1 100 101 80 78 79 59 1
1 80 101 102 59 79 80 1
1 80 102 81 59 80 60 1
1 81 102 82 60 80 41 1
1 102 103 82 80 61 41 1
1 83 104 84 61 81 62 1
1 104 105 84 81 82 62 1
1 84 105 106 62 82 83 1
1 84 106 85 62 83 63 1
1 85 106 86 63 83 64 1
1 106 107 86 83 84 64 1
1 86 107 108 64 84 85 1
1 86 108 87 64 85 65 1
1 87 108 88 65 85 66 1
1 108 109 88 85 86 66 1
1 88 109 110 66 86 87 1
1 88 110 89 66 87 67 1
1 89 110 90 67 87 68 1
1 110 111 90 87 88 68 1
1 90 111 112 68 88 89 1
1 90 112 91 68 89 69 1
1 91 112 92 69 89 70 1
1 112 113 92 89 90 70 1
1 92 113 114 70 90 91 1
1 92 114 93 70 91 71 1
1 93 114 94 71 91 72 1
1 114 115 94 91 92 72 1
1 94 115 116 72 92 93 1
1 94 116 95 72 93 73 1
1 95 116 96 73 93 74 1
1 116 117 96 93 94 74 1
1 96 117 118 74 94 95 1
1 96 118 97 74 95 75 1
1 97 118 98 75 95 76 1
1 118 119 98 95 96 76 1
1 98 119 120 76 96 97 1
1 98 120 99 76 97 77 1
1 99 120 100 77 97 78 1
1 120 121 100 97 98 78 1
1 100 121 122 78 98 99 1
1 100 122 101 78 99 79 1
1 101 122 102 79 99 80 1
1 122 123 102 99 100 80 1
1 102 123 124 80 100 81 1
1 102 124 103 80 81 61 1
1 104 125 126 81 101 102 1
1 104 126 105 81 102 82 1
1 105 126 106 82 102 83 1
1 126 127 106 102 103 83 1
1 106 127 128 83 103 104 1
1 106 128 107 83 104 84 1
1 107 128 108 84 104 85 1
1 128 129 108 104 105 85 1
1 108 129 130 85 105 106 1
1 108 130 109 85 106 86 1
1 109 130 110 86 106 87 1
1 130 131 110 106 107 87 1
1 110 131 132 87 107 108 1
1 110 132 111 87 108 88 1
1 111 132 112 88 108 89 1
1 132 133 112 108 109 89 1
1 112 133 134 89 109 110 1
1 112 134 113 89 110 90 1
1 113 134 114 90 110 91 1
1 134 135 114 110 111 91 1
1 114 135 136 91 111 112 1
1 114 136 115 91 112 92 1
1 115 136 116 92 112 93 1
1 136 137 116 112 113 93 1
1 116 137 138 93 113 114 1
1 116 138 117 93 114 94 1
1 117 138 118 94 114 95 1
1 138 139 118 114 115 95 1
1 118 139 140 95 115 116 1
1 118 140 119 95 116 96 1
1 119 140 120 96 116 97 1
1 140 141 120 116 117 97 1
1 120 141 142 97 117 118 1
1 120 142 121 97 118 98 1
1 121 142 122 98 118 99 1
1 142 143 122 118 119 99 1
1 122 143 144 99 119 120 1
1 122 144 123 99 120 100 1
1 123 144 124 100 120 81 1
1 144 145 124 120 101 81 1
1 125 146 126 101 121 102 1
1 146 147 126 121 122 102 1
1 126 147 148 102 122 123 1
1 126 148 127 102 123 103 1
1 127 148 128 103 123 104 1
1 148 149 128 123 124 104 1
1 128 149 150 104 124 125 1
1 128 150 129 104 125 105 1
1 129 150 130 105 125 106 1
1 150 151 130 125 126 106 1
1 130 151 152 106 126 127 1
1 130 152 131 106 127 107 1
1 131 152 132 107 127 108 1
1 152 153 132 127 128 108 1
1 132 153 154 108 128 129 1
1 132 154 133 108 129 109 1
1 133 154 134 109 129 110 1
1 154 155 134 129 130 110 1
1 134 155 156 110 130 131 1
1 134 156 135 110 131 111 1
1 135 156 136 111 131 112 1
1 156 157 136 131 132 112 1
1 136 157 158 112 132 133 1
1 136 158 137 112 133 113 1
1 137 158 138 113 133 114 1
1 158 159 138 133 134 114 1
1 138 159 160 114 134 135 1
1 138 160 139 114 135 115 1
1 139 160 140 115 135 116 1
1 160 161 140 135 136 116 1
1 140 161 162 116 136 137 1
1 140 162 141 116 137 117 1
1 141 162 142 117 137 118 1
1 162 163 142 137 138 118 1
1 142 163 164 118 138 139 1
1 142 164 143 118 139 119 1
1 143 164 144 119 139 120 1
1 164 165 144 139 140 120 1
1 144 165 166 120 140 121 1
1 144 166 145 120 121 101 1
1 146 167 168 121 141 142 1
1 146 168 147 121 142 122 1
1 147 168 148 122 142 123 1
1 168 169 148 142 143 123 1
1 148 169 170 123 143 144 1
1 148 170 149 123 144 124 1
1 149 170 150 124 144 125 1
1 170 171 150 144 145 125 1
1 150 171 172 125 145 146 1
1 150 172 151 125 146 126 1
1 151 172 152 126 146 127 1
1 172 173 152 146 147 127 1
1 152 173 174 127 147 148 1
1 152 174 153 127 148 128 1
1 153 174 154 128 148 129 1
1 174 175 154 148 149 129 1
1 154 175 176 129 149 150 1
1 154 176 155 129 150 130 1
1 155 176 156 130 150 131 1
1 176 177 156 150 151 131 1
1 156 177 178 131 151 152 1
1 156 178 157 131 152 132 1
1 157 178 158 132 152 133 1
1 178 179 158 152 153 133 1
1 158 179 180 133 153 154 1
1 158 180 159 133 154 134 1
1 159 180 160 134 154 135 1
1 180 181 160 154 155 135 1
1 160 181 182 135 155 156 1
1 160 182 161 135 156 136 1
1 161 182 162 136 156 137 1
1 182 183 162 156 157 137 1
1 162 183 184 137 157 158 1
1 162 184 163 137 158 138 1
1 163 184 164 138 158 139 1
1 184 185 164 158 159 139 1
1 164 185 186 139 159 160 1
1 164 186 165 139 160 140 1
1 165 186 166 140 160 121 1
1 186 187 166 160 141 121 1
1 167 188 168 141 161 142 1
1 188 189 168 161 162 142 1
1 168 189 190 142 162 163 1
1 168 190 169 142 163 143 1
1 169 190 170 143 163 144 1
1 190 191 170 163 164 144 1
1 170 191 192 144 164 165 1
1 170 192 171 144 165 145 1
1 171 192 172 145 165 146 1
1 192 193 172 165 166 146 1
1 172 193 194 146 166 167 1
1 172 194 173 146 167 147 1
1 173 194 174 147 167 148 1
1 194 195 174 167 168 148 1
1 174 195 196 148 168 169 1
1 174 196 175 148 169 149 1
1 175 196 176 149 169 150 1
1 196 197 176 169 170 150 1
1 176 197 198 150 170 171 1
1 176 198 177 150 171 151 1
1 177 198 178 151 171 152 1
1 198 199 178 171 172 152 1
1 178 199 200 152 172 173 1
1 178 200 179 152 173 153 1
1 179 200 180 153 173 154 1
1 200 201 180 173 174 154 1
1 180 201 202 154 174 175 1
1 180 202 181 154 175 155 1
1 181 202 182 155 175 156 1
1 202 203 182 175 176 156 1
1 182 203 204 156 176 177 1
1 182 204 183 156 177 157 1
1 183 204 184 157 177 158 1
1 204 205 184 177 178 158 1
1 184 205 206 158 178 179 1
1 184 206 185 158 179 159 1
1 185 206 186 159 179 160 1
1 206 207 186 179 180 160 1
1 186 207 208 160 180 161 1
1 186 208 187 160 161 141 1

Materials: 3
"Material01"
0.200000 0.200000 0.200000 1.000000
0.800000 0.800000 0.800000 1.000000
0.000000 0.000000 0.000000 1.000000
0.000000 0.000000 0.000000 1.000000
0.000000
1.000000
"sphere_olive.bmp"
""
"Material02"
0.200000 0.200000 0.200000 1.000000
1.000000 1.000000 1.000000 1.000000
0.000000 0.000000 0.000000 1.000000
1.000000 1.000000 1.000000 1.000000
0.000000
1.000000
"sphere_chrome.bmp"
""
"Material03"
0.200000 0.200000 0.200000 1.000000
0.274510 0.274510 0.000000 1.000000
0.000000 0.000000 0.000000 1.000000
0.000000 0.000000 0.000000 1.000000
0.000000
1.000000
"sphere_olive.bmp"
""

Bones: 0
GroupComments: 0
MaterialComments: 0
BoneComments: 0
ModelComment: 0
