// MilkShape 3D ASCII

Frames: 30
Frame: 1

Meshes: 11
"Sphere01" 0 0
152
0 -0.000001 107.041183 0.022510 0.000000 0.000000 -1
0 2.412136 106.237587 1.021649 0.062500 0.062500 -1
0 2.610878 106.237587 0.022510 0.000000 0.062500 -1
0 -0.000001 107.041183 0.022510 0.062500 0.000000 -1
0 1.846169 106.237587 1.868679 0.125000 0.062500 -1
0 -0.000001 107.041183 0.022510 0.125000 0.000000 -1
0 0.999139 106.237587 2.434646 0.187500 0.062500 -1
0 -0.000001 107.041183 0.022510 0.187500 0.000000 -1
0 -0.000001 106.237587 2.633387 0.250000 0.062500 -1
0 -0.000001 107.041183 0.022510 0.250000 0.000000 -1
0 -0.999140 106.237587 2.434646 0.312500 0.062500 -1
0 -0.000001 107.041183 0.022510 0.312500 0.000000 -1
0 -1.846170 106.237587 1.868679 0.375000 0.062500 -1
0 -0.000001 107.041183 0.022510 0.375000 0.000000 -1
0 -2.412138 106.237587 1.021649 0.437500 0.062500 -1
0 -0.000001 107.041183 0.022510 0.437500 0.000000 -1
0 -2.610878 106.237587 0.022510 0.500000 0.062500 -1
0 -0.000001 107.041183 0.022510 0.500000 0.000000 -1
0 -2.412138 106.237587 -0.976630 0.562500 0.062500 -1
0 -0.000001 107.041183 0.022510 0.562500 0.000000 -1
0 -1.846170 106.237587 -1.823660 0.625000 0.062500 -1
0 -0.000001 107.041183 0.022510 0.625000 0.000000 -1
0 -0.999140 106.237587 -2.389626 0.687500 0.062500 -1
0 -0.000001 107.041183 0.022510 0.687500 0.000000 -1
0 -0.000001 106.237587 -2.588367 0.750000 0.062500 -1
0 -0.000001 107.041183 0.022510 0.750000 0.000000 -1
0 0.999139 106.237587 -2.389626 0.812500 0.062500 -1
0 -0.000001 107.041183 0.022510 0.812500 0.000000 -1
0 1.846169 106.237587 -1.823660 0.875000 0.062500 -1
0 -0.000001 107.041183 0.022510 0.875000 0.000000 -1
0 2.412136 106.237587 -0.976630 0.937500 0.062500 -1
0 -0.000001 107.041183 0.022510 0.937500 0.000000 -1
0 2.610878 106.237587 0.022510 1.000000 0.062500 -1
0 13.382916 -81.037720 0.022510 0.000000 0.500000 -1
0 13.125768 70.843880 0.022510 0.000000 0.437500 -1
0 12.364201 -81.037720 5.143931 0.062500 0.500000 -1
0 12.126627 70.843880 5.045525 0.062500 0.437500 -1
0 9.281319 70.843880 9.303830 0.125000 0.437500 -1
0 9.463152 -81.037720 9.485662 0.125000 0.500000 -1
0 5.121420 -81.037720 12.386713 0.187500 0.500000 -1
0 5.023012 70.843880 12.149140 0.187500 0.437500 -1
0 -0.000001 70.843880 13.148277 0.250000 0.437500 -1
0 -0.000001 -81.037720 13.405429 0.250000 0.500000 -1
0 -5.121423 -81.037720 12.386713 0.312500 0.500000 -1
0 -5.023015 70.843880 12.149140 0.312500 0.437500 -1
0 -9.281320 70.843880 9.303830 0.375000 0.437500 -1
0 -9.463152 -81.037720 9.485662 0.375000 0.500000 -1
0 -12.364204 -81.037720 5.143931 0.437500 0.500000 -1
0 -12.126630 70.843880 5.045525 0.437500 0.437500 -1
0 -13.125772 70.843880 0.022510 0.500000 0.437500 -1
0 -13.382920 -81.037720 0.022510 0.500000 0.500000 -1
0 -12.364204 -81.037720 -5.098910 0.562500 0.500000 -1
0 -12.126630 70.843880 -5.000505 0.562500 0.437500 -1
0 -9.281320 70.843880 -9.258810 0.625000 0.437500 -1
0 -9.463152 -81.037720 -9.440640 0.625000 0.500000 -1
0 -5.121423 -81.037720 -12.341694 0.687500 0.500000 -1
0 -5.023015 70.843880 -12.104120 0.687500 0.437500 -1
0 -0.000001 70.843880 -13.103257 0.750000 0.437500 -1
0 -0.000001 -81.037720 -13.360410 0.750000 0.500000 -1
0 5.121420 -81.037720 -12.341694 0.812500 0.500000 -1
0 5.023012 70.843880 -12.104120 0.812500 0.437500 -1
0 9.281319 70.843880 -9.258810 0.875000 0.437500 -1
0 9.463152 -81.037720 -9.440640 0.875000 0.500000 -1
0 12.364201 -81.037720 -5.098910 0.937500 0.500000 -1
0 12.126627 70.843880 -5.000505 0.937500 0.437500 -1
0 13.125768 70.843880 0.022510 1.000000 0.437500 -1
0 13.382916 -81.037720 0.022510 1.000000 0.500000 -1
0 12.364201 81.223976 0.022510 0.000000 0.375000 -1
0 11.423035 81.223976 4.754086 0.062500 0.375000 -1
0 8.742814 81.223976 8.765324 0.125000 0.375000 -1
0 4.731575 81.223976 11.445545 0.187500 0.375000 -1
0 -0.000001 81.223976 12.386713 0.250000 0.375000 -1
0 -4.731577 81.223976 11.445545 0.312500 0.375000 -1
0 -8.742814 81.223976 8.765324 0.375000 0.375000 -1
0 -11.423037 81.223976 4.754086 0.437500 0.375000 -1
0 -12.364206 81.223976 0.022510 0.500000 0.375000 -1
0 -11.423037 81.223976 -4.709066 0.562500 0.375000 -1
0 -8.742814 81.223976 -8.720304 0.625000 0.375000 -1
0 -4.731577 81.223976 -11.400524 0.687500 0.375000 -1
0 -0.000001 81.223976 -12.341697 0.750000 0.375000 -1
0 4.731575 81.223976 -11.400524 0.812500 0.375000 -1
0 8.742814 81.223976 -8.720304 0.875000 0.375000 -1
0 11.423035 81.223976 -4.709066 0.937500 0.375000 -1
0 12.364201 81.223976 0.022510 1.000000 0.375000 -1
0 11.127490 88.454361 0.022510 0.000000 0.312500 -1
0 10.280462 88.454361 4.280816 0.062500 0.312500 -1
0 7.868321 88.454361 7.890833 0.125000 0.312500 -1
0 4.258305 88.454361 10.302972 0.187500 0.312500 -1
0 -0.000001 88.454361 11.150001 0.250000 0.312500 -1
0 -4.258306 88.454361 10.302972 0.312500 0.312500 -1
0 -7.868324 88.454361 7.890833 0.375000 0.312500 -1
0 -10.280461 88.454361 4.280816 0.437500 0.312500 -1
0 -11.127491 88.454361 0.022510 0.500000 0.312500 -1
0 -10.280461 88.454361 -4.235797 0.562500 0.312500 -1
0 -7.868324 88.454361 -7.845814 0.625000 0.312500 -1
0 -4.258306 88.454361 -10.257953 0.687500 0.312500 -1
0 -0.000001 88.454361 -11.104981 0.750000 0.312500 -1
0 4.258305 88.454361 -10.257953 0.812500 0.312500 -1
0 7.868321 88.454361 -7.845814 0.875000 0.312500 -1
0 10.280462 88.454361 -4.235797 0.937500 0.312500 -1
0 11.127490 88.454361 0.022510 1.000000 0.312500 -1
0 9.463152 94.791878 0.022510 0.000000 0.250000 -1
0 8.742811 94.791878 3.643901 0.062500 0.250000 -1
0 6.691459 94.791878 6.713970 0.125000 0.250000 -1
0 3.621391 94.791878 8.765324 0.187500 0.250000 -1
0 -0.000001 94.791878 9.485662 0.250000 0.250000 -1
0 -3.621392 94.791878 8.765324 0.312500 0.250000 -1
0 -6.691460 94.791878 6.713970 0.375000 0.250000 -1
0 -8.742812 94.791878 3.643901 0.437500 0.250000 -1
0 -9.463152 94.791878 0.022510 0.500000 0.250000 -1
0 -8.742812 94.791878 -3.598881 0.562500 0.250000 -1
0 -6.691460 94.791878 -6.668950 0.625000 0.250000 -1
0 -3.621392 94.791878 -8.720302 0.687500 0.250000 -1
0 -0.000001 94.791878 -9.440640 0.750000 0.250000 -1
0 3.621391 94.791878 -8.720302 0.812500 0.250000 -1
0 6.691459 94.791878 -6.668950 0.875000 0.250000 -1
0 8.742811 94.791878 -3.598881 0.937500 0.250000 -1
0 9.463152 94.791878 0.022510 1.000000 0.250000 -1
0 7.435149 99.992935 0.022510 0.000000 0.187500 -1
0 6.869183 99.992935 2.867819 0.062500 0.187500 -1
0 5.257444 99.992935 5.279956 0.125000 0.187500 -1
0 2.845308 99.992935 6.891692 0.187500 0.187500 -1
0 -0.000001 99.992935 7.457661 0.250000 0.187500 -1
0 -2.845309 99.992935 6.891692 0.312500 0.187500 -1
0 -5.257446 99.992935 5.279956 0.375000 0.187500 -1
0 -6.869184 99.992935 2.867819 0.437500 0.187500 -1
0 -7.435153 99.992935 0.022510 0.500000 0.187500 -1
0 -6.869184 99.992935 -2.822799 0.562500 0.187500 -1
0 -5.257446 99.992935 -5.234935 0.625000 0.187500 -1
0 -2.845309 99.992935 -6.846673 0.687500 0.187500 -1
0 -0.000001 99.992935 -7.412640 0.750000 0.187500 -1
0 2.845308 99.992935 -6.846673 0.812500 0.187500 -1
0 5.257444 99.992935 -5.234935 0.875000 0.187500 -1
0 6.869183 99.992935 -2.822799 0.937500 0.187500 -1
0 7.435149 99.992935 0.022510 1.000000 0.187500 -1
0 5.121420 103.857666 0.022510 0.000000 0.125000 -1
0 4.731575 103.857666 1.982393 0.062500 0.125000 -1
0 3.621391 103.857666 3.643901 0.125000 0.125000 -1
0 1.959883 103.857666 4.754086 0.187500 0.125000 -1
0 -0.000001 103.857666 5.143932 0.250000 0.125000 -1
0 -1.959884 103.857666 4.754086 0.312500 0.125000 -1
0 -3.621393 103.857666 3.643901 0.375000 0.125000 -1
0 -4.731577 103.857666 1.982393 0.437500 0.125000 -1
0 -5.121423 103.857666 0.022510 0.500000 0.125000 -1
0 -4.731577 103.857666 -1.937373 0.562500 0.125000 -1
0 -3.621393 103.857666 -3.598882 0.625000 0.125000 -1
0 -1.959884 103.857666 -4.709067 0.687500 0.125000 -1
0 -0.000001 103.857666 -5.098912 0.750000 0.125000 -1
0 1.959883 103.857666 -4.709067 0.812500 0.125000 -1
0 3.621391 103.857666 -3.598882 0.875000 0.125000 -1
0 4.731575 103.857666 -1.937373 0.937500 0.125000 -1
0 5.121420 103.857666 0.022510 1.000000 0.125000 -1
152
0.293667 0.954121 0.058414
0.465261 0.863940 0.192717
0.565774 0.816844 0.112540
0.248959 0.954121 0.166349
0.402621 0.822067 0.402621
0.166349 0.954121 0.248959
0.192717 0.863940 0.465261
0.058414 0.954121 0.293667
-0.000000 0.822067 0.569391
-0.058414 0.954121 0.293667
-0.192717 0.863940 0.465261
-0.166349 0.954121 0.248959
-0.402620 0.822067 0.402621
-0.248959 0.954121 0.166349
-0.465261 0.863940 0.192717
-0.293667 0.954121 0.058414
-0.569392 0.822066 0.000000
-0.293667 0.954121 -0.058414
-0.465261 0.863940 -0.192717
-0.248959 0.954121 -0.166349
-0.402620 0.822067 -0.402621
-0.166349 0.954121 -0.248959
-0.192717 0.863940 -0.465261
-0.058414 0.954121 -0.293667
-0.000000 0.822067 -0.569391
0.058414 0.954121 -0.293667
0.192717 0.863940 -0.465261
0.166349 0.954121 -0.248959
0.402620 0.822067 -0.402621
0.248959 0.954121 -0.166349
0.465261 0.863940 -0.192717
0.293667 0.954121 -0.058414
0.565774 0.816844 -0.112540
0.980784 0.001661 0.195090
0.980123 0.036739 0.194959
0.923878 0.001693 0.382683
0.923231 0.037458 0.382415
0.706611 0.037458 0.706610
0.707106 0.001693 0.707106
0.382683 0.001693 0.923878
0.382415 0.037458 0.923231
0.000000 0.037458 0.999298
0.000000 0.001693 0.999999
-0.382683 0.001693 0.923878
-0.382415 0.037458 0.923231
-0.706611 0.037458 0.706611
-0.707106 0.001693 0.707106
-0.923878 0.001693 0.382683
-0.923231 0.037458 0.382415
-0.999298 0.037458 0.000000
-0.999999 0.001693 -0.000000
-0.923878 0.001693 -0.382683
-0.923231 0.037458 -0.382415
-0.706611 0.037458 -0.706611
-0.707106 0.001693 -0.707106
-0.382683 0.001693 -0.923878
-0.382415 0.037458 -0.923231
0.000000 0.037458 -0.999298
0.000000 0.001693 -0.999999
0.382683 0.001693 -0.923878
0.382415 0.037458 -0.923231
0.706611 0.037458 -0.706610
0.707106 0.001693 -0.707106
0.923878 0.001693 -0.382683
0.923231 0.037458 -0.382415
0.980123 0.036739 -0.194959
0.980784 0.001661 -0.195090
0.973847 0.118741 0.193709
0.917088 0.121034 0.379870
0.701908 0.121034 0.701908
0.379870 0.121034 0.917088
0.000000 0.121034 0.992648
-0.379870 0.121034 0.917088
-0.701908 0.121034 0.701908
-0.917087 0.121034 0.379870
-0.992648 0.121034 0.000000
-0.917087 0.121034 -0.379870
-0.701908 0.121034 -0.701909
-0.379870 0.121034 -0.917088
0.000000 0.121034 -0.992648
0.379870 0.121034 -0.917087
0.701908 0.121034 -0.701908
0.917088 0.121034 -0.379870
0.973847 0.118741 -0.193709
0.959412 0.207629 0.190839
0.902976 0.211516 0.374025
0.691108 0.211516 0.691108
0.374025 0.211516 0.902976
-0.000000 0.211516 0.977374
-0.374025 0.211516 0.902976
-0.691108 0.211516 0.691108
-0.902976 0.211516 0.374025
-0.977374 0.211517 0.000000
-0.902976 0.211516 -0.374025
-0.691108 0.211516 -0.691108
-0.374025 0.211516 -0.902976
-0.000000 0.211516 -0.977374
0.374025 0.211516 -0.902976
0.691108 0.211516 -0.691108
0.902976 0.211516 -0.374025
0.959412 0.207629 -0.190839
0.934429 0.303801 0.185870
0.878610 0.309189 0.363932
0.672459 0.309188 0.672459
0.363932 0.309189 0.878610
-0.000000 0.309188 0.951001
-0.363932 0.309189 0.878610
-0.672459 0.309188 0.672459
-0.878610 0.309188 0.363932
-0.951001 0.309188 0.000000
-0.878610 0.309188 -0.363932
-0.672459 0.309189 -0.672459
-0.363932 0.309189 -0.878610
-0.000000 0.309189 -0.951001
0.363932 0.309189 -0.878610
0.672459 0.309188 -0.672459
0.878610 0.309189 -0.363932
0.934429 0.303801 -0.185870
0.883954 0.433255 0.175829
0.829591 0.440112 0.343628
0.634941 0.440112 0.634942
0.343628 0.440112 0.829591
-0.000000 0.440112 0.897943
-0.343628 0.440112 0.829591
-0.634941 0.440112 0.634942
-0.829591 0.440112 0.343628
-0.897943 0.440112 0.000000
-0.829591 0.440112 -0.343628
-0.634941 0.440112 -0.634942
-0.343628 0.440112 -0.829591
-0.000000 0.440112 -0.897943
0.343628 0.440112 -0.829591
0.634941 0.440112 -0.634942
0.829591 0.440112 -0.343628
0.883954 0.433255 -0.175829
0.770783 0.618375 0.153318
0.720631 0.625773 0.298495
0.551547 0.625773 0.551547
0.298495 0.625773 0.720631
-0.000000 0.625773 0.780005
-0.298495 0.625773 0.720631
-0.551547 0.625773 0.551547
-0.720631 0.625773 0.298495
-0.780005 0.625773 0.000000
-0.720631 0.625773 -0.298495
-0.551547 0.625773 -0.551547
-0.298495 0.625773 -0.720631
-0.000000 0.625773 -0.780005
0.298495 0.625773 -0.720631
0.551547 0.625773 -0.551547
0.720631 0.625773 -0.298495
0.770783 0.618375 -0.153318
240
0 0 1 2 0 1 2 1
0 3 4 1 3 4 1 1
0 5 6 4 5 6 4 1
0 7 8 6 7 8 6 1
0 9 10 8 9 10 8 1
0 11 12 10 11 12 10 1
0 13 14 12 13 14 12 1
0 15 16 14 15 16 14 1
0 17 18 16 17 18 16 1
0 19 20 18 19 20 18 1
0 21 22 20 21 22 20 1
0 23 24 22 23 24 22 1
0 25 26 24 25 26 24 1
0 27 28 26 27 28 26 1
0 29 30 28 29 30 28 1
0 31 32 30 31 32 30 1
0 33 34 35 33 34 35 1
0 34 36 35 34 36 35 1
0 35 36 37 35 36 37 1
0 35 37 38 35 37 38 1
0 38 37 39 38 37 39 1
0 37 40 39 37 40 39 1
0 39 40 41 39 40 41 1
0 39 41 42 39 41 42 1
0 42 41 43 42 41 43 1
0 41 44 43 41 44 43 1
0 43 44 45 43 44 45 1
0 43 45 46 43 45 46 1
0 46 45 47 46 45 47 1
0 45 48 47 45 48 47 1
0 47 48 49 47 48 49 1
0 47 49 50 47 49 50 1
0 50 49 51 50 49 51 1
0 49 52 51 49 52 51 1
0 51 52 53 51 52 53 1
0 51 53 54 51 53 54 1
0 54 53 55 54 53 55 1
0 53 56 55 53 56 55 1
0 55 56 57 55 56 57 1
0 55 57 58 55 57 58 1
0 58 57 59 58 57 59 1
0 57 60 59 57 60 59 1
0 59 60 61 59 60 61 1
0 59 61 62 59 61 62 1
0 62 61 63 62 61 63 1
0 61 64 63 61 64 63 1
0 63 64 65 63 64 65 1
0 63 65 66 63 65 66 1
0 34 67 68 34 67 68 1
0 34 68 36 34 68 36 1
0 36 68 37 36 68 37 1
0 68 69 37 68 69 37 1
0 37 69 70 37 69 70 1
0 37 70 40 37 70 40 1
0 40 70 41 40 70 41 1
0 70 71 41 70 71 41 1
0 41 71 72 41 71 72 1
0 41 72 44 41 72 44 1
0 44 72 45 44 72 45 1
0 72 73 45 72 73 45 1
0 45 73 74 45 73 74 1
0 45 74 48 45 74 48 1
0 48 74 49 48 74 49 1
0 74 75 49 74 75 49 1
0 49 75 76 49 75 76 1
0 49 76 52 49 76 52 1
0 52 76 53 52 76 53 1
0 76 77 53 76 77 53 1
0 53 77 78 53 77 78 1
0 53 78 56 53 78 56 1
0 56 78 57 56 78 57 1
0 78 79 57 78 79 57 1
0 57 79 80 57 79 80 1
0 57 80 60 57 80 60 1
0 60 80 61 60 80 61 1
0 80 81 61 80 81 61 1
0 61 81 82 61 81 82 1
0 61 82 64 61 82 64 1
0 64 82 65 64 82 65 1
0 82 83 65 82 83 65 1
0 67 84 68 67 84 68 1
0 84 85 68 84 85 68 1
0 68 85 86 68 85 86 1
0 68 86 69 68 86 69 1
0 69 86 70 69 86 70 1
0 86 87 70 86 87 70 1
0 70 87 88 70 87 88 1
0 70 88 71 70 88 71 1
0 71 88 72 71 88 72 1
0 88 89 72 88 89 72 1
0 72 89 90 72 89 90 1
0 72 90 73 72 90 73 1
0 73 90 74 73 90 74 1
0 90 91 74 90 91 74 1
0 74 91 92 74 91 92 1
0 74 92 75 74 92 75 1
0 75 92 76 75 92 76 1
0 92 93 76 92 93 76 1
0 76 93 94 76 93 94 1
0 76 94 77 76 94 77 1
0 77 94 78 77 94 78 1
0 94 95 78 94 95 78 1
0 78 95 96 78 95 96 1
0 78 96 79 78 96 79 1
0 79 96 80 79 96 80 1
0 96 97 80 96 97 80 1
0 80 97 98 80 97 98 1
0 80 98 81 80 98 81 1
0 81 98 82 81 98 82 1
0 98 99 82 98 99 82 1
0 82 99 100 82 99 100 1
0 82 100 83 82 100 83 1
0 84 101 102 84 101 102 1
0 84 102 85 84 102 85 1
0 85 102 86 85 102 86 1
0 102 103 86 102 103 86 1
0 86 103 104 86 103 104 1
0 86 104 87 86 104 87 1
0 87 104 88 87 104 88 1
0 104 105 88 104 105 88 1
0 88 105 106 88 105 106 1
0 88 106 89 88 106 89 1
0 89 106 90 89 106 90 1
0 106 107 90 106 107 90 1
0 90 107 108 90 107 108 1
0 90 108 91 90 108 91 1
0 91 108 92 91 108 92 1
0 108 109 92 108 109 92 1
0 92 109 110 92 109 110 1
0 92 110 93 92 110 93 1
0 93 110 94 93 110 94 1
0 110 111 94 110 111 94 1
0 94 111 112 94 111 112 1
0 94 112 95 94 112 95 1
0 95 112 96 95 112 96 1
0 112 113 96 112 113 96 1
0 96 113 114 96 113 114 1
0 96 114 97 96 114 97 1
0 97 114 98 97 114 98 1
0 114 115 98 114 115 98 1
0 98 115 116 98 115 116 1
0 98 116 99 98 116 99 1
0 99 116 100 99 116 100 1
0 116 117 100 116 117 100 1
0 101 118 102 101 118 102 1
0 118 119 102 118 119 102 1
0 102 119 120 102 119 120 1
0 102 120 103 102 120 103 1
0 103 120 104 103 120 104 1
0 120 121 104 120 121 104 1
0 104 121 122 104 121 122 1
0 104 122 105 104 122 105 1
0 105 122 106 105 122 106 1
0 122 123 106 122 123 106 1
0 106 123 124 106 123 124 1
0 106 124 107 106 124 107 1
0 107 124 108 107 124 108 1
0 124 125 108 124 125 108 1
0 108 125 126 108 125 126 1
0 108 126 109 108 126 109 1
0 109 126 110 109 126 110 1
0 126 127 110 126 127 110 1
0 110 127 128 110 127 128 1
0 110 128 111 110 128 111 1
0 111 128 112 111 128 112 1
0 128 129 112 128 129 112 1
0 112 129 130 112 129 130 1
0 112 130 113 112 130 113 1
0 113 130 114 113 130 114 1
0 130 131 114 130 131 114 1
0 114 131 132 114 131 132 1
0 114 132 115 114 132 115 1
0 115 132 116 115 132 116 1
0 132 133 116 132 133 116 1
0 116 133 134 116 133 134 1
0 116 134 117 116 134 117 1
0 118 135 136 118 135 136 1
0 118 136 119 118 136 119 1
0 119 136 120 119 136 120 1
0 136 137 120 136 137 120 1
0 120 137 138 120 137 138 1
0 120 138 121 120 138 121 1
0 121 138 122 121 138 122 1
0 138 139 122 138 139 122 1
0 122 139 140 122 139 140 1
0 122 140 123 122 140 123 1
0 123 140 124 123 140 124 1
0 140 141 124 140 141 124 1
0 124 141 142 124 141 142 1
0 124 142 125 124 142 125 1
0 125 142 126 125 142 126 1
0 142 143 126 142 143 126 1
0 126 143 144 126 143 144 1
0 126 144 127 126 144 127 1
0 127 144 128 127 144 128 1
0 144 145 128 144 145 128 1
0 128 145 146 128 145 146 1
0 128 146 129 128 146 129 1
0 129 146 130 129 146 130 1
0 146 147 130 146 147 130 1
0 130 147 148 130 147 148 1
0 130 148 131 130 148 131 1
0 131 148 132 131 148 132 1
0 148 149 132 148 149 132 1
0 132 149 150 132 149 150 1
0 132 150 133 132 150 133 1
0 133 150 134 133 150 134 1
0 150 151 134 150 151 134 1
0 135 2 136 135 2 136 1
0 2 1 136 2 1 136 1
0 136 1 4 136 1 4 1
0 136 4 137 136 4 137 1
0 137 4 138 137 4 138 1
0 4 6 138 4 6 138 1
0 138 6 8 138 6 8 1
0 138 8 139 138 8 139 1
0 139 8 140 139 8 140 1
0 8 10 140 8 10 140 1
0 140 10 12 140 10 12 1
0 140 12 141 140 12 141 1
0 141 12 142 141 12 142 1
0 12 14 142 12 14 142 1
0 142 14 16 142 14 16 1
0 142 16 143 142 16 143 1
0 143 16 144 143 16 144 1
0 16 18 144 16 18 144 1
0 144 18 20 144 18 20 1
0 144 20 145 144 20 145 1
0 145 20 146 145 20 146 1
0 20 22 146 20 22 146 1
0 146 22 24 146 22 24 1
0 146 24 147 146 24 147 1
0 147 24 148 147 24 148 1
0 24 26 148 24 26 148 1
0 148 26 28 148 26 28 1
0 148 28 149 148 28 149 1
0 149 28 150 149 28 150 1
0 28 30 150 28 30 150 1
0 150 30 32 150 30 32 1
0 150 32 151 150 32 151 1
"Cylinder01" 0 0
50
0 13.382916 -81.037720 0.228401 0.000000 0.000000 -1
0 -0.000001 -81.037720 0.228401 0.000000 0.000000 -1
0 12.364201 -81.037720 5.349822 0.000000 0.000000 -1
0 10.840163 -102.041168 0.228401 0.000000 1.000000 -1
0 10.015002 -102.041168 4.376752 0.062500 1.000000 -1
0 12.364201 -81.037720 5.349822 0.062500 0.000000 -1
0 9.463152 -81.037720 9.691554 0.000000 0.000000 -1
0 9.463152 -81.037720 9.691554 0.125000 0.000000 -1
0 7.665152 -102.041168 7.893554 0.125000 1.000000 -1
0 5.121420 -81.037720 12.592605 0.000000 0.000000 -1
0 4.148351 -102.041168 10.243402 0.187500 1.000000 -1
0 5.121420 -81.037720 12.592605 0.187500 0.000000 -1
0 -0.000001 -81.037720 13.611319 0.000000 0.000000 -1
0 -0.000001 -81.037720 13.611319 0.250000 0.000000 -1
0 -0.000001 -102.041168 11.068564 0.250000 1.000000 -1
0 -5.121423 -81.037720 12.592605 0.000000 0.000000 -1
0 -4.148352 -102.041168 10.243402 0.312500 1.000000 -1
0 -5.121423 -81.037720 12.592605 0.312500 0.000000 -1
0 -9.463152 -81.037720 9.691554 0.000000 0.000000 -1
0 -9.463152 -81.037720 9.691554 0.375000 0.000000 -1
0 -7.665154 -102.041168 7.893554 0.375000 1.000000 -1
0 -12.364204 -81.037720 5.349822 0.000000 0.000000 -1
0 -10.015005 -102.041168 4.376752 0.437500 1.000000 -1
0 -12.364204 -81.037720 5.349822 0.437500 0.000000 -1
0 -13.382920 -81.037720 0.228401 0.000000 0.000000 -1
0 -13.382920 -81.037720 0.228401 0.500000 0.000000 -1
0 -10.840163 -102.041168 0.228401 0.500000 1.000000 -1
0 -12.364204 -81.037720 -4.893020 0.000000 0.000000 -1
0 -10.015005 -102.041168 -3.919951 0.562500 1.000000 -1
0 -12.364204 -81.037720 -4.893020 0.562500 0.000000 -1
0 -9.463152 -81.037720 -9.234750 0.000000 0.000000 -1
0 -9.463152 -81.037720 -9.234750 0.625000 0.000000 -1
0 -7.665154 -102.041168 -7.436752 0.625000 1.000000 -1
0 -5.121423 -81.037720 -12.135805 0.000000 0.000000 -1
0 -4.148352 -102.041168 -9.786606 0.687500 1.000000 -1
0 -5.121423 -81.037720 -12.135805 0.687500 0.000000 -1
0 -0.000001 -81.037720 -13.154516 0.000000 0.000000 -1
0 -0.000001 -81.037720 -13.154516 0.750000 0.000000 -1
0 -0.000001 -102.041168 -10.611762 0.750000 1.000000 -1
0 5.121420 -81.037720 -12.135805 0.000000 0.000000 -1
0 4.148351 -102.041168 -9.786606 0.812500 1.000000 -1
0 5.121420 -81.037720 -12.135805 0.812500 0.000000 -1
0 9.463152 -81.037720 -9.234750 0.000000 0.000000 -1
0 9.463152 -81.037720 -9.234750 0.875000 0.000000 -1
0 7.665152 -102.041168 -7.436752 0.875000 1.000000 -1
0 12.364201 -81.037720 -4.893020 0.000000 0.000000 -1
0 10.015002 -102.041168 -3.919951 0.937500 1.000000 -1
0 12.364201 -81.037720 -4.893020 0.937500 0.000000 -1
0 13.382916 -81.037720 0.228401 1.000000 0.000000 -1
0 10.840163 -102.041168 0.228401 1.000000 1.000000 -1
35
0.000000 1.000000 0.000000
0.973944 -0.117909 0.193730
0.973944 -0.117909 0.193730
0.917183 -0.120186 0.379909
0.917183 -0.120186 0.379909
0.701981 -0.120186 0.701981
0.701981 -0.120186 0.701981
0.379909 -0.120186 0.917183
0.379909 -0.120186 0.917183
0.000000 -0.120186 0.992751
-0.000000 -0.120186 0.992751
-0.379910 -0.120186 0.917183
-0.379909 -0.120186 0.917183
-0.701981 -0.120186 0.701981
-0.701981 -0.120186 0.701981
-0.917183 -0.120186 0.379910
-0.917183 -0.120186 0.379910
-0.992751 -0.120186 0.000000
-0.992751 -0.120186 0.000000
-0.917183 -0.120186 -0.379910
-0.917183 -0.120186 -0.379910
-0.701981 -0.120186 -0.701981
-0.701981 -0.120186 -0.701981
-0.379910 -0.120186 -0.917183
-0.379910 -0.120186 -0.917183
-0.000000 -0.120186 -0.992751
-0.000000 -0.120186 -0.992751
0.379909 -0.120186 -0.917183
0.379909 -0.120186 -0.917183
0.701981 -0.120186 -0.701981
0.701981 -0.120186 -0.701981
0.917183 -0.120186 -0.379910
0.917183 -0.120186 -0.379909
0.973944 -0.117909 -0.193730
0.973944 -0.117909 -0.193730
48
0 0 1 2 0 0 0 2
0 3 0 4 1 2 3 1
0 0 5 4 2 4 3 1
0 2 1 6 0 0 0 2
0 4 5 7 3 4 5 1
0 4 7 8 3 5 6 1
0 6 1 9 0 0 0 2
0 8 7 10 6 5 7 1
0 7 11 10 5 8 7 1
0 9 1 12 0 0 0 2
0 10 11 13 7 8 9 1
0 10 13 14 7 9 10 1
0 12 1 15 0 0 0 2
0 14 13 16 10 9 11 1
0 13 17 16 9 12 11 1
0 15 1 18 0 0 0 2
0 16 17 19 11 12 13 1
0 16 19 20 11 13 14 1
0 18 1 21 0 0 0 2
0 20 19 22 14 13 15 1
0 19 23 22 13 16 15 1
0 21 1 24 0 0 0 2
0 22 23 25 15 16 17 1
0 22 25 26 15 17 18 1
0 24 1 27 0 0 0 2
0 26 25 28 18 17 19 1
0 25 29 28 17 20 19 1
0 27 1 30 0 0 0 2
0 28 29 31 19 20 21 1
0 28 31 32 19 21 22 1
0 30 1 33 0 0 0 2
0 32 31 34 22 21 23 1
0 31 35 34 21 24 23 1
0 33 1 36 0 0 0 2
0 34 35 37 23 24 25 1
0 34 37 38 23 25 26 1
0 36 1 39 0 0 0 2
0 38 37 40 26 25 27 1
0 37 41 40 25 28 27 1
0 39 1 42 0 0 0 2
0 40 41 43 27 28 29 1
0 40 43 44 27 29 30 1
0 42 1 45 0 0 0 2
0 44 43 46 30 29 31 1
0 43 47 46 29 32 31 1
0 45 1 0 0 0 0 2
0 46 47 48 31 32 33 1
0 46 48 49 31 33 34 1
"Box01" 0 0
20
0 -0.956142 64.563690 -7.217642 0.000000 0.000000 -1
0 -0.956142 -75.410858 -7.217642 0.000000 1.000000 -1
0 0.956141 64.563690 -7.217642 1.000000 0.000000 -1
0 0.956141 -75.410858 -7.217642 1.000000 1.000000 -1
0 0.956141 64.563690 -7.217642 0.000000 0.000000 -1
0 0.956141 -75.410858 -7.217642 0.000000 1.000000 -1
0 0.956141 64.563690 -10.041938 1.000000 0.000000 -1
0 0.956141 -75.410858 -37.029640 1.000000 1.000000 -1
0 0.956141 64.563690 -10.041938 0.000000 0.000000 -1
0 0.956141 -75.410858 -37.029640 0.000000 1.000000 -1
0 -0.956142 64.563690 -10.041938 1.000000 0.000000 -1
0 -0.956142 -75.410858 -37.029640 1.000000 1.000000 -1
0 -0.956142 64.563690 -10.041938 0.000000 0.000000 -1
0 -0.956142 -75.410858 -37.029640 0.000000 1.000000 -1
0 -0.956142 64.563690 -7.217642 1.000000 0.000000 -1
0 -0.956142 -75.410858 -7.217642 1.000000 1.000000 -1
0 -0.956142 64.563690 -7.217642 0.000000 1.000000 -1
0 0.956141 64.563690 -7.217642 1.000000 1.000000 -1
0 -0.956142 -75.410858 -7.217642 0.000000 0.000000 -1
0 0.956141 -75.410858 -7.217642 1.000000 0.000000 -1
6
0.000000 0.000000 1.000000
1.000000 0.000000 0.000000
0.000000 0.189318 -0.981916
-1.000000 0.000000 0.000000
0.000000 1.000000 0.000000
0.000000 -1.000000 0.000000
12
0 0 1 2 0 0 0 1
0 1 3 2 0 0 0 1
0 4 5 6 1 1 1 2
0 5 7 6 1 1 1 2
0 8 9 10 2 2 2 1
0 9 11 10 2 2 2 1
0 12 13 14 3 3 3 2
0 13 15 14 3 3 3 2
0 12 16 6 4 4 4 3
0 16 17 6 4 4 4 3
0 18 13 19 5 5 5 3
0 13 7 19 5 5 5 3
"Duplicate01" 0 0
20
0 0.956141 64.563690 7.217640 0.000000 0.000000 -1
0 0.956141 -75.410858 7.217640 0.000000 1.000000 -1
0 -0.956142 64.563690 7.217640 1.000000 0.000000 -1
0 -0.956142 -75.410858 7.217640 1.000000 1.000000 -1
0 -0.956142 64.563690 7.217640 0.000000 0.000000 -1
0 -0.956142 -75.410858 7.217640 0.000000 1.000000 -1
0 -0.956142 64.563690 10.041933 1.000000 0.000000 -1
0 -0.956142 -75.410858 37.029636 1.000000 1.000000 -1
0 -0.956142 64.563690 10.041933 0.000000 0.000000 -1
0 -0.956142 -75.410858 37.029636 0.000000 1.000000 -1
0 0.956141 64.563690 10.041933 1.000000 0.000000 -1
0 0.956141 -75.410858 37.029636 1.000000 1.000000 -1
0 0.956141 64.563690 10.041933 0.000000 0.000000 -1
0 0.956141 -75.410858 37.029636 0.000000 1.000000 -1
0 0.956141 64.563690 7.217640 1.000000 0.000000 -1
0 0.956141 -75.410858 7.217640 1.000000 1.000000 -1
0 0.956141 64.563690 7.217640 0.000000 1.000000 -1
0 -0.956142 64.563690 7.217640 1.000000 1.000000 -1
0 0.956141 -75.410858 7.217640 0.000000 0.000000 -1
0 -0.956142 -75.410858 7.217640 1.000000 0.000000 -1
6
0.000000 0.000000 -1.000000
-1.000000 0.000000 0.000000
0.000000 0.189318 0.981916
1.000000 0.000000 0.000000
0.000000 1.000000 0.000000
0.000000 -1.000000 0.000000
12
0 0 1 2 0 0 0 1
0 1 3 2 0 0 0 1
0 4 5 6 1 1 1 2
0 5 7 6 1 1 1 2
0 8 9 10 2 2 2 1
0 9 11 10 2 2 2 1
0 12 13 14 3 3 3 2
0 13 15 14 3 3 3 2
0 12 16 6 4 4 4 3
0 16 17 6 4 4 4 3
0 18 13 19 5 5 5 3
0 13 7 19 5 5 5 3
"Duplicate02" 0 0
40
0 -7.217643 64.563690 0.956141 0.000000 0.000000 -1
0 -7.217643 -75.410858 0.956141 0.000000 1.000000 -1
0 -7.217643 64.563690 -0.956142 1.000000 0.000000 -1
0 -7.217643 -75.410858 -0.956142 1.000000 1.000000 -1
0 -7.217643 64.563690 -0.956142 0.000000 0.000000 -1
0 -7.217643 -75.410858 -0.956142 0.000000 1.000000 -1
0 -10.041937 64.563690 -0.956142 1.000000 0.000000 -1
0 -37.029644 -75.410858 -0.956141 1.000000 1.000000 -1
0 -10.041937 64.563690 -0.956142 0.000000 0.000000 -1
0 -37.029644 -75.410858 -0.956141 0.000000 1.000000 -1
0 -10.041937 64.563690 0.956141 1.000000 0.000000 -1
0 -37.029644 -75.410858 0.956142 1.000000 1.000000 -1
0 -10.041937 64.563690 0.956141 0.000000 0.000000 -1
0 -37.029644 -75.410858 0.956142 0.000000 1.000000 -1
0 -7.217643 64.563690 0.956141 1.000000 0.000000 -1
0 -7.217643 -75.410858 0.956141 1.000000 1.000000 -1
0 -7.217643 64.563690 0.956141 0.000000 1.000000 -1
0 -7.217643 64.563690 -0.956142 1.000000 1.000000 -1
0 -7.217643 -75.410858 0.956141 0.000000 0.000000 -1
0 -7.217643 -75.410858 -0.956142 1.000000 0.000000 -1
0 7.217640 64.563690 -0.956143 0.000000 0.000000 -1
0 7.217640 -75.410858 -0.956143 0.000000 1.000000 -1
0 7.217640 64.563690 0.956140 1.000000 0.000000 -1
0 7.217640 -75.410858 0.956140 1.000000 1.000000 -1
0 7.217640 64.563690 0.956140 0.000000 0.000000 -1
0 7.217640 -75.410858 0.956140 0.000000 1.000000 -1
0 10.041936 64.563690 0.956140 1.000000 0.000000 -1
0 37.029640 -75.410858 0.956139 1.000000 1.000000 -1
0 10.041936 64.563690 0.956140 0.000000 0.000000 -1
0 37.029640 -75.410858 0.956139 0.000000 1.000000 -1
0 10.041936 64.563690 -0.956143 1.000000 0.000000 -1
0 37.029640 -75.410858 -0.956144 1.000000 1.000000 -1
0 10.041936 64.563690 -0.956143 0.000000 0.000000 -1
0 37.029640 -75.410858 -0.956144 0.000000 1.000000 -1
0 7.217640 64.563690 -0.956143 1.000000 0.000000 -1
0 7.217640 -75.410858 -0.956143 1.000000 1.000000 -1
0 7.217640 64.563690 -0.956143 0.000000 1.000000 -1
0 7.217640 64.563690 0.956140 1.000000 1.000000 -1
0 7.217640 -75.410858 -0.956143 0.000000 0.000000 -1
0 7.217640 -75.410858 0.956140 1.000000 0.000000 -1
19
1.000000 0.000000 0.000000
0.000000 0.000000 -1.000000
-0.000000 -0.000000 -1.000000
-0.000000 -0.000000 -1.000000
-0.981916 0.189318 0.000000
-0.981916 0.189318 0.000000
0.000000 0.000000 1.000000
0.000000 0.000000 1.000000
0.000000 0.000000 1.000000
0.000000 1.000000 0.000000
0.000000 -1.000000 0.000000
-1.000000 0.000000 0.000000
0.000000 0.000000 1.000000
0.000000 -0.000000 1.000000
0.000000 -0.000000 1.000000
0.981916 0.189318 0.000000
0.000000 0.000000 -1.000000
-0.000000 0.000000 -1.000000
-0.000000 0.000000 -1.000000
24
0 0 1 2 0 0 0 1
0 1 3 2 0 0 0 1
0 4 5 6 1 2 2 2
0 5 7 6 2 3 2 2
0 8 9 10 4 5 5 1
0 9 11 10 5 5 5 1
0 12 13 14 6 7 7 2
0 13 15 14 7 8 7 2
0 12 16 6 9 9 9 3
0 16 17 6 9 9 9 3
0 18 13 19 10 10 10 3
0 13 7 19 10 10 10 3
0 20 21 22 11 11 11 1
0 21 23 22 11 11 11 1
0 24 25 26 12 13 13 2
0 25 27 26 13 14 13 2
0 28 29 30 15 15 15 1
0 29 31 30 15 15 15 1
0 32 33 34 16 17 17 2
0 33 35 34 17 18 17 2
0 32 36 26 9 9 9 3
0 36 37 26 9 9 9 3
0 38 33 39 10 10 10 3
0 33 27 39 10 10 10 3
"Box02" 0 0
20
0 -1.117951 -84.349091 -6.276211 0.000000 0.000000 -1
0 -1.117951 -98.470551 -6.276211 0.000000 1.000000 -1
0 1.117949 -84.349091 -6.276211 1.000000 0.000000 -1
0 1.117949 -98.470551 -6.276211 1.000000 1.000000 -1
0 1.117949 -84.349091 -6.276211 0.000000 0.000000 -1
0 1.117949 -98.470551 -6.276211 0.000000 1.000000 -1
0 1.006154 -84.349091 -37.845543 1.000000 0.000000 -1
0 1.006154 -98.470551 -37.845543 1.000000 1.000000 -1
0 1.006154 -84.349091 -37.845543 0.000000 0.000000 -1
0 1.006154 -98.470551 -37.845543 0.000000 1.000000 -1
0 -1.006155 -84.349091 -37.845543 1.000000 0.000000 -1
0 -1.006155 -98.470551 -37.845543 1.000000 1.000000 -1
0 -1.006155 -84.349091 -37.845543 0.000000 0.000000 -1
0 -1.006155 -98.470551 -37.845543 0.000000 1.000000 -1
0 -1.117951 -84.349091 -6.276211 1.000000 0.000000 -1
0 -1.117951 -98.470551 -6.276211 1.000000 1.000000 -1
0 -1.117951 -84.349091 -6.276211 0.000000 1.000000 -1
0 1.117949 -84.349091 -6.276211 1.000000 1.000000 -1
0 -1.117951 -98.470551 -6.276211 0.000000 0.000000 -1
0 1.117949 -98.470551 -6.276211 1.000000 0.000000 -1
6
0.000000 0.000000 1.000000
0.999994 0.000000 -0.003541
0.000000 0.000000 -1.000000
-0.999994 0.000000 -0.003541
0.000000 1.000000 0.000000
0.000000 -1.000000 0.000000
12
0 0 1 2 0 0 0 1
0 1 3 2 0 0 0 1
0 4 5 6 1 1 1 2
0 5 7 6 1 1 1 2
0 8 9 10 2 2 2 1
0 9 11 10 2 2 2 1
0 12 13 14 3 3 3 2
0 13 15 14 3 3 3 2
0 12 16 6 4 4 4 3
0 16 17 6 4 4 4 3
0 18 13 19 5 5 5 3
0 13 7 19 5 5 5 3
"Duplicate03" 0 0
20
0 1.117949 -84.349091 6.276210 1.000000 0.000000 -1
0 -1.117951 -98.470551 6.276210 0.000000 1.000000 -1
0 -1.117951 -84.349091 6.276210 0.000000 0.000000 -1
0 1.117949 -98.470551 6.276210 1.000000 1.000000 -1
0 1.006154 -84.349091 37.845543 1.000000 0.000000 -1
0 1.117949 -98.470551 6.276210 0.000000 1.000000 -1
0 1.117949 -84.349091 6.276210 0.000000 0.000000 -1
0 1.006154 -98.470551 37.845543 1.000000 1.000000 -1
0 -1.006155 -84.349091 37.845543 1.000000 0.000000 -1
0 1.006154 -98.470551 37.845543 0.000000 1.000000 -1
0 1.006154 -84.349091 37.845543 0.000000 0.000000 -1
0 -1.006155 -98.470551 37.845543 1.000000 1.000000 -1
0 -1.117951 -84.349091 6.276210 1.000000 0.000000 -1
0 -1.006155 -98.470551 37.845543 0.000000 1.000000 -1
0 -1.006155 -84.349091 37.845543 0.000000 0.000000 -1
0 -1.117951 -98.470551 6.276210 1.000000 1.000000 -1
0 -1.117951 -84.349091 6.276210 0.000000 1.000000 -1
0 1.117949 -84.349091 6.276210 1.000000 1.000000 -1
0 1.117949 -98.470551 6.276210 1.000000 0.000000 -1
0 -1.117951 -98.470551 6.276210 0.000000 0.000000 -1
6
0.000000 0.000000 -1.000000
0.999994 0.000000 0.003541
0.000000 0.000000 1.000000
-0.999994 0.000000 0.003541
0.000000 1.000000 0.000000
0.000000 -1.000000 0.000000
12
0 0 1 2 0 0 0 1
0 0 3 1 0 0 0 1
0 4 5 6 1 1 1 2
0 4 7 5 1 1 1 2
0 8 9 10 2 2 2 1
0 8 11 9 2 2 2 1
0 12 13 14 3 3 3 2
0 12 15 13 3 3 3 2
0 4 16 14 4 4 4 3
0 4 17 16 4 4 4 3
0 18 13 19 5 5 5 3
0 18 7 13 5 5 5 3
"Duplicate04" 0 0
40
0 -6.276210 -84.349091 1.117949 0.000000 0.000000 -1
0 -6.276210 -98.470551 1.117949 0.000000 1.000000 -1
0 -6.276210 -84.349091 -1.117951 1.000000 0.000000 -1
0 -6.276210 -98.470551 -1.117951 1.000000 1.000000 -1
0 -6.276210 -84.349091 -1.117951 0.000000 0.000000 -1
0 -6.276210 -98.470551 -1.117951 0.000000 1.000000 -1
0 -37.845547 -84.349091 -1.006154 1.000000 0.000000 -1
0 -37.845547 -98.470551 -1.006154 1.000000 1.000000 -1
0 -37.845547 -84.349091 -1.006154 0.000000 0.000000 -1
0 -37.845547 -98.470551 -1.006154 0.000000 1.000000 -1
0 -37.845547 -84.349091 1.006155 1.000000 0.000000 -1
0 -37.845547 -98.470551 1.006155 1.000000 1.000000 -1
0 -37.845547 -84.349091 1.006155 0.000000 0.000000 -1
0 -37.845547 -98.470551 1.006155 0.000000 1.000000 -1
0 -6.276210 -84.349091 1.117949 1.000000 0.000000 -1
0 -6.276210 -98.470551 1.117949 1.000000 1.000000 -1
0 -6.276210 -84.349091 1.117949 0.000000 1.000000 -1
0 -6.276210 -84.349091 -1.117951 1.000000 1.000000 -1
0 -6.276210 -98.470551 1.117949 0.000000 0.000000 -1
0 -6.276210 -98.470551 -1.117951 1.000000 0.000000 -1
0 6.276208 -84.349091 -1.117951 1.000000 0.000000 -1
0 6.276208 -98.470551 1.117949 0.000000 1.000000 -1
0 6.276208 -84.349091 1.117949 0.000000 0.000000 -1
0 6.276208 -98.470551 -1.117951 1.000000 1.000000 -1
0 37.845547 -84.349091 -1.006158 1.000000 0.000000 -1
0 6.276208 -98.470551 -1.117951 0.000000 1.000000 -1
0 6.276208 -84.349091 -1.117951 0.000000 0.000000 -1
0 37.845547 -98.470551 -1.006158 1.000000 1.000000 -1
0 37.845547 -84.349091 1.006152 1.000000 0.000000 -1
0 37.845547 -98.470551 -1.006158 0.000000 1.000000 -1
0 37.845547 -84.349091 -1.006158 0.000000 0.000000 -1
0 37.845547 -98.470551 1.006152 1.000000 1.000000 -1
0 6.276208 -84.349091 1.117949 1.000000 0.000000 -1
0 37.845547 -98.470551 1.006152 0.000000 1.000000 -1
0 37.845547 -84.349091 1.006152 0.000000 0.000000 -1
0 6.276208 -98.470551 1.117949 1.000000 1.000000 -1
0 6.276208 -84.349091 1.117949 0.000000 1.000000 -1
0 6.276208 -84.349091 -1.117951 1.000000 1.000000 -1
0 6.276208 -98.470551 -1.117951 1.000000 0.000000 -1
0 6.276208 -98.470551 1.117949 0.000000 0.000000 -1
8
1.000000 0.000000 0.000000
-0.003541 0.000000 -0.999994
-1.000000 0.000000 0.000000
-0.003541 0.000000 0.999994
0.000000 1.000000 0.000000
0.000000 -1.000000 0.000000
0.003541 0.000000 -0.999994
0.003541 0.000000 0.999994
24
0 0 1 2 0 0 0 1
0 1 3 2 0 0 0 1
0 4 5 6 1 1 1 2
0 5 7 6 1 1 1 2
0 8 9 10 2 2 2 1
0 9 11 10 2 2 2 1
0 12 13 14 3 3 3 2
0 13 15 14 3 3 3 2
0 12 16 6 4 4 4 3
0 16 17 6 4 4 4 3
0 18 13 19 5 5 5 3
0 13 7 19 5 5 5 3
0 20 21 22 2 2 2 1
0 20 23 21 2 2 2 1
0 24 25 26 6 6 6 2
0 24 27 25 6 6 6 2
0 28 29 30 0 0 0 1
0 28 31 29 0 0 0 1
0 32 33 34 7 7 7 2
0 32 35 33 7 7 7 2
0 24 36 34 4 4 4 3
0 24 37 36 4 4 4 3
0 38 33 39 5 5 5 3
0 38 27 33 5 5 5 3
"Duplicate01" 0 -1
51
0 14.322725 63.744766 0.228401 0.000000 0.000000 -1
0 13.224438 63.744766 5.749857 0.000000 0.000000 -1
0 -0.105533 63.744766 0.228401 0.000000 0.000000 -1
0 14.322725 63.744766 0.228401 0.000000 1.000000 -1
0 13.382916 70.390396 0.228401 0.000000 0.000000 -1
0 13.224438 63.744766 5.749857 0.062500 1.000000 -1
0 12.364201 70.390396 5.349822 0.062500 0.000000 -1
0 10.096786 63.744766 10.430720 0.000000 0.000000 -1
0 9.463152 70.390396 9.691554 0.125000 0.000000 -1
0 10.096786 63.744766 10.430720 0.125000 1.000000 -1
0 5.415923 63.744766 13.558369 0.000000 0.000000 -1
0 5.415923 63.744766 13.558369 0.187500 1.000000 -1
0 5.121420 70.390396 12.592605 0.187500 0.000000 -1
0 -0.105533 63.744766 14.656660 0.000000 0.000000 -1
0 -0.000001 70.390396 13.611319 0.250000 0.000000 -1
0 -0.105533 63.744766 14.656660 0.250000 1.000000 -1
0 -5.626989 63.744766 13.558369 0.000000 0.000000 -1
0 -5.626989 63.744766 13.558369 0.312500 1.000000 -1
0 -5.121423 70.390396 12.592605 0.312500 0.000000 -1
0 -10.307851 63.744766 10.430720 0.000000 0.000000 -1
0 -9.463152 70.390396 9.691554 0.375000 0.000000 -1
0 -10.307851 63.744766 10.430720 0.375000 1.000000 -1
0 -13.435504 63.744766 5.749857 0.000000 0.000000 -1
0 -13.435504 63.744766 5.749857 0.437500 1.000000 -1
0 -12.364204 70.390396 5.349822 0.437500 0.000000 -1
0 -14.533790 63.744766 0.228401 0.000000 0.000000 -1
0 -13.382920 70.390396 0.228401 0.500000 0.000000 -1
0 -14.533790 63.744766 0.228401 0.500000 1.000000 -1
0 -13.435504 63.744766 -5.293056 0.000000 0.000000 -1
0 -13.435504 63.744766 -5.293056 0.562500 1.000000 -1
0 -12.364204 70.390396 -4.893020 0.562500 0.000000 -1
0 -10.307851 63.744766 -9.973918 0.000000 0.000000 -1
0 -9.463152 70.390396 -9.234750 0.625000 0.000000 -1
0 -10.307851 63.744766 -9.973918 0.625000 1.000000 -1
0 -5.626989 63.744766 -13.101574 0.000000 0.000000 -1
0 -5.626989 63.744766 -13.101574 0.687500 1.000000 -1
0 -5.121423 70.390396 -12.135805 0.687500 0.000000 -1
0 -0.105533 63.744766 -14.199857 0.000000 0.000000 -1
0 -0.000001 70.390396 -13.154516 0.750000 0.000000 -1
0 -0.105533 63.744766 -14.199857 0.750000 1.000000 -1
0 5.415923 63.744766 -13.101574 0.000000 0.000000 -1
0 5.415923 63.744766 -13.101574 0.812500 1.000000 -1
0 5.121420 70.390396 -12.135805 0.812500 0.000000 -1
0 10.096786 63.744766 -9.973918 0.000000 0.000000 -1
0 9.463152 70.390396 -9.234750 0.875000 0.000000 -1
0 10.096786 63.744766 -9.973918 0.875000 1.000000 -1
0 13.224438 63.744766 -5.293056 0.000000 0.000000 -1
0 13.224438 63.744766 -5.293056 0.937500 1.000000 -1
0 12.364201 70.390396 -4.893020 0.937500 0.000000 -1
0 13.382916 70.390396 0.228401 1.000000 0.000000 -1
0 14.322725 63.744766 0.228401 1.000000 1.000000 -1
35
0.000000 -1.000000 0.000000
0.971485 0.137385 0.193241
0.971485 0.137385 0.193241
0.914636 0.141197 0.378820
0.914636 0.141197 0.378820
0.699725 0.144534 0.699639
0.699725 0.144534 0.699639
0.378457 0.149519 0.913463
0.378457 0.149519 0.913463
0.000092 0.155385 0.987854
0.000092 0.155386 0.987854
-0.377595 0.161235 0.911825
-0.377595 0.161235 0.911825
-0.697226 0.166182 0.697324
-0.697225 0.166182 0.697324
-0.910500 0.169480 0.377183
-0.910500 0.169480 0.377183
-0.985334 0.170637 0.000000
-0.985334 0.170637 0.000000
-0.910500 0.169480 -0.377183
-0.910500 0.169480 -0.377183
-0.697226 0.166182 -0.697323
-0.697226 0.166182 -0.697323
-0.377595 0.161236 -0.911825
-0.377595 0.161236 -0.911825
0.000092 0.155385 -0.987854
0.000092 0.155385 -0.987854
0.378457 0.149519 -0.913463
0.378457 0.149519 -0.913463
0.699725 0.144534 -0.699639
0.699725 0.144534 -0.699639
0.914636 0.141197 -0.378820
0.914636 0.141197 -0.378820
0.971485 0.137385 -0.193241
0.971485 0.137385 -0.193241
48
0 0 1 2 0 0 0 2
0 3 4 5 1 2 3 1
0 4 6 5 2 4 3 1
0 1 7 2 0 0 0 2
0 5 6 8 3 4 5 1
0 5 8 9 3 5 6 1
0 7 10 2 0 0 0 2
0 9 8 11 6 5 7 1
0 8 12 11 5 8 7 1
0 10 13 2 0 0 0 2
0 11 12 14 7 8 9 1
0 11 14 15 7 9 10 1
0 13 16 2 0 0 0 2
0 15 14 17 10 9 11 1
0 14 18 17 9 12 11 1
0 16 19 2 0 0 0 2
0 17 18 20 11 12 13 1
0 17 20 21 11 13 14 1
0 19 22 2 0 0 0 2
0 21 20 23 14 13 15 1
0 20 24 23 13 16 15 1
0 22 25 2 0 0 0 2
0 23 24 26 15 16 17 1
0 23 26 27 15 17 18 1
0 25 28 2 0 0 0 2
0 27 26 29 18 17 19 1
0 26 30 29 17 20 19 1
0 28 31 2 0 0 0 2
0 29 30 32 19 20 21 1
0 29 32 33 19 21 22 1
0 31 34 2 0 0 0 2
0 33 32 35 22 21 23 1
0 32 36 35 21 24 23 1
0 34 37 2 0 0 0 2
0 35 36 38 23 24 25 1
0 35 38 39 23 25 26 1
0 37 40 2 0 0 0 2
0 39 38 41 26 25 27 1
0 38 42 41 25 28 27 1
0 40 43 2 0 0 0 2
0 41 42 44 27 28 29 1
0 41 44 45 27 29 30 1
0 43 46 2 0 0 0 2
0 45 44 47 30 29 31 1
0 44 48 47 29 32 31 1
0 46 0 2 0 0 0 2
0 47 48 49 31 32 33 1
0 47 49 50 31 33 34 1
"Duplicate02" 0 1
51
0 14.322725 -82.286072 0.228401 0.000000 0.000000 -1
0 13.224438 -82.286072 5.749857 0.000000 0.000000 -1
0 -0.105533 -82.286072 0.228401 0.000000 0.000000 -1
0 14.322725 -82.286072 0.228401 0.000000 1.000000 -1
0 13.382916 -78.547913 0.228401 0.000000 0.000000 -1
0 13.224438 -82.286072 5.749857 0.062500 1.000000 -1
0 12.364201 -78.547913 5.349822 0.062500 0.000000 -1
0 10.096786 -82.286072 10.430720 0.000000 0.000000 -1
0 9.463152 -78.547913 9.691554 0.125000 0.000000 -1
0 10.096786 -82.286072 10.430720 0.125000 1.000000 -1
0 5.415923 -82.286072 13.558369 0.000000 0.000000 -1
0 5.415923 -82.286072 13.558369 0.187500 1.000000 -1
0 5.121420 -78.547913 12.592605 0.187500 0.000000 -1
0 -0.105533 -82.286072 14.656660 0.000000 0.000000 -1
0 -0.000001 -78.547913 13.611319 0.250000 0.000000 -1
0 -0.105533 -82.286072 14.656660 0.250000 1.000000 -1
0 -5.626989 -82.286072 13.558369 0.000000 0.000000 -1
0 -5.626989 -82.286072 13.558369 0.312500 1.000000 -1
0 -5.121423 -78.547913 12.592605 0.312500 0.000000 -1
0 -10.307851 -82.286072 10.430720 0.000000 0.000000 -1
0 -9.463152 -78.547913 9.691554 0.375000 0.000000 -1
0 -10.307851 -82.286072 10.430720 0.375000 1.000000 -1
0 -13.435504 -82.286072 5.749857 0.000000 0.000000 -1
0 -13.435504 -82.286072 5.749857 0.437500 1.000000 -1
0 -12.364204 -78.547913 5.349822 0.437500 0.000000 -1
0 -14.533790 -82.286072 0.228401 0.000000 0.000000 -1
0 -13.382920 -78.547913 0.228401 0.500000 0.000000 -1
0 -14.533790 -82.286072 0.228401 0.500000 1.000000 -1
0 -13.435504 -82.286072 -5.293056 0.000000 0.000000 -1
0 -13.435504 -82.286072 -5.293056 0.562500 1.000000 -1
0 -12.364204 -78.547913 -4.893020 0.562500 0.000000 -1
0 -10.307851 -82.286072 -9.973918 0.000000 0.000000 -1
0 -9.463152 -78.547913 -9.234750 0.625000 0.000000 -1
0 -10.307851 -82.286072 -9.973918 0.625000 1.000000 -1
0 -5.626989 -82.286072 -13.101574 0.000000 0.000000 -1
0 -5.626989 -82.286072 -13.101574 0.687500 1.000000 -1
0 -5.121423 -78.547913 -12.135805 0.687500 0.000000 -1
0 -0.105533 -82.286072 -14.199857 0.000000 0.000000 -1
0 -0.000001 -78.547913 -13.154516 0.750000 0.000000 -1
0 -0.105533 -82.286072 -14.199857 0.750000 1.000000 -1
0 5.415923 -82.286072 -13.101574 0.000000 0.000000 -1
0 5.415923 -82.286072 -13.101574 0.812500 1.000000 -1
0 5.121420 -78.547913 -12.135805 0.812500 0.000000 -1
0 10.096786 -82.286072 -9.973918 0.000000 0.000000 -1
0 9.463152 -78.547913 -9.234750 0.875000 0.000000 -1
0 10.096786 -82.286072 -9.973918 0.875000 1.000000 -1
0 13.224438 -82.286072 -5.293056 0.000000 0.000000 -1
0 13.224438 -82.286072 -5.293056 0.937500 1.000000 -1
0 12.364201 -78.547913 -4.893020 0.937500 0.000000 -1
0 13.382916 -78.547913 0.228401 1.000000 0.000000 -1
0 14.322725 -82.286072 0.228401 1.000000 1.000000 -1
35
0.000000 -1.000000 0.000000
0.952263 0.239408 0.189417
0.952263 0.239408 0.189417
0.895577 0.245780 0.370857
0.895577 0.245780 0.370857
0.684535 0.251338 0.684281
0.684535 0.251338 0.684282
0.369785 0.259612 0.892110
0.369785 0.259612 0.892110
0.000269 0.269301 0.963056
0.000269 0.269302 0.963056
-0.367261 0.278911 0.887315
-0.367261 0.278910 0.887315
-0.677218 0.286995 0.677502
-0.677218 0.286995 0.677502
-0.883471 0.292363 0.366065
-0.883470 0.292363 0.366065
-0.955731 0.294242 0.000000
-0.955731 0.294242 0.000000
-0.883471 0.292363 -0.366065
-0.883470 0.292363 -0.366065
-0.677218 0.286995 -0.677502
-0.677218 0.286995 -0.677502
-0.367261 0.278912 -0.887315
-0.367261 0.278912 -0.887315
0.000269 0.269302 -0.963056
0.000269 0.269302 -0.963056
0.369785 0.259613 -0.892110
0.369785 0.259613 -0.892110
0.684535 0.251339 -0.684281
0.684535 0.251339 -0.684281
0.895577 0.245780 -0.370857
0.895577 0.245780 -0.370857
0.952263 0.239408 -0.189417
0.952263 0.239408 -0.189417
48
0 0 1 2 0 0 0 2
0 3 4 5 1 2 3 1
0 4 6 5 2 4 3 1
0 1 7 2 0 0 0 2
0 5 6 8 3 4 5 1
0 5 8 9 3 5 6 1
0 7 10 2 0 0 0 2
0 9 8 11 6 5 7 1
0 8 12 11 5 8 7 1
0 10 13 2 0 0 0 2
0 11 12 14 7 8 9 1
0 11 14 15 7 9 10 1
0 13 16 2 0 0 0 2
0 15 14 17 10 9 11 1
0 14 18 17 9 12 11 1
0 16 19 2 0 0 0 2
0 17 18 20 11 12 13 1
0 17 20 21 11 13 14 1
0 19 22 2 0 0 0 2
0 21 20 23 14 13 15 1
0 20 24 23 13 16 15 1
0 22 25 2 0 0 0 2
0 23 24 26 15 16 17 1
0 23 26 27 15 17 18 1
0 25 28 2 0 0 0 2
0 27 26 29 18 17 19 1
0 26 30 29 17 20 19 1
0 28 31 2 0 0 0 2
0 29 30 32 19 20 21 1
0 29 32 33 19 21 22 1
0 31 34 2 0 0 0 2
0 33 32 35 22 21 23 1
0 32 36 35 21 24 23 1
0 34 37 2 0 0 0 2
0 35 36 38 23 24 25 1
0 35 38 39 23 25 26 1
0 37 40 2 0 0 0 2
0 39 38 41 26 25 27 1
0 38 42 41 25 28 27 1
0 40 43 2 0 0 0 2
0 41 42 44 27 28 29 1
0 41 44 45 27 29 30 1
0 43 46 2 0 0 0 2
0 45 44 47 30 29 31 1
0 44 48 47 29 32 31 1
0 46 0 2 0 0 0 2
0 47 48 49 31 32 33 1
0 47 49 50 31 33 34 1
"Duplicate03" 0 1
17
1 10.840163 -102.041168 0.228401 0.000000 0.000000 -1
1 10.015002 -102.041168 4.376752 0.000000 0.000000 -1
1 -0.000001 -99.041168 0.228401 0.000000 0.000000 -1
1 7.665152 -102.041168 7.893554 0.000000 0.000000 -1
1 4.148351 -102.041168 10.243402 0.000000 0.000000 -1
1 -0.000001 -102.041168 11.068564 0.000000 0.000000 -1
1 -4.148352 -102.041168 10.243402 0.000000 0.000000 -1
1 -7.665154 -102.041168 7.893554 0.000000 0.000000 -1
1 -10.015005 -102.041168 4.376752 0.000000 0.000000 -1
1 -10.840163 -102.041168 0.228401 0.000000 0.000000 -1
1 -10.015005 -102.041168 -3.919951 0.000000 0.000000 -1
1 -7.665154 -102.041168 -7.436752 0.000000 0.000000 -1
1 -4.148352 -102.041168 -9.786606 0.000000 0.000000 -1
1 -0.000001 -102.041168 -10.611762 0.000000 0.000000 -1
1 4.148351 -102.041168 -9.786606 0.000000 0.000000 -1
1 7.665152 -102.041168 -7.436752 0.000000 0.000000 -1
1 10.015002 -102.041168 -3.919951 0.000000 0.000000 -1
17
-0.266723 -0.963773 -0.000000
-0.246420 -0.963773 -0.102070
-0.000000 -1.000000 -0.000000
-0.188602 -0.963773 -0.188602
-0.102070 -0.963773 -0.246420
0.000000 -0.963773 -0.266723
0.102070 -0.963773 -0.246420
0.188602 -0.963773 -0.188602
0.246420 -0.963773 -0.102070
0.266723 -0.963773 -0.000000
0.246420 -0.963773 0.102070
0.188602 -0.963773 0.188602
0.102070 -0.963773 0.246420
0.000000 -0.963773 0.266723
-0.102070 -0.963773 0.246420
-0.188602 -0.963773 0.188601
-0.246420 -0.963773 0.102070
16
1 0 1 2 0 1 2 2
1 1 3 2 1 3 2 2
1 3 4 2 3 4 2 2
1 4 5 2 4 5 2 2
1 5 6 2 5 6 2 2
1 6 7 2 6 7 2 2
1 7 8 2 7 8 2 2
1 8 9 2 8 9 2 2
1 9 10 2 9 10 2 2
1 10 11 2 10 11 2 2
1 11 12 2 11 12 2 2
1 12 13 2 12 13 2 2
1 13 14 2 13 14 2 2
1 14 15 2 14 15 2 2
1 15 16 2 15 16 2 2
1 16 0 2 16 0 2 2

Materials: 2
"Material01"
0.200000 0.200000 0.200000 1.000000
1.000000 1.000000 1.000000 1.000000
0.000000 0.000000 0.000000 1.000000
0.325490 0.325490 0.325490 1.000000
0.000000
1.000000
"sphere_olive.bmp"
""
"Material03"
0.200000 0.200000 0.200000 1.000000
1.000000 1.000000 0.000000 1.000000
0.000000 0.000000 0.000000 1.000000
0.752941 0.752941 0.752941 1.000000
0.000000
1.000000
"sphere_chrome.bmp"
""

Bones: 0
GroupComments: 0
MaterialComments: 0
BoneComments: 0
ModelComment: 0
