// MilkShape 3D ASCII

Frames: 30
Frame: 1

Meshes: 7
"Sphere01" 0 1
251
0 -0.000000 263.902985 -0.000000 0.000000 0.000000 -1
0 5.040598 261.930542 1.637790 0.050000 0.050000 -1
0 5.299999 261.930542 -0.000000 0.000000 0.050000 -1
0 -0.000000 263.902985 -0.000000 0.050000 0.000000 -1
0 4.287789 261.930542 3.115261 0.100000 0.050000 -1
0 -0.000000 263.902985 -0.000000 0.100000 0.000000 -1
0 3.115261 261.930542 4.287789 0.150000 0.050000 -1
0 -0.000000 263.902985 -0.000000 0.150000 0.000000 -1
0 1.637790 261.930542 5.040598 0.200000 0.050000 -1
0 -0.000000 263.902985 -0.000000 0.200000 0.000000 -1
0 -0.000000 261.930542 5.299999 0.250000 0.050000 -1
0 -0.000000 263.902985 -0.000000 0.250000 0.000000 -1
0 -1.637790 261.930542 5.040598 0.300000 0.050000 -1
0 -0.000000 263.902985 -0.000000 0.300000 0.000000 -1
0 -3.115261 261.930542 4.287789 0.350000 0.050000 -1
0 -0.000000 263.902985 -0.000000 0.350000 0.000000 -1
0 -4.287789 261.930542 3.115261 0.400000 0.050000 -1
0 -0.000000 263.902985 -0.000000 0.400000 0.000000 -1
0 -5.040598 261.930542 1.637790 0.450000 0.050000 -1
0 -0.000000 263.902985 -0.000000 0.450000 0.000000 -1
0 -5.299999 261.930542 -0.000000 0.500000 0.050000 -1
0 -0.000000 263.902985 -0.000000 0.500000 0.000000 -1
0 -5.040598 261.930542 -1.637790 0.550000 0.050000 -1
0 -0.000000 263.902985 -0.000000 0.550000 0.000000 -1
0 -4.287789 261.930542 -3.115261 0.600000 0.050000 -1
0 -0.000000 263.902985 -0.000000 0.600000 0.000000 -1
0 -3.115261 261.930542 -4.287789 0.650000 0.050000 -1
0 -0.000000 263.902985 -0.000000 0.650000 0.000000 -1
0 -1.637790 261.930542 -5.040598 0.700000 0.050000 -1
0 -0.000000 263.902985 -0.000000 0.700000 0.000000 -1
0 -0.000000 261.930542 -5.299999 0.750000 0.050000 -1
0 -0.000000 263.902985 -0.000000 0.750000 0.000000 -1
0 1.637790 261.930542 -5.040598 0.800000 0.050000 -1
0 -0.000000 263.902985 -0.000000 0.800000 0.000000 -1
0 3.115261 261.930542 -4.287789 0.850000 0.050000 -1
0 -0.000000 263.902985 -0.000000 0.850000 0.000000 -1
0 4.287789 261.930542 -3.115261 0.900000 0.050000 -1
0 -0.000000 263.902985 -0.000000 0.900000 0.000000 -1
0 5.040598 261.930542 -1.637790 0.950000 0.050000 -1
0 -0.000000 263.902985 -0.000000 0.950000 0.000000 -1
0 5.299999 261.930542 -0.000000 1.000000 0.050000 -1
0 33.462879 -48.187569 -0.000000 0.000000 0.550000 -1
0 33.880001 22.679985 -0.000000 0.000000 0.500000 -1
0 32.221794 22.679985 10.469496 0.050000 0.500000 -1
0 31.825090 -48.187569 10.340599 0.050000 0.550000 -1
0 27.072039 -48.187569 19.668987 0.100000 0.550000 -1
0 27.409496 22.679985 19.914164 0.100000 0.500000 -1
0 19.914164 22.679985 27.409496 0.150000 0.500000 -1
0 19.668987 -48.187569 27.072039 0.150000 0.550000 -1
0 10.340599 -48.187569 31.825090 0.200000 0.550000 -1
0 10.469496 22.679985 32.221794 0.200000 0.500000 -1
0 -0.000000 22.679985 33.880001 0.250000 0.500000 -1
0 -0.000000 -48.187569 33.462879 0.250000 0.550000 -1
0 -10.340599 -48.187569 31.825090 0.300000 0.550000 -1
0 -10.469496 22.679985 32.221794 0.300000 0.500000 -1
0 -19.914164 22.679985 27.409496 0.350000 0.500000 -1
0 -19.668987 -48.187569 27.072039 0.350000 0.550000 -1
0 -27.072039 -48.187569 19.668987 0.400000 0.550000 -1
0 -27.409496 22.679985 19.914164 0.400000 0.500000 -1
0 -32.221794 22.679985 10.469496 0.450000 0.500000 -1
0 -31.825090 -48.187569 10.340599 0.450000 0.550000 -1
0 -33.462879 -48.187569 -0.000000 0.500000 0.550000 -1
0 -33.880001 22.679985 -0.000000 0.500000 0.500000 -1
0 -32.221794 22.679985 -10.469496 0.550000 0.500000 -1
0 -31.825090 -48.187569 -10.340599 0.550000 0.550000 -1
0 -27.072039 -48.187569 -19.668987 0.600000 0.550000 -1
0 -27.409496 22.679985 -19.914164 0.600000 0.500000 -1
0 -19.914164 22.679985 -27.409496 0.650000 0.500000 -1
0 -19.668987 -48.187569 -27.072039 0.650000 0.550000 -1
0 -10.340599 -48.187569 -31.825090 0.700000 0.550000 -1
0 -10.469496 22.679985 -32.221794 0.700000 0.500000 -1
0 -0.000000 22.679985 -33.880001 0.750000 0.500000 -1
0 -0.000000 -48.187569 -33.462879 0.750000 0.550000 -1
0 10.340599 -48.187569 -31.825090 0.800000 0.550000 -1
0 10.469496 22.679985 -32.221794 0.800000 0.500000 -1
0 19.914164 22.679985 -27.409496 0.850000 0.500000 -1
0 19.668987 -48.187569 -27.072039 0.850000 0.550000 -1
0 27.072039 -48.187569 -19.668987 0.900000 0.550000 -1
0 27.409496 22.679985 -19.914164 0.900000 0.500000 -1
0 32.221794 22.679985 -10.469496 0.950000 0.500000 -1
0 31.825090 -48.187569 -10.340599 0.950000 0.550000 -1
0 33.462879 -48.187569 -0.000000 1.000000 0.550000 -1
0 33.880001 22.679985 -0.000000 1.000000 0.500000 -1
0 33.462879 47.744560 -0.000000 0.000000 0.450000 -1
0 31.825090 47.744560 10.340599 0.050000 0.450000 -1
0 27.072039 47.744560 19.668987 0.100000 0.450000 -1
0 19.668987 47.744560 27.072039 0.150000 0.450000 -1
0 10.340599 47.744560 31.825090 0.200000 0.450000 -1
0 -0.000000 47.744560 33.462879 0.250000 0.450000 -1
0 -10.340599 47.744560 31.825090 0.300000 0.450000 -1
0 -19.668987 47.744560 27.072039 0.350000 0.450000 -1
0 -27.072039 47.744560 19.668987 0.400000 0.450000 -1
0 -31.825090 47.744560 10.340599 0.450000 0.450000 -1
0 -33.462879 47.744560 -0.000000 0.500000 0.450000 -1
0 -31.825090 47.744560 -10.340599 0.550000 0.450000 -1
0 -27.072039 47.744560 -19.668987 0.600000 0.450000 -1
0 -19.668987 47.744560 -27.072039 0.650000 0.450000 -1
0 -10.340599 47.744560 -31.825090 0.700000 0.450000 -1
0 -0.000000 47.744560 -33.462879 0.750000 0.450000 -1
0 10.340599 47.744560 -31.825090 0.800000 0.450000 -1
0 19.668987 47.744560 -27.072039 0.850000 0.450000 -1
0 27.072039 47.744560 -19.668987 0.900000 0.450000 -1
0 31.825090 47.744560 -10.340599 0.950000 0.450000 -1
0 33.462879 47.744560 -0.000000 1.000000 0.450000 -1
0 32.221790 153.191742 -0.000000 0.000000 0.400000 -1
0 30.644749 153.191742 9.957082 0.050000 0.400000 -1
0 26.067978 153.191742 18.939495 0.100000 0.400000 -1
0 18.939495 153.191742 26.067978 0.150000 0.400000 -1
0 9.957082 153.191742 30.644749 0.200000 0.400000 -1
0 -0.000000 153.191742 32.221790 0.250000 0.400000 -1
0 -9.957082 153.191742 30.644749 0.300000 0.400000 -1
0 -18.939495 153.191742 26.067978 0.350000 0.400000 -1
0 -26.067978 153.191742 18.939495 0.400000 0.400000 -1
0 -30.644749 153.191742 9.957082 0.450000 0.400000 -1
0 -32.221790 153.191742 -0.000000 0.500000 0.400000 -1
0 -30.644749 153.191742 -9.957082 0.550000 0.400000 -1
0 -26.067978 153.191742 -18.939495 0.600000 0.400000 -1
0 -18.939495 153.191742 -26.067978 0.650000 0.400000 -1
0 -9.957082 153.191742 -30.644749 0.700000 0.400000 -1
0 -0.000000 153.191742 -32.221790 0.750000 0.400000 -1
0 9.957082 153.191742 -30.644749 0.800000 0.400000 -1
0 18.939495 153.191742 -26.067978 0.850000 0.400000 -1
0 26.067978 153.191742 -18.939495 0.900000 0.400000 -1
0 30.644749 153.191742 -9.957082 0.950000 0.400000 -1
0 32.221790 153.191742 -0.000000 1.000000 0.400000 -1
0 30.187298 176.419769 -0.000000 0.000000 0.350000 -1
0 28.709827 176.419769 9.328389 0.050000 0.350000 -1
0 24.422039 176.419769 17.743650 0.100000 0.350000 -1
0 17.743650 176.419769 24.422039 0.150000 0.350000 -1
0 9.328389 176.419769 28.709827 0.200000 0.350000 -1
0 -0.000000 176.419769 30.187298 0.250000 0.350000 -1
0 -9.328389 176.419769 28.709827 0.300000 0.350000 -1
0 -17.743650 176.419769 24.422039 0.350000 0.350000 -1
0 -24.422039 176.419769 17.743650 0.400000 0.350000 -1
0 -28.709827 176.419769 9.328389 0.450000 0.350000 -1
0 -30.187298 176.419769 -0.000000 0.500000 0.350000 -1
0 -28.709827 176.419769 -9.328389 0.550000 0.350000 -1
0 -24.422039 176.419769 -17.743650 0.600000 0.350000 -1
0 -17.743650 176.419769 -24.422039 0.650000 0.350000 -1
0 -9.328389 176.419769 -28.709827 0.700000 0.350000 -1
0 -0.000000 176.419769 -30.187298 0.750000 0.350000 -1
0 9.328389 176.419769 -28.709827 0.800000 0.350000 -1
0 17.743650 176.419769 -24.422039 0.850000 0.350000 -1
0 24.422039 176.419769 -17.743650 0.900000 0.350000 -1
0 28.709827 176.419769 -9.328389 0.950000 0.350000 -1
0 30.187298 176.419769 -0.000000 1.000000 0.350000 -1
0 27.409496 197.856949 -0.000000 0.000000 0.300000 -1
0 26.067978 197.856949 8.470000 0.050000 0.300000 -1
0 22.174747 197.856949 16.110897 0.100000 0.300000 -1
0 16.110897 197.856949 22.174747 0.150000 0.300000 -1
0 8.470000 197.856949 26.067978 0.200000 0.300000 -1
0 -0.000000 197.856949 27.409496 0.250000 0.300000 -1
0 -8.470000 197.856949 26.067978 0.300000 0.300000 -1
0 -16.110897 197.856949 22.174747 0.350000 0.300000 -1
0 -22.174747 197.856949 16.110897 0.400000 0.300000 -1
0 -26.067978 197.856949 8.470000 0.450000 0.300000 -1
0 -27.409496 197.856949 -0.000000 0.500000 0.300000 -1
0 -26.067978 197.856949 -8.470000 0.550000 0.300000 -1
0 -22.174747 197.856949 -16.110897 0.600000 0.300000 -1
0 -16.110897 197.856949 -22.174747 0.650000 0.300000 -1
0 -8.470000 197.856949 -26.067978 0.700000 0.300000 -1
0 -0.000000 197.856949 -27.409496 0.750000 0.300000 -1
0 8.470000 197.856949 -26.067978 0.800000 0.300000 -1
0 16.110897 197.856949 -22.174747 0.850000 0.300000 -1
0 22.174747 197.856949 -16.110897 0.900000 0.300000 -1
0 26.067978 197.856949 -8.470000 0.950000 0.300000 -1
0 27.409496 197.856949 -0.000000 1.000000 0.300000 -1
0 23.956776 216.974915 -0.000000 0.000000 0.250000 -1
0 22.784250 216.974915 7.403051 0.050000 0.250000 -1
0 19.381439 216.974915 14.081440 0.100000 0.250000 -1
0 14.081440 216.974915 19.381439 0.150000 0.250000 -1
0 7.403051 216.974915 22.784250 0.200000 0.250000 -1
0 -0.000000 216.974915 23.956776 0.250000 0.250000 -1
0 -7.403051 216.974915 22.784250 0.300000 0.250000 -1
0 -14.081440 216.974915 19.381439 0.350000 0.250000 -1
0 -19.381439 216.974915 14.081440 0.400000 0.250000 -1
0 -22.784250 216.974915 7.403051 0.450000 0.250000 -1
0 -23.956776 216.974915 -0.000000 0.500000 0.250000 -1
0 -22.784250 216.974915 -7.403051 0.550000 0.250000 -1
0 -19.381439 216.974915 -14.081440 0.600000 0.250000 -1
0 -14.081440 216.974915 -19.381439 0.650000 0.250000 -1
0 -7.403051 216.974915 -22.784250 0.700000 0.250000 -1
0 -0.000000 216.974915 -23.956776 0.750000 0.250000 -1
0 7.403051 216.974915 -22.784250 0.800000 0.250000 -1
0 14.081440 216.974915 -19.381439 0.850000 0.250000 -1
0 19.381439 216.974915 -14.081440 0.900000 0.250000 -1
0 22.784250 216.974915 -7.403051 0.950000 0.250000 -1
0 23.956776 216.974915 -0.000000 1.000000 0.250000 -1
0 19.914164 233.303238 -0.000000 0.000000 0.200000 -1
0 18.939495 233.303238 6.153814 0.050000 0.200000 -1
0 16.110895 233.303238 11.705251 0.100000 0.200000 -1
0 11.705251 233.303238 16.110895 0.150000 0.200000 -1
0 6.153814 233.303238 18.939495 0.200000 0.200000 -1
0 -0.000000 233.303238 19.914164 0.250000 0.200000 -1
0 -6.153814 233.303238 18.939495 0.300000 0.200000 -1
0 -11.705251 233.303238 16.110895 0.350000 0.200000 -1
0 -16.110895 233.303238 11.705251 0.400000 0.200000 -1
0 -18.939495 233.303238 6.153814 0.450000 0.200000 -1
0 -19.914164 233.303238 -0.000000 0.500000 0.200000 -1
0 -18.939495 233.303238 -6.153814 0.550000 0.200000 -1
0 -16.110895 233.303238 -11.705251 0.600000 0.200000 -1
0 -11.705251 233.303238 -16.110895 0.650000 0.200000 -1
0 -6.153814 233.303238 -18.939495 0.700000 0.200000 -1
0 -0.000000 233.303238 -19.914164 0.750000 0.200000 -1
0 6.153814 233.303238 -18.939495 0.800000 0.200000 -1
0 11.705251 233.303238 -16.110895 0.850000 0.200000 -1
0 16.110895 233.303238 -11.705251 0.900000 0.200000 -1
0 18.939495 233.303238 -6.153814 0.950000 0.200000 -1
0 19.914164 233.303238 -0.000000 1.000000 0.200000 -1
0 15.381201 246.439758 -0.000000 0.000000 0.150000 -1
0 14.628391 246.439758 4.753053 0.050000 0.150000 -1
0 12.443653 246.439758 9.040842 0.100000 0.150000 -1
0 9.040842 246.439758 12.443653 0.150000 0.150000 -1
0 4.753053 246.439758 14.628391 0.200000 0.150000 -1
0 -0.000000 246.439758 15.381201 0.250000 0.150000 -1
0 -4.753053 246.439758 14.628391 0.300000 0.150000 -1
0 -9.040842 246.439758 12.443653 0.350000 0.150000 -1
0 -12.443653 246.439758 9.040842 0.400000 0.150000 -1
0 -14.628391 246.439758 4.753053 0.450000 0.150000 -1
0 -15.381201 246.439758 -0.000000 0.500000 0.150000 -1
0 -14.628391 246.439758 -4.753053 0.550000 0.150000 -1
0 -12.443653 246.439758 -9.040842 0.600000 0.150000 -1
0 -9.040842 246.439758 -12.443653 0.650000 0.150000 -1
0 -4.753053 246.439758 -14.628391 0.700000 0.150000 -1
0 -0.000000 246.439758 -15.381201 0.750000 0.150000 -1
0 4.753053 246.439758 -14.628391 0.800000 0.150000 -1
0 9.040842 246.439758 -12.443653 0.850000 0.150000 -1
0 12.443653 246.439758 -9.040842 0.900000 0.150000 -1
0 14.628391 246.439758 -4.753053 0.950000 0.150000 -1
0 15.381201 246.439758 -0.000000 1.000000 0.150000 -1
0 10.469497 256.061218 -0.000000 0.000000 0.100000 -1
0 9.957084 256.061218 3.235252 0.050000 0.100000 -1
0 8.470001 256.061218 6.153815 0.100000 0.100000 -1
0 6.153815 256.061218 8.470001 0.150000 0.100000 -1
0 3.235252 256.061218 9.957084 0.200000 0.100000 -1
0 -0.000000 256.061218 10.469497 0.250000 0.100000 -1
0 -3.235252 256.061218 9.957084 0.300000 0.100000 -1
0 -6.153815 256.061218 8.470001 0.350000 0.100000 -1
0 -8.470001 256.061218 6.153815 0.400000 0.100000 -1
0 -9.957084 256.061218 3.235252 0.450000 0.100000 -1
0 -10.469497 256.061218 -0.000000 0.500000 0.100000 -1
0 -9.957084 256.061218 -3.235252 0.550000 0.100000 -1
0 -8.470001 256.061218 -6.153815 0.600000 0.100000 -1
0 -6.153815 256.061218 -8.470001 0.650000 0.100000 -1
0 -3.235252 256.061218 -9.957084 0.700000 0.100000 -1
0 -0.000000 256.061218 -10.469497 0.750000 0.100000 -1
0 3.235252 256.061218 -9.957084 0.800000 0.100000 -1
0 6.153815 256.061218 -8.470001 0.850000 0.100000 -1
0 8.470001 256.061218 -6.153815 0.900000 0.100000 -1
0 9.957084 256.061218 -3.235252 0.950000 0.100000 -1
0 10.469497 256.061218 -0.000000 1.000000 0.100000 -1
221
0.000000 1.000000 0.000000
0.538422 0.824316 0.174944
0.633030 0.774127 -0.000000
0.512132 0.774127 0.372086
0.332763 0.824316 0.458009
0.195617 0.774127 0.602047
0.000000 0.824316 0.566130
-0.195617 0.774127 0.602047
-0.332763 0.824316 0.458009
-0.512132 0.774127 0.372086
-0.538422 0.824316 0.174944
-0.633030 0.774127 -0.000000
-0.538422 0.824316 -0.174944
-0.512132 0.774127 -0.372086
-0.332763 0.824316 -0.458009
-0.195617 0.774127 -0.602047
0.000000 0.824316 -0.566130
0.195617 0.774127 -0.602047
0.332763 0.824316 -0.458009
0.512132 0.774127 -0.372086
0.538422 0.824316 -0.174944
0.999983 -0.005886 0.000000
0.999986 0.005377 0.000000
0.951043 0.005377 0.309013
0.951040 -0.005886 0.309012
0.809003 -0.005886 0.587775
0.809005 0.005377 0.587777
0.587777 0.005377 0.809005
0.587775 -0.005886 0.809003
0.309012 -0.005886 0.951040
0.309013 0.005377 0.951043
0.000000 0.005377 0.999986
0.000000 -0.005886 0.999983
-0.309012 -0.005886 0.951040
-0.309013 0.005377 0.951043
-0.587777 0.005377 0.809005
-0.587775 -0.005886 0.809003
-0.809003 -0.005886 0.587775
-0.809005 0.005377 0.587777
-0.951043 0.005377 0.309013
-0.951040 -0.005886 0.309012
-0.999983 -0.005886 0.000000
-0.999986 0.005377 0.000000
-0.951043 0.005377 -0.309013
-0.951040 -0.005886 -0.309012
-0.809003 -0.005886 -0.587775
-0.809005 0.005377 -0.587777
-0.587777 0.005377 -0.809005
-0.587775 -0.005886 -0.809003
-0.309012 -0.005886 -0.951040
-0.309013 0.005377 -0.951043
0.000000 0.005377 -0.999986
0.000000 -0.005886 -0.999983
0.309012 -0.005886 -0.951040
0.309013 0.005377 -0.951043
0.587777 0.005377 -0.809005
0.587775 -0.005886 -0.809003
0.809003 -0.005886 -0.587775
0.809005 0.005377 -0.587777
0.951043 0.005377 -0.309013
0.951040 -0.005886 -0.309012
0.999899 0.014204 0.000000
0.950961 0.014204 0.308986
0.808935 0.014204 0.587726
0.587726 0.014204 0.808935
0.308986 0.014204 0.950961
0.000000 0.014204 0.999899
-0.308986 0.014204 0.950961
-0.587726 0.014204 0.808935
-0.808935 0.014204 0.587726
-0.950961 0.014204 0.308986
-0.999899 0.014204 0.000000
-0.950961 0.014204 -0.308986
-0.808935 0.014204 -0.587726
-0.587726 0.014204 -0.808935
-0.308986 0.014204 -0.950961
0.000000 0.014204 -0.999899
0.308986 0.014204 -0.950961
0.587726 0.014204 -0.808935
0.808935 0.014204 -0.587726
0.950961 0.014204 -0.308986
0.998772 0.049548 0.000000
0.949888 0.049549 0.308637
0.808023 0.049548 0.587063
0.587063 0.049548 0.808023
0.308637 0.049549 0.949888
0.000000 0.049549 0.998772
-0.308637 0.049549 0.949888
-0.587063 0.049548 0.808023
-0.808023 0.049548 0.587063
-0.949888 0.049549 0.308637
-0.998772 0.049548 0.000000
-0.949888 0.049549 -0.308637
-0.808023 0.049548 -0.587063
-0.587063 0.049548 -0.808023
-0.308637 0.049549 -0.949888
-0.000000 0.049549 -0.998772
0.308637 0.049549 -0.949888
0.587063 0.049548 -0.808023
0.808023 0.049548 -0.587063
0.949888 0.049549 -0.308637
0.994161 0.107903 -0.000000
0.945504 0.107904 0.307213
0.804293 0.107904 0.584353
0.584353 0.107904 0.804293
0.307213 0.107904 0.945504
0.000000 0.107903 0.994161
-0.307213 0.107904 0.945504
-0.584353 0.107903 0.804294
-0.804293 0.107904 0.584353
-0.945504 0.107904 0.307213
-0.994161 0.107903 -0.000000
-0.945504 0.107904 -0.307213
-0.804293 0.107904 -0.584353
-0.584353 0.107904 -0.804293
-0.307213 0.107904 -0.945504
0.000000 0.107903 -0.994161
0.307213 0.107904 -0.945504
0.584353 0.107903 -0.804294
0.804293 0.107904 -0.584353
0.945504 0.107904 -0.307213
0.988201 0.153165 0.000000
0.939835 0.153165 0.305371
0.799471 0.153165 0.580850
0.580850 0.153165 0.799471
0.305371 0.153165 0.939835
-0.000000 0.153165 0.988201
-0.305371 0.153165 0.939835
-0.580850 0.153165 0.799471
-0.799471 0.153165 0.580850
-0.939835 0.153165 0.305371
-0.988201 0.153165 0.000000
-0.939835 0.153165 -0.305371
-0.799471 0.153165 -0.580850
-0.580850 0.153165 -0.799471
-0.305371 0.153165 -0.939835
0.000000 0.153165 -0.988201
0.305371 0.153165 -0.939835
0.580850 0.153165 -0.799471
0.799471 0.153165 -0.580850
0.939835 0.153165 -0.305371
0.977886 0.209138 -0.000000
0.930025 0.209138 0.302183
0.791126 0.209138 0.574787
0.574787 0.209138 0.791126
0.302183 0.209138 0.930025
0.000000 0.209138 0.977886
-0.302183 0.209138 0.930025
-0.574787 0.209138 0.791126
-0.791126 0.209138 0.574787
-0.930025 0.209138 0.302183
-0.977886 0.209138 -0.000000
-0.930025 0.209138 -0.302183
-0.791126 0.209138 -0.574787
-0.574787 0.209138 -0.791126
-0.302183 0.209138 -0.930025
0.000000 0.209138 -0.977886
0.302183 0.209138 -0.930025
0.574787 0.209138 -0.791126
0.791126 0.209138 -0.574787
0.930025 0.209138 -0.302183
0.958956 0.283556 0.000000
0.912021 0.283556 0.296334
0.775811 0.283556 0.563660
0.563660 0.283556 0.775811
0.296334 0.283556 0.912021
0.000000 0.283556 0.958956
-0.296334 0.283556 0.912021
-0.563660 0.283556 0.775811
-0.775811 0.283556 0.563660
-0.912021 0.283556 0.296334
-0.958956 0.283556 0.000000
-0.912021 0.283556 -0.296334
-0.775811 0.283556 -0.563660
-0.563660 0.283556 -0.775811
-0.296334 0.283556 -0.912021
0.000000 0.283556 -0.958956
0.296334 0.283556 -0.912021
0.563660 0.283556 -0.775811
0.775811 0.283556 -0.563660
0.912021 0.283556 -0.296334
0.920209 0.391428 0.000000
0.875170 0.391428 0.284360
0.744464 0.391428 0.540885
0.540885 0.391428 0.744464
0.284360 0.391428 0.875170
0.000000 0.391428 0.920209
-0.284360 0.391428 0.875170
-0.540885 0.391428 0.744464
-0.744464 0.391428 0.540885
-0.875170 0.391428 0.284360
-0.920209 0.391428 0.000000
-0.875170 0.391428 -0.284360
-0.744464 0.391428 -0.540885
-0.540885 0.391428 -0.744464
-0.284360 0.391428 -0.875170
0.000000 0.391428 -0.920209
0.284360 0.391428 -0.875170
0.540885 0.391428 -0.744464
0.744464 0.391428 -0.540885
0.875170 0.391428 -0.284360
0.826899 0.562350 0.000000
0.786428 0.562350 0.255526
0.668975 0.562350 0.486039
0.486039 0.562350 0.668975
0.255526 0.562350 0.786428
0.000000 0.562350 0.826899
-0.255526 0.562350 0.786428
-0.486039 0.562350 0.668975
-0.668975 0.562350 0.486039
-0.786428 0.562350 0.255526
-0.826899 0.562350 0.000000
-0.786428 0.562350 -0.255526
-0.668975 0.562350 -0.486039
-0.486039 0.562350 -0.668975
-0.255526 0.562350 -0.786428
0.000000 0.562350 -0.826899
0.255526 0.562350 -0.786428
0.486039 0.562350 -0.668975
0.668975 0.562350 -0.486039
0.786428 0.562350 -0.255526
420
0 0 1 2 0 1 2 1
0 3 4 1 0 3 1 1
0 5 6 4 0 4 3 1
0 7 8 6 0 5 4 1
0 9 10 8 0 6 5 1
0 11 12 10 0 7 6 1
0 13 14 12 0 8 7 1
0 15 16 14 0 9 8 1
0 17 18 16 0 10 9 1
0 19 20 18 0 11 10 1
0 21 22 20 0 12 11 1
0 23 24 22 0 13 12 1
0 25 26 24 0 14 13 1
0 27 28 26 0 15 14 1
0 29 30 28 0 16 15 1
0 31 32 30 0 17 16 1
0 33 34 32 0 18 17 1
0 35 36 34 0 19 18 1
0 37 38 36 0 20 19 1
0 39 40 38 0 2 20 1
0 41 42 43 21 22 23 1
0 41 43 44 21 23 24 1
0 44 43 45 24 23 25 1
0 43 46 45 23 26 25 1
0 45 46 47 25 26 27 1
0 45 47 48 25 27 28 1
0 48 47 49 28 27 29 1
0 47 50 49 27 30 29 1
0 49 50 51 29 30 31 1
0 49 51 52 29 31 32 1
0 52 51 53 32 31 33 1
0 51 54 53 31 34 33 1
0 53 54 55 33 34 35 1
0 53 55 56 33 35 36 1
0 56 55 57 36 35 37 1
0 55 58 57 35 38 37 1
0 57 58 59 37 38 39 1
0 57 59 60 37 39 40 1
0 60 59 61 40 39 41 1
0 59 62 61 39 42 41 1
0 61 62 63 41 42 43 1
0 61 63 64 41 43 44 1
0 64 63 65 44 43 45 1
0 63 66 65 43 46 45 1
0 65 66 67 45 46 47 1
0 65 67 68 45 47 48 1
0 68 67 69 48 47 49 1
0 67 70 69 47 50 49 1
0 69 70 71 49 50 51 1
0 69 71 72 49 51 52 1
0 72 71 73 52 51 53 1
0 71 74 73 51 54 53 1
0 73 74 75 53 54 55 1
0 73 75 76 53 55 56 1
0 76 75 77 56 55 57 1
0 75 78 77 55 58 57 1
0 77 78 79 57 58 59 1
0 77 79 80 57 59 60 1
0 80 79 81 60 59 21 1
0 79 82 81 59 22 21 1
0 42 83 43 22 61 23 1
0 83 84 43 61 62 23 1
0 43 84 85 23 62 63 1
0 43 85 46 23 63 26 1
0 46 85 47 26 63 27 1
0 85 86 47 63 64 27 1
0 47 86 87 27 64 65 1
0 47 87 50 27 65 30 1
0 50 87 51 30 65 31 1
0 87 88 51 65 66 31 1
0 51 88 89 31 66 67 1
0 51 89 54 31 67 34 1
0 54 89 55 34 67 35 1
0 89 90 55 67 68 35 1
0 55 90 91 35 68 69 1
0 55 91 58 35 69 38 1
0 58 91 59 38 69 39 1
0 91 92 59 69 70 39 1
0 59 92 93 39 70 71 1
0 59 93 62 39 71 42 1
0 62 93 63 42 71 43 1
0 93 94 63 71 72 43 1
0 63 94 95 43 72 73 1
0 63 95 66 43 73 46 1
0 66 95 67 46 73 47 1
0 95 96 67 73 74 47 1
0 67 96 97 47 74 75 1
0 67 97 70 47 75 50 1
0 70 97 71 50 75 51 1
0 97 98 71 75 76 51 1
0 71 98 99 51 76 77 1
0 71 99 74 51 77 54 1
0 74 99 75 54 77 55 1
0 99 100 75 77 78 55 1
0 75 100 101 55 78 79 1
0 75 101 78 55 79 58 1
0 78 101 79 58 79 59 1
0 101 102 79 79 80 59 1
0 79 102 103 59 80 61 1
0 79 103 82 59 61 22 1
0 83 104 105 61 81 82 1
0 83 105 84 61 82 62 1
0 84 105 85 62 82 63 1
0 105 106 85 82 83 63 1
0 85 106 107 63 83 84 1
0 85 107 86 63 84 64 1
0 86 107 87 64 84 65 1
0 107 108 87 84 85 65 1
0 87 108 109 65 85 86 1
0 87 109 88 65 86 66 1
0 88 109 89 66 86 67 1
0 109 110 89 86 87 67 1
0 89 110 111 67 87 88 1
0 89 111 90 67 88 68 1
0 90 111 91 68 88 69 1
0 111 112 91 88 89 69 1
0 91 112 113 69 89 90 1
0 91 113 92 69 90 70 1
0 92 113 93 70 90 71 1
0 113 114 93 90 91 71 1
0 93 114 115 71 91 92 1
0 93 115 94 71 92 72 1
0 94 115 95 72 92 73 1
0 115 116 95 92 93 73 1
0 95 116 117 73 93 94 1
0 95 117 96 73 94 74 1
0 96 117 97 74 94 75 1
0 117 118 97 94 95 75 1
0 97 118 119 75 95 96 1
0 97 119 98 75 96 76 1
0 98 119 99 76 96 77 1
0 119 120 99 96 97 77 1
0 99 120 121 77 97 98 1
0 99 121 100 77 98 78 1
0 100 121 101 78 98 79 1
0 121 122 101 98 99 79 1
0 101 122 123 79 99 100 1
0 101 123 102 79 100 80 1
0 102 123 103 80 100 61 1
0 123 124 103 100 81 61 1
0 104 125 105 81 101 82 1
0 125 126 105 101 102 82 1
0 105 126 127 82 102 103 1
0 105 127 106 82 103 83 1
0 106 127 107 83 103 84 1
0 127 128 107 103 104 84 1
0 107 128 129 84 104 105 1
0 107 129 108 84 105 85 1
0 108 129 109 85 105 86 1
0 129 130 109 105 106 86 1
0 109 130 131 86 106 107 1
0 109 131 110 86 107 87 1
0 110 131 111 87 107 88 1
0 131 132 111 107 108 88 1
0 111 132 133 88 108 109 1
0 111 133 112 88 109 89 1
0 112 133 113 89 109 90 1
0 133 134 113 109 110 90 1
0 113 134 135 90 110 111 1
0 113 135 114 90 111 91 1
0 114 135 115 91 111 92 1
0 135 136 115 111 112 92 1
0 115 136 137 92 112 113 1
0 115 137 116 92 113 93 1
0 116 137 117 93 113 94 1
0 137 138 117 113 114 94 1
0 117 138 139 94 114 115 1
0 117 139 118 94 115 95 1
0 118 139 119 95 115 96 1
0 139 140 119 115 116 96 1
0 119 140 141 96 116 117 1
0 119 141 120 96 117 97 1
0 120 141 121 97 117 98 1
0 141 142 121 117 118 98 1
0 121 142 143 98 118 119 1
0 121 143 122 98 119 99 1
0 122 143 123 99 119 100 1
0 143 144 123 119 120 100 1
0 123 144 145 100 120 101 1
0 123 145 124 100 101 81 1
0 125 146 147 101 121 122 1
0 125 147 126 101 122 102 1
0 126 147 127 102 122 103 1
0 147 148 127 122 123 103 1
0 127 148 149 103 123 124 1
0 127 149 128 103 124 104 1
0 128 149 129 104 124 105 1
0 149 150 129 124 125 105 1
0 129 150 151 105 125 126 1
0 129 151 130 105 126 106 1
0 130 151 131 106 126 107 1
0 151 152 131 126 127 107 1
0 131 152 153 107 127 128 1
0 131 153 132 107 128 108 1
0 132 153 133 108 128 109 1
0 153 154 133 128 129 109 1
0 133 154 155 109 129 130 1
0 133 155 134 109 130 110 1
0 134 155 135 110 130 111 1
0 155 156 135 130 131 111 1
0 135 156 157 111 131 132 1
0 135 157 136 111 132 112 1
0 136 157 137 112 132 113 1
0 157 158 137 132 133 113 1
0 137 158 159 113 133 134 1
0 137 159 138 113 134 114 1
0 138 159 139 114 134 115 1
0 159 160 139 134 135 115 1
0 139 160 161 115 135 136 1
0 139 161 140 115 136 116 1
0 140 161 141 116 136 117 1
0 161 162 141 136 137 117 1
0 141 162 163 117 137 138 1
0 141 163 142 117 138 118 1
0 142 163 143 118 138 119 1
0 163 164 143 138 139 119 1
0 143 164 165 119 139 140 1
0 143 165 144 119 140 120 1
0 144 165 145 120 140 101 1
0 165 166 145 140 121 101 1
0 146 167 147 121 141 122 1
0 167 168 147 141 142 122 1
0 147 168 169 122 142 143 1
0 147 169 148 122 143 123 1
0 148 169 149 123 143 124 1
0 169 170 149 143 144 124 1
0 149 170 171 124 144 145 1
0 149 171 150 124 145 125 1
0 150 171 151 125 145 126 1
0 171 172 151 145 146 126 1
0 151 172 173 126 146 147 1
0 151 173 152 126 147 127 1
0 152 173 153 127 147 128 1
0 173 174 153 147 148 128 1
0 153 174 175 128 148 149 1
0 153 175 154 128 149 129 1
0 154 175 155 129 149 130 1
0 175 176 155 149 150 130 1
0 155 176 177 130 150 151 1
0 155 177 156 130 151 131 1
0 156 177 157 131 151 132 1
0 177 178 157 151 152 132 1
0 157 178 179 132 152 153 1
0 157 179 158 132 153 133 1
0 158 179 159 133 153 134 1
0 179 180 159 153 154 134 1
0 159 180 181 134 154 155 1
0 159 181 160 134 155 135 1
0 160 181 161 135 155 136 1
0 181 182 161 155 156 136 1
0 161 182 183 136 156 157 1
0 161 183 162 136 157 137 1
0 162 183 163 137 157 138 1
0 183 184 163 157 158 138 1
0 163 184 185 138 158 159 1
0 163 185 164 138 159 139 1
0 164 185 165 139 159 140 1
0 185 186 165 159 160 140 1
0 165 186 187 140 160 141 1
0 165 187 166 140 141 121 1
0 167 188 189 141 161 162 1
0 167 189 168 141 162 142 1
0 168 189 169 142 162 143 1
0 189 190 169 162 163 143 1
0 169 190 191 143 163 164 1
0 169 191 170 143 164 144 1
0 170 191 171 144 164 145 1
0 191 192 171 164 165 145 1
0 171 192 193 145 165 166 1
0 171 193 172 145 166 146 1
0 172 193 173 146 166 147 1
0 193 194 173 166 167 147 1
0 173 194 195 147 167 168 1
0 173 195 174 147 168 148 1
0 174 195 175 148 168 149 1
0 195 196 175 168 169 149 1
0 175 196 197 149 169 170 1
0 175 197 176 149 170 150 1
0 176 197 177 150 170 151 1
0 197 198 177 170 171 151 1
0 177 198 199 151 171 172 1
0 177 199 178 151 172 152 1
0 178 199 179 152 172 153 1
0 199 200 179 172 173 153 1
0 179 200 201 153 173 174 1
0 179 201 180 153 174 154 1
0 180 201 181 154 174 155 1
0 201 202 181 174 175 155 1
0 181 202 203 155 175 176 1
0 181 203 182 155 176 156 1
0 182 203 183 156 176 157 1
0 203 204 183 176 177 157 1
0 183 204 205 157 177 178 1
0 183 205 184 157 178 158 1
0 184 205 185 158 178 159 1
0 205 206 185 178 179 159 1
0 185 206 207 159 179 180 1
0 185 207 186 159 180 160 1
0 186 207 187 160 180 141 1
0 207 208 187 180 161 141 1
0 188 209 189 161 181 162 1
0 209 210 189 181 182 162 1
0 189 210 211 162 182 183 1
0 189 211 190 162 183 163 1
0 190 211 191 163 183 164 1
0 211 212 191 183 184 164 1
0 191 212 213 164 184 185 1
0 191 213 192 164 185 165 1
0 192 213 193 165 185 166 1
0 213 214 193 185 186 166 1
0 193 214 215 166 186 187 1
0 193 215 194 166 187 167 1
0 194 215 195 167 187 168 1
0 215 216 195 187 188 168 1
0 195 216 217 168 188 189 1
0 195 217 196 168 189 169 1
0 196 217 197 169 189 170 1
0 217 218 197 189 190 170 1
0 197 218 219 170 190 191 1
0 197 219 198 170 191 171 1
0 198 219 199 171 191 172 1
0 219 220 199 191 192 172 1
0 199 220 221 172 192 193 1
0 199 221 200 172 193 173 1
0 200 221 201 173 193 174 1
0 221 222 201 193 194 174 1
0 201 222 223 174 194 195 1
0 201 223 202 174 195 175 1
0 202 223 203 175 195 176 1
0 223 224 203 195 196 176 1
0 203 224 225 176 196 197 1
0 203 225 204 176 197 177 1
0 204 225 205 177 197 178 1
0 225 226 205 197 198 178 1
0 205 226 227 178 198 199 1
0 205 227 206 178 199 179 1
0 206 227 207 179 199 180 1
0 227 228 207 199 200 180 1
0 207 228 229 180 200 181 1
0 207 229 208 180 181 161 1
0 209 230 231 181 201 202 1
0 209 231 210 181 202 182 1
0 210 231 211 182 202 183 1
0 231 232 211 202 203 183 1
0 211 232 233 183 203 204 1
0 211 233 212 183 204 184 1
0 212 233 213 184 204 185 1
0 233 234 213 204 205 185 1
0 213 234 235 185 205 206 1
0 213 235 214 185 206 186 1
0 214 235 215 186 206 187 1
0 235 236 215 206 207 187 1
0 215 236 237 187 207 208 1
0 215 237 216 187 208 188 1
0 216 237 217 188 208 189 1
0 237 238 217 208 209 189 1
0 217 238 239 189 209 210 1
0 217 239 218 189 210 190 1
0 218 239 219 190 210 191 1
0 239 240 219 210 211 191 1
0 219 240 241 191 211 212 1
0 219 241 220 191 212 192 1
0 220 241 221 192 212 193 1
0 241 242 221 212 213 193 1
0 221 242 243 193 213 214 1
0 221 243 222 193 214 194 1
0 222 243 223 194 214 195 1
0 243 244 223 214 215 195 1
0 223 244 245 195 215 216 1
0 223 245 224 195 216 196 1
0 224 245 225 196 216 197 1
0 245 246 225 216 217 197 1
0 225 246 247 197 217 218 1
0 225 247 226 197 218 198 1
0 226 247 227 198 218 199 1
0 247 248 227 218 219 199 1
0 227 248 249 199 219 220 1
0 227 249 228 199 220 200 1
0 228 249 229 200 220 181 1
0 249 250 229 220 201 181 1
0 230 2 231 201 2 202 1
0 2 1 231 2 1 202 1
0 231 1 4 202 1 3 1
0 231 4 232 202 3 203 1
0 232 4 233 203 3 204 1
0 4 6 233 3 4 204 1
0 233 6 8 204 4 5 1
0 233 8 234 204 5 205 1
0 234 8 235 205 5 206 1
0 8 10 235 5 6 206 1
0 235 10 12 206 6 7 1
0 235 12 236 206 7 207 1
0 236 12 237 207 7 208 1
0 12 14 237 7 8 208 1
0 237 14 16 208 8 9 1
0 237 16 238 208 9 209 1
0 238 16 239 209 9 210 1
0 16 18 239 9 10 210 1
0 239 18 20 210 10 11 1
0 239 20 240 210 11 211 1
0 240 20 241 211 11 212 1
0 20 22 241 11 12 212 1
0 241 22 24 212 12 13 1
0 241 24 242 212 13 213 1
0 242 24 243 213 13 214 1
0 24 26 243 13 14 214 1
0 243 26 28 214 14 15 1
0 243 28 244 214 15 215 1
0 244 28 245 215 15 216 1
0 28 30 245 15 16 216 1
0 245 30 32 216 16 17 1
0 245 32 246 216 17 217 1
0 246 32 247 217 17 218 1
0 32 34 247 17 18 218 1
0 247 34 36 218 18 19 1
0 247 36 248 218 19 219 1
0 248 36 249 219 19 220 1
0 36 38 249 19 20 220 1
0 249 38 40 220 20 2 1
0 249 40 250 220 2 201 1
"Cylinder02" 0 0
51
0 11.023409 -189.169189 -0.483334 0.000000 0.000000 -1
0 9.546551 -189.169189 5.028371 0.000000 0.000000 -1
0 0.000000 -189.169189 -0.483334 0.000000 0.000000 -1
0 11.023409 -40.297459 -0.483334 0.000000 0.000000 -1
0 0.000000 -40.297459 -0.483334 0.000000 0.000000 -1
0 9.546551 -40.297459 5.028371 0.000000 0.000000 -1
0 11.023409 -189.169189 -0.483334 0.000000 1.000000 -1
0 9.546551 -189.169189 5.028371 0.083333 1.000000 -1
0 9.546551 -40.297459 5.028371 0.083333 0.000000 -1
0 5.511704 -189.169189 9.063217 0.000000 0.000000 -1
0 5.511704 -40.297459 9.063217 0.000000 0.000000 -1
0 5.511704 -40.297459 9.063217 0.166667 0.000000 -1
0 5.511704 -189.169189 9.063217 0.166667 1.000000 -1
0 0.000000 -189.169189 10.540075 0.000000 0.000000 -1
0 0.000000 -40.297459 10.540075 0.000000 0.000000 -1
0 0.000000 -189.169189 10.540075 0.250000 1.000000 -1
0 0.000000 -40.297459 10.540075 0.250000 0.000000 -1
0 -5.511704 -189.169189 9.063217 0.000000 0.000000 -1
0 -5.511704 -40.297459 9.063217 0.000000 0.000000 -1
0 -5.511704 -40.297459 9.063217 0.333333 0.000000 -1
0 -5.511704 -189.169189 9.063217 0.333333 1.000000 -1
0 -9.546551 -189.169189 5.028371 0.000000 0.000000 -1
0 -9.546551 -40.297459 5.028371 0.000000 0.000000 -1
0 -9.546551 -189.169189 5.028371 0.416667 1.000000 -1
0 -9.546551 -40.297459 5.028371 0.416667 0.000000 -1
0 -11.023409 -189.169189 -0.483334 0.000000 0.000000 -1
0 -11.023409 -40.297459 -0.483334 0.000000 0.000000 -1
0 -11.023409 -40.297459 -0.483334 0.500000 0.000000 -1
0 -11.023409 -189.169189 -0.483334 0.500000 1.000000 -1
0 -9.546551 -189.169189 -5.995038 0.000000 0.000000 -1
0 -9.546551 -40.297459 -5.995038 0.000000 0.000000 -1
0 -9.546551 -189.169189 -5.995038 0.583333 1.000000 -1
0 -9.546551 -40.297459 -5.995038 0.583333 0.000000 -1
0 -5.511704 -189.169189 -10.029884 0.000000 0.000000 -1
0 -5.511704 -40.297459 -10.029884 0.000000 0.000000 -1
0 -5.511704 -40.297459 -10.029884 0.666667 0.000000 -1
0 -5.511704 -189.169189 -10.029884 0.666667 1.000000 -1
0 0.000000 -189.169189 -11.506743 0.000000 0.000000 -1
0 0.000000 -40.297459 -11.506743 0.000000 0.000000 -1
0 0.000000 -189.169189 -11.506743 0.750000 1.000000 -1
0 0.000000 -40.297459 -11.506743 0.750000 0.000000 -1
0 5.511704 -189.169189 -10.029884 0.000000 0.000000 -1
0 5.511704 -40.297459 -10.029884 0.000000 0.000000 -1
0 5.511704 -40.297459 -10.029884 0.833333 0.000000 -1
0 5.511704 -189.169189 -10.029884 0.833333 1.000000 -1
0 9.546551 -189.169189 -5.995038 0.000000 0.000000 -1
0 9.546551 -40.297459 -5.995038 0.000000 0.000000 -1
0 9.546551 -189.169189 -5.995038 0.916667 1.000000 -1
0 9.546551 -40.297459 -5.995038 0.916667 0.000000 -1
0 11.023409 -40.297459 -0.483334 1.000000 0.000000 -1
0 11.023409 -189.169189 -0.483334 1.000000 1.000000 -1
15
0.000000 -1.000000 0.000000
0.000000 1.000000 0.000000
1.000000 0.000000 -0.000000
0.866025 0.000000 0.500000
0.500000 0.000000 0.866025
0.000000 0.000000 1.000000
-0.500000 0.000000 0.866025
-0.500000 0.000000 0.866025
-0.866025 0.000000 0.500000
-1.000000 0.000000 -0.000000
-0.866025 0.000000 -0.500000
-0.500000 0.000000 -0.866025
0.000000 0.000000 -1.000000
0.500000 0.000000 -0.866025
0.866025 0.000000 -0.500000
48
0 0 1 2 0 0 0 2
0 3 4 5 1 1 1 2
0 6 3 7 2 2 3 1
0 3 8 7 2 3 3 1
0 1 9 2 0 0 0 2
0 5 4 10 1 1 1 2
0 7 8 11 3 3 4 1
0 7 11 12 3 4 4 1
0 9 13 2 0 0 0 2
0 10 4 14 1 1 1 2
0 12 11 15 4 4 5 1
0 11 16 15 4 5 5 1
0 13 17 2 0 0 0 2
0 14 4 18 1 1 1 2
0 15 16 19 5 5 6 1
0 15 19 20 5 6 7 1
0 17 21 2 0 0 0 2
0 18 4 22 1 1 1 2
0 20 19 23 7 6 8 1
0 19 24 23 6 8 8 1
0 21 25 2 0 0 0 2
0 22 4 26 1 1 1 2
0 23 24 27 8 8 9 1
0 23 27 28 8 9 9 1
0 25 29 2 0 0 0 2
0 26 4 30 1 1 1 2
0 28 27 31 9 9 10 1
0 27 32 31 9 10 10 1
0 29 33 2 0 0 0 2
0 30 4 34 1 1 1 2
0 31 32 35 10 10 11 1
0 31 35 36 10 11 11 1
0 33 37 2 0 0 0 2
0 34 4 38 1 1 1 2
0 36 35 39 11 11 12 1
0 35 40 39 11 12 12 1
0 37 41 2 0 0 0 2
0 38 4 42 1 1 1 2
0 39 40 43 12 12 13 1
0 39 43 44 12 13 13 1
0 41 45 2 0 0 0 2
0 42 4 46 1 1 1 2
0 44 43 47 13 13 14 1
0 43 48 47 13 14 14 1
0 45 0 2 0 0 0 2
0 46 4 3 1 1 1 2
0 47 48 49 14 14 2 1
0 47 49 50 14 2 2 1
"Regroup00" 0 1
80
0 -6.196886 -110.855698 2.122968 0.000000 0.000000 -1
0 -44.836926 -174.241211 -36.517075 0.000000 1.000000 -1
0 0.806221 -110.855698 -4.880139 1.000000 0.000000 -1
0 -37.833820 -174.241211 -43.520180 1.000000 1.000000 -1
0 0.806221 -110.855698 -4.880139 0.000000 0.000000 -1
0 -37.833820 -174.241211 -43.520180 0.000000 1.000000 -1
0 -3.007034 -108.225456 -8.693395 1.000000 0.000000 -1
0 -41.647076 -171.610901 -47.333439 1.000000 1.000000 -1
0 -3.007034 -108.225456 -8.693395 0.000000 0.000000 -1
0 -41.647076 -171.610901 -47.333439 0.000000 1.000000 -1
0 -10.010140 -108.225456 -1.690287 1.000000 0.000000 -1
0 -48.650185 -171.610901 -40.330330 1.000000 1.000000 -1
0 -10.010140 -108.225456 -1.690287 0.000000 0.000000 -1
0 -48.650185 -171.610901 -40.330330 0.000000 1.000000 -1
0 -6.196886 -110.855698 2.122968 1.000000 0.000000 -1
0 -44.836926 -174.241211 -36.517075 1.000000 1.000000 -1
0 -6.196886 -110.855698 2.122968 0.000000 1.000000 -1
0 0.806221 -110.855698 -4.880139 1.000000 1.000000 -1
0 -44.836926 -174.241211 -36.517075 0.000000 0.000000 -1
0 -37.833820 -174.241211 -43.520180 1.000000 0.000000 -1
0 4.644845 -110.855698 -1.041515 1.000000 0.000000 -1
0 36.281780 -174.241211 44.601635 0.000000 1.000000 -1
0 -2.358261 -110.855698 5.961592 0.000000 0.000000 -1
0 43.284885 -174.241211 37.598526 1.000000 1.000000 -1
0 8.458101 -108.225456 2.771741 1.000000 0.000000 -1
0 43.284885 -174.241211 37.598526 0.000000 1.000000 -1
0 4.644845 -110.855698 -1.041515 0.000000 0.000000 -1
0 47.098145 -171.610901 41.411785 1.000000 1.000000 -1
0 1.454994 -108.225456 9.774847 1.000000 0.000000 -1
0 47.098145 -171.610901 41.411785 0.000000 1.000000 -1
0 8.458101 -108.225456 2.771741 0.000000 0.000000 -1
0 40.095039 -171.610901 48.414890 1.000000 1.000000 -1
0 -2.358261 -110.855698 5.961592 1.000000 0.000000 -1
0 40.095039 -171.610901 48.414890 0.000000 1.000000 -1
0 1.454994 -108.225456 9.774847 0.000000 0.000000 -1
0 36.281780 -174.241211 44.601635 1.000000 1.000000 -1
0 -2.358261 -110.855698 5.961592 0.000000 1.000000 -1
0 4.644845 -110.855698 -1.041515 1.000000 1.000000 -1
0 43.284885 -174.241211 37.598526 1.000000 0.000000 -1
0 36.281780 -174.241211 44.601635 0.000000 0.000000 -1
0 0.806221 -110.855698 5.961595 0.000000 0.000000 -1
0 -37.833820 -174.241211 44.601639 0.000000 1.000000 -1
0 -6.196886 -110.855698 -1.041512 1.000000 0.000000 -1
0 -44.836926 -174.241211 37.598534 1.000000 1.000000 -1
0 -6.196886 -110.855698 -1.041512 0.000000 0.000000 -1
0 -44.836926 -174.241211 37.598534 0.000000 1.000000 -1
0 -10.010140 -108.225456 2.771744 1.000000 0.000000 -1
0 -48.650185 -171.610901 41.411793 1.000000 1.000000 -1
0 -10.010140 -108.225456 2.771744 0.000000 0.000000 -1
0 -48.650185 -171.610901 41.411793 0.000000 1.000000 -1
0 -3.007034 -108.225456 9.774850 1.000000 0.000000 -1
0 -41.647076 -171.610901 48.414898 1.000000 1.000000 -1
0 -3.007034 -108.225456 9.774850 0.000000 0.000000 -1
0 -41.647076 -171.610901 48.414898 0.000000 1.000000 -1
0 0.806221 -110.855698 5.961595 1.000000 0.000000 -1
0 -37.833820 -174.241211 44.601639 1.000000 1.000000 -1
0 0.806221 -110.855698 5.961595 0.000000 1.000000 -1
0 -6.196886 -110.855698 -1.041512 1.000000 1.000000 -1
0 -37.833820 -174.241211 44.601639 0.000000 0.000000 -1
0 -44.836926 -174.241211 37.598534 1.000000 0.000000 -1
0 -2.358262 -110.855698 -4.880136 1.000000 0.000000 -1
0 43.284885 -174.241211 -36.517071 0.000000 1.000000 -1
0 4.644845 -110.855698 2.122970 0.000000 0.000000 -1
0 36.281776 -174.241211 -43.520176 1.000000 1.000000 -1
0 1.454994 -108.225456 -8.693392 1.000000 0.000000 -1
0 36.281776 -174.241211 -43.520176 0.000000 1.000000 -1
0 -2.358262 -110.855698 -4.880136 0.000000 0.000000 -1
0 40.095036 -171.610901 -47.333435 1.000000 1.000000 -1
0 8.458100 -108.225456 -1.690285 1.000000 0.000000 -1
0 40.095036 -171.610901 -47.333435 0.000000 1.000000 -1
0 1.454994 -108.225456 -8.693392 0.000000 0.000000 -1
0 47.098141 -171.610901 -40.330330 1.000000 1.000000 -1
0 4.644845 -110.855698 2.122970 1.000000 0.000000 -1
0 47.098141 -171.610901 -40.330330 0.000000 1.000000 -1
0 8.458100 -108.225456 -1.690285 0.000000 0.000000 -1
0 43.284885 -174.241211 -36.517071 1.000000 1.000000 -1
0 4.644845 -110.855698 2.122970 0.000000 1.000000 -1
0 -2.358262 -110.855698 -4.880136 1.000000 1.000000 -1
0 36.281776 -174.241211 -43.520176 1.000000 0.000000 -1
0 43.284885 -174.241211 -36.517071 0.000000 0.000000 -1
60
0.535559 -0.652957 0.535559
0.707107 0.000000 -0.707107
0.707107 -0.000000 -0.707107
0.707107 -0.000000 -0.707107
-0.535559 0.652958 -0.535559
-0.707107 0.000000 0.707107
-0.707107 -0.000000 0.707107
-0.707107 -0.000000 0.707107
0.309977 0.898793 0.309977
0.309977 0.898793 0.309977
0.309977 0.898793 0.309977
-0.309983 -0.898788 -0.309983
-0.535559 -0.652957 -0.535559
-0.535559 -0.652957 -0.535559
-0.535559 -0.652957 -0.535559
0.707107 -0.000000 -0.707107
0.707107 -0.000000 -0.707107
0.535559 0.652958 0.535559
0.535559 0.652958 0.535559
-0.707107 0.000000 0.707107
-0.707107 0.000000 0.707107
-0.707107 0.000000 0.707107
-0.309977 0.898793 -0.309977
-0.309977 0.898793 -0.309977
-0.309977 0.898793 -0.309977
0.309983 -0.898789 0.309983
0.309983 -0.898788 0.309983
0.309983 -0.898789 0.309983
0.535559 -0.652957 -0.535559
0.535559 -0.652957 -0.535559
0.535559 -0.652957 -0.535559
-0.707107 0.000000 -0.707106
-0.707107 0.000000 -0.707107
-0.707107 -0.000000 -0.707107
-0.535559 0.652958 0.535559
-0.535559 0.652958 0.535559
-0.535559 0.652958 0.535559
0.707107 0.000000 0.707107
0.707107 -0.000000 0.707107
0.707107 -0.000000 0.707106
0.309977 0.898793 -0.309977
-0.309983 -0.898788 0.309983
-0.309983 -0.898789 0.309983
-0.309983 -0.898789 0.309983
-0.535559 -0.652957 0.535559
-0.535559 -0.652957 0.535559
-0.535559 -0.652957 0.535559
-0.707107 -0.000000 -0.707107
-0.707107 -0.000000 -0.707107
-0.707107 0.000000 -0.707107
0.535559 0.652958 -0.535559
0.707107 0.000000 0.707107
0.707107 -0.000000 0.707107
0.707107 0.000000 0.707107
-0.309977 0.898793 0.309977
-0.309977 0.898793 0.309977
-0.309977 0.898793 0.309977
0.309983 -0.898789 -0.309983
0.309983 -0.898788 -0.309983
0.309983 -0.898789 -0.309983
48
0 0 1 2 0 0 0 1
0 1 3 2 0 0 0 1
0 4 5 6 1 2 2 2
0 5 7 6 2 3 2 2
0 8 9 10 4 4 4 1
0 9 11 10 4 4 4 1
0 12 13 14 5 6 6 2
0 13 15 14 6 7 6 2
0 12 16 6 8 9 9 3
0 16 17 6 9 10 9 3
0 18 13 19 11 11 11 3
0 13 7 19 11 11 11 3
0 20 21 22 12 12 13 1
0 20 23 21 12 14 12 1
0 24 25 26 15 15 16 2
0 24 27 25 15 1 15 2
0 28 29 30 17 17 17 1
0 28 31 29 17 18 17 1
0 32 33 34 19 19 20 2
0 32 35 33 19 21 19 2
0 24 36 34 22 22 23 3
0 24 37 36 22 24 22 3
0 38 33 39 25 25 26 3
0 38 27 33 25 27 25 3
0 40 41 42 28 29 29 1
0 41 43 42 29 30 29 1
0 44 45 46 31 32 32 2
0 45 47 46 32 33 32 2
0 48 49 50 34 35 35 1
0 49 51 50 35 36 35 1
0 52 53 54 37 38 38 2
0 53 55 54 38 39 38 2
0 52 56 46 40 40 40 3
0 56 57 46 40 40 40 3
0 58 53 59 41 42 42 3
0 53 47 59 42 43 42 3
0 60 61 62 44 44 45 1
0 60 63 61 44 46 44 1
0 64 65 66 47 47 48 2
0 64 67 65 47 49 47 2
0 68 69 70 50 50 50 1
0 68 71 69 50 50 50 1
0 72 73 74 51 51 52 2
0 72 75 73 51 53 51 2
0 64 76 74 54 54 55 3
0 64 77 76 54 56 54 3
0 78 73 79 57 57 58 3
0 78 67 73 57 59 57 3
"Regroup01" 0 1
183
0 16.105927 -184.004028 -23.812538 0.000000 0.000000 -1
0 16.473478 -181.558670 -23.444984 0.000000 0.500000 -1
0 -0.068913 -194.519119 -0.166385 0.500000 0.000000 -1
0 16.841015 -179.113312 -23.077448 0.000000 1.000000 -1
0 -4.833674 -190.851059 -4.931139 0.500000 1.000000 -1
0 -0.068913 -194.519119 -0.166385 0.500000 0.500000 -1
0 -23.715075 -184.004028 16.008461 0.000000 0.000000 -1
0 -23.347521 -181.558670 16.376015 0.000000 0.500000 -1
0 -75.935013 -168.306686 -36.211479 0.500000 0.000000 -1
0 -22.979984 -179.113312 16.743551 0.000000 1.000000 -1
0 -75.199928 -163.415955 -35.476395 0.500000 1.000000 -1
0 -75.567467 -165.861343 -35.843929 0.500000 0.500000 -1
0 -126.831810 -143.806030 -87.108276 0.000000 0.000000 -1
0 -126.464287 -141.360657 -86.740753 0.000000 0.500000 -1
0 -108.685501 -155.543823 -108.782967 0.500000 0.000000 -1
0 -126.096741 -138.915314 -86.373207 0.000000 1.000000 -1
0 -107.950424 -150.653091 -108.047890 0.500000 1.000000 -1
0 -108.317963 -153.098465 -108.415428 0.500000 0.500000 -1
0 -87.010811 -143.806030 -126.929276 0.000000 0.000000 -1
0 -86.643288 -141.360657 -126.561752 0.000000 0.500000 -1
0 -36.114010 -168.306686 -76.032478 0.500000 0.000000 -1
0 -86.275742 -138.915314 -126.194206 0.000000 1.000000 -1
0 -35.378929 -163.415955 -75.297394 0.500000 1.000000 -1
0 -35.746464 -165.861343 -75.664932 0.500000 0.500000 -1
0 -36.114010 -168.306686 -76.032478 0.000000 0.500000 -1
0 16.105927 -184.004028 -23.812538 0.000000 1.000000 -1
0 -0.068913 -194.519119 -0.166385 0.500000 1.000000 -1
0 -57.788696 -180.044479 -57.886162 0.500000 0.500000 -1
0 16.841015 -179.113312 -23.077448 0.000000 0.000000 -1
0 -35.378929 -163.415955 -75.297394 0.000000 0.500000 -1
0 -4.833674 -190.851059 -4.931139 0.500000 0.000000 -1
0 -57.053623 -175.153732 -57.151089 0.500000 0.500000 -1
0 -23.715075 -184.004028 16.008461 1.000000 0.000000 -1
0 -23.347521 -181.558670 16.376015 1.000000 0.500000 -1
0 -22.979984 -179.113312 16.743551 1.000000 1.000000 -1
0 -126.831810 -143.806030 -87.108276 1.000000 0.000000 -1
0 -126.464287 -141.360657 -86.740753 1.000000 0.500000 -1
0 -126.096741 -138.915314 -86.373207 1.000000 1.000000 -1
0 -87.010811 -143.806030 -126.929276 1.000000 0.000000 -1
0 -86.643288 -141.360657 -126.561752 1.000000 0.500000 -1
0 -86.275742 -138.915314 -126.194206 1.000000 1.000000 -1
0 16.105927 -184.004028 -23.812538 1.000000 0.000000 -1
0 16.473478 -181.558670 -23.444984 1.000000 0.500000 -1
0 16.841015 -179.113312 -23.077448 1.000000 1.000000 -1
0 -75.935013 -168.306686 -36.211479 1.000000 0.500000 -1
0 -23.715075 -184.004028 16.008461 1.000000 1.000000 -1
0 -22.979984 -179.113312 16.743551 1.000000 0.000000 -1
0 -75.199928 -163.415955 -35.476395 1.000000 0.500000 -1
0 -16.243753 -184.004028 23.479778 0.000000 0.000000 -1
0 -16.611305 -181.558670 23.112225 0.000000 0.500000 -1
0 -16.978842 -179.113312 22.744688 0.000000 1.000000 -1
0 4.695847 -190.851059 4.598379 0.500000 1.000000 -1
0 23.577248 -184.004028 -16.341223 0.000000 0.000000 -1
0 23.209694 -181.558670 -16.708775 0.000000 0.500000 -1
0 75.797188 -168.306686 35.878723 0.500000 0.000000 -1
0 22.842157 -179.113312 -17.076311 0.000000 1.000000 -1
0 75.062103 -163.415955 35.143639 0.500000 1.000000 -1
0 75.429642 -165.861343 35.511173 0.500000 0.500000 -1
0 126.693977 -143.806030 86.775505 0.000000 0.000000 -1
0 126.326447 -141.360657 86.407982 0.000000 0.500000 -1
0 108.547661 -155.543823 108.450188 0.500000 0.000000 -1
0 125.958900 -138.915314 86.040428 0.000000 1.000000 -1
0 107.812584 -150.653091 107.715118 0.500000 1.000000 -1
0 108.180122 -153.098465 108.082657 0.500000 0.500000 -1
0 86.872978 -143.806030 126.596504 0.000000 0.000000 -1
0 86.505447 -141.360657 126.228981 0.000000 0.500000 -1
0 35.976192 -168.306686 75.699715 0.500000 0.000000 -1
0 86.137901 -138.915314 125.861435 0.000000 1.000000 -1
0 35.241108 -163.415955 74.964630 0.500000 1.000000 -1
0 35.608646 -165.861343 75.332169 0.500000 0.500000 -1
0 35.976192 -168.306686 75.699715 0.000000 0.500000 -1
0 -16.243753 -184.004028 23.479778 0.000000 1.000000 -1
0 57.650875 -180.044479 57.553410 0.500000 0.500000 -1
0 -16.978842 -179.113312 22.744688 0.000000 0.000000 -1
0 35.241108 -163.415955 74.964630 0.000000 0.500000 -1
0 4.695847 -190.851059 4.598379 0.500000 0.000000 -1
0 56.915802 -175.153732 56.818333 0.500000 0.500000 -1
0 23.577248 -184.004028 -16.341223 1.000000 0.000000 -1
0 23.209694 -181.558670 -16.708775 1.000000 0.500000 -1
0 22.842157 -179.113312 -17.076311 1.000000 1.000000 -1
0 126.693977 -143.806030 86.775505 1.000000 0.000000 -1
0 126.326447 -141.360657 86.407982 1.000000 0.500000 -1
0 125.958900 -138.915314 86.040428 1.000000 1.000000 -1
0 86.872978 -143.806030 126.596504 1.000000 0.000000 -1
0 86.505447 -141.360657 126.228981 1.000000 0.500000 -1
0 86.137901 -138.915314 125.861435 1.000000 1.000000 -1
0 -16.243753 -184.004028 23.479778 1.000000 0.000000 -1
0 -16.611305 -181.558670 23.112225 1.000000 0.500000 -1
0 -16.978842 -179.113312 22.744688 1.000000 1.000000 -1
0 75.797188 -168.306686 35.878723 1.000000 0.500000 -1
0 23.577248 -184.004028 -16.341223 1.000000 1.000000 -1
0 22.842157 -179.113312 -17.076311 1.000000 0.000000 -1
0 75.062103 -163.415955 35.143639 1.000000 0.500000 -1
0 -23.715073 -184.004028 -16.341227 0.000000 0.000000 -1
0 -23.347521 -181.558670 -16.708780 0.000000 0.500000 -1
0 -22.979984 -179.113312 -17.076317 0.000000 1.000000 -1
0 -4.833672 -190.851059 4.598372 0.500000 1.000000 -1
0 16.105928 -184.004028 23.479771 0.000000 0.000000 -1
0 16.473482 -181.558670 23.112219 0.000000 0.500000 -1
0 -36.114006 -168.306686 75.699707 0.500000 0.000000 -1
0 16.841019 -179.113312 22.744682 0.000000 1.000000 -1
0 -35.378922 -163.415955 74.964622 0.500000 1.000000 -1
0 -35.746460 -165.861343 75.332161 0.500000 0.500000 -1
0 -87.010811 -143.806030 126.596512 0.000000 0.000000 -1
0 -86.643288 -141.360657 126.228989 0.000000 0.500000 -1
0 -108.685493 -155.543823 108.450195 0.500000 0.000000 -1
0 -86.275742 -138.915314 125.861443 0.000000 1.000000 -1
0 -107.950424 -150.653091 107.715126 0.500000 1.000000 -1
0 -108.317963 -153.098465 108.082664 0.500000 0.500000 -1
0 -126.831810 -143.806030 86.775513 0.000000 0.000000 -1
0 -126.464287 -141.360657 86.407990 0.000000 0.500000 -1
0 -75.935013 -168.306686 35.878712 0.500000 0.000000 -1
0 -126.096741 -138.915314 86.040443 0.000000 1.000000 -1
0 -75.199928 -163.415955 35.143631 0.500000 1.000000 -1
0 -75.567459 -165.861343 35.511166 0.500000 0.500000 -1
0 -75.935013 -168.306686 35.878712 0.000000 0.500000 -1
0 -23.715073 -184.004028 -16.341227 0.000000 1.000000 -1
0 -57.788692 -180.044479 57.553398 0.500000 0.500000 -1
0 -22.979984 -179.113312 -17.076317 0.000000 0.000000 -1
0 -75.199928 -163.415955 35.143631 0.000000 0.500000 -1
0 -4.833672 -190.851059 4.598372 0.500000 0.000000 -1
0 -57.053619 -175.153732 56.818325 0.500000 0.500000 -1
0 16.105928 -184.004028 23.479771 1.000000 0.000000 -1
0 16.473482 -181.558670 23.112219 1.000000 0.500000 -1
0 16.841019 -179.113312 22.744682 1.000000 1.000000 -1
0 -87.010811 -143.806030 126.596512 1.000000 0.000000 -1
0 -86.643288 -141.360657 126.228989 1.000000 0.500000 -1
0 -86.275742 -138.915314 125.861443 1.000000 1.000000 -1
0 -126.831810 -143.806030 86.775513 1.000000 0.000000 -1
0 -126.464287 -141.360657 86.407990 1.000000 0.500000 -1
0 -126.096741 -138.915314 86.040443 1.000000 1.000000 -1
0 -23.715073 -184.004028 -16.341227 1.000000 0.000000 -1
0 -23.347521 -181.558670 -16.708780 1.000000 0.500000 -1
0 -22.979984 -179.113312 -17.076317 1.000000 1.000000 -1
0 -36.114006 -168.306686 75.699707 1.000000 0.500000 -1
0 16.105928 -184.004028 23.479771 1.000000 1.000000 -1
0 16.841019 -179.113312 22.744682 1.000000 0.000000 -1
0 -35.378922 -163.415955 74.964622 1.000000 0.500000 -1
0 23.577244 -184.004028 16.008450 0.000000 0.000000 -1
0 23.209692 -181.558670 16.376003 0.000000 0.500000 -1
0 22.842155 -179.113312 16.743540 0.000000 1.000000 -1
0 4.695846 -190.851059 -4.931149 0.500000 1.000000 -1
0 -16.243757 -184.004028 -23.812548 0.000000 0.000000 -1
0 -16.611311 -181.558670 -23.444996 0.000000 0.500000 -1
0 35.976189 -168.306686 -76.032501 0.500000 0.000000 -1
0 -16.978848 -179.113312 -23.077459 0.000000 1.000000 -1
0 35.241104 -163.415955 -75.297417 0.500000 1.000000 -1
0 35.608639 -165.861343 -75.664955 0.500000 0.500000 -1
0 86.872963 -143.806030 -126.929283 0.000000 0.000000 -1
0 86.505440 -141.360657 -126.561760 0.000000 0.500000 -1
0 108.547646 -155.543823 -108.782967 0.500000 0.000000 -1
0 86.137894 -138.915314 -126.194206 0.000000 1.000000 -1
0 107.812576 -150.653091 -108.047897 0.500000 1.000000 -1
0 108.180115 -153.098465 -108.415428 0.500000 0.500000 -1
0 126.693962 -143.806030 -87.108284 0.000000 0.000000 -1
0 126.326439 -141.360657 -86.740761 0.000000 0.500000 -1
0 75.797180 -168.306686 -36.211498 0.500000 0.000000 -1
0 125.958893 -138.915314 -86.373207 0.000000 1.000000 -1
0 75.062103 -163.415955 -35.476414 0.500000 1.000000 -1
0 75.429634 -165.861343 -35.843948 0.500000 0.500000 -1
0 75.797180 -168.306686 -36.211498 0.000000 0.500000 -1
0 23.577244 -184.004028 16.008450 0.000000 1.000000 -1
0 57.650875 -180.044479 -57.886181 0.500000 0.500000 -1
0 22.842155 -179.113312 16.743540 0.000000 0.000000 -1
0 75.062103 -163.415955 -35.476414 0.000000 0.500000 -1
0 4.695846 -190.851059 -4.931149 0.500000 0.000000 -1
0 56.915798 -175.153732 -57.151108 0.500000 0.500000 -1
0 -16.243757 -184.004028 -23.812548 1.000000 0.000000 -1
0 -16.611311 -181.558670 -23.444996 1.000000 0.500000 -1
0 -16.978848 -179.113312 -23.077459 1.000000 1.000000 -1
0 86.872963 -143.806030 -126.929283 1.000000 0.000000 -1
0 86.505440 -141.360657 -126.561760 1.000000 0.500000 -1
0 86.137894 -138.915314 -126.194206 1.000000 1.000000 -1
0 126.693962 -143.806030 -87.108284 1.000000 0.000000 -1
0 126.326439 -141.360657 -86.740761 1.000000 0.500000 -1
0 125.958893 -138.915314 -86.373207 1.000000 1.000000 -1
0 23.577244 -184.004028 16.008450 1.000000 0.000000 -1
0 23.209692 -181.558670 16.376003 1.000000 0.500000 -1
0 22.842155 -179.113312 16.743540 1.000000 1.000000 -1
0 35.976189 -168.306686 -76.032501 1.000000 0.500000 -1
0 -16.243757 -184.004028 -23.812548 1.000000 1.000000 -1
0 -16.978848 -179.113312 -23.077459 1.000000 0.000000 -1
0 35.241104 -163.415955 -75.297417 1.000000 0.500000 -1
205
0.847887 -0.201172 0.490528
0.847887 -0.201168 0.490530
0.586643 0.401784 0.703149
0.539449 0.608921 0.581558
0.629150 0.407749 0.661748
-0.707107 0.000000 0.707107
-0.707107 -0.000000 0.707107
-0.707107 -0.000001 0.707107
-0.707107 0.000001 0.707107
-0.707107 0.000001 0.707107
-0.707107 0.000000 0.707107
-0.691659 0.207903 -0.691653
-0.691655 0.207911 -0.691655
-0.691656 0.207909 -0.691655
-0.691653 0.207914 -0.691656
-0.691655 0.207913 -0.691654
-0.691654 0.207911 -0.691656
0.707107 0.000000 -0.707107
0.707107 0.000000 -0.707107
0.707107 0.000000 -0.707107
0.707107 0.000001 -0.707107
0.707107 0.000001 -0.707107
0.707107 0.000001 -0.707107
0.065735 -0.871813 -0.485408
0.091270 -0.882324 -0.461707
-0.126852 -0.937381 -0.324384
0.124857 -0.917593 -0.377404
-0.225777 -0.973562 -0.034655
-0.188952 -0.967057 -0.170581
-0.141977 0.899840 0.412469
-0.116718 0.891679 0.437362
0.046103 0.968425 0.245006
-0.065735 0.871813 0.485408
0.324383 0.937381 0.126852
0.188085 0.964092 0.187486
0.490527 -0.201173 0.847887
0.711915 0.176428 0.679743
0.691655 -0.207911 0.691655
-0.707107 -0.000001 0.707107
-0.707107 0.000000 0.707107
-0.691654 0.207907 -0.691656
-0.691655 0.207910 -0.691655
-0.691656 0.207917 -0.691652
0.707107 0.000001 -0.707107
0.707107 0.000001 -0.707107
0.707107 0.000000 -0.707107
-0.485408 -0.871813 0.065735
-0.412824 -0.904945 0.103207
-0.359092 -0.929905 0.079562
0.412469 0.899840 -0.141977
0.461707 0.882325 -0.091270
0.485408 0.871813 -0.065735
-0.847887 -0.201172 -0.490528
-0.847887 -0.201168 -0.490530
-0.586643 0.401784 -0.703149
-0.539449 0.608921 -0.581558
-0.629150 0.407749 -0.661748
0.707107 0.000001 -0.707107
0.707107 -0.000000 -0.707107
0.707107 -0.000001 -0.707107
0.707107 0.000001 -0.707107
0.707107 0.000000 -0.707107
0.707107 0.000000 -0.707107
0.691658 0.207905 0.691654
0.691654 0.207911 0.691655
0.691656 0.207908 0.691655
0.691653 0.207915 0.691656
0.691655 0.207913 0.691654
0.691654 0.207911 0.691656
-0.707106 -0.000002 0.707107
-0.707107 -0.000001 0.707107
-0.707107 -0.000001 0.707107
-0.707107 -0.000000 0.707107
-0.707107 0.000000 0.707107
-0.707107 0.000000 0.707107
-0.065735 -0.871813 0.485408
-0.091270 -0.882324 0.461707
0.126852 -0.937381 0.324384
-0.124857 -0.917593 0.377404
0.225777 -0.973562 0.034655
0.188952 -0.967057 0.170581
0.141977 0.899840 -0.412469
0.116718 0.891679 -0.437362
-0.046103 0.968425 -0.245006
0.065735 0.871813 -0.485408
-0.324383 0.937381 -0.126852
-0.188085 0.964092 -0.187486
-0.490528 -0.201172 -0.847887
-0.711915 0.176428 -0.679743
-0.691655 -0.207911 -0.691655
0.707107 0.000001 -0.707107
0.707107 0.000000 -0.707107
0.707107 -0.000002 -0.707106
0.691655 0.207907 0.691656
0.691655 0.207911 0.691655
0.691656 0.207917 0.691652
-0.707107 0.000001 0.707107
-0.707107 0.000000 0.707107
-0.707107 0.000000 0.707107
0.485408 -0.871813 -0.065735
0.412824 -0.904945 -0.103207
0.359092 -0.929905 -0.079562
-0.412469 0.899840 0.141977
-0.461707 0.882324 0.091270
-0.485408 0.871813 0.065735
0.490528 -0.201172 -0.847887
0.490530 -0.201168 -0.847887
0.703149 0.401784 -0.586643
0.581558 0.608921 -0.539449
0.661748 0.407749 -0.629151
0.707107 -0.000001 0.707107
0.707107 -0.000000 0.707107
0.707107 0.000000 0.707107
-0.691654 0.207903 0.691659
-0.691655 0.207909 0.691655
-0.691655 0.207906 0.691656
-0.691656 0.207914 0.691653
-0.691654 0.207913 0.691655
-0.691656 0.207910 0.691654
-0.707107 0.000000 -0.707107
-0.707107 0.000001 -0.707107
-0.707106 0.000001 -0.707107
-0.707107 -0.000001 -0.707107
-0.707107 -0.000001 -0.707107
-0.707107 0.000000 -0.707107
-0.485408 -0.871813 -0.065735
-0.461707 -0.882324 -0.091270
-0.324384 -0.937381 0.126852
-0.377404 -0.917593 -0.124857
-0.034655 -0.973562 0.225777
-0.170581 -0.967057 0.188952
0.412469 0.899840 0.141977
0.437362 0.891679 0.116718
0.245006 0.968425 -0.046103
0.485408 0.871813 0.065735
0.126852 0.937381 -0.324383
0.187486 0.964092 -0.188085
0.847887 -0.201172 -0.490528
0.679743 0.176428 -0.711915
0.691655 -0.207911 -0.691655
-0.691657 0.207905 0.691654
-0.691655 0.207910 0.691655
-0.691652 0.207917 0.691656
-0.707107 0.000001 -0.707107
-0.707107 -0.000001 -0.707107
-0.707107 0.000000 -0.707107
0.065735 -0.871813 0.485408
0.103208 -0.904945 0.412824
0.079562 -0.929905 0.359092
-0.141977 0.899840 -0.412469
-0.091270 0.882324 -0.461707
-0.065735 0.871813 -0.485408
-0.490527 -0.201172 0.847887
-0.490530 -0.201168 0.847887
-0.703149 0.401784 0.586643
-0.581558 0.608921 0.539449
-0.661748 0.407749 0.629150
-0.707107 -0.000001 -0.707107
-0.707107 -0.000001 -0.707107
-0.707107 -0.000001 -0.707107
-0.707107 -0.000000 -0.707107
-0.707107 0.000001 -0.707106
-0.707107 -0.000000 -0.707107
0.691654 0.207903 -0.691659
0.691655 0.207911 -0.691655
0.691655 0.207907 -0.691656
0.691656 0.207914 -0.691653
0.691654 0.207912 -0.691656
0.691656 0.207910 -0.691654
0.707107 0.000000 0.707107
0.707107 -0.000001 0.707106
0.707107 -0.000001 0.707107
0.707107 -0.000002 0.707106
0.707107 -0.000001 0.707107
0.707107 -0.000001 0.707107
0.485408 -0.871813 0.065735
0.461707 -0.882324 0.091270
0.324384 -0.937381 -0.126852
0.377404 -0.917593 0.124857
0.034655 -0.973562 -0.225777
0.170582 -0.967057 -0.188952
-0.412469 0.899840 -0.141977
-0.437362 0.891679 -0.116718
-0.245006 0.968425 0.046103
-0.485408 0.871813 -0.065735
-0.126852 0.937381 0.324384
-0.187486 0.964092 0.188085
-0.847887 -0.201172 0.490528
-0.679743 0.176428 0.711915
-0.691655 -0.207911 0.691655
-0.707107 -0.000001 -0.707107
-0.707107 0.000001 -0.707107
-0.707107 0.000002 -0.707106
0.691657 0.207906 -0.691655
0.691655 0.207910 -0.691655
0.691651 0.207919 -0.691656
0.707107 -0.000001 0.707107
0.707107 -0.000001 0.707107
0.707107 0.000000 0.707107
-0.065735 -0.871813 -0.485408
-0.103207 -0.904945 -0.412824
-0.079562 -0.929905 -0.359092
0.141977 0.899840 0.412469
0.091270 0.882325 0.461707
0.065735 0.871813 0.485408
192
0 0 1 2 0 1 0 1
0 3 4 5 2 3 4 1
0 6 7 8 5 6 7 2
0 9 10 11 8 9 10 2
0 12 13 14 11 12 13 1
0 15 16 17 14 15 16 1
0 18 19 20 17 18 19 2
0 21 22 23 20 21 22 2
0 18 24 14 23 24 25 3
0 25 26 27 26 27 28 3
0 28 29 30 29 30 31 3
0 21 16 31 32 33 34 3
0 32 2 5 35 0 4 1
0 3 5 1 2 4 1 1
0 1 5 2 1 4 0 1
0 32 5 33 35 4 36 1
0 34 33 4 37 36 3 1
0 4 33 5 3 36 4 1
0 35 8 11 38 7 10 2
0 9 11 7 8 10 6 2
0 7 11 8 6 10 7 2
0 35 11 36 38 10 39 2
0 37 36 10 5 39 9 2
0 10 36 11 9 39 10 2
0 38 14 17 40 13 16 1
0 15 17 13 14 16 12 1
0 13 17 14 12 16 13 1
0 38 17 39 40 16 41 1
0 40 39 16 42 41 15 1
0 16 39 17 15 41 16 1
0 41 20 23 43 19 22 2
0 21 23 19 20 22 18 2
0 19 23 20 18 22 19 2
0 41 23 42 43 22 44 2
0 43 42 22 45 44 21 2
0 22 42 23 21 44 22 2
0 35 14 27 46 25 28 3
0 25 27 24 26 28 24 3
0 24 27 14 24 28 25 3
0 35 27 44 46 28 47 3
0 45 44 26 48 47 27 3
0 26 44 27 27 47 28 3
0 46 30 31 49 31 34 3
0 21 31 29 32 34 30 3
0 29 31 30 30 34 31 3
0 46 31 47 49 34 50 3
0 37 47 16 51 50 33 3
0 16 47 31 33 50 34 3
0 48 49 2 52 53 52 1
0 50 51 5 54 55 56 1
0 52 53 54 57 58 59 2
0 55 56 57 60 61 62 2
0 58 59 60 63 64 65 1
0 61 62 63 66 67 68 1
0 64 65 66 69 70 71 2
0 67 68 69 72 73 74 2
0 64 70 60 75 76 77 3
0 71 26 72 78 79 80 3
0 73 74 75 81 82 83 3
0 67 62 76 84 85 86 3
0 77 2 5 87 52 56 1
0 50 5 49 54 56 53 1
0 49 5 2 53 56 52 1
0 77 5 78 87 56 88 1
0 79 78 51 89 88 55 1
0 51 78 5 55 88 56 1
0 80 54 57 90 59 62 2
0 55 57 53 60 62 58 2
0 53 57 54 58 62 59 2
0 80 57 81 90 62 91 2
0 82 81 56 92 91 61 2
0 56 81 57 61 91 62 2
0 83 60 63 93 65 68 1
0 61 63 59 66 68 64 1
0 59 63 60 64 68 65 1
0 83 63 84 93 68 94 1
0 85 84 62 95 94 67 1
0 62 84 63 67 94 68 1
0 86 66 69 96 71 74 2
0 67 69 65 72 74 70 2
0 65 69 66 70 74 71 2
0 86 69 87 96 74 97 2
0 88 87 68 98 97 73 2
0 68 87 69 73 97 74 2
0 80 60 72 99 77 80 3
0 71 72 70 78 80 76 3
0 70 72 60 76 80 77 3
0 80 72 89 99 80 100 3
0 90 89 26 101 100 79 3
0 26 89 72 79 100 80 3
0 91 75 76 102 83 86 3
0 67 76 74 84 86 82 3
0 74 76 75 82 86 83 3
0 91 76 92 102 86 103 3
0 82 92 62 104 103 85 3
0 62 92 76 85 103 86 3
0 93 94 2 105 106 105 1
0 95 96 5 107 108 109 1
0 97 98 99 110 111 111 2
0 100 101 102 112 112 112 2
0 103 104 105 113 114 115 1
0 106 107 108 116 117 118 1
0 109 110 111 119 120 121 2
0 112 113 114 122 123 124 2
0 109 115 105 125 126 127 3
0 116 26 117 128 129 130 3
0 118 119 120 131 132 133 3
0 112 107 121 134 135 136 3
0 122 2 5 137 105 109 1
0 95 5 94 107 109 106 1
0 94 5 2 106 109 105 1
0 122 5 123 137 109 138 1
0 124 123 96 139 138 108 1
0 96 123 5 108 138 109 1
0 125 99 102 112 111 112 2
0 100 102 98 112 112 111 2
0 98 102 99 111 112 111 2
0 125 102 126 112 112 112 2
0 127 126 101 112 112 112 2
0 101 126 102 112 112 112 2
0 128 105 108 140 115 118 1
0 106 108 104 116 118 114 1
0 104 108 105 114 118 115 1
0 128 108 129 140 118 141 1
0 130 129 107 142 141 117 1
0 107 129 108 117 141 118 1
0 131 111 114 143 121 124 2
0 112 114 110 122 124 120 2
0 110 114 111 120 124 121 2
0 131 114 132 143 124 144 2
0 133 132 113 145 144 123 2
0 113 132 114 123 144 124 2
0 125 105 117 146 127 130 3
0 116 117 115 128 130 126 3
0 115 117 105 126 130 127 3
0 125 117 134 146 130 147 3
0 135 134 26 148 147 129 3
0 26 134 117 129 147 130 3
0 136 120 121 149 133 136 3
0 112 121 119 134 136 132 3
0 119 121 120 132 136 133 3
0 136 121 137 149 136 150 3
0 127 137 107 151 150 135 3
0 107 137 121 135 150 136 3
0 138 139 2 152 153 152 1
0 140 141 5 154 155 156 1
0 142 143 144 157 158 159 2
0 145 146 147 160 161 162 2
0 148 149 150 163 164 165 1
0 151 152 153 166 167 168 1
0 154 155 156 169 170 171 2
0 157 158 159 172 173 174 2
0 154 160 150 175 176 177 3
0 161 26 162 178 179 180 3
0 163 164 165 181 182 183 3
0 157 152 166 184 185 186 3
0 167 2 5 187 152 156 1
0 140 5 139 154 156 153 1
0 139 5 2 153 156 152 1
0 167 5 168 187 156 188 1
0 169 168 141 189 188 155 1
0 141 168 5 155 188 156 1
0 170 144 147 190 159 162 2
0 145 147 143 160 162 158 2
0 143 147 144 158 162 159 2
0 170 147 171 190 162 191 2
0 172 171 146 192 191 161 2
0 146 171 147 161 191 162 2
0 173 150 153 193 165 168 1
0 151 153 149 166 168 164 1
0 149 153 150 164 168 165 1
0 173 153 174 193 168 194 1
0 175 174 152 195 194 167 1
0 152 174 153 167 194 168 1
0 176 156 159 196 171 174 2
0 157 159 155 172 174 170 2
0 155 159 156 170 174 171 2
0 176 159 177 196 174 197 2
0 178 177 158 198 197 173 2
0 158 177 159 173 197 174 2
0 170 150 162 199 177 180 3
0 161 162 160 178 180 176 3
0 160 162 150 176 180 177 3
0 170 162 179 199 180 200 3
0 180 179 26 201 200 179 3
0 26 179 162 179 200 180 3
0 181 165 166 202 183 186 3
0 157 166 164 184 186 182 3
0 164 166 165 182 186 183 3
0 181 166 182 202 186 203 3
0 172 182 152 204 203 185 3
0 152 182 166 185 203 186 3
"Duplicate10" 0 0
84
0 0.000000 -80.295860 0.000000 0.000000 0.700000 -1
0 30.187302 -80.118660 -0.000000 0.000000 0.650000 -1
0 0.000000 -80.295860 0.000000 0.050000 0.700000 -1
0 28.709829 -80.118660 9.328389 0.050000 0.650000 -1
0 24.422039 -80.118660 17.743650 0.100000 0.650000 -1
0 0.000000 -80.295860 0.000000 0.100000 0.700000 -1
0 0.000000 -80.295860 0.000000 0.150000 0.700000 -1
0 17.743650 -80.118660 24.422039 0.150000 0.650000 -1
0 9.328389 -80.118660 28.709829 0.200000 0.650000 -1
0 0.000000 -80.295860 0.000000 0.200000 0.700000 -1
0 0.000000 -80.295860 0.000000 0.250000 0.700000 -1
0 -0.000000 -80.118660 30.187302 0.250000 0.650000 -1
0 -9.328389 -80.118660 28.709829 0.300000 0.650000 -1
0 0.000000 -80.295860 0.000000 0.300000 0.700000 -1
0 0.000000 -80.295860 0.000000 0.350000 0.700000 -1
0 -17.743650 -80.118660 24.422039 0.350000 0.650000 -1
0 -24.422039 -80.118660 17.743650 0.400000 0.650000 -1
0 0.000000 -80.295860 0.000000 0.400000 0.700000 -1
0 0.000000 -80.295860 0.000000 0.450000 0.700000 -1
0 -28.709829 -80.118660 9.328389 0.450000 0.650000 -1
0 -30.187302 -80.118660 -0.000000 0.500000 0.650000 -1
0 0.000000 -80.295860 0.000000 0.500000 0.700000 -1
0 0.000000 -80.295860 0.000000 0.550000 0.700000 -1
0 -28.709829 -80.118660 -9.328389 0.550000 0.650000 -1
0 -24.422039 -80.118660 -17.743650 0.600000 0.650000 -1
0 0.000000 -80.295860 0.000000 0.600000 0.700000 -1
0 0.000000 -80.295860 0.000000 0.650000 0.700000 -1
0 -17.743650 -80.118660 -24.422039 0.650000 0.650000 -1
0 -9.328389 -80.118660 -28.709829 0.700000 0.650000 -1
0 0.000000 -80.295860 0.000000 0.700000 0.700000 -1
0 0.000000 -80.295860 0.000000 0.750000 0.700000 -1
0 -0.000000 -80.118660 -30.187302 0.750000 0.650000 -1
0 9.328389 -80.118660 -28.709829 0.800000 0.650000 -1
0 0.000000 -80.295860 0.000000 0.800000 0.700000 -1
0 0.000000 -80.295860 0.000000 0.850000 0.700000 -1
0 17.743650 -80.118660 -24.422039 0.850000 0.650000 -1
0 24.422039 -80.118660 -17.743650 0.900000 0.650000 -1
0 0.000000 -80.295860 0.000000 0.900000 0.700000 -1
0 0.000000 -80.295860 0.000000 0.950000 0.700000 -1
0 28.709829 -80.118660 -9.328389 0.950000 0.650000 -1
0 30.187302 -80.118660 -0.000000 1.000000 0.650000 -1
0 0.000000 -80.295860 0.000000 1.000000 0.700000 -1
0 32.221794 -64.561363 -0.000000 0.000000 0.600000 -1
0 30.644749 -64.561363 9.957083 0.050000 0.600000 -1
0 26.067978 -64.561363 18.939497 0.100000 0.600000 -1
0 18.939497 -64.561363 26.067978 0.150000 0.600000 -1
0 9.957083 -64.561363 30.644749 0.200000 0.600000 -1
0 -0.000000 -64.561363 32.221794 0.250000 0.600000 -1
0 -9.957083 -64.561363 30.644749 0.300000 0.600000 -1
0 -18.939497 -64.561363 26.067978 0.350000 0.600000 -1
0 -26.067978 -64.561363 18.939497 0.400000 0.600000 -1
0 -30.644749 -64.561363 9.957083 0.450000 0.600000 -1
0 -32.221794 -64.561363 -0.000000 0.500000 0.600000 -1
0 -30.644749 -64.561363 -9.957083 0.550000 0.600000 -1
0 -26.067978 -64.561363 -18.939497 0.600000 0.600000 -1
0 -18.939497 -64.561363 -26.067978 0.650000 0.600000 -1
0 -9.957083 -64.561363 -30.644749 0.700000 0.600000 -1
0 -0.000000 -64.561363 -32.221794 0.750000 0.600000 -1
0 9.957083 -64.561363 -30.644749 0.800000 0.600000 -1
0 18.939497 -64.561363 -26.067978 0.850000 0.600000 -1
0 26.067978 -64.561363 -18.939497 0.900000 0.600000 -1
0 30.644749 -64.561363 -9.957083 0.950000 0.600000 -1
0 32.221794 -64.561363 -0.000000 1.000000 0.600000 -1
0 33.462879 -48.187569 -0.000000 0.000000 0.550000 -1
0 31.825090 -48.187569 10.340599 0.050000 0.550000 -1
0 27.072039 -48.187569 19.668987 0.100000 0.550000 -1
0 19.668987 -48.187569 27.072039 0.150000 0.550000 -1
0 10.340599 -48.187569 31.825090 0.200000 0.550000 -1
0 -0.000000 -48.187569 33.462879 0.250000 0.550000 -1
0 -10.340599 -48.187569 31.825090 0.300000 0.550000 -1
0 -19.668987 -48.187569 27.072039 0.350000 0.550000 -1
0 -27.072039 -48.187569 19.668987 0.400000 0.550000 -1
0 -31.825090 -48.187569 10.340599 0.450000 0.550000 -1
0 -33.462879 -48.187569 -0.000000 0.500000 0.550000 -1
0 -31.825090 -48.187569 -10.340599 0.550000 0.550000 -1
0 -27.072039 -48.187569 -19.668987 0.600000 0.550000 -1
0 -19.668987 -48.187569 -27.072039 0.650000 0.550000 -1
0 -10.340599 -48.187569 -31.825090 0.700000 0.550000 -1
0 -0.000000 -48.187569 -33.462879 0.750000 0.550000 -1
0 10.340599 -48.187569 -31.825090 0.800000 0.550000 -1
0 19.668987 -48.187569 -27.072039 0.850000 0.550000 -1
0 27.072039 -48.187569 -19.668987 0.900000 0.550000 -1
0 31.825090 -48.187569 -10.340599 0.950000 0.550000 -1
0 33.462879 -48.187569 -0.000000 1.000000 0.550000 -1
81
0.000000 0.000000 0.000000
0.005870 -0.999983 0.000000
0.005583 -0.999983 0.001814
0.004749 -0.999983 0.003450
0.003450 -0.999983 0.004749
0.001814 -0.999983 0.005583
0.000000 -0.999983 0.005870
-0.001814 -0.999983 0.005583
-0.003450 -0.999983 0.004749
-0.004749 -0.999983 0.003450
-0.005583 -0.999983 0.001814
-0.005870 -0.999983 0.000000
-0.005583 -0.999983 -0.001814
-0.004749 -0.999983 -0.003450
-0.003450 -0.999983 -0.004749
-0.001814 -0.999983 -0.005583
0.000000 -0.999983 -0.005870
0.001814 -0.999983 -0.005583
0.003450 -0.999983 -0.004749
0.004749 -0.999983 -0.003450
0.005583 -0.999983 -0.001814
0.991557 -0.129670 0.000000
0.994716 -0.102665 0.000000
0.946031 -0.102665 0.307384
0.943027 -0.129670 0.306408
0.802187 -0.129670 0.582823
0.804742 -0.102665 0.584679
0.584679 -0.102665 0.804742
0.582823 -0.129670 0.802187
0.306408 -0.129670 0.943027
0.307384 -0.102665 0.946031
0.000000 -0.102665 0.994716
0.000000 -0.129670 0.991557
-0.306408 -0.129670 0.943027
-0.307384 -0.102665 0.946031
-0.584679 -0.102665 0.804742
-0.582823 -0.129670 0.802187
-0.802187 -0.129670 0.582823
-0.804742 -0.102665 0.584679
-0.946031 -0.102665 0.307384
-0.943027 -0.129670 0.306408
-0.991557 -0.129670 0.000000
-0.994716 -0.102665 0.000000
-0.946031 -0.102665 -0.307384
-0.943027 -0.129670 -0.306408
-0.802187 -0.129670 -0.582823
-0.804742 -0.102665 -0.584679
-0.584679 -0.102665 -0.804742
-0.582823 -0.129670 -0.802187
-0.306408 -0.129670 -0.943027
-0.307384 -0.102665 -0.946031
0.000000 -0.102665 -0.994716
0.000000 -0.129670 -0.991557
0.306408 -0.129670 -0.943027
0.307384 -0.102665 -0.946031
0.584679 -0.102665 -0.804742
0.582823 -0.129670 -0.802187
0.802187 -0.129670 -0.582823
0.804742 -0.102665 -0.584679
0.946031 -0.102665 -0.307384
0.943027 -0.129670 -0.306408
0.997140 -0.075580 0.000000
0.948336 -0.075580 0.308133
0.806703 -0.075580 0.586104
0.586104 -0.075580 0.806703
0.308133 -0.075580 0.948336
0.000000 -0.075580 0.997140
-0.308133 -0.075580 0.948336
-0.586104 -0.075580 0.806703
-0.806703 -0.075580 0.586104
-0.948336 -0.075580 0.308133
-0.997140 -0.075580 0.000000
-0.948336 -0.075580 -0.308133
-0.806703 -0.075580 -0.586104
-0.586104 -0.075580 -0.806703
-0.308133 -0.075580 -0.948336
0.000000 -0.075580 -0.997140
0.308133 -0.075580 -0.948336
0.586104 -0.075580 -0.806703
0.806703 -0.075580 -0.586104
0.948336 -0.075580 -0.308133
120
0 0 1 2 0 1 2 1
0 1 3 2 1 2 2 1
0 2 3 4 2 2 3 1
0 2 4 5 2 3 0 1
0 5 4 6 0 3 4 1
0 4 7 6 3 4 4 1
0 6 7 8 4 4 5 1
0 6 8 9 4 5 0 1
0 9 8 10 0 5 6 1
0 8 11 10 5 6 6 1
0 10 11 12 6 6 7 1
0 10 12 13 6 7 0 1
0 13 12 14 0 7 8 1
0 12 15 14 7 8 8 1
0 14 15 16 8 8 9 1
0 14 16 17 8 9 0 1
0 17 16 18 0 9 10 1
0 16 19 18 9 10 10 1
0 18 19 20 10 10 11 1
0 18 20 21 10 11 0 1
0 21 20 22 0 11 12 1
0 20 23 22 11 12 12 1
0 22 23 24 12 12 13 1
0 22 24 25 12 13 0 1
0 25 24 26 0 13 14 1
0 24 27 26 13 14 14 1
0 26 27 28 14 14 15 1
0 26 28 29 14 15 0 1
0 29 28 30 0 15 16 1
0 28 31 30 15 16 16 1
0 30 31 32 16 16 17 1
0 30 32 33 16 17 0 1
0 33 32 34 0 17 18 1
0 32 35 34 17 18 18 1
0 34 35 36 18 18 19 1
0 34 36 37 18 19 0 1
0 37 36 38 0 19 20 1
0 36 39 38 19 20 20 1
0 38 39 40 20 20 1 1
0 38 40 41 20 1 0 1
0 1 42 43 21 22 23 1
0 1 43 3 21 23 24 1
0 3 43 4 24 23 25 1
0 43 44 4 23 26 25 1
0 4 44 45 25 26 27 1
0 4 45 7 25 27 28 1
0 7 45 8 28 27 29 1
0 45 46 8 27 30 29 1
0 8 46 47 29 30 31 1
0 8 47 11 29 31 32 1
0 11 47 12 32 31 33 1
0 47 48 12 31 34 33 1
0 12 48 49 33 34 35 1
0 12 49 15 33 35 36 1
0 15 49 16 36 35 37 1
0 49 50 16 35 38 37 1
0 16 50 51 37 38 39 1
0 16 51 19 37 39 40 1
0 19 51 20 40 39 41 1
0 51 52 20 39 42 41 1
0 20 52 53 41 42 43 1
0 20 53 23 41 43 44 1
0 23 53 24 44 43 45 1
0 53 54 24 43 46 45 1
0 24 54 55 45 46 47 1
0 24 55 27 45 47 48 1
0 27 55 28 48 47 49 1
0 55 56 28 47 50 49 1
0 28 56 57 49 50 51 1
0 28 57 31 49 51 52 1
0 31 57 32 52 51 53 1
0 57 58 32 51 54 53 1
0 32 58 59 53 54 55 1
0 32 59 35 53 55 56 1
0 35 59 36 56 55 57 1
0 59 60 36 55 58 57 1
0 36 60 61 57 58 59 1
0 36 61 39 57 59 60 1
0 39 61 40 60 59 21 1
0 61 62 40 59 22 21 1
0 42 63 43 22 61 23 1
0 63 64 43 61 62 23 1
0 43 64 65 23 62 63 1
0 43 65 44 23 63 26 1
0 44 65 45 26 63 27 1
0 65 66 45 63 64 27 1
0 45 66 67 27 64 65 1
0 45 67 46 27 65 30 1
0 46 67 47 30 65 31 1
0 67 68 47 65 66 31 1
0 47 68 69 31 66 67 1
0 47 69 48 31 67 34 1
0 48 69 49 34 67 35 1
0 69 70 49 67 68 35 1
0 49 70 71 35 68 69 1
0 49 71 50 35 69 38 1
0 50 71 51 38 69 39 1
0 71 72 51 69 70 39 1
0 51 72 73 39 70 71 1
0 51 73 52 39 71 42 1
0 52 73 53 42 71 43 1
0 73 74 53 71 72 43 1
0 53 74 75 43 72 73 1
0 53 75 54 43 73 46 1
0 54 75 55 46 73 47 1
0 75 76 55 73 74 47 1
0 55 76 77 47 74 75 1
0 55 77 56 47 75 50 1
0 56 77 57 50 75 51 1
0 77 78 57 75 76 51 1
0 57 78 79 51 76 77 1
0 57 79 58 51 77 54 1
0 58 79 59 54 77 55 1
0 79 80 59 77 78 55 1
0 59 80 81 55 78 79 1
0 59 81 60 55 79 58 1
0 60 81 61 58 79 59 1
0 81 82 61 79 80 59 1
0 61 82 83 59 80 61 1
0 61 83 62 59 61 22 1
"Duplicate11" 0 2
42
0 32.044422 176.419769 -0.000000 0.000000 0.350000 -1
0 29.095734 197.856949 -0.000000 0.000000 0.300000 -1
0 27.671682 197.856949 8.991074 0.050000 0.300000 -1
0 30.476059 176.419769 9.902271 0.050000 0.350000 -1
0 25.924484 176.419769 18.835243 0.100000 0.350000 -1
0 23.538939 197.856949 17.102039 0.100000 0.300000 -1
0 17.102039 197.856949 23.538939 0.150000 0.300000 -1
0 18.835243 176.419769 25.924484 0.150000 0.350000 -1
0 9.902272 176.419769 30.476059 0.200000 0.350000 -1
0 8.991075 197.856949 27.671682 0.200000 0.300000 -1
0 -0.000000 197.856949 29.095734 0.250000 0.300000 -1
0 -0.000000 176.419769 32.044422 0.250000 0.350000 -1
0 -9.902272 176.419769 30.476059 0.300000 0.350000 -1
0 -8.991075 197.856949 27.671682 0.300000 0.300000 -1
0 -17.102039 197.856949 23.538939 0.350000 0.300000 -1
0 -18.835243 176.419769 25.924484 0.350000 0.350000 -1
0 -25.924484 176.419769 18.835243 0.400000 0.350000 -1
0 -23.538939 197.856949 17.102039 0.400000 0.300000 -1
0 -27.671682 197.856949 8.991074 0.450000 0.300000 -1
0 -30.476059 176.419769 9.902271 0.450000 0.350000 -1
0 -32.044422 176.419769 -0.000000 0.500000 0.350000 -1
0 -29.095734 197.856949 -0.000000 0.500000 0.300000 -1
0 -27.671682 197.856949 -8.991076 0.550000 0.300000 -1
0 -30.476059 176.419769 -9.902273 0.550000 0.350000 -1
0 -25.924484 176.419769 -18.835243 0.600000 0.350000 -1
0 -23.538939 197.856949 -17.102039 0.600000 0.300000 -1
0 -17.102039 197.856949 -23.538939 0.650000 0.300000 -1
0 -18.835243 176.419769 -25.924484 0.650000 0.350000 -1
0 -9.902272 176.419769 -30.476059 0.700000 0.350000 -1
0 -8.991075 197.856949 -27.671682 0.700000 0.300000 -1
0 -0.000000 197.856949 -29.095734 0.750000 0.300000 -1
0 -0.000000 176.419769 -32.044422 0.750000 0.350000 -1
0 9.902272 176.419769 -30.476059 0.800000 0.350000 -1
0 8.991075 197.856949 -27.671682 0.800000 0.300000 -1
0 17.102039 197.856949 -23.538939 0.850000 0.300000 -1
0 18.835243 176.419769 -25.924484 0.850000 0.350000 -1
0 25.924484 176.419769 -18.835243 0.900000 0.350000 -1
0 23.538939 197.856949 -17.102039 0.900000 0.300000 -1
0 27.671682 197.856949 -8.991076 0.950000 0.300000 -1
0 30.476059 176.419769 -9.902273 0.950000 0.350000 -1
0 32.044422 176.419769 -0.000000 1.000000 0.350000 -1
0 29.095734 197.856949 -0.000000 1.000000 0.300000 -1
40
0.990672 0.136267 0.000000
0.990672 0.136267 0.000000
0.942185 0.136267 0.306135
0.942185 0.136267 0.306134
0.801471 0.136268 0.582302
0.801471 0.136268 0.582302
0.582302 0.136268 0.801471
0.582302 0.136268 0.801471
0.306135 0.136267 0.942185
0.306135 0.136268 0.942185
-0.000000 0.136267 0.990672
0.000000 0.136267 0.990672
-0.306135 0.136267 0.942185
-0.306135 0.136268 0.942185
-0.582302 0.136268 0.801471
-0.582302 0.136268 0.801471
-0.801471 0.136268 0.582302
-0.801471 0.136268 0.582302
-0.942185 0.136267 0.306135
-0.942185 0.136267 0.306134
-0.990672 0.136267 0.000000
-0.990672 0.136267 0.000000
-0.942185 0.136267 -0.306135
-0.942185 0.136267 -0.306134
-0.801471 0.136268 -0.582302
-0.801471 0.136268 -0.582303
-0.582302 0.136268 -0.801471
-0.582302 0.136268 -0.801471
-0.306135 0.136267 -0.942185
-0.306135 0.136268 -0.942185
0.000000 0.136267 -0.990672
0.000000 0.136267 -0.990672
0.306135 0.136267 -0.942185
0.306135 0.136268 -0.942185
0.582302 0.136268 -0.801471
0.582302 0.136268 -0.801471
0.801471 0.136268 -0.582302
0.801471 0.136268 -0.582303
0.942185 0.136267 -0.306135
0.942185 0.136267 -0.306134
40
0 0 1 2 0 1 2 1
0 0 2 3 0 2 3 1
0 3 2 4 3 2 4 1
0 2 5 4 2 5 4 1
0 4 5 6 4 5 6 1
0 4 6 7 4 6 7 1
0 7 6 8 7 6 8 1
0 6 9 8 6 9 8 1
0 8 9 10 8 9 10 1
0 8 10 11 8 10 11 1
0 11 10 12 11 10 12 1
0 10 13 12 10 13 12 1
0 12 13 14 12 13 14 1
0 12 14 15 12 14 15 1
0 15 14 16 15 14 16 1
0 14 17 16 14 17 16 1
0 16 17 18 16 17 18 1
0 16 18 19 16 18 19 1
0 19 18 20 19 18 20 1
0 18 21 20 18 21 20 1
0 20 21 22 20 21 22 1
0 20 22 23 20 22 23 1
0 23 22 24 23 22 24 1
0 22 25 24 22 25 24 1
0 24 25 26 24 25 26 1
0 24 26 27 24 26 27 1
0 27 26 28 27 26 28 1
0 26 29 28 26 29 28 1
0 28 29 30 28 29 30 1
0 28 30 31 28 30 31 1
0 31 30 32 31 30 32 1
0 30 33 32 30 33 32 1
0 32 33 34 32 33 34 1
0 32 34 35 32 34 35 1
0 35 34 36 35 34 36 1
0 34 37 36 34 37 36 1
0 36 37 38 36 37 38 1
0 36 38 39 36 38 39 1
0 39 38 40 39 38 0 1
0 38 41 40 38 1 0 1
"Duplicate13" 0 2
42
0 27.284473 205.919769 -0.000000 0.000000 0.350000 -1
1 22.404976 227.356949 -0.000000 0.000000 0.300000 -1
1 21.308393 227.356949 6.923517 0.050000 0.300000 -1
0 25.949083 205.919769 8.431370 0.050000 0.350000 -1
0 22.073608 205.919769 16.037418 0.100000 0.350000 -1
1 18.126003 227.356949 13.169312 0.100000 0.300000 -1
1 13.169312 227.356949 18.126003 0.150000 0.300000 -1
0 16.037418 205.919769 22.073608 0.150000 0.350000 -1
0 8.431370 205.919769 25.949083 0.200000 0.350000 -1
1 6.923518 227.356949 21.308393 0.200000 0.300000 -1
1 0.000000 227.356949 22.404976 0.250000 0.300000 -1
0 0.000000 205.919769 27.284473 0.250000 0.350000 -1
0 -8.431370 205.919769 25.949083 0.300000 0.350000 -1
1 -6.923517 227.356949 21.308393 0.300000 0.300000 -1
1 -13.169312 227.356949 18.126003 0.350000 0.300000 -1
0 -16.037418 205.919769 22.073608 0.350000 0.350000 -1
0 -22.073608 205.919769 16.037418 0.400000 0.350000 -1
1 -18.126003 227.356949 13.169312 0.400000 0.300000 -1
1 -21.308393 227.356949 6.923517 0.450000 0.300000 -1
0 -25.949083 205.919769 8.431370 0.450000 0.350000 -1
0 -27.284473 205.919769 -0.000000 0.500000 0.350000 -1
1 -22.404976 227.356949 -0.000000 0.500000 0.300000 -1
1 -21.308393 227.356949 -6.923518 0.550000 0.300000 -1
0 -25.949083 205.919769 -8.431370 0.550000 0.350000 -1
0 -22.073608 205.919769 -16.037418 0.600000 0.350000 -1
1 -18.126003 227.356949 -13.169312 0.600000 0.300000 -1
1 -13.169312 227.356949 -18.126003 0.650000 0.300000 -1
0 -16.037418 205.919769 -22.073608 0.650000 0.350000 -1
0 -8.431370 205.919769 -25.949083 0.700000 0.350000 -1
1 -6.923517 227.356949 -21.308393 0.700000 0.300000 -1
1 0.000000 227.356949 -22.404976 0.750000 0.300000 -1
0 0.000000 205.919769 -27.284473 0.750000 0.350000 -1
0 8.431370 205.919769 -25.949083 0.800000 0.350000 -1
1 6.923518 227.356949 -21.308393 0.800000 0.300000 -1
1 13.169312 227.356949 -18.126003 0.850000 0.300000 -1
0 16.037418 205.919769 -22.073608 0.850000 0.350000 -1
0 22.073608 205.919769 -16.037418 0.900000 0.350000 -1
1 18.126003 227.356949 -13.169312 0.900000 0.300000 -1
1 21.308393 227.356949 -6.923518 0.950000 0.300000 -1
0 25.949083 205.919769 -8.431370 0.950000 0.350000 -1
0 27.284473 205.919769 -0.000000 1.000000 0.350000 -1
1 22.404976 227.356949 -0.000000 1.000000 0.300000 -1
38
0.975060 0.221942 0.000000
0.975060 0.221942 0.000000
0.927337 0.221942 0.301310
0.927337 0.221942 0.301310
0.788840 0.221942 0.573126
0.788840 0.221942 0.573126
0.573126 0.221942 0.788840
0.301310 0.221942 0.927337
0.301310 0.221942 0.927337
0.000000 0.221942 0.975060
0.000000 0.221942 0.975060
-0.301310 0.221942 0.927337
-0.301310 0.221942 0.927337
-0.573126 0.221942 0.788840
-0.573126 0.221942 0.788840
-0.788840 0.221942 0.573126
-0.788840 0.221942 0.573126
-0.927337 0.221942 0.301310
-0.927337 0.221942 0.301310
-0.975060 0.221942 0.000000
-0.975060 0.221942 0.000000
-0.927337 0.221942 -0.301310
-0.927337 0.221942 -0.301310
-0.788840 0.221942 -0.573126
-0.788840 0.221942 -0.573126
-0.573126 0.221942 -0.788840
-0.573126 0.221942 -0.788840
-0.301310 0.221942 -0.927337
-0.301310 0.221942 -0.927337
-0.000000 0.221942 -0.975060
0.000000 0.221942 -0.975060
0.301310 0.221942 -0.927337
0.301310 0.221942 -0.927337
0.573126 0.221942 -0.788840
0.788840 0.221942 -0.573126
0.788840 0.221942 -0.573126
0.927337 0.221942 -0.301310
0.927337 0.221942 -0.301310
40
0 0 1 2 0 1 2 1
0 0 2 3 0 2 3 1
0 3 2 4 3 2 4 1
0 2 5 4 2 5 4 1
0 4 5 6 4 5 6 1
0 4 6 7 4 6 6 1
0 7 6 8 6 6 7 1
0 6 9 8 6 8 7 1
0 8 9 10 7 8 9 1
0 8 10 11 7 9 10 1
0 11 10 12 10 9 11 1
0 10 13 12 9 12 11 1
0 12 13 14 11 12 13 1
0 12 14 15 11 13 14 1
0 15 14 16 14 13 15 1
0 14 17 16 13 16 15 1
0 16 17 18 15 16 17 1
0 16 18 19 15 17 18 1
0 19 18 20 18 17 19 1
0 18 21 20 17 20 19 1
0 20 21 22 19 20 21 1
0 20 22 23 19 21 22 1
0 23 22 24 22 21 23 1
0 22 25 24 21 24 23 1
0 24 25 26 23 24 25 1
0 24 26 27 23 25 26 1
0 27 26 28 26 25 27 1
0 26 29 28 25 28 27 1
0 28 29 30 27 28 29 1
0 28 30 31 27 29 30 1
0 31 30 32 30 29 31 1
0 30 33 32 29 32 31 1
0 32 33 34 31 32 33 1
0 32 34 35 31 33 33 1
0 35 34 36 33 33 34 1
0 34 37 36 33 35 34 1
0 36 37 38 34 35 36 1
0 36 38 39 34 36 37 1
0 39 38 40 37 36 0 1
0 38 41 40 36 1 0 1

Materials: 3
"Material02"
0.200000 0.200000 0.200000 1.000000
0.800000 0.800000 0.800000 1.000000
0.000000 0.000000 0.000000 1.000000
0.501961 0.501961 0.501961 1.000000
0.000000
1.000000
"sphere_chrome.bmp"
""
"Material03"
0.200000 0.200000 0.200000 1.000000
0.360784 0.360784 0.360784 1.000000
0.000000 0.000000 0.000000 1.000000
0.243137 0.243137 0.243137 1.000000
0.000000
1.000000
"sphere_olive.bmp"
""
"Material04"
0.200000 0.200000 0.200000 1.000000
1.000000 0.501961 0.000000 1.000000
0.000000 0.000000 0.000000 1.000000
0.501961 0.501961 0.501961 1.000000
0.000000
1.000000
"sphere_chrome.bmp"
""

Bones: 0
GroupComments: 0
MaterialComments: 0
BoneComments: 0
ModelComment: 0
