// MilkShape 3D ASCII

Frames: 30
Frame: 1

Meshes: 4
"Regroup00" 1 0
200
1 1.253975 77.732498 0.000050 0.065677 0.464774 -1
1 0.000576 79.517082 0.000050 0.046054 0.464774 -1
1 1.158575 77.732498 0.479649 0.065677 0.483853 -1
1 1.158575 77.732498 -0.479652 0.065677 0.445694 -1
1 2.047976 75.737885 0.000050 0.087608 0.464774 -1
1 1.892176 75.737885 -0.783451 0.087608 0.433612 -1
1 1.892176 75.737885 0.783550 0.087608 0.495941 -1
1 0.886875 77.732498 0.886349 0.065677 0.500030 -1
1 1.448376 75.737885 1.447750 0.087608 0.522361 -1
1 0.480274 77.732498 1.158051 0.065677 0.510835 -1
1 0.784075 75.737885 1.891651 0.087608 0.540017 -1
1 0.000576 77.732498 1.253448 0.065677 0.514634 -1
1 0.000576 75.737885 2.047451 0.087608 0.546215 -1
1 1.061575 73.332253 2.561649 0.114058 0.566672 -1
1 0.000576 73.332253 2.772648 0.114058 0.575058 -1
1 1.961075 73.332253 1.960548 0.114058 0.542758 -1
1 2.562176 73.332253 1.061050 0.114058 0.506980 -1
1 2.773175 73.332253 0.000050 0.114058 0.464774 -1
1 3.441476 67.978424 1.425251 0.172926 0.521466 -1
1 3.724976 67.978424 0.000050 0.172926 0.464774 -1
1 2.634076 67.978424 2.633549 0.172926 0.569529 -1
1 1.425876 67.978424 3.440948 0.172926 0.601646 -1
1 0.000577 67.978424 3.724449 0.172926 0.612919 -1
1 1.759278 60.753822 4.245850 0.252362 0.633662 -1
1 0.000578 60.753822 4.595650 0.252362 0.647578 -1
1 3.250178 60.753822 3.249649 0.252362 0.594037 -1
1 4.246377 60.753822 1.758751 0.252362 0.534734 -1
1 4.596176 60.753822 0.000050 0.252362 0.464774 -1
1 4.762979 53.705624 1.972649 0.329860 0.543239 -1
1 5.155378 53.705624 0.000050 0.329860 0.464774 -1
1 3.645578 53.705624 3.645050 0.329860 0.609765 -1
1 1.973277 53.705624 4.762451 0.329860 0.654209 -1
1 0.000579 53.705624 5.154850 0.329860 0.669820 -1
1 1.973281 26.269222 4.762451 0.631533 0.654209 -1
1 0.000583 26.269222 5.154850 0.631533 0.669820 -1
1 3.645581 26.269222 3.645050 0.631533 0.609765 -1
1 4.762983 26.269222 1.972649 0.631533 0.543239 -1
1 5.155382 26.269222 0.000050 0.631533 0.464774 -1
1 4.034383 14.412525 1.670849 0.761901 0.531233 -1
1 4.366683 14.412525 0.000050 0.761901 0.464774 -1
1 3.087884 14.412525 3.087349 0.761901 0.587579 -1
1 2.717284 11.735323 1.125351 0.791337 0.509536 -1
1 2.079885 11.735323 2.079250 0.791337 0.547481 -1
1 2.941083 11.735323 0.000050 0.791337 0.464774 -1
1 1.939985 8.977724 0.803349 0.821659 0.496730 -1
1 2.099784 8.977724 0.000050 0.821659 0.464774 -1
1 1.484884 8.977724 1.484348 0.821659 0.523818 -1
1 1.125885 11.735323 2.716751 0.791337 0.572837 -1
1 0.803884 8.977724 1.939449 0.821659 0.541920 -1
1 1.671384 14.412525 4.033848 0.761901 0.625231 -1
1 0.000584 14.412525 4.366150 0.761901 0.638447 -1
1 0.000585 11.735323 2.940548 0.791337 0.581740 -1
1 0.000585 8.977724 2.099148 0.821659 0.548271 -1
1 0.803885 0.482918 1.939449 0.915062 0.541920 -1
1 0.000586 0.482918 2.099148 0.915062 0.548271 -1
1 1.484885 0.482918 1.484348 0.915062 0.523818 -1
1 1.939986 0.482918 0.803349 0.915062 0.496730 -1
1 2.099786 0.482918 0.000050 0.915062 0.464774 -1
1 0.000586 0.482918 -2.099152 0.915062 0.381275 -1
1 0.803885 0.482918 -1.939350 0.915062 0.387634 -1
1 1.484885 0.482918 -1.484352 0.915062 0.405733 -1
1 1.939986 0.482918 -0.803249 0.915062 0.432823 -1
1 0.803884 8.977724 -1.939350 0.821659 0.387633 -1
1 0.000585 8.977724 -2.099152 0.821659 0.381274 -1
1 1.484884 8.977724 -1.484352 0.821659 0.405733 -1
1 1.939985 8.977724 -0.803249 0.821659 0.432823 -1
1 2.717284 11.735323 -1.125252 0.791337 0.420016 -1
1 2.079885 11.735323 -2.079250 0.791337 0.382065 -1
1 1.125885 11.735323 -2.716652 0.791337 0.356715 -1
1 0.000585 11.735323 -2.940449 0.791337 0.347811 -1
1 1.671384 14.412525 -4.033752 0.761901 0.304325 -1
1 0.000584 14.412525 -4.366150 0.761901 0.291101 -1
1 3.087884 14.412525 -3.087349 0.761901 0.341969 -1
1 4.034383 14.412525 -1.670849 0.761901 0.398314 -1
1 4.762983 26.269222 -1.972652 0.631533 0.386307 -1
1 3.645581 26.269222 -3.644951 0.631533 0.319787 -1
1 1.973281 26.269222 -4.762451 0.631533 0.275337 -1
1 0.000583 26.269222 -5.154850 0.631533 0.259728 -1
1 1.973277 53.705624 -4.762451 0.329860 0.275337 -1
1 0.000579 53.705624 -5.154850 0.329860 0.259728 -1
1 3.645578 53.705624 -3.644951 0.329860 0.319787 -1
1 4.762979 53.705624 -1.972652 0.329860 0.386307 -1
1 4.246377 60.753822 -1.758652 0.252362 0.394816 -1
1 3.250178 60.753822 -3.249550 0.252362 0.335515 -1
1 1.759278 60.753822 -4.245850 0.252362 0.295889 -1
1 0.000578 60.753822 -4.595650 0.252362 0.281972 -1
1 0.000577 67.978424 -3.724350 0.172926 0.316629 -1
1 1.425876 67.978424 -3.440849 0.172926 0.327907 -1
1 0.000576 73.332253 -2.772652 0.114058 0.354486 -1
1 1.061575 73.332253 -2.561550 0.114058 0.362884 -1
1 0.000576 75.737885 -2.047451 0.087608 0.383332 -1
1 0.784075 75.737885 -1.891552 0.087608 0.389534 -1
1 0.000576 77.732498 -1.253452 0.065677 0.414914 -1
1 0.480274 77.732498 -1.157951 0.065677 0.418717 -1
1 0.886875 77.732498 -0.886250 0.065677 0.429523 -1
1 1.448376 75.737885 -1.447750 0.087608 0.407188 -1
1 2.562176 73.332253 -1.061050 0.114058 0.422570 -1
1 1.961075 73.332253 -1.960552 0.114058 0.386789 -1
1 3.441476 67.978424 -1.425251 0.172926 0.408080 -1
1 2.634076 67.978424 -2.633553 0.172926 0.360017 -1
1 -1.158585 77.732498 0.479649 0.065677 0.483853 -1
1 -0.000586 79.517082 0.000050 0.046054 0.464774 -1
1 -1.253984 77.732498 0.000050 0.065677 0.464774 -1
1 -1.158585 77.732498 -0.479652 0.065677 0.445694 -1
1 -2.047985 75.737885 0.000050 0.087608 0.464774 -1
1 -1.892185 75.737885 -0.783451 0.087608 0.433612 -1
1 -1.892185 75.737885 0.783550 0.087608 0.495941 -1
1 -0.886885 77.732498 0.886349 0.065677 0.500030 -1
1 -1.448385 75.737885 1.447750 0.087608 0.522361 -1
1 -0.480284 77.732498 1.158051 0.065677 0.510835 -1
1 -0.784084 75.737885 1.891651 0.087608 0.540017 -1
1 -0.000586 77.732498 1.253448 0.065677 0.514634 -1
1 -0.000585 75.737885 2.047451 0.087608 0.546215 -1
1 -1.061584 73.332253 2.561649 0.114058 0.566672 -1
1 -0.000585 73.332253 2.772648 0.114058 0.575058 -1
1 -1.961084 73.332253 1.960548 0.114058 0.542758 -1
1 -2.562185 73.332253 1.061050 0.114058 0.506980 -1
1 -2.773183 73.332253 0.000050 0.114058 0.464774 -1
1 -3.441483 67.978424 1.425251 0.172926 0.521466 -1
1 -3.724984 67.978424 0.000050 0.172926 0.464774 -1
1 -2.634084 67.978424 2.633549 0.172926 0.569529 -1
1 -1.425883 67.978424 3.440948 0.172926 0.601646 -1
1 -0.000584 67.978424 3.724449 0.172926 0.612919 -1
1 -1.759283 60.753822 4.245850 0.252362 0.633662 -1
1 -0.000583 60.753822 4.595650 0.252362 0.647578 -1
1 -3.250183 60.753822 3.249649 0.252362 0.594037 -1
1 -4.246384 60.753822 1.758751 0.252362 0.534734 -1
1 -4.596182 60.753822 0.000050 0.252362 0.464774 -1
1 -4.762982 53.705624 1.972649 0.329860 0.543239 -1
1 -5.155382 53.705624 0.000050 0.329860 0.464774 -1
1 -3.645581 53.705624 3.645050 0.329860 0.609765 -1
1 -1.973280 53.705624 4.762451 0.329860 0.654209 -1
1 -0.000582 53.705624 5.154850 0.329860 0.669820 -1
1 -1.973277 26.269222 4.762451 0.631533 0.654209 -1
1 -0.000579 26.269222 5.154850 0.631533 0.669820 -1
1 -3.645577 26.269222 3.645050 0.631533 0.609765 -1
1 -4.762978 26.269222 1.972649 0.631533 0.543239 -1
1 -5.155377 26.269222 0.000050 0.631533 0.464774 -1
1 -4.034375 14.412525 1.670849 0.761901 0.531233 -1
1 -4.366675 14.412525 0.000050 0.761901 0.464774 -1
1 -3.087877 14.412525 3.087349 0.761901 0.587579 -1
1 -2.717276 11.735323 1.125351 0.791337 0.509536 -1
1 -2.079876 11.735323 2.079250 0.791337 0.547481 -1
1 -2.941075 11.735323 0.000050 0.791337 0.464774 -1
1 -1.939976 8.977724 0.803349 0.821659 0.496730 -1
1 -2.099776 8.977724 0.000050 0.821659 0.464774 -1
1 -1.484875 8.977724 1.484348 0.821659 0.523818 -1
1 -1.125876 11.735323 2.716751 0.791337 0.572837 -1
1 -0.803875 8.977724 1.939449 0.821659 0.541920 -1
1 -1.671376 14.412525 4.033848 0.761901 0.625231 -1
1 -0.000577 14.412525 4.366150 0.761901 0.638447 -1
1 -0.000577 11.735323 2.940548 0.791337 0.581740 -1
1 -0.000576 8.977724 2.099148 0.821659 0.548271 -1
1 -0.803874 0.482918 1.939449 0.915062 0.541920 -1
1 -0.000575 0.482918 2.099148 0.915062 0.548271 -1
1 -1.484874 0.482918 1.484348 0.915062 0.523818 -1
1 -1.939975 0.482918 0.803349 0.915062 0.496730 -1
1 -2.099775 0.482918 0.000050 0.915062 0.464774 -1
1 -0.000575 0.482918 -2.099152 0.915062 0.381275 -1
1 -0.803874 0.482918 -1.939350 0.915062 0.387634 -1
1 -1.484874 0.482918 -1.484352 0.915062 0.405733 -1
1 -1.939975 0.482918 -0.803249 0.915062 0.432823 -1
1 -0.803875 8.977724 -1.939350 0.821659 0.387633 -1
1 -0.000576 8.977724 -2.099152 0.821659 0.381274 -1
1 -1.484875 8.977724 -1.484352 0.821659 0.405733 -1
1 -1.939976 8.977724 -0.803249 0.821659 0.432823 -1
1 -2.717276 11.735323 -1.125252 0.791337 0.420016 -1
1 -2.079876 11.735323 -2.079250 0.791337 0.382065 -1
1 -1.125876 11.735323 -2.716652 0.791337 0.356715 -1
1 -0.000577 11.735323 -2.940449 0.791337 0.347811 -1
1 -1.671376 14.412525 -4.033752 0.761901 0.304325 -1
1 -0.000577 14.412525 -4.366150 0.761901 0.291101 -1
1 -3.087877 14.412525 -3.087349 0.761901 0.341969 -1
1 -4.034375 14.412525 -1.670849 0.761901 0.398314 -1
1 -4.762978 26.269222 -1.972652 0.631533 0.386307 -1
1 -3.645577 26.269222 -3.644951 0.631533 0.319787 -1
1 -1.973277 26.269222 -4.762451 0.631533 0.275337 -1
1 -0.000579 26.269222 -5.154850 0.631533 0.259728 -1
1 -1.973280 53.705624 -4.762451 0.329860 0.275337 -1
1 -0.000582 53.705624 -5.154850 0.329860 0.259728 -1
1 -3.645581 53.705624 -3.644951 0.329860 0.319787 -1
1 -4.762982 53.705624 -1.972652 0.329860 0.386307 -1
1 -4.246384 60.753822 -1.758652 0.252362 0.394816 -1
1 -3.250183 60.753822 -3.249550 0.252362 0.335515 -1
1 -1.759283 60.753822 -4.245850 0.252362 0.295889 -1
1 -0.000583 60.753822 -4.595650 0.252362 0.281972 -1
1 -1.425883 67.978424 -3.440849 0.172926 0.327907 -1
1 -0.000584 67.978424 -3.724350 0.172926 0.316629 -1
1 -1.061584 73.332253 -2.561550 0.114058 0.362884 -1
1 -0.000585 73.332253 -2.772652 0.114058 0.354486 -1
1 -0.784084 75.737885 -1.891552 0.087608 0.389534 -1
1 -0.000585 75.737885 -2.047451 0.087608 0.383332 -1
1 -0.480284 77.732498 -1.157951 0.065677 0.418717 -1
1 -0.000586 77.732498 -1.253452 0.065677 0.414914 -1
1 -0.886885 77.732498 -0.886250 0.065677 0.429523 -1
1 -1.448385 75.737885 -1.447750 0.087608 0.407188 -1
1 -1.961084 73.332253 -1.960552 0.114058 0.386789 -1
1 -2.562185 73.332253 -1.061050 0.114058 0.422570 -1
1 -3.441483 67.978424 -1.425251 0.172926 0.408080 -1
1 -2.634084 67.978424 -2.633553 0.172926 0.360017 -1
200
0.889893 0.454655 0.037127
0.681077 0.732211 0.000000
0.812647 0.475735 0.336572
0.836364 0.454658 -0.306237
0.945812 0.323637 -0.026423
0.846663 0.328925 -0.418295
0.867817 0.343084 0.359426
0.655526 0.454662 0.602966
0.668252 0.329556 0.666957
0.374848 0.454658 0.807945
0.362138 0.329564 0.871919
0.175706 0.434129 0.883549
0.185398 0.310500 0.932318
0.373026 0.232255 0.898281
0.190739 0.209330 0.959062
0.688387 0.232243 0.687158
0.894266 0.251164 0.370412
0.976999 0.213244 0.000008
0.912468 0.156653 0.377970
0.990403 0.138212 0.000004
0.699579 0.147443 0.699178
0.378755 0.147442 0.913677
0.193280 0.135605 0.971727
0.354681 0.096486 0.929996
0.194146 0.097536 0.976112
0.703704 0.099430 0.703501
0.918654 0.106200 0.380521
0.995699 0.092651 0.000002
0.922595 0.052762 0.382145
0.999652 0.026384 0.000005
0.706634 0.039577 0.706472
0.418942 0.031636 0.907462
0.194941 0.038818 0.980046
0.320544 -0.033133 0.946654
0.194989 -0.032569 0.980265
0.658423 -0.033133 0.751918
0.912283 -0.028449 0.408571
0.999020 -0.044269 0.000005
0.913153 -0.233024 0.334442
0.939481 -0.342601 0.000004
0.723511 -0.274170 0.633531
0.841648 -0.412426 0.348615
0.654920 -0.382818 0.651559
0.935707 -0.352778 -0.000000
0.905845 -0.196565 0.375242
0.995154 -0.098330 0.000000
0.700346 -0.147648 0.698366
0.355739 -0.382820 0.852584
0.379784 -0.147651 0.913216
0.425997 -0.274171 0.862182
0.187836 -0.269837 0.944408
0.182927 -0.346836 0.919915
0.194078 -0.096471 0.976231
0.124492 -0.921569 0.367712
0.137877 -0.707107 0.693534
0.623897 -0.321151 0.712470
0.823077 -0.454183 0.340972
0.700213 -0.713934 0.000000
0.137962 -0.707107 -0.693517
0.366591 -0.561311 -0.741985
0.622631 -0.561314 -0.545213
0.783882 -0.561312 -0.265440
0.377184 -0.147646 -0.914293
0.191427 -0.192923 -0.962360
0.698353 -0.147649 -0.700359
0.913215 -0.147642 -0.379789
0.852596 -0.382823 -0.355705
0.651551 -0.382824 -0.654925
0.351313 -0.382814 -0.854419
0.178292 -0.405820 -0.896394
0.371442 -0.274731 -0.886879
0.191106 -0.201583 -0.960647
0.682548 -0.274724 -0.677241
0.889772 -0.274728 -0.364460
0.923396 -0.033203 -0.382411
0.706772 -0.033205 -0.706662
0.382563 -0.033208 -0.923332
0.195047 -0.021711 -0.980554
0.355894 0.045212 -0.933432
0.194946 0.038819 -0.980046
0.706496 0.039577 -0.706610
0.923118 0.039578 -0.382476
0.919253 0.099427 -0.380903
0.703525 0.099428 -0.703681
0.380530 0.106205 -0.918650
0.194274 0.090890 -0.976727
0.193280 0.135608 -0.971727
0.377962 0.156655 -0.912472
0.190799 0.209324 -0.959051
0.370424 0.251164 -0.894261
0.185503 0.310497 -0.932298
0.325816 0.337449 -0.883160
0.175862 0.434136 -0.883515
0.374895 0.454664 -0.807920
0.655505 0.454666 -0.602986
0.622120 0.328926 -0.710475
0.898286 0.232258 -0.373014
0.687148 0.232249 -0.688395
0.913683 0.147438 -0.378741
0.699188 0.147439 -0.699570
-0.812647 0.475735 0.336572
-0.681078 0.732211 0.000000
-0.889893 0.454655 0.037127
-0.836364 0.454658 -0.306237
-0.945812 0.323637 -0.026423
-0.846663 0.328925 -0.418295
-0.867817 0.343084 0.359426
-0.655526 0.454661 0.602967
-0.668252 0.329556 0.666957
-0.374848 0.454658 0.807945
-0.362138 0.329564 0.871919
-0.175706 0.434129 0.883549
-0.185398 0.310500 0.932318
-0.373026 0.232255 0.898281
-0.190739 0.209330 0.959062
-0.688387 0.232243 0.687158
-0.894266 0.251163 0.370412
-0.976999 0.213244 0.000008
-0.912468 0.156653 0.377970
-0.990403 0.138212 0.000004
-0.699579 0.147443 0.699178
-0.378755 0.147442 0.913677
-0.193280 0.135605 0.971727
-0.354681 0.096486 0.929996
-0.194146 0.097536 0.976112
-0.703704 0.099430 0.703501
-0.918654 0.106200 0.380521
-0.995699 0.092650 0.000002
-0.922595 0.052762 0.382145
-0.999652 0.026384 0.000005
-0.706634 0.039577 0.706472
-0.418942 0.031636 0.907462
-0.194941 0.038818 0.980046
-0.320544 -0.033133 0.946654
-0.194989 -0.032569 0.980265
-0.658423 -0.033134 0.751918
-0.912283 -0.028449 0.408571
-0.999020 -0.044270 0.000005
-0.913153 -0.233024 0.334442
-0.939481 -0.342601 0.000004
-0.723511 -0.274170 0.633531
-0.841648 -0.412426 0.348615
-0.654920 -0.382818 0.651559
-0.935707 -0.352778 -0.000000
-0.905845 -0.196565 0.375242
-0.995154 -0.098330 0.000000
-0.700346 -0.147648 0.698366
-0.355739 -0.382820 0.852584
-0.379784 -0.147651 0.913216
-0.425997 -0.274171 0.862182
-0.187836 -0.269837 0.944408
-0.182927 -0.346836 0.919914
-0.194078 -0.096471 0.976231
-0.124492 -0.921569 0.367712
-0.137877 -0.707107 0.693534
-0.623897 -0.321151 0.712470
-0.823077 -0.454184 0.340972
-0.700213 -0.713934 0.000000
-0.137962 -0.707107 -0.693517
-0.366591 -0.561311 -0.741985
-0.622631 -0.561314 -0.545213
-0.783881 -0.561312 -0.265440
-0.377184 -0.147646 -0.914293
-0.191427 -0.192923 -0.962360
-0.698353 -0.147649 -0.700359
-0.913215 -0.147642 -0.379789
-0.852596 -0.382823 -0.355705
-0.651551 -0.382824 -0.654925
-0.351313 -0.382814 -0.854419
-0.178292 -0.405820 -0.896394
-0.371442 -0.274731 -0.886879
-0.191106 -0.201583 -0.960647
-0.682548 -0.274724 -0.677241
-0.889772 -0.274728 -0.364460
-0.923396 -0.033204 -0.382411
-0.706772 -0.033205 -0.706662
-0.382563 -0.033208 -0.923332
-0.195047 -0.021711 -0.980554
-0.355894 0.045212 -0.933432
-0.194946 0.038819 -0.980046
-0.706496 0.039577 -0.706610
-0.923118 0.039577 -0.382476
-0.919253 0.099427 -0.380904
-0.703524 0.099428 -0.703681
-0.380530 0.106205 -0.918650
-0.194274 0.090890 -0.976727
-0.377962 0.156655 -0.912472
-0.193280 0.135608 -0.971727
-0.370424 0.251164 -0.894261
-0.190799 0.209324 -0.959051
-0.325816 0.337449 -0.883160
-0.185503 0.310497 -0.932298
-0.374895 0.454664 -0.807920
-0.175862 0.434136 -0.883515
-0.655506 0.454666 -0.602986
-0.622120 0.328926 -0.710475
-0.687148 0.232249 -0.688395
-0.898286 0.232258 -0.373014
-0.913683 0.147438 -0.378741
-0.699188 0.147439 -0.699570
350
1 0 1 2 0 1 2 1
1 0 3 1 0 3 1 1
1 3 0 4 3 0 4 1
1 3 4 5 3 4 5 1
1 0 2 6 0 2 6 1
1 0 6 4 0 6 4 1
1 6 2 7 6 2 7 1
1 6 7 8 6 7 8 1
1 7 2 1 7 2 1 1
1 9 7 1 9 7 1 1
1 8 7 9 8 7 9 1
1 8 9 10 8 9 10 1
1 10 9 11 10 9 11 1
1 10 11 12 10 11 12 1
1 11 9 1 11 9 1 1
1 13 10 12 13 10 12 1
1 13 12 14 13 12 14 1
1 15 8 10 15 8 10 1
1 15 10 13 15 10 13 1
1 16 6 8 16 6 8 1
1 16 8 15 16 8 15 1
1 4 6 16 4 6 16 1
1 4 16 17 4 16 17 1
1 17 16 18 17 16 18 1
1 17 18 19 17 18 19 1
1 18 16 15 18 16 15 1
1 18 15 20 18 15 20 1
1 20 15 13 20 15 13 1
1 20 13 21 20 13 21 1
1 21 13 14 21 13 14 1
1 21 14 22 21 14 22 1
1 23 21 22 23 21 22 1
1 23 22 24 23 22 24 1
1 25 20 21 25 20 21 1
1 25 21 23 25 21 23 1
1 26 18 20 26 18 20 1
1 26 20 25 26 20 25 1
1 19 18 26 19 18 26 1
1 19 26 27 19 26 27 1
1 27 26 28 27 26 28 1
1 27 28 29 27 28 29 1
1 28 26 25 28 26 25 1
1 28 25 30 28 25 30 1
1 30 25 23 30 25 23 1
1 30 23 31 30 23 31 1
1 32 31 23 32 31 23 1
1 32 23 24 32 23 24 1
1 33 31 32 33 31 32 1
1 33 32 34 33 32 34 1
1 35 30 31 35 30 31 1
1 35 31 33 35 31 33 1
1 36 28 30 36 28 30 1
1 36 30 35 36 30 35 1
1 29 28 36 29 28 36 1
1 29 36 37 29 36 37 1
1 37 36 38 37 36 38 1
1 37 38 39 37 38 39 1
1 40 38 36 40 38 36 1
1 40 36 35 40 36 35 1
1 41 38 40 41 38 40 1
1 41 40 42 41 40 42 1
1 39 38 41 39 38 41 1
1 39 41 43 39 41 43 1
1 43 41 44 43 41 44 1
1 43 44 45 43 44 45 1
1 44 41 42 44 41 42 1
1 44 42 46 44 42 46 1
1 46 42 47 46 42 47 1
1 46 47 48 46 47 48 1
1 49 47 42 49 47 42 1
1 49 42 40 49 42 40 1
1 47 49 50 47 49 50 1
1 47 50 51 47 50 51 1
1 50 49 33 50 49 33 1
1 50 33 34 50 33 34 1
1 49 40 35 49 40 35 1
1 49 35 33 49 35 33 1
1 48 47 51 48 47 51 1
1 48 51 52 48 51 52 1
1 53 48 52 53 48 52 1
1 53 52 54 53 52 54 1
1 55 46 48 55 46 48 1
1 55 48 53 55 48 53 1
1 56 44 46 56 44 46 1
1 56 46 55 56 46 55 1
1 45 44 56 45 44 56 1
1 45 56 57 45 56 57 1
1 53 54 58 53 54 58 1
1 53 58 59 53 58 59 1
1 53 59 60 53 59 60 1
1 53 60 61 53 60 61 1
1 53 61 57 53 61 57 1
1 53 57 56 53 57 56 1
1 53 56 55 53 56 55 1
1 62 59 58 62 59 58 1
1 62 58 63 62 58 63 1
1 64 60 59 64 60 59 1
1 64 59 62 64 59 62 1
1 65 61 60 65 61 60 1
1 65 60 64 65 60 64 1
1 61 65 45 61 65 45 1
1 61 45 57 61 45 57 1
1 43 45 65 43 45 65 1
1 43 65 66 43 65 66 1
1 66 65 64 66 65 64 1
1 66 64 67 66 64 67 1
1 67 64 62 67 64 62 1
1 67 62 68 67 62 68 1
1 68 62 63 68 62 63 1
1 68 63 69 68 63 69 1
1 70 68 69 70 68 69 1
1 70 69 71 70 69 71 1
1 72 67 68 72 67 68 1
1 72 68 70 72 68 70 1
1 73 66 67 73 66 67 1
1 73 67 72 73 67 72 1
1 39 43 66 39 43 66 1
1 39 66 73 39 66 73 1
1 37 39 73 37 39 73 1
1 37 73 74 37 73 74 1
1 74 73 72 74 73 72 1
1 74 72 75 74 72 75 1
1 75 72 70 75 72 70 1
1 75 70 76 75 70 76 1
1 76 70 71 76 70 71 1
1 76 71 77 76 71 77 1
1 78 76 77 78 76 77 1
1 78 77 79 78 77 79 1
1 80 75 76 80 75 76 1
1 80 76 78 80 76 78 1
1 81 74 75 81 74 75 1
1 81 75 80 81 75 80 1
1 29 37 74 29 37 74 1
1 29 74 81 29 74 81 1
1 27 29 81 27 29 81 1
1 27 81 82 27 81 82 1
1 82 81 80 82 81 80 1
1 82 80 83 82 80 83 1
1 83 80 78 83 80 78 1
1 83 78 84 83 78 84 1
1 85 84 78 85 84 78 1
1 85 78 79 85 78 79 1
1 86 87 84 86 87 84 1
1 86 84 85 86 84 85 1
1 88 89 87 88 89 87 1
1 88 87 86 88 87 86 1
1 90 91 89 90 91 89 1
1 90 89 88 90 89 88 1
1 92 93 91 92 93 91 1
1 92 91 90 92 91 90 1
1 93 92 1 93 92 1 1
1 94 93 1 94 93 1 1
1 93 94 95 93 94 95 1
1 93 95 91 93 95 91 1
1 94 3 5 94 3 5 1
1 94 5 95 94 5 95 1
1 3 94 1 3 94 1 1
1 5 96 97 5 96 97 1
1 5 97 95 5 97 95 1
1 4 17 96 4 17 96 1
1 4 96 5 4 96 5 1
1 17 19 98 17 19 98 1
1 17 98 96 17 98 96 1
1 19 27 82 19 27 82 1
1 19 82 98 19 82 98 1
1 98 82 83 98 82 83 1
1 98 83 99 98 83 99 1
1 99 83 84 99 83 84 1
1 99 84 87 99 84 87 1
1 97 99 87 97 99 87 1
1 97 87 89 97 87 89 1
1 96 98 99 96 98 99 1
1 96 99 97 96 99 97 1
1 95 97 89 95 97 89 1
1 95 89 91 95 89 91 1
1 100 101 102 100 101 102 1
1 101 103 102 101 103 102 1
1 104 102 103 104 102 103 1
1 105 104 103 105 104 103 1
1 106 100 102 106 100 102 1
1 104 106 102 104 106 102 1
1 107 100 106 107 100 106 1
1 108 107 106 108 107 106 1
1 101 100 107 101 100 107 1
1 101 107 109 101 107 109 1
1 109 107 108 109 107 108 1
1 110 109 108 110 109 108 1
1 111 109 110 111 109 110 1
1 112 111 110 112 111 110 1
1 101 109 111 101 109 111 1
1 112 110 113 112 110 113 1
1 114 112 113 114 112 113 1
1 110 108 115 110 108 115 1
1 113 110 115 113 110 115 1
1 108 106 116 108 106 116 1
1 115 108 116 115 108 116 1
1 116 106 104 116 106 104 1
1 117 116 104 117 116 104 1
1 118 116 117 118 116 117 1
1 119 118 117 119 118 117 1
1 115 116 118 115 116 118 1
1 120 115 118 120 115 118 1
1 113 115 120 113 115 120 1
1 121 113 120 121 113 120 1
1 114 113 121 114 113 121 1
1 122 114 121 122 114 121 1
1 122 121 123 122 121 123 1
1 124 122 123 124 122 123 1
1 121 120 125 121 120 125 1
1 123 121 125 123 121 125 1
1 120 118 126 120 118 126 1
1 125 120 126 125 120 126 1
1 126 118 119 126 118 119 1
1 127 126 119 127 126 119 1
1 128 126 127 128 126 127 1
1 129 128 127 129 128 127 1
1 125 126 128 125 126 128 1
1 130 125 128 130 125 128 1
1 123 125 130 123 125 130 1
1 131 123 130 131 123 130 1
1 123 131 132 123 131 132 1
1 124 123 132 124 123 132 1
1 132 131 133 132 131 133 1
1 134 132 133 134 132 133 1
1 131 130 135 131 130 135 1
1 133 131 135 133 131 135 1
1 130 128 136 130 128 136 1
1 135 130 136 135 130 136 1
1 136 128 129 136 128 129 1
1 137 136 129 137 136 129 1
1 138 136 137 138 136 137 1
1 139 138 137 139 138 137 1
1 136 138 140 136 138 140 1
1 135 136 140 135 136 140 1
1 140 138 141 140 138 141 1
1 142 140 141 142 140 141 1
1 141 138 139 141 138 139 1
1 143 141 139 143 141 139 1
1 144 141 143 144 141 143 1
1 145 144 143 145 144 143 1
1 142 141 144 142 141 144 1
1 146 142 144 146 142 144 1
1 147 142 146 147 142 146 1
1 148 147 146 148 147 146 1
1 142 147 149 142 147 149 1
1 140 142 149 140 142 149 1
1 150 149 147 150 149 147 1
1 151 150 147 151 150 147 1
1 133 149 150 133 149 150 1
1 134 133 150 134 133 150 1
1 135 140 149 135 140 149 1
1 133 135 149 133 135 149 1
1 151 147 148 151 147 148 1
1 152 151 148 152 151 148 1
1 152 148 153 152 148 153 1
1 154 152 153 154 152 153 1
1 148 146 155 148 146 155 1
1 153 148 155 153 148 155 1
1 146 144 156 146 144 156 1
1 155 146 156 155 146 156 1
1 156 144 145 156 144 145 1
1 157 156 145 157 156 145 1
1 158 154 153 158 154 153 1
1 159 158 153 159 158 153 1
1 160 159 153 160 159 153 1
1 161 160 153 161 160 153 1
1 157 161 153 157 161 153 1
1 156 157 153 156 157 153 1
1 155 156 153 155 156 153 1
1 158 159 162 158 159 162 1
1 163 158 162 163 158 162 1
1 159 160 164 159 160 164 1
1 162 159 164 162 159 164 1
1 160 161 165 160 161 165 1
1 164 160 165 164 160 165 1
1 145 165 161 145 165 161 1
1 157 145 161 157 145 161 1
1 165 145 143 165 145 143 1
1 166 165 143 166 165 143 1
1 164 165 166 164 165 166 1
1 167 164 166 167 164 166 1
1 162 164 167 162 164 167 1
1 168 162 167 168 162 167 1
1 163 162 168 163 162 168 1
1 169 163 168 169 163 168 1
1 169 168 170 169 168 170 1
1 171 169 170 171 169 170 1
1 168 167 172 168 167 172 1
1 170 168 172 170 168 172 1
1 167 166 173 167 166 173 1
1 172 167 173 172 167 173 1
1 166 143 139 166 143 139 1
1 173 166 139 173 166 139 1
1 173 139 137 173 139 137 1
1 174 173 137 174 173 137 1
1 172 173 174 172 173 174 1
1 175 172 174 175 172 174 1
1 170 172 175 170 172 175 1
1 176 170 175 176 170 175 1
1 171 170 176 171 170 176 1
1 177 171 176 177 171 176 1
1 177 176 178 177 176 178 1
1 179 177 178 179 177 178 1
1 176 175 180 176 175 180 1
1 178 176 180 178 176 180 1
1 175 174 181 175 174 181 1
1 180 175 181 180 175 181 1
1 174 137 129 174 137 129 1
1 181 174 129 181 174 129 1
1 181 129 127 181 129 127 1
1 182 181 127 182 181 127 1
1 180 181 182 180 181 182 1
1 183 180 182 183 180 182 1
1 178 180 183 178 180 183 1
1 184 178 183 184 178 183 1
1 178 184 185 178 184 185 1
1 179 178 185 179 178 185 1
1 184 186 187 184 186 187 1
1 185 184 187 185 184 187 1
1 186 188 189 186 188 189 1
1 187 186 189 187 186 189 1
1 188 190 191 188 190 191 1
1 189 188 191 189 188 191 1
1 190 192 193 190 192 193 1
1 191 190 193 191 190 193 1
1 101 193 192 101 193 192 1
1 101 192 194 101 192 194 1
1 195 194 192 195 194 192 1
1 190 195 192 190 195 192 1
1 105 103 194 105 103 194 1
1 195 105 194 195 105 194 1
1 101 194 103 101 194 103 1
1 196 197 105 196 197 105 1
1 195 196 105 195 196 105 1
1 197 117 104 197 117 104 1
1 105 197 104 105 197 104 1
1 198 119 117 198 119 117 1
1 197 198 117 197 198 117 1
1 182 127 119 182 127 119 1
1 198 182 119 198 182 119 1
1 183 182 198 183 182 198 1
1 199 183 198 199 183 198 1
1 184 183 199 184 183 199 1
1 186 184 199 186 184 199 1
1 186 199 196 186 199 196 1
1 188 186 196 188 186 196 1
1 199 198 197 199 198 197 1
1 196 199 197 196 199 197 1
1 188 196 195 188 196 195 1
1 190 188 195 190 188 195 1
"Regroup01" 1 0
30
1 -0.366194 8.480653 1.888300 74.127197 11.157800 -1
1 -0.366194 0.952950 1.888300 81.654900 11.157800 -1
1 -0.366194 0.952950 7.914499 81.654900 5.131600 -1
1 -0.366194 5.988648 7.914499 76.619202 5.131600 -1
1 -0.366194 11.238254 2.729700 71.369598 10.316410 -1
1 -0.366194 8.480653 1.888300 -74.127197 1.000000 -1
1 0.385004 8.480653 1.888300 -74.127197 0.248805 -1
1 0.385004 0.952950 1.888300 -81.654900 0.248805 -1
1 -0.366194 0.952950 1.888300 -81.654900 1.000000 -1
1 -0.366194 11.238254 2.729700 0.000000 71.981598 -1
1 0.385004 11.238254 2.729700 -0.751195 71.981598 -1
1 0.385004 8.480653 1.888300 -0.751195 74.864700 -1
1 -0.366194 8.480653 1.888300 0.000000 74.864700 -1
1 -0.366194 5.988648 7.914499 0.000000 -50.610001 -1
1 0.385004 5.988648 7.914499 -0.751195 -50.610001 -1
1 0.385004 11.238254 2.729700 -0.751195 -43.231701 -1
1 -0.366194 11.238254 2.729700 0.000000 -43.231701 -1
1 -0.366194 0.952950 7.914499 81.654900 1.000000 -1
1 0.385004 0.952950 7.914499 81.654900 0.248805 -1
1 0.385004 5.988648 7.914499 76.619202 0.248805 -1
1 -0.366194 5.988648 7.914499 76.619202 1.000000 -1
1 -0.366194 0.952950 1.888300 0.000000 11.157800 -1
1 0.385004 0.952950 1.888300 0.751195 11.157800 -1
1 0.385004 0.952950 7.914499 0.751195 5.131600 -1
1 -0.366194 0.952950 7.914499 0.000000 5.131600 -1
1 0.385004 0.952950 7.914499 -81.654900 5.131600 -1
1 0.385004 0.952950 1.888300 -81.654900 11.157800 -1
1 0.385004 8.480653 1.888300 -74.127197 11.157800 -1
1 0.385004 11.238254 2.729700 -71.369598 10.316410 -1
1 0.385004 5.988648 7.914499 -76.619202 5.131600 -1
10
-0.710552 0.069122 -0.700241
-0.408248 -0.816497 -0.408248
-0.666667 -0.333333 0.666667
-0.581092 0.408335 0.703985
-0.493970 0.635432 -0.593481
0.558453 0.162978 -0.813369
0.408248 -0.408248 -0.816497
0.750679 0.637042 0.175097
0.336223 0.236265 0.911665
0.801784 -0.534522 0.267261
16
1 0 1 2 0 1 2 1
1 0 2 3 0 2 3 1
1 0 3 4 0 3 4 1
1 5 6 7 0 5 6 1
1 5 7 8 0 6 1 1
1 9 10 11 4 7 5 1
1 9 11 12 4 5 0 1
1 13 14 15 3 8 7 1
1 13 15 16 3 7 4 1
1 17 18 19 2 9 8 1
1 17 19 20 2 8 3 1
1 21 22 23 1 6 9 1
1 21 23 24 1 9 2 1
1 25 26 27 9 6 5 1
1 25 27 28 9 5 7 1
1 25 28 29 9 7 8 1
"Duplicate04" 1 0
30
1 0.366194 8.480653 -1.888300 74.127197 11.157800 -1
1 0.366194 0.952950 -1.888300 81.654900 11.157800 -1
1 0.366194 0.952950 -7.914499 81.654900 5.131600 -1
1 0.366194 5.988648 -7.914499 76.619202 5.131600 -1
1 0.366194 11.238254 -2.729700 71.369598 10.316410 -1
1 0.366194 8.480653 -1.888300 -74.127197 1.000000 -1
1 -0.385004 8.480653 -1.888300 -74.127197 0.248805 -1
1 -0.385004 0.952950 -1.888300 -81.654900 0.248805 -1
1 0.366194 0.952950 -1.888300 -81.654900 1.000000 -1
1 0.366194 11.238254 -2.729700 0.000000 71.981598 -1
1 -0.385004 11.238254 -2.729700 -0.751195 71.981598 -1
1 -0.385004 8.480653 -1.888300 -0.751195 74.864700 -1
1 0.366194 8.480653 -1.888300 0.000000 74.864700 -1
1 0.366194 5.988648 -7.914499 0.000000 -50.610001 -1
1 -0.385004 5.988648 -7.914499 -0.751195 -50.610001 -1
1 -0.385004 11.238254 -2.729700 -0.751195 -43.231701 -1
1 0.366194 11.238254 -2.729700 0.000000 -43.231701 -1
1 0.366194 0.952950 -7.914499 81.654900 1.000000 -1
1 -0.385004 0.952950 -7.914499 81.654900 0.248805 -1
1 -0.385004 5.988648 -7.914499 76.619202 0.248805 -1
1 0.366194 5.988648 -7.914499 76.619202 1.000000 -1
1 0.366194 0.952950 -1.888300 0.000000 11.157800 -1
1 -0.385004 0.952950 -1.888300 0.751195 11.157800 -1
1 -0.385004 0.952950 -7.914499 0.751195 5.131600 -1
1 0.366194 0.952950 -7.914499 0.000000 5.131600 -1
1 -0.385004 0.952950 -7.914499 -81.654900 5.131600 -1
1 -0.385004 0.952950 -1.888300 -81.654900 11.157800 -1
1 -0.385004 8.480653 -1.888300 -74.127197 11.157800 -1
1 -0.385004 11.238254 -2.729700 -71.369598 10.316410 -1
1 -0.385004 5.988648 -7.914499 -76.619202 5.131600 -1
10
0.710552 0.069122 0.700241
0.408248 -0.816497 0.408248
0.666667 -0.333333 -0.666667
0.581092 0.408335 -0.703985
0.493970 0.635432 0.593481
-0.558453 0.162978 0.813369
-0.408248 -0.408248 0.816497
-0.750679 0.637042 -0.175097
-0.336223 0.236265 -0.911665
-0.801784 -0.534522 -0.267261
16
1 0 1 2 0 1 2 1
1 0 2 3 0 2 3 1
1 0 3 4 0 3 4 1
1 5 6 7 0 5 6 1
1 5 7 8 0 6 1 1
1 9 10 11 4 7 5 1
1 9 11 12 4 5 0 1
1 13 14 15 3 8 7 1
1 13 15 16 3 7 4 1
1 17 18 19 2 9 8 1
1 17 19 20 2 8 3 1
1 21 22 23 1 6 9 1
1 21 23 24 1 9 2 1
1 25 26 27 9 6 5 1
1 25 27 28 9 5 7 1
1 25 28 29 9 7 8 1
"Duplicate05" 1 0
60
1 1.888300 8.480653 0.366194 74.127197 11.157800 -1
1 1.888300 0.952950 0.366194 81.654900 11.157800 -1
1 7.914499 0.952950 0.366193 81.654900 5.131600 -1
1 7.914499 5.988648 0.366193 76.619202 5.131600 -1
1 2.729700 11.238254 0.366194 71.369598 10.316410 -1
1 1.888300 8.480653 0.366194 -74.127197 1.000000 -1
1 1.888300 8.480653 -0.385004 -74.127197 0.248805 -1
1 1.888300 0.952950 -0.385004 -81.654900 0.248805 -1
1 1.888300 0.952950 0.366194 -81.654900 1.000000 -1
1 2.729700 11.238254 0.366194 0.000000 71.981598 -1
1 2.729700 11.238254 -0.385004 -0.751195 71.981598 -1
1 1.888300 8.480653 -0.385004 -0.751195 74.864700 -1
1 1.888300 8.480653 0.366194 0.000000 74.864700 -1
1 7.914499 5.988648 0.366193 0.000000 -50.610001 -1
1 7.914499 5.988648 -0.385005 -0.751195 -50.610001 -1
1 2.729700 11.238254 -0.385004 -0.751195 -43.231701 -1
1 2.729700 11.238254 0.366194 0.000000 -43.231701 -1
1 7.914499 0.952950 0.366193 81.654900 1.000000 -1
1 7.914499 0.952950 -0.385005 81.654900 0.248805 -1
1 7.914499 5.988648 -0.385005 76.619202 0.248805 -1
1 7.914499 5.988648 0.366193 76.619202 1.000000 -1
1 1.888300 0.952950 0.366194 0.000000 11.157800 -1
1 1.888300 0.952950 -0.385004 0.751195 11.157800 -1
1 7.914499 0.952950 -0.385005 0.751195 5.131600 -1
1 7.914499 0.952950 0.366193 0.000000 5.131600 -1
1 7.914499 0.952950 -0.385005 -81.654900 5.131600 -1
1 1.888300 0.952950 -0.385004 -81.654900 11.157800 -1
1 1.888300 8.480653 -0.385004 -74.127197 11.157800 -1
1 2.729700 11.238254 -0.385004 -71.369598 10.316410 -1
1 7.914499 5.988648 -0.385005 -76.619202 5.131600 -1
1 -1.888300 8.480653 -0.366193 74.127197 11.157800 -1
1 -1.888300 0.952950 -0.366193 81.654900 11.157800 -1
1 -7.914499 0.952950 -0.366193 81.654900 5.131600 -1
1 -7.914499 5.988648 -0.366193 76.619202 5.131600 -1
1 -2.729700 11.238254 -0.366193 71.369598 10.316410 -1
1 -1.888300 8.480653 -0.366193 -74.127197 1.000000 -1
1 -1.888300 8.480653 0.385004 -74.127197 0.248805 -1
1 -1.888300 0.952950 0.385004 -81.654900 0.248805 -1
1 -1.888300 0.952950 -0.366193 -81.654900 1.000000 -1
1 -2.729700 11.238254 -0.366193 0.000000 71.981598 -1
1 -2.729700 11.238254 0.385004 -0.751195 71.981598 -1
1 -1.888300 8.480653 0.385004 -0.751195 74.864700 -1
1 -1.888300 8.480653 -0.366193 0.000000 74.864700 -1
1 -7.914499 5.988648 -0.366193 0.000000 -50.610001 -1
1 -7.914499 5.988648 0.385005 -0.751195 -50.610001 -1
1 -2.729700 11.238254 0.385004 -0.751195 -43.231701 -1
1 -2.729700 11.238254 -0.366193 0.000000 -43.231701 -1
1 -7.914499 0.952950 -0.366193 81.654900 1.000000 -1
1 -7.914499 0.952950 0.385005 81.654900 0.248805 -1
1 -7.914499 5.988648 0.385005 76.619202 0.248805 -1
1 -7.914499 5.988648 -0.366193 76.619202 1.000000 -1
1 -1.888300 0.952950 -0.366193 0.000000 11.157800 -1
1 -1.888300 0.952950 0.385004 0.751195 11.157800 -1
1 -7.914499 0.952950 0.385005 0.751195 5.131600 -1
1 -7.914499 0.952950 -0.366193 0.000000 5.131600 -1
1 -7.914499 0.952950 0.385005 -81.654900 5.131600 -1
1 -1.888300 0.952950 0.385004 -81.654900 11.157800 -1
1 -1.888300 8.480653 0.385004 -74.127197 11.157800 -1
1 -2.729700 11.238254 0.385004 -71.369598 10.316410 -1
1 -7.914499 5.988648 0.385005 -76.619202 5.131600 -1
20
-0.700241 0.069122 0.710552
-0.408248 -0.816497 0.408248
0.666667 -0.333333 0.666667
0.703985 0.408335 0.581092
-0.593481 0.635432 0.493970
-0.813369 0.162978 -0.558453
-0.816497 -0.408248 -0.408248
0.175097 0.637042 -0.750679
0.911665 0.236265 -0.336223
0.267261 -0.534522 -0.801784
0.700241 0.069122 -0.710552
0.408248 -0.816497 -0.408248
-0.666667 -0.333333 -0.666667
-0.703985 0.408335 -0.581092
0.593481 0.635432 -0.493970
0.813369 0.162978 0.558453
0.816497 -0.408248 0.408248
-0.175097 0.637042 0.750679
-0.911665 0.236265 0.336223
-0.267261 -0.534522 0.801784
32
1 0 1 2 0 1 2 1
1 0 2 3 0 2 3 1
1 0 3 4 0 3 4 1
1 5 6 7 0 5 6 1
1 5 7 8 0 6 1 1
1 9 10 11 4 7 5 1
1 9 11 12 4 5 0 1
1 13 14 15 3 8 7 1
1 13 15 16 3 7 4 1
1 17 18 19 2 9 8 1
1 17 19 20 2 8 3 1
1 21 22 23 1 6 9 1
1 21 23 24 1 9 2 1
1 25 26 27 9 6 5 1
1 25 27 28 9 5 7 1
1 25 28 29 9 7 8 1
1 30 31 32 10 11 12 1
1 30 32 33 10 12 13 1
1 30 33 34 10 13 14 1
1 35 36 37 10 15 16 1
1 35 37 38 10 16 11 1
1 39 40 41 14 17 15 1
1 39 41 42 14 15 10 1
1 43 44 45 13 18 17 1
1 43 45 46 13 17 14 1
1 47 48 49 12 19 18 1
1 47 49 50 12 18 13 1
1 51 52 53 11 16 19 1
1 51 53 54 11 19 12 1
1 55 56 57 19 16 15 1
1 55 57 58 19 15 17 1
1 55 58 59 19 17 18 1

Materials: 1
"Material01"
0.200000 0.200000 0.200000 1.000000
1.000000 1.000000 1.000000 1.000000
0.000000 0.000000 0.000000 1.000000
0.207843 0.207843 0.207843 1.000000
0.000000
1.000000
"sphere_olive.bmp"
""

Bones: 0
GroupComments: 0
MaterialComments: 0
BoneComments: 0
ModelComment: 0
