// MilkShape 3D ASCII

Frames: 30
Frame: 1

Meshes: 3
"Regroup00" 0 1
60
0 0.017477 25.194077 5.629275 0.243513 0.865866 -1
0 0.017469 32.924725 9.643465 0.243512 0.827234 -1
0 -4.814075 32.924656 8.348841 0.196276 0.827235 -1
0 -2.806943 25.194107 4.872387 0.215899 0.865866 -1
0 0.017489 161.976166 9.643259 0.243513 0.107382 -1
0 -4.814055 161.976410 8.348864 0.196276 0.107381 -1
0 -4.874686 25.194153 2.804798 0.195684 0.865866 -1
0 -8.351019 32.924679 4.812099 0.161697 0.827235 -1
0 -8.350991 161.976318 4.811871 0.161697 0.107381 -1
0 -9.645626 32.924709 -0.019516 0.149040 0.827235 -1
0 -5.631467 25.193985 -0.019696 0.188285 0.865866 -1
0 -9.645626 161.976624 -0.019680 0.149040 0.107379 -1
0 -4.874686 25.194153 -2.844066 0.195684 0.865866 -1
0 -8.351044 32.924572 -4.851222 0.161697 0.827235 -1
0 -8.351015 161.976257 -4.851336 0.161697 0.107381 -1
0 -4.814067 32.924557 -8.388018 0.196276 0.827235 -1
0 -2.806955 25.194077 -4.911701 0.215899 0.865866 -1
0 -4.814055 161.976410 -8.387987 0.196276 0.107381 -1
0 0.017477 25.194092 -5.668483 0.243513 0.865866 -1
0 0.017469 32.924683 -9.682650 0.243512 0.827235 -1
0 0.017493 161.976288 -9.682810 0.243513 0.107381 -1
0 4.849034 32.924583 -8.388010 0.290749 0.827235 -1
0 2.841905 25.194023 -4.911701 0.271126 0.865866 -1
0 4.849034 161.976440 -8.387987 0.290749 0.107380 -1
0 4.909550 25.194191 -2.844043 0.291340 0.865866 -1
0 8.385929 32.924622 -4.851214 0.325327 0.827235 -1
0 8.385965 161.976288 -4.851336 0.325328 0.107381 -1
0 9.680557 32.924664 -0.019505 0.337985 0.827235 -1
0 5.666389 25.194023 -0.019688 0.298740 0.865866 -1
0 9.680561 161.976563 -0.019673 0.337985 0.107380 -1
0 4.909550 25.194168 2.804813 0.291340 0.865866 -1
0 8.385929 32.924709 4.812077 0.325327 0.827235 -1
0 8.385950 161.976318 4.811871 0.325328 0.107381 -1
0 4.849029 32.924671 8.348833 0.290749 0.827235 -1
0 2.841905 25.194077 4.872387 0.271126 0.865866 -1
0 4.849034 161.976410 8.348848 0.290749 0.107381 -1
0 0.133357 12.493103 -12.550035 0.244646 0.929336 -1
0 0.133381 0.381706 -12.550009 0.244646 0.989858 -1
0 -6.275027 12.493073 -10.832911 0.181993 0.929336 -1
0 -6.275035 0.381676 -10.832895 0.181993 0.989858 -1
0 -10.966278 0.381813 -6.141726 0.136129 0.989857 -1
0 -10.966263 12.493073 -6.141715 0.136129 0.929336 -1
0 -12.683382 12.493019 0.266651 0.119341 0.929336 -1
0 -12.683363 0.381752 0.266639 0.119342 0.989858 -1
0 -10.966255 0.381706 6.674967 0.136129 0.989858 -1
0 -10.966263 12.493149 6.675022 0.136129 0.929335 -1
0 -6.275027 12.493065 11.366228 0.181993 0.929336 -1
0 -6.275035 0.381706 11.366236 0.181993 0.989858 -1
0 0.133381 0.381737 13.083368 0.244646 0.989858 -1
0 0.133357 12.493141 13.083368 0.244646 0.929335 -1
0 6.541709 12.493080 11.366220 0.307297 0.929336 -1
0 6.541717 0.381737 11.366243 0.307297 0.989858 -1
0 11.232933 0.381706 6.674975 0.353161 0.989858 -1
0 11.232937 12.493164 6.675014 0.353162 0.929335 -1
0 12.950037 12.492958 0.266666 0.369949 0.929336 -1
0 12.950048 0.381752 0.266639 0.369949 0.989858 -1
0 11.232929 0.381783 -6.141718 0.353161 0.989858 -1
0 11.232937 12.493073 -6.141718 0.353162 0.929336 -1
0 6.541709 12.493073 -10.832914 0.307297 0.929336 -1
0 6.541717 0.381737 -10.832888 0.307297 0.989858 -1
56
-0.000001 -0.460841 0.887483
0.000001 -0.238034 0.971257
-0.485619 -0.238039 0.841137
-0.443742 -0.460845 0.768580
0.000001 0.000001 1.000000
-0.499986 -0.000000 0.866034
-0.768576 -0.460842 0.443753
-0.841127 -0.238040 0.485637
-0.866023 0.000001 0.500005
-0.971257 -0.238033 0.000003
-0.887490 -0.460827 -0.000006
-1.000000 0.000000 0.000005
-0.768581 -0.460836 -0.443748
-0.841131 -0.238041 -0.485630
-0.866019 -0.000000 -0.500011
-0.485620 -0.238036 -0.841137
-0.443735 -0.460836 -0.768589
-0.499999 0.000000 -0.866026
-0.000001 -0.460832 -0.887487
0.000001 -0.238036 -0.971256
0.000000 -0.000001 -1.000000
0.485627 -0.238035 -0.841134
0.443748 -0.460833 -0.768584
0.500001 0.000000 -0.866025
0.768584 -0.460835 -0.443746
0.841130 -0.238042 -0.485630
0.866020 -0.000000 -0.500009
0.971256 -0.238036 0.000002
0.887488 -0.460832 -0.000008
1.000000 -0.000000 0.000005
0.768577 -0.460841 0.443752
0.841126 -0.238041 0.485637
0.866024 0.000000 0.500003
0.485623 -0.238038 0.841135
0.443752 -0.460841 0.768576
0.499987 -0.000000 0.866033
0.000000 0.000000 1.000000
-0.447214 -0.000007 -0.894427
0.000000 0.000001 1.000000
0.000000 -1.000000 0.000000
-1.000000 -0.000002 0.000000
1.000000 -0.000002 0.000000
0.000000 -0.000008 -1.000000
-0.707107 -0.000004 -0.707107
-0.287348 0.000000 0.957826
1.000000 0.000000 0.000000
-0.447214 0.000000 0.894427
0.000000 0.000000 0.000000
-0.316228 0.000000 -0.948683
-0.707107 0.000001 -0.707107
0.847998 0.000000 0.529999
0.986394 0.000000 0.164399
-1.000000 0.000000 0.000000
1.000000 -0.000001 0.000000
-0.832050 -0.000002 -0.554700
0.000000 0.000000 -1.000000
96
0 0 1 2 0 1 2 1
0 0 2 3 0 2 3 1
0 1 4 2 1 4 2 1
0 4 5 2 4 5 2 1
0 3 2 6 3 2 6 1
0 2 7 6 2 7 6 1
0 2 5 8 2 5 8 1
0 2 8 7 2 8 7 1
0 6 7 9 6 7 9 1
0 6 9 10 6 9 10 1
0 7 8 9 7 8 9 1
0 8 11 9 8 11 9 1
0 10 9 12 10 9 12 1
0 9 13 12 9 13 12 1
0 9 11 14 9 11 14 1
0 9 14 13 9 14 13 1
0 12 13 15 12 13 15 1
0 12 15 16 12 15 16 1
0 13 14 15 13 14 15 1
0 14 17 15 14 17 15 1
0 16 15 18 16 15 18 1
0 15 19 18 15 19 18 1
0 15 17 20 15 17 20 1
0 15 20 19 15 20 19 1
0 18 19 21 18 19 21 1
0 18 21 22 18 21 22 1
0 19 20 21 19 20 21 1
0 20 23 21 20 23 21 1
0 22 21 24 22 21 24 1
0 21 25 24 21 25 24 1
0 21 23 26 21 23 26 1
0 21 26 25 21 26 25 1
0 24 25 27 24 25 27 1
0 24 27 28 24 27 28 1
0 25 26 27 25 26 27 1
0 26 29 27 26 29 27 1
0 28 27 30 28 27 30 1
0 27 31 30 27 31 30 1
0 27 29 32 27 29 32 1
0 27 32 31 27 32 31 1
0 30 31 33 30 31 33 1
0 30 33 34 30 33 34 1
0 31 32 33 31 32 33 1
0 32 35 33 32 35 33 1
0 34 33 0 34 33 0 1
0 33 1 0 33 1 0 1
0 33 35 4 33 35 4 1
0 33 4 1 33 4 1 1
0 36 37 38 36 37 38 1
0 37 39 38 37 39 38 1
0 38 39 40 38 39 40 1
0 38 40 41 38 40 41 1
0 41 40 42 41 40 42 1
0 40 43 42 40 40 42 1
0 42 43 44 42 40 43 1
0 42 44 45 42 43 36 1
0 45 44 46 36 43 44 1
0 44 47 46 43 45 44 1
0 46 47 48 44 45 46 1
0 46 48 49 44 46 47 1
0 49 48 50 47 46 48 1
0 48 51 50 46 49 48 1
0 50 51 52 48 49 50 1
0 50 52 53 48 50 36 1
0 53 52 54 36 50 51 1
0 52 55 54 50 52 51 1
0 54 55 56 51 52 52 1
0 54 56 57 51 52 53 1
0 57 56 58 53 52 54 1
0 56 59 58 52 55 54 1
0 58 59 37 54 55 37 1
0 58 37 36 54 37 36 1
0 38 37 36 38 37 36 1
0 38 39 37 38 39 37 1
0 40 39 38 40 39 38 1
0 41 40 38 41 40 38 1
0 42 40 41 42 40 41 1
0 42 43 40 42 40 40 1
0 44 43 42 43 40 42 1
0 45 44 42 36 43 42 1
0 46 44 45 44 43 36 1
0 46 47 44 44 45 43 1
0 48 47 46 46 45 44 1
0 49 48 46 47 46 44 1
0 50 48 49 48 46 47 1
0 50 51 48 48 49 46 1
0 52 51 50 50 49 48 1
0 53 52 50 36 50 48 1
0 54 52 53 51 50 36 1
0 54 55 52 51 52 50 1
0 56 55 54 52 52 51 1
0 57 56 54 53 52 51 1
0 58 56 57 54 52 53 1
0 58 59 56 54 55 52 1
0 37 59 58 37 55 54 1
0 36 37 58 36 37 54 1
"Regroup01" 0 0
146
0 0.017477 161.892761 9.705729 0.243513 0.107799 -1
0 0.017521 171.678452 8.402758 0.243513 0.083498 -1
0 -2.413843 171.678955 8.402735 0.219742 0.086754 -1
0 0.017477 161.892853 -9.745188 0.243513 0.107798 -1
0 -2.413843 171.678955 -8.442179 0.219742 0.086753 -1
0 0.017521 171.678452 -8.442194 0.243513 0.083498 -1
0 -4.193751 171.680145 8.402704 0.202341 0.095648 -1
0 -4.193751 171.680145 -8.442172 0.202341 0.095648 -1
0 -4.845243 161.892853 8.402754 0.195972 0.107798 -1
0 -4.845243 161.892822 -8.442172 0.195972 0.107798 -1
0 4.880189 161.892914 8.402781 0.291053 0.107798 -1
0 4.228701 171.680145 8.402735 0.284684 0.095648 -1
0 4.228701 171.680145 -8.442179 0.284684 0.095648 -1
0 4.880189 161.892914 -8.442209 0.291053 0.107798 -1
0 2.448841 171.678955 8.402719 0.267283 0.086754 -1
0 2.448841 171.678955 -8.442179 0.267283 0.086754 -1
0 0.017489 185.315338 4.842999 0.243513 0.065709 -1
0 -4.193763 184.186890 4.842960 0.202341 0.071348 -1
0 -7.276619 171.678955 4.842999 0.172201 0.086754 -1
0 -8.405010 161.892822 4.842960 0.161169 0.107798 -1
0 8.439945 161.892853 4.842976 0.325856 0.107798 -1
0 7.311602 171.678955 4.842990 0.314824 0.086754 -1
0 4.228709 184.186981 4.842968 0.284684 0.071348 -1
0 0.017497 196.761185 -0.019726 0.243513 0.059198 -1
0 -4.845183 185.315308 -0.019718 0.195972 0.065710 -1
0 -8.405014 171.678452 -0.019734 0.161169 0.083497 -1
0 -9.708006 161.892792 -0.019703 0.148430 0.107798 -1
0 9.742929 161.892792 -0.019703 0.338594 0.107798 -1
0 8.439949 171.678452 -0.019749 0.325856 0.083497 -1
0 4.880185 185.315338 -0.019718 0.291053 0.065709 -1
0 0.017489 185.315308 -4.882457 0.243513 0.065710 -1
0 -4.193763 184.186890 -4.882442 0.202341 0.071348 -1
0 -7.276619 171.678955 -4.882488 0.172201 0.086754 -1
0 -8.405010 161.892853 -4.882457 0.161169 0.107798 -1
0 8.439945 161.892914 -4.882457 0.325856 0.107798 -1
0 7.311602 171.678955 -4.882427 0.314824 0.086754 -1
0 4.228709 184.186951 -4.882450 0.284684 0.071348 -1
0 0.133373 25.922218 -6.126224 0.244646 0.862228 -1
0 0.133365 7.033325 -6.126163 0.244646 0.956618 -1
0 -2.931767 25.922134 -5.304865 0.214679 0.862228 -1
0 -2.931743 7.033379 -5.304889 0.214679 0.956618 -1
0 -5.175546 7.033417 -3.061084 0.192742 0.956618 -1
0 -5.175571 25.922218 -3.061099 0.192742 0.862228 -1
0 -5.996855 25.922150 0.003994 0.184713 0.862228 -1
0 -5.996855 7.033470 0.003963 0.184713 0.956618 -1
0 -5.175543 7.033371 3.069042 0.192743 0.956618 -1
0 -5.175566 25.922119 3.069103 0.192742 0.862228 -1
0 -2.931767 25.922104 5.312871 0.214679 0.862228 -1
0 -2.931743 7.033363 5.312885 0.214679 0.956618 -1
0 0.133365 7.033371 6.134181 0.244646 0.956618 -1
0 0.133365 25.922180 6.134173 0.244646 0.862228 -1
0 3.198437 25.922104 5.312871 0.274611 0.862228 -1
0 3.198453 7.033348 5.312893 0.274612 0.956618 -1
0 5.442225 7.033371 3.069042 0.296548 0.956618 -1
0 5.442241 25.922089 3.069119 0.296548 0.862228 -1
0 6.263533 25.922226 0.003978 0.304578 0.862228 -1
0 6.263533 7.033424 0.003986 0.304578 0.956618 -1
0 5.442245 7.033417 -3.061068 0.296548 0.956618 -1
0 5.442250 25.922203 -3.061090 0.296548 0.862228 -1
0 3.198437 25.922134 -5.304865 0.274611 0.862228 -1
0 3.198453 7.033348 -5.304896 0.274612 0.956618 -1
0 0.017477 7.070328 -6.145052 0.243513 0.956434 -1
0 0.017497 4.240501 -5.323969 0.243513 0.970576 -1
0 -1.577771 4.618889 -5.323932 0.227916 0.968684 -1
0 0.017477 7.070259 6.109103 0.243513 0.956434 -1
0 -1.577747 4.618805 5.288120 0.227917 0.968684 -1
0 0.017497 4.240456 5.288036 0.243513 0.970576 -1
0 -2.745551 5.655838 -5.323969 0.216500 0.963503 -1
0 -2.745559 5.655983 5.288089 0.216500 0.963502 -1
0 -3.172911 7.070297 -5.323955 0.212321 0.956434 -1
0 -3.172915 7.070259 5.288074 0.212321 0.956434 -1
0 3.207873 7.070282 -5.323955 0.274704 0.956434 -1
0 2.780546 5.655869 -5.323977 0.270526 0.963502 -1
0 2.780529 5.655922 5.288083 0.270526 0.963502 -1
0 3.207873 7.070259 5.288074 0.274704 0.956434 -1
0 1.612693 4.618935 -5.323955 0.259108 0.968683 -1
0 1.612709 4.618851 5.288113 0.259109 0.968684 -1
0 0.017567 2.183838 -11.655262 0.243513 0.980852 -1
0 -2.745559 2.825111 -3.081500 0.216500 0.977648 -1
0 -4.768174 4.618820 -3.081447 0.196725 0.968684 -1
0 -5.508446 7.070313 -3.081531 0.189488 0.956434 -1
0 5.543410 7.070313 -3.081537 0.297537 0.956434 -1
0 4.803109 4.618889 -3.081469 0.290300 0.968684 -1
0 2.780517 2.825050 -3.081477 0.270526 0.977648 -1
0 0.017445 1.348846 -0.017891 0.243512 0.985025 -1
0 -12.131409 2.183792 -0.017861 0.124738 0.980852 -1
0 -5.508446 4.240517 -0.017971 0.189488 0.970576 -1
0 -6.363394 7.070251 -0.017895 0.181129 0.956434 -1
0 6.398353 7.070282 -0.017887 0.305896 0.956434 -1
0 5.543413 4.240501 -0.017979 0.297537 0.970576 -1
0 12.166315 2.183807 -0.017832 0.362287 0.980852 -1
0 0.017491 2.183716 11.618956 0.243513 0.980853 -1
0 -2.745559 2.825050 3.045537 0.216500 0.977648 -1
0 -4.768174 4.618858 3.045605 0.196725 0.968684 -1
0 -5.508459 7.070251 3.045628 0.189488 0.956434 -1
0 5.543405 7.070282 3.045624 0.297537 0.956434 -1
0 4.803109 4.618919 3.045568 0.290300 0.968683 -1
0 2.780517 2.825020 3.045537 0.270526 0.977648 -1
0 0.017469 85.414886 10.609774 0.243512 0.827234 -1
0 0.017491 117.847153 10.609548 0.243513 0.107382 -1
0 -5.297229 85.414871 9.185687 0.196276 0.827235 -1
0 -5.297208 117.847214 9.185712 0.196276 0.107381 -1
0 -9.187838 117.847198 5.295020 0.161697 0.107381 -1
0 -9.187868 85.414871 5.295271 0.161697 0.827235 -1
0 -10.611936 85.414886 -0.019505 0.149040 0.827235 -1
0 -10.611936 117.847252 -0.019686 0.149040 0.107379 -1
0 -9.187863 117.847176 -5.334507 0.161697 0.107381 -1
0 -9.187895 85.414841 -5.334382 0.161697 0.827235 -1
0 -5.297221 85.414825 -9.224857 0.196276 0.827235 -1
0 -5.297208 117.847214 -9.224824 0.196276 0.107381 -1
0 0.017496 117.847183 -10.649129 0.243513 0.107381 -1
0 0.017469 85.414871 -10.648952 0.243512 0.827235 -1
0 5.332191 85.414841 -9.224849 0.290749 0.827235 -1
0 5.332191 117.847214 -9.224824 0.290749 0.107380 -1
0 9.222816 117.847183 -5.334507 0.325328 0.107381 -1
0 9.222775 85.414856 -5.334373 0.325327 0.827235 -1
0 10.646867 85.414871 -0.019493 0.337985 0.827235 -1
0 10.646871 117.847244 -0.019678 0.337985 0.107380 -1
0 9.222798 117.847198 5.295020 0.325328 0.107381 -1
0 9.222775 85.414886 5.295247 0.325327 0.827235 -1
0 5.332185 85.414871 9.185678 0.290749 0.827235 -1
0 5.332191 117.847214 9.185696 0.290749 0.107381 -1
0 0.017469 121.414894 10.609774 0.243512 0.827234 -1
0 0.017491 153.847168 10.609548 0.243513 0.107382 -1
0 -5.297229 121.414879 9.185687 0.196276 0.827235 -1
0 -5.297208 153.847229 9.185712 0.196276 0.107381 -1
0 -9.187838 153.847198 5.295020 0.161697 0.107381 -1
0 -9.187868 121.414879 5.295271 0.161697 0.827235 -1
0 -10.611936 121.414894 -0.019505 0.149040 0.827235 -1
0 -10.611936 153.847260 -0.019686 0.149040 0.107379 -1
0 -9.187863 153.847183 -5.334507 0.161697 0.107381 -1
0 -9.187895 121.414848 -5.334382 0.161697 0.827235 -1
0 -5.297221 121.414833 -9.224857 0.196276 0.827235 -1
0 -5.297208 153.847229 -9.224824 0.196276 0.107381 -1
0 0.017496 153.847198 -10.649129 0.243513 0.107381 -1
0 0.017469 121.414879 -10.648952 0.243512 0.827235 -1
0 5.332191 121.414848 -9.224849 0.290749 0.827235 -1
0 5.332191 153.847229 -9.224824 0.290749 0.107380 -1
0 9.222816 153.847198 -5.334507 0.325328 0.107381 -1
0 9.222775 121.414864 -5.334373 0.325327 0.827235 -1
0 10.646867 121.414879 -0.019493 0.337985 0.827235 -1
0 10.646871 153.847260 -0.019678 0.337985 0.107380 -1
0 9.222798 153.847198 5.295020 0.325328 0.107381 -1
0 9.222775 121.414894 5.295247 0.325327 0.827235 -1
0 5.332185 121.414879 9.185678 0.290749 0.827235 -1
0 5.332191 153.847229 9.185696 0.290749 0.107381 -1
143
-0.000004 0.094953 0.995482
0.000001 0.219854 0.975533
0.000076 0.203403 0.979095
-0.000002 0.094954 -0.995482
0.000084 0.203404 -0.979095
-0.000001 0.219854 -0.975533
-0.443320 0.133297 0.886397
-0.443315 0.133297 -0.886399
-0.499615 0.033261 0.865609
-0.499614 0.033257 -0.865610
0.499614 0.033261 0.865609
0.443312 0.133299 0.886400
0.443315 0.133298 -0.886399
0.499613 0.033260 -0.865610
-0.000086 0.203403 0.979095
-0.000086 0.203403 -0.979095
-0.000004 0.322552 0.946552
-0.557158 0.335484 0.759622
-0.879536 0.158578 0.448631
-0.874547 0.096364 0.475271
0.874549 0.096362 0.475267
0.879538 0.158577 0.448627
0.557155 0.335484 0.759624
-0.000006 1.000000 -0.000000
-0.946573 0.322490 0.000001
-0.982693 0.185241 0.000001
-0.991251 0.131988 0.000003
0.991251 0.131987 0.000003
0.982694 0.185239 -0.000000
0.946574 0.322488 -0.000000
-0.000003 0.322551 -0.946552
-0.557155 0.335484 -0.759624
-0.879535 0.158578 -0.448632
-0.874546 0.096363 -0.475272
0.874548 0.096363 -0.475268
0.879538 0.158578 -0.448628
0.557154 0.335483 -0.759625
0.000003 -0.000003 -1.000000
0.000001 -0.000001 -1.000000
-0.500001 -0.000001 -0.866025
-0.499998 0.000000 -0.866027
-0.866023 -0.000001 -0.500003
-0.866024 -0.000002 -0.500003
-1.000000 -0.000001 -0.000000
-1.000000 0.000000 -0.000001
-0.866025 -0.000002 0.500001
-0.866024 -0.000003 0.500002
-0.500001 -0.000001 0.866025
-0.500005 -0.000000 0.866023
0.000001 0.000001 1.000000
0.000002 0.000000 1.000000
0.500003 -0.000000 0.866024
0.500008 0.000001 0.866021
0.866025 -0.000001 0.500000
0.866023 -0.000003 0.500004
1.000000 -0.000001 0.000001
1.000000 0.000000 0.000003
0.866025 0.000000 -0.500001
0.866023 -0.000001 -0.500004
0.500004 -0.000000 -0.866023
0.500001 0.000002 -0.866025
-0.000001 -0.189623 -0.981857
0.000006 -0.125142 -0.992139
-0.236006 -0.457929 -0.857089
0.000000 -0.189603 0.981861
-0.236008 -0.457922 0.857093
0.000012 -0.125174 0.992135
-0.479340 -0.309566 -0.821220
-0.479353 -0.309548 0.821219
-0.479603 -0.144897 -0.865440
-0.479593 -0.144911 0.865443
0.479603 -0.144886 -0.865442
0.479340 -0.309563 -0.821221
0.479354 -0.309553 0.821217
0.479596 -0.144905 0.865442
0.236001 -0.457923 -0.857094
0.236003 -0.457920 0.857095
-0.000006 -0.414964 -0.909838
-0.562437 -0.513088 -0.648386
-0.726303 -0.466726 -0.504630
-0.829576 -0.250579 -0.499014
0.829575 -0.250579 -0.499015
0.726306 -0.466718 -0.504633
0.562440 -0.513082 -0.648389
-0.000004 -1.000000 0.000001
-0.907806 -0.419390 0.000014
-0.983383 -0.181544 0.000000
-0.957263 -0.289218 -0.000001
0.957265 -0.289211 0.000004
0.983384 -0.181537 0.000000
0.907796 -0.419413 0.000005
-0.000004 -0.414988 0.909827
-0.562442 -0.513090 0.648381
-0.726300 -0.466723 0.504637
-0.829572 -0.250589 0.499014
0.829572 -0.250591 0.499014
0.726306 -0.466715 0.504635
0.562445 -0.513083 0.648383
0.000000 0.000007 1.000000
0.000001 0.000003 1.000000
-0.499987 0.000003 0.866033
-0.499986 -0.000000 0.866034
-0.866023 0.000003 0.500005
-0.866019 0.000005 0.500011
-1.000000 0.000001 0.000005
-1.000000 0.000000 0.000005
-0.866019 -0.000001 -0.500011
-0.866022 -0.000001 -0.500005
-0.499995 -0.000001 -0.866028
-0.499999 0.000001 -0.866026
0.000000 -0.000002 -1.000000
0.000000 -0.000005 -1.000000
0.499998 -0.000002 -0.866026
0.500001 0.000001 -0.866025
0.866020 -0.000002 -0.500009
0.866023 -0.000003 -0.500004
1.000000 -0.000000 0.000004
1.000000 -0.000000 0.000005
0.866024 0.000002 0.500003
0.866020 0.000003 0.500010
0.499990 0.000003 0.866031
0.499987 -0.000001 0.866033
0.000000 0.000007 1.000000
0.000001 0.000003 1.000000
-0.499986 -0.000000 0.866034
-0.866023 0.000003 0.500005
-0.866019 0.000005 0.500011
-1.000000 0.000001 0.000005
-0.866019 -0.000001 -0.500011
-0.499995 -0.000001 -0.866028
-0.499999 0.000001 -0.866026
0.000000 -0.000002 -1.000000
0.000000 -0.000005 -1.000000
0.499998 -0.000002 -0.866026
0.500001 0.000001 -0.866025
0.866020 -0.000002 -0.500009
0.866023 -0.000003 -0.500004
1.000000 -0.000000 0.000004
1.000000 -0.000000 0.000005
0.866024 0.000002 0.500003
0.866020 0.000003 0.500010
0.499990 0.000003 0.866031
0.499987 -0.000001 0.866033
192
0 0 1 2 0 1 2 1
0 3 4 5 3 4 5 1
0 0 2 6 0 2 6 1
0 3 7 4 3 7 4 1
0 0 6 8 0 6 8 1
0 3 9 7 3 9 7 1
0 0 10 11 0 10 11 1
0 3 12 13 3 12 13 1
0 0 11 14 0 11 14 1
0 3 15 12 3 15 12 1
0 0 14 1 0 14 1 1
0 3 5 15 3 5 15 1
0 1 16 17 1 16 17 1
0 1 17 2 1 17 2 1
0 2 17 6 2 17 6 1
0 17 18 6 17 18 6 1
0 6 18 19 6 18 19 1
0 6 19 8 6 19 8 1
0 10 20 11 10 20 11 1
0 20 21 11 20 21 11 1
0 11 21 22 11 21 22 1
0 11 22 14 11 22 14 1
0 14 22 1 14 22 1 1
0 22 16 1 22 16 1 1
0 16 23 17 16 23 17 1
0 23 24 17 23 24 17 1
0 17 24 25 17 24 25 1
0 17 25 18 17 25 18 1
0 18 25 19 18 25 19 1
0 25 26 19 25 26 19 1
0 20 27 28 20 27 28 1
0 20 28 21 20 28 21 1
0 21 28 22 21 28 22 1
0 28 29 22 28 29 22 1
0 22 29 23 22 29 23 1
0 22 23 16 22 23 16 1
0 23 30 31 23 30 31 1
0 23 31 24 23 31 24 1
0 24 31 25 24 31 25 1
0 31 32 25 31 32 25 1
0 25 32 33 25 32 33 1
0 25 33 26 25 33 26 1
0 27 34 28 27 34 28 1
0 34 35 28 34 35 28 1
0 28 35 36 28 35 36 1
0 28 36 29 28 36 29 1
0 29 36 23 29 36 23 1
0 36 30 23 36 30 23 1
0 30 5 31 30 5 31 1
0 5 4 31 5 4 31 1
0 31 4 7 31 4 7 1
0 31 7 32 31 7 32 1
0 32 7 33 32 7 33 1
0 7 9 33 7 9 33 1
0 34 13 12 34 13 12 1
0 34 12 35 34 12 35 1
0 35 12 36 35 12 36 1
0 12 15 36 12 15 36 1
0 36 15 5 36 15 5 1
0 36 5 30 36 5 30 1
0 37 38 39 37 38 39 1
0 38 40 39 38 40 39 1
0 39 40 41 39 40 41 1
0 39 41 42 39 41 42 1
0 42 41 43 42 41 43 1
0 41 44 43 41 44 43 1
0 43 44 45 43 44 45 1
0 43 45 46 43 45 46 1
0 46 45 47 46 45 47 1
0 45 48 47 45 48 47 1
0 47 48 49 47 48 49 1
0 47 49 50 47 49 50 1
0 50 49 51 50 49 51 1
0 49 52 51 49 52 51 1
0 51 52 53 51 52 53 1
0 51 53 54 51 53 54 1
0 54 53 55 54 53 55 1
0 53 56 55 53 56 55 1
0 55 56 57 55 56 57 1
0 55 57 58 55 57 58 1
0 58 57 59 58 57 59 1
0 57 60 59 57 60 59 1
0 59 60 38 59 60 38 1
0 59 38 37 59 38 37 1
0 61 62 63 61 62 63 1
0 64 65 66 64 65 66 1
0 61 63 67 61 63 67 1
0 64 68 65 64 68 65 1
0 61 67 69 61 67 69 1
0 64 70 68 64 70 68 1
0 61 71 72 61 71 72 1
0 64 73 74 64 73 74 1
0 61 72 75 61 72 75 1
0 64 76 73 64 76 73 1
0 61 75 62 61 75 62 1
0 64 66 76 64 66 76 1
0 62 77 78 62 77 78 1
0 62 78 63 62 78 63 1
0 63 78 67 63 78 67 1
0 78 79 67 78 79 67 1
0 67 79 80 67 79 80 1
0 67 80 69 67 80 69 1
0 71 81 72 71 81 72 1
0 81 82 72 81 82 72 1
0 72 82 83 72 82 83 1
0 72 83 75 72 83 75 1
0 75 83 62 75 83 62 1
0 83 77 62 83 77 62 1
0 77 84 78 77 84 78 1
0 84 85 78 84 85 78 1
0 78 85 86 78 85 86 1
0 78 86 79 78 86 79 1
0 79 86 80 79 86 80 1
0 86 87 80 86 87 80 1
0 81 88 89 81 88 89 1
0 81 89 82 81 89 82 1
0 82 89 83 82 89 83 1
0 89 90 83 89 90 83 1
0 83 90 84 83 90 84 1
0 83 84 77 83 84 77 1
0 84 91 92 84 91 92 1
0 84 92 85 84 92 85 1
0 85 92 86 85 92 86 1
0 92 93 86 92 93 86 1
0 86 93 94 86 93 94 1
0 86 94 87 86 94 87 1
0 88 95 89 88 95 89 1
0 95 96 89 95 96 89 1
0 89 96 97 89 96 97 1
0 89 97 90 89 97 90 1
0 90 97 84 90 97 84 1
0 97 91 84 97 91 84 1
0 91 66 92 91 66 92 1
0 66 65 92 66 65 92 1
0 92 65 68 92 65 68 1
0 92 68 93 92 68 93 1
0 93 68 94 93 68 94 1
0 68 70 94 68 70 94 1
0 95 74 73 95 74 73 1
0 95 73 96 95 73 96 1
0 96 73 97 96 73 97 1
0 73 76 97 73 76 97 1
0 97 76 66 97 76 66 1
0 97 66 91 97 66 91 1
0 98 99 100 98 99 100 1
0 99 101 100 99 101 100 1
0 100 101 102 100 101 102 1
0 100 102 103 100 102 103 1
0 103 102 104 103 102 104 1
0 102 105 104 102 105 104 1
0 104 105 106 104 105 106 1
0 104 106 107 104 106 107 1
0 107 106 108 107 106 108 1
0 106 109 108 106 109 108 1
0 108 109 110 108 109 110 1
0 108 110 111 108 110 111 1
0 111 110 112 111 110 112 1
0 110 113 112 110 113 112 1
0 112 113 114 112 113 114 1
0 112 114 115 112 114 115 1
0 115 114 116 115 114 116 1
0 114 117 116 114 117 116 1
0 116 117 118 116 117 118 1
0 116 118 119 116 118 119 1
0 119 118 120 119 118 120 1
0 118 121 120 118 121 120 1
0 120 121 99 120 121 99 1
0 120 99 98 120 99 98 1
0 122 123 124 122 123 100 1
0 123 125 124 123 124 100 1
0 124 125 126 100 124 125 1
0 124 126 127 100 125 126 1
0 127 126 128 126 125 127 1
0 126 129 128 125 105 127 1
0 128 129 130 127 105 128 1
0 128 130 131 127 128 107 1
0 131 130 132 107 128 129 1
0 130 133 132 128 130 129 1
0 132 133 134 129 130 131 1
0 132 134 135 129 131 132 1
0 135 134 136 132 131 133 1
0 134 137 136 131 134 133 1
0 136 137 138 133 134 135 1
0 136 138 139 133 135 136 1
0 139 138 140 136 135 137 1
0 138 141 140 135 138 137 1
0 140 141 142 137 138 139 1
0 140 142 143 137 139 140 1
0 143 142 144 140 139 141 1
0 142 145 144 139 142 141 1
0 144 145 123 141 142 123 1
0 144 123 122 141 123 122 1
"Regroup00" 0 1
80
0 -3.457053 134.571442 -2.509592 0.000000 0.000000 -1
0 -3.457053 7.071434 -2.509592 0.000000 1.000000 -1
0 -2.509592 134.571442 -3.457053 1.000000 0.000000 -1
0 -2.509592 7.071434 -3.457053 1.000000 1.000000 -1
0 -2.509592 134.571442 -3.457053 0.000000 0.000000 -1
0 -2.509592 7.071434 -3.457053 0.000000 1.000000 -1
0 -19.853903 5.571434 -20.801365 1.000000 0.000000 -1
0 -19.853903 -6.428566 -20.801365 1.000000 1.000000 -1
0 -19.853903 5.571434 -20.801365 0.000000 0.000000 -1
0 -19.853903 -6.428566 -20.801365 0.000000 1.000000 -1
0 -20.801365 5.571434 -19.853903 1.000000 0.000000 -1
0 -20.801365 -6.428566 -19.853903 1.000000 1.000000 -1
0 -20.801365 5.571434 -19.853903 0.000000 0.000000 -1
0 -20.801365 -6.428566 -19.853903 0.000000 1.000000 -1
0 -3.457053 134.571442 -2.509592 1.000000 0.000000 -1
0 -3.457053 7.071434 -2.509592 1.000000 1.000000 -1
0 -3.457053 134.571442 -2.509592 0.000000 1.000000 -1
0 -2.509592 134.571442 -3.457053 1.000000 1.000000 -1
0 -3.457053 7.071434 -2.509592 0.000000 0.000000 -1
0 -2.509592 7.071434 -3.457053 1.000000 0.000000 -1
0 3.457053 134.571442 2.509592 1.000000 0.000000 -1
0 2.509592 7.071434 3.457053 0.000000 1.000000 -1
0 2.509592 134.571442 3.457053 0.000000 0.000000 -1
0 3.457053 7.071434 2.509592 1.000000 1.000000 -1
0 20.801365 5.571434 19.853903 1.000000 0.000000 -1
0 3.457053 7.071434 2.509592 0.000000 1.000000 -1
0 3.457053 134.571442 2.509592 0.000000 0.000000 -1
0 20.801365 -6.428566 19.853903 1.000000 1.000000 -1
0 19.853903 5.571434 20.801365 1.000000 0.000000 -1
0 20.801365 -6.428566 19.853903 0.000000 1.000000 -1
0 20.801365 5.571434 19.853903 0.000000 0.000000 -1
0 19.853903 -6.428566 20.801365 1.000000 1.000000 -1
0 2.509592 134.571442 3.457053 1.000000 0.000000 -1
0 19.853903 -6.428566 20.801365 0.000000 1.000000 -1
0 19.853903 5.571434 20.801365 0.000000 0.000000 -1
0 2.509592 7.071434 3.457053 1.000000 1.000000 -1
0 2.509592 134.571442 3.457053 0.000000 1.000000 -1
0 3.457053 134.571442 2.509592 1.000000 1.000000 -1
0 3.457053 7.071434 2.509592 1.000000 0.000000 -1
0 2.509592 7.071434 3.457053 0.000000 0.000000 -1
0 -2.509592 134.571442 3.457053 0.000000 0.000000 -1
0 -2.509592 7.071434 3.457053 0.000000 1.000000 -1
0 -3.457053 134.571442 2.509592 1.000000 0.000000 -1
0 -3.457053 7.071434 2.509592 1.000000 1.000000 -1
0 -3.457053 134.571442 2.509592 0.000000 0.000000 -1
0 -3.457053 7.071434 2.509592 0.000000 1.000000 -1
0 -20.801363 5.571434 19.853905 1.000000 0.000000 -1
0 -20.801363 -6.428566 19.853905 1.000000 1.000000 -1
0 -20.801363 5.571434 19.853905 0.000000 0.000000 -1
0 -20.801363 -6.428566 19.853905 0.000000 1.000000 -1
0 -19.853903 5.571434 20.801365 1.000000 0.000000 -1
0 -19.853903 -6.428566 20.801365 1.000000 1.000000 -1
0 -19.853903 5.571434 20.801365 0.000000 0.000000 -1
0 -19.853903 -6.428566 20.801365 0.000000 1.000000 -1
0 -2.509592 134.571442 3.457053 1.000000 0.000000 -1
0 -2.509592 7.071434 3.457053 1.000000 1.000000 -1
0 -2.509592 134.571442 3.457053 0.000000 1.000000 -1
0 -3.457053 134.571442 2.509592 1.000000 1.000000 -1
0 -2.509592 7.071434 3.457053 0.000000 0.000000 -1
0 -3.457053 7.071434 2.509592 1.000000 0.000000 -1
0 2.509592 134.571442 -3.457053 1.000000 0.000000 -1
0 3.457053 7.071434 -2.509592 0.000000 1.000000 -1
0 3.457053 134.571442 -2.509592 0.000000 0.000000 -1
0 2.509592 7.071434 -3.457053 1.000000 1.000000 -1
0 19.853903 5.571434 -20.801365 1.000000 0.000000 -1
0 2.509592 7.071434 -3.457053 0.000000 1.000000 -1
0 2.509592 134.571442 -3.457053 0.000000 0.000000 -1
0 19.853903 -6.428566 -20.801365 1.000000 1.000000 -1
0 20.801363 5.571434 -19.853905 1.000000 0.000000 -1
0 19.853903 -6.428566 -20.801365 0.000000 1.000000 -1
0 19.853903 5.571434 -20.801365 0.000000 0.000000 -1
0 20.801363 -6.428566 -19.853905 1.000000 1.000000 -1
0 3.457053 134.571442 -2.509592 1.000000 0.000000 -1
0 20.801363 -6.428566 -19.853905 0.000000 1.000000 -1
0 20.801363 5.571434 -19.853905 0.000000 0.000000 -1
0 3.457053 7.071434 -2.509592 1.000000 1.000000 -1
0 3.457053 134.571442 -2.509592 0.000000 1.000000 -1
0 2.509592 134.571442 -3.457053 1.000000 1.000000 -1
0 2.509592 7.071434 -3.457053 1.000000 0.000000 -1
0 3.457053 7.071434 -2.509592 0.000000 0.000000 -1
20
0.707107 0.000000 0.707107
0.707107 0.000000 -0.707107
-0.707107 0.000000 -0.707107
-0.707107 0.000000 0.707107
-0.694661 0.186797 -0.694661
-0.694661 0.186797 -0.694661
0.340948 -0.876076 0.340948
0.707107 0.000000 -0.707107
-0.707107 0.000000 0.707107
0.694661 0.186797 0.694661
0.694661 0.186797 0.694661
-0.340948 -0.876076 -0.340948
0.707107 0.000000 -0.707107
-0.707107 0.000000 -0.707107
-0.707107 0.000000 0.707107
0.707107 0.000000 0.707107
-0.694661 0.186797 0.694661
0.340948 -0.876076 -0.340948
0.694661 0.186797 -0.694661
-0.340948 -0.876076 0.340948
48
0 0 1 2 0 0 0 1
0 1 3 2 0 0 0 1
0 4 5 6 1 1 1 2
0 5 7 6 1 1 1 2
0 8 9 10 2 2 2 1
0 9 11 10 2 2 2 1
0 12 13 14 3 3 3 2
0 13 15 14 3 3 3 2
0 12 16 6 4 4 4 3
0 16 17 6 4 5 4 3
0 18 13 19 6 6 6 3
0 13 7 19 6 6 6 3
0 20 21 22 2 2 2 1
0 20 23 21 2 2 2 1
0 24 25 26 7 7 7 2
0 24 27 25 7 7 7 2
0 28 29 30 0 0 0 1
0 28 31 29 0 0 0 1
0 32 33 34 8 8 8 2
0 32 35 33 8 8 8 2
0 24 36 34 9 9 9 3
0 24 37 36 9 10 9 3
0 38 33 39 11 11 11 3
0 38 27 33 11 11 11 3
0 40 41 42 12 12 12 1
0 41 43 42 12 12 12 1
0 44 45 46 13 13 13 2
0 45 47 46 13 13 13 2
0 48 49 50 14 14 14 1
0 49 51 50 14 14 14 1
0 52 53 54 15 15 15 2
0 53 55 54 15 15 15 2
0 52 56 46 16 16 16 3
0 56 57 46 16 16 16 3
0 58 53 59 17 17 17 3
0 53 47 59 17 17 17 3
0 60 61 62 14 14 14 1
0 60 63 61 14 14 14 1
0 64 65 66 13 13 13 2
0 64 67 65 13 13 13 2
0 68 69 70 12 12 12 1
0 68 71 69 12 12 12 1
0 72 73 74 15 15 15 2
0 72 75 73 15 15 15 2
0 64 76 74 18 18 18 3
0 64 77 76 18 18 18 3
0 78 73 79 19 19 19 3
0 78 67 73 19 19 19 3

Materials: 2
"Material01"
1.000000 0.501961 0.000000 1.000000
1.000000 0.501961 0.000000 1.000000
0.000000 0.000000 0.000000 1.000000
0.000000 0.000000 0.000000 1.000000
0.000000
1.000000
"sphere_cball.bmp"
""
"Material01"
0.200000 0.200000 0.200000 1.000000
1.000000 1.000000 1.000000 1.000000
0.000000 0.000000 0.000000 1.000000
0.000000 0.000000 0.000000 1.000000
0.000000
1.000000
"sphere_cball.bmp"
""

Bones: 0
GroupComments: 0
MaterialComments: 0
BoneComments: 0
ModelComment: 0
