// MilkShape 3D ASCII

Frames: 30
Frame: 1

Meshes: 3
"Cylinder01" 0 1
39
0 0.700000 -19.800003 -0.000000 0.000000 0.000000 -1
0 0.606218 -19.800003 0.350000 0.000000 0.000000 -1
0 0.000000 -18.466671 -0.000000 0.000000 0.000000 -1
0 0.700000 -19.800003 -0.000000 0.000000 1.000000 -1
0 0.700000 11.214295 -0.000000 0.000000 0.500000 -1
0 0.606218 11.214295 0.350000 0.083333 0.500000 -1
0 0.606218 -19.800003 0.350000 0.083333 1.000000 -1
0 0.350000 -19.800003 0.606218 0.000000 0.000000 -1
0 0.350000 -19.800003 0.606218 0.166667 1.000000 -1
0 0.350000 11.214295 0.606218 0.166667 0.500000 -1
0 0.000000 -19.800003 0.700000 0.000000 0.000000 -1
0 0.000000 11.214295 0.700000 0.250000 0.500000 -1
0 0.000000 -19.800003 0.700000 0.250000 1.000000 -1
0 -0.350000 -19.800003 0.606218 0.000000 0.000000 -1
0 -0.350000 -19.800003 0.606218 0.333333 1.000000 -1
0 -0.350000 11.214295 0.606218 0.333333 0.500000 -1
0 -0.606218 -19.800003 0.350000 0.000000 0.000000 -1
0 -0.606218 11.214295 0.350000 0.416667 0.500000 -1
0 -0.606218 -19.800003 0.350000 0.416667 1.000000 -1
0 -0.700000 -19.800003 -0.000000 0.000000 0.000000 -1
0 -0.700000 -19.800003 -0.000000 0.500000 1.000000 -1
0 -0.700000 11.214295 -0.000000 0.500000 0.500000 -1
0 -0.606218 -19.800003 -0.350000 0.000000 0.000000 -1
0 -0.606218 11.214295 -0.350000 0.583333 0.500000 -1
0 -0.606218 -19.800003 -0.350000 0.583333 1.000000 -1
0 -0.350000 -19.800003 -0.606218 0.000000 0.000000 -1
0 -0.350000 -19.800003 -0.606218 0.666667 1.000000 -1
0 -0.350000 11.214295 -0.606218 0.666667 0.500000 -1
0 -0.000000 -19.800003 -0.700000 0.000000 0.000000 -1
0 -0.000000 11.214295 -0.700000 0.750000 0.500000 -1
0 -0.000000 -19.800003 -0.700000 0.750000 1.000000 -1
0 0.350000 -19.800003 -0.606218 0.000000 0.000000 -1
0 0.350000 -19.800003 -0.606218 0.833333 1.000000 -1
0 0.350000 11.214295 -0.606218 0.833333 0.500000 -1
0 0.606218 -19.800003 -0.350000 0.000000 0.000000 -1
0 0.606218 11.214295 -0.350000 0.916667 0.500000 -1
0 0.606218 -19.800003 -0.350000 0.916667 1.000000 -1
0 0.700000 -19.800003 -0.000000 1.000000 1.000000 -1
0 0.700000 11.214295 -0.000000 1.000000 0.500000 -1
37
-0.885398 -0.464834 0.000000
-0.766777 -0.464834 -0.442699
-0.000000 -1.000000 -0.000000
1.000000 0.000000 0.000000
0.998322 0.057915 -0.000000
0.865380 0.038606 0.499627
0.866025 0.000000 0.500000
-0.442699 -0.464834 -0.766777
0.500000 0.000000 0.866025
0.499161 0.057915 0.864572
0.000000 -0.464834 -0.885398
-0.000000 0.038606 0.999255
0.000000 0.000000 1.000000
0.442699 -0.464834 -0.766777
-0.500000 0.000000 0.866025
-0.499161 0.057915 0.864572
0.766777 -0.464834 -0.442699
-0.865380 0.038606 0.499627
-0.866025 0.000000 0.500000
0.885398 -0.464834 0.000000
-1.000000 0.000000 0.000000
-0.998322 0.057915 -0.000000
0.766777 -0.464834 0.442699
-0.865380 0.038606 -0.499627
-0.866025 0.000000 -0.500000
0.442699 -0.464834 0.766777
-0.500000 0.000000 -0.866025
-0.499161 0.057915 -0.864572
0.000000 -0.464834 0.885398
0.000000 0.038606 -0.999255
0.000000 0.000000 -1.000000
-0.442699 -0.464834 0.766777
0.500000 0.000000 -0.866025
0.499161 0.057915 -0.864572
-0.766777 -0.464834 0.442699
0.865380 0.038606 -0.499627
0.866025 0.000000 -0.500000
36
0 0 1 2 0 1 2 2
0 3 4 5 3 4 5 1
0 3 5 6 3 5 6 1
0 1 7 2 1 7 2 2
0 6 5 8 6 5 8 1
0 5 9 8 5 9 8 1
0 7 10 2 7 10 2 2
0 8 9 11 8 9 11 1
0 8 11 12 8 11 12 1
0 10 13 2 10 13 2 2
0 12 11 14 12 11 14 1
0 11 15 14 11 15 14 1
0 13 16 2 13 16 2 2
0 14 15 17 14 15 17 1
0 14 17 18 14 17 18 1
0 16 19 2 16 19 2 2
0 18 17 20 18 17 20 1
0 17 21 20 17 21 20 1
0 19 22 2 19 22 2 2
0 20 21 23 20 21 23 1
0 20 23 24 20 23 24 1
0 22 25 2 22 25 2 2
0 24 23 26 24 23 26 1
0 23 27 26 23 27 26 1
0 25 28 2 25 28 2 2
0 26 27 29 26 27 29 1
0 26 29 30 26 29 30 1
0 28 31 2 28 31 2 2
0 30 29 32 30 29 32 1
0 29 33 32 29 33 32 1
0 31 34 2 31 34 2 2
0 32 33 35 32 33 35 1
0 32 35 36 32 35 36 1
0 34 0 2 34 0 2 2
0 36 35 37 36 35 3 1
0 35 38 37 35 4 3 1
"Regroup00" 0 0
156
0 0.229038 0.300003 -0.377919 0.000000 0.000000 -1
0 0.229038 -12.670873 -0.472145 0.000000 0.000000 -1
0 0.229038 -14.914289 -1.981179 0.000000 0.000000 -1
0 -0.229038 0.300003 -0.377919 0.000000 0.000000 -1
0 -0.229038 -14.914289 -1.981179 0.000000 0.000000 -1
0 -0.229038 -12.670873 -0.472145 0.000000 0.000000 -1
0 0.229038 0.300003 -0.377919 0.000000 1.000000 -1
0 0.229038 -12.670873 -0.472145 0.111111 1.000000 -1
0 -0.229038 -12.670873 -0.472145 0.111111 0.000000 -1
0 0.229038 -14.405747 -0.356323 0.000000 0.000000 -1
0 -0.229038 -14.405747 -0.356323 0.000000 0.000000 -1
0 -0.229038 -14.405747 -0.356323 0.222222 0.000000 -1
0 0.229038 -14.405747 -0.356323 0.222222 1.000000 -1
0 0.229038 -16.235718 -0.177106 0.000000 0.000000 -1
0 -0.229038 -16.235718 -0.177106 0.000000 0.000000 -1
0 0.229038 -16.235718 -0.177106 0.333333 1.000000 -1
0 -0.229038 -16.235718 -0.177106 0.333333 0.000000 -1
0 0.229038 -17.951962 -0.491128 0.000000 0.000000 -1
0 -0.229038 -17.951962 -0.491128 0.000000 0.000000 -1
0 -0.229038 -17.951962 -0.491128 0.444444 0.000000 -1
0 0.229038 -17.951962 -0.491128 0.444444 1.000000 -1
0 0.229038 -18.380531 -1.409893 0.000000 0.000000 -1
0 -0.229038 -18.380531 -1.409893 0.000000 0.000000 -1
0 0.229038 -18.380531 -1.409893 0.555556 1.000000 -1
0 -0.229038 -18.380531 -1.409893 0.555556 0.000000 -1
0 0.229038 -17.807148 -2.983616 0.000000 0.000000 -1
0 -0.229038 -17.807148 -2.983616 0.000000 0.000000 -1
0 -0.229038 -17.807148 -2.983616 0.666667 0.000000 -1
0 0.229038 -17.807148 -2.983616 0.666667 1.000000 -1
0 0.229038 -16.262894 -3.720551 0.000000 0.000000 -1
0 -0.229038 -16.262894 -3.720551 0.000000 0.000000 -1
0 0.229038 -16.262894 -3.720551 0.777778 1.000000 -1
0 -0.229038 -16.262894 -3.720551 0.777778 0.000000 -1
0 0.229038 -12.099444 -2.115983 0.000000 0.000000 -1
0 -0.229038 -12.099444 -2.115983 0.000000 0.000000 -1
0 -0.229038 -12.099444 -2.115983 0.888889 0.000000 -1
0 0.229038 -12.099444 -2.115983 0.888889 1.000000 -1
0 0.229038 0.300003 -0.377919 1.000000 1.000000 -1
0 -0.229038 0.300003 -0.377919 1.000000 0.000000 -1
0 0.229038 -14.914289 1.981179 0.000000 0.000000 -1
0 0.229038 -12.670873 0.472145 0.000000 0.000000 -1
0 0.229038 0.300003 0.377919 0.000000 0.000000 -1
0 -0.229038 -12.670873 0.472145 0.000000 0.000000 -1
0 -0.229038 -14.914289 1.981179 0.000000 0.000000 -1
0 -0.229038 0.300003 0.377919 0.000000 0.000000 -1
0 0.229038 -12.670873 0.472145 0.111111 1.000000 -1
0 0.229038 0.300003 0.377919 0.000000 1.000000 -1
0 -0.229038 -12.670873 0.472145 0.111111 0.000000 -1
0 0.229038 -14.405747 0.356322 0.000000 0.000000 -1
0 -0.229038 -14.405747 0.356322 0.000000 0.000000 -1
0 -0.229038 -14.405747 0.356322 0.222222 0.000000 -1
0 0.229038 -14.405747 0.356322 0.222222 1.000000 -1
0 0.229038 -16.235718 0.177106 0.000000 0.000000 -1
0 -0.229038 -16.235718 0.177106 0.000000 0.000000 -1
0 0.229038 -16.235718 0.177106 0.333333 1.000000 -1
0 -0.229038 -16.235718 0.177106 0.333333 0.000000 -1
0 0.229038 -17.951962 0.491128 0.000000 0.000000 -1
0 -0.229038 -17.951962 0.491128 0.000000 0.000000 -1
0 -0.229038 -17.951962 0.491128 0.444444 0.000000 -1
0 0.229038 -17.951962 0.491128 0.444444 1.000000 -1
0 0.229038 -18.380531 1.409893 0.000000 0.000000 -1
0 -0.229038 -18.380531 1.409893 0.000000 0.000000 -1
0 0.229038 -18.380531 1.409893 0.555556 1.000000 -1
0 -0.229038 -18.380531 1.409893 0.555556 0.000000 -1
0 0.229038 -17.807148 2.983616 0.000000 0.000000 -1
0 -0.229038 -17.807148 2.983616 0.000000 0.000000 -1
0 -0.229038 -17.807148 2.983616 0.666667 0.000000 -1
0 0.229038 -17.807148 2.983616 0.666667 1.000000 -1
0 0.229038 -16.262894 3.720551 0.000000 0.000000 -1
0 -0.229038 -16.262894 3.720551 0.000000 0.000000 -1
0 0.229038 -16.262894 3.720551 0.777778 1.000000 -1
0 -0.229038 -16.262894 3.720551 0.777778 0.000000 -1
0 0.229038 -12.099444 2.115983 0.000000 0.000000 -1
0 -0.229038 -12.099444 2.115983 0.000000 0.000000 -1
0 -0.229038 -12.099444 2.115983 0.888889 0.000000 -1
0 0.229038 -12.099444 2.115983 0.888889 1.000000 -1
0 0.229038 0.300003 0.377919 1.000000 1.000000 -1
0 -0.229038 0.300003 0.377919 1.000000 0.000000 -1
0 -0.377919 0.300003 -0.229038 0.000000 0.000000 -1
0 -0.472145 -12.670873 -0.229038 0.000000 0.000000 -1
0 -1.981179 -14.914289 -0.229038 0.000000 0.000000 -1
0 -0.377919 0.300003 0.229038 0.000000 0.000000 -1
0 -1.981179 -14.914289 0.229038 0.000000 0.000000 -1
0 -0.472145 -12.670873 0.229038 0.000000 0.000000 -1
0 -0.377919 0.300003 -0.229038 0.000000 1.000000 -1
0 -0.472145 -12.670873 -0.229038 0.111111 1.000000 -1
0 -0.472145 -12.670873 0.229038 0.111111 0.000000 -1
0 -0.356322 -14.405747 -0.229038 0.000000 0.000000 -1
0 -0.356322 -14.405747 0.229038 0.000000 0.000000 -1
0 -0.356322 -14.405747 0.229038 0.222222 0.000000 -1
0 -0.356322 -14.405747 -0.229038 0.222222 1.000000 -1
0 -0.177106 -16.235718 -0.229038 0.000000 0.000000 -1
0 -0.177106 -16.235718 0.229037 0.000000 0.000000 -1
0 -0.177106 -16.235718 -0.229038 0.333333 1.000000 -1
0 -0.177106 -16.235718 0.229037 0.333333 0.000000 -1
0 -0.491128 -17.951962 -0.229038 0.000000 0.000000 -1
0 -0.491128 -17.951962 0.229037 0.000000 0.000000 -1
0 -0.491128 -17.951962 0.229037 0.444444 0.000000 -1
0 -0.491128 -17.951962 -0.229038 0.444444 1.000000 -1
0 -1.409893 -18.380531 -0.229038 0.000000 0.000000 -1
0 -1.409893 -18.380531 0.229037 0.000000 0.000000 -1
0 -1.409893 -18.380531 -0.229038 0.555556 1.000000 -1
0 -1.409893 -18.380531 0.229037 0.555556 0.000000 -1
0 -2.983616 -17.807148 -0.229038 0.000000 0.000000 -1
0 -2.983616 -17.807148 0.229038 0.000000 0.000000 -1
0 -2.983616 -17.807148 0.229038 0.666667 0.000000 -1
0 -2.983616 -17.807148 -0.229038 0.666667 1.000000 -1
0 -3.720551 -16.262894 -0.229038 0.000000 0.000000 -1
0 -3.720551 -16.262894 0.229038 0.000000 0.000000 -1
0 -3.720551 -16.262894 -0.229038 0.777778 1.000000 -1
0 -3.720551 -16.262894 0.229038 0.777778 0.000000 -1
0 -2.115983 -12.099444 -0.229038 0.000000 0.000000 -1
0 -2.115983 -12.099444 0.229038 0.000000 0.000000 -1
0 -2.115983 -12.099444 0.229038 0.888889 0.000000 -1
0 -2.115983 -12.099444 -0.229038 0.888889 1.000000 -1
0 -0.377919 0.300003 -0.229038 1.000000 1.000000 -1
0 -0.377919 0.300003 0.229038 1.000000 0.000000 -1
0 1.981179 -14.914289 -0.229038 0.000000 0.000000 -1
0 0.472145 -12.670873 -0.229038 0.000000 0.000000 -1
0 0.377919 0.300003 -0.229038 0.000000 0.000000 -1
0 0.472145 -12.670873 0.229038 0.000000 0.000000 -1
0 1.981179 -14.914289 0.229037 0.000000 0.000000 -1
0 0.377919 0.300003 0.229038 0.000000 0.000000 -1
0 0.472145 -12.670873 -0.229038 0.111111 1.000000 -1
0 0.377919 0.300003 -0.229038 0.000000 1.000000 -1
0 0.472145 -12.670873 0.229038 0.111111 0.000000 -1
0 0.356323 -14.405747 -0.229038 0.000000 0.000000 -1
0 0.356323 -14.405747 0.229038 0.000000 0.000000 -1
0 0.356323 -14.405747 0.229038 0.222222 0.000000 -1
0 0.356323 -14.405747 -0.229038 0.222222 1.000000 -1
0 0.177106 -16.235718 -0.229038 0.000000 0.000000 -1
0 0.177106 -16.235718 0.229037 0.000000 0.000000 -1
0 0.177106 -16.235718 -0.229038 0.333333 1.000000 -1
0 0.177106 -16.235718 0.229037 0.333333 0.000000 -1
0 0.491128 -17.951962 -0.229038 0.000000 0.000000 -1
0 0.491128 -17.951962 0.229037 0.000000 0.000000 -1
0 0.491128 -17.951962 0.229037 0.444444 0.000000 -1
0 0.491128 -17.951962 -0.229038 0.444444 1.000000 -1
0 1.409893 -18.380531 -0.229038 0.000000 0.000000 -1
0 1.409893 -18.380531 0.229037 0.000000 0.000000 -1
0 1.409893 -18.380531 -0.229038 0.555556 1.000000 -1
0 1.409893 -18.380531 0.229037 0.555556 0.000000 -1
0 2.983616 -17.807148 -0.229038 0.000000 0.000000 -1
0 2.983616 -17.807148 0.229037 0.000000 0.000000 -1
0 2.983616 -17.807148 0.229037 0.666667 0.000000 -1
0 2.983616 -17.807148 -0.229038 0.666667 1.000000 -1
0 3.720551 -16.262894 -0.229038 0.000000 0.000000 -1
0 3.720551 -16.262894 0.229037 0.000000 0.000000 -1
0 3.720551 -16.262894 -0.229038 0.777778 1.000000 -1
0 3.720551 -16.262894 0.229037 0.777778 0.000000 -1
0 2.115983 -12.099444 -0.229038 0.000000 0.000000 -1
0 2.115983 -12.099444 0.229037 0.000000 0.000000 -1
0 2.115983 -12.099444 0.229037 0.888889 0.000000 -1
0 2.115983 -12.099444 -0.229038 0.888889 1.000000 -1
0 0.377919 0.300003 -0.229038 1.000000 1.000000 -1
0 0.377919 0.300003 0.229038 1.000000 0.000000 -1
137
1.000000 0.000000 -0.000000
1.000000 0.000000 0.000000
1.000000 0.000000 -0.000000
-1.000000 -0.000000 0.000000
-1.000000 -0.000000 0.000000
-1.000000 -0.000000 -0.000000
0.000000 0.265782 -0.964033
0.000000 0.122179 0.992508
0.000000 0.029695 0.999559
0.000000 0.029695 0.999559
1.000000 0.000000 0.000000
-1.000000 -0.000000 -0.000000
0.000000 0.082050 0.996628
0.000000 0.082050 0.996628
1.000000 0.000000 -0.000000
-1.000000 -0.000000 0.000000
0.000000 -0.041661 0.999132
0.000000 -0.041661 0.999132
1.000000 0.000000 -0.000000
-1.000000 -0.000000 0.000000
0.000000 -0.611261 0.791429
1.000000 0.000000 -0.000000
-1.000000 -0.000000 0.000000
0.000000 -0.999053 0.043516
0.000000 -0.999053 0.043516
1.000000 0.000000 -0.000000
-1.000000 -0.000000 0.000000
0.000000 -0.740170 -0.672419
1.000000 0.000000 -0.000000
-1.000000 -0.000000 0.000000
0.000000 -0.038690 -0.999251
1.000000 0.000000 -0.000000
-1.000000 -0.000000 0.000000
0.000000 0.250850 -0.968026
1.000000 0.000000 0.000000
1.000000 0.000000 -0.000000
1.000000 0.000000 0.000000
-1.000000 -0.000000 0.000000
-1.000000 -0.000000 -0.000000
-1.000000 -0.000000 -0.000000
0.000000 0.029695 -0.999559
0.000000 0.122179 -0.992508
0.000000 0.265782 0.964033
0.000000 0.029695 -0.999559
1.000000 0.000000 -0.000000
-1.000000 -0.000000 0.000000
0.000000 0.082050 -0.996628
0.000000 0.082050 -0.996628
1.000000 0.000000 0.000000
-1.000000 -0.000000 -0.000000
0.000000 -0.041661 -0.999132
0.000000 -0.041661 -0.999132
1.000000 0.000000 0.000000
-1.000000 -0.000000 -0.000000
0.000000 -0.611261 -0.791429
1.000000 0.000000 0.000000
-1.000000 -0.000000 -0.000000
0.000000 -0.999053 -0.043516
1.000000 0.000000 0.000000
-1.000000 -0.000000 -0.000000
0.000000 -0.740170 0.672419
1.000000 0.000000 0.000000
-1.000000 -0.000000 -0.000000
0.000000 -0.038690 0.999251
1.000000 0.000000 0.000000
-1.000000 -0.000000 -0.000000
0.000000 0.250850 0.968026
-0.000000 0.000000 -1.000000
-0.000000 0.000000 -1.000000
-0.000000 0.000000 -1.000000
0.000000 -0.000000 1.000000
0.000000 -0.000000 1.000000
0.000000 -0.000000 1.000000
-0.964033 0.265782 0.000000
0.992508 0.122179 0.000000
0.999559 0.029695 0.000000
0.999559 0.029695 0.000000
-0.000000 0.000000 -1.000000
0.000000 -0.000000 1.000000
0.996628 0.082050 -0.000000
0.996628 0.082050 0.000000
-0.000000 0.000000 -1.000000
0.000000 -0.000000 1.000000
0.999132 -0.041661 -0.000000
0.999132 -0.041661 -0.000000
-0.000000 0.000000 -1.000000
0.000000 -0.000000 1.000000
0.791429 -0.611261 -0.000000
0.791429 -0.611261 0.000000
-0.000000 0.000000 -1.000000
0.000000 -0.000000 1.000000
0.043516 -0.999053 0.000000
-0.000000 0.000000 -1.000000
0.000000 -0.000000 1.000000
-0.672419 -0.740170 0.000000
-0.000000 0.000000 -1.000000
0.000000 -0.000000 1.000000
-0.999251 -0.038690 0.000000
-0.999251 -0.038690 0.000000
-0.000000 0.000000 -1.000000
0.000000 -0.000000 1.000000
-0.968026 0.250850 0.000000
-0.968026 0.250850 0.000000
-0.000000 0.000000 -1.000000
-0.000000 0.000000 -1.000000
-0.000000 0.000000 -1.000000
0.000000 -0.000000 1.000000
0.000000 -0.000000 1.000000
0.000000 -0.000000 1.000000
-0.999559 0.029695 0.000000
-0.992508 0.122179 0.000000
0.964033 0.265782 0.000000
-0.000000 0.000000 -1.000000
0.000000 -0.000000 1.000000
-0.996628 0.082050 0.000000
-0.996628 0.082050 0.000000
-0.000000 0.000000 -1.000000
0.000000 -0.000000 1.000000
-0.999132 -0.041661 0.000000
-0.999132 -0.041661 0.000000
-0.000000 0.000000 -1.000000
0.000000 -0.000000 1.000000
-0.791429 -0.611261 0.000000
-0.791429 -0.611261 0.000000
-0.000000 0.000000 -1.000000
0.000000 -0.000000 1.000000
-0.043516 -0.999053 0.000000
-0.043516 -0.999053 0.000000
-0.000000 0.000000 -1.000000
0.000000 -0.000000 1.000000
0.672419 -0.740170 0.000000
-0.000000 0.000000 -1.000000
-0.000000 -0.000000 1.000000
0.999251 -0.038690 0.000000
0.000000 0.000000 -1.000000
0.000000 -0.000000 1.000000
0.968026 0.250850 0.000000
144
0 0 1 2 0 1 2 2
0 3 4 5 3 4 5 2
0 6 3 7 6 7 8 1
0 3 8 7 7 9 8 1
0 1 9 2 1 10 2 2
0 5 4 10 5 4 11 2
0 7 8 11 8 9 12 1
0 7 11 12 8 12 13 1
0 9 13 2 10 14 2 2
0 10 4 14 11 4 15 2
0 12 11 15 13 12 16 1
0 11 16 15 12 17 16 1
0 13 17 2 14 18 2 2
0 14 4 18 15 4 19 2
0 15 16 19 16 17 20 1
0 15 19 20 16 20 20 1
0 17 21 2 18 21 2 2
0 18 4 22 19 4 22 2
0 20 19 23 20 20 23 1
0 19 24 23 20 24 23 1
0 21 25 2 21 25 2 2
0 22 4 26 22 4 26 2
0 23 24 27 23 24 27 1
0 23 27 28 23 27 27 1
0 25 29 2 25 28 2 2
0 26 4 30 26 4 29 2
0 28 27 31 27 27 30 1
0 27 32 31 27 30 30 1
0 29 33 2 28 31 2 2
0 30 4 34 29 4 32 2
0 31 32 35 30 30 33 1
0 31 35 36 30 33 33 1
0 33 0 2 31 0 2 2
0 34 4 3 32 4 3 2
0 36 35 37 33 33 6 1
0 35 38 37 33 7 6 1
0 39 40 41 34 35 36 2
0 42 43 44 37 38 39 2
0 45 44 46 40 41 42 1
0 45 47 44 40 43 41 1
0 39 48 40 34 44 35 2
0 49 43 42 45 38 37 2
0 50 47 45 46 43 40 1
0 51 50 45 47 46 40 1
0 39 52 48 34 48 44 2
0 53 43 49 49 38 45 2
0 54 50 51 50 46 47 1
0 54 55 50 50 51 46 1
0 39 56 52 34 52 48 2
0 57 43 53 53 38 49 2
0 58 55 54 54 51 50 1
0 59 58 54 54 54 50 1
0 39 60 56 34 55 52 2
0 61 43 57 56 38 53 2
0 62 58 59 57 54 54 1
0 62 63 58 57 57 54 1
0 39 64 60 34 58 55 2
0 65 43 61 59 38 56 2
0 66 63 62 60 57 57 1
0 67 66 62 60 60 57 1
0 39 68 64 34 61 58 2
0 69 43 65 62 38 59 2
0 70 66 67 63 60 60 1
0 70 71 66 63 63 60 1
0 39 72 68 34 64 61 2
0 73 43 69 65 38 62 2
0 74 71 70 66 63 63 1
0 75 74 70 66 66 63 1
0 39 41 72 34 36 64 2
0 44 43 73 39 38 65 2
0 76 74 75 42 66 66 1
0 76 77 74 42 41 66 1
0 78 79 80 67 68 69 2
0 81 82 83 70 71 72 2
0 84 81 85 73 74 75 1
0 81 86 85 74 76 75 1
0 79 87 80 68 77 69 2
0 83 82 88 72 71 78 2
0 85 86 89 75 76 79 1
0 85 89 90 75 79 80 1
0 87 91 80 77 81 69 2
0 88 82 92 78 71 82 2
0 90 89 93 80 79 83 1
0 89 94 93 79 84 83 1
0 91 95 80 81 85 69 2
0 92 82 96 82 71 86 2
0 93 94 97 83 84 87 1
0 93 97 98 83 87 88 1
0 95 99 80 85 89 69 2
0 96 82 100 86 71 90 2
0 98 97 101 88 87 91 1
0 97 102 101 87 91 91 1
0 99 103 80 89 92 69 2
0 100 82 104 90 71 93 2
0 101 102 105 91 91 94 1
0 101 105 106 91 94 94 1
0 103 107 80 92 95 69 2
0 104 82 108 93 71 96 2
0 106 105 109 94 94 97 1
0 105 110 109 94 98 97 1
0 107 111 80 95 99 69 2
0 108 82 112 96 71 100 2
0 109 110 113 97 98 101 1
0 109 113 114 97 101 102 1
0 111 78 80 99 67 69 2
0 112 82 81 100 71 70 2
0 114 113 115 102 101 73 1
0 113 116 115 101 74 73 1
0 117 118 119 103 104 105 2
0 120 121 122 106 107 108 2
0 123 122 124 109 110 111 1
0 123 125 122 109 109 110 1
0 117 126 118 103 112 104 2
0 127 121 120 113 107 106 2
0 128 125 123 114 109 109 1
0 129 128 123 115 114 109 1
0 117 130 126 103 116 112 2
0 131 121 127 117 107 113 2
0 132 128 129 118 114 115 1
0 132 133 128 118 119 114 1
0 117 134 130 103 120 116 2
0 135 121 131 121 107 117 2
0 136 133 132 122 119 118 1
0 137 136 132 123 122 118 1
0 117 138 134 103 124 120 2
0 139 121 135 125 107 121 2
0 140 136 137 126 122 123 1
0 140 141 136 126 127 122 1
0 117 142 138 103 128 124 2
0 143 121 139 129 107 125 2
0 144 141 140 130 127 126 1
0 145 144 140 130 130 126 1
0 117 146 142 103 131 128 2
0 147 121 143 132 107 129 2
0 148 144 145 133 130 130 1
0 148 149 144 133 133 130 1
0 117 150 146 103 134 131 2
0 151 121 147 135 107 132 2
0 152 149 148 136 133 133 1
0 153 152 148 136 136 133 1
0 117 119 150 103 105 134 2
0 122 121 151 108 107 135 2
0 154 152 153 111 136 136 1
0 154 155 152 111 110 136 1
"Duplicate04" 1 0
26
1 0.000000 17.228573 -0.000000 0.000000 0.000000 -1
1 0.700000 11.214295 -0.000000 0.000000 0.500000 -1
1 0.606218 11.214295 0.350000 0.083333 0.500000 -1
1 0.000000 17.228573 -0.000000 0.083333 0.000000 -1
1 0.000000 17.228573 -0.000000 0.166667 0.000000 -1
1 0.350000 11.214295 0.606218 0.166667 0.500000 -1
1 0.000000 11.214295 0.700000 0.250000 0.500000 -1
1 0.000000 17.228573 -0.000000 0.250000 0.000000 -1
1 0.000000 17.228573 -0.000000 0.333333 0.000000 -1
1 -0.350000 11.214295 0.606218 0.333333 0.500000 -1
1 -0.606218 11.214295 0.350000 0.416667 0.500000 -1
1 0.000000 17.228573 -0.000000 0.416667 0.000000 -1
1 0.000000 17.228573 -0.000000 0.500000 0.000000 -1
1 -0.700000 11.214295 -0.000000 0.500000 0.500000 -1
1 -0.606218 11.214295 -0.350000 0.583333 0.500000 -1
1 0.000000 17.228573 -0.000000 0.583333 0.000000 -1
1 0.000000 17.228573 -0.000000 0.666667 0.000000 -1
1 -0.350000 11.214295 -0.606218 0.666667 0.500000 -1
1 -0.000000 11.214295 -0.700000 0.750000 0.500000 -1
1 0.000000 17.228573 -0.000000 0.750000 0.000000 -1
1 0.000000 17.228573 -0.000000 0.833333 0.000000 -1
1 0.350000 11.214295 -0.606218 0.833333 0.500000 -1
1 0.606218 11.214295 -0.350000 0.916667 0.500000 -1
1 0.000000 17.228573 -0.000000 0.916667 0.000000 -1
1 0.000000 17.228573 -0.000000 1.000000 0.000000 -1
1 0.700000 11.214295 -0.000000 1.000000 0.500000 -1
19
0.000000 0.000000 0.000000
0.998322 0.057915 -0.000000
0.993295 0.115609 -0.000000
0.865380 0.038606 0.499627
0.496647 0.115609 0.860219
0.499161 0.057915 0.864572
-0.000000 0.038606 0.999255
-0.496647 0.115609 0.860219
-0.499161 0.057915 0.864572
-0.865380 0.038606 0.499627
-0.993295 0.115609 -0.000000
-0.998322 0.057915 -0.000000
-0.865380 0.038606 -0.499627
-0.496647 0.115609 -0.860219
-0.499161 0.057915 -0.864572
0.000000 0.038606 -0.999255
0.496647 0.115609 -0.860219
0.499161 0.057915 -0.864572
0.865380 0.038606 -0.499627
36
1 0 0 0 0 0 0 2
1 1 0 2 1 2 3 1
1 0 3 2 2 0 3 1
1 0 0 0 0 0 0 2
1 2 3 4 3 0 4 1
1 2 4 5 3 4 5 1
1 0 0 0 0 0 0 2
1 5 4 6 5 4 6 1
1 4 7 6 4 0 6 1
1 0 0 0 0 0 0 2
1 6 7 8 6 0 7 1
1 6 8 9 6 7 8 1
1 0 0 0 0 0 0 2
1 9 8 10 8 7 9 1
1 8 11 10 7 0 9 1
1 0 0 0 0 0 0 2
1 10 11 12 9 0 10 1
1 10 12 13 9 10 11 1
1 0 0 0 0 0 0 2
1 13 12 14 11 10 12 1
1 12 15 14 10 0 12 1
1 0 0 0 0 0 0 2
1 14 15 16 12 0 13 1
1 14 16 17 12 13 14 1
1 0 0 0 0 0 0 2
1 17 16 18 14 13 15 1
1 16 19 18 13 0 15 1
1 0 0 0 0 0 0 2
1 18 19 20 15 0 16 1
1 18 20 21 15 16 17 1
1 0 0 0 0 0 0 2
1 21 20 22 17 16 18 1
1 20 23 22 16 0 18 1
1 0 0 0 0 0 0 2
1 22 23 24 18 0 2 1
1 22 24 25 18 2 1 1

Materials: 2
"Material01"
0.200000 0.200000 0.200000 1.000000
0.000000 1.000000 1.000000 1.000000
0.000000 0.000000 0.000000 1.000000
0.000000 0.000000 0.501961 1.000000
0.000000
1.000000
"sphere_chrome.bmp"
""
"Material02"
0.200000 0.200000 0.200000 1.000000
0.800000 0.800000 0.800000 1.000000
0.000000 0.000000 0.000000 1.000000
1.000000 1.000000 1.000000 1.000000
0.000000
1.000000
"sphere_chrome.bmp"
""

Bones: 0
GroupComments: 0
MaterialComments: 0
BoneComments: 0
ModelComment: 0
