// MilkShape 3D ASCII

Frames: 30
Frame: 1

Meshes: 3
"Duplicate05" 0 1
26
1 -14.162285 44.321411 9.659455 0.000000 0.450000 -1
1 -14.425215 49.573715 10.917117 0.000000 0.400000 -1
1 -13.915937 50.996216 5.557635 0.083333 0.400000 -1
1 -13.633381 45.798744 4.093567 0.083333 0.450000 -1
1 -10.318432 47.358574 -0.380715 0.166667 0.450000 -1
1 -10.723909 52.498222 1.249316 0.166667 0.400000 -1
1 -5.704472 53.677307 -0.853472 0.250000 0.400000 -1
1 -5.105649 48.583084 -2.564480 0.250000 0.450000 -1
1 0.608178 49.144089 -1.872626 0.333333 0.450000 -1
1 -0.202561 54.217537 -0.187257 0.333333 0.400000 -1
1 4.307590 53.974068 3.069415 0.416667 0.400000 -1
1 5.292048 48.891266 1.509491 0.416667 0.450000 -1
1 7.690936 47.892426 6.675645 0.500000 0.450000 -1
1 6.617503 53.012253 8.043954 0.500000 0.400000 -1
1 6.108228 51.589783 13.403430 0.583333 0.400000 -1
1 7.162037 46.415123 12.241527 0.583333 0.450000 -1
1 3.847081 44.855263 16.715803 0.666667 0.450000 -1
1 2.916216 50.087738 17.711742 0.666667 0.400000 -1
1 -2.103229 48.908623 19.814531 0.750000 0.400000 -1
1 -1.365699 43.630810 18.899609 0.750000 0.450000 -1
1 -7.079527 43.069733 18.207708 0.833333 0.450000 -1
1 -7.605155 48.368439 19.148333 0.833333 0.400000 -1
1 -12.115303 48.611855 15.891643 0.916667 0.400000 -1
1 -11.763407 43.322533 14.825579 0.916667 0.450000 -1
1 -14.162285 44.321411 9.659455 1.000000 0.450000 -1
1 -14.425215 49.573715 10.917117 1.000000 0.400000 -1
26
-0.994530 -0.025535 -0.101283
-0.994530 -0.025534 -0.101281
-0.937487 0.046202 -0.344940
-0.937487 0.046200 -0.344940
-0.641628 0.185421 -0.744266
-0.641628 0.185423 -0.744266
-0.176391 0.294707 -0.939167
-0.176391 0.294705 -0.939167
0.333567 0.344777 -0.877418
0.333567 0.344777 -0.877418
0.751599 0.322215 -0.575566
0.751599 0.322215 -0.575566
0.965697 0.233068 -0.114492
0.965697 0.233069 -0.114492
0.918494 0.101219 0.382262
0.918494 0.101217 0.382262
0.622635 -0.037998 0.781589
0.622634 -0.037999 0.781590
0.157397 -0.147284 0.976490
0.157396 -0.147282 0.976491
-0.352561 -0.197357 0.914741
-0.352560 -0.197358 0.914741
-0.770593 -0.174795 0.612889
-0.770593 -0.174795 0.612889
-0.908122 -0.139953 0.394624
-0.908122 -0.139953 0.394624
24
1 0 1 2 0 1 2 1
1 0 2 3 0 2 3 1
1 3 2 4 3 2 4 1
1 2 5 4 2 5 4 1
1 4 5 6 4 5 6 1
1 4 6 7 4 6 7 1
1 7 6 8 7 6 8 1
1 6 9 8 6 9 8 1
1 8 9 10 8 9 10 1
1 8 10 11 8 10 11 1
1 11 10 12 11 10 12 1
1 10 13 12 10 13 12 1
1 12 13 14 12 13 14 1
1 12 14 15 12 14 15 1
1 15 14 16 15 14 16 1
1 14 17 16 14 17 16 1
1 16 17 18 16 17 18 1
1 16 18 19 16 18 19 1
1 19 18 20 19 18 20 1
1 18 21 20 18 21 20 1
1 20 21 22 20 21 22 1
1 20 22 23 20 22 23 1
1 23 22 24 23 22 24 1
1 22 25 24 22 25 24 1
"Duplicate06" 0 2
26
1 -8.702944 5.160361 -0.327278 0.000000 0.600000 -1
1 -9.776371 10.280200 1.041039 0.000000 0.550000 -1
1 -8.193674 6.582865 -5.686746 0.083333 0.600000 -1
1 -9.247473 11.757490 -4.524856 0.083333 0.550000 -1
1 -5.932517 13.317377 -8.999127 0.166667 0.550000 -1
1 -5.001646 8.084895 -9.995067 0.166667 0.600000 -1
1 0.017794 9.263975 -12.097856 0.250000 0.600000 -1
1 -0.719735 14.541871 -11.182898 0.250000 0.550000 -1
1 4.994096 15.102880 -10.491039 0.333333 0.550000 -1
1 5.519716 9.804182 -11.431649 0.333333 0.600000 -1
1 10.029860 9.560754 -8.174965 0.416667 0.600000 -1
1 9.677959 14.850082 -7.108914 0.416667 0.550000 -1
1 12.076838 13.851217 -1.942775 0.500000 0.550000 -1
1 12.339766 8.598947 -3.200427 0.500000 0.600000 -1
1 11.830490 7.176439 2.159032 0.583333 0.600000 -1
1 11.547945 12.373927 3.623115 0.583333 0.550000 -1
1 8.232997 10.814043 8.097389 0.666667 0.550000 -1
1 8.638468 5.674404 6.467352 0.666667 0.600000 -1
1 3.619038 4.495320 8.570146 0.750000 0.600000 -1
1 3.020211 9.589540 10.281154 0.750000 0.550000 -1
1 -2.693620 9.028526 9.589304 0.833333 0.550000 -1
1 -1.882885 3.955113 7.903940 0.833333 0.600000 -1
1 -6.393029 4.198533 4.647252 0.916667 0.600000 -1
1 -7.377491 9.281323 6.207174 0.916667 0.550000 -1
1 -9.776371 10.280200 1.041039 1.000000 0.550000 -1
1 -8.702944 5.160361 -0.327278 1.000000 0.600000 -1
26
-0.976180 -0.167961 -0.137339
-0.976180 -0.167960 -0.137340
-0.918493 -0.101219 -0.382262
-0.918494 -0.101217 -0.382262
-0.622634 0.038000 -0.781590
-0.622634 0.037998 -0.781590
-0.157397 0.147285 -0.976490
-0.157397 0.147286 -0.976490
0.352561 0.197356 -0.914741
0.352561 0.197356 -0.914741
0.770594 0.174794 -0.612889
0.770594 0.174794 -0.612889
0.984691 0.085646 -0.151815
0.984691 0.085646 -0.151815
0.937488 -0.046203 0.344938
0.937488 -0.046202 0.344938
0.641629 -0.185423 0.744265
0.641629 -0.185425 0.744264
0.176392 -0.294707 0.939166
0.176391 -0.294706 0.939167
-0.333566 -0.344778 0.877418
-0.333567 -0.344778 0.877417
-0.751599 -0.322216 0.575565
-0.751599 -0.322216 0.575565
-0.889771 -0.282380 0.358565
-0.889771 -0.282379 0.358566
24
1 0 1 2 0 1 2 1
1 1 3 2 1 3 2 1
1 2 3 4 2 3 4 1
1 2 4 5 2 4 5 1
1 5 4 6 5 4 6 1
1 4 7 6 4 7 6 1
1 6 7 8 6 7 8 1
1 6 8 9 6 8 9 1
1 9 8 10 9 8 10 1
1 8 11 10 8 11 10 1
1 10 11 12 10 11 12 1
1 10 12 13 10 12 13 1
1 13 12 14 13 12 14 1
1 12 15 14 12 15 14 1
1 14 15 16 14 15 16 1
1 14 16 17 14 16 17 1
1 17 16 18 17 16 18 1
1 16 19 18 16 19 18 1
1 18 19 20 18 19 20 1
1 18 20 21 18 20 21 1
1 21 20 22 21 20 22 1
1 20 23 22 20 23 22 1
1 22 23 24 22 23 24 1
1 22 24 25 22 24 25 1
"Regroup01" 0 0
431
1 5.841883 -24.348581 -9.670099 0.000000 1.000000 -1
1 5.841883 -24.348581 -9.670099 0.000000 0.950000 -1
1 5.841883 -24.348581 -9.670099 0.083333 0.950000 -1
1 -7.422943 78.606407 16.395641 0.000000 0.000000 -1
1 -8.897987 77.477135 15.489319 0.083333 0.050000 -1
1 -8.980116 77.247704 16.353476 0.000000 0.050000 -1
1 5.841883 -24.348581 -9.670099 0.083333 1.000000 -1
1 5.841883 -24.348581 -9.670099 0.166667 0.950000 -1
1 -7.422943 78.606407 16.395641 0.083333 0.000000 -1
1 -8.383293 77.719254 14.794597 0.166667 0.050000 -1
1 5.841883 -24.348581 -9.670099 0.166667 1.000000 -1
1 5.841883 -24.348581 -9.670099 0.250000 0.950000 -1
1 -7.422943 78.606407 16.395641 0.166667 0.000000 -1
1 -7.573959 77.909386 14.455537 0.250000 0.050000 -1
1 5.841883 -24.348581 -9.670099 0.250000 1.000000 -1
1 5.841883 -24.348581 -9.670099 0.333333 0.950000 -1
1 -7.422943 78.606407 16.395641 0.250000 0.000000 -1
1 -6.686799 77.996483 14.562965 0.333333 0.050000 -1
1 5.841883 -24.348581 -9.670099 0.333333 1.000000 -1
1 5.841883 -24.348581 -9.670099 0.416667 0.950000 -1
1 -7.422943 78.606407 16.395641 0.333333 0.000000 -1
1 -5.959551 77.957283 15.088085 0.416667 0.050000 -1
1 5.841883 -24.348581 -9.670099 0.416667 1.000000 -1
1 5.841883 -24.348581 -9.670099 0.500000 0.950000 -1
1 -7.422943 78.606407 16.395641 0.416667 0.000000 -1
1 -5.587106 77.802170 15.890210 0.500000 0.050000 -1
1 5.841883 -24.348581 -9.670099 0.500000 1.000000 -1
1 5.841883 -24.348581 -9.670099 0.583333 0.950000 -1
1 -7.422943 78.606407 16.395641 0.500000 0.000000 -1
1 -5.669219 77.572807 16.754396 0.583333 0.050000 -1
1 5.841883 -24.348581 -9.670099 0.583333 1.000000 -1
1 5.841883 -24.348581 -9.670099 0.666667 0.950000 -1
1 -7.422943 78.606407 16.395641 0.583333 0.000000 -1
1 -6.183906 77.330612 17.449062 0.666667 0.050000 -1
1 5.841883 -24.348581 -9.670099 0.666667 1.000000 -1
1 5.841883 -24.348581 -9.670099 0.750000 0.950000 -1
1 -7.422943 78.606407 16.395641 0.666667 0.000000 -1
1 -6.993257 77.140526 17.788149 0.750000 0.050000 -1
1 5.841883 -24.348581 -9.670099 0.750000 1.000000 -1
1 5.841883 -24.348581 -9.670099 0.833333 0.950000 -1
1 -7.422943 78.606407 16.395641 0.750000 0.000000 -1
1 -7.880407 77.053360 17.680700 0.833333 0.050000 -1
1 5.841883 -24.348581 -9.670099 0.833333 1.000000 -1
1 5.841883 -24.348581 -9.670099 0.916667 0.950000 -1
1 -7.422943 78.606407 16.395641 0.833333 0.000000 -1
1 -8.607651 77.092621 17.155581 0.916667 0.050000 -1
1 5.841883 -24.348581 -9.670099 0.916667 1.000000 -1
1 5.841883 -24.348581 -9.670099 1.000000 0.950000 -1
1 -7.422943 78.606407 16.395641 0.916667 0.000000 -1
1 -8.980116 77.247704 16.353476 1.000000 0.050000 -1
1 5.841883 -24.348581 -9.670099 0.000000 0.900000 -1
1 5.841883 -24.348581 -9.670099 0.083333 0.900000 -1
1 5.841883 -24.348581 -9.670099 0.166667 0.900000 -1
1 5.841883 -24.348581 -9.670099 0.250000 0.900000 -1
1 5.841883 -24.348581 -9.670099 0.333333 0.900000 -1
1 5.841883 -24.348581 -9.670099 0.416667 0.900000 -1
1 5.841883 -24.348581 -9.670099 0.500000 0.900000 -1
1 5.841883 -24.348581 -9.670099 0.583333 0.900000 -1
1 5.841883 -24.348581 -9.670099 0.666667 0.900000 -1
1 5.841883 -24.348581 -9.670099 0.750000 0.900000 -1
1 5.841883 -24.348581 -9.670099 0.833333 0.900000 -1
1 5.841883 -24.348581 -9.670099 0.916667 0.900000 -1
1 5.841883 -24.348581 -9.670099 1.000000 0.900000 -1
1 5.841883 -24.348581 -9.670099 0.000000 0.850000 -1
1 5.841883 -24.348581 -9.670099 0.083333 0.850000 -1
1 5.841883 -24.348581 -9.670099 0.166667 0.850000 -1
1 5.841883 -24.348581 -9.670099 0.250000 0.850000 -1
1 5.841883 -24.348581 -9.670099 0.333333 0.850000 -1
1 5.841883 -24.348581 -9.670099 0.416667 0.850000 -1
1 5.841883 -24.348581 -9.670099 0.500000 0.850000 -1
1 5.841883 -24.348581 -9.670099 0.583333 0.850000 -1
1 5.841883 -24.348581 -9.670099 0.666667 0.850000 -1
1 5.841883 -24.348581 -9.670099 0.750000 0.850000 -1
1 5.841883 -24.348581 -9.670099 0.833333 0.850000 -1
1 5.841883 -24.348581 -9.670099 0.916667 0.850000 -1
1 5.841883 -24.348581 -9.670099 1.000000 0.850000 -1
1 -0.548711 -25.264780 -8.767969 0.000000 0.800000 -1
1 -0.240155 -24.402918 -12.015031 0.083333 0.800000 -1
1 1.693752 -23.492899 -14.625255 0.166667 0.800000 -1
1 4.734808 -22.778578 -15.899248 0.250000 0.800000 -1
1 8.068162 -22.451258 -15.495602 0.333333 0.800000 -1
1 10.800674 -22.598738 -13.522531 0.416667 0.800000 -1
1 12.200167 -23.181448 -10.508690 0.500000 0.800000 -1
1 11.891615 -24.043280 -7.261617 0.583333 0.800000 -1
1 9.957710 -24.953321 -4.651385 0.666667 0.800000 -1
1 6.916655 -25.667688 -3.377414 0.750000 0.800000 -1
1 3.583271 -25.995005 -3.781042 0.833333 0.800000 -1
1 0.850766 -25.847483 -5.754108 0.916667 0.800000 -1
1 -0.548711 -25.264780 -8.767969 1.000000 0.800000 -1
1 -2.289002 -22.012438 -7.714340 0.000000 0.750000 -1
1 -1.917807 -20.975657 -11.620564 0.083333 0.750000 -1
1 0.408667 -19.880907 -14.760667 0.166667 0.750000 -1
1 4.067061 -19.021481 -16.293236 0.250000 0.750000 -1
1 8.077132 -18.627810 -15.807725 0.333333 0.750000 -1
1 11.364338 -18.805210 -13.434091 0.416667 0.750000 -1
1 13.047909 -19.506220 -9.808408 0.500000 0.750000 -1
1 12.676716 -20.543016 -5.902198 0.583333 0.750000 -1
1 10.350225 -21.637789 -2.762095 0.666667 0.750000 -1
1 6.691841 -22.497141 -1.229479 0.750000 0.750000 -1
1 2.681777 -22.890871 -1.715041 0.833333 0.750000 -1
1 -0.605433 -22.713465 -4.088671 0.916667 0.750000 -1
1 -2.289002 -22.012438 -7.714340 1.000000 0.750000 -1
1 -3.916721 -18.137461 -6.536663 0.000000 0.700000 -1
1 -3.492041 -16.951258 -11.005872 0.083333 0.700000 -1
1 -0.830250 -15.698719 -14.598526 0.166667 0.700000 -1
1 3.355404 -14.715528 -16.352020 0.250000 0.700000 -1
1 7.943413 -14.265034 -15.796487 0.333333 0.700000 -1
1 11.704372 -14.468018 -13.080766 0.416667 0.700000 -1
1 13.630573 -15.270065 -8.932552 0.500000 0.700000 -1
1 13.205894 -16.456272 -4.463343 0.583333 0.700000 -1
1 10.544109 -17.708811 -0.870690 0.666667 0.700000 -1
1 6.358453 -18.692036 0.882808 0.750000 0.700000 -1
1 1.770457 -19.142500 0.327271 0.833333 0.700000 -1
1 -1.990513 -18.939501 -2.388451 0.916667 0.700000 -1
1 -3.916721 -18.137461 -6.536663 1.000000 0.700000 -1
1 -5.391791 -13.735283 -5.263946 0.000000 0.650000 -1
1 -4.924061 -12.428848 -10.186077 0.083333 0.650000 -1
1 -1.992525 -11.049383 -14.142836 0.166667 0.650000 -1
1 2.617326 -9.966518 -16.074038 0.250000 0.650000 -1
1 7.670294 -9.470390 -15.462188 0.333333 0.650000 -1
1 11.812405 -9.693916 -12.471251 0.416667 0.650000 -1
1 13.933847 -10.577288 -7.902640 0.500000 0.650000 -1
1 13.466118 -11.883717 -2.980517 0.583333 0.650000 -1
1 10.534575 -13.263172 0.976249 0.666667 0.650000 -1
1 5.924728 -14.346043 2.907444 0.750000 0.650000 -1
1 0.871750 -14.842157 2.295607 0.833333 0.650000 -1
1 -3.270365 -14.618610 -0.695331 0.916667 0.650000 -1
1 -5.391791 -13.735283 -5.263946 1.000000 0.650000 -1
1 -8.495628 5.194233 -0.355578 0.000000 0.600000 -1
1 -7.996397 6.588707 -5.609455 0.083333 0.600000 -1
1 -4.867263 8.061136 -9.832880 0.166667 0.600000 -1
1 0.053265 9.216997 -11.894225 0.250000 0.600000 -1
1 5.446786 9.746560 -11.241158 0.333333 0.600000 -1
1 9.868067 9.507931 -8.048634 0.416667 0.600000 -1
1 12.132467 8.565058 -3.172119 0.500000 0.600000 -1
1 11.633221 7.170585 2.081743 0.583333 0.600000 -1
1 8.504098 5.698155 6.305170 0.666667 0.600000 -1
1 3.583564 4.542302 8.366529 0.750000 0.600000 -1
1 -1.809948 4.012733 7.713450 0.833333 0.600000 -1
1 -6.231245 4.251363 4.520927 0.916667 0.600000 -1
1 -8.495628 5.194233 -0.355578 1.000000 0.600000 -1
1 -9.561075 10.315372 1.011638 0.000000 0.550000 -1
1 -9.042603 11.763564 -4.444584 0.083333 0.550000 -1
1 -5.792956 13.292699 -8.830688 0.166667 0.550000 -1
1 -0.682905 14.493078 -10.971445 0.250000 0.550000 -1
1 4.918361 15.043034 -10.293218 0.333333 0.550000 -1
1 9.509943 14.795220 -6.977728 0.416667 0.550000 -1
1 11.861551 13.816031 -1.913385 0.500000 0.550000 -1
1 11.343071 12.367853 3.542844 0.583333 0.550000 -1
1 8.093421 10.838708 7.928952 0.666667 0.550000 -1
1 2.983369 9.638331 10.069702 0.750000 0.550000 -1
1 -2.617886 9.088375 9.391470 0.833333 0.550000 -1
1 -7.209458 9.336187 6.075981 0.916667 0.550000 -1
1 -9.561075 10.315372 1.011638 1.000000 0.550000 -1
1 -10.379648 15.610544 2.376006 0.000000 0.500000 -1
1 -9.854698 17.076780 -3.148229 0.083333 0.500000 -1
1 -6.564547 18.624989 -7.589011 0.166667 0.500000 -1
1 -1.390786 19.840330 -9.756451 0.250000 0.500000 -1
1 4.280282 20.397129 -9.069764 0.333333 0.500000 -1
1 8.929102 20.146227 -5.712947 0.416667 0.500000 -1
1 11.310017 19.154835 -0.585477 0.500000 0.500000 -1
1 10.785082 17.688606 4.938757 0.583333 0.500000 -1
1 7.494920 16.140400 9.379539 0.666667 0.500000 -1
1 2.321173 14.925056 11.546976 0.750000 0.500000 -1
1 -3.349898 14.368248 10.860294 0.833333 0.500000 -1
1 -7.998716 14.619150 7.503474 0.916667 0.500000 -1
1 -10.379648 15.610544 2.376006 1.000000 0.500000 -1
1 -13.946991 44.356575 9.630045 0.000000 0.450000 -1
1 -13.428511 45.804756 4.173832 0.083333 0.450000 -1
1 -10.178865 47.333931 -0.212272 0.166667 0.450000 -1
1 -5.068804 48.534309 -2.353020 0.250000 0.450000 -1
1 0.532440 49.084244 -1.674804 0.333333 0.450000 -1
1 5.124026 48.836456 1.640694 0.416667 0.450000 -1
1 7.475639 47.857239 6.705036 0.500000 0.450000 -1
1 6.957164 46.409050 12.161257 0.583333 0.450000 -1
1 3.707526 44.879944 16.547373 0.666667 0.450000 -1
1 -1.402541 43.679512 18.688108 0.750000 0.450000 -1
1 -7.003798 43.129585 18.009884 0.833333 0.450000 -1
1 -11.595367 43.377403 14.694401 0.916667 0.450000 -1
1 -13.946991 44.356575 9.630045 1.000000 0.450000 -1
1 -14.217903 49.607574 10.888811 0.000000 0.400000 -1
1 -13.718647 51.002022 5.634935 0.083333 0.400000 -1
1 -10.589529 52.474495 1.411511 0.166667 0.400000 -1
1 -5.669013 53.630280 -0.649856 0.250000 0.400000 -1
1 -0.275488 54.159859 0.003220 0.333333 0.400000 -1
1 4.145804 53.921272 3.195757 0.416667 0.400000 -1
1 6.410195 52.978386 8.072268 0.500000 0.400000 -1
1 5.910948 51.583916 13.326122 0.583333 0.400000 -1
1 2.781835 50.111519 17.549562 0.666667 0.400000 -1
1 -2.138716 48.955605 19.610910 0.750000 0.400000 -1
1 -7.532220 48.426064 18.957830 0.833333 0.400000 -1
1 -11.953505 48.664688 15.765317 0.916667 0.400000 -1
1 -14.217903 49.607574 10.888811 1.000000 0.400000 -1
1 -14.201536 54.641418 12.047385 0.000000 0.350000 -1
1 -13.733795 55.947861 7.125259 0.083333 0.350000 -1
1 -10.802242 57.327301 3.168483 0.166667 0.350000 -1
1 -6.192402 58.410156 1.237292 0.250000 0.350000 -1
1 -1.139440 58.906349 1.849136 0.333333 0.350000 -1
1 3.002690 58.682762 4.840081 0.416667 0.350000 -1
1 5.124101 57.799408 9.408690 0.500000 0.350000 -1
1 4.656391 56.493019 14.330827 0.583333 0.350000 -1
1 1.724826 55.113533 18.287588 0.666667 0.350000 -1
1 -2.885015 54.030655 20.218775 0.750000 0.350000 -1
1 -7.937980 53.534576 19.606964 0.833333 0.350000 -1
1 -12.080111 53.758057 16.615995 0.916667 0.350000 -1
1 -14.201536 54.641418 12.047385 1.000000 0.350000 -1
1 -13.898268 59.334167 13.077294 0.000000 0.300000 -1
1 -13.473585 60.520439 8.608099 0.083333 0.300000 -1
1 -10.811790 61.772942 5.015437 0.166667 0.300000 -1
1 -6.626138 62.756180 3.261945 0.250000 0.300000 -1
1 -2.038136 63.206642 3.817474 0.333333 0.300000 -1
1 1.722836 63.003639 6.533187 0.416667 0.300000 -1
1 3.649039 62.201599 10.681407 0.500000 0.300000 -1
1 3.224367 61.015388 15.150617 0.583333 0.300000 -1
1 0.562566 59.762863 18.743282 0.666667 0.300000 -1
1 -3.623097 58.779648 20.496765 0.750000 0.300000 -1
1 -8.211092 58.329170 19.941242 0.833333 0.300000 -1
1 -11.972063 58.532158 17.225513 0.916667 0.300000 -1
1 -13.898268 59.334167 13.077294 1.000000 0.300000 -1
1 -13.315586 63.570389 13.953178 0.000000 0.250000 -1
1 -12.944399 64.607201 10.046962 0.083333 0.250000 -1
1 -10.617914 65.701927 6.906847 0.166667 0.250000 -1
1 -6.959520 66.561317 5.374237 0.250000 0.250000 -1
1 -2.949449 66.955025 5.859790 0.333333 0.250000 -1
1 0.337751 66.777596 8.233412 0.416667 0.250000 -1
1 2.021318 66.076630 11.859088 0.500000 0.250000 -1
1 1.650130 65.039818 15.765313 0.583333 0.250000 -1
1 -0.676372 63.945084 18.905430 0.666667 0.250000 -1
1 -4.334764 63.085701 20.438047 0.750000 0.250000 -1
1 -8.344807 62.691917 19.952467 0.833333 0.250000 -1
1 -11.632029 62.869370 17.578861 0.916667 0.250000 -1
1 -13.315586 63.570389 13.953178 1.000000 0.250000 -1
1 -12.467844 67.245651 14.653443 0.000000 0.200000 -1
1 -12.159304 68.107422 11.406370 0.083333 0.200000 -1
1 -10.225388 69.017487 8.796154 0.166667 0.200000 -1
1 -7.184335 69.731842 7.522173 0.250000 0.200000 -1
1 -3.850961 70.059143 7.925789 0.333333 0.200000 -1
1 -1.118467 69.911659 9.898870 0.416667 0.200000 -1
1 0.281028 69.328873 12.912700 0.500000 0.200000 -1
1 -0.027532 68.467155 16.159798 0.583333 0.200000 -1
1 -1.961429 67.557121 18.770025 0.666667 0.200000 -1
1 -5.002492 66.842758 20.044016 0.750000 0.200000 -1
1 -8.335878 66.515427 19.640371 0.833333 0.200000 -1
1 -11.068373 66.662941 17.667303 0.916667 0.200000 -1
1 -12.467844 67.245651 14.653443 1.000000 0.200000 -1
1 -11.375904 70.269455 15.160868 0.000000 0.150000 -1
1 -11.137579 70.935089 12.652905 0.083333 0.150000 -1
1 -9.643892 71.637978 10.636838 0.166667 0.150000 -1
1 -7.295053 72.189751 9.652844 0.250000 0.150000 -1
1 -4.720429 72.442528 9.964594 0.333333 0.150000 -1
1 -2.609913 72.328606 11.488548 0.416667 0.150000 -1
1 -1.529011 71.878555 13.816360 0.500000 0.150000 -1
1 -1.767317 71.212875 16.324318 0.583333 0.150000 -1
1 -3.261009 70.510025 18.340397 0.666667 0.150000 -1
1 -5.609848 69.958237 19.324375 0.750000 0.150000 -1
1 -8.184479 69.705475 19.012632 0.833333 0.150000 -1
1 -10.294992 69.819412 17.488686 0.916667 0.150000 -1
1 -11.375904 70.269455 15.160868 1.000000 0.150000 -1
1 -10.220263 73.759583 15.764760 0.000000 0.100000 -1
1 -10.058050 74.212700 14.057679 0.083333 0.100000 -1
1 -9.041340 74.691086 12.685397 0.166667 0.100000 -1
1 -7.442541 75.066681 12.015633 0.250000 0.100000 -1
1 -5.690102 75.238724 12.227827 0.333333 0.100000 -1
1 -4.253543 75.161186 13.265118 0.416667 0.100000 -1
1 -3.517792 74.854858 14.849613 0.500000 0.100000 -1
1 -3.679997 74.401772 16.556702 0.583333 0.100000 -1
1 -4.696713 73.923309 17.928974 0.666667 0.100000 -1
1 -6.295492 73.547813 18.598740 0.750000 0.100000 -1
1 -8.047955 73.375671 18.386524 0.833333 0.100000 -1
1 -9.484518 73.453232 17.349230 0.916667 0.100000 -1
1 -10.220263 73.759583 15.764760 1.000000 0.100000 -1
1 4.021013 -1.185977 -0.981740 0.000000 0.000000 -1
1 6.170080 -21.630480 -9.710084 0.000000 1.000000 -1
1 2.532884 -1.429153 -0.778559 1.000000 0.000000 -1
1 4.681942 -21.873636 -9.506897 1.000000 1.000000 -1
1 2.532884 -1.429153 -0.778559 0.000000 0.000000 -1
1 4.681942 -21.873636 -9.506897 0.000000 1.000000 -1
1 5.118874 -6.600752 11.971661 1.000000 0.000000 -1
1 7.267932 -27.045248 3.243309 1.000000 1.000000 -1
1 5.118874 -6.600752 11.971661 0.000000 0.000000 -1
1 7.267932 -27.045248 3.243309 0.000000 1.000000 -1
1 6.606999 -6.357576 11.768474 1.000000 0.000000 -1
1 8.756060 -26.802080 3.040119 1.000000 1.000000 -1
1 6.606999 -6.357576 11.768474 0.000000 0.000000 -1
1 8.756060 -26.802080 3.040119 0.000000 1.000000 -1
1 4.021013 -1.185977 -0.981740 1.000000 0.000000 -1
1 6.170080 -21.630480 -9.710084 1.000000 1.000000 -1
1 4.021013 -1.185977 -0.981740 0.000000 1.000000 -1
1 2.532884 -1.429153 -0.778559 1.000000 1.000000 -1
1 6.170080 -21.630480 -9.710084 0.000000 0.000000 -1
1 4.681942 -21.873636 -9.506897 1.000000 0.000000 -1
1 4.919832 -4.648012 1.457820 0.000000 0.000000 -1
1 6.754125 -22.097960 -5.992072 0.000000 1.000000 -1
1 3.431710 -4.891184 1.661011 1.000000 0.000000 -1
1 5.266003 -22.341143 -5.788881 1.000000 1.000000 -1
1 3.431710 -4.891184 1.661011 0.000000 0.000000 -1
1 5.266003 -22.341143 -5.788881 0.000000 1.000000 -1
1 6.017702 -10.062794 14.411230 1.000000 0.000000 -1
1 7.851989 -27.512758 6.961339 1.000000 1.000000 -1
1 6.017702 -10.062794 14.411230 0.000000 0.000000 -1
1 7.851989 -27.512758 6.961339 0.000000 1.000000 -1
1 7.505839 -9.819620 14.208043 1.000000 0.000000 -1
1 9.340113 -27.269556 6.758155 1.000000 1.000000 -1
1 7.505839 -9.819620 14.208043 0.000000 0.000000 -1
1 9.340113 -27.269556 6.758155 0.000000 1.000000 -1
1 4.919832 -4.648012 1.457820 1.000000 0.000000 -1
1 6.754125 -22.097960 -5.992072 1.000000 1.000000 -1
1 4.919832 -4.648012 1.457820 0.000000 1.000000 -1
1 3.431710 -4.891184 1.661011 1.000000 1.000000 -1
1 6.754125 -22.097960 -5.992072 0.000000 0.000000 -1
1 5.266003 -22.341143 -5.788881 1.000000 0.000000 -1
1 1.559444 -0.140157 -6.365230 0.000000 0.000000 -1
1 4.878109 -22.133413 -8.381104 0.000000 1.000000 -1
1 3.047570 0.103018 -6.568419 1.000000 0.000000 -1
1 6.366231 -21.890219 -8.584282 1.000000 1.000000 -1
1 3.047570 0.103018 -6.568419 0.000000 0.000000 -1
1 6.366231 -21.890219 -8.584282 0.000000 1.000000 -1
1 1.004440 1.061173 -20.385374 1.000000 0.000000 -1
1 4.323100 -20.932055 -22.401243 1.000000 1.000000 -1
1 1.004440 1.061173 -20.385374 0.000000 0.000000 -1
1 4.323100 -20.932055 -22.401243 0.000000 1.000000 -1
1 -0.483688 0.817987 -20.182186 1.000000 0.000000 -1
1 2.834983 -21.175222 -22.198032 1.000000 1.000000 -1
1 -0.483688 0.817987 -20.182186 0.000000 0.000000 -1
1 2.834983 -21.175222 -22.198032 0.000000 1.000000 -1
1 1.559444 -0.140157 -6.365230 1.000000 0.000000 -1
1 4.878109 -22.133413 -8.381104 1.000000 1.000000 -1
1 1.559444 -0.140157 -6.365230 0.000000 1.000000 -1
1 3.047570 0.103018 -6.568419 1.000000 1.000000 -1
1 4.878109 -22.133413 -8.381104 0.000000 0.000000 -1
1 6.366231 -21.890219 -8.584282 1.000000 0.000000 -1
1 1.366445 -2.156420 -10.191767 0.000000 0.000000 -1
1 4.199021 -20.928289 -11.912379 0.000000 1.000000 -1
1 2.854568 -1.913246 -10.394954 1.000000 0.000000 -1
1 5.687138 -20.685095 -12.115561 1.000000 1.000000 -1
1 2.854568 -1.913246 -10.394954 0.000000 0.000000 -1
1 5.687138 -20.685095 -12.115561 0.000000 1.000000 -1
1 0.811446 -0.955104 -24.211941 1.000000 0.000000 -1
1 3.644028 -19.726961 -25.932505 1.000000 1.000000 -1
1 0.811446 -0.955104 -24.211941 0.000000 0.000000 -1
1 3.644028 -19.726961 -25.932505 0.000000 1.000000 -1
1 -0.676695 -1.198303 -24.008751 1.000000 0.000000 -1
1 2.155890 -19.970129 -25.729324 1.000000 1.000000 -1
1 -0.676695 -1.198303 -24.008751 0.000000 0.000000 -1
1 2.155890 -19.970129 -25.729324 0.000000 1.000000 -1
1 1.366445 -2.156420 -10.191767 1.000000 0.000000 -1
1 4.199021 -20.928289 -11.912379 1.000000 1.000000 -1
1 1.366445 -2.156420 -10.191767 0.000000 1.000000 -1
1 2.854568 -1.913246 -10.394954 1.000000 1.000000 -1
1 4.199021 -20.928289 -11.912379 0.000000 0.000000 -1
1 5.687138 -20.685095 -12.115561 1.000000 0.000000 -1
1 5.506874 -0.029721 -4.792616 0.000000 0.000000 -1
1 4.823636 -21.806955 -9.698153 0.000000 1.000000 -1
1 5.761542 -0.366941 -3.330987 1.000000 0.000000 -1
1 5.078316 -22.144228 -8.236541 1.000000 1.000000 -1
1 5.761542 -0.366941 -3.330987 0.000000 0.000000 -1
1 5.078316 -22.144228 -8.236541 0.000000 1.000000 -1
1 19.557407 -0.263661 -5.710969 1.000000 0.000000 -1
1 18.874184 -22.040941 -10.616517 1.000000 1.000000 -1
1 19.557407 -0.263661 -5.710969 0.000000 0.000000 -1
1 18.874184 -22.040941 -10.616517 0.000000 1.000000 -1
1 19.302729 0.073579 -7.172593 1.000000 0.000000 -1
1 18.619495 -21.703642 -12.078114 1.000000 1.000000 -1
1 19.302729 0.073579 -7.172593 0.000000 0.000000 -1
1 18.619495 -21.703642 -12.078114 0.000000 1.000000 -1
1 5.506874 -0.029721 -4.792616 1.000000 0.000000 -1
1 4.823636 -21.806955 -9.698153 1.000000 1.000000 -1
1 5.506874 -0.029721 -4.792616 0.000000 1.000000 -1
1 5.761542 -0.366941 -3.330987 1.000000 1.000000 -1
1 4.823636 -21.806955 -9.698153 0.000000 0.000000 -1
1 5.078316 -22.144228 -8.236541 1.000000 0.000000 -1
1 9.049639 -2.247603 -5.921642 0.000000 0.000000 -1
1 8.466487 -20.835096 -10.108655 0.000000 1.000000 -1
1 9.304319 -2.584847 -4.460014 1.000000 0.000000 -1
1 8.721160 -21.172350 -8.647044 1.000000 1.000000 -1
1 9.304319 -2.584847 -4.460014 0.000000 0.000000 -1
1 8.721160 -21.172350 -8.647044 0.000000 1.000000 -1
1 23.100193 -2.481557 -6.840000 1.000000 0.000000 -1
1 22.517014 -21.069014 -11.026994 1.000000 1.000000 -1
1 23.100193 -2.481557 -6.840000 0.000000 0.000000 -1
1 22.517014 -21.069014 -11.026994 0.000000 1.000000 -1
1 22.845518 -2.144305 -8.301622 1.000000 0.000000 -1
1 22.262346 -20.731829 -12.488638 1.000000 1.000000 -1
1 22.845518 -2.144305 -8.301622 0.000000 0.000000 -1
1 22.262346 -20.731829 -12.488638 0.000000 1.000000 -1
1 9.049639 -2.247603 -5.921642 1.000000 0.000000 -1
1 8.466487 -20.835096 -10.108655 1.000000 1.000000 -1
1 9.049639 -2.247603 -5.921642 0.000000 1.000000 -1
1 9.304319 -2.584847 -4.460014 1.000000 1.000000 -1
1 8.466487 -20.835096 -10.108655 0.000000 0.000000 -1
1 8.721160 -21.172350 -8.647044 1.000000 0.000000 -1
1 0.073581 -1.296429 -2.554362 0.000000 0.000000 -1
1 6.224535 -21.956907 -8.393048 0.000000 1.000000 -1
1 -0.181094 -0.959184 -4.015982 1.000000 0.000000 -1
1 5.969863 -21.619665 -9.854653 1.000000 1.000000 -1
1 -0.181094 -0.959184 -4.015982 0.000000 0.000000 -1
1 5.969863 -21.619665 -9.854653 0.000000 1.000000 -1
1 -13.434071 -5.275919 -2.702749 1.000000 0.000000 -1
1 -7.283145 -25.936361 -8.541416 1.000000 1.000000 -1
1 -13.434071 -5.275919 -2.702749 0.000000 0.000000 -1
1 -7.283145 -25.936361 -8.541416 0.000000 1.000000 -1
1 -13.179392 -5.613167 -1.241121 1.000000 0.000000 -1
1 -7.028461 -26.273657 -7.079810 1.000000 1.000000 -1
1 -13.179392 -5.613167 -1.241121 0.000000 0.000000 -1
1 -7.028461 -26.273657 -7.079810 0.000000 1.000000 -1
1 0.073581 -1.296429 -2.554362 1.000000 0.000000 -1
1 6.224535 -21.956907 -8.393048 1.000000 1.000000 -1
1 0.073581 -1.296429 -2.554362 0.000000 1.000000 -1
1 -0.181094 -0.959184 -4.015982 1.000000 1.000000 -1
1 6.224535 -21.956907 -8.393048 0.000000 0.000000 -1
1 5.969863 -21.619665 -9.854653 1.000000 0.000000 -1
1 -2.763357 -4.556812 -2.812303 0.000000 0.000000 -1
1 2.486657 -22.191153 -7.795784 0.000000 1.000000 -1
1 -3.018035 -4.219591 -4.273930 1.000000 0.000000 -1
1 2.231984 -21.853884 -9.257397 1.000000 1.000000 -1
1 -3.018035 -4.219591 -4.273930 0.000000 0.000000 -1
1 2.231984 -21.853884 -9.257397 0.000000 1.000000 -1
1 -16.271044 -8.536324 -2.960696 1.000000 0.000000 -1
1 -11.021009 -26.170675 -7.944178 1.000000 1.000000 -1
1 -16.271044 -8.536324 -2.960696 0.000000 0.000000 -1
1 -11.021009 -26.170675 -7.944178 0.000000 1.000000 -1
1 -16.016357 -8.873566 -1.499075 1.000000 0.000000 -1
1 -10.766331 -26.507864 -6.482541 1.000000 1.000000 -1
1 -16.016357 -8.873566 -1.499075 0.000000 0.000000 -1
1 -10.766331 -26.507864 -6.482541 0.000000 1.000000 -1
1 -2.763357 -4.556812 -2.812303 1.000000 0.000000 -1
1 2.486657 -22.191153 -7.795784 1.000000 1.000000 -1
1 -2.763357 -4.556812 -2.812303 0.000000 1.000000 -1
1 -3.018035 -4.219591 -4.273930 1.000000 1.000000 -1
1 2.486657 -22.191153 -7.795784 0.000000 0.000000 -1
1 2.231984 -21.853884 -9.257397 1.000000 0.000000 -1
372
0.000000 0.000000 0.000000
-0.653465 0.744710 0.135614
-0.773907 0.624108 -0.107503
-0.872499 0.486424 0.046221
-0.554186 0.823150 -0.123699
-0.581331 0.667346 -0.465513
-0.334075 0.895012 -0.295547
-0.207300 0.809105 -0.549887
-0.051941 0.941115 -0.334072
0.200647 0.795129 -0.572285
0.216449 0.949077 -0.228916
0.483560 0.829589 -0.279200
0.399365 0.916756 -0.008154
0.707556 0.705552 0.039507
0.447634 0.852834 0.268883
0.607812 0.665062 0.433885
0.348383 0.774414 0.528121
0.432465 0.488189 0.758054
0.128265 0.702545 0.699985
0.041192 0.480059 0.876269
-0.153943 0.656426 0.738516
-0.349554 0.360396 0.864828
-0.422319 0.648465 0.633357
-0.649661 0.459571 0.605587
-0.605188 0.680784 0.412651
-0.802368 0.393566 0.448678
0.103445 -0.963741 -0.245974
0.111222 -0.959506 -0.258801
0.130803 -0.956306 -0.261474
0.143486 -0.958549 -0.246162
0.136603 -0.963987 -0.228185
0.117028 -0.967185 -0.225516
0.105243 -0.966120 -0.235660
-0.477814 -0.836742 -0.267500
-0.606286 -0.666542 -0.433750
-0.260950 -0.724990 -0.637412
-0.040764 -0.481894 -0.875281
0.298461 -0.633579 -0.713792
0.648766 -0.461457 -0.605111
0.661070 -0.697657 -0.276155
0.772777 -0.625663 0.106590
0.464280 -0.853150 0.237865
0.207257 -0.810312 0.548124
-0.095129 -0.944564 0.314245
-0.482280 -0.830751 0.277955
-0.427099 -0.903898 0.023562
-0.908463 -0.374441 -0.185712
-0.849745 -0.317025 -0.421224
-0.566889 -0.183924 -0.803000
-0.122104 -0.079440 -0.989333
0.365440 -0.031575 -0.930299
0.765102 -0.053145 -0.641712
0.969789 -0.138372 -0.200905
0.924659 -0.264426 0.274015
0.641806 -0.397525 0.655789
0.197017 -0.502007 0.842124
-0.290528 -0.549876 0.783090
-0.690187 -0.528305 0.494505
-0.825615 -0.484145 0.289764
-0.937711 -0.303215 -0.169583
-0.879305 -0.242388 -0.409964
-0.590116 -0.106307 -0.800289
-0.135368 0.000513 -0.990795
0.363095 0.049458 -0.930439
0.771705 0.027404 -0.635390
0.980976 -0.059736 -0.184711
0.934836 -0.188612 0.300845
0.645647 -0.324692 0.691169
0.190898 -0.431513 0.881677
-0.307566 -0.480455 0.821320
-0.716174 -0.458401 0.526273
-0.853125 -0.415220 0.315864
-0.968933 -0.200206 -0.145210
-0.911076 -0.134790 -0.389579
-0.616200 0.003966 -0.787580
-0.152506 0.112890 -0.981834
0.355759 0.162795 -0.920290
0.772403 0.140308 -0.619441
0.985792 0.051454 -0.159896
0.938744 -0.079956 0.335210
0.643868 -0.218713 0.733211
0.180175 -0.327635 0.927465
-0.328091 -0.377540 0.865922
-0.744736 -0.355054 0.565071
-0.882792 -0.314270 0.349159
-0.980190 -0.147423 -0.132268
-0.922608 -0.079869 -0.377380
-0.626315 0.059554 -0.777292
-0.160398 0.168999 -0.972477
0.350307 0.219142 -0.910638
0.768952 0.196548 -0.608344
0.983363 0.107270 -0.146595
0.936090 -0.024771 0.350888
0.639798 -0.164193 0.750799
0.173880 -0.273640 0.945985
-0.336825 -0.323783 0.884146
-0.755470 -0.301188 0.581851
-0.893664 -0.261997 0.364312
-0.980939 -0.143294 -0.131246
-0.923379 -0.075579 -0.376377
-0.627017 0.063874 -0.776382
-0.160991 0.173344 -0.971614
0.349834 0.223500 -0.909760
0.768577 0.200900 -0.607395
0.983038 0.111601 -0.145538
0.935754 -0.020470 0.352060
0.639393 -0.159925 0.752064
0.173366 -0.269397 0.947296
-0.337458 -0.319553 0.885442
-0.756201 -0.296952 0.583077
-0.894394 -0.257894 0.365446
-0.986815 -0.106357 -0.122003
-0.929433 -0.037265 -0.367105
-0.632717 0.102357 -0.767588
-0.166132 0.211959 -0.963054
0.345305 0.262175 -0.901126
0.764549 0.239548 -0.598399
0.979267 0.150141 -0.135989
0.931926 0.017911 0.362205
0.635211 -0.121712 0.762689
0.168625 -0.231314 0.958154
-0.342811 -0.281530 0.896226
-0.762055 -0.258903 0.593499
-0.900173 -0.221086 0.375247
-0.992107 -0.059887 -0.110171
-0.934929 0.010792 -0.354672
-0.638434 0.150310 -0.754857
-0.172196 0.259831 -0.950177
0.338859 0.310010 -0.888296
0.757791 0.287399 -0.585793
0.972350 0.198058 -0.123727
0.925044 0.065927 0.374094
0.628549 -0.073591 0.774280
0.162311 -0.183113 0.969600
-0.348744 -0.233290 0.907719
-0.767676 -0.210680 0.605217
-0.905525 -0.174536 0.386733
-0.995472 -0.001682 -0.095042
-0.938515 0.070726 -0.337915
-0.643334 0.209626 -0.736327
-0.179162 0.318662 -0.930782
0.329629 0.368616 -0.869176
0.746707 0.346107 -0.568013
0.960315 0.257163 -0.107993
0.913219 0.125617 0.387623
0.618037 -0.013282 0.786037
0.153864 -0.122319 0.980492
-0.354927 -0.172276 0.918884
-0.772003 -0.149766 0.617723
-0.909248 -0.115857 0.399807
-0.995375 0.051959 -0.080796
-0.938593 0.125666 -0.321327
-0.645635 0.263520 -0.716737
-0.184961 0.371734 -0.909727
0.319999 0.421314 -0.848584
0.733937 0.398973 -0.549689
0.945934 0.310699 -0.093137
0.899193 0.180143 0.398748
0.606233 0.042289 0.794162
0.145560 -0.065924 0.987151
-0.359400 -0.115505 0.926008
-0.773336 -0.093164 0.627114
-0.909759 -0.061412 0.410570
-0.991440 0.113801 -0.064004
-0.934836 0.188612 -0.300845
-0.645646 0.324691 -0.691170
-0.190899 0.431513 -0.881677
0.307564 0.480456 -0.821320
0.716174 0.458401 -0.526272
0.925446 0.371261 -0.075594
0.879306 0.242387 0.409964
0.590115 0.106306 0.800289
0.135368 -0.000516 0.990795
-0.363094 -0.049454 0.930439
-0.771705 -0.027403 0.635390
-0.906854 0.001795 0.421440
-0.981047 0.188920 -0.043080
-0.924659 0.264427 -0.274014
-0.641805 0.397525 -0.655789
-0.197017 0.502008 -0.842124
0.290528 0.549876 -0.783090
0.690186 0.528306 -0.494506
0.894874 0.443077 -0.053699
0.849746 0.317020 0.421225
0.566892 0.183921 0.802999
0.122101 0.079438 0.989334
-0.365442 0.031571 0.930299
-0.765100 0.053141 0.641714
-0.898200 0.079216 0.432390
-0.958280 0.285422 -0.015306
-0.902271 0.360622 -0.236344
-0.630464 0.488523 -0.603208
-0.203048 0.588925 -0.782265
0.265455 0.634925 -0.725537
0.649507 0.614196 -0.448222
0.846200 0.532296 -0.024636
0.802835 0.411167 0.431739
0.531026 0.283263 0.798607
0.103605 0.182864 0.977664
-0.364896 0.136861 0.920934
-0.748944 0.157589 0.643621
-0.878481 0.179754 0.442673
-0.944859 0.327466 -0.002872
-0.889096 0.402057 -0.218766
-0.623170 0.527192 -0.577692
-0.204998 0.625422 -0.752877
0.253370 0.670428 -0.697374
0.629111 0.650148 -0.426060
0.821550 0.570018 -0.011636
0.779121 0.451512 0.434865
0.513191 0.326378 0.793796
0.095020 0.228148 0.968979
-0.363343 0.183143 0.913477
-0.739085 0.203422 0.642163
-0.866692 0.223959 0.445745
-0.945629 0.325227 -0.003530
-0.889850 0.399862 -0.219721
-0.623592 0.525153 -0.579092
-0.204904 0.623504 -0.754491
0.254031 0.668566 -0.698919
0.630235 0.648259 -0.427275
0.822913 0.568034 -0.012335
0.780433 0.449375 0.434725
0.514174 0.324086 0.794099
0.095484 0.225732 0.969499
-0.363450 0.180674 0.913926
-0.739651 0.200979 0.642280
-0.867369 0.221600 0.445606
-0.184710 0.369400 -0.910728
-0.184709 0.369400 -0.910728
-0.184707 0.369400 -0.910729
-0.978070 -0.159826 0.133545
-0.978070 -0.159826 0.133545
-0.978070 -0.159826 0.133545
0.184714 -0.369400 0.910728
0.184713 -0.369400 0.910728
0.184713 -0.369400 0.910728
0.978070 0.159826 -0.133545
0.978070 0.159826 -0.133544
0.978070 0.159826 -0.133544
-0.096227 0.915423 0.390820
-0.096228 0.915423 0.390821
-0.096229 0.915423 0.390821
0.096216 -0.915425 -0.390819
0.096219 -0.915424 -0.390820
0.096222 -0.915424 -0.390821
-0.184715 0.369399 -0.910728
-0.184716 0.369399 -0.910727
-0.184718 0.369399 -0.910727
-0.978070 -0.159826 0.133545
-0.978070 -0.159826 0.133544
-0.978070 -0.159826 0.133544
0.184712 -0.369400 0.910728
0.184715 -0.369399 0.910727
0.184718 -0.369399 0.910727
0.978070 0.159826 -0.133546
0.978070 0.159826 -0.133545
0.978070 0.159826 -0.133544
-0.096226 0.915423 0.390821
-0.096225 0.915423 0.390821
-0.096225 0.915423 0.390821
0.096231 -0.915423 -0.390821
0.096238 -0.915421 -0.390822
0.096244 -0.915420 -0.390824
0.145939 -0.068439 0.986924
0.145936 -0.068439 0.986924
0.145933 -0.068439 0.986924
0.978070 0.159826 -0.133545
0.978070 0.159826 -0.133545
0.978070 0.159826 -0.133545
-0.145938 0.068439 -0.986924
-0.145945 0.068437 -0.986923
-0.145953 0.068435 -0.986922
-0.978070 -0.159827 0.133545
-0.978070 -0.159826 0.133545
-0.978070 -0.159826 0.133545
-0.148604 0.984769 0.090264
-0.148600 0.984769 0.090263
-0.148597 0.984770 0.090263
0.148610 -0.984767 -0.090268
0.148601 -0.984769 -0.090266
0.148592 -0.984771 -0.090263
0.145937 -0.068439 0.986924
0.145936 -0.068439 0.986924
0.145935 -0.068440 0.986924
0.978070 0.159826 -0.133544
0.978070 0.159826 -0.133544
0.978070 0.159826 -0.133544
-0.145938 0.068437 -0.986924
-0.145935 0.068438 -0.986924
-0.145931 0.068438 -0.986925
-0.978070 -0.159827 0.133546
-0.978070 -0.159827 0.133546
-0.978070 -0.159826 0.133545
-0.148611 0.984768 0.090263
-0.148604 0.984769 0.090262
-0.148597 0.984770 0.090262
0.148610 -0.984767 -0.090266
0.148601 -0.984769 -0.090263
0.148592 -0.984771 -0.090261
-0.985418 -0.007376 0.169993
-0.985417 -0.007378 0.169998
-0.985416 -0.007379 0.170002
0.167386 -0.221648 0.960653
0.167385 -0.221648 0.960653
0.167385 -0.221648 0.960653
0.985416 0.007379 -0.170000
0.985416 0.007379 -0.170005
0.985415 0.007380 -0.170009
-0.167386 0.221648 -0.960653
-0.167385 0.221648 -0.960653
-0.167385 0.221648 -0.960653
0.030592 0.975098 0.219654
0.030592 0.975100 0.219647
0.030591 0.975101 0.219641
-0.030595 -0.975093 -0.219675
-0.030597 -0.975091 -0.219685
-0.030600 -0.975089 -0.219694
-0.985416 -0.007379 0.170001
-0.985417 -0.007378 0.169999
-0.985417 -0.007378 0.169998
0.167386 -0.221649 0.960653
0.167385 -0.221648 0.960653
0.167384 -0.221648 0.960653
0.985417 0.007376 -0.169998
0.985417 0.007376 -0.169995
0.985418 0.007375 -0.169991
-0.167386 0.221648 -0.960653
-0.167386 0.221648 -0.960653
-0.167386 0.221648 -0.960653
0.030593 0.975096 0.219661
0.030593 0.975097 0.219658
0.030593 0.975098 0.219655
-0.030596 -0.975096 -0.219664
-0.030589 -0.975101 -0.219641
-0.030583 -0.975107 -0.219618
0.946641 0.308338 -0.093800
0.946641 0.308338 -0.093800
0.946641 0.308338 -0.093800
-0.167386 0.221648 -0.960653
-0.167385 0.221648 -0.960653
-0.167385 0.221649 -0.960653
-0.946641 -0.308338 0.093802
-0.946641 -0.308337 0.093799
-0.946642 -0.308336 0.093797
0.167386 -0.221649 0.960653
0.167386 -0.221649 0.960653
0.167386 -0.221649 0.960653
-0.275414 0.925093 0.261440
-0.275414 0.925093 0.261439
-0.275414 0.925093 0.261439
0.275414 -0.925093 -0.261439
0.275409 -0.925090 -0.261455
0.275405 -0.925086 -0.261472
0.946640 0.308339 -0.093807
0.946641 0.308338 -0.093801
0.946642 0.308337 -0.093795
-0.167385 0.221648 -0.960653
-0.167385 0.221648 -0.960653
-0.167385 0.221648 -0.960653
-0.946640 -0.308340 0.093807
-0.946639 -0.308341 0.093810
-0.946639 -0.308342 0.093812
0.167385 -0.221648 0.960653
0.167386 -0.221648 0.960653
0.167386 -0.221648 0.960653
-0.275414 0.925093 0.261439
-0.275415 0.925095 0.261432
-0.275415 0.925097 0.261424
0.275409 -0.925090 -0.261453
0.275416 -0.925095 -0.261429
0.275423 -0.925100 -0.261404
552
1 0 1 2 0 0 0 1
1 3 4 5 1 2 3 1
1 6 2 7 0 0 0 1
1 8 9 4 4 5 2 1
1 10 7 11 0 0 0 1
1 12 13 9 6 7 5 1
1 14 11 15 0 0 0 1
1 16 17 13 8 9 7 1
1 18 15 19 0 0 0 1
1 20 21 17 10 11 9 1
1 22 19 23 0 0 0 1
1 24 25 21 12 13 11 1
1 26 23 27 0 0 0 1
1 28 29 25 14 15 13 1
1 30 27 31 0 0 0 1
1 32 33 29 16 17 15 1
1 34 31 35 0 0 0 1
1 36 37 33 18 19 17 1
1 38 35 39 0 0 0 1
1 40 41 37 20 21 19 1
1 42 39 43 0 0 0 1
1 44 45 41 22 23 21 1
1 46 43 47 0 0 0 1
1 48 49 45 24 25 23 1
1 1 50 51 0 0 0 1
1 1 51 2 0 0 0 1
1 2 51 7 0 0 0 1
1 51 52 7 0 0 0 1
1 7 52 53 0 0 0 1
1 7 53 11 0 0 0 1
1 11 53 15 0 0 0 1
1 53 54 15 0 0 0 1
1 15 54 55 0 0 0 1
1 15 55 19 0 0 0 1
1 19 55 23 0 0 0 1
1 55 56 23 0 0 0 1
1 23 56 57 0 0 0 1
1 23 57 27 0 0 0 1
1 27 57 31 0 0 0 1
1 57 58 31 0 0 0 1
1 31 58 59 0 0 0 1
1 31 59 35 0 0 0 1
1 35 59 39 0 0 0 1
1 59 60 39 0 0 0 1
1 39 60 61 0 0 0 1
1 39 61 43 0 0 0 1
1 43 61 47 0 0 0 1
1 61 62 47 0 0 0 1
1 50 63 51 0 26 0 1
1 63 64 51 26 0 0 1
1 51 64 65 0 0 27 1
1 51 65 52 0 27 0 1
1 52 65 53 0 27 0 1
1 65 66 53 27 0 0 1
1 53 66 67 0 0 28 1
1 53 67 54 0 28 0 1
1 54 67 55 0 28 0 1
1 67 68 55 28 0 0 1
1 55 68 69 0 0 29 1
1 55 69 56 0 29 0 1
1 56 69 57 0 29 0 1
1 69 70 57 29 0 0 1
1 57 70 71 0 0 30 1
1 57 71 58 0 30 0 1
1 58 71 59 0 30 0 1
1 71 72 59 30 0 0 1
1 59 72 73 0 0 31 1
1 59 73 60 0 31 0 1
1 60 73 61 0 31 0 1
1 73 74 61 31 0 0 1
1 61 74 75 0 0 32 1
1 61 75 62 0 32 0 1
1 63 76 77 26 33 34 1
1 63 77 64 26 34 0 1
1 64 77 65 0 34 27 1
1 77 78 65 34 35 27 1
1 65 78 79 27 35 36 1
1 65 79 66 27 36 0 1
1 66 79 67 0 36 28 1
1 79 80 67 36 37 28 1
1 67 80 81 28 37 38 1
1 67 81 68 28 38 0 1
1 68 81 69 0 38 29 1
1 81 82 69 38 39 29 1
1 69 82 83 29 39 40 1
1 69 83 70 29 40 0 1
1 70 83 71 0 40 30 1
1 83 84 71 40 41 30 1
1 71 84 85 30 41 42 1
1 71 85 72 30 42 0 1
1 72 85 73 0 42 31 1
1 85 86 73 42 43 31 1
1 73 86 87 31 43 44 1
1 73 87 74 31 44 0 1
1 74 87 75 0 44 32 1
1 87 88 75 44 45 32 1
1 76 89 77 33 46 34 1
1 89 90 77 46 47 34 1
1 77 90 91 34 47 48 1
1 77 91 78 34 48 35 1
1 78 91 79 35 48 36 1
1 91 92 79 48 49 36 1
1 79 92 93 36 49 50 1
1 79 93 80 36 50 37 1
1 80 93 81 37 50 38 1
1 93 94 81 50 51 38 1
1 81 94 95 38 51 52 1
1 81 95 82 38 52 39 1
1 82 95 83 39 52 40 1
1 95 96 83 52 53 40 1
1 83 96 97 40 53 54 1
1 83 97 84 40 54 41 1
1 84 97 85 41 54 42 1
1 97 98 85 54 55 42 1
1 85 98 99 42 55 56 1
1 85 99 86 42 56 43 1
1 86 99 87 43 56 44 1
1 99 100 87 56 57 44 1
1 87 100 101 44 57 58 1
1 87 101 88 44 58 45 1
1 89 102 103 46 59 60 1
1 89 103 90 46 60 47 1
1 90 103 91 47 60 48 1
1 103 104 91 60 61 48 1
1 91 104 105 48 61 62 1
1 91 105 92 48 62 49 1
1 92 105 93 49 62 50 1
1 105 106 93 62 63 50 1
1 93 106 107 50 63 64 1
1 93 107 94 50 64 51 1
1 94 107 95 51 64 52 1
1 107 108 95 64 65 52 1
1 95 108 109 52 65 66 1
1 95 109 96 52 66 53 1
1 96 109 97 53 66 54 1
1 109 110 97 66 67 54 1
1 97 110 111 54 67 68 1
1 97 111 98 54 68 55 1
1 98 111 99 55 68 56 1
1 111 112 99 68 69 56 1
1 99 112 113 56 69 70 1
1 99 113 100 56 70 57 1
1 100 113 101 57 70 58 1
1 113 114 101 70 71 58 1
1 102 115 103 59 72 60 1
1 115 116 103 72 73 60 1
1 103 116 117 60 73 74 1
1 103 117 104 60 74 61 1
1 104 117 105 61 74 62 1
1 117 118 105 74 75 62 1
1 105 118 119 62 75 76 1
1 105 119 106 62 76 63 1
1 106 119 107 63 76 64 1
1 119 120 107 76 77 64 1
1 107 120 121 64 77 78 1
1 107 121 108 64 78 65 1
1 108 121 109 65 78 66 1
1 121 122 109 78 79 66 1
1 109 122 123 66 79 80 1
1 109 123 110 66 80 67 1
1 110 123 111 67 80 68 1
1 123 124 111 80 81 68 1
1 111 124 125 68 81 82 1
1 111 125 112 68 82 69 1
1 112 125 113 69 82 70 1
1 125 126 113 82 83 70 1
1 113 126 127 70 83 84 1
1 113 127 114 70 84 71 1
1 115 128 129 72 85 86 1
1 115 129 116 72 86 73 1
1 116 129 117 73 86 74 1
1 129 130 117 86 87 74 1
1 117 130 131 74 87 88 1
1 117 131 118 74 88 75 1
1 118 131 119 75 88 76 1
1 131 132 119 88 89 76 1
1 119 132 133 76 89 90 1
1 119 133 120 76 90 77 1
1 120 133 121 77 90 78 1
1 133 134 121 90 91 78 1
1 121 134 135 78 91 92 1
1 121 135 122 78 92 79 1
1 122 135 123 79 92 80 1
1 135 136 123 92 93 80 1
1 123 136 137 80 93 94 1
1 123 137 124 80 94 81 1
1 124 137 125 81 94 82 1
1 137 138 125 94 95 82 1
1 125 138 139 82 95 96 1
1 125 139 126 82 96 83 1
1 126 139 127 83 96 84 1
1 139 140 127 96 97 84 1
1 128 141 129 85 98 86 1
1 141 142 129 98 99 86 1
1 129 142 143 86 99 100 1
1 129 143 130 86 100 87 1
1 130 143 131 87 100 88 1
1 143 144 131 100 101 88 1
1 131 144 145 88 101 102 1
1 131 145 132 88 102 89 1
1 132 145 133 89 102 90 1
1 145 146 133 102 103 90 1
1 133 146 147 90 103 104 1
1 133 147 134 90 104 91 1
1 134 147 135 91 104 92 1
1 147 148 135 104 105 92 1
1 135 148 149 92 105 106 1
1 135 149 136 92 106 93 1
1 136 149 137 93 106 94 1
1 149 150 137 106 107 94 1
1 137 150 151 94 107 108 1
1 137 151 138 94 108 95 1
1 138 151 139 95 108 96 1
1 151 152 139 108 109 96 1
1 139 152 153 96 109 110 1
1 139 153 140 96 110 97 1
1 141 154 155 98 111 112 1
1 141 155 142 98 112 99 1
1 142 155 143 99 112 100 1
1 155 156 143 112 113 100 1
1 143 156 157 100 113 114 1
1 143 157 144 100 114 101 1
1 144 157 145 101 114 102 1
1 157 158 145 114 115 102 1
1 145 158 159 102 115 116 1
1 145 159 146 102 116 103 1
1 146 159 147 103 116 104 1
1 159 160 147 116 117 104 1
1 147 160 161 104 117 118 1
1 147 161 148 104 118 105 1
1 148 161 149 105 118 106 1
1 161 162 149 118 119 106 1
1 149 162 163 106 119 120 1
1 149 163 150 106 120 107 1
1 150 163 151 107 120 108 1
1 163 164 151 120 121 108 1
1 151 164 165 108 121 122 1
1 151 165 152 108 122 109 1
1 152 165 153 109 122 110 1
1 165 166 153 122 123 110 1
1 154 167 155 111 124 112 1
1 167 168 155 124 125 112 1
1 155 168 169 112 125 126 1
1 155 169 156 112 126 113 1
1 156 169 157 113 126 114 1
1 169 170 157 126 127 114 1
1 157 170 171 114 127 128 1
1 157 171 158 114 128 115 1
1 158 171 159 115 128 116 1
1 171 172 159 128 129 116 1
1 159 172 173 116 129 130 1
1 159 173 160 116 130 117 1
1 160 173 161 117 130 118 1
1 173 174 161 130 131 118 1
1 161 174 175 118 131 132 1
1 161 175 162 118 132 119 1
1 162 175 163 119 132 120 1
1 175 176 163 132 133 120 1
1 163 176 177 120 133 134 1
1 163 177 164 120 134 121 1
1 164 177 165 121 134 122 1
1 177 178 165 134 135 122 1
1 165 178 179 122 135 136 1
1 165 179 166 122 136 123 1
1 167 180 181 124 137 138 1
1 167 181 168 124 138 125 1
1 168 181 169 125 138 126 1
1 181 182 169 138 139 126 1
1 169 182 183 126 139 140 1
1 169 183 170 126 140 127 1
1 170 183 171 127 140 128 1
1 183 184 171 140 141 128 1
1 171 184 185 128 141 142 1
1 171 185 172 128 142 129 1
1 172 185 173 129 142 130 1
1 185 186 173 142 143 130 1
1 173 186 187 130 143 144 1
1 173 187 174 130 144 131 1
1 174 187 175 131 144 132 1
1 187 188 175 144 145 132 1
1 175 188 189 132 145 146 1
1 175 189 176 132 146 133 1
1 176 189 177 133 146 134 1
1 189 190 177 146 147 134 1
1 177 190 191 134 147 148 1
1 177 191 178 134 148 135 1
1 178 191 179 135 148 136 1
1 191 192 179 148 149 136 1
1 180 193 181 137 150 138 1
1 193 194 181 150 151 138 1
1 181 194 195 138 151 152 1
1 181 195 182 138 152 139 1
1 182 195 183 139 152 140 1
1 195 196 183 152 153 140 1
1 183 196 197 140 153 154 1
1 183 197 184 140 154 141 1
1 184 197 185 141 154 142 1
1 197 198 185 154 155 142 1
1 185 198 199 142 155 156 1
1 185 199 186 142 156 143 1
1 186 199 187 143 156 144 1
1 199 200 187 156 157 144 1
1 187 200 201 144 157 158 1
1 187 201 188 144 158 145 1
1 188 201 189 145 158 146 1
1 201 202 189 158 159 146 1
1 189 202 203 146 159 160 1
1 189 203 190 146 160 147 1
1 190 203 191 147 160 148 1
1 203 204 191 160 161 148 1
1 191 204 205 148 161 162 1
1 191 205 192 148 162 149 1
1 193 206 207 150 163 164 1
1 193 207 194 150 164 151 1
1 194 207 195 151 164 152 1
1 207 208 195 164 165 152 1
1 195 208 209 152 165 166 1
1 195 209 196 152 166 153 1
1 196 209 197 153 166 154 1
1 209 210 197 166 167 154 1
1 197 210 211 154 167 168 1
1 197 211 198 154 168 155 1
1 198 211 199 155 168 156 1
1 211 212 199 168 169 156 1
1 199 212 213 156 169 170 1
1 199 213 200 156 170 157 1
1 200 213 201 157 170 158 1
1 213 214 201 170 171 158 1
1 201 214 215 158 171 172 1
1 201 215 202 158 172 159 1
1 202 215 203 159 172 160 1
1 215 216 203 172 173 160 1
1 203 216 217 160 173 174 1
1 203 217 204 160 174 161 1
1 204 217 205 161 174 162 1
1 217 218 205 174 175 162 1
1 206 219 207 163 176 164 1
1 219 220 207 176 177 164 1
1 207 220 221 164 177 178 1
1 207 221 208 164 178 165 1
1 208 221 209 165 178 166 1
1 221 222 209 178 179 166 1
1 209 222 223 166 179 180 1
1 209 223 210 166 180 167 1
1 210 223 211 167 180 168 1
1 223 224 211 180 181 168 1
1 211 224 225 168 181 182 1
1 211 225 212 168 182 169 1
1 212 225 213 169 182 170 1
1 225 226 213 182 183 170 1
1 213 226 227 170 183 184 1
1 213 227 214 170 184 171 1
1 214 227 215 171 184 172 1
1 227 228 215 184 185 172 1
1 215 228 229 172 185 186 1
1 215 229 216 172 186 173 1
1 216 229 217 173 186 174 1
1 229 230 217 186 187 174 1
1 217 230 231 174 187 188 1
1 217 231 218 174 188 175 1
1 219 232 233 176 189 190 1
1 219 233 220 176 190 177 1
1 220 233 221 177 190 178 1
1 233 234 221 190 191 178 1
1 221 234 235 178 191 192 1
1 221 235 222 178 192 179 1
1 222 235 223 179 192 180 1
1 235 236 223 192 193 180 1
1 223 236 237 180 193 194 1
1 223 237 224 180 194 181 1
1 224 237 225 181 194 182 1
1 237 238 225 194 195 182 1
1 225 238 239 182 195 196 1
1 225 239 226 182 196 183 1
1 226 239 227 183 196 184 1
1 239 240 227 196 197 184 1
1 227 240 241 184 197 198 1
1 227 241 228 184 198 185 1
1 228 241 229 185 198 186 1
1 241 242 229 198 199 186 1
1 229 242 243 186 199 200 1
1 229 243 230 186 200 187 1
1 230 243 231 187 200 188 1
1 243 244 231 200 201 188 1
1 232 245 233 189 202 190 1
1 245 246 233 202 203 190 1
1 233 246 247 190 203 204 1
1 233 247 234 190 204 191 1
1 234 247 235 191 204 192 1
1 247 248 235 204 205 192 1
1 235 248 249 192 205 206 1
1 235 249 236 192 206 193 1
1 236 249 237 193 206 194 1
1 249 250 237 206 207 194 1
1 237 250 251 194 207 208 1
1 237 251 238 194 208 195 1
1 238 251 239 195 208 196 1
1 251 252 239 208 209 196 1
1 239 252 253 196 209 210 1
1 239 253 240 196 210 197 1
1 240 253 241 197 210 198 1
1 253 254 241 210 211 198 1
1 241 254 255 198 211 212 1
1 241 255 242 198 212 199 1
1 242 255 243 199 212 200 1
1 255 256 243 212 213 200 1
1 243 256 257 200 213 214 1
1 243 257 244 200 214 201 1
1 245 258 259 202 215 216 1
1 245 259 246 202 216 203 1
1 246 259 247 203 216 204 1
1 259 260 247 216 217 204 1
1 247 260 261 204 217 218 1
1 247 261 248 204 218 205 1
1 248 261 249 205 218 206 1
1 261 262 249 218 219 206 1
1 249 262 263 206 219 220 1
1 249 263 250 206 220 207 1
1 250 263 251 207 220 208 1
1 263 264 251 220 221 208 1
1 251 264 265 208 221 222 1
1 251 265 252 208 222 209 1
1 252 265 253 209 222 210 1
1 265 266 253 222 223 210 1
1 253 266 267 210 223 224 1
1 253 267 254 210 224 211 1
1 254 267 255 211 224 212 1
1 267 268 255 224 225 212 1
1 255 268 269 212 225 226 1
1 255 269 256 212 226 213 1
1 256 269 257 213 226 214 1
1 269 270 257 226 227 214 1
1 258 5 259 215 3 216 1
1 5 4 259 3 2 216 1
1 259 4 9 216 2 5 1
1 259 9 260 216 5 217 1
1 260 9 261 217 5 218 1
1 9 13 261 5 7 218 1
1 261 13 17 218 7 9 1
1 261 17 262 218 9 219 1
1 262 17 263 219 9 220 1
1 17 21 263 9 11 220 1
1 263 21 25 220 11 13 1
1 263 25 264 220 13 221 1
1 264 25 265 221 13 222 1
1 25 29 265 13 15 222 1
1 265 29 33 222 15 17 1
1 265 33 266 222 17 223 1
1 266 33 267 223 17 224 1
1 33 37 267 17 19 224 1
1 267 37 41 224 19 21 1
1 267 41 268 224 21 225 1
1 268 41 269 225 21 226 1
1 41 45 269 21 23 226 1
1 269 45 49 226 23 25 1
1 269 49 270 226 25 227 1
1 271 272 273 228 229 229 1
1 272 274 273 229 230 229 1
1 275 276 277 231 232 232 2
1 276 278 277 232 233 232 2
1 279 280 281 234 235 235 1
1 280 282 281 235 236 235 1
1 283 284 285 237 238 238 2
1 284 286 285 238 239 238 2
1 283 287 277 240 241 241 3
1 287 288 277 241 242 241 3
1 289 284 290 243 244 244 3
1 284 278 290 244 245 244 3
1 291 292 293 246 247 247 1
1 292 294 293 247 248 247 1
1 295 296 297 249 250 250 2
1 296 298 297 250 251 250 2
1 299 300 301 252 253 253 1
1 300 302 301 253 254 253 1
1 303 304 305 255 256 256 2
1 304 306 305 256 257 256 2
1 303 307 297 258 259 259 3
1 307 308 297 259 260 259 3
1 309 304 310 261 262 262 3
1 304 298 310 262 263 262 3
1 311 312 313 264 265 265 1
1 312 314 313 265 266 265 1
1 315 316 317 267 268 268 2
1 316 318 317 268 269 268 2
1 319 320 321 270 271 271 1
1 320 322 321 271 272 271 1
1 323 324 325 273 274 274 2
1 324 326 325 274 275 274 2
1 323 327 317 276 277 277 3
1 327 328 317 277 278 277 3
1 329 324 330 279 280 280 3
1 324 318 330 280 281 280 3
1 331 332 333 282 283 283 1
1 332 334 333 283 284 283 1
1 335 336 337 285 286 286 2
1 336 338 337 286 287 286 2
1 339 340 341 288 289 289 1
1 340 342 341 289 290 289 1
1 343 344 345 291 292 292 2
1 344 346 345 292 293 292 2
1 343 347 337 294 295 295 3
1 347 348 337 295 296 295 3
1 349 344 350 297 298 298 3
1 344 338 350 298 299 298 3
1 351 352 353 300 301 301 1
1 352 354 353 301 302 301 1
1 355 356 357 303 304 304 2
1 356 358 357 304 305 304 2
1 359 360 361 306 307 307 1
1 360 362 361 307 308 307 1
1 363 364 365 309 310 310 2
1 364 366 365 310 311 310 2
1 363 367 357 312 313 313 3
1 367 368 357 313 314 313 3
1 369 364 370 315 316 316 3
1 364 358 370 316 317 316 3
1 371 372 373 318 319 319 1
1 372 374 373 319 320 319 1
1 375 376 377 321 322 322 2
1 376 378 377 322 323 322 2
1 379 380 381 324 325 325 1
1 380 382 381 325 326 325 1
1 383 384 385 327 328 328 2
1 384 386 385 328 329 328 2
1 383 387 377 330 331 331 3
1 387 388 377 331 332 331 3
1 389 384 390 333 334 334 3
1 384 378 390 334 335 334 3
1 391 392 393 336 337 337 1
1 392 394 393 337 338 337 1
1 395 396 397 339 340 340 2
1 396 398 397 340 341 340 2
1 399 400 401 342 343 343 1
1 400 402 401 343 344 343 1
1 403 404 405 345 346 346 2
1 404 406 405 346 347 346 2
1 403 407 397 348 349 349 3
1 407 408 397 349 350 349 3
1 409 404 410 351 352 352 3
1 404 398 410 352 353 352 3
1 411 412 413 354 355 355 1
1 412 414 413 355 356 355 1
1 415 416 417 357 358 358 2
1 416 418 417 358 359 358 2
1 419 420 421 360 361 361 1
1 420 422 421 361 362 361 1
1 423 424 425 363 364 364 2
1 424 426 425 364 365 364 2
1 423 427 417 366 367 367 3
1 427 428 417 367 368 367 3
1 429 424 430 369 370 370 3
1 424 418 430 370 371 370 3

Materials: 3
"Material01"
0.200000 0.200000 0.200000 1.000000
0.000000 0.141176 0.141176 1.000000
0.000000 0.000000 0.000000 1.000000
0.501961 0.501961 0.501961 1.000000
0.000000
1.000000
"sphere_chrome.bmp"
""
"Material02"
0.200000 0.200000 0.200000 1.000000
1.000000 1.000000 0.000000 1.000000
0.000000 0.000000 0.000000 1.000000
1.000000 0.501961 0.000000 1.000000
0.000000
1.000000
"sphere_chrome.bmp"
""
"Material03"
0.200000 0.200000 0.200000 1.000000
1.000000 0.000000 0.000000 1.000000
0.000000 0.000000 0.000000 1.000000
0.501961 0.000000 0.000000 1.000000
0.000000
1.000000
"sphere_chrome.bmp"
""

Bones: 0
GroupComments: 0
MaterialComments: 0
BoneComments: 0
ModelComment: 0
