// MilkShape 3D ASCII

Frames: 30
Frame: 1

Meshes: 4
"Regroup00" 0 1
36
0 0.017477 -18.805923 5.629275 0.243513 0.865866 -1
0 0.017469 -11.075275 9.643465 0.243512 0.827234 -1
0 -4.814075 -11.075344 8.348841 0.196276 0.827235 -1
0 -2.806943 -18.805893 4.872387 0.215899 0.865866 -1
0 0.017489 161.976166 9.643259 0.243513 0.107382 -1
0 -4.814055 161.976410 8.348864 0.196276 0.107381 -1
0 -4.874686 -18.805847 2.804798 0.195684 0.865866 -1
0 -8.351019 -11.075321 4.812099 0.161697 0.827235 -1
0 -8.350991 161.976318 4.811871 0.161697 0.107381 -1
0 -9.645626 -11.075291 -0.019516 0.149040 0.827235 -1
0 -5.631467 -18.806015 -0.019696 0.188285 0.865866 -1
0 -9.645626 161.976624 -0.019680 0.149040 0.107379 -1
0 -4.874686 -18.805847 -2.844066 0.195684 0.865866 -1
0 -8.351044 -11.075428 -4.851222 0.161697 0.827235 -1
0 -8.351015 161.976257 -4.851336 0.161697 0.107381 -1
0 -4.814067 -11.075443 -8.388018 0.196276 0.827235 -1
0 -2.806955 -18.805923 -4.911701 0.215899 0.865866 -1
0 -4.814055 161.976410 -8.387987 0.196276 0.107381 -1
0 0.017477 -18.805908 -5.668483 0.243513 0.865866 -1
0 0.017469 -11.075317 -9.682650 0.243512 0.827235 -1
0 0.017493 161.976288 -9.682810 0.243513 0.107381 -1
0 4.849034 -11.075417 -8.388010 0.290749 0.827235 -1
0 2.841905 -18.805977 -4.911701 0.271126 0.865866 -1
0 4.849034 161.976440 -8.387987 0.290749 0.107380 -1
0 4.909550 -18.805809 -2.844043 0.291340 0.865866 -1
0 8.385929 -11.075378 -4.851214 0.325327 0.827235 -1
0 8.385965 161.976288 -4.851336 0.325328 0.107381 -1
0 9.680557 -11.075336 -0.019505 0.337985 0.827235 -1
0 5.666389 -18.805977 -0.019688 0.298740 0.865866 -1
0 9.680561 161.976563 -0.019673 0.337985 0.107380 -1
0 4.909550 -18.805832 2.804813 0.291340 0.865866 -1
0 8.385929 -11.075291 4.812077 0.325327 0.827235 -1
0 8.385950 161.976318 4.811871 0.325328 0.107381 -1
0 4.849029 -11.075329 8.348833 0.290749 0.827235 -1
0 2.841905 -18.805923 4.872387 0.271126 0.865866 -1
0 4.849034 161.976410 8.348848 0.290749 0.107381 -1
36
-0.000001 -0.460841 0.887483
0.000001 -0.238034 0.971257
-0.485618 -0.238039 0.841137
-0.443742 -0.460845 0.768580
0.000001 0.000001 1.000000
-0.499986 -0.000000 0.866034
-0.768576 -0.460842 0.443753
-0.841127 -0.238040 0.485637
-0.866023 0.000000 0.500005
-0.971257 -0.238033 0.000003
-0.887490 -0.460827 -0.000006
-1.000000 0.000000 0.000005
-0.768581 -0.460836 -0.443748
-0.841131 -0.238040 -0.485630
-0.866019 -0.000000 -0.500011
-0.485620 -0.238036 -0.841137
-0.443735 -0.460836 -0.768589
-0.499999 0.000000 -0.866026
-0.000001 -0.460832 -0.887487
0.000001 -0.238035 -0.971256
0.000000 -0.000000 -1.000000
0.485627 -0.238035 -0.841134
0.443748 -0.460833 -0.768584
0.500001 0.000000 -0.866025
0.768584 -0.460835 -0.443746
0.841130 -0.238042 -0.485630
0.866020 -0.000000 -0.500009
0.971256 -0.238036 0.000002
0.887488 -0.460832 -0.000008
1.000000 -0.000000 0.000005
0.768577 -0.460841 0.443752
0.841126 -0.238041 0.485637
0.866024 0.000000 0.500003
0.485623 -0.238039 0.841135
0.443752 -0.460841 0.768576
0.499987 -0.000000 0.866033
48
0 0 1 2 0 1 2 1
0 0 2 3 0 2 3 1
0 1 4 2 1 4 2 1
0 4 5 2 4 5 2 1
0 3 2 6 3 2 6 1
0 2 7 6 2 7 6 1
0 2 5 8 2 5 8 1
0 2 8 7 2 8 7 1
0 6 7 9 6 7 9 1
0 6 9 10 6 9 10 1
0 7 8 9 7 8 9 1
0 8 11 9 8 11 9 1
0 10 9 12 10 9 12 1
0 9 13 12 9 13 12 1
0 9 11 14 9 11 14 1
0 9 14 13 9 14 13 1
0 12 13 15 12 13 15 1
0 12 15 16 12 15 16 1
0 13 14 15 13 14 15 1
0 14 17 15 14 17 15 1
0 16 15 18 16 15 18 1
0 15 19 18 15 19 18 1
0 15 17 20 15 17 20 1
0 15 20 19 15 20 19 1
0 18 19 21 18 19 21 1
0 18 21 22 18 21 22 1
0 19 20 21 19 20 21 1
0 20 23 21 20 23 21 1
0 22 21 24 22 21 24 1
0 21 25 24 21 25 24 1
0 21 23 26 21 23 26 1
0 21 26 25 21 26 25 1
0 24 25 27 24 25 27 1
0 24 27 28 24 27 28 1
0 25 26 27 25 26 27 1
0 26 29 27 26 29 27 1
0 28 27 30 28 27 30 1
0 27 31 30 27 31 30 1
0 27 29 32 27 29 32 1
0 27 32 31 27 32 31 1
0 30 31 33 30 31 33 1
0 30 33 34 30 33 34 1
0 31 32 33 31 32 33 1
0 32 35 33 32 35 33 1
0 34 33 0 34 33 0 1
0 33 1 0 33 1 0 1
0 33 35 4 33 35 4 1
0 33 4 1 33 4 1 1
"Regroup01" 0 0
85
0 0.017477 161.892761 9.705729 0.243513 0.107799 -1
0 0.017521 171.678452 8.402758 0.243513 0.083498 -1
0 -2.413843 171.678955 8.402735 0.219742 0.086754 -1
0 0.017477 161.892853 -9.745188 0.243513 0.107798 -1
0 -2.413843 171.678955 -8.442179 0.219742 0.086753 -1
0 0.017521 171.678452 -8.442194 0.243513 0.083498 -1
0 -4.193751 171.680145 8.402704 0.202341 0.095648 -1
0 -4.193751 171.680145 -8.442172 0.202341 0.095648 -1
0 -4.845243 161.892853 8.402754 0.195972 0.107798 -1
0 -4.845243 161.892822 -8.442172 0.195972 0.107798 -1
0 4.880189 161.892914 8.402781 0.291053 0.107798 -1
0 4.228701 171.680145 8.402735 0.284684 0.095648 -1
0 4.228701 171.680145 -8.442179 0.284684 0.095648 -1
0 4.880189 161.892914 -8.442209 0.291053 0.107798 -1
0 2.448841 171.678955 8.402719 0.267283 0.086754 -1
0 2.448841 171.678955 -8.442179 0.267283 0.086754 -1
0 0.017489 185.315338 4.842999 0.243513 0.065709 -1
0 -4.193763 184.186890 4.842960 0.202341 0.071348 -1
0 -7.276619 171.678955 4.842999 0.172201 0.086754 -1
0 -8.405010 161.892822 4.842960 0.161169 0.107798 -1
0 8.439945 161.892853 4.842976 0.325856 0.107798 -1
0 7.311602 171.678955 4.842990 0.314824 0.086754 -1
0 4.228709 184.186981 4.842968 0.284684 0.071348 -1
0 0.017497 196.761185 -0.019726 0.243513 0.059198 -1
0 -4.845183 185.315308 -0.019718 0.195972 0.065710 -1
0 -8.405014 171.678452 -0.019734 0.161169 0.083497 -1
0 -9.708006 161.892792 -0.019703 0.148430 0.107798 -1
0 9.742929 161.892792 -0.019703 0.338594 0.107798 -1
0 8.439949 171.678452 -0.019749 0.325856 0.083497 -1
0 4.880185 185.315338 -0.019718 0.291053 0.065709 -1
0 0.017489 185.315308 -4.882457 0.243513 0.065710 -1
0 -4.193763 184.186890 -4.882442 0.202341 0.071348 -1
0 -7.276619 171.678955 -4.882488 0.172201 0.086754 -1
0 -8.405010 161.892853 -4.882457 0.161169 0.107798 -1
0 8.439945 161.892914 -4.882457 0.325856 0.107798 -1
0 7.311602 171.678955 -4.882427 0.314824 0.086754 -1
0 4.228709 184.186951 -4.882450 0.284684 0.071348 -1
1 0.017469 43.414894 10.609774 0.243512 0.827234 -1
1 0.017491 75.847137 10.609548 0.243513 0.107382 -1
1 -5.297229 43.414879 9.185687 0.196276 0.827235 -1
1 -5.297208 75.847198 9.185712 0.196276 0.107381 -1
1 -9.187838 75.847183 5.295020 0.161697 0.107381 -1
1 -9.187868 43.414879 5.295271 0.161697 0.827235 -1
1 -10.611936 43.414894 -0.019505 0.149040 0.827235 -1
1 -10.611936 75.847229 -0.019686 0.149040 0.107379 -1
1 -9.187863 75.847153 -5.334507 0.161697 0.107381 -1
1 -9.187895 43.414848 -5.334382 0.161697 0.827235 -1
1 -5.297221 43.414833 -9.224857 0.196276 0.827235 -1
1 -5.297208 75.847198 -9.224824 0.196276 0.107381 -1
1 0.017496 75.847168 -10.649129 0.243513 0.107381 -1
1 0.017469 43.414879 -10.648952 0.243512 0.827235 -1
1 5.332191 43.414848 -9.224849 0.290749 0.827235 -1
1 5.332191 75.847198 -9.224824 0.290749 0.107380 -1
1 9.222816 75.847168 -5.334507 0.325328 0.107381 -1
1 9.222775 43.414864 -5.334373 0.325327 0.827235 -1
1 10.646867 43.414879 -0.019493 0.337985 0.827235 -1
1 10.646871 75.847229 -0.019678 0.337985 0.107380 -1
1 9.222798 75.847183 5.295020 0.325328 0.107381 -1
1 9.222775 43.414894 5.295247 0.325327 0.827235 -1
1 5.332185 43.414879 9.185678 0.290749 0.827235 -1
1 5.332191 75.847198 9.185696 0.290749 0.107381 -1
0 0.017469 121.414894 10.609774 0.243512 0.827234 -1
0 0.017491 153.847168 10.609548 0.243513 0.107382 -1
0 -5.297229 121.414879 9.185687 0.196276 0.827235 -1
0 -5.297208 153.847229 9.185712 0.196276 0.107381 -1
0 -9.187838 153.847198 5.295020 0.161697 0.107381 -1
0 -9.187868 121.414879 5.295271 0.161697 0.827235 -1
0 -10.611936 121.414894 -0.019505 0.149040 0.827235 -1
0 -10.611936 153.847260 -0.019686 0.149040 0.107379 -1
0 -9.187863 153.847183 -5.334507 0.161697 0.107381 -1
0 -9.187895 121.414848 -5.334382 0.161697 0.827235 -1
0 -5.297221 121.414833 -9.224857 0.196276 0.827235 -1
0 -5.297208 153.847229 -9.224824 0.196276 0.107381 -1
0 0.017496 153.847198 -10.649129 0.243513 0.107381 -1
0 0.017469 121.414879 -10.648952 0.243512 0.827235 -1
0 5.332191 121.414848 -9.224849 0.290749 0.827235 -1
0 5.332191 153.847229 -9.224824 0.290749 0.107380 -1
0 9.222816 153.847198 -5.334507 0.325328 0.107381 -1
0 9.222775 121.414864 -5.334373 0.325327 0.827235 -1
0 10.646867 121.414879 -0.019493 0.337985 0.827235 -1
0 10.646871 153.847260 -0.019678 0.337985 0.107380 -1
0 9.222798 153.847198 5.295020 0.325328 0.107381 -1
0 9.222775 121.414894 5.295247 0.325327 0.827235 -1
0 5.332185 121.414879 9.185678 0.290749 0.827235 -1
0 5.332191 153.847229 9.185696 0.290749 0.107381 -1
85
-0.000004 0.094953 0.995482
0.000001 0.219854 0.975533
0.000076 0.203403 0.979095
-0.000002 0.094954 -0.995482
0.000084 0.203404 -0.979095
-0.000001 0.219854 -0.975533
-0.443320 0.133297 0.886397
-0.443315 0.133297 -0.886399
-0.499615 0.033261 0.865609
-0.499614 0.033257 -0.865610
0.499614 0.033261 0.865609
0.443312 0.133299 0.886400
0.443315 0.133298 -0.886399
0.499613 0.033260 -0.865610
-0.000086 0.203403 0.979095
-0.000086 0.203403 -0.979095
-0.000004 0.322552 0.946552
-0.557158 0.335484 0.759622
-0.879536 0.158578 0.448631
-0.874547 0.096364 0.475271
0.874549 0.096362 0.475267
0.879538 0.158577 0.448627
0.557155 0.335484 0.759624
-0.000006 1.000000 -0.000000
-0.946573 0.322490 0.000001
-0.982693 0.185241 0.000001
-0.991251 0.131988 0.000003
0.991251 0.131987 0.000003
0.982694 0.185239 -0.000000
0.946574 0.322488 -0.000000
-0.000003 0.322551 -0.946552
-0.557155 0.335484 -0.759624
-0.879535 0.158578 -0.448632
-0.874546 0.096363 -0.475272
0.874548 0.096363 -0.475268
0.879538 0.158578 -0.448628
0.557154 0.335483 -0.759625
0.000000 0.000007 1.000000
0.000001 0.000003 1.000000
-0.499987 0.000003 0.866033
-0.499986 -0.000000 0.866034
-0.866023 0.000003 0.500005
-0.866019 0.000005 0.500011
-1.000000 0.000001 0.000005
-1.000000 0.000000 0.000005
-0.866019 -0.000001 -0.500011
-0.866022 -0.000001 -0.500005
-0.499995 -0.000001 -0.866028
-0.499999 0.000001 -0.866026
0.000000 -0.000002 -1.000000
0.000000 -0.000005 -1.000000
0.499998 -0.000002 -0.866026
0.500001 0.000001 -0.866025
0.866020 -0.000002 -0.500009
0.866023 -0.000003 -0.500004
1.000000 -0.000000 0.000004
1.000000 -0.000000 0.000005
0.866024 0.000002 0.500003
0.866020 0.000003 0.500010
0.499990 0.000003 0.866031
0.499987 -0.000001 0.866033
0.000000 0.000007 1.000000
0.000001 0.000003 1.000000
-0.499987 0.000003 0.866033
-0.499986 -0.000000 0.866034
-0.866023 0.000003 0.500005
-0.866019 0.000005 0.500011
-1.000000 0.000001 0.000005
-1.000000 0.000000 0.000005
-0.866019 -0.000001 -0.500011
-0.866022 -0.000001 -0.500005
-0.499995 -0.000001 -0.866028
-0.499999 0.000001 -0.866026
0.000000 -0.000002 -1.000000
0.000000 -0.000005 -1.000000
0.499998 -0.000002 -0.866026
0.500001 0.000001 -0.866025
0.866020 -0.000002 -0.500009
0.866023 -0.000003 -0.500004
1.000000 -0.000000 0.000004
1.000000 -0.000000 0.000005
0.866024 0.000002 0.500003
0.866020 0.000003 0.500010
0.499990 0.000003 0.866031
0.499987 -0.000001 0.866033
108
0 0 1 2 0 1 2 1
0 3 4 5 3 4 5 1
0 0 2 6 0 2 6 1
0 3 7 4 3 7 4 1
0 0 6 8 0 6 8 1
0 3 9 7 3 9 7 1
0 0 10 11 0 10 11 1
0 3 12 13 3 12 13 1
0 0 11 14 0 11 14 1
0 3 15 12 3 15 12 1
0 0 14 1 0 14 1 1
0 3 5 15 3 5 15 1
0 1 16 17 1 16 17 1
0 1 17 2 1 17 2 1
0 2 17 6 2 17 6 1
0 17 18 6 17 18 6 1
0 6 18 19 6 18 19 1
0 6 19 8 6 19 8 1
0 10 20 11 10 20 11 1
0 20 21 11 20 21 11 1
0 11 21 22 11 21 22 1
0 11 22 14 11 22 14 1
0 14 22 1 14 22 1 1
0 22 16 1 22 16 1 1
0 16 23 17 16 23 17 1
0 23 24 17 23 24 17 1
0 17 24 25 17 24 25 1
0 17 25 18 17 25 18 1
0 18 25 19 18 25 19 1
0 25 26 19 25 26 19 1
0 20 27 28 20 27 28 1
0 20 28 21 20 28 21 1
0 21 28 22 21 28 22 1
0 28 29 22 28 29 22 1
0 22 29 23 22 29 23 1
0 22 23 16 22 23 16 1
0 23 30 31 23 30 31 1
0 23 31 24 23 31 24 1
0 24 31 25 24 31 25 1
0 31 32 25 31 32 25 1
0 25 32 33 25 32 33 1
0 25 33 26 25 33 26 1
0 27 34 28 27 34 28 1
0 34 35 28 34 35 28 1
0 28 35 36 28 35 36 1
0 28 36 29 28 36 29 1
0 29 36 23 29 36 23 1
0 36 30 23 36 30 23 1
0 30 5 31 30 5 31 1
0 5 4 31 5 4 31 1
0 31 4 7 31 4 7 1
0 31 7 32 31 7 32 1
0 32 7 33 32 7 33 1
0 7 9 33 7 9 33 1
0 34 13 12 34 13 12 1
0 34 12 35 34 12 35 1
0 35 12 36 35 12 36 1
0 12 15 36 12 15 36 1
0 36 15 5 36 15 5 1
0 36 5 30 36 5 30 1
0 37 38 39 37 38 39 1
0 38 40 39 38 40 39 1
0 39 40 41 39 40 41 1
0 39 41 42 39 41 42 1
0 42 41 43 42 41 43 1
0 41 44 43 41 44 43 1
0 43 44 45 43 44 45 1
0 43 45 46 43 45 46 1
0 46 45 47 46 45 47 1
0 45 48 47 45 48 47 1
0 47 48 49 47 48 49 1
0 47 49 50 47 49 50 1
0 50 49 51 50 49 51 1
0 49 52 51 49 52 51 1
0 51 52 53 51 52 53 1
0 51 53 54 51 53 54 1
0 54 53 55 54 53 55 1
0 53 56 55 53 56 55 1
0 55 56 57 55 56 57 1
0 55 57 58 55 57 58 1
0 58 57 59 58 57 59 1
0 57 60 59 57 60 59 1
0 59 60 38 59 60 38 1
0 59 38 37 59 38 37 1
0 61 62 63 61 62 63 1
0 62 64 63 62 64 63 1
0 63 64 65 63 64 65 1
0 63 65 66 63 65 66 1
0 66 65 67 66 65 67 1
0 65 68 67 65 68 67 1
0 67 68 69 67 68 69 1
0 67 69 70 67 69 70 1
0 70 69 71 70 69 71 1
0 69 72 71 69 72 71 1
0 71 72 73 71 72 73 1
0 71 73 74 71 73 74 1
0 74 73 75 74 73 75 1
0 73 76 75 73 76 75 1
0 75 76 77 75 76 77 1
0 75 77 78 75 77 78 1
0 78 77 79 78 77 79 1
0 77 80 79 77 80 79 1
0 79 80 81 79 80 81 1
0 79 81 82 79 81 82 1
0 82 81 83 82 81 83 1
0 81 84 83 81 84 83 1
0 83 84 62 83 84 62 1
0 83 62 61 83 62 61 1
"Regroup00" 0 0
80
1 -3.457053 75.523285 -2.509592 0.000000 0.000000 -1
1 -3.457053 52.439522 -2.509592 0.000000 1.000000 -1
1 -2.509592 75.523285 -3.457053 1.000000 0.000000 -1
1 -2.509592 52.439522 -3.457053 1.000000 1.000000 -1
1 -2.509592 75.523285 -3.457053 0.000000 0.000000 -1
1 -2.509592 52.439522 -3.457053 0.000000 1.000000 -1
1 -19.853903 52.167946 -20.801365 1.000000 0.000000 -1
1 -19.853903 49.995361 -20.801365 1.000000 1.000000 -1
1 -19.853903 52.167946 -20.801365 0.000000 0.000000 -1
1 -19.853903 49.995361 -20.801365 0.000000 1.000000 -1
1 -20.801365 52.167946 -19.853903 1.000000 0.000000 -1
1 -20.801365 49.995361 -19.853903 1.000000 1.000000 -1
1 -20.801365 52.167946 -19.853903 0.000000 0.000000 -1
1 -20.801365 49.995361 -19.853903 0.000000 1.000000 -1
1 -3.457053 75.523285 -2.509592 1.000000 0.000000 -1
1 -3.457053 52.439522 -2.509592 1.000000 1.000000 -1
1 -3.457053 75.523285 -2.509592 0.000000 1.000000 -1
1 -2.509592 75.523285 -3.457053 1.000000 1.000000 -1
1 -3.457053 52.439522 -2.509592 0.000000 0.000000 -1
1 -2.509592 52.439522 -3.457053 1.000000 0.000000 -1
1 3.457053 75.523285 2.509592 1.000000 0.000000 -1
1 2.509592 52.439522 3.457053 0.000000 1.000000 -1
1 2.509592 75.523285 3.457053 0.000000 0.000000 -1
1 3.457053 52.439522 2.509592 1.000000 1.000000 -1
1 20.801365 52.167946 19.853903 1.000000 0.000000 -1
1 3.457053 52.439522 2.509592 0.000000 1.000000 -1
1 3.457053 75.523285 2.509592 0.000000 0.000000 -1
1 20.801365 49.995361 19.853903 1.000000 1.000000 -1
1 19.853903 52.167946 20.801365 1.000000 0.000000 -1
1 20.801365 49.995361 19.853903 0.000000 1.000000 -1
1 20.801365 52.167946 19.853903 0.000000 0.000000 -1
1 19.853903 49.995361 20.801365 1.000000 1.000000 -1
1 2.509592 75.523285 3.457053 1.000000 0.000000 -1
1 19.853903 49.995361 20.801365 0.000000 1.000000 -1
1 19.853903 52.167946 20.801365 0.000000 0.000000 -1
1 2.509592 52.439522 3.457053 1.000000 1.000000 -1
1 2.509592 75.523285 3.457053 0.000000 1.000000 -1
1 3.457053 75.523285 2.509592 1.000000 1.000000 -1
1 3.457053 52.439522 2.509592 1.000000 0.000000 -1
1 2.509592 52.439522 3.457053 0.000000 0.000000 -1
1 -2.509592 75.523285 3.457053 0.000000 0.000000 -1
1 -2.509592 52.439522 3.457053 0.000000 1.000000 -1
1 -3.457053 75.523285 2.509592 1.000000 0.000000 -1
1 -3.457053 52.439522 2.509592 1.000000 1.000000 -1
1 -3.457053 75.523285 2.509592 0.000000 0.000000 -1
1 -3.457053 52.439522 2.509592 0.000000 1.000000 -1
1 -20.801363 52.167946 19.853905 1.000000 0.000000 -1
1 -20.801363 49.995361 19.853905 1.000000 1.000000 -1
1 -20.801363 52.167946 19.853905 0.000000 0.000000 -1
1 -20.801363 49.995361 19.853905 0.000000 1.000000 -1
1 -19.853903 52.167946 20.801365 1.000000 0.000000 -1
1 -19.853903 49.995361 20.801365 1.000000 1.000000 -1
1 -19.853903 52.167946 20.801365 0.000000 0.000000 -1
1 -19.853903 49.995361 20.801365 0.000000 1.000000 -1
1 -2.509592 75.523285 3.457053 1.000000 0.000000 -1
1 -2.509592 52.439522 3.457053 1.000000 1.000000 -1
1 -2.509592 75.523285 3.457053 0.000000 1.000000 -1
1 -3.457053 75.523285 2.509592 1.000000 1.000000 -1
1 -2.509592 52.439522 3.457053 0.000000 0.000000 -1
1 -3.457053 52.439522 2.509592 1.000000 0.000000 -1
1 2.509592 75.523285 -3.457053 1.000000 0.000000 -1
1 3.457053 52.439522 -2.509592 0.000000 1.000000 -1
1 3.457053 75.523285 -2.509592 0.000000 0.000000 -1
1 2.509592 52.439522 -3.457053 1.000000 1.000000 -1
1 19.853903 52.167946 -20.801365 1.000000 0.000000 -1
1 2.509592 52.439522 -3.457053 0.000000 1.000000 -1
1 2.509592 75.523285 -3.457053 0.000000 0.000000 -1
1 19.853903 49.995361 -20.801365 1.000000 1.000000 -1
1 20.801363 52.167946 -19.853905 1.000000 0.000000 -1
1 19.853903 49.995361 -20.801365 0.000000 1.000000 -1
1 19.853903 52.167946 -20.801365 0.000000 0.000000 -1
1 20.801363 49.995361 -19.853905 1.000000 1.000000 -1
1 3.457053 75.523285 -2.509592 1.000000 0.000000 -1
1 20.801363 49.995361 -19.853905 0.000000 1.000000 -1
1 20.801363 52.167946 -19.853905 0.000000 0.000000 -1
1 3.457053 52.439522 -2.509592 1.000000 1.000000 -1
1 3.457053 75.523285 -2.509592 0.000000 1.000000 -1
1 2.509592 75.523285 -3.457053 1.000000 1.000000 -1
1 2.509592 52.439522 -3.457053 1.000000 0.000000 -1
1 3.457053 52.439522 -2.509592 0.000000 0.000000 -1
30
0.707107 0.000000 0.707107
0.707107 0.000000 -0.707107
0.707107 0.000000 -0.707107
-0.707107 0.000000 -0.707107
-0.707107 0.000000 0.707107
-0.707107 0.000000 0.707107
-0.487603 0.724214 -0.487603
-0.487603 0.724215 -0.487603
0.070113 -0.995072 0.070113
0.070113 -0.995072 0.070113
0.707107 0.000000 -0.707107
0.707107 0.000000 -0.707107
-0.707107 0.000000 0.707107
-0.707107 0.000000 0.707107
0.487603 0.724215 0.487603
0.487603 0.724214 0.487603
-0.070113 -0.995072 -0.070113
-0.070113 -0.995072 -0.070113
0.707107 0.000000 -0.707107
-0.707107 0.000000 -0.707107
-0.707107 0.000000 -0.707107
-0.707107 0.000000 0.707107
0.707107 0.000000 0.707107
0.707107 0.000000 0.707107
-0.487603 0.724214 0.487603
-0.487603 0.724215 0.487603
0.070113 -0.995072 -0.070113
0.487603 0.724215 -0.487603
0.487603 0.724214 -0.487603
-0.070113 -0.995072 0.070113
48
0 0 1 2 0 0 0 1
0 1 3 2 0 0 0 1
0 4 5 6 1 1 1 2
0 5 7 6 1 2 1 2
0 8 9 10 3 3 3 1
0 9 11 10 3 3 3 1
0 12 13 14 4 5 5 2
0 13 15 14 5 5 5 2
0 12 16 6 6 7 7 3
0 16 17 6 7 7 7 3
0 18 13 19 8 8 8 3
0 13 7 19 8 9 8 3
0 20 21 22 3 3 3 1
0 20 23 21 3 3 3 1
0 24 25 26 10 10 10 2
0 24 27 25 10 11 10 2
0 28 29 30 0 0 0 1
0 28 31 29 0 0 0 1
0 32 33 34 12 12 13 2
0 32 35 33 12 12 12 2
0 24 36 34 14 14 15 3
0 24 37 36 14 14 14 3
0 38 33 39 16 16 16 3
0 38 27 33 16 17 16 3
0 40 41 42 18 18 18 1
0 41 43 42 18 18 18 1
0 44 45 46 19 19 19 2
0 45 47 46 19 20 19 2
0 48 49 50 21 21 21 1
0 49 51 50 21 21 21 1
0 52 53 54 22 23 23 2
0 53 55 54 23 23 23 2
0 52 56 46 24 25 25 3
0 56 57 46 25 25 25 3
0 58 53 59 26 26 26 3
0 53 47 59 26 26 26 3
0 60 61 62 21 21 21 1
0 60 63 61 21 21 21 1
0 64 65 66 19 19 19 2
0 64 67 65 19 20 19 2
0 68 69 70 18 18 18 1
0 68 71 69 18 18 18 1
0 72 73 74 23 23 22 2
0 72 75 73 23 23 23 2
0 64 76 74 27 27 28 3
0 64 77 76 27 27 27 3
0 78 73 79 29 29 29 3
0 78 67 73 29 29 29 3
"Duplicate01" 0 0
80
0 -2.772211 31.693466 -2.012442 0.000000 0.000000 -1
0 -2.772211 -14.698676 -2.012442 0.000000 1.000000 -1
0 -2.012442 31.693466 -2.772211 1.000000 0.000000 -1
0 -2.012442 -14.698676 -2.772211 1.000000 1.000000 -1
0 -2.012442 31.693466 -2.772211 0.000000 0.000000 -1
0 -2.012442 -14.698676 -2.772211 0.000000 1.000000 -1
0 -15.920846 23.040854 -16.680614 1.000000 0.000000 -1
0 -15.920846 -8.925511 -16.680614 1.000000 1.000000 -1
0 -15.920846 23.040854 -16.680614 0.000000 0.000000 -1
0 -15.920846 -8.925511 -16.680614 0.000000 1.000000 -1
0 -16.680614 23.040854 -15.920846 1.000000 0.000000 -1
0 -16.680614 -8.925511 -15.920846 1.000000 1.000000 -1
0 -16.680614 23.040854 -15.920846 0.000000 0.000000 -1
0 -16.680614 -8.925511 -15.920846 0.000000 1.000000 -1
0 -2.772211 31.693466 -2.012442 1.000000 0.000000 -1
0 -2.772211 -14.698676 -2.012442 1.000000 1.000000 -1
0 -2.772211 31.693466 -2.012442 0.000000 1.000000 -1
0 -2.012442 31.693466 -2.772211 1.000000 1.000000 -1
0 -2.772211 -14.698676 -2.012442 0.000000 0.000000 -1
0 -2.012442 -14.698676 -2.772211 1.000000 0.000000 -1
0 2.772211 31.693466 2.012442 1.000000 0.000000 -1
0 2.012442 -14.698676 2.772211 0.000000 1.000000 -1
0 2.012442 31.693466 2.772211 0.000000 0.000000 -1
0 2.772211 -14.698676 2.012442 1.000000 1.000000 -1
0 16.680614 23.040854 15.920846 1.000000 0.000000 -1
0 2.772211 -14.698676 2.012442 0.000000 1.000000 -1
0 2.772211 31.693466 2.012442 0.000000 0.000000 -1
0 16.680614 -8.925511 15.920846 1.000000 1.000000 -1
0 15.920846 23.040854 16.680614 1.000000 0.000000 -1
0 16.680614 -8.925511 15.920846 0.000000 1.000000 -1
0 16.680614 23.040854 15.920846 0.000000 0.000000 -1
0 15.920846 -8.925511 16.680614 1.000000 1.000000 -1
0 2.012442 31.693466 2.772211 1.000000 0.000000 -1
0 15.920846 -8.925511 16.680614 0.000000 1.000000 -1
0 15.920846 23.040854 16.680614 0.000000 0.000000 -1
0 2.012442 -14.698676 2.772211 1.000000 1.000000 -1
0 2.012442 31.693466 2.772211 0.000000 1.000000 -1
0 2.772211 31.693466 2.012442 1.000000 1.000000 -1
0 2.772211 -14.698676 2.012442 1.000000 0.000000 -1
0 2.012442 -14.698676 2.772211 0.000000 0.000000 -1
0 -2.012442 31.693466 2.772211 0.000000 0.000000 -1
0 -2.012442 -14.698676 2.772211 0.000000 1.000000 -1
0 -2.772211 31.693466 2.012442 1.000000 0.000000 -1
0 -2.772211 -14.698676 2.012442 1.000000 1.000000 -1
0 -2.772211 31.693466 2.012442 0.000000 0.000000 -1
0 -2.772211 -14.698676 2.012442 0.000000 1.000000 -1
0 -16.680613 23.040854 15.920846 1.000000 0.000000 -1
0 -16.680613 -8.925511 15.920846 1.000000 1.000000 -1
0 -16.680613 23.040854 15.920846 0.000000 0.000000 -1
0 -16.680613 -8.925511 15.920846 0.000000 1.000000 -1
0 -15.920846 23.040854 16.680614 1.000000 0.000000 -1
0 -15.920846 -8.925511 16.680614 1.000000 1.000000 -1
0 -15.920846 23.040854 16.680614 0.000000 0.000000 -1
0 -15.920846 -8.925511 16.680614 0.000000 1.000000 -1
0 -2.012442 31.693466 2.772211 1.000000 0.000000 -1
0 -2.012442 -14.698676 2.772211 1.000000 1.000000 -1
0 -2.012442 31.693466 2.772211 0.000000 1.000000 -1
0 -2.772211 31.693466 2.012442 1.000000 1.000000 -1
0 -2.012442 -14.698676 2.772211 0.000000 0.000000 -1
0 -2.772211 -14.698676 2.012442 1.000000 0.000000 -1
0 2.012442 31.693466 -2.772211 1.000000 0.000000 -1
0 2.772211 -14.698676 -2.012442 0.000000 1.000000 -1
0 2.772211 31.693466 -2.012442 0.000000 0.000000 -1
0 2.012442 -14.698676 -2.772211 1.000000 1.000000 -1
0 15.920846 23.040854 -16.680614 1.000000 0.000000 -1
0 2.012442 -14.698676 -2.772211 0.000000 1.000000 -1
0 2.012442 31.693466 -2.772211 0.000000 0.000000 -1
0 15.920846 -8.925511 -16.680614 1.000000 1.000000 -1
0 16.680613 23.040854 -15.920846 1.000000 0.000000 -1
0 15.920846 -8.925511 -16.680614 0.000000 1.000000 -1
0 15.920846 23.040854 -16.680614 0.000000 0.000000 -1
0 16.680613 -8.925511 -15.920846 1.000000 1.000000 -1
0 2.772211 31.693466 -2.012442 1.000000 0.000000 -1
0 16.680613 -8.925511 -15.920846 0.000000 1.000000 -1
0 16.680613 23.040854 -15.920846 0.000000 0.000000 -1
0 2.772211 -14.698676 -2.012442 1.000000 1.000000 -1
0 2.772211 31.693466 -2.012442 0.000000 1.000000 -1
0 2.012442 31.693466 -2.772211 1.000000 1.000000 -1
0 2.012442 -14.698676 -2.772211 1.000000 0.000000 -1
0 2.772211 -14.698676 -2.012442 0.000000 0.000000 -1
34
0.707107 0.000000 0.707107
0.707107 0.000000 -0.707107
0.707107 0.000000 -0.707107
-0.707107 0.000000 -0.707107
-0.707107 0.000000 0.707107
-0.707107 0.000000 0.707107
-0.284726 0.915348 -0.284726
-0.199142 -0.959523 -0.199142
-0.199142 -0.959523 -0.199142
-0.199142 -0.959523 -0.199142
0.707107 0.000000 -0.707107
-0.707107 0.000000 0.707107
0.284726 0.915348 0.284726
0.199142 -0.959523 0.199142
0.199142 -0.959523 0.199142
0.199142 -0.959523 0.199142
-0.707107 0.000000 -0.707107
-0.707108 0.000000 0.707106
0.707107 0.000000 0.707107
-0.284726 0.915348 0.284725
-0.284726 0.915348 0.284725
-0.284726 0.915348 0.284726
-0.199142 -0.959523 0.199142
-0.199142 -0.959523 0.199142
-0.199142 -0.959523 0.199141
-0.707107 0.000000 -0.707107
0.707108 0.000000 -0.707106
0.707107 0.000000 0.707107
0.284726 0.915348 -0.284725
0.284726 0.915348 -0.284725
0.284726 0.915348 -0.284726
0.199142 -0.959523 -0.199142
0.199142 -0.959523 -0.199142
0.199142 -0.959523 -0.199141
48
0 0 1 2 0 0 0 1
0 1 3 2 0 0 0 1
0 4 5 6 1 2 2 2
0 5 7 6 2 2 2 2
0 8 9 10 3 3 3 1
0 9 11 10 3 3 3 1
0 12 13 14 4 4 4 2
0 13 15 14 4 5 4 2
0 12 16 6 6 6 6 3
0 16 17 6 6 6 6 3
0 18 13 19 7 8 8 3
0 13 7 19 8 9 8 3
0 20 21 22 3 3 3 1
0 20 23 21 3 3 3 1
0 24 25 26 10 10 1 2
0 24 27 25 10 10 10 2
0 28 29 30 0 0 0 1
0 28 31 29 0 0 0 1
0 32 33 34 11 11 11 2
0 32 35 33 11 5 11 2
0 24 36 34 12 12 12 3
0 24 37 36 12 12 12 3
0 38 33 39 13 13 14 3
0 38 27 33 13 15 13 3
0 40 41 42 1 1 1 1
0 41 43 42 1 1 1 1
0 44 45 46 16 16 16 2
0 45 47 46 16 16 16 2
0 48 49 50 17 17 17 1
0 49 51 50 17 17 17 1
0 52 53 54 18 18 18 2
0 53 55 54 18 0 18 2
0 52 56 46 19 20 20 3
0 56 57 46 20 21 20 3
0 58 53 59 22 23 23 3
0 53 47 59 23 24 23 3
0 60 61 62 5 5 5 1
0 60 63 61 5 5 5 1
0 64 65 66 25 25 3 2
0 64 67 65 25 25 25 2
0 68 69 70 26 26 26 1
0 68 71 69 26 26 26 1
0 72 73 74 27 27 27 2
0 72 75 73 27 27 27 2
0 64 76 74 28 28 29 3
0 64 77 76 28 30 28 3
0 78 73 79 31 31 32 3
0 78 67 73 31 33 31 3

Materials: 2
"Material01"
1.000000 0.501961 0.000000 1.000000
0.000000 0.000000 0.000000 1.000000
0.000000 0.000000 0.000000 1.000000
0.752941 0.752941 0.752941 1.000000
0.000000
1.000000
"sphere_cball.bmp"
""
"Material01"
0.200000 0.200000 0.200000 1.000000
1.000000 1.000000 1.000000 1.000000
0.000000 0.000000 0.000000 1.000000
1.000000 1.000000 1.000000 1.000000
0.000000
1.000000
"sphere_chrome.bmp"
""

Bones: 0
GroupComments: 0
MaterialComments: 0
BoneComments: 0
ModelComment: 0
