// MilkShape 3D ASCII

Frames: 30
Frame: 1

Meshes: 4
"Regroup00" 0 1
36
1 -0.002403 58.501839 82.937141 0.243513 0.865866 -1
1 -0.002398 54.487648 75.206482 0.243512 0.827234 -1
1 4.829147 55.782272 75.206558 0.196276 0.827235 -1
1 2.822017 59.258724 82.937111 0.215899 0.865866 -1
1 -0.002463 54.487846 -97.844963 0.243513 0.107382 -1
1 4.829081 55.782242 -97.845215 0.196276 0.107381 -1
1 4.889760 61.326313 82.937065 0.195684 0.865866 -1
1 8.366089 59.319012 75.206535 0.161697 0.827235 -1
1 8.366019 59.319233 -97.845116 0.161697 0.107381 -1
1 9.660697 64.150627 75.206505 0.149040 0.827235 -1
1 5.646541 64.150810 82.937241 0.188285 0.865866 -1
1 9.660654 64.150787 -97.845413 0.149040 0.107379 -1
1 4.889760 66.975174 82.937065 0.195684 0.865866 -1
1 8.366114 68.982330 75.206635 0.161697 0.827235 -1
1 8.366043 68.982437 -97.845055 0.161697 0.107381 -1
1 4.829140 72.519127 75.206650 0.196276 0.827235 -1
1 2.822029 69.042816 82.937141 0.215899 0.865866 -1
1 4.829081 72.519089 -97.845215 0.196276 0.107381 -1
1 -0.002403 69.799591 82.937126 0.243513 0.865866 -1
1 -0.002398 73.813759 75.206528 0.243512 0.827235 -1
1 -0.002467 73.813911 -97.845085 0.243513 0.107381 -1
1 -4.833962 72.519119 75.206642 0.290749 0.827235 -1
1 -2.826832 69.042816 82.937202 0.271126 0.865866 -1
1 -4.834008 72.519089 -97.845238 0.290749 0.107380 -1
1 -4.894477 66.975151 82.937019 0.291340 0.865866 -1
1 -8.370858 68.982323 75.206589 0.325327 0.827235 -1
1 -8.370939 68.982437 -97.845078 0.325328 0.107381 -1
1 -9.665487 64.150620 75.206551 0.337985 0.827235 -1
1 -5.651316 64.150803 82.937195 0.298740 0.865866 -1
1 -9.665536 64.150780 -97.845360 0.337985 0.107380 -1
1 -4.894476 61.326298 82.937042 0.291340 0.865866 -1
1 -8.370858 59.319035 75.206497 0.325327 0.827235 -1
1 -8.370925 59.319233 -97.845108 0.325328 0.107381 -1
1 -4.833958 55.782280 75.206558 0.290749 0.827235 -1
1 -2.826832 59.258724 82.937149 0.271126 0.865866 -1
1 -4.834008 55.782257 -97.845207 0.290749 0.107381 -1
36
0.000001 -0.887483 0.460841
-0.000000 -0.971257 0.238034
0.485618 -0.841137 0.238039
0.443742 -0.768580 0.460844
-0.000001 -1.000000 -0.000001
0.499985 -0.866034 -0.000000
0.768576 -0.443753 0.460841
0.841127 -0.485637 0.238040
0.866023 -0.500005 -0.000001
0.971257 -0.000003 0.238033
0.887490 0.000006 0.460826
1.000000 -0.000005 -0.000000
0.768582 0.443749 0.460835
0.841131 0.485630 0.238040
0.866019 0.500011 -0.000000
0.485620 0.841137 0.238035
0.443735 0.768590 0.460835
0.499999 0.866026 -0.000000
0.000002 0.887488 0.460831
-0.000000 0.971256 0.238035
-0.000000 1.000000 0.000000
-0.485627 0.841134 0.238035
-0.443749 0.768584 0.460832
-0.500001 0.866025 -0.000000
-0.768584 0.443745 0.460834
-0.841130 0.485630 0.238042
-0.866020 0.500009 0.000001
-0.971256 -0.000001 0.238036
-0.887487 0.000008 0.460832
-1.000000 -0.000004 0.000000
-0.768577 -0.443751 0.460840
-0.841126 -0.485637 0.238041
-0.866024 -0.500003 -0.000000
-0.485623 -0.841135 0.238039
-0.443752 -0.768576 0.460842
-0.499987 -0.866033 0.000000
48
1 0 1 2 0 1 2 1
1 0 2 3 0 2 3 1
1 1 4 2 1 4 2 1
1 4 5 2 4 5 2 1
1 3 2 6 3 2 6 1
1 2 7 6 2 7 6 1
1 2 5 8 2 5 8 1
1 2 8 7 2 8 7 1
1 6 7 9 6 7 9 1
1 6 9 10 6 9 10 1
1 7 8 9 7 8 9 1
1 8 11 9 8 11 9 1
1 10 9 12 10 9 12 1
1 9 13 12 9 13 12 1
1 9 11 14 9 11 14 1
1 9 14 13 9 14 13 1
1 12 13 15 12 13 15 1
1 12 15 16 12 15 16 1
1 13 14 15 13 14 15 1
1 14 17 15 14 17 15 1
1 16 15 18 16 15 18 1
1 15 19 18 15 19 18 1
1 15 17 20 15 17 20 1
1 15 20 19 15 20 19 1
1 18 19 21 18 19 21 1
1 18 21 22 18 21 22 1
1 19 20 21 19 20 21 1
1 20 23 21 20 23 21 1
1 22 21 24 22 21 24 1
1 21 25 24 21 25 24 1
1 21 23 26 21 23 26 1
1 21 26 25 21 26 25 1
1 24 25 27 24 25 27 1
1 24 27 28 24 27 28 1
1 25 26 27 25 26 27 1
1 26 29 27 26 29 27 1
1 28 27 30 28 27 30 1
1 27 31 30 27 31 30 1
1 27 29 32 27 29 32 1
1 27 32 31 27 32 31 1
1 30 31 33 30 31 33 1
1 30 33 34 30 33 34 1
1 31 32 33 31 32 33 1
1 32 35 33 32 35 33 1
1 34 33 0 34 33 0 1
1 33 1 0 33 1 0 1
1 33 35 4 33 35 4 1
1 33 4 1 33 4 1 1
"Regroup01" 0 0
85
1 -0.002451 54.425377 -97.761566 0.243513 0.107799 -1
1 -0.002497 55.728348 -107.547249 0.243513 0.083498 -1
1 2.428866 55.728371 -107.547760 0.219742 0.086754 -1
1 -0.002451 73.876289 -97.761658 0.243513 0.107798 -1
1 2.428866 72.573280 -107.547760 0.219742 0.086753 -1
1 -0.002497 72.573296 -107.547249 0.243513 0.083498 -1
1 4.208773 55.728401 -107.548950 0.202341 0.095648 -1
1 4.208773 72.573273 -107.548950 0.202341 0.095648 -1
1 4.860269 55.728352 -97.761650 0.195972 0.107798 -1
1 4.860269 72.573273 -97.761620 0.195972 0.107798 -1
1 -4.865164 55.728325 -97.761711 0.291053 0.107798 -1
1 -4.213679 55.728371 -107.548935 0.284684 0.095648 -1
1 -4.213679 72.573280 -107.548935 0.284684 0.095648 -1
1 -4.865164 72.573311 -97.761711 0.291053 0.107798 -1
1 -2.433818 55.728386 -107.547752 0.267283 0.086754 -1
1 -2.433818 72.573280 -107.547752 0.267283 0.086754 -1
1 -0.002469 59.288105 -121.184128 0.243513 0.065709 -1
1 4.208783 59.288143 -120.055679 0.202341 0.071348 -1
1 7.291643 59.288105 -107.547760 0.172201 0.086754 -1
1 8.420038 59.288143 -97.761620 0.161169 0.107798 -1
1 -8.424920 59.288128 -97.761642 0.325856 0.107798 -1
1 -7.296581 59.288113 -107.547752 0.314824 0.086754 -1
1 -4.213689 59.288136 -120.055786 0.284684 0.071348 -1
1 -0.002479 64.150826 -132.629974 0.243513 0.059198 -1
1 4.860202 64.150818 -121.184113 0.195972 0.065710 -1
1 8.420038 64.150841 -107.547249 0.161169 0.083497 -1
1 9.723034 64.150810 -97.761581 0.148430 0.107798 -1
1 -9.727903 64.150810 -97.761589 0.338594 0.107798 -1
1 -8.424927 64.150856 -107.547256 0.325856 0.083497 -1
1 -4.865166 64.150818 -121.184143 0.291053 0.065709 -1
1 -0.002469 69.013557 -121.184097 0.243513 0.065710 -1
1 4.208783 69.013542 -120.055679 0.202341 0.071348 -1
1 7.291643 69.013588 -107.547760 0.172201 0.086754 -1
1 8.420038 69.013557 -97.761650 0.161169 0.107798 -1
1 -8.424919 69.013557 -97.761703 0.325856 0.107798 -1
1 -7.296581 69.013535 -107.547752 0.314824 0.086754 -1
1 -4.213689 69.013550 -120.055756 0.284684 0.071348 -1
1 -0.002411 53.521336 20.716318 0.243512 0.827234 -1
1 -0.002442 53.521561 -11.715928 0.243513 0.107382 -1
1 5.312287 54.945423 20.716333 0.196276 0.827235 -1
1 5.312257 54.945396 -11.715987 0.196276 0.107381 -1
1 9.202887 58.836086 -11.715976 0.161697 0.107381 -1
1 9.202926 58.835838 20.716335 0.161697 0.827235 -1
1 10.626994 64.150612 20.716320 0.149040 0.827235 -1
1 10.626985 64.150795 -11.716021 0.149040 0.107379 -1
1 9.202913 69.465614 -11.715944 0.161697 0.107381 -1
1 9.202953 69.465492 20.716364 0.161697 0.827235 -1
1 5.312280 73.355965 20.716379 0.196276 0.827235 -1
1 5.312257 73.355934 -11.715987 0.196276 0.107381 -1
1 -0.002447 74.780235 -11.715958 0.243513 0.107381 -1
1 -0.002411 74.780060 20.716333 0.243512 0.827235 -1
1 -5.317134 73.355957 20.716364 0.290749 0.827235 -1
1 -5.317143 73.355934 -11.715988 0.290749 0.107380 -1
1 -9.207769 69.465614 -11.715956 0.325328 0.107381 -1
1 -9.207719 69.465485 20.716351 0.325327 0.827235 -1
1 -10.631810 64.150604 20.716333 0.337985 0.827235 -1
1 -10.631824 64.150787 -11.716018 0.337985 0.107380 -1
1 -9.207751 58.836086 -11.715972 0.325328 0.107381 -1
1 -9.207719 58.835861 20.716320 0.325327 0.827235 -1
1 -5.317127 54.945431 20.716333 0.290749 0.827235 -1
1 -5.317143 54.945412 -11.715988 0.290749 0.107381 -1
1 -0.002432 53.521332 -57.283688 0.243512 0.827234 -1
1 -0.002462 53.521557 -89.715965 0.243513 0.107382 -1
1 5.312266 54.945419 -57.283672 0.196276 0.827235 -1
1 5.312237 54.945393 -89.716026 0.196276 0.107381 -1
1 9.202868 58.836082 -89.715996 0.161697 0.107381 -1
1 9.202906 58.835835 -57.283672 0.161697 0.827235 -1
1 10.626974 64.150612 -57.283684 0.149040 0.827235 -1
1 10.626966 64.150787 -89.716057 0.149040 0.107379 -1
1 9.202893 69.465614 -89.715981 0.161697 0.107381 -1
1 9.202931 69.465485 -57.283642 0.161697 0.827235 -1
1 5.312259 73.355965 -57.283627 0.196276 0.827235 -1
1 5.312237 73.355927 -89.716026 0.196276 0.107381 -1
1 -0.002467 74.780235 -89.715996 0.243513 0.107381 -1
1 -0.002432 74.780060 -57.283672 0.243512 0.827235 -1
1 -5.317155 73.355957 -57.283638 0.290749 0.827235 -1
1 -5.317163 73.355927 -89.716034 0.290749 0.107380 -1
1 -9.207789 69.465614 -89.715996 0.325328 0.107381 -1
1 -9.207740 69.465477 -57.283657 0.325327 0.827235 -1
1 -10.631831 64.150597 -57.283676 0.337985 0.827235 -1
1 -10.631844 64.150780 -89.716057 0.337985 0.107380 -1
1 -9.207772 58.836082 -89.716003 0.325328 0.107381 -1
1 -9.207739 58.835857 -57.283688 0.325327 0.827235 -1
1 -5.317149 54.945427 -57.283669 0.290749 0.827235 -1
1 -5.317163 54.945408 -89.716034 0.290749 0.107381 -1
85
0.000004 -0.995482 -0.094953
-0.000001 -0.975533 -0.219854
-0.000076 -0.979095 -0.203403
0.000002 0.995482 -0.094954
-0.000084 0.979095 -0.203404
0.000001 0.975533 -0.219855
0.443320 -0.886397 -0.133297
0.443315 0.886399 -0.133297
0.499615 -0.865609 -0.033261
0.499614 0.865610 -0.033257
-0.499614 -0.865609 -0.033261
-0.443313 -0.886400 -0.133298
-0.443315 0.886399 -0.133297
-0.499614 0.865610 -0.033259
0.000085 -0.979095 -0.203403
0.000086 0.979095 -0.203403
0.000005 -0.946552 -0.322552
0.557158 -0.759622 -0.335484
0.879536 -0.448631 -0.158578
0.874547 -0.475271 -0.096364
-0.874549 -0.475267 -0.096362
-0.879538 -0.448627 -0.158577
-0.557155 -0.759625 -0.335484
0.000007 -0.000000 -1.000000
0.946573 -0.000001 -0.322490
0.982693 -0.000001 -0.185241
0.991251 -0.000002 -0.131989
-0.991251 -0.000002 -0.131987
-0.982694 0.000000 -0.185239
-0.946574 0.000000 -0.322488
0.000003 0.946552 -0.322551
0.557155 0.759624 -0.335485
0.879535 0.448632 -0.158579
0.874546 0.475272 -0.096363
-0.874548 0.475268 -0.096362
-0.879537 0.448628 -0.158577
-0.557153 0.759626 -0.335483
-0.000000 -1.000000 -0.000007
-0.000001 -1.000000 -0.000003
0.499987 -0.866033 -0.000003
0.499986 -0.866034 0.000000
0.866023 -0.500005 -0.000003
0.866019 -0.500011 -0.000005
1.000000 -0.000005 -0.000001
1.000000 -0.000005 -0.000000
0.866019 0.500011 0.000000
0.866022 0.500005 0.000001
0.499995 0.866028 0.000001
0.499999 0.866026 -0.000001
-0.000000 1.000000 0.000002
0.000000 1.000000 0.000005
-0.499998 0.866026 0.000002
-0.500001 0.866025 -0.000000
-0.866020 0.500009 0.000002
-0.866023 0.500004 0.000003
-1.000000 -0.000004 0.000001
-1.000000 -0.000005 0.000000
-0.866024 -0.500003 -0.000001
-0.866020 -0.500010 -0.000003
-0.499990 -0.866031 -0.000002
-0.499987 -0.866033 0.000001
-0.000000 -1.000000 -0.000007
-0.000001 -1.000000 -0.000003
0.499987 -0.866033 -0.000003
0.499986 -0.866034 0.000000
0.866023 -0.500005 -0.000003
0.866019 -0.500011 -0.000005
1.000000 -0.000005 -0.000001
1.000000 -0.000005 -0.000000
0.866019 0.500011 0.000000
0.866022 0.500005 0.000001
0.499995 0.866028 0.000001
0.499999 0.866026 -0.000001
-0.000000 1.000000 0.000002
0.000000 1.000000 0.000005
-0.499998 0.866026 0.000002
-0.500001 0.866025 -0.000001
-0.866020 0.500009 0.000002
-0.866023 0.500004 0.000003
-1.000000 -0.000004 0.000001
-1.000000 -0.000005 0.000000
-0.866024 -0.500003 -0.000001
-0.866020 -0.500010 -0.000003
-0.499990 -0.866031 -0.000002
-0.499987 -0.866033 0.000001
108
1 0 1 2 0 1 2 1
1 3 4 5 3 4 5 1
1 0 2 6 0 2 6 1
1 3 7 4 3 7 4 1
1 0 6 8 0 6 8 1
1 3 9 7 3 9 7 1
1 0 10 11 0 10 11 1
1 3 12 13 3 12 13 1
1 0 11 14 0 11 14 1
1 3 15 12 3 15 12 1
1 0 14 1 0 14 1 1
1 3 5 15 3 5 15 1
1 1 16 17 1 16 17 1
1 1 17 2 1 17 2 1
1 2 17 6 2 17 6 1
1 17 18 6 17 18 6 1
1 6 18 19 6 18 19 1
1 6 19 8 6 19 8 1
1 10 20 11 10 20 11 1
1 20 21 11 20 21 11 1
1 11 21 22 11 21 22 1
1 11 22 14 11 22 14 1
1 14 22 1 14 22 1 1
1 22 16 1 22 16 1 1
1 16 23 17 16 23 17 1
1 23 24 17 23 24 17 1
1 17 24 25 17 24 25 1
1 17 25 18 17 25 18 1
1 18 25 19 18 25 19 1
1 25 26 19 25 26 19 1
1 20 27 28 20 27 28 1
1 20 28 21 20 28 21 1
1 21 28 22 21 28 22 1
1 28 29 22 28 29 22 1
1 22 29 23 22 29 23 1
1 22 23 16 22 23 16 1
1 23 30 31 23 30 31 1
1 23 31 24 23 31 24 1
1 24 31 25 24 31 25 1
1 31 32 25 31 32 25 1
1 25 32 33 25 32 33 1
1 25 33 26 25 33 26 1
1 27 34 28 27 34 28 1
1 34 35 28 34 35 28 1
1 28 35 36 28 35 36 1
1 28 36 29 28 36 29 1
1 29 36 23 29 36 23 1
1 36 30 23 36 30 23 1
1 30 5 31 30 5 31 1
1 5 4 31 5 4 31 1
1 31 4 7 31 4 7 1
1 31 7 32 31 7 32 1
1 32 7 33 32 7 33 1
1 7 9 33 7 9 33 1
1 34 13 12 34 13 12 1
1 34 12 35 34 12 35 1
1 35 12 36 35 12 36 1
1 12 15 36 12 15 36 1
1 36 15 5 36 15 5 1
1 36 5 30 36 5 30 1
1 37 38 39 37 38 39 1
1 38 40 39 38 40 39 1
1 39 40 41 39 40 41 1
1 39 41 42 39 41 42 1
1 42 41 43 42 41 43 1
1 41 44 43 41 44 43 1
1 43 44 45 43 44 45 1
1 43 45 46 43 45 46 1
1 46 45 47 46 45 47 1
1 45 48 47 45 48 47 1
1 47 48 49 47 48 49 1
1 47 49 50 47 49 50 1
1 50 49 51 50 49 51 1
1 49 52 51 49 52 51 1
1 51 52 53 51 52 53 1
1 51 53 54 51 53 54 1
1 54 53 55 54 53 55 1
1 53 56 55 53 56 55 1
1 55 56 57 55 56 57 1
1 55 57 58 55 57 58 1
1 58 57 59 58 57 59 1
1 57 60 59 57 60 59 1
1 59 60 38 59 60 38 1
1 59 38 37 59 38 37 1
1 61 62 63 61 62 63 1
1 62 64 63 62 64 63 1
1 63 64 65 63 64 65 1
1 63 65 66 63 65 66 1
1 66 65 67 66 65 67 1
1 65 68 67 65 68 67 1
1 67 68 69 67 68 69 1
1 67 69 70 67 69 70 1
1 70 69 71 70 69 71 1
1 69 72 71 69 72 71 1
1 71 72 73 71 72 73 1
1 71 73 74 71 73 74 1
1 74 73 75 74 73 75 1
1 73 76 75 73 76 75 1
1 75 76 77 75 76 77 1
1 75 77 78 75 77 78 1
1 78 77 79 78 77 79 1
1 77 80 79 77 80 79 1
1 79 80 81 79 80 81 1
1 79 81 82 79 81 82 1
1 82 81 83 82 81 83 1
1 81 84 83 81 84 83 1
1 83 84 62 83 84 62 1
1 83 62 61 83 62 61 1
"Regroup00" 0 0
80
1 3.472103 66.640701 -11.392076 0.000000 0.000000 -1
1 3.472109 66.640701 11.691689 0.000000 1.000000 -1
1 2.524642 67.588158 -11.392075 1.000000 0.000000 -1
1 2.524647 67.588165 11.691689 1.000000 1.000000 -1
1 2.524642 67.588158 -11.392075 0.000000 0.000000 -1
1 2.524647 67.588165 11.691689 0.000000 1.000000 -1
1 19.868959 84.932472 11.963259 1.000000 0.000000 -1
1 19.868959 84.932472 14.135843 1.000000 1.000000 -1
1 19.868959 84.932472 11.963259 0.000000 0.000000 -1
1 19.868959 84.932472 14.135843 0.000000 1.000000 -1
1 20.816422 83.985008 11.963260 1.000000 0.000000 -1
1 20.816422 83.985008 14.135844 1.000000 1.000000 -1
1 20.816422 83.985008 11.963260 0.000000 0.000000 -1
1 20.816422 83.985008 14.135844 0.000000 1.000000 -1
1 3.472103 66.640701 -11.392076 1.000000 0.000000 -1
1 3.472109 66.640701 11.691689 1.000000 1.000000 -1
1 3.472103 66.640701 -11.392076 0.000000 1.000000 -1
1 2.524642 67.588158 -11.392075 1.000000 1.000000 -1
1 3.472109 66.640701 11.691689 0.000000 0.000000 -1
1 2.524647 67.588165 11.691689 1.000000 0.000000 -1
1 -3.442003 61.621517 -11.392075 1.000000 0.000000 -1
1 -2.494536 60.674057 11.691689 0.000000 1.000000 -1
1 -2.494542 60.674053 -11.392075 0.000000 0.000000 -1
1 -3.441998 61.621517 11.691690 1.000000 1.000000 -1
1 -20.786310 44.277206 11.963271 1.000000 0.000000 -1
1 -3.441998 61.621517 11.691690 0.000000 1.000000 -1
1 -3.442003 61.621517 -11.392075 0.000000 0.000000 -1
1 -20.786312 44.277206 14.135855 1.000000 1.000000 -1
1 -19.838848 43.329742 11.963272 1.000000 0.000000 -1
1 -20.786312 44.277206 14.135855 0.000000 1.000000 -1
1 -20.786310 44.277206 11.963271 0.000000 0.000000 -1
1 -19.838850 43.329742 14.135855 1.000000 1.000000 -1
1 -2.494542 60.674053 -11.392075 1.000000 0.000000 -1
1 -19.838850 43.329742 14.135855 0.000000 1.000000 -1
1 -19.838848 43.329742 11.963272 0.000000 0.000000 -1
1 -2.494536 60.674057 11.691689 1.000000 1.000000 -1
1 -2.494542 60.674053 -11.392075 0.000000 1.000000 -1
1 -3.442003 61.621517 -11.392075 1.000000 1.000000 -1
1 -3.441998 61.621517 11.691690 1.000000 0.000000 -1
1 -2.494536 60.674057 11.691689 0.000000 0.000000 -1
1 2.524642 60.674053 -11.392075 0.000000 0.000000 -1
1 2.524647 60.674057 11.691689 0.000000 1.000000 -1
1 3.472103 61.621517 -11.392076 1.000000 0.000000 -1
1 3.472109 61.621517 11.691689 1.000000 1.000000 -1
1 3.472103 61.621517 -11.392076 0.000000 0.000000 -1
1 3.472109 61.621517 11.691689 0.000000 1.000000 -1
1 20.816418 44.277203 11.963262 1.000000 0.000000 -1
1 20.816420 44.277203 14.135846 1.000000 1.000000 -1
1 20.816418 44.277203 11.963262 0.000000 0.000000 -1
1 20.816420 44.277203 14.135846 0.000000 1.000000 -1
1 19.868959 43.329742 11.963260 1.000000 0.000000 -1
1 19.868959 43.329742 14.135845 1.000000 1.000000 -1
1 19.868959 43.329742 11.963260 0.000000 0.000000 -1
1 19.868959 43.329742 14.135845 0.000000 1.000000 -1
1 2.524642 60.674053 -11.392075 1.000000 0.000000 -1
1 2.524647 60.674057 11.691689 1.000000 1.000000 -1
1 2.524642 60.674053 -11.392075 0.000000 1.000000 -1
1 3.472103 61.621517 -11.392076 1.000000 1.000000 -1
1 2.524647 60.674057 11.691689 0.000000 0.000000 -1
1 3.472109 61.621517 11.691689 1.000000 0.000000 -1
1 -2.494542 67.588158 -11.392075 1.000000 0.000000 -1
1 -3.441998 66.640701 11.691690 0.000000 1.000000 -1
1 -3.442003 66.640701 -11.392075 0.000000 0.000000 -1
1 -2.494536 67.588165 11.691689 1.000000 1.000000 -1
1 -19.838848 84.932472 11.963270 1.000000 0.000000 -1
1 -2.494536 67.588165 11.691689 0.000000 1.000000 -1
1 -2.494542 67.588158 -11.392075 0.000000 0.000000 -1
1 -19.838850 84.932472 14.135854 1.000000 1.000000 -1
1 -20.786308 83.985016 11.963270 1.000000 0.000000 -1
1 -19.838850 84.932472 14.135854 0.000000 1.000000 -1
1 -19.838848 84.932472 11.963270 0.000000 0.000000 -1
1 -20.786310 83.985016 14.135854 1.000000 1.000000 -1
1 -3.442003 66.640701 -11.392075 1.000000 0.000000 -1
1 -20.786310 83.985016 14.135854 0.000000 1.000000 -1
1 -20.786308 83.985016 11.963270 0.000000 0.000000 -1
1 -3.441998 66.640701 11.691690 1.000000 1.000000 -1
1 -3.442003 66.640701 -11.392075 0.000000 1.000000 -1
1 -2.494542 67.588158 -11.392075 1.000000 1.000000 -1
1 -2.494536 67.588165 11.691689 1.000000 0.000000 -1
1 -3.441998 66.640701 11.691690 0.000000 0.000000 -1
68
-0.707105 -0.707108 0.000000
-0.707106 -0.707107 0.000000
-0.707107 -0.707106 0.000000
-0.707107 0.707107 -0.000000
-0.707107 0.707107 -0.000000
-0.707107 0.707107 0.000000
0.707108 0.707106 0.000000
0.707107 -0.707107 0.000000
0.707107 -0.707107 -0.000000
0.707107 -0.707107 -0.000000
0.487603 0.487602 -0.724215
0.487602 0.487604 -0.724215
0.487601 0.487605 -0.724215
-0.070113 -0.070113 0.995072
-0.070113 -0.070112 0.995072
-0.070113 -0.070112 0.995072
0.707107 0.707107 -0.000000
0.707108 0.707106 -0.000000
0.707106 0.707107 -0.000000
-0.707107 0.707107 -0.000000
-0.707107 0.707107 0.000000
-0.707107 0.707107 -0.000001
-0.707107 -0.707106 -0.000001
-0.707108 -0.707106 -0.000001
-0.707107 -0.707106 -0.000001
0.707107 -0.707106 0.000000
0.707107 -0.707106 0.000001
0.707107 -0.707107 -0.000000
-0.487604 -0.487602 -0.724214
-0.487604 -0.487602 -0.724214
-0.487604 -0.487602 -0.724214
0.070113 0.070112 0.995072
0.070114 0.070112 0.995072
0.070113 0.070113 0.995072
-0.707108 0.707106 0.000000
-0.707107 0.707107 0.000000
-0.707106 0.707107 0.000000
0.707107 0.707107 -0.000000
0.707107 0.707107 -0.000000
0.707107 0.707107 -0.000001
0.707107 -0.707106 -0.000001
0.707107 -0.707106 -0.000000
0.707107 -0.707107 0.000000
-0.707107 -0.707107 0.000000
-0.707107 -0.707107 0.000000
-0.707107 -0.707107 0.000000
0.487604 -0.487602 -0.724215
0.487603 -0.487602 -0.724215
0.487603 -0.487603 -0.724215
-0.070113 0.070113 0.995072
-0.070113 0.070112 0.995072
-0.070113 0.070112 0.995072
0.707106 -0.707107 -0.000000
0.707105 -0.707108 -0.000000
0.707107 -0.707106 0.000000
0.707107 0.707107 0.000000
0.707107 0.707107 -0.000000
0.707107 0.707107 0.000001
-0.707105 0.707108 -0.000001
-0.707107 -0.707106 -0.000000
-0.707107 -0.707106 -0.000001
-0.707107 -0.707107 0.000000
-0.487602 0.487604 -0.724214
-0.487602 0.487604 -0.724214
-0.487602 0.487604 -0.724214
0.070113 -0.070112 0.995072
0.070114 -0.070112 0.995072
0.070113 -0.070113 0.995072
48
1 0 1 2 0 1 1 1
1 1 3 2 1 2 1 1
1 4 5 6 3 4 4 2
1 5 7 6 4 5 4 2
1 8 9 10 6 6 6 1
1 9 11 10 6 6 6 1
1 12 13 14 7 8 8 2
1 13 15 14 8 9 8 2
1 12 16 6 10 11 11 3
1 16 17 6 11 12 11 3
1 18 13 19 13 14 14 3
1 13 7 19 14 15 14 3
1 20 21 22 16 16 17 1
1 20 23 21 16 18 16 1
1 24 25 26 19 19 20 2
1 24 27 25 19 21 19 2
1 28 29 30 22 22 23 1
1 28 31 29 22 24 22 1
1 32 33 34 25 25 26 2
1 32 35 33 25 27 25 2
1 24 36 34 28 28 29 3
1 24 37 36 28 30 28 3
1 38 33 39 31 31 32 3
1 38 27 33 31 33 31 3
1 40 41 42 34 35 35 1
1 41 43 42 35 36 35 1
1 44 45 46 37 38 38 2
1 45 47 46 38 39 38 2
1 48 49 50 40 41 41 1
1 49 51 50 41 42 41 1
1 52 53 54 43 44 44 2
1 53 55 54 44 45 44 2
1 52 56 46 46 47 47 3
1 56 57 46 47 48 47 3
1 58 53 59 49 50 50 3
1 53 47 59 50 51 50 3
1 60 61 62 52 52 53 1
1 60 63 61 52 54 52 1
1 64 65 66 55 55 56 2
1 64 67 65 55 57 55 2
1 68 69 70 58 58 58 1
1 68 71 69 58 58 58 1
1 72 73 74 59 59 60 2
1 72 75 73 59 61 59 2
1 64 76 74 62 62 63 3
1 64 77 76 62 64 62 3
1 78 73 79 65 65 66 3
1 78 67 73 65 67 65 3
"Duplicate01" 0 0
80
1 2.787273 66.143555 32.437744 0.000000 0.000000 -1
1 2.787282 66.143555 78.829895 0.000000 1.000000 -1
1 2.027503 66.903320 32.437748 1.000000 0.000000 -1
1 2.027514 66.903320 78.829895 1.000000 1.000000 -1
1 2.027503 66.903320 32.437748 0.000000 0.000000 -1
1 2.027514 66.903320 78.829895 0.000000 1.000000 -1
1 15.935909 80.811722 41.090355 1.000000 0.000000 -1
1 15.935918 80.811722 73.056725 1.000000 1.000000 -1
1 15.935909 80.811722 41.090355 0.000000 0.000000 -1
1 15.935918 80.811722 73.056725 0.000000 1.000000 -1
1 16.695679 80.051956 41.090355 1.000000 0.000000 -1
1 16.695686 80.051956 73.056725 1.000000 1.000000 -1
1 16.695679 80.051956 41.090355 0.000000 0.000000 -1
1 16.695686 80.051956 73.056725 0.000000 1.000000 -1
1 2.787273 66.143555 32.437744 1.000000 0.000000 -1
1 2.787282 66.143555 78.829895 1.000000 1.000000 -1
1 2.787273 66.143555 32.437744 0.000000 1.000000 -1
1 2.027503 66.903320 32.437748 1.000000 1.000000 -1
1 2.787282 66.143555 78.829895 0.000000 0.000000 -1
1 2.027514 66.903320 78.829895 1.000000 0.000000 -1
1 -2.757151 62.118668 32.437744 1.000000 0.000000 -1
1 -1.997371 61.358902 78.829895 0.000000 1.000000 -1
1 -1.997383 61.358898 32.437744 0.000000 0.000000 -1
1 -2.757138 62.118668 78.829887 1.000000 1.000000 -1
1 -16.665552 48.210266 41.090355 1.000000 0.000000 -1
1 -2.757138 62.118668 78.829887 0.000000 1.000000 -1
1 -2.757151 62.118668 32.437744 0.000000 0.000000 -1
1 -16.665546 48.210266 73.056740 1.000000 1.000000 -1
1 -15.905784 47.450493 41.090355 1.000000 0.000000 -1
1 -16.665546 48.210266 73.056740 0.000000 1.000000 -1
1 -16.665552 48.210266 41.090355 0.000000 0.000000 -1
1 -15.905777 47.450497 73.056732 1.000000 1.000000 -1
1 -1.997383 61.358898 32.437744 1.000000 0.000000 -1
1 -15.905777 47.450497 73.056732 0.000000 1.000000 -1
1 -15.905784 47.450493 41.090355 0.000000 0.000000 -1
1 -1.997371 61.358902 78.829895 1.000000 1.000000 -1
1 -1.997383 61.358898 32.437744 0.000000 1.000000 -1
1 -2.757151 62.118668 32.437744 1.000000 1.000000 -1
1 -2.757138 62.118668 78.829887 1.000000 0.000000 -1
1 -1.997371 61.358902 78.829895 0.000000 0.000000 -1
1 2.027503 61.358898 32.437748 0.000000 0.000000 -1
1 2.027514 61.358902 78.829895 0.000000 1.000000 -1
1 2.787273 62.118668 32.437744 1.000000 0.000000 -1
1 2.787282 62.118668 78.829895 1.000000 1.000000 -1
1 2.787273 62.118668 32.437744 0.000000 0.000000 -1
1 2.787282 62.118668 78.829895 0.000000 1.000000 -1
1 16.695677 48.210266 41.090355 1.000000 0.000000 -1
1 16.695684 48.210266 73.056725 1.000000 1.000000 -1
1 16.695677 48.210266 41.090355 0.000000 0.000000 -1
1 16.695684 48.210266 73.056725 0.000000 1.000000 -1
1 15.935909 47.450493 41.090355 1.000000 0.000000 -1
1 15.935918 47.450497 73.056725 1.000000 1.000000 -1
1 15.935909 47.450493 41.090355 0.000000 0.000000 -1
1 15.935918 47.450497 73.056725 0.000000 1.000000 -1
1 2.027503 61.358898 32.437748 1.000000 0.000000 -1
1 2.027514 61.358902 78.829895 1.000000 1.000000 -1
1 2.027503 61.358898 32.437748 0.000000 1.000000 -1
1 2.787273 62.118668 32.437744 1.000000 1.000000 -1
1 2.027514 61.358902 78.829895 0.000000 0.000000 -1
1 2.787282 62.118668 78.829895 1.000000 0.000000 -1
1 -1.997383 66.903320 32.437744 1.000000 0.000000 -1
1 -2.757138 66.143555 78.829887 0.000000 1.000000 -1
1 -2.757151 66.143555 32.437744 0.000000 0.000000 -1
1 -1.997371 66.903320 78.829895 1.000000 1.000000 -1
1 -15.905784 80.811722 41.090355 1.000000 0.000000 -1
1 -1.997371 66.903320 78.829895 0.000000 1.000000 -1
1 -1.997383 66.903320 32.437744 0.000000 0.000000 -1
1 -15.905777 80.811722 73.056732 1.000000 1.000000 -1
1 -16.665550 80.051956 41.090355 1.000000 0.000000 -1
1 -15.905777 80.811722 73.056732 0.000000 1.000000 -1
1 -15.905784 80.811722 41.090355 0.000000 0.000000 -1
1 -16.665545 80.051956 73.056740 1.000000 1.000000 -1
1 -2.757151 66.143555 32.437744 1.000000 0.000000 -1
1 -16.665545 80.051956 73.056740 0.000000 1.000000 -1
1 -16.665550 80.051956 41.090355 0.000000 0.000000 -1
1 -2.757138 66.143555 78.829887 1.000000 1.000000 -1
1 -2.757151 66.143555 32.437744 0.000000 1.000000 -1
1 -1.997383 66.903320 32.437744 1.000000 1.000000 -1
1 -1.997371 66.903320 78.829895 1.000000 0.000000 -1
1 -2.757138 66.143555 78.829887 0.000000 0.000000 -1
72
-0.707105 -0.707109 0.000000
-0.707105 -0.707109 0.000000
-0.707105 -0.707108 0.000000
-0.707107 0.707107 0.000000
-0.707107 0.707107 0.000000
-0.707107 0.707107 0.000000
0.707105 0.707109 -0.000000
0.707105 0.707108 -0.000000
0.707105 0.707108 -0.000000
0.707107 -0.707107 -0.000000
0.707107 -0.707107 -0.000000
0.707107 -0.707107 -0.000000
0.284725 0.284726 -0.915348
0.284724 0.284727 -0.915348
0.284722 0.284728 -0.915349
0.199141 0.199142 0.959523
0.199141 0.199142 0.959523
0.199142 0.199142 0.959523
0.707106 0.707107 -0.000000
0.707107 0.707107 -0.000000
0.707106 0.707108 -0.000000
-0.707107 0.707107 0.000000
-0.707107 0.707107 0.000000
-0.707107 0.707107 0.000000
-0.707108 -0.707106 0.000000
-0.707109 -0.707105 0.000000
-0.707107 -0.707107 0.000000
0.707107 -0.707107 -0.000000
0.707107 -0.707107 -0.000000
0.707107 -0.707107 -0.000000
-0.284726 -0.284725 -0.915348
-0.284726 -0.284725 -0.915348
-0.284726 -0.284725 -0.915348
-0.199141 -0.199142 0.959524
-0.199146 -0.199137 0.959523
-0.199136 -0.199146 0.959524
-0.707107 0.707107 0.000000
-0.707106 0.707108 0.000000
-0.707105 0.707108 0.000000
0.707107 0.707107 -0.000000
0.707107 0.707107 -0.000000
0.707107 0.707107 -0.000000
0.707109 -0.707104 -0.000000
0.707109 -0.707105 -0.000000
0.707108 -0.707105 -0.000000
-0.707107 -0.707107 0.000000
-0.707107 -0.707107 0.000000
-0.707107 -0.707107 0.000000
0.284726 -0.284724 -0.915349
0.284725 -0.284726 -0.915348
0.284723 -0.284728 -0.915348
0.199142 -0.199142 0.959523
0.199142 -0.199142 0.959523
0.199142 -0.199142 0.959523
0.707106 -0.707108 -0.000000
0.707105 -0.707108 -0.000000
0.707106 -0.707108 -0.000000
0.707107 0.707107 -0.000000
0.707107 0.707107 -0.000000
0.707107 0.707107 -0.000000
-0.707106 0.707107 0.000000
-0.707106 0.707107 0.000000
-0.707106 0.707108 0.000000
-0.707107 -0.707107 0.000000
-0.707107 -0.707107 0.000000
-0.707107 -0.707107 0.000000
-0.284725 0.284726 -0.915348
-0.284725 0.284726 -0.915348
-0.284725 0.284726 -0.915348
-0.199141 0.199142 0.959524
-0.199146 0.199137 0.959524
-0.199137 0.199147 0.959523
48
1 0 1 2 0 1 1 1
1 1 3 2 1 2 1 1
1 4 5 6 3 4 4 2
1 5 7 6 4 5 4 2
1 8 9 10 6 7 7 1
1 9 11 10 7 8 7 1
1 12 13 14 9 10 10 2
1 13 15 14 10 11 10 2
1 12 16 6 12 13 13 3
1 16 17 6 13 14 13 3
1 18 13 19 15 16 16 3
1 13 7 19 16 17 16 3
1 20 21 22 18 18 19 1
1 20 23 21 18 20 18 1
1 24 25 26 21 21 22 2
1 24 27 25 21 23 21 2
1 28 29 30 24 24 25 1
1 28 31 29 24 26 24 1
1 32 33 34 27 27 28 2
1 32 35 33 27 29 27 2
1 24 36 34 30 30 31 3
1 24 37 36 30 32 30 3
1 38 33 39 33 33 34 3
1 38 27 33 33 35 33 3
1 40 41 42 36 37 37 1
1 41 43 42 37 38 37 1
1 44 45 46 39 40 40 2
1 45 47 46 40 41 40 2
1 48 49 50 42 43 43 1
1 49 51 50 43 44 43 1
1 52 53 54 45 46 46 2
1 53 55 54 46 47 46 2
1 52 56 46 48 49 49 3
1 56 57 46 49 50 49 3
1 58 53 59 51 52 52 3
1 53 47 59 52 53 52 3
1 60 61 62 54 54 55 1
1 60 63 61 54 56 54 1
1 64 65 66 57 57 58 2
1 64 67 65 57 59 57 2
1 68 69 70 60 60 61 1
1 68 71 69 60 62 60 1
1 72 73 74 63 63 64 2
1 72 75 73 63 65 63 2
1 64 76 74 66 66 67 3
1 64 77 76 66 68 66 3
1 78 73 79 69 69 70 3
1 78 67 73 69 71 69 3

Materials: 2
"Material01"
1.000000 0.501961 0.000000 1.000000
0.000000 0.000000 0.000000 1.000000
0.000000 0.000000 0.000000 1.000000
0.752941 0.752941 0.752941 1.000000
0.000000
1.000000
"sphere_cball.bmp"
""
"Material01"
0.200000 0.200000 0.200000 1.000000
1.000000 1.000000 1.000000 1.000000
0.000000 0.000000 0.000000 1.000000
1.000000 1.000000 1.000000 1.000000
0.000000
1.000000
"sphere_chrome.bmp"
""

Bones: 0
GroupComments: 0
MaterialComments: 0
BoneComments: 0
ModelComment: 0
