// MilkShape 3D ASCII

Frames: 30
Frame: 1

Meshes: 4
"Regroup00" 0 1
36
1 0.017462 58.501839 -82.953873 0.243513 0.865866 -1
1 0.017456 54.487648 -75.223213 0.243512 0.827234 -1
1 -4.814089 55.782272 -75.223289 0.196276 0.827235 -1
1 -2.806958 59.258724 -82.953842 0.215899 0.865866 -1
1 0.017506 54.487846 97.828232 0.243513 0.107382 -1
1 -4.814038 55.782242 97.828484 0.196276 0.107381 -1
1 -4.874700 61.326313 -82.953796 0.195684 0.865866 -1
1 -8.351031 59.319012 -75.223267 0.161697 0.827235 -1
1 -8.350975 59.319233 97.828384 0.161697 0.107381 -1
1 -9.645639 64.150627 -75.223236 0.149040 0.827235 -1
1 -5.631481 64.150810 -82.953972 0.188285 0.865866 -1
1 -9.645610 64.150787 97.828682 0.149040 0.107379 -1
1 -4.874700 66.975174 -82.953796 0.195684 0.865866 -1
1 -8.351056 68.982330 -75.223366 0.161697 0.827235 -1
1 -8.350999 68.982437 97.828323 0.161697 0.107381 -1
1 -4.814081 72.519127 -75.223381 0.196276 0.827235 -1
1 -2.806970 69.042816 -82.953873 0.215899 0.865866 -1
1 -4.814038 72.519089 97.828484 0.196276 0.107381 -1
1 0.017462 69.799591 -82.953857 0.243513 0.865866 -1
1 0.017456 73.813759 -75.223259 0.243512 0.827235 -1
1 0.017510 73.813911 97.828354 0.243513 0.107381 -1
1 4.849021 72.519119 -75.223373 0.290749 0.827235 -1
1 2.841891 69.042816 -82.953934 0.271126 0.865866 -1
1 4.849051 72.519089 97.828506 0.290749 0.107380 -1
1 4.909537 66.975151 -82.953751 0.291340 0.865866 -1
1 8.385916 68.982323 -75.223320 0.325327 0.827235 -1
1 8.385983 68.982437 97.828346 0.325328 0.107381 -1
1 9.680545 64.150620 -75.223282 0.337985 0.827235 -1
1 5.666375 64.150803 -82.953926 0.298740 0.865866 -1
1 9.680580 64.150780 97.828629 0.337985 0.107380 -1
1 4.909536 61.326298 -82.953773 0.291340 0.865866 -1
1 8.385916 59.319035 -75.223228 0.325327 0.827235 -1
1 8.385969 59.319233 97.828377 0.325328 0.107381 -1
1 4.849016 55.782280 -75.223289 0.290749 0.827235 -1
1 2.841891 59.258724 -82.953880 0.271126 0.865866 -1
1 4.849051 55.782257 97.828476 0.290749 0.107381 -1
36
-0.000001 -0.887483 -0.460841
0.000000 -0.971257 -0.238034
-0.485618 -0.841137 -0.238039
-0.443742 -0.768580 -0.460844
0.000001 -1.000000 0.000001
-0.499986 -0.866034 -0.000000
-0.768576 -0.443753 -0.460841
-0.841127 -0.485637 -0.238040
-0.866023 -0.500005 0.000001
-0.971257 -0.000003 -0.238033
-0.887490 0.000006 -0.460826
-1.000000 -0.000005 0.000000
-0.768582 0.443749 -0.460835
-0.841131 0.485630 -0.238040
-0.866019 0.500011 0.000000
-0.485620 0.841137 -0.238035
-0.443735 0.768590 -0.460835
-0.499999 0.866026 0.000000
-0.000002 0.887488 -0.460831
0.000000 0.971256 -0.238035
0.000000 1.000000 -0.000000
0.485627 0.841134 -0.238035
0.443749 0.768584 -0.460832
0.500001 0.866025 0.000000
0.768584 0.443745 -0.460834
0.841130 0.485630 -0.238042
0.866020 0.500009 -0.000000
0.971256 -0.000001 -0.238036
0.887488 0.000008 -0.460832
1.000000 -0.000004 -0.000000
0.768577 -0.443751 -0.460840
0.841126 -0.485637 -0.238041
0.866024 -0.500003 0.000000
0.485623 -0.841135 -0.238039
0.443752 -0.768576 -0.460842
0.499987 -0.866033 -0.000000
48
1 0 1 2 0 1 2 1
1 0 2 3 0 2 3 1
1 1 4 2 1 4 2 1
1 4 5 2 4 5 2 1
1 3 2 6 3 2 6 1
1 2 7 6 2 7 6 1
1 2 5 8 2 5 8 1
1 2 8 7 2 8 7 1
1 6 7 9 6 7 9 1
1 6 9 10 6 9 10 1
1 7 8 9 7 8 9 1
1 8 11 9 8 11 9 1
1 10 9 12 10 9 12 1
1 9 13 12 9 13 12 1
1 9 11 14 9 11 14 1
1 9 14 13 9 14 13 1
1 12 13 15 12 13 15 1
1 12 15 16 12 15 16 1
1 13 14 15 13 14 15 1
1 14 17 15 14 17 15 1
1 16 15 18 16 15 18 1
1 15 19 18 15 19 18 1
1 15 17 20 15 17 20 1
1 15 20 19 15 20 19 1
1 18 19 21 18 19 21 1
1 18 21 22 18 21 22 1
1 19 20 21 19 20 21 1
1 20 23 21 20 23 21 1
1 22 21 24 22 21 24 1
1 21 25 24 21 25 24 1
1 21 23 26 21 23 26 1
1 21 26 25 21 26 25 1
1 24 25 27 24 25 27 1
1 24 27 28 24 27 28 1
1 25 26 27 25 26 27 1
1 26 29 27 26 29 27 1
1 28 27 30 28 27 30 1
1 27 31 30 27 31 30 1
1 27 29 32 27 29 32 1
1 27 32 31 27 32 31 1
1 30 31 33 30 31 33 1
1 30 33 34 30 33 34 1
1 31 32 33 31 32 33 1
1 32 35 33 32 35 33 1
1 34 33 0 34 33 0 1
1 33 1 0 33 1 0 1
1 33 35 4 33 35 4 1
1 33 4 1 33 4 1 1
"Regroup01" 0 0
85
1 0.017494 54.425377 97.744835 0.243513 0.107799 -1
1 0.017539 55.728348 107.530518 0.243513 0.083498 -1
1 -2.413824 55.728371 107.531029 0.219742 0.086754 -1
1 0.017494 73.876289 97.744926 0.243513 0.107798 -1
1 -2.413824 72.573280 107.531029 0.219742 0.086753 -1
1 0.017539 72.573296 107.530518 0.243513 0.083498 -1
1 -4.193731 55.728401 107.532219 0.202341 0.095648 -1
1 -4.193731 72.573273 107.532219 0.202341 0.095648 -1
1 -4.845226 55.728352 97.744919 0.195972 0.107798 -1
1 -4.845226 72.573273 97.744888 0.195972 0.107798 -1
1 4.880207 55.728325 97.744980 0.291053 0.107798 -1
1 4.228721 55.728371 107.532204 0.284684 0.095648 -1
1 4.228721 72.573280 107.532204 0.284684 0.095648 -1
1 4.880207 72.573311 97.744980 0.291053 0.107798 -1
1 2.448860 55.728386 107.531021 0.267283 0.086754 -1
1 2.448860 72.573280 107.531021 0.267283 0.086754 -1
1 0.017510 59.288105 121.167397 0.243513 0.065709 -1
1 -4.193742 59.288143 120.038948 0.202341 0.071348 -1
1 -7.276601 59.288105 107.531029 0.172201 0.086754 -1
1 -8.404994 59.288143 97.744888 0.161169 0.107798 -1
1 8.439964 59.288128 97.744911 0.325856 0.107798 -1
1 7.311623 59.288113 107.531021 0.314824 0.086754 -1
1 4.228730 59.288136 120.039055 0.284684 0.071348 -1
1 0.017519 64.150826 132.613220 0.243513 0.059198 -1
1 -4.845161 64.150818 121.167381 0.195972 0.065710 -1
1 -8.404996 64.150841 107.530518 0.161169 0.083497 -1
1 -9.707990 64.150810 97.744850 0.148430 0.107798 -1
1 9.742948 64.150810 97.744858 0.338594 0.107798 -1
1 8.439969 64.150856 107.530525 0.325856 0.083497 -1
1 4.880207 64.150818 121.167412 0.291053 0.065709 -1
1 0.017510 69.013557 121.167366 0.243513 0.065710 -1
1 -4.193742 69.013542 120.038948 0.202341 0.071348 -1
1 -7.276601 69.013588 107.531029 0.172201 0.086754 -1
1 -8.404994 69.013557 97.744919 0.161169 0.107798 -1
1 8.439963 69.013557 97.744972 0.325856 0.107798 -1
1 7.311623 69.013535 107.531021 0.314824 0.086754 -1
1 4.228730 69.013550 120.039024 0.284684 0.071348 -1
1 0.017465 53.521336 -20.733055 0.243512 0.827234 -1
1 0.017493 53.521561 11.699190 0.243513 0.107382 -1
1 -5.297233 54.945423 -20.733070 0.196276 0.827235 -1
1 -5.297206 54.945396 11.699249 0.196276 0.107381 -1
1 -9.187837 58.836086 11.699238 0.161697 0.107381 -1
1 -9.187872 58.835838 -20.733072 0.161697 0.827235 -1
1 -10.611940 64.150612 -20.733057 0.149040 0.827235 -1
1 -10.611935 64.150795 11.699283 0.149040 0.107379 -1
1 -9.187863 69.465614 11.699206 0.161697 0.107381 -1
1 -9.187900 69.465492 -20.733101 0.161697 0.827235 -1
1 -5.297226 73.355965 -20.733116 0.196276 0.827235 -1
1 -5.297206 73.355934 11.699249 0.196276 0.107381 -1
1 0.017498 74.780235 11.699220 0.243513 0.107381 -1
1 0.017465 74.780060 -20.733070 0.243512 0.827235 -1
1 5.332188 73.355957 -20.733101 0.290749 0.827235 -1
1 5.332194 73.355934 11.699250 0.290749 0.107380 -1
1 9.222819 69.465614 11.699218 0.325328 0.107381 -1
1 9.222773 69.465485 -20.733088 0.325327 0.827235 -1
1 10.646864 64.150604 -20.733070 0.337985 0.827235 -1
1 10.646873 64.150787 11.699280 0.337985 0.107380 -1
1 9.222801 58.836086 11.699234 0.325328 0.107381 -1
1 9.222773 58.835861 -20.733057 0.325327 0.827235 -1
1 5.332181 54.945431 -20.733070 0.290749 0.827235 -1
1 5.332194 54.945412 11.699250 0.290749 0.107381 -1
1 0.017479 53.521332 57.266953 0.243512 0.827234 -1
1 0.017506 53.521557 89.699234 0.243513 0.107382 -1
1 -5.297219 54.945419 57.266937 0.196276 0.827235 -1
1 -5.297193 54.945393 89.699295 0.196276 0.107381 -1
1 -9.187823 58.836082 89.699265 0.161697 0.107381 -1
1 -9.187860 58.835835 57.266937 0.161697 0.827235 -1
1 -10.611928 64.150612 57.266949 0.149040 0.827235 -1
1 -10.611921 64.150787 89.699326 0.149040 0.107379 -1
1 -9.187849 69.465614 89.699249 0.161697 0.107381 -1
1 -9.187885 69.465485 57.266907 0.161697 0.827235 -1
1 -5.297212 73.355965 57.266891 0.196276 0.827235 -1
1 -5.297193 73.355927 89.699295 0.196276 0.107381 -1
1 0.017511 74.780235 89.699265 0.243513 0.107381 -1
1 0.017479 74.780060 57.266937 0.243512 0.827235 -1
1 5.332202 73.355957 57.266903 0.290749 0.827235 -1
1 5.332207 73.355927 89.699303 0.290749 0.107380 -1
1 9.222834 69.465614 89.699265 0.325328 0.107381 -1
1 9.222786 69.465477 57.266922 0.325327 0.827235 -1
1 10.646877 64.150597 57.266941 0.337985 0.827235 -1
1 10.646888 64.150780 89.699326 0.337985 0.107380 -1
1 9.222816 58.836082 89.699272 0.325328 0.107381 -1
1 9.222785 58.835857 57.266953 0.325327 0.827235 -1
1 5.332196 54.945427 57.266933 0.290749 0.827235 -1
1 5.332207 54.945408 89.699303 0.290749 0.107381 -1
85
-0.000004 -0.995482 0.094953
0.000001 -0.975533 0.219854
0.000076 -0.979095 0.203403
-0.000002 0.995482 0.094954
0.000084 0.979095 0.203404
-0.000001 0.975533 0.219855
-0.443320 -0.886397 0.133297
-0.443315 0.886399 0.133297
-0.499615 -0.865609 0.033261
-0.499614 0.865610 0.033257
0.499614 -0.865609 0.033261
0.443313 -0.886400 0.133298
0.443315 0.886399 0.133297
0.499614 0.865610 0.033259
-0.000085 -0.979095 0.203403
-0.000086 0.979095 0.203403
-0.000005 -0.946552 0.322552
-0.557158 -0.759622 0.335484
-0.879536 -0.448631 0.158578
-0.874547 -0.475271 0.096364
0.874549 -0.475267 0.096362
0.879538 -0.448627 0.158577
0.557155 -0.759625 0.335484
-0.000007 -0.000000 1.000000
-0.946573 -0.000001 0.322490
-0.982693 -0.000001 0.185241
-0.991251 -0.000002 0.131988
0.991251 -0.000002 0.131987
0.982694 0.000000 0.185239
0.946573 0.000000 0.322488
-0.000003 0.946552 0.322552
-0.557155 0.759624 0.335485
-0.879535 0.448632 0.158579
-0.874546 0.475272 0.096363
0.874548 0.475268 0.096362
0.879537 0.448628 0.158577
0.557153 0.759626 0.335484
0.000000 -1.000000 0.000007
0.000001 -1.000000 0.000003
-0.499987 -0.866033 0.000003
-0.499986 -0.866034 -0.000000
-0.866023 -0.500005 0.000003
-0.866019 -0.500011 0.000005
-1.000000 -0.000005 0.000001
-1.000000 -0.000005 0.000000
-0.866019 0.500011 -0.000001
-0.866022 0.500005 -0.000001
-0.499995 0.866028 -0.000001
-0.499999 0.866026 0.000001
0.000000 1.000000 -0.000002
-0.000000 1.000000 -0.000005
0.499998 0.866026 -0.000002
0.500001 0.866025 0.000001
0.866020 0.500009 -0.000002
0.866023 0.500004 -0.000003
1.000000 -0.000004 -0.000001
1.000000 -0.000005 -0.000000
0.866024 -0.500003 0.000001
0.866020 -0.500010 0.000003
0.499990 -0.866031 0.000002
0.499987 -0.866033 -0.000001
0.000000 -1.000000 0.000007
0.000001 -1.000000 0.000003
-0.499987 -0.866033 0.000003
-0.499986 -0.866034 -0.000000
-0.866023 -0.500005 0.000003
-0.866019 -0.500011 0.000005
-1.000000 -0.000005 0.000001
-1.000000 -0.000005 0.000000
-0.866019 0.500011 -0.000001
-0.866022 0.500005 -0.000001
-0.499995 0.866028 -0.000001
-0.499999 0.866026 0.000001
0.000000 1.000000 -0.000002
-0.000000 1.000000 -0.000005
0.499998 0.866026 -0.000002
0.500001 0.866025 0.000001
0.866020 0.500009 -0.000002
0.866023 0.500004 -0.000003
1.000000 -0.000004 -0.000001
1.000000 -0.000005 -0.000000
0.866024 -0.500003 0.000001
0.866020 -0.500010 0.000003
0.499990 -0.866031 0.000002
0.499987 -0.866033 -0.000001
108
1 0 1 2 0 1 2 1
1 3 4 5 3 4 5 1
1 0 2 6 0 2 6 1
1 3 7 4 3 7 4 1
1 0 6 8 0 6 8 1
1 3 9 7 3 9 7 1
1 0 10 11 0 10 11 1
1 3 12 13 3 12 13 1
1 0 11 14 0 11 14 1
1 3 15 12 3 15 12 1
1 0 14 1 0 14 1 1
1 3 5 15 3 5 15 1
1 1 16 17 1 16 17 1
1 1 17 2 1 17 2 1
1 2 17 6 2 17 6 1
1 17 18 6 17 18 6 1
1 6 18 19 6 18 19 1
1 6 19 8 6 19 8 1
1 10 20 11 10 20 11 1
1 20 21 11 20 21 11 1
1 11 21 22 11 21 22 1
1 11 22 14 11 22 14 1
1 14 22 1 14 22 1 1
1 22 16 1 22 16 1 1
1 16 23 17 16 23 17 1
1 23 24 17 23 24 17 1
1 17 24 25 17 24 25 1
1 17 25 18 17 25 18 1
1 18 25 19 18 25 19 1
1 25 26 19 25 26 19 1
1 20 27 28 20 27 28 1
1 20 28 21 20 28 21 1
1 21 28 22 21 28 22 1
1 28 29 22 28 29 22 1
1 22 29 23 22 29 23 1
1 22 23 16 22 23 16 1
1 23 30 31 23 30 31 1
1 23 31 24 23 31 24 1
1 24 31 25 24 31 25 1
1 31 32 25 31 32 25 1
1 25 32 33 25 32 33 1
1 25 33 26 25 33 26 1
1 27 34 28 27 34 28 1
1 34 35 28 34 35 28 1
1 28 35 36 28 35 36 1
1 28 36 29 28 36 29 1
1 29 36 23 29 36 23 1
1 36 30 23 36 30 23 1
1 30 5 31 30 5 31 1
1 5 4 31 5 4 31 1
1 31 4 7 31 4 7 1
1 31 7 32 31 7 32 1
1 32 7 33 32 7 33 1
1 7 9 33 7 9 33 1
1 34 13 12 34 13 12 1
1 34 12 35 34 12 35 1
1 35 12 36 35 12 36 1
1 12 15 36 12 15 36 1
1 36 15 5 36 15 5 1
1 36 5 30 36 5 30 1
1 37 38 39 37 38 39 1
1 38 40 39 38 40 39 1
1 39 40 41 39 40 41 1
1 39 41 42 39 41 42 1
1 42 41 43 42 41 43 1
1 41 44 43 41 44 43 1
1 43 44 45 43 44 45 1
1 43 45 46 43 45 46 1
1 46 45 47 46 45 47 1
1 45 48 47 45 48 47 1
1 47 48 49 47 48 49 1
1 47 49 50 47 49 50 1
1 50 49 51 50 49 51 1
1 49 52 51 49 52 51 1
1 51 52 53 51 52 53 1
1 51 53 54 51 53 54 1
1 54 53 55 54 53 55 1
1 53 56 55 53 56 55 1
1 55 56 57 55 56 57 1
1 55 57 58 55 57 58 1
1 58 57 59 58 57 59 1
1 57 60 59 57 60 59 1
1 59 60 38 59 60 38 1
1 59 38 37 59 38 37 1
1 61 62 63 61 62 63 1
1 62 64 63 62 64 63 1
1 63 64 65 63 64 65 1
1 63 65 66 63 65 66 1
1 66 65 67 66 65 67 1
1 65 68 67 65 68 67 1
1 67 68 69 67 68 69 1
1 67 69 70 67 69 70 1
1 70 69 71 70 69 71 1
1 69 72 71 69 72 71 1
1 71 72 73 71 72 73 1
1 71 73 74 71 73 74 1
1 74 73 75 74 73 75 1
1 73 76 75 73 76 75 1
1 75 76 77 75 76 77 1
1 75 77 78 75 77 78 1
1 78 77 79 78 77 79 1
1 77 80 79 77 80 79 1
1 79 80 81 79 80 81 1
1 79 81 82 79 81 82 1
1 82 81 83 82 81 83 1
1 81 84 83 81 84 83 1
1 83 84 62 83 84 62 1
1 83 62 61 83 62 61 1
"Regroup00" 0 0
80
1 -3.457052 66.640701 11.375339 0.000000 0.000000 -1
1 -3.457056 66.640701 -11.708426 0.000000 1.000000 -1
1 -2.509591 67.588158 11.375337 1.000000 0.000000 -1
1 -2.509594 67.588165 -11.708426 1.000000 1.000000 -1
1 -2.509591 67.588158 11.375337 0.000000 0.000000 -1
1 -2.509594 67.588165 -11.708426 0.000000 1.000000 -1
1 -19.853909 84.932472 -11.979999 1.000000 0.000000 -1
1 -19.853909 84.932472 -14.152583 1.000000 1.000000 -1
1 -19.853909 84.932472 -11.979999 0.000000 0.000000 -1
1 -19.853909 84.932472 -14.152583 0.000000 1.000000 -1
1 -20.801371 83.985008 -11.980000 1.000000 0.000000 -1
1 -20.801371 83.985008 -14.152584 1.000000 1.000000 -1
1 -20.801371 83.985008 -11.980000 0.000000 0.000000 -1
1 -20.801371 83.985008 -14.152584 0.000000 1.000000 -1
1 -3.457052 66.640701 11.375339 1.000000 0.000000 -1
1 -3.457056 66.640701 -11.708426 1.000000 1.000000 -1
1 -3.457052 66.640701 11.375339 0.000000 1.000000 -1
1 -2.509591 67.588158 11.375337 1.000000 1.000000 -1
1 -3.457056 66.640701 -11.708426 0.000000 0.000000 -1
1 -2.509594 67.588165 -11.708426 1.000000 0.000000 -1
1 3.457054 61.621517 11.375337 1.000000 0.000000 -1
1 2.509589 60.674057 -11.708426 0.000000 1.000000 -1
1 2.509593 60.674053 11.375337 0.000000 0.000000 -1
1 3.457051 61.621517 -11.708428 1.000000 1.000000 -1
1 20.801361 44.277206 -11.980007 1.000000 0.000000 -1
1 3.457051 61.621517 -11.708428 0.000000 1.000000 -1
1 3.457054 61.621517 11.375337 0.000000 0.000000 -1
1 20.801363 44.277206 -14.152591 1.000000 1.000000 -1
1 19.853899 43.329742 -11.980008 1.000000 0.000000 -1
1 20.801363 44.277206 -14.152591 0.000000 1.000000 -1
1 20.801361 44.277206 -11.980007 0.000000 0.000000 -1
1 19.853901 43.329742 -14.152591 1.000000 1.000000 -1
1 2.509593 60.674053 11.375337 1.000000 0.000000 -1
1 19.853901 43.329742 -14.152591 0.000000 1.000000 -1
1 19.853899 43.329742 -11.980008 0.000000 0.000000 -1
1 2.509589 60.674057 -11.708426 1.000000 1.000000 -1
1 2.509593 60.674053 11.375337 0.000000 1.000000 -1
1 3.457054 61.621517 11.375337 1.000000 1.000000 -1
1 3.457051 61.621517 -11.708428 1.000000 0.000000 -1
1 2.509589 60.674057 -11.708426 0.000000 0.000000 -1
1 -2.509591 60.674053 11.375337 0.000000 0.000000 -1
1 -2.509594 60.674057 -11.708426 0.000000 1.000000 -1
1 -3.457052 61.621517 11.375339 1.000000 0.000000 -1
1 -3.457056 61.621517 -11.708426 1.000000 1.000000 -1
1 -3.457052 61.621517 11.375339 0.000000 0.000000 -1
1 -3.457056 61.621517 -11.708426 0.000000 1.000000 -1
1 -20.801367 44.277203 -11.980001 1.000000 0.000000 -1
1 -20.801369 44.277203 -14.152586 1.000000 1.000000 -1
1 -20.801367 44.277203 -11.980001 0.000000 0.000000 -1
1 -20.801369 44.277203 -14.152586 0.000000 1.000000 -1
1 -19.853909 43.329742 -11.980000 1.000000 0.000000 -1
1 -19.853909 43.329742 -14.152585 1.000000 1.000000 -1
1 -19.853909 43.329742 -11.980000 0.000000 0.000000 -1
1 -19.853909 43.329742 -14.152585 0.000000 1.000000 -1
1 -2.509591 60.674053 11.375337 1.000000 0.000000 -1
1 -2.509594 60.674057 -11.708426 1.000000 1.000000 -1
1 -2.509591 60.674053 11.375337 0.000000 1.000000 -1
1 -3.457052 61.621517 11.375339 1.000000 1.000000 -1
1 -2.509594 60.674057 -11.708426 0.000000 0.000000 -1
1 -3.457056 61.621517 -11.708426 1.000000 0.000000 -1
1 2.509593 67.588158 11.375337 1.000000 0.000000 -1
1 3.457051 66.640701 -11.708428 0.000000 1.000000 -1
1 3.457054 66.640701 11.375337 0.000000 0.000000 -1
1 2.509589 67.588165 -11.708426 1.000000 1.000000 -1
1 19.853899 84.932472 -11.980006 1.000000 0.000000 -1
1 2.509589 67.588165 -11.708426 0.000000 1.000000 -1
1 2.509593 67.588158 11.375337 0.000000 0.000000 -1
1 19.853901 84.932472 -14.152590 1.000000 1.000000 -1
1 20.801359 83.985016 -11.980006 1.000000 0.000000 -1
1 19.853901 84.932472 -14.152590 0.000000 1.000000 -1
1 19.853899 84.932472 -11.980006 0.000000 0.000000 -1
1 20.801361 83.985016 -14.152590 1.000000 1.000000 -1
1 3.457054 66.640701 11.375337 1.000000 0.000000 -1
1 20.801361 83.985016 -14.152590 0.000000 1.000000 -1
1 20.801359 83.985016 -11.980006 0.000000 0.000000 -1
1 3.457051 66.640701 -11.708428 1.000000 1.000000 -1
1 3.457054 66.640701 11.375337 0.000000 1.000000 -1
1 2.509593 67.588158 11.375337 1.000000 1.000000 -1
1 2.509589 67.588165 -11.708426 1.000000 0.000000 -1
1 3.457051 66.640701 -11.708428 0.000000 0.000000 -1
68
0.707105 -0.707108 -0.000000
0.707106 -0.707107 -0.000000
0.707108 -0.707106 -0.000000
0.707107 0.707107 0.000000
0.707107 0.707107 0.000000
0.707107 0.707107 0.000000
-0.707108 0.707106 0.000000
-0.707107 -0.707107 0.000000
-0.707107 -0.707107 0.000000
-0.707107 -0.707107 0.000000
-0.487604 0.487602 0.724215
-0.487603 0.487603 0.724215
-0.487601 0.487605 0.724215
0.070113 -0.070113 -0.995072
0.070113 -0.070112 -0.995072
0.070113 -0.070112 -0.995072
-0.707107 0.707106 0.000000
-0.707108 0.707106 0.000000
-0.707106 0.707107 0.000000
0.707107 0.707107 0.000000
0.707107 0.707107 -0.000000
0.707107 0.707107 0.000001
0.707107 -0.707106 0.000001
0.707108 -0.707106 0.000001
0.707107 -0.707106 0.000001
-0.707107 -0.707106 -0.000000
-0.707107 -0.707106 -0.000001
-0.707107 -0.707107 0.000000
0.487603 -0.487603 0.724214
0.487603 -0.487603 0.724214
0.487604 -0.487602 0.724214
-0.070113 0.070112 -0.995072
-0.070114 0.070112 -0.995072
-0.070113 0.070113 -0.995072
0.707108 0.707106 -0.000000
0.707107 0.707106 -0.000000
0.707106 0.707107 -0.000000
-0.707107 0.707107 0.000000
-0.707107 0.707107 0.000000
-0.707107 0.707107 0.000001
-0.707107 -0.707106 0.000001
-0.707107 -0.707106 0.000000
-0.707107 -0.707107 0.000000
0.707107 -0.707107 0.000000
0.707107 -0.707107 -0.000000
0.707107 -0.707107 -0.000000
-0.487604 -0.487602 0.724215
-0.487604 -0.487602 0.724215
-0.487603 -0.487603 0.724215
0.070113 0.070113 -0.995072
0.070113 0.070113 -0.995072
0.070113 0.070112 -0.995072
-0.707106 -0.707107 0.000000
-0.707105 -0.707108 0.000000
-0.707108 -0.707106 -0.000000
-0.707107 0.707107 -0.000000
-0.707107 0.707107 0.000000
-0.707107 0.707107 -0.000001
0.707105 0.707108 0.000001
0.707107 -0.707106 0.000000
0.707107 -0.707106 0.000001
0.707107 -0.707107 -0.000000
0.487602 0.487604 0.724214
0.487602 0.487604 0.724214
0.487602 0.487604 0.724214
-0.070113 -0.070112 -0.995072
-0.070114 -0.070112 -0.995072
-0.070113 -0.070113 -0.995072
48
1 0 1 2 0 1 1 1
1 1 3 2 1 2 1 1
1 4 5 6 3 4 4 2
1 5 7 6 4 5 4 2
1 8 9 10 6 6 6 1
1 9 11 10 6 6 6 1
1 12 13 14 7 8 8 2
1 13 15 14 8 9 8 2
1 12 16 6 10 11 11 3
1 16 17 6 11 12 11 3
1 18 13 19 13 14 14 3
1 13 7 19 14 15 14 3
1 20 21 22 16 16 17 1
1 20 23 21 16 18 16 1
1 24 25 26 19 19 20 2
1 24 27 25 19 21 19 2
1 28 29 30 22 22 23 1
1 28 31 29 22 24 22 1
1 32 33 34 25 25 26 2
1 32 35 33 25 27 25 2
1 24 36 34 28 28 29 3
1 24 37 36 28 30 28 3
1 38 33 39 31 31 32 3
1 38 27 33 31 33 31 3
1 40 41 42 34 35 35 1
1 41 43 42 35 36 35 1
1 44 45 46 37 38 38 2
1 45 47 46 38 39 38 2
1 48 49 50 40 41 41 1
1 49 51 50 41 42 41 1
1 52 53 54 43 44 44 2
1 53 55 54 44 45 44 2
1 52 56 46 46 47 47 3
1 56 57 46 47 48 47 3
1 58 53 59 49 50 50 3
1 53 47 59 50 51 50 3
1 60 61 62 52 52 53 1
1 60 63 61 52 54 52 1
1 64 65 66 55 55 56 2
1 64 67 65 55 57 55 2
1 68 69 70 58 58 58 1
1 68 71 69 58 58 58 1
1 72 73 74 59 59 60 2
1 72 75 73 59 61 59 2
1 64 76 74 62 62 63 3
1 64 77 76 62 64 62 3
1 78 73 79 65 65 66 3
1 78 67 73 65 67 65 3
"Duplicate01" 0 0
80
1 -2.772218 66.143555 -32.454479 0.000000 0.000000 -1
1 -2.772224 66.143555 -78.846626 0.000000 1.000000 -1
1 -2.012448 66.903320 -32.454483 1.000000 0.000000 -1
1 -2.012455 66.903320 -78.846626 1.000000 1.000000 -1
1 -2.012448 66.903320 -32.454483 0.000000 0.000000 -1
1 -2.012455 66.903320 -78.846626 0.000000 1.000000 -1
1 -15.920854 80.811722 -41.107090 1.000000 0.000000 -1
1 -15.920860 80.811722 -73.073456 1.000000 1.000000 -1
1 -15.920854 80.811722 -41.107090 0.000000 0.000000 -1
1 -15.920860 80.811722 -73.073456 0.000000 1.000000 -1
1 -16.680624 80.051956 -41.107090 1.000000 0.000000 -1
1 -16.680628 80.051956 -73.073456 1.000000 1.000000 -1
1 -16.680624 80.051956 -41.107090 0.000000 0.000000 -1
1 -16.680628 80.051956 -73.073456 0.000000 1.000000 -1
1 -2.772218 66.143555 -32.454479 1.000000 0.000000 -1
1 -2.772224 66.143555 -78.846626 1.000000 1.000000 -1
1 -2.772218 66.143555 -32.454479 0.000000 1.000000 -1
1 -2.012448 66.903320 -32.454483 1.000000 1.000000 -1
1 -2.772224 66.143555 -78.846626 0.000000 0.000000 -1
1 -2.012455 66.903320 -78.846626 1.000000 0.000000 -1
1 2.772206 62.118668 -32.454479 1.000000 0.000000 -1
1 2.012429 61.358902 -78.846626 0.000000 1.000000 -1
1 2.012437 61.358898 -32.454479 0.000000 0.000000 -1
1 2.772197 62.118668 -78.846619 1.000000 1.000000 -1
1 16.680607 48.210266 -41.107090 1.000000 0.000000 -1
1 2.772197 62.118668 -78.846619 0.000000 1.000000 -1
1 2.772206 62.118668 -32.454479 0.000000 0.000000 -1
1 16.680605 48.210266 -73.073471 1.000000 1.000000 -1
1 15.920839 47.450493 -41.107090 1.000000 0.000000 -1
1 16.680605 48.210266 -73.073471 0.000000 1.000000 -1
1 16.680607 48.210266 -41.107090 0.000000 0.000000 -1
1 15.920835 47.450497 -73.073463 1.000000 1.000000 -1
1 2.012437 61.358898 -32.454479 1.000000 0.000000 -1
1 15.920835 47.450497 -73.073463 0.000000 1.000000 -1
1 15.920839 47.450493 -41.107090 0.000000 0.000000 -1
1 2.012429 61.358902 -78.846626 1.000000 1.000000 -1
1 2.012437 61.358898 -32.454479 0.000000 1.000000 -1
1 2.772206 62.118668 -32.454479 1.000000 1.000000 -1
1 2.772197 62.118668 -78.846619 1.000000 0.000000 -1
1 2.012429 61.358902 -78.846626 0.000000 0.000000 -1
1 -2.012448 61.358898 -32.454483 0.000000 0.000000 -1
1 -2.012455 61.358902 -78.846626 0.000000 1.000000 -1
1 -2.772218 62.118668 -32.454479 1.000000 0.000000 -1
1 -2.772224 62.118668 -78.846626 1.000000 1.000000 -1
1 -2.772218 62.118668 -32.454479 0.000000 0.000000 -1
1 -2.772224 62.118668 -78.846626 0.000000 1.000000 -1
1 -16.680622 48.210266 -41.107090 1.000000 0.000000 -1
1 -16.680626 48.210266 -73.073456 1.000000 1.000000 -1
1 -16.680622 48.210266 -41.107090 0.000000 0.000000 -1
1 -16.680626 48.210266 -73.073456 0.000000 1.000000 -1
1 -15.920854 47.450493 -41.107090 1.000000 0.000000 -1
1 -15.920860 47.450497 -73.073456 1.000000 1.000000 -1
1 -15.920854 47.450493 -41.107090 0.000000 0.000000 -1
1 -15.920860 47.450497 -73.073456 0.000000 1.000000 -1
1 -2.012448 61.358898 -32.454483 1.000000 0.000000 -1
1 -2.012455 61.358902 -78.846626 1.000000 1.000000 -1
1 -2.012448 61.358898 -32.454483 0.000000 1.000000 -1
1 -2.772218 62.118668 -32.454479 1.000000 1.000000 -1
1 -2.012455 61.358902 -78.846626 0.000000 0.000000 -1
1 -2.772224 62.118668 -78.846626 1.000000 0.000000 -1
1 2.012437 66.903320 -32.454479 1.000000 0.000000 -1
1 2.772197 66.143555 -78.846619 0.000000 1.000000 -1
1 2.772206 66.143555 -32.454479 0.000000 0.000000 -1
1 2.012429 66.903320 -78.846626 1.000000 1.000000 -1
1 15.920839 80.811722 -41.107090 1.000000 0.000000 -1
1 2.012429 66.903320 -78.846626 0.000000 1.000000 -1
1 2.012437 66.903320 -32.454479 0.000000 0.000000 -1
1 15.920835 80.811722 -73.073463 1.000000 1.000000 -1
1 16.680605 80.051956 -41.107090 1.000000 0.000000 -1
1 15.920835 80.811722 -73.073463 0.000000 1.000000 -1
1 15.920839 80.811722 -41.107090 0.000000 0.000000 -1
1 16.680603 80.051956 -73.073471 1.000000 1.000000 -1
1 2.772206 66.143555 -32.454479 1.000000 0.000000 -1
1 16.680603 80.051956 -73.073471 0.000000 1.000000 -1
1 16.680605 80.051956 -41.107090 0.000000 0.000000 -1
1 2.772197 66.143555 -78.846619 1.000000 1.000000 -1
1 2.772206 66.143555 -32.454479 0.000000 1.000000 -1
1 2.012437 66.903320 -32.454479 1.000000 1.000000 -1
1 2.012429 66.903320 -78.846626 1.000000 0.000000 -1
1 2.772197 66.143555 -78.846619 0.000000 0.000000 -1
72
0.707105 -0.707108 -0.000000
0.707105 -0.707108 -0.000000
0.707105 -0.707108 -0.000000
0.707107 0.707107 -0.000000
0.707107 0.707107 -0.000000
0.707107 0.707107 -0.000000
-0.707105 0.707109 0.000000
-0.707105 0.707108 0.000000
-0.707106 0.707108 0.000000
-0.707107 -0.707107 0.000000
-0.707107 -0.707107 0.000000
-0.707107 -0.707107 0.000000
-0.284725 0.284726 0.915348
-0.284723 0.284727 0.915348
-0.284722 0.284728 0.915349
-0.199141 0.199142 -0.959523
-0.199142 0.199142 -0.959523
-0.199142 0.199142 -0.959523
-0.707106 0.707107 0.000000
-0.707107 0.707107 0.000000
-0.707105 0.707108 0.000000
0.707107 0.707107 -0.000000
0.707107 0.707107 -0.000000
0.707107 0.707107 -0.000000
0.707108 -0.707106 -0.000000
0.707109 -0.707104 -0.000000
0.707106 -0.707107 -0.000000
-0.707107 -0.707107 0.000000
-0.707107 -0.707107 0.000000
-0.707107 -0.707107 0.000000
0.284726 -0.284725 0.915348
0.284727 -0.284724 0.915348
0.284726 -0.284725 0.915348
0.199141 -0.199142 -0.959524
0.199146 -0.199137 -0.959523
0.199136 -0.199146 -0.959524
0.707107 0.707107 -0.000000
0.707106 0.707108 -0.000000
0.707105 0.707108 -0.000000
-0.707107 0.707107 0.000000
-0.707107 0.707107 0.000000
-0.707107 0.707107 0.000000
-0.707109 -0.707105 0.000000
-0.707109 -0.707105 0.000000
-0.707109 -0.707105 0.000000
0.707107 -0.707107 -0.000000
0.707107 -0.707107 -0.000000
0.707107 -0.707107 -0.000000
-0.284726 -0.284724 0.915349
-0.284725 -0.284726 0.915349
-0.284723 -0.284728 0.915348
-0.199141 -0.199142 -0.959523
-0.199142 -0.199142 -0.959523
-0.199142 -0.199141 -0.959523
-0.707105 -0.707108 0.000000
-0.707105 -0.707108 0.000000
-0.707105 -0.707108 0.000000
-0.707107 0.707107 0.000000
-0.707107 0.707107 0.000000
-0.707107 0.707107 0.000000
0.707106 0.707107 -0.000000
0.707107 0.707107 -0.000000
0.707105 0.707108 -0.000000
0.707107 -0.707107 -0.000000
0.707107 -0.707107 -0.000000
0.707107 -0.707107 -0.000000
0.284725 0.284726 0.915348
0.284726 0.284726 0.915348
0.284725 0.284726 0.915348
0.199141 0.199142 -0.959523
0.199146 0.199137 -0.959524
0.199136 0.199147 -0.959523
48
1 0 1 2 0 1 1 1
1 1 3 2 1 2 1 1
1 4 5 6 3 4 4 2
1 5 7 6 4 5 4 2
1 8 9 10 6 7 7 1
1 9 11 10 7 8 7 1
1 12 13 14 9 10 10 2
1 13 15 14 10 11 10 2
1 12 16 6 12 13 13 3
1 16 17 6 13 14 13 3
1 18 13 19 15 16 16 3
1 13 7 19 16 17 16 3
1 20 21 22 18 18 19 1
1 20 23 21 18 20 18 1
1 24 25 26 21 21 22 2
1 24 27 25 21 23 21 2
1 28 29 30 24 24 25 1
1 28 31 29 24 26 24 1
1 32 33 34 27 27 28 2
1 32 35 33 27 29 27 2
1 24 36 34 30 30 31 3
1 24 37 36 30 32 30 3
1 38 33 39 33 33 34 3
1 38 27 33 33 35 33 3
1 40 41 42 36 37 37 1
1 41 43 42 37 38 37 1
1 44 45 46 39 40 40 2
1 45 47 46 40 41 40 2
1 48 49 50 42 43 43 1
1 49 51 50 43 44 43 1
1 52 53 54 45 46 46 2
1 53 55 54 46 47 46 2
1 52 56 46 48 49 49 3
1 56 57 46 49 50 49 3
1 58 53 59 51 52 52 3
1 53 47 59 52 53 52 3
1 60 61 62 54 54 55 1
1 60 63 61 54 56 54 1
1 64 65 66 57 57 58 2
1 64 67 65 57 59 57 2
1 68 69 70 60 60 61 1
1 68 71 69 60 62 60 1
1 72 73 74 63 63 64 2
1 72 75 73 63 65 63 2
1 64 76 74 66 66 67 3
1 64 77 76 66 68 66 3
1 78 73 79 69 69 70 3
1 78 67 73 69 71 69 3

Materials: 2
"Material01"
1.000000 0.501961 0.000000 1.000000
0.000000 0.000000 0.000000 1.000000
0.000000 0.000000 0.000000 1.000000
0.752941 0.752941 0.752941 1.000000
0.000000
1.000000
"sphere_cball.bmp"
""
"Material01"
0.200000 0.200000 0.200000 1.000000
1.000000 1.000000 1.000000 1.000000
0.000000 0.000000 0.000000 1.000000
1.000000 1.000000 1.000000 1.000000
0.000000
1.000000
"sphere_chrome.bmp"
""

Bones: 0
GroupComments: 0
MaterialComments: 0
BoneComments: 0
ModelComment: 0
