// MilkShape 3D ASCII

Frames: 30
Frame: 1

Meshes: 4
"Regroup00" 0 0
36
0 0.013469 -28.877352 3.691117 0.243513 0.865866 -1
0 0.013464 -18.396704 6.324827 0.243512 0.827234 -1
0 -3.156512 -18.396772 5.475424 0.196276 0.827235 -1
0 -1.839633 -28.877321 3.194523 0.215899 0.865866 -1
0 0.013477 -20.023834 6.324691 0.243513 0.107382 -1
0 -3.156498 -20.023590 5.475439 0.196276 0.107381 -1
0 -3.196278 -28.877275 1.837978 0.195684 0.865866 -1
0 -5.477101 -18.396749 3.154968 0.161697 0.827235 -1
0 -5.477082 -20.023682 3.154818 0.161697 0.107381 -1
0 -6.326493 -18.396719 -0.015055 0.149040 0.827235 -1
0 -3.692802 -28.877443 -0.015173 0.188285 0.865866 -1
0 -6.326493 -20.023376 -0.015162 0.149040 0.107379 -1
0 -3.196278 -28.877275 -1.868242 0.195684 0.865866 -1
0 -5.477117 -18.396856 -3.185136 0.161697 0.827235 -1
0 -5.477098 -20.023743 -3.185211 0.161697 0.107381 -1
0 -3.156506 -18.396872 -5.505628 0.196276 0.827235 -1
0 -1.839641 -28.877352 -3.224817 0.215899 0.865866 -1
0 -3.156498 -20.023590 -5.505608 0.196276 0.107381 -1
0 0.013469 -28.877337 -3.721341 0.243513 0.865866 -1
0 0.013464 -18.396746 -6.355036 0.243512 0.827235 -1
0 0.013480 -20.023712 -6.355141 0.243513 0.107381 -1
0 3.183454 -18.396845 -5.505623 0.290749 0.827235 -1
0 1.866576 -28.877405 -3.224817 0.271126 0.865866 -1
0 3.183454 -20.023560 -5.505608 0.290749 0.107380 -1
0 3.223158 -28.877237 -1.868226 0.291340 0.865866 -1
0 5.504010 -18.396807 -3.185131 0.325327 0.827235 -1
0 5.504034 -20.023712 -3.185211 0.325328 0.107381 -1
0 6.353415 -18.396765 -0.015047 0.337985 0.827235 -1
0 3.719720 -28.877405 -0.015167 0.298740 0.865866 -1
0 6.353418 -20.023438 -0.015158 0.337985 0.107380 -1
0 3.223158 -28.877260 1.837988 0.291340 0.865866 -1
0 5.504010 -18.396719 3.154953 0.325327 0.827235 -1
0 5.504024 -20.023682 3.154818 0.325328 0.107381 -1
0 3.183450 -18.396757 5.475419 0.290749 0.827235 -1
0 1.866576 -28.877352 3.194523 0.271126 0.865866 -1
0 3.183454 -20.023590 5.475429 0.290749 0.107381 -1
36
-0.000001 -0.243720 0.969846
0.000002 -0.993386 -0.114822
0.057363 -0.993391 -0.099419
-0.484923 -0.243722 0.839910
-0.000001 0.000038 -1.000000
0.499986 -0.000004 -0.866034
-0.839904 -0.243720 0.484935
0.099429 -0.993387 -0.057417
0.866023 0.000032 -0.500005
0.114796 -0.993389 -0.000014
-0.969848 -0.243712 -0.000005
1.000000 0.000000 -0.000005
-0.839908 -0.243717 -0.484930
0.099398 -0.993390 0.057414
0.866019 -0.000008 0.500011
0.057428 -0.993388 0.099411
-0.484914 -0.243716 -0.839917
0.499999 0.000013 0.866026
-0.000001 -0.243714 -0.969847
0.000004 -0.993394 0.114749
-0.000000 -0.000027 1.000000
-0.057405 -0.993387 0.099431
0.484927 -0.243714 -0.839910
-0.500001 0.000008 0.866025
0.839910 -0.243716 -0.484927
-0.099391 -0.993392 0.057398
-0.866020 -0.000022 0.500009
-0.114805 -0.993388 -0.000019
0.969847 -0.243714 -0.000008
-1.000000 -0.000002 -0.000005
0.839905 -0.243720 0.484934
-0.099422 -0.993388 -0.057402
-0.866024 0.000020 -0.500003
-0.057348 -0.993390 -0.099433
0.484932 -0.243720 0.839906
-0.499987 -0.000006 -0.866033
48
0 0 1 2 0 1 2 1
0 0 2 3 0 2 3 1
0 1 4 2 1 4 2 1
0 4 5 2 4 5 2 1
0 3 2 6 3 2 6 1
0 2 7 6 2 7 6 1
0 2 5 8 2 5 8 1
0 2 8 7 2 8 7 1
0 6 7 9 6 7 9 1
0 6 9 10 6 9 10 1
0 7 8 9 7 8 9 1
0 8 11 9 8 11 9 1
0 10 9 12 10 9 12 1
0 9 13 12 9 13 12 1
0 9 11 14 9 11 14 1
0 9 14 13 9 14 13 1
0 12 13 15 12 13 15 1
0 12 15 16 12 15 16 1
0 13 14 15 13 14 15 1
0 14 17 15 14 17 15 1
0 16 15 18 16 15 18 1
0 15 19 18 15 19 18 1
0 15 17 20 15 17 20 1
0 15 20 19 15 20 19 1
0 18 19 21 18 19 21 1
0 18 21 22 18 21 22 1
0 19 20 21 19 20 21 1
0 20 23 21 20 23 21 1
0 22 21 24 22 21 24 1
0 21 25 24 21 25 24 1
0 21 23 26 21 23 26 1
0 21 26 25 21 26 25 1
0 24 25 27 24 25 27 1
0 24 27 28 24 27 28 1
0 25 26 27 25 26 27 1
0 26 29 27 26 29 27 1
0 28 27 30 28 27 30 1
0 27 31 30 27 31 30 1
0 27 29 32 27 29 32 1
0 27 32 31 27 32 31 1
0 30 31 33 30 31 33 1
0 30 33 34 30 33 34 1
0 31 32 33 31 32 33 1
0 32 35 33 32 35 33 1
0 34 33 0 34 33 0 1
0 33 1 0 33 1 0 1
0 33 35 4 33 35 4 1
0 33 4 1 33 4 1 1
"Regroup01" 0 1
37
0 0.017477 -20.107239 9.705729 0.243513 0.107799 -1
0 0.017521 154.178467 8.402758 0.243513 0.083498 -1
0 -2.413843 154.178955 8.402735 0.219742 0.086754 -1
0 0.017477 -20.107147 -9.745188 0.243513 0.107798 -1
0 -2.413843 154.178955 -8.442179 0.219742 0.086753 -1
0 0.017521 154.178467 -8.442194 0.243513 0.083498 -1
0 -4.193751 154.180145 8.402704 0.202341 0.095648 -1
0 -4.193751 154.180145 -8.442172 0.202341 0.095648 -1
0 -4.845243 -20.107147 8.402754 0.195972 0.107798 -1
0 -4.845243 -20.107178 -8.442172 0.195972 0.107798 -1
0 4.880189 -20.107086 8.402781 0.291053 0.107798 -1
0 4.228701 154.180145 8.402735 0.284684 0.095648 -1
0 4.228701 154.180145 -8.442179 0.284684 0.095648 -1
0 4.880189 -20.107086 -8.442209 0.291053 0.107798 -1
0 2.448841 154.178955 8.402719 0.267283 0.086754 -1
0 2.448841 154.178955 -8.442179 0.267283 0.086754 -1
0 0.017489 167.815338 4.842999 0.243513 0.065709 -1
0 -4.193763 166.686890 4.842960 0.202341 0.071348 -1
0 -7.276619 154.178955 4.842999 0.172201 0.086754 -1
0 -8.405010 -20.107178 4.842960 0.161169 0.107798 -1
0 8.439945 -20.107147 4.842976 0.325856 0.107798 -1
0 7.311602 154.178955 4.842990 0.314824 0.086754 -1
0 4.228709 166.686981 4.842968 0.284684 0.071348 -1
0 0.017497 179.261200 -0.019726 0.243513 0.059198 -1
0 -4.845183 167.815308 -0.019718 0.195972 0.065710 -1
0 -8.405014 154.178467 -0.019734 0.161169 0.083497 -1
0 -9.708006 -20.107208 -0.019703 0.148430 0.107798 -1
0 9.742929 -20.107208 -0.019703 0.338594 0.107798 -1
0 8.439949 154.178467 -0.019749 0.325856 0.083497 -1
0 4.880185 167.815338 -0.019718 0.291053 0.065709 -1
0 0.017489 167.815308 -4.882457 0.243513 0.065710 -1
0 -4.193763 166.686890 -4.882442 0.202341 0.071348 -1
0 -7.276619 154.178955 -4.882488 0.172201 0.086754 -1
0 -8.405010 -20.107147 -4.882457 0.161169 0.107798 -1
0 8.439945 -20.107086 -4.882457 0.325856 0.107798 -1
0 7.311602 154.178955 -4.882427 0.314824 0.086754 -1
0 4.228709 166.686951 -4.882450 0.284684 0.071348 -1
37
-0.000004 0.005368 0.999986
0.000001 0.179211 0.983811
0.000049 0.141900 0.989881
-0.000002 0.005368 -0.999986
0.000057 0.141899 -0.989881
-0.000001 0.179211 -0.983811
-0.445339 0.085443 0.891276
-0.445334 0.085442 -0.891278
-0.500001 0.001869 0.866023
-0.500000 0.001869 -0.866023
0.500001 0.001869 0.866023
0.445332 0.085443 0.891280
0.445334 0.085442 -0.891278
0.500000 0.001869 -0.866023
-0.000058 0.141899 0.989881
-0.000059 0.141898 -0.989881
-0.000004 0.322552 0.946552
-0.557159 0.335484 0.759622
-0.885395 0.110748 0.451454
-0.878920 0.005441 0.476938
0.878922 0.005441 0.476934
0.885397 0.110748 0.451450
0.557155 0.335484 0.759624
-0.000006 1.000000 -0.000000
-0.946573 0.322490 0.000001
-0.991779 0.127965 0.000001
-0.999972 0.007476 0.000002
0.999972 0.007476 0.000002
0.991779 0.127963 -0.000000
0.946574 0.322488 -0.000000
-0.000003 0.322551 -0.946552
-0.557155 0.335484 -0.759624
-0.885394 0.110748 -0.451455
-0.878919 0.005441 -0.476940
0.878921 0.005441 -0.476936
0.885396 0.110748 -0.451451
0.557154 0.335483 -0.759625
60
0 0 1 2 0 1 2 1
0 3 4 5 3 4 5 1
0 0 2 6 0 2 6 1
0 3 7 4 3 7 4 1
0 0 6 8 0 6 8 1
0 3 9 7 3 9 7 1
0 0 10 11 0 10 11 1
0 3 12 13 3 12 13 1
0 0 11 14 0 11 14 1
0 3 15 12 3 15 12 1
0 0 14 1 0 14 1 1
0 3 5 15 3 5 15 1
0 1 16 17 1 16 17 1
0 1 17 2 1 17 2 1
0 2 17 6 2 17 6 1
0 17 18 6 17 18 6 1
0 6 18 19 6 18 19 1
0 6 19 8 6 19 8 1
0 10 20 11 10 20 11 1
0 20 21 11 20 21 11 1
0 11 21 22 11 21 22 1
0 11 22 14 11 22 14 1
0 14 22 1 14 22 1 1
0 22 16 1 22 16 1 1
0 16 23 17 16 23 17 1
0 23 24 17 23 24 17 1
0 17 24 25 17 24 25 1
0 17 25 18 17 25 18 1
0 18 25 19 18 25 19 1
0 25 26 19 25 26 19 1
0 20 27 28 20 27 28 1
0 20 28 21 20 28 21 1
0 21 28 22 21 28 22 1
0 28 29 22 28 29 22 1
0 22 29 23 22 29 23 1
0 22 23 16 22 23 16 1
0 23 30 31 23 30 31 1
0 23 31 24 23 31 24 1
0 24 31 25 24 31 25 1
0 31 32 25 31 32 25 1
0 25 32 33 25 32 33 1
0 25 33 26 25 33 26 1
0 27 34 28 27 34 28 1
0 34 35 28 34 35 28 1
0 28 35 36 28 35 36 1
0 28 36 29 28 36 29 1
0 29 36 23 29 36 23 1
0 36 30 23 36 30 23 1
0 30 5 31 30 5 31 1
0 5 4 31 5 4 31 1
0 31 4 7 31 4 7 1
0 31 7 32 31 7 32 1
0 32 7 33 32 7 33 1
0 7 9 33 7 9 33 1
0 34 13 12 34 13 12 1
0 34 12 35 34 12 35 1
0 35 12 36 35 12 36 1
0 12 15 36 12 15 36 1
0 36 15 5 36 15 5 1
0 36 5 30 36 5 30 1
"Regroup00" 0 1
72
0 1.539933 109.889877 -1.970550 0.000000 0.000000 -1
0 1.539933 -28.776003 -1.970550 0.000000 1.000000 -1
0 -1.535929 109.889877 -1.970550 1.000000 0.000000 -1
0 -1.535929 -28.776003 -1.970550 1.000000 1.000000 -1
0 -1.535929 109.889877 -1.970550 0.000000 0.000000 -1
0 -1.535929 -28.776003 -1.970550 0.000000 1.000000 -1
0 0.002003 -6.597164 36.564377 1.000000 0.000000 -1
0 -1.858894 -27.555689 20.638657 1.000000 1.000000 -1
0 0.002003 -6.597164 36.564377 0.000000 0.000000 -1
0 -1.858894 -27.555689 20.638657 0.000000 1.000000 -1
0 1.862899 -27.555689 20.638657 1.000000 1.000000 -1
0 1.862899 -27.555689 20.638657 0.000000 1.000000 -1
0 1.539933 109.889877 -1.970550 1.000000 0.000000 -1
0 1.539933 -28.776003 -1.970550 1.000000 1.000000 -1
0 1.539933 109.889877 -1.970550 0.000000 1.000000 -1
0 -1.535929 109.889877 -1.970550 1.000000 1.000000 -1
0 1.539933 -28.776003 -1.970550 0.000000 0.000000 -1
0 -1.535929 -28.776003 -1.970550 1.000000 0.000000 -1
0 -1.535929 109.889877 1.966050 0.000000 0.000000 -1
0 -1.535929 -28.776003 1.966050 0.000000 1.000000 -1
0 1.539933 109.889877 1.966050 1.000000 0.000000 -1
0 1.539933 -28.776003 1.966050 1.000000 1.000000 -1
0 1.539933 109.889877 1.966050 0.000000 0.000000 -1
0 1.539933 -28.776003 1.966050 0.000000 1.000000 -1
0 0.002003 -6.597164 -36.568878 1.000000 0.000000 -1
0 1.862899 -27.555689 -20.643154 1.000000 1.000000 -1
0 0.002003 -6.597164 -36.568878 0.000000 0.000000 -1
0 1.862899 -27.555689 -20.643154 0.000000 1.000000 -1
0 -1.858894 -27.555689 -20.643154 1.000000 1.000000 -1
0 -1.858894 -27.555689 -20.643154 0.000000 1.000000 -1
0 -1.535929 109.889877 1.966050 1.000000 0.000000 -1
0 -1.535929 -28.776003 1.966050 1.000000 1.000000 -1
0 -1.535929 109.889877 1.966050 0.000000 1.000000 -1
0 1.539933 109.889877 1.966050 1.000000 1.000000 -1
0 -1.535929 -28.776003 1.966050 0.000000 0.000000 -1
0 1.539933 -28.776003 1.966050 1.000000 0.000000 -1
0 -1.966298 109.889877 -1.540181 0.000000 0.000000 -1
0 -1.966298 -28.776003 -1.540181 0.000000 1.000000 -1
0 -1.966298 109.889877 1.535681 1.000000 0.000000 -1
0 -1.966298 -28.776003 1.535681 1.000000 1.000000 -1
0 -1.966298 109.889877 1.535681 0.000000 0.000000 -1
0 -1.966298 -28.776003 1.535681 0.000000 1.000000 -1
0 36.568630 -6.597164 -0.002251 1.000000 0.000000 -1
0 20.642906 -27.555689 1.858646 1.000000 1.000000 -1
0 36.568630 -6.597164 -0.002251 0.000000 0.000000 -1
0 20.642906 -27.555689 1.858646 0.000000 1.000000 -1
0 20.642906 -27.555689 -1.863147 1.000000 1.000000 -1
0 20.642906 -27.555689 -1.863147 0.000000 1.000000 -1
0 -1.966298 109.889877 -1.540181 1.000000 0.000000 -1
0 -1.966298 -28.776003 -1.540181 1.000000 1.000000 -1
0 -1.966298 109.889877 -1.540181 0.000000 1.000000 -1
0 -1.966298 109.889877 1.535681 1.000000 1.000000 -1
0 -1.966298 -28.776003 -1.540181 0.000000 0.000000 -1
0 -1.966298 -28.776003 1.535681 1.000000 0.000000 -1
0 1.970302 109.889877 1.535681 0.000000 0.000000 -1
0 1.970302 -28.776003 1.535681 0.000000 1.000000 -1
0 1.970302 109.889877 -1.540181 1.000000 0.000000 -1
0 1.970302 -28.776003 -1.540181 1.000000 1.000000 -1
0 1.970302 109.889877 -1.540181 0.000000 0.000000 -1
0 1.970302 -28.776003 -1.540181 0.000000 1.000000 -1
0 -36.564621 -6.597164 -0.002249 1.000000 0.000000 -1
0 -20.638901 -27.555689 -1.863146 1.000000 1.000000 -1
0 -36.564621 -6.597164 -0.002249 0.000000 0.000000 -1
0 -20.638901 -27.555689 -1.863146 0.000000 1.000000 -1
0 -20.638901 -27.555689 1.858647 1.000000 1.000000 -1
0 -20.638901 -27.555689 1.858647 0.000000 1.000000 -1
0 1.970302 109.889877 1.535681 1.000000 0.000000 -1
0 1.970302 -28.776003 1.535681 1.000000 1.000000 -1
0 1.970302 109.889877 1.535681 0.000000 1.000000 -1
0 1.970302 109.889877 -1.540181 1.000000 1.000000 -1
0 1.970302 -28.776003 1.535681 0.000000 0.000000 -1
0 1.970302 -28.776003 -1.540181 1.000000 0.000000 -1
43
0.000000 0.000000 -1.000000
-0.999205 0.000000 0.039878
-0.998609 0.051757 0.010066
-0.994451 0.103329 -0.019783
0.000000 0.000000 0.000000
0.000000 -0.605017 0.796213
0.995501 0.017652 0.093092
0.999182 0.008839 0.039463
0.999898 0.000000 -0.014283
0.000000 0.314070 0.949400
0.000000 -0.998547 0.053896
0.000000 -0.998547 0.053896
0.000000 -0.998547 0.053896
0.000000 0.000000 1.000000
0.999205 0.000000 -0.039878
0.998609 0.051757 -0.010066
0.994451 0.103329 0.019783
0.000000 -0.605017 -0.796213
-0.995501 0.017652 -0.093092
-0.999182 0.008839 -0.039463
-0.999898 0.000000 0.014283
0.000000 0.314070 -0.949400
0.000000 -0.998547 -0.053896
-1.000000 0.000000 0.000000
0.039878 0.000000 0.999205
0.010066 0.051757 0.998609
-0.019782 0.103329 0.994451
0.796213 -0.605017 0.000000
0.093092 0.017652 -0.995501
0.039463 0.008839 -0.999182
-0.014283 0.000000 -0.999898
0.949400 0.314070 0.000000
0.053896 -0.998547 0.000000
1.000000 0.000000 0.000000
-0.039878 0.000000 -0.999205
-0.010066 0.051757 -0.998609
0.019782 0.103329 -0.994451
-0.796213 -0.605017 0.000000
-0.093092 0.017652 0.995501
-0.039463 0.008839 0.999182
0.014283 0.000000 0.999898
-0.949400 0.314070 0.000000
-0.053896 -0.998547 0.000000
48
0 0 1 2 0 0 0 1
0 1 3 2 0 0 0 1
0 4 5 6 1 2 2 2
0 5 7 6 2 3 2 2
0 8 9 6 4 5 5 1
0 9 10 6 5 5 5 1
0 8 11 12 6 7 7 2
0 11 13 12 7 8 7 2
0 8 14 6 4 9 9 3
0 14 15 6 9 9 9 3
0 16 11 17 10 11 11 3
0 11 7 17 11 12 11 3
0 18 19 20 13 13 13 1
0 19 21 20 13 13 13 1
0 22 23 24 14 15 15 2
0 23 25 24 15 16 15 2
0 26 27 24 4 17 17 1
0 27 28 24 17 17 17 1
0 26 29 30 18 19 19 2
0 29 31 30 19 20 19 2
0 26 32 24 4 21 21 3
0 32 33 24 21 21 21 3
0 34 29 35 22 22 22 3
0 29 25 35 22 22 22 3
0 36 37 38 23 23 23 1
0 37 39 38 23 23 23 1
0 40 41 42 24 25 25 2
0 41 43 42 25 26 25 2
0 44 45 42 4 27 27 1
0 45 46 42 27 27 27 1
0 44 47 48 28 29 29 2
0 47 49 48 29 30 29 2
0 44 50 42 4 31 31 3
0 50 51 42 31 31 31 3
0 52 47 53 32 32 32 3
0 47 43 53 32 32 32 3
0 54 55 56 33 33 33 1
0 55 57 56 33 33 33 1
0 58 59 60 34 35 35 2
0 59 61 60 35 36 35 2
0 62 63 60 4 37 37 1
0 63 64 60 37 37 37 1
0 62 65 66 38 39 39 2
0 65 67 66 39 40 39 2
0 62 68 60 4 41 41 3
0 68 69 60 41 41 41 3
0 70 65 71 42 42 42 3
0 65 61 71 42 42 42 3
"Duplicate02" 1 1
48
1 0.017469 -13.335112 10.609774 0.243512 0.827234 -1
1 0.017491 81.597153 10.609548 0.243513 0.107382 -1
1 -5.297229 -13.335127 9.185687 0.196276 0.827235 -1
1 -5.297208 81.597214 9.185712 0.196276 0.107381 -1
1 -9.187838 81.597198 5.295020 0.161697 0.107381 -1
1 -9.187868 -13.335127 5.295271 0.161697 0.827235 -1
1 -10.611936 -13.335112 -0.019505 0.149040 0.827235 -1
1 -10.611936 81.597260 -0.019686 0.149040 0.107379 -1
1 -9.187863 81.597168 -5.334507 0.161697 0.107381 -1
1 -9.187895 -13.335157 -5.334382 0.161697 0.827235 -1
1 -5.297221 -13.335173 -9.224857 0.196276 0.827235 -1
1 -5.297208 81.597214 -9.224824 0.196276 0.107381 -1
1 0.017496 81.597183 -10.649129 0.243513 0.107381 -1
1 0.017469 -13.335127 -10.648952 0.243512 0.827235 -1
1 5.332191 -13.335157 -9.224849 0.290749 0.827235 -1
1 5.332191 81.597214 -9.224824 0.290749 0.107380 -1
1 9.222816 81.597183 -5.334507 0.325328 0.107381 -1
1 9.222775 -13.335142 -5.334373 0.325327 0.827235 -1
1 10.646867 -13.335127 -0.019493 0.337985 0.827235 -1
1 10.646871 81.597244 -0.019678 0.337985 0.107380 -1
1 9.222798 81.597198 5.295020 0.325328 0.107381 -1
1 9.222775 -13.335112 5.295247 0.325327 0.827235 -1
1 5.332185 -13.335127 9.185678 0.290749 0.827235 -1
1 5.332191 81.597214 9.185696 0.290749 0.107381 -1
1 0.017469 89.914886 10.609774 0.243512 0.827234 -1
1 0.017491 138.347168 10.609548 0.243513 0.107382 -1
1 -5.297229 89.914886 9.185687 0.196276 0.827235 -1
1 -5.297208 138.347229 9.185712 0.196276 0.107381 -1
1 -9.187838 138.347198 5.295020 0.161697 0.107381 -1
1 -9.187868 89.914886 5.295271 0.161697 0.827235 -1
1 -10.611936 89.914886 -0.019505 0.149040 0.827235 -1
1 -10.611936 138.347260 -0.019686 0.149040 0.107379 -1
1 -9.187863 138.347183 -5.334507 0.161697 0.107381 -1
1 -9.187895 89.914856 -5.334382 0.161697 0.827235 -1
1 -5.297221 89.914825 -9.224857 0.196276 0.827235 -1
1 -5.297208 138.347229 -9.224824 0.196276 0.107381 -1
1 0.017496 138.347198 -10.649129 0.243513 0.107381 -1
1 0.017469 89.914886 -10.648952 0.243512 0.827235 -1
1 5.332191 89.914856 -9.224849 0.290749 0.827235 -1
1 5.332191 138.347229 -9.224824 0.290749 0.107380 -1
1 9.222816 138.347198 -5.334507 0.325328 0.107381 -1
1 9.222775 89.914856 -5.334373 0.325327 0.827235 -1
1 10.646867 89.914886 -0.019493 0.337985 0.827235 -1
1 10.646871 138.347260 -0.019678 0.337985 0.107380 -1
1 9.222798 138.347198 5.295020 0.325328 0.107381 -1
1 9.222775 89.914886 5.295247 0.325327 0.827235 -1
1 5.332185 89.914886 9.185678 0.290749 0.827235 -1
1 5.332191 138.347229 9.185696 0.290749 0.107381 -1
48
0.000000 0.000002 1.000000
0.000001 0.000001 1.000000
-0.499987 0.000001 0.866033
-0.499986 -0.000000 0.866034
-0.866023 0.000001 0.500005
-0.866019 0.000002 0.500011
-1.000000 0.000000 0.000005
-1.000000 0.000000 0.000005
-0.866019 -0.000000 -0.500011
-0.866022 -0.000000 -0.500005
-0.499995 -0.000000 -0.866028
-0.499999 0.000000 -0.866026
0.000000 -0.000001 -1.000000
0.000000 -0.000002 -1.000000
0.499998 -0.000001 -0.866026
0.500001 0.000000 -0.866025
0.866020 -0.000001 -0.500009
0.866023 -0.000001 -0.500004
1.000000 -0.000000 0.000004
1.000000 -0.000000 0.000005
0.866024 0.000001 0.500003
0.866020 0.000001 0.500010
0.499990 0.000001 0.866031
0.499987 -0.000000 0.866033
0.000000 0.000005 1.000000
0.000001 0.000002 1.000000
-0.499987 0.000002 0.866033
-0.499986 -0.000000 0.866034
-0.866023 0.000002 0.500005
-0.866019 0.000003 0.500011
-1.000000 0.000000 0.000005
-1.000000 0.000000 0.000005
-0.866019 -0.000000 -0.500011
-0.866022 -0.000001 -0.500005
-0.499995 -0.000001 -0.866028
-0.499999 0.000001 -0.866026
0.000000 -0.000002 -1.000000
0.000000 -0.000004 -1.000000
0.499998 -0.000001 -0.866026
0.500001 0.000000 -0.866025
0.866020 -0.000001 -0.500009
0.866023 -0.000002 -0.500004
1.000000 -0.000000 0.000004
1.000000 -0.000000 0.000005
0.866024 0.000001 0.500003
0.866020 0.000002 0.500010
0.499990 0.000002 0.866031
0.499987 -0.000000 0.866033
48
1 0 1 2 0 1 2 1
1 1 3 2 1 3 2 1
1 2 3 4 2 3 4 1
1 2 4 5 2 4 5 1
1 5 4 6 5 4 6 1
1 4 7 6 4 7 6 1
1 6 7 8 6 7 8 1
1 6 8 9 6 8 9 1
1 9 8 10 9 8 10 1
1 8 11 10 8 11 10 1
1 10 11 12 10 11 12 1
1 10 12 13 10 12 13 1
1 13 12 14 13 12 14 1
1 12 15 14 12 15 14 1
1 14 15 16 14 15 16 1
1 14 16 17 14 16 17 1
1 17 16 18 17 16 18 1
1 16 19 18 16 19 18 1
1 18 19 20 18 19 20 1
1 18 20 21 18 20 21 1
1 21 20 22 21 20 22 1
1 20 23 22 20 23 22 1
1 22 23 1 22 23 1 1
1 22 1 0 22 1 0 1
1 24 25 26 24 25 26 1
1 25 27 26 25 27 26 1
1 26 27 28 26 27 28 1
1 26 28 29 26 28 29 1
1 29 28 30 29 28 30 1
1 28 31 30 28 31 30 1
1 30 31 32 30 31 32 1
1 30 32 33 30 32 33 1
1 33 32 34 33 32 34 1
1 32 35 34 32 35 34 1
1 34 35 36 34 35 36 1
1 34 36 37 34 36 37 1
1 37 36 38 37 36 38 1
1 36 39 38 36 39 38 1
1 38 39 40 38 39 40 1
1 38 40 41 38 40 41 1
1 41 40 42 41 40 42 1
1 40 43 42 40 43 42 1
1 42 43 44 42 43 44 1
1 42 44 45 42 44 45 1
1 45 44 46 45 44 46 1
1 44 47 46 44 47 46 1
1 46 47 25 46 47 25 1
1 46 25 24 46 25 24 1

Materials: 2
"Material01"
0.200000 0.200000 0.200000 1.000000
0.752941 0.752941 0.752941 1.000000
0.000000 0.000000 0.000000 1.000000
0.501961 0.501961 0.501961 1.000000
0.000000
1.000000
"sphere_chrome.bmp"
""
"Material01"
0.200000 0.200000 0.200000 1.000000
0.800000 0.800000 0.800000 1.000000
0.000000 0.000000 0.000000 1.000000
0.000000 0.000000 0.000000 1.000000
0.000000
1.000000
"sphere_olive.bmp"
""

Bones: 0
GroupComments: 0
MaterialComments: 0
BoneComments: 0
ModelComment: 0
