// MilkShape 3D ASCII

Frames: 30
Frame: 1

Meshes: 1
"Sphere01" 1 0
109
1 0.000000 4.014714 -0.018734 0.000000 0.000000 -1
1 0.410931 3.807303 0.218517 0.083333 0.083333 -1
1 0.474502 3.807303 -0.018734 0.000000 0.083333 -1
1 0.000000 4.014714 -0.018734 0.083333 0.000000 -1
1 0.237251 3.807303 0.392196 0.166667 0.083333 -1
1 0.000000 4.014714 -0.018734 0.166667 0.000000 -1
1 0.000000 3.807303 0.455768 0.250000 0.083333 -1
1 0.000000 4.014714 -0.018734 0.250000 0.000000 -1
1 -0.237251 3.807303 0.392196 0.333333 0.083333 -1
1 0.000000 4.014714 -0.018734 0.333333 0.000000 -1
1 -0.410931 3.807303 0.218517 0.416667 0.083333 -1
1 0.000000 4.014714 -0.018734 0.416667 0.000000 -1
1 -0.474502 3.807303 -0.018734 0.500000 0.083333 -1
1 0.000000 4.014714 -0.018734 0.500000 0.000000 -1
1 -0.410931 3.807303 -0.255985 0.583333 0.083333 -1
1 0.000000 4.014714 -0.018734 0.583333 0.000000 -1
1 -0.237251 3.807303 -0.429665 0.666667 0.083333 -1
1 0.000000 4.014714 -0.018734 0.666667 0.000000 -1
1 0.000000 3.807303 -0.493236 0.750000 0.083333 -1
1 0.000000 4.014714 -0.018734 0.750000 0.000000 -1
1 0.237251 3.807303 -0.429665 0.833333 0.083333 -1
1 0.000000 4.014714 -0.018734 0.833333 0.000000 -1
1 0.410931 3.807303 -0.255985 0.916667 0.083333 -1
1 0.000000 4.014714 -0.018734 0.916667 0.000000 -1
1 0.474502 3.807303 -0.018734 1.000000 0.083333 -1
1 1.770864 -4.285377 -0.018734 0.000000 0.583333 -1
1 1.533613 -4.285377 0.866698 0.083333 0.583333 -1
1 0.000000 -4.283047 -0.018734 0.083333 0.666667 -1
1 0.885432 -4.285377 1.514879 0.166667 0.583333 -1
1 0.000000 -4.285377 1.752130 0.250000 0.583333 -1
1 0.000000 -4.283047 -0.018734 0.250000 0.666667 -1
1 -0.885432 -4.285377 1.514879 0.333333 0.583333 -1
1 -1.533613 -4.285377 0.866698 0.416667 0.583333 -1
1 0.000000 -4.283047 -0.018734 0.416667 0.666667 -1
1 -1.770864 -4.285377 -0.018734 0.500000 0.583333 -1
1 -1.533613 -4.285377 -0.904166 0.583333 0.583333 -1
1 0.000000 -4.283047 -0.018734 0.583333 0.666667 -1
1 -0.885432 -4.285377 -1.552347 0.666667 0.583333 -1
1 0.000000 -4.285377 -1.789598 0.750000 0.583333 -1
1 0.000000 -4.283047 -0.018734 0.750000 0.666667 -1
1 0.885432 -4.285377 -1.552347 0.833333 0.583333 -1
1 1.533613 -4.285377 -0.904166 0.916667 0.583333 -1
1 0.000000 -4.283047 -0.018734 0.916667 0.666667 -1
1 1.770864 -4.285377 -0.018734 1.000000 0.583333 -1
1 1.833333 -2.072370 -0.018734 0.000000 0.500000 -1
1 1.587713 -2.072370 0.897933 0.083333 0.500000 -1
1 0.916667 -2.072370 1.568979 0.166667 0.500000 -1
1 0.000000 -2.072370 1.814599 0.250000 0.500000 -1
1 -0.916667 -2.072370 1.568979 0.333333 0.500000 -1
1 -1.587713 -2.072370 0.897933 0.416667 0.500000 -1
1 -1.833333 -2.072370 -0.018734 0.500000 0.500000 -1
1 -1.587713 -2.072370 -0.935401 0.583333 0.500000 -1
1 -0.916667 -2.072370 -1.606447 0.666667 0.500000 -1
1 -0.000000 -2.072370 -1.852067 0.750000 0.500000 -1
1 0.916667 -2.072370 -1.606447 0.833333 0.500000 -1
1 1.587713 -2.072370 -0.935401 0.916667 0.500000 -1
1 1.833333 -2.072370 -0.018734 1.000000 0.500000 -1
1 1.770864 -0.496919 -0.018734 0.000000 0.416667 -1
1 1.533613 -0.496919 0.866698 0.083333 0.416667 -1
1 0.885432 -0.496919 1.514879 0.166667 0.416667 -1
1 0.000000 -0.496919 1.752130 0.250000 0.416667 -1
1 -0.885432 -0.496919 1.514879 0.333333 0.416667 -1
1 -1.533613 -0.496919 0.866698 0.416667 0.416667 -1
1 -1.770864 -0.496919 -0.018734 0.500000 0.416667 -1
1 -1.533613 -0.496919 -0.904166 0.583333 0.416667 -1
1 -0.885432 -0.496919 -1.552347 0.666667 0.416667 -1
1 -0.000000 -0.496919 -1.789598 0.750000 0.416667 -1
1 0.885432 -0.496919 -1.552347 0.833333 0.416667 -1
1 1.533613 -0.496919 -0.904166 0.916667 0.416667 -1
1 1.770864 -0.496919 -0.018734 1.000000 0.416667 -1
1 1.587713 0.971172 -0.018734 0.000000 0.333333 -1
1 1.375000 0.971172 0.775123 0.083333 0.333333 -1
1 0.793857 0.971172 1.356266 0.166667 0.333333 -1
1 0.000000 0.971172 1.568979 0.250000 0.333333 -1
1 -0.793857 0.971172 1.356266 0.333333 0.333333 -1
1 -1.375000 0.971172 0.775123 0.416667 0.333333 -1
1 -1.587713 0.971172 -0.018734 0.500000 0.333333 -1
1 -1.375000 0.971172 -0.812591 0.583333 0.333333 -1
1 -0.793857 0.971172 -1.393734 0.666667 0.333333 -1
1 -0.000000 0.971172 -1.606447 0.750000 0.333333 -1
1 0.793857 0.971172 -1.393734 0.833333 0.333333 -1
1 1.375000 0.971172 -0.812591 0.916667 0.333333 -1
1 1.587713 0.971172 -0.018734 1.000000 0.333333 -1
1 1.296362 2.231848 -0.018734 0.000000 0.250000 -1
1 1.122683 2.231848 0.629447 0.083333 0.250000 -1
1 0.648181 2.231848 1.103949 0.166667 0.250000 -1
1 0.000000 2.231848 1.277628 0.250000 0.250000 -1
1 -0.648181 2.231848 1.103949 0.333333 0.250000 -1
1 -1.122683 2.231848 0.629447 0.416667 0.250000 -1
1 -1.296362 2.231848 -0.018734 0.500000 0.250000 -1
1 -1.122683 2.231848 -0.666915 0.583333 0.250000 -1
1 -0.648181 2.231848 -1.141417 0.666667 0.250000 -1
1 -0.000000 2.231848 -1.315096 0.750000 0.250000 -1
1 0.648181 2.231848 -1.141417 0.833333 0.250000 -1
1 1.122683 2.231848 -0.666915 0.916667 0.250000 -1
1 1.296362 2.231848 -0.018734 1.000000 0.250000 -1
1 0.916667 3.199198 -0.018734 0.000000 0.166667 -1
1 0.793857 3.199198 0.439599 0.083333 0.166667 -1
1 0.458333 3.199198 0.775123 0.166667 0.166667 -1
1 0.000000 3.199198 0.897933 0.250000 0.166667 -1
1 -0.458333 3.199198 0.775123 0.333333 0.166667 -1
1 -0.793857 3.199198 0.439599 0.416667 0.166667 -1
1 -0.916667 3.199198 -0.018734 0.500000 0.166667 -1
1 -0.793857 3.199198 -0.477067 0.583333 0.166667 -1
1 -0.458333 3.199198 -0.812591 0.666667 0.166667 -1
1 0.000000 3.199198 -0.935401 0.750000 0.166667 -1
1 0.458333 3.199198 -0.812591 0.833333 0.166667 -1
1 0.793857 3.199198 -0.477067 0.916667 0.166667 -1
1 0.916667 3.199198 -0.018734 1.000000 0.166667 -1
86
0.000000 1.000000 0.000000
0.541012 0.780859 0.312354
0.692713 0.721213 -0.000000
0.346357 0.721213 0.599907
0.000000 0.780860 0.624707
-0.346357 0.721213 0.599907
-0.541012 0.780859 0.312354
-0.692713 0.721213 -0.000000
-0.541012 0.780859 -0.312353
-0.346356 0.721213 -0.599907
0.000000 0.780860 -0.624707
0.346356 0.721213 -0.599907
0.541012 0.780859 -0.312353
0.877535 -0.479512 0.000000
0.592703 -0.729112 0.342197
0.000000 -1.000000 0.000000
0.438768 -0.479512 0.759968
0.000000 -0.729112 0.684394
-0.438768 -0.479512 0.759968
-0.592703 -0.729112 0.342197
-0.877535 -0.479512 0.000000
-0.592703 -0.729112 -0.342197
-0.438768 -0.479512 -0.759968
0.000000 -0.729112 -0.684394
0.438768 -0.479512 -0.759968
0.592703 -0.729112 -0.342197
0.999984 0.005705 0.000000
0.866011 0.005706 0.499992
0.499992 0.005706 0.866011
0.000000 0.005705 0.999984
-0.499992 0.005706 0.866011
-0.866011 0.005706 0.499992
-0.999984 0.005705 0.000000
-0.866011 0.005706 -0.499992
-0.499992 0.005706 -0.866011
-0.000000 0.005705 -0.999984
0.499992 0.005706 -0.866011
0.866011 0.005706 -0.499992
0.996650 0.081790 0.000000
0.863124 0.081790 0.498325
0.498325 0.081790 0.863124
0.000000 0.081790 0.996650
-0.498325 0.081790 0.863124
-0.863124 0.081790 0.498325
-0.996650 0.081790 0.000000
-0.863124 0.081790 -0.498325
-0.498325 0.081790 -0.863124
0.000000 0.081790 -0.996650
0.498325 0.081790 -0.863124
0.863124 0.081790 -0.498325
0.984614 0.174745 0.000000
0.852701 0.174745 0.492307
0.492307 0.174745 0.852701
0.000000 0.174745 0.984614
-0.492307 0.174745 0.852701
-0.852701 0.174745 0.492307
-0.984614 0.174745 0.000000
-0.852701 0.174745 -0.492307
-0.492307 0.174745 -0.852701
0.000000 0.174745 -0.984614
0.492307 0.174745 -0.852701
0.852701 0.174745 -0.492307
0.955136 0.296169 0.000000
0.827172 0.296169 0.477567
0.477568 0.296169 0.827172
0.000000 0.296169 0.955136
-0.477568 0.296169 0.827172
-0.827172 0.296169 0.477567
-0.955136 0.296169 0.000000
-0.827172 0.296169 -0.477567
-0.477568 0.296169 -0.827172
0.000000 0.296169 -0.955136
0.477568 0.296169 -0.827172
0.827172 0.296169 -0.477567
0.876705 0.481028 -0.000000
0.759249 0.481029 0.438353
0.438352 0.481029 0.759248
0.000000 0.481029 0.876705
-0.438352 0.481029 0.759249
-0.759249 0.481029 0.438353
-0.876705 0.481028 -0.000000
-0.759249 0.481028 -0.438352
-0.438352 0.481029 -0.759249
-0.000000 0.481028 -0.876705
0.438353 0.481029 -0.759249
0.759249 0.481028 -0.438352
168
1 0 1 2 0 1 2 1
1 3 4 1 0 3 1 1
1 5 6 4 0 4 3 1
1 7 8 6 0 5 4 1
1 9 10 8 0 6 5 1
1 11 12 10 0 7 6 1
1 13 14 12 0 8 7 1
1 15 16 14 0 9 8 1
1 17 18 16 0 10 9 1
1 19 20 18 0 11 10 1
1 21 22 20 0 12 11 1
1 23 24 22 0 2 12 1
1 25 26 27 13 14 15 1
1 27 26 28 15 14 16 1
1 28 29 30 16 17 15 1
1 30 29 31 15 17 18 1
1 31 32 33 18 19 15 1
1 33 32 34 15 19 20 1
1 34 35 36 20 21 15 1
1 36 35 37 15 21 22 1
1 37 38 39 22 23 15 1
1 39 38 40 15 23 24 1
1 40 41 42 24 25 15 1
1 42 41 43 15 25 13 1
1 25 44 45 13 26 27 1
1 25 45 26 13 27 14 1
1 26 45 28 14 27 16 1
1 45 46 28 27 28 16 1
1 28 46 47 16 28 29 1
1 28 47 29 16 29 17 1
1 29 47 31 17 29 18 1
1 47 48 31 29 30 18 1
1 31 48 49 18 30 31 1
1 31 49 32 18 31 19 1
1 32 49 34 19 31 20 1
1 49 50 34 31 32 20 1
1 34 50 51 20 32 33 1
1 34 51 35 20 33 21 1
1 35 51 37 21 33 22 1
1 51 52 37 33 34 22 1
1 37 52 53 22 34 35 1
1 37 53 38 22 35 23 1
1 38 53 40 23 35 24 1
1 53 54 40 35 36 24 1
1 40 54 55 24 36 37 1
1 40 55 41 24 37 25 1
1 41 55 43 25 37 13 1
1 55 56 43 37 26 13 1
1 44 57 45 26 38 27 1
1 57 58 45 38 39 27 1
1 45 58 59 27 39 40 1
1 45 59 46 27 40 28 1
1 46 59 47 28 40 29 1
1 59 60 47 40 41 29 1
1 47 60 61 29 41 42 1
1 47 61 48 29 42 30 1
1 48 61 49 30 42 31 1
1 61 62 49 42 43 31 1
1 49 62 63 31 43 44 1
1 49 63 50 31 44 32 1
1 50 63 51 32 44 33 1
1 63 64 51 44 45 33 1
1 51 64 65 33 45 46 1
1 51 65 52 33 46 34 1
1 52 65 53 34 46 35 1
1 65 66 53 46 47 35 1
1 53 66 67 35 47 48 1
1 53 67 54 35 48 36 1
1 54 67 55 36 48 37 1
1 67 68 55 48 49 37 1
1 55 68 69 37 49 38 1
1 55 69 56 37 38 26 1
1 57 70 71 38 50 51 1
1 57 71 58 38 51 39 1
1 58 71 59 39 51 40 1
1 71 72 59 51 52 40 1
1 59 72 73 40 52 53 1
1 59 73 60 40 53 41 1
1 60 73 61 41 53 42 1
1 73 74 61 53 54 42 1
1 61 74 75 42 54 55 1
1 61 75 62 42 55 43 1
1 62 75 63 43 55 44 1
1 75 76 63 55 56 44 1
1 63 76 77 44 56 57 1
1 63 77 64 44 57 45 1
1 64 77 65 45 57 46 1
1 77 78 65 57 58 46 1
1 65 78 79 46 58 59 1
1 65 79 66 46 59 47 1
1 66 79 67 47 59 48 1
1 79 80 67 59 60 48 1
1 67 80 81 48 60 61 1
1 67 81 68 48 61 49 1
1 68 81 69 49 61 38 1
1 81 82 69 61 50 38 1
1 70 83 71 50 62 51 1
1 83 84 71 62 63 51 1
1 71 84 85 51 63 64 1
1 71 85 72 51 64 52 1
1 72 85 73 52 64 53 1
1 85 86 73 64 65 53 1
1 73 86 87 53 65 66 1
1 73 87 74 53 66 54 1
1 74 87 75 54 66 55 1
1 87 88 75 66 67 55 1
1 75 88 89 55 67 68 1
1 75 89 76 55 68 56 1
1 76 89 77 56 68 57 1
1 89 90 77 68 69 57 1
1 77 90 91 57 69 70 1
1 77 91 78 57 70 58 1
1 78 91 79 58 70 59 1
1 91 92 79 70 71 59 1
1 79 92 93 59 71 72 1
1 79 93 80 59 72 60 1
1 80 93 81 60 72 61 1
1 93 94 81 72 73 61 1
1 81 94 95 61 73 62 1
1 81 95 82 61 62 50 1
1 83 96 97 62 74 75 1
1 83 97 84 62 75 63 1
1 84 97 85 63 75 64 1
1 97 98 85 75 76 64 1
1 85 98 99 64 76 77 1
1 85 99 86 64 77 65 1
1 86 99 87 65 77 66 1
1 99 100 87 77 78 66 1
1 87 100 101 66 78 79 1
1 87 101 88 66 79 67 1
1 88 101 89 67 79 68 1
1 101 102 89 79 80 68 1
1 89 102 103 68 80 81 1
1 89 103 90 68 81 69 1
1 90 103 91 69 81 70 1
1 103 104 91 81 82 70 1
1 91 104 105 70 82 83 1
1 91 105 92 70 83 71 1
1 92 105 93 71 83 72 1
1 105 106 93 83 84 72 1
1 93 106 107 72 84 85 1
1 93 107 94 72 85 73 1
1 94 107 95 73 85 62 1
1 107 108 95 85 74 62 1
1 96 2 97 74 2 75 1
1 2 1 97 2 1 75 1
1 97 1 4 75 1 3 1
1 97 4 98 75 3 76 1
1 98 4 99 76 3 77 1
1 4 6 99 3 4 77 1
1 99 6 8 77 4 5 1
1 99 8 100 77 5 78 1
1 100 8 101 78 5 79 1
1 8 10 101 5 6 79 1
1 101 10 12 79 6 7 1
1 101 12 102 79 7 80 1
1 102 12 103 80 7 81 1
1 12 14 103 7 8 81 1
1 103 14 16 81 8 9 1
1 103 16 104 81 9 82 1
1 104 16 105 82 9 83 1
1 16 18 105 9 10 83 1
1 105 18 20 83 10 11 1
1 105 20 106 83 11 84 1
1 106 20 107 84 11 85 1
1 20 22 107 11 12 85 1
1 107 22 24 85 12 2 1
1 107 24 108 85 2 74 1

Materials: 1
"Material01"
1.000000 1.000000 1.000000 1.000000
0.000000 0.000000 0.000000 1.000000
0.000000 0.000000 0.000000 1.000000
0.000000 0.000000 0.000000 1.000000
0.000000
1.000000
"sphere_cball.bmp"
""

Bones: 0
GroupComments: 0
MaterialComments: 0
BoneComments: 0
ModelComment: 0
