// MilkShape 3D ASCII

Frames: 30
Frame: 1

Meshes: 5
"body" 1 1
65
1 2.500000 -36.339142 0.000000 0.000000 0.900000 -1
1 2.500000 27.353983 0.000000 0.000000 0.800000 -1
1 2.165063 -36.339142 1.250000 0.083333 0.900000 -1
1 2.165063 27.353983 1.250000 0.083333 0.800000 -1
1 2.161341 31.194456 0.000000 0.000000 0.700000 -1
1 1.871776 31.194456 1.080666 0.083333 0.700000 -1
1 2.025000 31.880651 0.000000 0.000000 0.600000 -1
1 1.753701 31.880651 1.012497 0.083333 0.600000 -1
1 1.822500 33.845650 0.000000 0.000000 0.500000 -1
1 1.578331 33.845650 0.911247 0.083333 0.500000 -1
1 1.250000 27.353983 2.165062 0.166667 0.800000 -1
1 1.250000 -36.339142 2.165062 0.166667 0.900000 -1
1 1.080670 31.194456 1.871780 0.166667 0.700000 -1
1 1.012500 31.880651 1.753700 0.166667 0.600000 -1
1 0.911250 33.845650 1.578331 0.166667 0.500000 -1
1 0.000000 -36.339142 2.500000 0.250000 0.900000 -1
1 0.000000 27.353983 2.500000 0.250000 0.800000 -1
1 -0.000000 31.194456 2.161339 0.250000 0.700000 -1
1 0.000000 31.880651 2.025002 0.250000 0.600000 -1
1 0.000000 33.845650 1.822502 0.250000 0.500000 -1
1 -1.250000 27.353983 2.165062 0.333333 0.800000 -1
1 -1.250000 -36.339142 2.165062 0.333333 0.900000 -1
1 -1.080670 31.194456 1.871780 0.333333 0.700000 -1
1 -1.012500 31.880651 1.753700 0.333333 0.600000 -1
1 -0.911250 33.845650 1.578331 0.333333 0.500000 -1
1 -2.165063 -36.339142 1.250000 0.416667 0.900000 -1
1 -2.165063 27.353983 1.250000 0.416667 0.800000 -1
1 -1.871776 31.194456 1.080666 0.416667 0.700000 -1
1 -1.753701 31.880651 1.012497 0.416667 0.600000 -1
1 -1.578331 33.845650 0.911247 0.416667 0.500000 -1
1 -2.500000 27.353983 0.000000 0.500000 0.800000 -1
1 -2.500000 -36.339142 0.000000 0.500000 0.900000 -1
1 -2.161341 31.194456 0.000000 0.500000 0.700000 -1
1 -2.025000 31.880651 0.000000 0.500000 0.600000 -1
1 -1.822500 33.845650 0.000000 0.500000 0.500000 -1
1 -2.165063 -36.339142 -1.250000 0.583333 0.900000 -1
1 -2.165063 27.353983 -1.250000 0.583333 0.800000 -1
1 -1.871776 31.194456 -1.080666 0.583333 0.700000 -1
1 -1.753701 31.880651 -1.012505 0.583333 0.600000 -1
1 -1.578331 33.845650 -0.911255 0.583333 0.500000 -1
1 -1.250000 27.353983 -2.165062 0.666667 0.800000 -1
1 -1.250000 -36.339142 -2.165062 0.666667 0.900000 -1
1 -1.080670 31.194456 -1.871780 0.666667 0.700000 -1
1 -1.012500 31.880651 -1.753700 0.666667 0.600000 -1
1 -0.911250 33.845650 -1.578331 0.666667 0.500000 -1
1 -0.000000 -36.339142 -2.500000 0.750000 0.900000 -1
1 -0.000000 27.353983 -2.500000 0.750000 0.800000 -1
1 -0.000000 31.194456 -2.161339 0.750000 0.700000 -1
1 0.000000 31.880651 -2.025002 0.750000 0.600000 -1
1 0.000000 33.845650 -1.822502 0.750000 0.500000 -1
1 1.250000 27.353983 -2.165062 0.833333 0.800000 -1
1 1.250000 -36.339142 -2.165062 0.833333 0.900000 -1
1 1.080670 31.194456 -1.871780 0.833333 0.700000 -1
1 1.012500 31.880651 -1.753700 0.833333 0.600000 -1
1 0.911250 33.845650 -1.578331 0.833333 0.500000 -1
1 2.165063 -36.339142 -1.250000 0.916667 0.900000 -1
1 2.165063 27.353983 -1.250000 0.916667 0.800000 -1
1 1.871776 31.194456 -1.080666 0.916667 0.700000 -1
1 1.753701 31.880651 -1.012505 0.916667 0.600000 -1
1 1.578331 33.845650 -0.911255 0.916667 0.500000 -1
1 2.500000 27.353983 0.000000 1.000000 0.800000 -1
1 2.500000 -36.339142 0.000000 1.000000 0.900000 -1
1 2.161341 31.194456 0.000000 1.000000 0.700000 -1
1 2.025000 31.880651 0.000000 1.000000 0.600000 -1
1 1.822500 33.845650 0.000000 1.000000 0.500000 -1
65
0.965926 0.000000 0.258819
0.965054 0.042473 0.258586
0.866025 0.000000 0.500000
0.865188 0.043969 0.499517
0.956836 0.136863 0.256385
0.857300 0.141596 0.494962
0.955870 0.143914 0.256126
0.856374 0.148879 0.494428
0.961175 0.099053 0.257547
0.861463 0.102510 0.497366
0.499517 0.043968 0.865188
0.500000 0.000000 0.866025
0.494962 0.141598 0.857300
0.494429 0.148880 0.856373
0.497368 0.102510 0.861462
0.000000 0.000000 1.000000
0.000000 0.043969 0.999033
-0.000000 0.141595 0.989925
0.000000 0.148877 0.988856
0.000000 0.102510 0.994732
-0.499517 0.043968 0.865188
-0.500000 0.000000 0.866025
-0.494962 0.141598 0.857300
-0.494429 0.148880 0.856373
-0.497368 0.102510 0.861462
-0.866025 0.000000 0.500000
-0.865188 0.043969 0.499517
-0.857300 0.141596 0.494962
-0.856374 0.148879 0.494428
-0.861463 0.102510 0.497366
-0.999033 0.043969 0.000000
-1.000000 0.000000 0.000000
-0.989925 0.141595 0.000000
-0.988855 0.148879 0.000001
-0.994732 0.102511 0.000001
-0.866025 0.000000 -0.500000
-0.865188 0.043969 -0.499517
-0.857300 0.141594 -0.494962
-0.856373 0.148877 -0.494429
-0.861462 0.102511 -0.497367
-0.499517 0.043968 -0.865188
-0.500000 0.000000 -0.866025
-0.494962 0.141598 -0.857300
-0.494427 0.148879 -0.856374
-0.497365 0.102510 -0.861463
0.000000 0.000000 -1.000000
0.000000 0.043969 -0.999033
0.000000 0.141595 -0.989925
0.000000 0.148877 -0.988856
0.000000 0.102510 -0.994732
0.499517 0.043968 -0.865188
0.500000 0.000000 -0.866025
0.494962 0.141598 -0.857300
0.494427 0.148879 -0.856374
0.497365 0.102510 -0.861463
0.866025 0.000000 -0.500000
0.865188 0.043969 -0.499517
0.857300 0.141594 -0.494962
0.856373 0.148877 -0.494429
0.861462 0.102511 -0.497367
0.965054 0.042473 -0.258586
0.965926 0.000000 -0.258819
0.956836 0.136863 -0.256385
0.955871 0.143913 -0.256124
0.961176 0.099053 -0.257545
96
1 0 1 2 0 1 2 1
1 1 3 2 1 3 2 1
1 1 4 5 1 4 5 1
1 1 5 3 1 5 3 1
1 4 6 5 4 6 5 1
1 6 7 5 6 7 5 1
1 6 8 9 6 8 9 1
1 6 9 7 6 9 7 1
1 2 3 10 2 3 10 1
1 2 10 11 2 10 11 1
1 3 5 10 3 5 10 1
1 5 12 10 5 12 10 1
1 5 7 13 5 7 13 1
1 5 13 12 5 13 12 1
1 7 9 13 7 9 13 1
1 9 14 13 9 14 13 1
1 11 10 15 11 10 15 1
1 10 16 15 10 16 15 1
1 10 12 17 10 12 17 1
1 10 17 16 10 17 16 1
1 12 13 17 12 13 17 1
1 13 18 17 13 18 17 1
1 13 14 19 13 14 19 1
1 13 19 18 13 19 18 1
1 15 16 20 15 16 20 1
1 15 20 21 15 20 21 1
1 16 17 20 16 17 20 1
1 17 22 20 17 22 20 1
1 17 18 23 17 18 23 1
1 17 23 22 17 23 22 1
1 18 19 23 18 19 23 1
1 19 24 23 19 24 23 1
1 21 20 25 21 20 25 1
1 20 26 25 20 26 25 1
1 20 22 27 20 22 27 1
1 20 27 26 20 27 26 1
1 22 23 27 22 23 27 1
1 23 28 27 23 28 27 1
1 23 24 29 23 24 29 1
1 23 29 28 23 29 28 1
1 25 26 30 25 26 30 1
1 25 30 31 25 30 31 1
1 26 27 30 26 27 30 1
1 27 32 30 27 32 30 1
1 27 28 33 27 28 33 1
1 27 33 32 27 33 32 1
1 28 29 33 28 29 33 1
1 29 34 33 29 34 33 1
1 31 30 35 31 30 35 1
1 30 36 35 30 36 35 1
1 30 32 37 30 32 37 1
1 30 37 36 30 37 36 1
1 32 33 37 32 33 37 1
1 33 38 37 33 38 37 1
1 33 34 39 33 34 39 1
1 33 39 38 33 39 38 1
1 35 36 40 35 36 40 1
1 35 40 41 35 40 41 1
1 36 37 40 36 37 40 1
1 37 42 40 37 42 40 1
1 37 38 43 37 38 43 1
1 37 43 42 37 43 42 1
1 38 39 43 38 39 43 1
1 39 44 43 39 44 43 1
1 41 40 45 41 40 45 1
1 40 46 45 40 46 45 1
1 40 42 47 40 42 47 1
1 40 47 46 40 47 46 1
1 42 43 47 42 43 47 1
1 43 48 47 43 48 47 1
1 43 44 49 43 44 49 1
1 43 49 48 43 49 48 1
1 45 46 50 45 46 50 1
1 45 50 51 45 50 51 1
1 46 47 50 46 47 50 1
1 47 52 50 47 52 50 1
1 47 48 53 47 48 53 1
1 47 53 52 47 53 52 1
1 48 49 53 48 49 53 1
1 49 54 53 49 54 53 1
1 51 50 55 51 50 55 1
1 50 56 55 50 56 55 1
1 50 52 57 50 52 57 1
1 50 57 56 50 57 56 1
1 52 53 57 52 53 57 1
1 53 58 57 53 58 57 1
1 53 54 59 53 54 59 1
1 53 59 58 53 59 58 1
1 55 56 60 55 56 60 1
1 55 60 61 55 60 61 1
1 56 57 60 56 57 60 1
1 57 62 60 57 62 60 1
1 57 58 63 57 58 63 1
1 57 63 62 57 63 62 1
1 58 59 63 58 59 63 1
1 59 64 63 59 64 63 1
"fins" 1 1
352
1 -0.206743 18.913054 3.925194 0.000000 0.000000 -1
1 -0.206743 17.181673 3.925194 0.000000 1.000000 -1
1 0.206743 18.913054 3.925194 1.000000 0.000000 -1
1 0.206743 17.181673 3.925194 1.000000 1.000000 -1
1 0.206743 18.913054 3.925194 0.000000 0.000000 -1
1 0.206743 17.181673 3.925194 0.000000 1.000000 -1
1 0.206743 19.568947 2.155968 1.000000 0.000000 -1
1 0.206743 16.371943 2.079018 1.000000 1.000000 -1
1 0.206743 19.568947 2.155968 0.000000 0.000000 -1
1 0.206743 16.371943 2.079018 0.000000 1.000000 -1
1 -0.206743 19.568947 2.155968 1.000000 0.000000 -1
1 -0.206743 16.371943 2.079018 1.000000 1.000000 -1
1 -0.206743 19.568947 2.155968 0.000000 0.000000 -1
1 -0.206743 16.371943 2.079018 0.000000 1.000000 -1
1 -0.206743 18.913054 3.925194 1.000000 0.000000 -1
1 -0.206743 17.181673 3.925194 1.000000 1.000000 -1
1 -0.206743 18.913054 3.925194 0.000000 1.000000 -1
1 0.206743 18.913054 3.925194 1.000000 1.000000 -1
1 -0.206743 17.181673 3.925194 0.000000 0.000000 -1
1 0.206743 17.181673 3.925194 1.000000 0.000000 -1
1 -0.347766 -26.121786 5.967545 0.000000 0.000000 -1
1 -0.347766 -29.863848 5.967545 0.000000 0.500000 -1
1 -0.000000 -26.121786 5.967545 0.500000 0.000000 -1
1 -0.347766 -33.828133 5.967545 0.000000 1.000000 -1
1 -0.000000 -33.828133 5.967545 0.500000 1.000000 -1
1 -0.000000 -29.863848 5.967545 0.500000 0.500000 -1
1 0.347766 -26.121786 5.967545 0.000000 0.000000 -1
1 0.347766 -29.863848 5.967545 0.000000 0.500000 -1
1 0.347766 -19.939249 3.527069 0.500000 0.000000 -1
1 0.347766 -33.828133 5.967545 0.000000 1.000000 -1
1 0.347766 -34.661476 3.915955 0.500000 1.000000 -1
1 0.347766 -29.863848 3.360405 0.500000 0.500000 -1
1 0.347766 -19.828136 0.753258 0.000000 0.000000 -1
1 0.347766 -29.863848 0.753258 0.000000 0.500000 -1
1 -0.000000 -19.828136 0.753258 0.500000 0.000000 -1
1 0.347766 -34.661469 1.531036 0.000000 1.000000 -1
1 -0.000000 -34.661469 1.531036 0.500000 1.000000 -1
1 -0.000000 -29.863848 0.753258 0.500000 0.500000 -1
1 -0.347766 -19.828136 0.753258 0.000000 0.000000 -1
1 -0.347766 -29.863848 0.753258 0.000000 0.500000 -1
1 -0.347766 -19.939249 3.527069 0.500000 0.000000 -1
1 -0.347766 -34.661469 1.531036 0.000000 1.000000 -1
1 -0.347766 -34.661476 3.915955 0.500000 1.000000 -1
1 -0.347766 -29.863848 3.360405 0.500000 0.500000 -1
1 -0.347766 -19.939249 3.527069 0.000000 0.500000 -1
1 -0.347766 -26.121786 5.967545 0.000000 1.000000 -1
1 -0.000000 -26.121786 5.967545 0.500000 1.000000 -1
1 -0.000000 -19.939249 3.527069 0.500000 0.500000 -1
1 -0.347766 -33.828133 5.967545 0.000000 0.000000 -1
1 -0.347766 -34.661476 3.915955 0.000000 0.500000 -1
1 -0.000000 -33.828133 5.967545 0.500000 0.000000 -1
1 -0.000000 -34.661476 3.915955 0.500000 0.500000 -1
1 0.347766 -26.121786 5.967545 1.000000 0.000000 -1
1 0.347766 -29.863848 5.967545 1.000000 0.500000 -1
1 0.347766 -33.828133 5.967545 1.000000 1.000000 -1
1 0.347766 -19.828136 0.753258 1.000000 0.000000 -1
1 0.347766 -29.863848 0.753258 1.000000 0.500000 -1
1 0.347766 -34.661469 1.531036 1.000000 1.000000 -1
1 -0.347766 -19.828136 0.753258 1.000000 0.000000 -1
1 -0.347766 -29.863848 0.753258 1.000000 0.500000 -1
1 -0.347766 -34.661469 1.531036 1.000000 1.000000 -1
1 -0.347766 -26.121786 5.967545 1.000000 0.000000 -1
1 -0.347766 -29.863848 5.967545 1.000000 0.500000 -1
1 -0.347766 -33.828133 5.967545 1.000000 1.000000 -1
1 0.347766 -19.939249 3.527069 1.000000 0.500000 -1
1 0.347766 -26.121786 5.967545 1.000000 1.000000 -1
1 0.347766 -33.828133 5.967545 1.000000 0.000000 -1
1 0.347766 -34.661476 3.915955 1.000000 0.500000 -1
1 -0.264002 -3.828133 4.110397 0.000000 0.000000 -1
1 -0.264002 -6.399561 4.110397 0.000000 1.000000 -1
1 0.264002 -3.828133 4.110397 1.000000 0.000000 -1
1 0.264002 -6.399561 4.110397 1.000000 1.000000 -1
1 0.264002 -3.828133 4.110397 0.000000 0.000000 -1
1 0.264002 -6.399561 4.110397 0.000000 1.000000 -1
1 0.264002 -1.970991 2.538979 1.000000 0.000000 -1
1 0.264002 -6.399561 1.824684 1.000000 1.000000 -1
1 0.264002 -1.970991 2.538979 0.000000 0.000000 -1
1 0.264002 -6.399561 1.824684 0.000000 1.000000 -1
1 -0.264002 -1.970991 2.538979 1.000000 0.000000 -1
1 -0.264002 -6.399561 1.824684 1.000000 1.000000 -1
1 -0.264002 -1.970991 2.538979 0.000000 0.000000 -1
1 -0.264002 -6.399561 1.824684 0.000000 1.000000 -1
1 -0.264002 -3.828133 4.110397 1.000000 0.000000 -1
1 -0.264002 -6.399561 4.110397 1.000000 1.000000 -1
1 -0.264002 -3.828133 4.110397 0.000000 1.000000 -1
1 0.264002 -3.828133 4.110397 1.000000 1.000000 -1
1 -0.264002 -6.399561 4.110397 0.000000 0.000000 -1
1 0.264002 -6.399561 4.110397 1.000000 0.000000 -1
1 0.206743 18.913054 -3.925194 1.000000 0.000000 -1
1 -0.206743 17.181673 -3.925194 0.000000 1.000000 -1
1 -0.206743 18.913054 -3.925194 0.000000 0.000000 -1
1 0.206743 17.181673 -3.925194 1.000000 1.000000 -1
1 0.206743 19.568947 -2.155968 1.000000 0.000000 -1
1 0.206743 17.181673 -3.925194 0.000000 1.000000 -1
1 0.206743 18.913054 -3.925194 0.000000 0.000000 -1
1 0.206743 16.371943 -2.079018 1.000000 1.000000 -1
1 -0.206743 19.568947 -2.155968 1.000000 0.000000 -1
1 0.206743 16.371943 -2.079018 0.000000 1.000000 -1
1 0.206743 19.568947 -2.155968 0.000000 0.000000 -1
1 -0.206743 16.371943 -2.079018 1.000000 1.000000 -1
1 -0.206743 18.913054 -3.925194 1.000000 0.000000 -1
1 -0.206743 16.371943 -2.079018 0.000000 1.000000 -1
1 -0.206743 19.568947 -2.155968 0.000000 0.000000 -1
1 -0.206743 17.181673 -3.925194 1.000000 1.000000 -1
1 -0.206743 18.913054 -3.925194 0.000000 1.000000 -1
1 0.206743 18.913054 -3.925194 1.000000 1.000000 -1
1 0.206743 17.181673 -3.925194 1.000000 0.000000 -1
1 -0.206743 17.181673 -3.925194 0.000000 0.000000 -1
1 -0.000000 -26.121786 -5.967545 0.500000 0.000000 -1
1 -0.347766 -29.863848 -5.967545 0.000000 0.500000 -1
1 -0.347766 -26.121786 -5.967545 0.000000 0.000000 -1
1 -0.000000 -29.863848 -5.967545 0.500000 0.500000 -1
1 -0.000000 -33.828133 -5.967545 0.500000 1.000000 -1
1 -0.347766 -33.828133 -5.967545 0.000000 1.000000 -1
1 0.347766 -19.939249 -3.527069 0.500000 0.000000 -1
1 0.347766 -29.863848 -5.967545 0.000000 0.500000 -1
1 0.347766 -26.121786 -5.967545 0.000000 0.000000 -1
1 0.347766 -29.863848 -3.360405 0.500000 0.500000 -1
1 0.347766 -34.661476 -3.915955 0.500000 1.000000 -1
1 0.347766 -33.828133 -5.967545 0.000000 1.000000 -1
1 -0.000000 -19.828136 -0.753258 0.500000 0.000000 -1
1 0.347766 -29.863848 -0.753258 0.000000 0.500000 -1
1 0.347766 -19.828136 -0.753258 0.000000 0.000000 -1
1 -0.000000 -29.863848 -0.753258 0.500000 0.500000 -1
1 -0.000000 -34.661469 -1.531036 0.500000 1.000000 -1
1 0.347766 -34.661469 -1.531036 0.000000 1.000000 -1
1 -0.347766 -19.939249 -3.527069 0.500000 0.000000 -1
1 -0.347766 -29.863848 -0.753258 0.000000 0.500000 -1
1 -0.347766 -19.828136 -0.753258 0.000000 0.000000 -1
1 -0.347766 -29.863848 -3.360405 0.500000 0.500000 -1
1 -0.347766 -34.661476 -3.915955 0.500000 1.000000 -1
1 -0.347766 -34.661469 -1.531036 0.000000 1.000000 -1
1 -0.347766 -19.939249 -3.527069 0.000000 0.500000 -1
1 -0.000000 -19.939249 -3.527069 0.500000 0.500000 -1
1 -0.000000 -26.121786 -5.967545 0.500000 1.000000 -1
1 -0.347766 -26.121786 -5.967545 0.000000 1.000000 -1
1 -0.000000 -33.828133 -5.967545 0.500000 0.000000 -1
1 -0.347766 -34.661476 -3.915955 0.000000 0.500000 -1
1 -0.347766 -33.828133 -5.967545 0.000000 0.000000 -1
1 -0.000000 -34.661476 -3.915955 0.500000 0.500000 -1
1 0.347766 -26.121786 -5.967545 1.000000 0.000000 -1
1 0.347766 -29.863848 -5.967545 1.000000 0.500000 -1
1 0.347766 -33.828133 -5.967545 1.000000 1.000000 -1
1 0.347766 -19.828136 -0.753258 1.000000 0.000000 -1
1 0.347766 -29.863848 -0.753258 1.000000 0.500000 -1
1 0.347766 -34.661469 -1.531036 1.000000 1.000000 -1
1 -0.347766 -19.828136 -0.753258 1.000000 0.000000 -1
1 -0.347766 -29.863848 -0.753258 1.000000 0.500000 -1
1 -0.347766 -34.661469 -1.531036 1.000000 1.000000 -1
1 -0.347766 -26.121786 -5.967545 1.000000 0.000000 -1
1 -0.347766 -29.863848 -5.967545 1.000000 0.500000 -1
1 -0.347766 -33.828133 -5.967545 1.000000 1.000000 -1
1 0.347766 -19.939249 -3.527069 1.000000 0.500000 -1
1 0.347766 -26.121786 -5.967545 1.000000 1.000000 -1
1 0.347766 -33.828133 -5.967545 1.000000 0.000000 -1
1 0.347766 -34.661476 -3.915955 1.000000 0.500000 -1
1 0.264002 -3.828133 -4.110397 1.000000 0.000000 -1
1 -0.264002 -6.399561 -4.110397 0.000000 1.000000 -1
1 -0.264002 -3.828133 -4.110397 0.000000 0.000000 -1
1 0.264002 -6.399561 -4.110397 1.000000 1.000000 -1
1 0.264002 -1.970991 -2.538979 1.000000 0.000000 -1
1 0.264002 -6.399561 -4.110397 0.000000 1.000000 -1
1 0.264002 -3.828133 -4.110397 0.000000 0.000000 -1
1 0.264002 -6.399561 -1.824684 1.000000 1.000000 -1
1 -0.264002 -1.970991 -2.538979 1.000000 0.000000 -1
1 0.264002 -6.399561 -1.824684 0.000000 1.000000 -1
1 0.264002 -1.970991 -2.538979 0.000000 0.000000 -1
1 -0.264002 -6.399561 -1.824684 1.000000 1.000000 -1
1 -0.264002 -3.828133 -4.110397 1.000000 0.000000 -1
1 -0.264002 -6.399561 -1.824684 0.000000 1.000000 -1
1 -0.264002 -1.970991 -2.538979 0.000000 0.000000 -1
1 -0.264002 -6.399561 -4.110397 1.000000 1.000000 -1
1 -0.264002 -3.828133 -4.110397 0.000000 1.000000 -1
1 0.264002 -3.828133 -4.110397 1.000000 1.000000 -1
1 0.264002 -6.399561 -4.110397 1.000000 0.000000 -1
1 -0.264002 -6.399561 -4.110397 0.000000 0.000000 -1
1 3.925194 18.913054 0.206742 0.000000 0.000000 -1
1 3.925194 17.181673 0.206742 0.000000 1.000000 -1
1 3.925194 18.913054 -0.206743 1.000000 0.000000 -1
1 3.925194 17.181673 -0.206743 1.000000 1.000000 -1
1 3.925194 18.913054 -0.206743 0.000000 0.000000 -1
1 3.925194 17.181673 -0.206743 0.000000 1.000000 -1
1 2.155968 19.568947 -0.206743 1.000000 0.000000 -1
1 2.079018 16.371943 -0.206743 1.000000 1.000000 -1
1 2.155968 19.568947 -0.206743 0.000000 0.000000 -1
1 2.079018 16.371943 -0.206743 0.000000 1.000000 -1
1 2.155968 19.568947 0.206742 1.000000 0.000000 -1
1 2.079018 16.371943 0.206742 1.000000 1.000000 -1
1 2.155968 19.568947 0.206742 0.000000 0.000000 -1
1 2.079018 16.371943 0.206742 0.000000 1.000000 -1
1 3.925194 18.913054 0.206742 1.000000 0.000000 -1
1 3.925194 17.181673 0.206742 1.000000 1.000000 -1
1 3.925194 18.913054 0.206742 0.000000 1.000000 -1
1 3.925194 18.913054 -0.206743 1.000000 1.000000 -1
1 3.925194 17.181673 0.206742 0.000000 0.000000 -1
1 3.925194 17.181673 -0.206743 1.000000 0.000000 -1
1 5.967545 -26.121786 0.347766 0.000000 0.000000 -1
1 5.967545 -29.863848 0.347766 0.000000 0.500000 -1
1 5.967545 -26.121786 -0.000000 0.500000 0.000000 -1
1 5.967545 -33.828133 0.347766 0.000000 1.000000 -1
1 5.967545 -33.828133 -0.000000 0.500000 1.000000 -1
1 5.967545 -29.863848 -0.000000 0.500000 0.500000 -1
1 5.967545 -26.121786 -0.347766 0.000000 0.000000 -1
1 5.967545 -29.863848 -0.347766 0.000000 0.500000 -1
1 3.527069 -19.939249 -0.347766 0.500000 0.000000 -1
1 5.967545 -33.828133 -0.347766 0.000000 1.000000 -1
1 3.915955 -34.661476 -0.347766 0.500000 1.000000 -1
1 3.360405 -29.863848 -0.347766 0.500000 0.500000 -1
1 0.753258 -19.828136 -0.347766 0.000000 0.000000 -1
1 0.753258 -29.863848 -0.347766 0.000000 0.500000 -1
1 0.753258 -19.828136 -0.000000 0.500000 0.000000 -1
1 1.531036 -34.661469 -0.347766 0.000000 1.000000 -1
1 1.531036 -34.661469 -0.000000 0.500000 1.000000 -1
1 0.753258 -29.863848 -0.000000 0.500000 0.500000 -1
1 0.753258 -19.828136 0.347766 0.000000 0.000000 -1
1 0.753258 -29.863848 0.347766 0.000000 0.500000 -1
1 3.527069 -19.939249 0.347766 0.500000 0.000000 -1
1 1.531036 -34.661469 0.347766 0.000000 1.000000 -1
1 3.915955 -34.661476 0.347766 0.500000 1.000000 -1
1 3.360405 -29.863848 0.347766 0.500000 0.500000 -1
1 3.527069 -19.939249 0.347766 0.000000 0.500000 -1
1 5.967545 -26.121786 0.347766 0.000000 1.000000 -1
1 5.967545 -26.121786 -0.000000 0.500000 1.000000 -1
1 3.527069 -19.939249 -0.000000 0.500000 0.500000 -1
1 5.967545 -33.828133 0.347766 0.000000 0.000000 -1
1 3.915955 -34.661476 0.347766 0.000000 0.500000 -1
1 5.967545 -33.828133 -0.000000 0.500000 0.000000 -1
1 3.915955 -34.661476 -0.000000 0.500000 0.500000 -1
1 5.967545 -26.121786 -0.347766 1.000000 0.000000 -1
1 5.967545 -29.863848 -0.347766 1.000000 0.500000 -1
1 5.967545 -33.828133 -0.347766 1.000000 1.000000 -1
1 0.753258 -19.828136 -0.347766 1.000000 0.000000 -1
1 0.753258 -29.863848 -0.347766 1.000000 0.500000 -1
1 1.531036 -34.661469 -0.347766 1.000000 1.000000 -1
1 0.753258 -19.828136 0.347766 1.000000 0.000000 -1
1 0.753258 -29.863848 0.347766 1.000000 0.500000 -1
1 1.531036 -34.661469 0.347766 1.000000 1.000000 -1
1 5.967545 -26.121786 0.347766 1.000000 0.000000 -1
1 5.967545 -29.863848 0.347766 1.000000 0.500000 -1
1 5.967545 -33.828133 0.347766 1.000000 1.000000 -1
1 3.527069 -19.939249 -0.347766 1.000000 0.500000 -1
1 5.967545 -26.121786 -0.347766 1.000000 1.000000 -1
1 5.967545 -33.828133 -0.347766 1.000000 0.000000 -1
1 3.915955 -34.661476 -0.347766 1.000000 0.500000 -1
1 4.110397 -3.828133 0.264002 0.000000 0.000000 -1
1 4.110397 -6.399561 0.264002 0.000000 1.000000 -1
1 4.110397 -3.828133 -0.264002 1.000000 0.000000 -1
1 4.110397 -6.399561 -0.264002 1.000000 1.000000 -1
1 4.110397 -3.828133 -0.264002 0.000000 0.000000 -1
1 4.110397 -6.399561 -0.264002 0.000000 1.000000 -1
1 2.538979 -1.970991 -0.264002 1.000000 0.000000 -1
1 1.824684 -6.399561 -0.264002 1.000000 1.000000 -1
1 2.538979 -1.970991 -0.264002 0.000000 0.000000 -1
1 1.824684 -6.399561 -0.264002 0.000000 1.000000 -1
1 2.538979 -1.970991 0.264002 1.000000 0.000000 -1
1 1.824684 -6.399561 0.264002 1.000000 1.000000 -1
1 2.538979 -1.970991 0.264002 0.000000 0.000000 -1
1 1.824684 -6.399561 0.264002 0.000000 1.000000 -1
1 4.110397 -3.828133 0.264002 1.000000 0.000000 -1
1 4.110397 -6.399561 0.264002 1.000000 1.000000 -1
1 4.110397 -3.828133 0.264002 0.000000 1.000000 -1
1 4.110397 -3.828133 -0.264002 1.000000 1.000000 -1
1 4.110397 -6.399561 0.264002 0.000000 0.000000 -1
1 4.110397 -6.399561 -0.264002 1.000000 0.000000 -1
1 -3.925194 18.913054 -0.206743 1.000000 0.000000 -1
1 -3.925194 17.181673 0.206743 0.000000 1.000000 -1
1 -3.925194 18.913054 0.206743 0.000000 0.000000 -1
1 -3.925194 17.181673 -0.206743 1.000000 1.000000 -1
1 -2.155967 19.568947 -0.206743 1.000000 0.000000 -1
1 -3.925194 17.181673 -0.206743 0.000000 1.000000 -1
1 -3.925194 18.913054 -0.206743 0.000000 0.000000 -1
1 -2.079017 16.371943 -0.206743 1.000000 1.000000 -1
1 -2.155967 19.568947 0.206743 1.000000 0.000000 -1
1 -2.079017 16.371943 -0.206743 0.000000 1.000000 -1
1 -2.155967 19.568947 -0.206743 0.000000 0.000000 -1
1 -2.079017 16.371943 0.206743 1.000000 1.000000 -1
1 -3.925194 18.913054 0.206743 1.000000 0.000000 -1
1 -2.079017 16.371943 0.206743 0.000000 1.000000 -1
1 -2.155967 19.568947 0.206743 0.000000 0.000000 -1
1 -3.925194 17.181673 0.206743 1.000000 1.000000 -1
1 -3.925194 18.913054 0.206743 0.000000 1.000000 -1
1 -3.925194 18.913054 -0.206743 1.000000 1.000000 -1
1 -3.925194 17.181673 -0.206743 1.000000 0.000000 -1
1 -3.925194 17.181673 0.206743 0.000000 0.000000 -1
1 -5.967545 -26.121786 0.000000 0.500000 0.000000 -1
1 -5.967545 -29.863848 0.347766 0.000000 0.500000 -1
1 -5.967545 -26.121786 0.347766 0.000000 0.000000 -1
1 -5.967545 -29.863848 0.000000 0.500000 0.500000 -1
1 -5.967545 -33.828133 0.000000 0.500000 1.000000 -1
1 -5.967545 -33.828133 0.347766 0.000000 1.000000 -1
1 -3.527069 -19.939249 -0.347766 0.500000 0.000000 -1
1 -5.967545 -29.863848 -0.347766 0.000000 0.500000 -1
1 -5.967545 -26.121786 -0.347766 0.000000 0.000000 -1
1 -3.360405 -29.863848 -0.347766 0.500000 0.500000 -1
1 -3.915954 -34.661476 -0.347766 0.500000 1.000000 -1
1 -5.967545 -33.828133 -0.347766 0.000000 1.000000 -1
1 -0.753258 -19.828136 -0.000000 0.500000 0.000000 -1
1 -0.753258 -29.863848 -0.347766 0.000000 0.500000 -1
1 -0.753258 -19.828136 -0.347766 0.000000 0.000000 -1
1 -0.753258 -29.863848 -0.000000 0.500000 0.500000 -1
1 -1.531036 -34.661469 -0.000000 0.500000 1.000000 -1
1 -1.531036 -34.661469 -0.347766 0.000000 1.000000 -1
1 -3.527069 -19.939249 0.347766 0.500000 0.000000 -1
1 -0.753258 -29.863848 0.347766 0.000000 0.500000 -1
1 -0.753258 -19.828136 0.347766 0.000000 0.000000 -1
1 -3.360405 -29.863848 0.347766 0.500000 0.500000 -1
1 -3.915954 -34.661476 0.347766 0.500000 1.000000 -1
1 -1.531036 -34.661469 0.347766 0.000000 1.000000 -1
1 -3.527069 -19.939249 0.347766 0.000000 0.500000 -1
1 -3.527069 -19.939249 0.000000 0.500000 0.500000 -1
1 -5.967545 -26.121786 0.000000 0.500000 1.000000 -1
1 -5.967545 -26.121786 0.347766 0.000000 1.000000 -1
1 -5.967545 -33.828133 0.000000 0.500000 0.000000 -1
1 -3.915954 -34.661476 0.347766 0.000000 0.500000 -1
1 -5.967545 -33.828133 0.347766 0.000000 0.000000 -1
1 -3.915954 -34.661476 0.000000 0.500000 0.500000 -1
1 -5.967545 -26.121786 -0.347766 1.000000 0.000000 -1
1 -5.967545 -29.863848 -0.347766 1.000000 0.500000 -1
1 -5.967545 -33.828133 -0.347766 1.000000 1.000000 -1
1 -0.753258 -19.828136 -0.347766 1.000000 0.000000 -1
1 -0.753258 -29.863848 -0.347766 1.000000 0.500000 -1
1 -1.531036 -34.661469 -0.347766 1.000000 1.000000 -1
1 -0.753258 -19.828136 0.347766 1.000000 0.000000 -1
1 -0.753258 -29.863848 0.347766 1.000000 0.500000 -1
1 -1.531036 -34.661469 0.347766 1.000000 1.000000 -1
1 -5.967545 -26.121786 0.347766 1.000000 0.000000 -1
1 -5.967545 -29.863848 0.347766 1.000000 0.500000 -1
1 -5.967545 -33.828133 0.347766 1.000000 1.000000 -1
1 -3.527069 -19.939249 -0.347766 1.000000 0.500000 -1
1 -5.967545 -26.121786 -0.347766 1.000000 1.000000 -1
1 -5.967545 -33.828133 -0.347766 1.000000 0.000000 -1
1 -3.915954 -34.661476 -0.347766 1.000000 0.500000 -1
1 -4.110397 -3.828133 -0.264002 1.000000 0.000000 -1
1 -4.110397 -6.399561 0.264002 0.000000 1.000000 -1
1 -4.110397 -3.828133 0.264002 0.000000 0.000000 -1
1 -4.110397 -6.399561 -0.264002 1.000000 1.000000 -1
1 -2.538978 -1.970991 -0.264002 1.000000 0.000000 -1
1 -4.110397 -6.399561 -0.264002 0.000000 1.000000 -1
1 -4.110397 -3.828133 -0.264002 0.000000 0.000000 -1
1 -1.824684 -6.399561 -0.264002 1.000000 1.000000 -1
1 -2.538978 -1.970991 0.264002 1.000000 0.000000 -1
1 -1.824684 -6.399561 -0.264002 0.000000 1.000000 -1
1 -2.538978 -1.970991 -0.264002 0.000000 0.000000 -1
1 -1.824684 -6.399561 0.264002 1.000000 1.000000 -1
1 -4.110397 -3.828133 0.264002 1.000000 0.000000 -1
1 -1.824684 -6.399561 0.264002 0.000000 1.000000 -1
1 -2.538978 -1.970991 0.264002 0.000000 0.000000 -1
1 -4.110397 -6.399561 0.264002 1.000000 1.000000 -1
1 -4.110397 -3.828133 0.264002 0.000000 1.000000 -1
1 -4.110397 -3.828133 -0.264002 1.000000 1.000000 -1
1 -4.110397 -6.399561 -0.264002 1.000000 0.000000 -1
1 -4.110397 -6.399561 0.264002 0.000000 0.000000 -1
89
0.000000 0.000000 1.000000
1.000000 0.000000 0.000000
0.000000 0.024062 -0.999710
-1.000000 0.000000 0.000000
0.000000 0.937641 0.347605
0.000000 -0.915787 0.401663
0.000000 0.000000 -1.000000
0.000000 -0.053496 -0.998568
0.000000 -0.160028 -0.987112
0.000000 -0.080273 -0.996773
0.000000 0.999199 0.040026
0.000000 0.919652 0.392734
0.000000 0.367167 0.930155
0.000000 0.367167 0.930155
0.000000 0.815366 0.578946
0.000000 -0.926485 0.376332
0.000000 -0.966918 0.255089
0.000000 -0.926485 0.376332
0.000000 -1.000000 -0.000003
0.000000 -0.981449 0.191721
0.000000 -0.106992 -0.994260
0.000000 0.673939 0.738787
0.000000 -0.991833 0.127543
0.000000 0.159235 -0.987241
0.000000 0.645940 0.763388
0.000000 -1.000000 0.000000
0.000000 0.024062 0.999710
0.000000 0.937641 -0.347605
0.000000 -0.915787 -0.401663
0.000000 -0.053496 0.998568
0.000000 -0.080273 0.996773
0.000000 -0.160028 0.987112
0.000000 0.999199 -0.040026
0.000000 0.919652 -0.392734
0.000000 0.815366 -0.578946
0.000000 0.367167 -0.930155
0.000000 0.367167 -0.930155
0.000000 -0.926485 -0.376332
0.000000 -0.966918 -0.255089
0.000000 -0.926485 -0.376332
0.000000 -0.981449 -0.191721
0.000000 -1.000000 0.000003
0.000000 -0.106992 0.994260
0.000000 0.673939 -0.738787
0.000000 -0.991833 -0.127543
0.000000 0.159235 0.987241
0.000000 0.645940 -0.763388
-0.999710 0.024062 0.000000
0.347605 0.937641 0.000000
0.401663 -0.915787 0.000000
-0.998568 -0.053496 0.000000
-0.987112 -0.160028 0.000000
-0.996773 -0.080273 0.000000
0.040026 0.999199 0.000000
0.392734 0.919652 0.000000
0.930155 0.367167 0.000000
0.930155 0.367167 0.000000
0.578946 0.815366 0.000000
0.376332 -0.926485 0.000000
0.255089 -0.966918 0.000000
0.376332 -0.926485 0.000000
-0.000003 -1.000000 0.000000
0.191721 -0.981449 0.000000
-0.994260 -0.106992 0.000000
0.738787 0.673939 0.000000
0.127543 -0.991833 0.000000
-0.987241 0.159235 0.000000
0.763388 0.645940 0.000000
0.999710 0.024062 0.000000
-0.347605 0.937641 0.000000
-0.401663 -0.915788 0.000000
0.998568 -0.053496 0.000000
0.996773 -0.080273 0.000000
0.987112 -0.160028 0.000000
-0.040026 0.999199 0.000000
-0.392734 0.919652 0.000000
-0.578946 0.815366 0.000000
-0.930155 0.367167 0.000000
-0.930155 0.367167 0.000000
-0.376332 -0.926485 0.000000
-0.255089 -0.966918 0.000000
-0.376332 -0.926485 0.000000
-0.191721 -0.981449 0.000000
0.000003 -1.000000 0.000000
0.994260 -0.106992 0.000000
-0.738787 0.673939 0.000000
-0.127543 -0.991833 0.000000
0.987241 0.159234 0.000000
-0.763388 0.645940 0.000000
288
1 0 1 2 0 0 0 1
1 1 3 2 0 0 0 1
1 4 5 6 1 1 1 2
1 5 7 6 1 1 1 2
1 8 9 10 2 2 2 1
1 9 11 10 2 2 2 1
1 12 13 14 3 3 3 2
1 13 15 14 3 3 3 2
1 12 16 6 4 4 4 3
1 16 17 6 4 4 4 3
1 18 13 19 5 5 5 3
1 13 7 19 5 5 5 3
1 20 21 22 0 0 0 1
1 23 24 25 0 0 0 1
1 26 27 28 1 1 1 2
1 29 30 31 1 1 1 2
1 32 33 34 6 7 6 1
1 35 36 37 8 8 9 1
1 38 39 40 3 3 3 2
1 41 42 43 3 3 3 2
1 38 44 34 10 11 10 3
1 45 46 47 12 13 14 3
1 48 49 50 15 16 17 3
1 41 36 51 18 18 19 3
1 52 22 25 0 0 0 1
1 23 25 21 0 0 0 1
1 21 25 22 0 0 0 1
1 52 25 53 0 0 0 1
1 54 53 24 0 0 0 1
1 24 53 25 0 0 0 1
1 55 28 31 1 1 1 2
1 29 31 27 1 1 1 2
1 27 31 28 1 1 1 2
1 55 31 56 1 1 1 2
1 57 56 30 1 1 1 2
1 30 56 31 1 1 1 2
1 58 34 37 6 6 9 1
1 35 37 33 8 9 7 1
1 33 37 34 7 9 6 1
1 58 37 59 6 9 20 1
1 60 59 36 8 20 8 1
1 36 59 37 8 20 9 1
1 61 40 43 3 3 3 2
1 41 43 39 3 3 3 2
1 39 43 40 3 3 3 2
1 61 43 62 3 3 3 2
1 63 62 42 3 3 3 2
1 42 62 43 3 3 3 2
1 55 34 47 10 10 14 3
1 45 47 44 12 14 11 3
1 44 47 34 11 14 10 3
1 55 47 64 10 14 21 3
1 65 64 46 12 21 13 3
1 46 64 47 13 21 14 3
1 66 50 51 15 17 19 3
1 41 51 49 18 19 16 3
1 49 51 50 16 19 17 3
1 66 51 67 15 19 22 3
1 57 67 36 18 22 18 3
1 36 67 51 18 22 19 3
1 68 69 70 0 0 0 1
1 69 71 70 0 0 0 1
1 72 73 74 1 1 1 2
1 73 75 74 1 1 1 2
1 76 77 78 23 23 23 1
1 77 79 78 23 23 23 1
1 80 81 82 3 3 3 2
1 81 83 82 3 3 3 2
1 80 84 74 24 24 24 3
1 84 85 74 24 24 24 3
1 86 81 87 25 25 25 3
1 81 75 87 25 25 25 3
1 88 89 90 6 6 6 1
1 88 91 89 6 6 6 1
1 92 93 94 1 1 1 2
1 92 95 93 1 1 1 2
1 96 97 98 26 26 26 1
1 96 99 97 26 26 26 1
1 100 101 102 3 3 3 2
1 100 103 101 3 3 3 2
1 92 104 102 27 27 27 3
1 92 105 104 27 27 27 3
1 106 101 107 28 28 28 3
1 106 95 101 28 28 28 3
1 108 109 110 6 6 6 1
1 111 112 113 6 6 6 1
1 114 115 116 1 1 1 2
1 117 118 119 1 1 1 2
1 120 121 122 0 29 0 1
1 123 124 125 30 31 31 1
1 126 127 128 3 3 3 2
1 129 130 131 3 3 3 2
1 120 132 128 32 33 32 3
1 133 134 135 34 35 36 3
1 136 137 138 37 38 39 3
1 139 124 131 40 41 41 3
1 111 108 140 6 6 6 1
1 109 111 113 6 6 6 1
1 108 111 109 6 6 6 1
1 141 111 140 6 6 6 1
1 112 141 142 6 6 6 1
1 111 141 112 6 6 6 1
1 117 114 143 1 1 1 2
1 115 117 119 1 1 1 2
1 114 117 115 1 1 1 2
1 144 117 143 1 1 1 2
1 118 144 145 1 1 1 2
1 117 144 118 1 1 1 2
1 123 120 146 30 0 0 1
1 121 123 125 29 30 31 1
1 120 123 121 0 30 29 1
1 147 123 146 42 30 0 1
1 124 147 148 31 42 31 1
1 123 147 124 30 42 31 1
1 129 126 149 3 3 3 2
1 127 129 131 3 3 3 2
1 126 129 127 3 3 3 2
1 150 129 149 3 3 3 2
1 130 150 151 3 3 3 2
1 129 150 130 3 3 3 2
1 133 120 143 34 32 32 3
1 132 133 135 33 34 36 3
1 120 133 132 32 34 33 3
1 152 133 143 43 34 32 3
1 134 152 153 35 43 36 3
1 133 152 134 34 43 35 3
1 139 136 154 40 37 39 3
1 137 139 131 38 40 41 3
1 136 139 137 37 40 38 3
1 155 139 154 44 40 39 3
1 124 155 145 41 44 41 3
1 139 155 124 40 44 41 3
1 156 157 158 6 6 6 1
1 156 159 157 6 6 6 1
1 160 161 162 1 1 1 2
1 160 163 161 1 1 1 2
1 164 165 166 45 45 45 1
1 164 167 165 45 45 45 1
1 168 169 170 3 3 3 2
1 168 171 169 3 3 3 2
1 160 172 170 46 46 46 3
1 160 173 172 46 46 46 3
1 174 169 175 25 25 25 3
1 174 163 169 25 25 25 3
1 176 177 178 1 1 1 1
1 177 179 178 1 1 1 1
1 180 181 182 6 6 6 2
1 181 183 182 6 6 6 2
1 184 185 186 47 47 47 1
1 185 187 186 47 47 47 1
1 188 189 190 0 0 0 2
1 189 191 190 0 0 0 2
1 188 192 182 48 48 48 3
1 192 193 182 48 48 48 3
1 194 189 195 49 49 49 3
1 189 183 195 49 49 49 3
1 196 197 198 1 1 1 1
1 199 200 201 1 1 1 1
1 202 203 204 6 6 6 2
1 205 206 207 6 6 6 2
1 208 209 210 3 50 3 1
1 211 212 213 51 51 52 1
1 214 215 216 0 0 0 2
1 217 218 219 0 0 0 2
1 214 220 210 53 54 53 3
1 221 222 223 55 56 57 3
1 224 225 226 58 59 60 3
1 217 212 227 61 61 62 3
1 228 198 201 1 1 1 1
1 199 201 197 1 1 1 1
1 197 201 198 1 1 1 1
1 228 201 229 1 1 1 1
1 230 229 200 1 1 1 1
1 200 229 201 1 1 1 1
1 231 204 207 6 6 6 2
1 205 207 203 6 6 6 2
1 203 207 204 6 6 6 2
1 231 207 232 6 6 6 2
1 233 232 206 6 6 6 2
1 206 232 207 6 6 6 2
1 234 210 213 3 3 52 1
1 211 213 209 51 52 50 1
1 209 213 210 50 52 3 1
1 234 213 235 3 52 63 1
1 236 235 212 51 63 51 1
1 212 235 213 51 63 52 1
1 237 216 219 0 0 0 2
1 217 219 215 0 0 0 2
1 215 219 216 0 0 0 2
1 237 219 238 0 0 0 2
1 239 238 218 0 0 0 2
1 218 238 219 0 0 0 2
1 231 210 223 53 53 57 3
1 221 223 220 55 57 54 3
1 220 223 210 54 57 53 3
1 231 223 240 53 57 64 3
1 241 240 222 55 64 56 3
1 222 240 223 56 64 57 3
1 242 226 227 58 60 62 3
1 217 227 225 61 62 59 3
1 225 227 226 59 62 60 3
1 242 227 243 58 62 65 3
1 233 243 212 61 65 61 3
1 212 243 227 61 65 62 3
1 244 245 246 1 1 1 1
1 245 247 246 1 1 1 1
1 248 249 250 6 6 6 2
1 249 251 250 6 6 6 2
1 252 253 254 66 66 66 1
1 253 255 254 66 66 66 1
1 256 257 258 0 0 0 2
1 257 259 258 0 0 0 2
1 256 260 250 67 67 67 3
1 260 261 250 67 67 67 3
1 262 257 263 25 25 25 3
1 257 251 263 25 25 25 3
1 264 265 266 3 3 3 1
1 264 267 265 3 3 3 1
1 268 269 270 6 6 6 2
1 268 271 269 6 6 6 2
1 272 273 274 68 68 68 1
1 272 275 273 68 68 68 1
1 276 277 278 0 0 0 2
1 276 279 277 0 0 0 2
1 268 280 278 69 69 69 3
1 268 281 280 69 69 69 3
1 282 277 283 70 70 70 3
1 282 271 277 70 70 70 3
1 284 285 286 3 3 3 1
1 287 288 289 3 3 3 1
1 290 291 292 6 6 6 2
1 293 294 295 6 6 6 2
1 296 297 298 1 71 1 1
1 299 300 301 72 73 73 1
1 302 303 304 0 0 0 2
1 305 306 307 0 0 0 2
1 296 308 304 74 75 74 3
1 309 310 311 76 77 78 3
1 312 313 314 79 80 81 3
1 315 300 307 82 83 83 3
1 287 284 316 3 3 3 1
1 285 287 289 3 3 3 1
1 284 287 285 3 3 3 1
1 317 287 316 3 3 3 1
1 288 317 318 3 3 3 1
1 287 317 288 3 3 3 1
1 293 290 319 6 6 6 2
1 291 293 295 6 6 6 2
1 290 293 291 6 6 6 2
1 320 293 319 6 6 6 2
1 294 320 321 6 6 6 2
1 293 320 294 6 6 6 2
1 299 296 322 72 1 1 1
1 297 299 301 71 72 73 1
1 296 299 297 1 72 71 1
1 323 299 322 84 72 1 1
1 300 323 324 73 84 73 1
1 299 323 300 72 84 73 1
1 305 302 325 0 0 0 2
1 303 305 307 0 0 0 2
1 302 305 303 0 0 0 2
1 326 305 325 0 0 0 2
1 306 326 327 0 0 0 2
1 305 326 306 0 0 0 2
1 309 296 319 76 74 74 3
1 308 309 311 75 76 78 3
1 296 309 308 74 76 75 3
1 328 309 319 85 76 74 3
1 310 328 329 77 85 78 3
1 309 328 310 76 85 77 3
1 315 312 330 82 79 81 3
1 313 315 307 80 82 83 3
1 312 315 313 79 82 80 3
1 331 315 330 86 82 81 3
1 300 331 321 83 86 83 3
1 315 331 300 82 86 83 3
1 332 333 334 3 3 3 1
1 332 335 333 3 3 3 1
1 336 337 338 6 6 6 2
1 336 339 337 6 6 6 2
1 340 341 342 87 87 87 1
1 340 343 341 87 87 87 1
1 344 345 346 0 0 0 2
1 344 347 345 0 0 0 2
1 336 348 346 88 88 88 3
1 336 349 348 88 88 88 3
1 350 345 351 25 25 25 3
1 350 339 345 25 25 25 3
"red" 0 0
117
0 0.000000 38.945656 -0.000008 0.000000 0.000000 -1
0 1.822500 33.845650 0.000000 0.000000 0.500000 -1
0 1.640250 34.720650 0.000000 0.000000 0.400000 -1
0 1.578331 33.845650 0.911247 0.083333 0.500000 -1
0 1.420498 34.720650 0.820122 0.083333 0.400000 -1
0 1.328602 35.959938 0.000000 0.000000 0.300000 -1
0 1.150603 35.959938 0.664299 0.083333 0.300000 -1
0 1.195742 36.545647 0.000000 0.000000 0.200000 -1
0 1.035543 36.545647 0.597870 0.083333 0.200000 -1
0 0.870233 37.503983 0.000000 0.000000 0.100000 -1
0 0.753644 37.503983 0.435097 0.083333 0.100000 -1
0 0.000000 38.945656 -0.000008 0.083333 0.000000 -1
0 0.820125 34.720650 1.420494 0.166667 0.400000 -1
0 0.911250 33.845650 1.578331 0.166667 0.500000 -1
0 0.664301 35.959938 1.150597 0.166667 0.300000 -1
0 0.597871 36.545647 1.035538 0.166667 0.200000 -1
0 0.435117 37.503983 0.753647 0.166667 0.100000 -1
0 0.000000 38.945656 -0.000008 0.166667 0.000000 -1
0 0.000000 33.845650 1.822502 0.250000 0.500000 -1
0 0.000000 34.720650 1.640251 0.250000 0.400000 -1
0 0.000000 35.959938 1.328606 0.250000 0.300000 -1
0 0.000000 36.545647 1.195747 0.250000 0.200000 -1
0 0.000000 37.503983 0.870239 0.250000 0.100000 -1
0 0.000000 38.945656 -0.000008 0.250000 0.000000 -1
0 -0.820125 34.720650 1.420494 0.333333 0.400000 -1
0 -0.911250 33.845650 1.578331 0.333333 0.500000 -1
0 -0.664301 35.959938 1.150597 0.333333 0.300000 -1
0 -0.597871 36.545647 1.035538 0.333333 0.200000 -1
0 -0.435117 37.503983 0.753647 0.333333 0.100000 -1
0 0.000000 38.945656 -0.000008 0.333333 0.000000 -1
0 -1.578331 33.845650 0.911247 0.416667 0.500000 -1
0 -1.420498 34.720650 0.820122 0.416667 0.400000 -1
0 -1.150603 35.959938 0.664299 0.416667 0.300000 -1
0 -1.035543 36.545647 0.597870 0.416667 0.200000 -1
0 -0.753644 37.503983 0.435097 0.416667 0.100000 -1
0 0.000000 38.945656 -0.000008 0.416667 0.000000 -1
0 -1.640250 34.720650 0.000000 0.500000 0.400000 -1
0 -1.822500 33.845650 0.000000 0.500000 0.500000 -1
0 -1.328602 35.959938 0.000000 0.500000 0.300000 -1
0 -1.195742 36.545647 0.000000 0.500000 0.200000 -1
0 -0.870233 37.503983 0.000000 0.500000 0.100000 -1
0 0.000000 38.945656 -0.000008 0.500000 0.000000 -1
0 -1.578331 33.845650 -0.911255 0.583333 0.500000 -1
0 -1.420498 34.720650 -0.820129 0.583333 0.400000 -1
0 -1.150603 35.959938 -0.664307 0.583333 0.300000 -1
0 -1.035543 36.545647 -0.597878 0.583333 0.200000 -1
0 -0.753644 37.503983 -0.435097 0.583333 0.100000 -1
0 0.000000 38.945656 -0.000008 0.583333 0.000000 -1
0 -0.820125 34.720650 -1.420502 0.666667 0.400000 -1
0 -0.911250 33.845650 -1.578331 0.666667 0.500000 -1
0 -0.664301 35.959938 -1.150604 0.666667 0.300000 -1
0 -0.597871 36.545647 -1.035545 0.666667 0.200000 -1
0 -0.435117 37.503983 -0.753654 0.666667 0.100000 -1
0 0.000000 38.945656 -0.000008 0.666667 0.000000 -1
0 0.000000 33.845650 -1.822502 0.750000 0.500000 -1
0 0.000000 34.720650 -1.640251 0.750000 0.400000 -1
0 0.000000 35.959938 -1.328606 0.750000 0.300000 -1
0 0.000000 36.545647 -1.195747 0.750000 0.200000 -1
0 0.000000 37.503983 -0.870239 0.750000 0.100000 -1
0 0.000000 38.945656 -0.000008 0.750000 0.000000 -1
0 0.820125 34.720650 -1.420502 0.833333 0.400000 -1
0 0.911250 33.845650 -1.578331 0.833333 0.500000 -1
0 0.664301 35.959938 -1.150604 0.833333 0.300000 -1
0 0.597871 36.545647 -1.035545 0.833333 0.200000 -1
0 0.435117 37.503983 -0.753654 0.833333 0.100000 -1
0 0.000000 38.945656 -0.000008 0.833333 0.000000 -1
0 1.578331 33.845650 -0.911255 0.916667 0.500000 -1
0 1.420498 34.720650 -0.820129 0.916667 0.400000 -1
0 1.150603 35.959938 -0.664307 0.916667 0.300000 -1
0 1.035543 36.545647 -0.597878 0.916667 0.200000 -1
0 0.753644 37.503983 -0.435097 0.916667 0.100000 -1
0 0.000000 38.945656 -0.000008 0.916667 0.000000 -1
0 1.640250 34.720650 0.000000 1.000000 0.400000 -1
0 1.822500 33.845650 0.000000 1.000000 0.500000 -1
0 1.328602 35.959938 0.000000 1.000000 0.300000 -1
0 1.195742 36.545647 0.000000 1.000000 0.200000 -1
0 0.870233 37.503983 0.000000 1.000000 0.100000 -1
0 0.000000 38.945656 -0.000008 1.000000 0.000000 -1
0 2.065422 -38.945656 0.000000 0.000000 0.000000 -1
0 1.788708 -38.945656 1.032707 0.000000 0.000000 -1
0 0.000000 -25.745655 0.000000 0.000000 0.000000 -1
0 2.065422 -38.945656 0.000000 0.000000 1.000000 -1
0 2.500000 -36.339142 0.000000 0.000000 0.900000 -1
0 2.165063 -36.339142 1.250000 0.083333 0.900000 -1
0 1.788708 -38.945656 1.032707 0.083333 1.000000 -1
0 1.032711 -38.945656 1.788712 0.000000 0.000000 -1
0 1.032711 -38.945656 1.788712 0.166667 1.000000 -1
0 1.250000 -36.339142 2.165062 0.166667 0.900000 -1
0 -0.000000 -38.945656 2.065422 0.000000 0.000000 -1
0 0.000000 -36.339142 2.500000 0.250000 0.900000 -1
0 -0.000000 -38.945656 2.065422 0.250000 1.000000 -1
0 -1.032711 -38.945656 1.788712 0.000000 0.000000 -1
0 -1.032711 -38.945656 1.788712 0.333333 1.000000 -1
0 -1.250000 -36.339142 2.165062 0.333333 0.900000 -1
0 -1.788708 -38.945656 1.032707 0.000000 0.000000 -1
0 -2.165063 -36.339142 1.250000 0.416667 0.900000 -1
0 -1.788708 -38.945656 1.032707 0.416667 1.000000 -1
0 -2.065422 -38.945656 0.000000 0.000000 0.000000 -1
0 -2.065422 -38.945656 0.000000 0.500000 1.000000 -1
0 -2.500000 -36.339142 0.000000 0.500000 0.900000 -1
0 -1.788708 -38.945656 -1.032707 0.000000 0.000000 -1
0 -2.165063 -36.339142 -1.250000 0.583333 0.900000 -1
0 -1.788708 -38.945656 -1.032707 0.583333 1.000000 -1
0 -1.032711 -38.945656 -1.788712 0.000000 0.000000 -1
0 -1.032711 -38.945656 -1.788712 0.666667 1.000000 -1
0 -1.250000 -36.339142 -2.165062 0.666667 0.900000 -1
0 -0.000000 -38.945656 -2.065430 0.000000 0.000000 -1
0 -0.000000 -36.339142 -2.500000 0.750000 0.900000 -1
0 -0.000000 -38.945656 -2.065430 0.750000 1.000000 -1
0 1.032711 -38.945656 -1.788712 0.000000 0.000000 -1
0 1.032711 -38.945656 -1.788712 0.833333 1.000000 -1
0 1.250000 -36.339142 -2.165062 0.833333 0.900000 -1
0 1.788708 -38.945656 -1.032707 0.000000 0.000000 -1
0 2.165063 -36.339142 -1.250000 0.916667 0.900000 -1
0 1.788708 -38.945656 -1.032707 0.916667 1.000000 -1
0 2.065422 -38.945656 0.000000 1.000000 1.000000 -1
0 2.500000 -36.339142 0.000000 1.000000 0.900000 -1
112
0.000000 0.000000 0.000000
0.946951 0.197236 0.253736
0.942977 0.216681 0.252671
0.847830 0.203910 0.489495
0.844029 0.223948 0.487301
0.941147 0.225050 0.252180
0.842279 0.232566 0.486292
0.931862 0.263222 0.249695
0.833413 0.271835 0.481174
0.881008 0.409992 0.236076
0.797848 0.388920 0.460630
0.834444 0.503694 0.223598
0.487303 0.223949 0.844028
0.489496 0.203913 0.847828
0.486295 0.232566 0.842277
0.481180 0.271830 0.833411
0.453334 0.421916 0.785159
0.428075 0.516782 0.741410
0.000000 0.203912 0.978989
0.000000 0.223947 0.974601
0.000000 0.232566 0.972581
0.000000 0.271830 0.962345
0.000000 0.388920 0.921271
-0.487303 0.223949 0.844028
-0.489496 0.203913 0.847828
-0.486295 0.232566 0.842277
-0.481180 0.271830 0.833411
-0.453334 0.421916 0.785159
-0.428075 0.516782 0.741410
-0.847830 0.203910 0.489495
-0.844029 0.223948 0.487301
-0.842279 0.232566 0.486292
-0.833413 0.271835 0.481174
-0.797848 0.388920 0.460630
-0.974601 0.223948 0.000001
-0.978990 0.203910 0.000001
-0.972581 0.232566 0.000001
-0.962345 0.271833 0.000001
-0.906635 0.421917 -0.000000
-0.856120 0.516777 -0.000000
-0.847830 0.203909 -0.489495
-0.844030 0.223948 -0.487300
-0.842279 0.232566 -0.486291
-0.833413 0.271837 -0.481173
-0.797850 0.388920 -0.460627
-0.487300 0.223947 -0.844030
-0.489495 0.203906 -0.847831
-0.486290 0.232566 -0.842280
-0.481176 0.271831 -0.833413
-0.453333 0.421914 -0.785161
-0.428074 0.516778 -0.741413
0.000000 0.203908 -0.978990
0.000000 0.223947 -0.974601
0.000000 0.232566 -0.972581
0.000000 0.271830 -0.962345
-0.000000 0.388917 -0.921273
0.487300 0.223947 -0.844030
0.489495 0.203906 -0.847831
0.486290 0.232566 -0.842280
0.481176 0.271831 -0.833413
0.453333 0.421914 -0.785161
0.428074 0.516778 -0.741413
0.847830 0.203909 -0.489495
0.844030 0.223948 -0.487300
0.842279 0.232566 -0.486291
0.833413 0.271837 -0.481173
0.797850 0.388920 -0.460627
0.942978 0.216681 -0.252669
0.946951 0.197236 -0.253734
0.941148 0.225050 -0.252177
0.931862 0.263223 -0.249692
0.881008 0.409991 -0.236076
0.834445 0.503692 -0.223599
-0.987979 -0.154590 0.000000
-0.855616 -0.154590 -0.493987
-0.000000 -1.000000 -0.000002
0.953638 -0.158998 0.255527
0.953638 -0.158998 0.255527
0.854234 -0.164457 0.493191
0.854235 -0.164458 0.493190
-0.493990 -0.154591 -0.855614
0.493193 -0.164457 0.854234
0.493193 -0.164456 0.854234
0.000000 -0.154590 -0.987979
0.000000 -0.164457 0.986384
0.000000 -0.164458 0.986384
0.493990 -0.154591 -0.855614
-0.493193 -0.164457 0.854234
-0.493193 -0.164456 0.854234
0.855616 -0.154590 -0.493987
-0.854234 -0.164457 0.493191
-0.854235 -0.164458 0.493190
0.987979 -0.154590 0.000000
-0.986384 -0.164458 -0.000000
-0.986384 -0.164458 0.000000
0.855616 -0.154590 0.493987
-0.854234 -0.164457 -0.493191
-0.854235 -0.164458 -0.493190
0.493993 -0.154591 0.855612
-0.493194 -0.164456 -0.854233
-0.493193 -0.164456 -0.854234
0.000000 -0.154591 0.987979
0.000000 -0.164455 -0.986385
0.000000 -0.164455 -0.986385
-0.493993 -0.154591 0.855612
0.493194 -0.164456 -0.854233
0.493193 -0.164456 -0.854234
-0.855616 -0.154590 0.493987
0.854234 -0.164457 -0.493191
0.854235 -0.164458 -0.493190
0.953638 -0.158998 -0.255527
0.953638 -0.158998 -0.255527
168
0 0 0 0 0 0 0 2
0 1 2 3 1 2 3 1
0 2 4 3 2 4 3 1
0 2 5 6 2 5 6 1
0 2 6 4 2 6 4 1
0 5 7 6 5 7 6 1
0 7 8 6 7 8 6 1
0 7 9 10 7 9 10 1
0 7 10 8 7 10 8 1
0 9 0 10 9 11 10 1
0 0 11 10 11 0 10 1
0 0 0 0 0 0 0 2
0 3 4 12 3 4 12 1
0 3 12 13 3 12 13 1
0 4 6 12 4 6 12 1
0 6 14 12 6 14 12 1
0 6 8 15 6 8 15 1
0 6 15 14 6 15 14 1
0 8 10 15 8 10 15 1
0 10 16 15 10 16 15 1
0 10 11 17 10 0 17 1
0 10 17 16 10 17 16 1
0 0 0 0 0 0 0 2
0 13 12 18 13 12 18 1
0 12 19 18 12 19 18 1
0 12 14 20 12 14 20 1
0 12 20 19 12 20 19 1
0 14 15 20 14 15 20 1
0 15 21 20 15 21 20 1
0 15 16 22 15 16 22 1
0 15 22 21 15 22 21 1
0 16 17 22 16 17 22 1
0 17 23 22 17 0 22 1
0 0 0 0 0 0 0 2
0 18 19 24 18 19 23 1
0 18 24 25 18 23 24 1
0 19 20 24 19 20 23 1
0 20 26 24 20 25 23 1
0 20 21 27 20 21 26 1
0 20 27 26 20 26 25 1
0 21 22 27 21 22 26 1
0 22 28 27 22 27 26 1
0 22 23 29 22 0 28 1
0 22 29 28 22 28 27 1
0 0 0 0 0 0 0 2
0 25 24 30 24 23 29 1
0 24 31 30 23 30 29 1
0 24 26 32 23 25 31 1
0 24 32 31 23 31 30 1
0 26 27 32 25 26 31 1
0 27 33 32 26 32 31 1
0 27 28 34 26 27 33 1
0 27 34 33 26 33 32 1
0 28 29 34 27 28 33 1
0 29 35 34 28 0 33 1
0 0 0 0 0 0 0 2
0 30 31 36 29 30 34 1
0 30 36 37 29 34 35 1
0 31 32 36 30 31 34 1
0 32 38 36 31 36 34 1
0 32 33 39 31 32 37 1
0 32 39 38 31 37 36 1
0 33 34 39 32 33 37 1
0 34 40 39 33 38 37 1
0 34 35 41 33 0 39 1
0 34 41 40 33 39 38 1
0 0 0 0 0 0 0 2
0 37 36 42 35 34 40 1
0 36 43 42 34 41 40 1
0 36 38 44 34 36 42 1
0 36 44 43 34 42 41 1
0 38 39 44 36 37 42 1
0 39 45 44 37 43 42 1
0 39 40 46 37 38 44 1
0 39 46 45 37 44 43 1
0 40 41 46 38 39 44 1
0 41 47 46 39 0 44 1
0 0 0 0 0 0 0 2
0 42 43 48 40 41 45 1
0 42 48 49 40 45 46 1
0 43 44 48 41 42 45 1
0 44 50 48 42 47 45 1
0 44 45 51 42 43 48 1
0 44 51 50 42 48 47 1
0 45 46 51 43 44 48 1
0 46 52 51 44 49 48 1
0 46 47 53 44 0 50 1
0 46 53 52 44 50 49 1
0 0 0 0 0 0 0 2
0 49 48 54 46 45 51 1
0 48 55 54 45 52 51 1
0 48 50 56 45 47 53 1
0 48 56 55 45 53 52 1
0 50 51 56 47 48 53 1
0 51 57 56 48 54 53 1
0 51 52 58 48 49 55 1
0 51 58 57 48 55 54 1
0 52 53 58 49 50 55 1
0 53 59 58 50 0 55 1
0 0 0 0 0 0 0 2
0 54 55 60 51 52 56 1
0 54 60 61 51 56 57 1
0 55 56 60 52 53 56 1
0 56 62 60 53 58 56 1
0 56 57 63 53 54 59 1
0 56 63 62 53 59 58 1
0 57 58 63 54 55 59 1
0 58 64 63 55 60 59 1
0 58 59 65 55 0 61 1
0 58 65 64 55 61 60 1
0 0 0 0 0 0 0 2
0 61 60 66 57 56 62 1
0 60 67 66 56 63 62 1
0 60 62 68 56 58 64 1
0 60 68 67 56 64 63 1
0 62 63 68 58 59 64 1
0 63 69 68 59 65 64 1
0 63 64 70 59 60 66 1
0 63 70 69 59 66 65 1
0 64 65 70 60 61 66 1
0 65 71 70 61 0 66 1
0 0 0 0 0 0 0 2
0 66 67 72 62 63 67 1
0 66 72 73 62 67 68 1
0 67 68 72 63 64 67 1
0 68 74 72 64 69 67 1
0 68 69 75 64 65 70 1
0 68 75 74 64 70 69 1
0 69 70 75 65 66 70 1
0 70 76 75 66 71 70 1
0 70 71 77 66 0 72 1
0 70 77 76 66 72 71 1
0 78 79 80 73 74 75 2
0 81 82 83 76 77 78 1
0 81 83 84 76 78 79 1
0 79 85 80 74 80 75 2
0 84 83 86 79 78 81 1
0 83 87 86 78 82 81 1
0 85 88 80 80 83 75 2
0 86 87 89 81 82 84 1
0 86 89 90 81 84 85 1
0 88 91 80 83 86 75 2
0 90 89 92 85 84 87 1
0 89 93 92 84 88 87 1
0 91 94 80 86 89 75 2
0 92 93 95 87 88 90 1
0 92 95 96 87 90 91 1
0 94 97 80 89 92 75 2
0 96 95 98 91 90 93 1
0 95 99 98 90 94 93 1
0 97 100 80 92 95 75 2
0 98 99 101 93 94 96 1
0 98 101 102 93 96 97 1
0 100 103 80 95 98 75 2
0 102 101 104 97 96 99 1
0 101 105 104 96 100 99 1
0 103 106 80 98 101 75 2
0 104 105 107 99 100 102 1
0 104 107 108 99 102 103 1
0 106 109 80 101 104 75 2
0 108 107 110 103 102 105 1
0 107 111 110 102 106 105 1
0 109 112 80 104 107 75 2
0 110 111 113 105 106 108 1
0 110 113 114 105 108 109 1
0 112 78 80 107 73 75 2
0 114 113 115 109 108 110 1
0 113 116 115 108 111 110 1
"Duplicate05" 0 -1
160
2 -0.307648 7.813100 4.463654 0.000000 0.000000 -1
2 -0.307648 2.176736 4.463654 0.000000 1.000000 -1
2 0.307648 7.813100 4.463654 1.000000 0.000000 -1
2 0.307648 2.176736 4.463654 1.000000 1.000000 -1
2 0.307648 7.813100 4.463654 0.000000 0.000000 -1
2 0.307648 2.176736 4.463654 0.000000 1.000000 -1
2 0.307648 11.722192 1.736382 1.000000 0.000000 -1
2 0.307648 1.631281 2.009102 1.000000 1.000000 -1
2 0.307648 11.722192 1.736382 0.000000 0.000000 -1
2 0.307648 1.631281 2.009102 0.000000 1.000000 -1
2 -0.307648 11.722192 1.736382 1.000000 0.000000 -1
2 -0.307648 1.631281 2.009102 1.000000 1.000000 -1
2 -0.307648 11.722192 1.736382 0.000000 0.000000 -1
2 -0.307648 1.631281 2.009102 0.000000 1.000000 -1
2 -0.307648 7.813100 4.463654 1.000000 0.000000 -1
2 -0.307648 2.176736 4.463654 1.000000 1.000000 -1
2 -0.307648 7.813100 4.463654 0.000000 1.000000 -1
2 0.307648 7.813100 4.463654 1.000000 1.000000 -1
2 -0.307648 2.176736 4.463654 0.000000 0.000000 -1
2 0.307648 2.176736 4.463654 1.000000 0.000000 -1
2 -0.264002 -3.828133 4.110397 0.000000 0.000000 -1
2 -0.264002 -6.399561 4.110397 0.000000 1.000000 -1
2 0.264002 -3.828133 4.110397 1.000000 0.000000 -1
2 0.264002 -6.399561 4.110397 1.000000 1.000000 -1
2 0.264002 -3.828133 4.110397 0.000000 0.000000 -1
2 0.264002 -6.399561 4.110397 0.000000 1.000000 -1
2 0.264002 -1.970991 2.538979 1.000000 0.000000 -1
2 0.264002 -6.399561 1.824684 1.000000 1.000000 -1
2 0.264002 -1.970991 2.538979 0.000000 0.000000 -1
2 0.264002 -6.399561 1.824684 0.000000 1.000000 -1
2 -0.264002 -1.970991 2.538979 1.000000 0.000000 -1
2 -0.264002 -6.399561 1.824684 1.000000 1.000000 -1
2 -0.264002 -1.970991 2.538979 0.000000 0.000000 -1
2 -0.264002 -6.399561 1.824684 0.000000 1.000000 -1
2 -0.264002 -3.828133 4.110397 1.000000 0.000000 -1
2 -0.264002 -6.399561 4.110397 1.000000 1.000000 -1
2 -0.264002 -3.828133 4.110397 0.000000 1.000000 -1
2 0.264002 -3.828133 4.110397 1.000000 1.000000 -1
2 -0.264002 -6.399561 4.110397 0.000000 0.000000 -1
2 0.264002 -6.399561 4.110397 1.000000 0.000000 -1
2 0.307648 7.813100 -4.463654 1.000000 0.000000 -1
2 -0.307648 2.176736 -4.463654 0.000000 1.000000 -1
2 -0.307648 7.813100 -4.463654 0.000000 0.000000 -1
2 0.307648 2.176736 -4.463654 1.000000 1.000000 -1
2 0.307648 11.722192 -1.736382 1.000000 0.000000 -1
2 0.307648 2.176736 -4.463654 0.000000 1.000000 -1
2 0.307648 7.813100 -4.463654 0.000000 0.000000 -1
2 0.307648 1.631281 -2.009102 1.000000 1.000000 -1
2 -0.307648 11.722192 -1.736382 1.000000 0.000000 -1
2 0.307648 1.631281 -2.009102 0.000000 1.000000 -1
2 0.307648 11.722192 -1.736382 0.000000 0.000000 -1
2 -0.307648 1.631281 -2.009102 1.000000 1.000000 -1
2 -0.307648 7.813100 -4.463654 1.000000 0.000000 -1
2 -0.307648 1.631281 -2.009102 0.000000 1.000000 -1
2 -0.307648 11.722192 -1.736382 0.000000 0.000000 -1
2 -0.307648 2.176736 -4.463654 1.000000 1.000000 -1
2 -0.307648 7.813100 -4.463654 0.000000 1.000000 -1
2 0.307648 7.813100 -4.463654 1.000000 1.000000 -1
2 0.307648 2.176736 -4.463654 1.000000 0.000000 -1
2 -0.307648 2.176736 -4.463654 0.000000 0.000000 -1
2 0.264002 -3.828133 -4.110397 1.000000 0.000000 -1
2 -0.264002 -6.399561 -4.110397 0.000000 1.000000 -1
2 -0.264002 -3.828133 -4.110397 0.000000 0.000000 -1
2 0.264002 -6.399561 -4.110397 1.000000 1.000000 -1
2 0.264002 -1.970991 -2.538979 1.000000 0.000000 -1
2 0.264002 -6.399561 -4.110397 0.000000 1.000000 -1
2 0.264002 -3.828133 -4.110397 0.000000 0.000000 -1
2 0.264002 -6.399561 -1.824684 1.000000 1.000000 -1
2 -0.264002 -1.970991 -2.538979 1.000000 0.000000 -1
2 0.264002 -6.399561 -1.824684 0.000000 1.000000 -1
2 0.264002 -1.970991 -2.538979 0.000000 0.000000 -1
2 -0.264002 -6.399561 -1.824684 1.000000 1.000000 -1
2 -0.264002 -3.828133 -4.110397 1.000000 0.000000 -1
2 -0.264002 -6.399561 -1.824684 0.000000 1.000000 -1
2 -0.264002 -1.970991 -2.538979 0.000000 0.000000 -1
2 -0.264002 -6.399561 -4.110397 1.000000 1.000000 -1
2 -0.264002 -3.828133 -4.110397 0.000000 1.000000 -1
2 0.264002 -3.828133 -4.110397 1.000000 1.000000 -1
2 0.264002 -6.399561 -4.110397 1.000000 0.000000 -1
2 -0.264002 -6.399561 -4.110397 0.000000 0.000000 -1
2 4.463654 7.813099 0.307648 0.000000 0.000000 -1
2 4.463654 2.176736 0.307648 0.000000 1.000000 -1
2 4.463654 7.813099 -0.307649 1.000000 0.000000 -1
2 4.463654 2.176736 -0.307649 1.000000 1.000000 -1
2 4.463654 7.813099 -0.307649 0.000000 0.000000 -1
2 4.463654 2.176736 -0.307649 0.000000 1.000000 -1
2 1.736382 11.722191 -0.307649 1.000000 0.000000 -1
2 2.009102 1.631281 -0.307649 1.000000 1.000000 -1
2 1.736382 11.722191 -0.307649 0.000000 0.000000 -1
2 2.009102 1.631281 -0.307649 0.000000 1.000000 -1
2 1.736382 11.722191 0.307648 1.000000 0.000000 -1
2 2.009102 1.631281 0.307648 1.000000 1.000000 -1
2 1.736382 11.722191 0.307648 0.000000 0.000000 -1
2 2.009102 1.631281 0.307648 0.000000 1.000000 -1
2 4.463654 7.813099 0.307648 1.000000 0.000000 -1
2 4.463654 2.176736 0.307648 1.000000 1.000000 -1
2 4.463654 7.813099 0.307648 0.000000 1.000000 -1
2 4.463654 7.813099 -0.307649 1.000000 1.000000 -1
2 4.463654 2.176736 0.307648 0.000000 0.000000 -1
2 4.463654 2.176736 -0.307649 1.000000 0.000000 -1
2 4.110397 -3.828133 0.264002 0.000000 0.000000 -1
2 4.110397 -6.399561 0.264002 0.000000 1.000000 -1
2 4.110397 -3.828133 -0.264002 1.000000 0.000000 -1
2 4.110397 -6.399561 -0.264002 1.000000 1.000000 -1
2 4.110397 -3.828133 -0.264002 0.000000 0.000000 -1
2 4.110397 -6.399561 -0.264002 0.000000 1.000000 -1
2 2.538979 -1.970991 -0.264002 1.000000 0.000000 -1
2 1.824684 -6.399561 -0.264002 1.000000 1.000000 -1
2 2.538979 -1.970991 -0.264002 0.000000 0.000000 -1
2 1.824684 -6.399561 -0.264002 0.000000 1.000000 -1
2 2.538979 -1.970991 0.264002 1.000000 0.000000 -1
2 1.824684 -6.399561 0.264002 1.000000 1.000000 -1
2 2.538979 -1.970991 0.264002 0.000000 0.000000 -1
2 1.824684 -6.399561 0.264002 0.000000 1.000000 -1
2 4.110397 -3.828133 0.264002 1.000000 0.000000 -1
2 4.110397 -6.399561 0.264002 1.000000 1.000000 -1
2 4.110397 -3.828133 0.264002 0.000000 1.000000 -1
2 4.110397 -3.828133 -0.264002 1.000000 1.000000 -1
2 4.110397 -6.399561 0.264002 0.000000 0.000000 -1
2 4.110397 -6.399561 -0.264002 1.000000 0.000000 -1
2 -4.463654 7.813099 -0.307648 1.000000 0.000000 -1
2 -4.463654 2.176736 0.307649 0.000000 1.000000 -1
2 -4.463654 7.813099 0.307649 0.000000 0.000000 -1
2 -4.463654 2.176736 -0.307648 1.000000 1.000000 -1
2 -1.736381 11.722191 -0.307649 1.000000 0.000000 -1
2 -4.463654 2.176736 -0.307648 0.000000 1.000000 -1
2 -4.463654 7.813099 -0.307648 0.000000 0.000000 -1
2 -2.009102 1.631281 -0.307649 1.000000 1.000000 -1
2 -1.736381 11.722191 0.307648 1.000000 0.000000 -1
2 -2.009102 1.631281 -0.307649 0.000000 1.000000 -1
2 -1.736381 11.722191 -0.307649 0.000000 0.000000 -1
2 -2.009102 1.631281 0.307648 1.000000 1.000000 -1
2 -4.463654 7.813099 0.307649 1.000000 0.000000 -1
2 -2.009102 1.631281 0.307648 0.000000 1.000000 -1
2 -1.736381 11.722191 0.307648 0.000000 0.000000 -1
2 -4.463654 2.176736 0.307649 1.000000 1.000000 -1
2 -4.463654 7.813099 0.307649 0.000000 1.000000 -1
2 -4.463654 7.813099 -0.307648 1.000000 1.000000 -1
2 -4.463654 2.176736 -0.307648 1.000000 0.000000 -1
2 -4.463654 2.176736 0.307649 0.000000 0.000000 -1
2 -4.110397 -3.828133 -0.264002 1.000000 0.000000 -1
2 -4.110397 -6.399561 0.264002 0.000000 1.000000 -1
2 -4.110397 -3.828133 0.264002 0.000000 0.000000 -1
2 -4.110397 -6.399561 -0.264002 1.000000 1.000000 -1
2 -2.538978 -1.970991 -0.264002 1.000000 0.000000 -1
2 -4.110397 -6.399561 -0.264002 0.000000 1.000000 -1
2 -4.110397 -3.828133 -0.264002 0.000000 0.000000 -1
2 -1.824684 -6.399561 -0.264002 1.000000 1.000000 -1
2 -2.538978 -1.970991 0.264002 1.000000 0.000000 -1
2 -1.824684 -6.399561 -0.264002 0.000000 1.000000 -1
2 -2.538978 -1.970991 -0.264002 0.000000 0.000000 -1
2 -1.824684 -6.399561 0.264002 1.000000 1.000000 -1
2 -4.110397 -3.828133 0.264002 1.000000 0.000000 -1
2 -1.824684 -6.399561 0.264002 0.000000 1.000000 -1
2 -2.538978 -1.970991 0.264002 0.000000 0.000000 -1
2 -4.110397 -6.399561 0.264002 1.000000 1.000000 -1
2 -4.110397 -3.828133 0.264002 0.000000 1.000000 -1
2 -4.110397 -3.828133 -0.264002 1.000000 1.000000 -1
2 -4.110397 -6.399561 -0.264002 1.000000 0.000000 -1
2 -4.110397 -6.399561 0.264002 0.000000 0.000000 -1
31
0.000000 0.000000 1.000000
1.000000 0.000000 0.000000
0.000000 -0.027016 -0.999635
-1.000000 0.000000 0.000000
0.000000 0.572181 0.820127
0.000000 -0.976187 0.216930
0.000000 0.159235 -0.987241
0.000000 0.645940 0.763388
0.000000 -1.000000 0.000000
0.000000 0.000000 -1.000000
0.000000 -0.027016 0.999635
0.000000 0.572181 -0.820127
0.000000 -0.976187 -0.216930
0.000000 0.159235 0.987241
0.000000 0.645940 -0.763388
-0.999635 -0.027016 0.000000
0.820127 0.572181 0.000000
0.216930 -0.976187 0.000000
-0.987241 0.159235 0.000000
0.763388 0.645940 0.000000
-0.000000 0.000000 -1.000000
-0.000000 0.000000 -1.000000
-0.000000 0.000000 -1.000000
0.999635 -0.027017 0.000000
0.000000 -0.000000 1.000000
0.000000 -0.000000 1.000000
0.000000 0.000000 1.000000
-0.820127 0.572182 0.000000
-0.216930 -0.976187 0.000000
0.987241 0.159234 0.000000
-0.763388 0.645940 0.000000
96
2 0 1 2 0 0 0 1
2 1 3 2 0 0 0 1
2 4 5 6 1 1 1 2
2 5 7 6 1 1 1 2
2 8 9 10 2 2 2 1
2 9 11 10 2 2 2 1
2 12 13 14 3 3 3 2
2 13 15 14 3 3 3 2
2 12 16 6 4 4 4 3
2 16 17 6 4 4 4 3
2 18 13 19 5 5 5 3
2 13 7 19 5 5 5 3
2 20 21 22 0 0 0 1
2 21 23 22 0 0 0 1
2 24 25 26 1 1 1 2
2 25 27 26 1 1 1 2
2 28 29 30 6 6 6 1
2 29 31 30 6 6 6 1
2 32 33 34 3 3 3 2
2 33 35 34 3 3 3 2
2 32 36 26 7 7 7 3
2 36 37 26 7 7 7 3
2 38 33 39 8 8 8 3
2 33 27 39 8 8 8 3
2 40 41 42 9 9 9 1
2 40 43 41 9 9 9 1
2 44 45 46 1 1 1 2
2 44 47 45 1 1 1 2
2 48 49 50 10 10 10 1
2 48 51 49 10 10 10 1
2 52 53 54 3 3 3 2
2 52 55 53 3 3 3 2
2 44 56 54 11 11 11 3
2 44 57 56 11 11 11 3
2 58 53 59 12 12 12 3
2 58 47 53 12 12 12 3
2 60 61 62 9 9 9 1
2 60 63 61 9 9 9 1
2 64 65 66 1 1 1 2
2 64 67 65 1 1 1 2
2 68 69 70 13 13 13 1
2 68 71 69 13 13 13 1
2 72 73 74 3 3 3 2
2 72 75 73 3 3 3 2
2 64 76 74 14 14 14 3
2 64 77 76 14 14 14 3
2 78 73 79 8 8 8 3
2 78 67 73 8 8 8 3
2 80 81 82 1 1 1 1
2 81 83 82 1 1 1 1
2 84 85 86 9 9 9 2
2 85 87 86 9 9 9 2
2 88 89 90 15 15 15 1
2 89 91 90 15 15 15 1
2 92 93 94 0 0 0 2
2 93 95 94 0 0 0 2
2 92 96 86 16 16 16 3
2 96 97 86 16 16 16 3
2 98 93 99 17 17 17 3
2 93 87 99 17 17 17 3
2 100 101 102 1 1 1 1
2 101 103 102 1 1 1 1
2 104 105 106 9 9 9 2
2 105 107 106 9 9 9 2
2 108 109 110 18 18 18 1
2 109 111 110 18 18 18 1
2 112 113 114 0 0 0 2
2 113 115 114 0 0 0 2
2 112 116 106 19 19 19 3
2 116 117 106 19 19 19 3
2 118 113 119 8 8 8 3
2 113 107 119 8 8 8 3
2 120 121 122 3 3 3 1
2 120 123 121 3 3 3 1
2 124 125 126 20 20 21 2
2 124 127 125 20 22 20 2
2 128 129 130 23 23 23 1
2 128 131 129 23 23 23 1
2 132 133 134 24 24 25 2
2 132 135 133 24 26 24 2
2 124 136 134 27 27 27 3
2 124 137 136 27 27 27 3
2 138 133 139 28 28 28 3
2 138 127 133 28 28 28 3
2 140 141 142 3 3 3 1
2 140 143 141 3 3 3 1
2 144 145 146 9 9 9 2
2 144 147 145 9 9 9 2
2 148 149 150 29 29 29 1
2 148 151 149 29 29 29 1
2 152 153 154 0 0 0 2
2 152 155 153 0 0 0 2
2 144 156 154 30 30 30 3
2 144 157 156 30 30 30 3
2 158 153 159 8 8 8 3
2 158 147 153 8 8 8 3
"Duplicate06" 0 0
80
0 -0.307648 7.813100 4.463654 0.000000 0.000000 -1
0 -0.307648 2.176736 4.463654 0.000000 1.000000 -1
0 0.307648 7.813100 4.463654 1.000000 0.000000 -1
0 0.307648 2.176736 4.463654 1.000000 1.000000 -1
0 0.307648 7.813100 4.463654 0.000000 0.000000 -1
0 0.307648 2.176736 4.463654 0.000000 1.000000 -1
0 0.307648 11.722192 1.736382 1.000000 0.000000 -1
0 0.307648 1.631281 2.009102 1.000000 1.000000 -1
0 0.307648 11.722192 1.736382 0.000000 0.000000 -1
0 0.307648 1.631281 2.009102 0.000000 1.000000 -1
0 -0.307648 11.722192 1.736382 1.000000 0.000000 -1
0 -0.307648 1.631281 2.009102 1.000000 1.000000 -1
0 -0.307648 11.722192 1.736382 0.000000 0.000000 -1
0 -0.307648 1.631281 2.009102 0.000000 1.000000 -1
0 -0.307648 7.813100 4.463654 1.000000 0.000000 -1
0 -0.307648 2.176736 4.463654 1.000000 1.000000 -1
0 -0.307648 7.813100 4.463654 0.000000 1.000000 -1
0 0.307648 7.813100 4.463654 1.000000 1.000000 -1
0 -0.307648 2.176736 4.463654 0.000000 0.000000 -1
0 0.307648 2.176736 4.463654 1.000000 0.000000 -1
0 0.307648 7.813100 -4.463654 1.000000 0.000000 -1
0 -0.307648 2.176736 -4.463654 0.000000 1.000000 -1
0 -0.307648 7.813100 -4.463654 0.000000 0.000000 -1
0 0.307648 2.176736 -4.463654 1.000000 1.000000 -1
0 0.307648 11.722192 -1.736382 1.000000 0.000000 -1
0 0.307648 2.176736 -4.463654 0.000000 1.000000 -1
0 0.307648 7.813100 -4.463654 0.000000 0.000000 -1
0 0.307648 1.631281 -2.009102 1.000000 1.000000 -1
0 -0.307648 11.722192 -1.736382 1.000000 0.000000 -1
0 0.307648 1.631281 -2.009102 0.000000 1.000000 -1
0 0.307648 11.722192 -1.736382 0.000000 0.000000 -1
0 -0.307648 1.631281 -2.009102 1.000000 1.000000 -1
0 -0.307648 7.813100 -4.463654 1.000000 0.000000 -1
0 -0.307648 1.631281 -2.009102 0.000000 1.000000 -1
0 -0.307648 11.722192 -1.736382 0.000000 0.000000 -1
0 -0.307648 2.176736 -4.463654 1.000000 1.000000 -1
0 -0.307648 7.813100 -4.463654 0.000000 1.000000 -1
0 0.307648 7.813100 -4.463654 1.000000 1.000000 -1
0 0.307648 2.176736 -4.463654 1.000000 0.000000 -1
0 -0.307648 2.176736 -4.463654 0.000000 0.000000 -1
0 4.463654 7.813099 0.307648 0.000000 0.000000 -1
0 4.463654 2.176736 0.307648 0.000000 1.000000 -1
0 4.463654 7.813099 -0.307649 1.000000 0.000000 -1
0 4.463654 2.176736 -0.307649 1.000000 1.000000 -1
0 4.463654 7.813099 -0.307649 0.000000 0.000000 -1
0 4.463654 2.176736 -0.307649 0.000000 1.000000 -1
0 1.736382 11.722191 -0.307649 1.000000 0.000000 -1
0 2.009102 1.631281 -0.307649 1.000000 1.000000 -1
0 1.736382 11.722191 -0.307649 0.000000 0.000000 -1
0 2.009102 1.631281 -0.307649 0.000000 1.000000 -1
0 1.736382 11.722191 0.307648 1.000000 0.000000 -1
0 2.009102 1.631281 0.307648 1.000000 1.000000 -1
0 1.736382 11.722191 0.307648 0.000000 0.000000 -1
0 2.009102 1.631281 0.307648 0.000000 1.000000 -1
0 4.463654 7.813099 0.307648 1.000000 0.000000 -1
0 4.463654 2.176736 0.307648 1.000000 1.000000 -1
0 4.463654 7.813099 0.307648 0.000000 1.000000 -1
0 4.463654 7.813099 -0.307649 1.000000 1.000000 -1
0 4.463654 2.176736 0.307648 0.000000 0.000000 -1
0 4.463654 2.176736 -0.307649 1.000000 0.000000 -1
0 -4.463654 7.813099 -0.307648 1.000000 0.000000 -1
0 -4.463654 2.176736 0.307649 0.000000 1.000000 -1
0 -4.463654 7.813099 0.307649 0.000000 0.000000 -1
0 -4.463654 2.176736 -0.307648 1.000000 1.000000 -1
0 -1.736381 11.722191 -0.307649 1.000000 0.000000 -1
0 -4.463654 2.176736 -0.307648 0.000000 1.000000 -1
0 -4.463654 7.813099 -0.307648 0.000000 0.000000 -1
0 -2.009102 1.631281 -0.307649 1.000000 1.000000 -1
0 -1.736381 11.722191 0.307648 1.000000 0.000000 -1
0 -2.009102 1.631281 -0.307649 0.000000 1.000000 -1
0 -1.736381 11.722191 -0.307649 0.000000 0.000000 -1
0 -2.009102 1.631281 0.307648 1.000000 1.000000 -1
0 -4.463654 7.813099 0.307649 1.000000 0.000000 -1
0 -2.009102 1.631281 0.307648 0.000000 1.000000 -1
0 -1.736381 11.722191 0.307648 0.000000 0.000000 -1
0 -4.463654 2.176736 0.307649 1.000000 1.000000 -1
0 -4.463654 7.813099 0.307649 0.000000 1.000000 -1
0 -4.463654 7.813099 -0.307648 1.000000 1.000000 -1
0 -4.463654 2.176736 -0.307648 1.000000 0.000000 -1
0 -4.463654 2.176736 0.307649 0.000000 0.000000 -1
22
0.000000 0.000000 1.000000
1.000000 0.000000 0.000000
0.000000 -0.027016 -0.999635
-1.000000 0.000000 0.000000
0.000000 0.572181 0.820127
0.000000 -0.976187 0.216930
0.000000 0.000000 -1.000000
0.000000 -0.027016 0.999635
0.000000 0.572181 -0.820127
0.000000 -0.976187 -0.216930
-0.999635 -0.027016 0.000000
0.820127 0.572181 0.000000
0.216930 -0.976187 0.000000
-0.000000 0.000000 -1.000000
-0.000000 0.000000 -1.000000
-0.000000 0.000000 -1.000000
0.999635 -0.027017 0.000000
0.000000 -0.000000 1.000000
0.000000 -0.000000 1.000000
0.000000 0.000000 1.000000
-0.820127 0.572182 0.000000
-0.216930 -0.976187 0.000000
48
0 0 1 2 0 0 0 1
0 1 3 2 0 0 0 1
0 4 5 6 1 1 1 2
0 5 7 6 1 1 1 2
0 8 9 10 2 2 2 1
0 9 11 10 2 2 2 1
0 12 13 14 3 3 3 2
0 13 15 14 3 3 3 2
0 12 16 6 4 4 4 3
0 16 17 6 4 4 4 3
0 18 13 19 5 5 5 3
0 13 7 19 5 5 5 3
0 20 21 22 6 6 6 1
0 20 23 21 6 6 6 1
0 24 25 26 1 1 1 2
0 24 27 25 1 1 1 2
0 28 29 30 7 7 7 1
0 28 31 29 7 7 7 1
0 32 33 34 3 3 3 2
0 32 35 33 3 3 3 2
0 24 36 34 8 8 8 3
0 24 37 36 8 8 8 3
0 38 33 39 9 9 9 3
0 38 27 33 9 9 9 3
0 40 41 42 1 1 1 1
0 41 43 42 1 1 1 1
0 44 45 46 6 6 6 2
0 45 47 46 6 6 6 2
0 48 49 50 10 10 10 1
0 49 51 50 10 10 10 1
0 52 53 54 0 0 0 2
0 53 55 54 0 0 0 2
0 52 56 46 11 11 11 3
0 56 57 46 11 11 11 3
0 58 53 59 12 12 12 3
0 53 47 59 12 12 12 3
0 60 61 62 3 3 3 1
0 60 63 61 3 3 3 1
0 64 65 66 13 13 14 2
0 64 67 65 13 15 13 2
0 68 69 70 16 16 16 1
0 68 71 69 16 16 16 1
0 72 73 74 17 17 18 2
0 72 75 73 17 19 17 2
0 64 76 74 20 20 20 3
0 64 77 76 20 20 20 3
0 78 73 79 21 21 21 3
0 78 67 73 21 21 21 3

Materials: 2
"Material01"
0.200000 0.200000 0.200000 1.000000
1.000000 0.000000 0.000000 1.000000
0.000000 0.000000 0.000000 1.000000
0.050980 0.050980 0.050980 1.000000
0.000000
1.000000
"sphere_chrome.bmp"
""
"Material01"
0.200000 0.200000 0.200000 1.000000
1.000000 1.000000 1.000000 1.000000
0.000000 0.000000 0.000000 1.000000
1.000000 1.000000 1.000000 1.000000
0.000000
1.000000
"sphere_cball.bmp"
""

Bones: 0
GroupComments: 0
MaterialComments: 0
BoneComments: 0
ModelComment: 0
