// MilkShape 3D ASCII

Frames: 30
Frame: 1

Meshes: 6
"Duplicate02" 1 1
34
1 42.542713 -67.624603 0.000003 0.000000 1.000000 -1
1 42.542713 -34.124603 0.000003 0.000000 0.000000 -1
1 0.000000 -67.624603 42.542709 0.250000 1.000000 -1
1 0.000000 -34.124603 42.542709 0.250000 0.000000 -1
1 -42.542713 -34.124603 0.000003 0.500000 0.000000 -1
1 -42.542713 -67.624603 0.000003 0.500000 1.000000 -1
1 0.000000 -67.624603 -42.542709 0.750000 1.000000 -1
1 0.000000 -34.124603 -42.542709 0.750000 0.000000 -1
1 42.542713 -34.124603 0.000003 1.000000 0.000000 -1
1 42.542713 -67.624603 0.000003 1.000000 1.000000 -1
1 0.000000 -67.624603 38.394798 0.250000 1.000000 -1
1 38.394798 -34.124603 0.000003 0.000000 0.000000 -1
1 38.394798 -67.624603 0.000003 0.000000 1.000000 -1
1 0.000000 -34.124603 38.394798 0.250000 0.000000 -1
1 -38.394798 -34.124603 0.000003 0.500000 0.000000 -1
1 -38.394798 -67.624603 0.000003 0.500000 1.000000 -1
1 0.000000 -67.624603 -38.394798 0.750000 1.000000 -1
1 0.000000 -34.124603 -38.394798 0.750000 0.000000 -1
1 38.394798 -34.124603 0.000003 1.000000 0.000000 -1
1 38.394798 -67.624603 0.000003 1.000000 1.000000 -1
1 0.000000 -34.124603 -42.542709 0.000000 0.000000 -1
1 0.000000 -34.124603 -38.394798 0.000000 0.000000 -1
1 0.000000 -34.124603 42.542709 0.000000 0.000000 -1
1 0.000000 -34.124603 38.394798 0.000000 0.000000 -1
1 -42.542713 -34.124603 0.000003 0.000000 0.000000 -1
1 -38.394798 -34.124603 0.000003 0.000000 0.000000 -1
1 0.000000 -67.624603 42.542709 0.000000 0.000000 -1
1 0.000000 -67.624603 38.394798 0.000000 0.000000 -1
1 42.542713 -67.624603 0.000003 0.000000 0.000000 -1
1 38.394798 -67.624603 0.000003 0.000000 0.000000 -1
1 0.000000 -67.624603 -42.542709 0.000000 0.000000 -1
1 0.000000 -67.624603 -38.394798 0.000000 0.000000 -1
1 -42.542713 -67.624603 0.000003 0.000000 0.000000 -1
1 -38.394798 -67.624603 0.000003 0.000000 0.000000 -1
14
0.707107 0.000000 0.707107
0.392232 0.832050 0.392232
0.000000 0.000000 1.000000
-1.000000 0.000000 0.000000
-1.000000 0.000000 0.000000
0.000000 0.000000 -1.000000
0.707107 0.000000 -0.707107
-0.392232 0.832050 -0.392232
-0.707107 0.000000 -0.707107
1.000000 0.000000 -0.000000
1.000000 0.000000 -0.000000
-0.707107 0.000000 0.707107
0.000000 1.000000 0.000000
0.000000 -1.000000 0.000000
32
1 0 1 2 0 1 2 1
1 1 3 2 1 2 2 1
1 2 3 4 2 2 3 1
1 2 4 5 2 3 4 1
1 5 4 6 4 3 5 1
1 4 7 6 3 5 5 1
1 6 7 8 5 5 6 1
1 6 8 9 5 6 6 1
1 10 11 12 5 7 8 1
1 10 13 11 5 5 7 1
1 14 13 10 9 5 5 1
1 15 14 10 10 9 5 1
1 16 14 15 2 9 10 1
1 16 17 14 2 2 9 1
1 18 17 16 11 2 2 1
1 19 18 16 11 11 2 1
1 20 21 1 12 12 1 1
1 1 21 11 1 12 7 1
1 1 11 22 1 7 12 1
1 11 23 22 7 12 12 1
1 22 23 24 12 12 12 1
1 24 23 25 12 12 12 1
1 24 25 20 12 12 12 1
1 20 25 21 12 12 12 1
1 26 27 28 13 13 13 1
1 28 27 29 13 13 13 1
1 28 29 30 13 13 13 1
1 30 29 31 13 13 13 1
1 30 31 32 13 13 13 1
1 32 31 33 13 13 13 1
1 32 33 26 13 13 13 1
1 26 33 27 13 13 13 1
"Duplicate04" 1 0
32
1 -38.592316 -34.124603 0.911632 0.000000 0.000000 -1
1 -38.592316 -67.624603 0.911632 0.000000 1.000000 -1
1 0.000000 -7.291273 0.763472 1.000000 0.000000 -1
1 0.000000 -67.624603 0.763472 1.000000 1.000000 -1
1 0.000000 -7.291273 0.763472 0.000000 0.000000 -1
1 0.000000 -67.624603 0.763472 0.000000 1.000000 -1
1 0.000000 -7.291273 -0.486528 1.000000 0.000000 -1
1 0.000000 -67.624603 -0.486528 1.000000 1.000000 -1
1 0.000000 -7.291273 -0.486528 0.000000 0.000000 -1
1 0.000000 -67.624603 -0.486528 0.000000 1.000000 -1
1 -38.592316 -34.124603 -0.607750 1.000000 0.000000 -1
1 -38.592316 -67.624603 -0.607750 1.000000 1.000000 -1
1 -38.592316 -34.124603 -0.607750 0.000000 0.000000 -1
1 -38.592316 -67.624603 -0.607750 0.000000 1.000000 -1
1 -38.592316 -34.124603 0.911632 1.000000 0.000000 -1
1 -38.592316 -67.624603 0.911632 1.000000 1.000000 -1
1 -38.592316 -34.124603 0.911632 0.000000 1.000000 -1
1 0.000000 -7.291273 0.763472 1.000000 1.000000 -1
1 -38.592316 -67.624603 0.911632 0.000000 0.000000 -1
1 0.000000 -67.624603 0.763472 1.000000 0.000000 -1
1 38.592316 -34.124603 0.911632 1.000000 0.000000 -1
1 38.592316 -67.624603 0.911632 1.000000 1.000000 -1
1 38.592316 -34.124603 0.911632 0.000000 0.000000 -1
1 38.592316 -67.624603 0.911632 0.000000 1.000000 -1
1 38.592316 -34.124603 -0.607750 1.000000 0.000000 -1
1 38.592316 -67.624603 -0.607750 1.000000 1.000000 -1
1 38.592316 -34.124603 -0.607750 0.000000 0.000000 -1
1 38.592316 -67.624603 -0.607750 0.000000 1.000000 -1
1 0.000000 -7.291273 0.763472 0.000000 1.000000 -1
1 38.592316 -34.124603 0.911632 1.000000 1.000000 -1
1 0.000000 -67.624603 0.763472 0.000000 0.000000 -1
1 38.592316 -67.624603 0.911632 1.000000 0.000000 -1
15
0.003839 0.000000 0.999993
0.003839 0.000000 0.999993
1.000000 0.000000 0.000000
0.003141 0.000000 -0.999995
0.003141 0.000000 -0.999995
-1.000000 0.000000 0.000000
-0.570871 0.821040 0.000000
-0.570871 0.821040 0.000000
0.000000 -1.000000 0.000000
-0.003839 0.000000 0.999993
-0.003839 0.000000 0.999993
-0.003141 0.000000 -0.999995
-0.003141 0.000000 -0.999995
0.570871 0.821040 0.000000
0.570871 0.821040 0.000000
24
1 0 1 2 0 1 1 1
1 1 3 2 1 1 1 1
1 4 5 6 2 2 2 2
1 5 7 6 2 2 2 2
1 8 9 10 3 3 3 1
1 9 11 10 3 4 3 1
1 12 13 14 5 5 5 2
1 13 15 14 5 5 5 2
1 12 16 6 6 7 7 3
1 16 17 6 7 7 7 3
1 18 13 19 8 8 8 3
1 13 7 19 8 8 8 3
1 4 5 20 9 9 9 1
1 5 21 20 9 10 9 1
1 22 23 24 2 2 2 2
1 23 25 24 2 2 2 2
1 26 27 6 11 12 12 1
1 27 7 6 12 12 12 1
1 8 9 2 5 5 5 2
1 9 3 2 5 5 5 2
1 8 28 24 13 13 13 3
1 28 29 24 13 14 13 3
1 30 9 31 8 8 8 3
1 9 25 31 8 8 8 3
"Duplicate05" 1 0
32
1 0.759692 -34.124603 38.744255 0.000000 0.000000 -1
1 0.759692 -67.624603 38.744255 0.000000 1.000000 -1
1 0.625000 -7.291273 0.138472 1.000000 0.000000 -1
1 0.625000 -67.624603 0.138472 1.000000 1.000000 -1
1 0.625000 -7.291273 0.138472 0.000000 0.000000 -1
1 0.625000 -67.624603 0.138472 0.000000 1.000000 -1
1 -0.625000 -7.291273 0.138472 1.000000 0.000000 -1
1 -0.625000 -67.624603 0.138472 1.000000 1.000000 -1
1 -0.625000 -7.291273 0.138472 0.000000 0.000000 -1
1 -0.625000 -67.624603 0.138472 0.000000 1.000000 -1
1 -0.759692 -34.124603 38.744255 1.000000 0.000000 -1
1 -0.759692 -67.624603 38.744255 1.000000 1.000000 -1
1 -0.759692 -34.124603 38.744255 0.000000 0.000000 -1
1 -0.759692 -67.624603 38.744255 0.000000 1.000000 -1
1 0.759692 -34.124603 38.744255 1.000000 0.000000 -1
1 0.759692 -67.624603 38.744255 1.000000 1.000000 -1
1 0.759692 -34.124603 38.744255 0.000000 1.000000 -1
1 0.625000 -7.291273 0.138472 1.000000 1.000000 -1
1 0.759692 -67.624603 38.744255 0.000000 0.000000 -1
1 0.625000 -67.624603 0.138472 1.000000 0.000000 -1
1 0.759692 -34.124603 -38.440376 1.000000 0.000000 -1
1 0.759692 -67.624603 -38.440376 1.000000 1.000000 -1
1 0.759692 -34.124603 -38.440376 0.000000 0.000000 -1
1 0.759692 -67.624603 -38.440376 0.000000 1.000000 -1
1 -0.759692 -34.124603 -38.440376 1.000000 0.000000 -1
1 -0.759692 -67.624603 -38.440376 1.000000 1.000000 -1
1 -0.759692 -34.124603 -38.440376 0.000000 0.000000 -1
1 -0.759692 -67.624603 -38.440376 0.000000 1.000000 -1
1 0.625000 -7.291273 0.138472 0.000000 1.000000 -1
1 0.759692 -34.124603 -38.440376 1.000000 1.000000 -1
1 0.625000 -67.624603 0.138472 0.000000 0.000000 -1
1 0.759692 -67.624603 -38.440376 1.000000 0.000000 -1
9
0.999994 0.000000 -0.003489
0.000000 0.000000 -1.000000
-0.999994 0.000000 -0.003489
0.000000 0.000000 1.000000
0.000000 0.821133 0.570737
0.000000 -1.000000 0.000000
0.999994 0.000000 0.003491
-0.999994 0.000000 0.003491
0.000000 0.820946 -0.571005
24
1 0 1 2 0 0 0 1
1 1 3 2 0 0 0 1
1 4 5 6 1 1 1 2
1 5 7 6 1 1 1 2
1 8 9 10 2 2 2 1
1 9 11 10 2 2 2 1
1 12 13 14 3 3 3 2
1 13 15 14 3 3 3 2
1 12 16 6 4 4 4 3
1 16 17 6 4 4 4 3
1 18 13 19 5 5 5 3
1 13 7 19 5 5 5 3
1 4 5 20 6 6 6 1
1 5 21 20 6 6 6 1
1 22 23 24 1 1 1 2
1 23 25 24 1 1 1 2
1 26 27 6 7 7 7 1
1 27 7 6 7 7 7 1
1 8 9 2 3 3 3 2
1 9 3 2 3 3 3 2
1 8 28 24 8 8 8 3
1 28 29 24 8 8 8 3
1 30 9 31 5 5 5 3
1 9 25 31 5 5 5 3
"Cylinder03" 1 0
39
1 11.551159 -67.124603 0.138472 0.000000 0.000000 -1
1 10.037089 -67.124603 5.789051 0.000000 0.000000 -1
1 0.250000 -67.124603 0.138472 0.000000 0.000000 -1
1 11.551159 -67.124603 0.138472 0.000000 1.000000 -1
1 19.125000 -5.874603 0.138472 0.000000 0.000000 -1
1 10.037089 -67.124603 5.789051 0.083333 1.000000 -1
1 16.596230 -5.874603 9.575972 0.083333 0.000000 -1
1 5.900579 -67.124603 9.925561 0.000000 0.000000 -1
1 9.687500 -5.874603 16.484701 0.166667 0.000000 -1
1 5.900579 -67.124603 9.925561 0.166667 1.000000 -1
1 0.250000 -67.124603 11.439631 0.000000 0.000000 -1
1 0.250000 -67.124603 11.439631 0.250000 1.000000 -1
1 0.250000 -5.874603 19.013472 0.250000 0.000000 -1
1 -5.400579 -67.124603 9.925561 0.000000 0.000000 -1
1 -9.187500 -5.874603 16.484701 0.333333 0.000000 -1
1 -5.400579 -67.124603 9.925561 0.333333 1.000000 -1
1 -9.537089 -67.124603 5.789051 0.000000 0.000000 -1
1 -9.537089 -67.124603 5.789051 0.416667 1.000000 -1
1 -16.096230 -5.874603 9.575972 0.416667 0.000000 -1
1 -11.051159 -67.124603 0.138472 0.000000 0.000000 -1
1 -18.625000 -5.874603 0.138472 0.500000 0.000000 -1
1 -11.051159 -67.124603 0.138472 0.500000 1.000000 -1
1 -9.537089 -67.124603 -5.512107 0.000000 0.000000 -1
1 -9.537089 -67.124603 -5.512107 0.583333 1.000000 -1
1 -16.096230 -5.874603 -9.299028 0.583333 0.000000 -1
1 -5.400579 -67.124603 -9.648618 0.000000 0.000000 -1
1 -9.187500 -5.874603 -16.207758 0.666667 0.000000 -1
1 -5.400579 -67.124603 -9.648618 0.666667 1.000000 -1
1 0.250000 -67.124603 -11.162687 0.000000 0.000000 -1
1 0.250000 -67.124603 -11.162687 0.750000 1.000000 -1
1 0.250000 -5.874603 -18.736528 0.750000 0.000000 -1
1 5.900579 -67.124603 -9.648618 0.000000 0.000000 -1
1 9.687500 -5.874603 -16.207758 0.833333 0.000000 -1
1 5.900579 -67.124603 -9.648618 0.833333 1.000000 -1
1 10.037089 -67.124603 -5.512107 0.000000 0.000000 -1
1 10.037089 -67.124603 -5.512107 0.916667 1.000000 -1
1 16.596230 -5.874603 -9.299028 0.916667 0.000000 -1
1 19.125000 -5.874603 0.138472 1.000000 0.000000 -1
1 11.551159 -67.124603 0.138472 1.000000 1.000000 -1
27
0.000000 -1.000000 0.000000
0.959109 -0.118598 0.256993
0.959109 -0.118598 0.256993
0.859479 -0.122720 0.496221
0.859479 -0.122720 0.496221
0.496221 -0.122720 0.859479
0.496221 -0.122720 0.859479
0.000000 -0.122720 0.992441
0.000000 -0.122720 0.992441
-0.496221 -0.122720 0.859479
-0.496221 -0.122720 0.859479
-0.859479 -0.122720 0.496221
-0.859479 -0.122720 0.496221
-0.992441 -0.122720 0.000000
-0.992441 -0.122720 0.000000
-0.859479 -0.122720 -0.496221
-0.859479 -0.122720 -0.496221
-0.496221 -0.122720 -0.859479
-0.496221 -0.122720 -0.859479
-0.000000 -0.122720 -0.992441
0.000000 -0.122720 -0.992441
0.496221 -0.122720 -0.859479
0.496221 -0.122720 -0.859479
0.859479 -0.122720 -0.496221
0.859479 -0.122720 -0.496221
0.959109 -0.118598 -0.256993
0.959109 -0.118598 -0.256993
36
1 0 1 2 0 0 0 2
1 3 4 5 1 2 3 1
1 4 6 5 2 4 3 1
1 1 7 2 0 0 0 2
1 5 6 8 3 4 5 1
1 5 8 9 3 5 6 1
1 7 10 2 0 0 0 2
1 9 8 11 6 5 7 1
1 8 12 11 5 8 7 1
1 10 13 2 0 0 0 2
1 11 12 14 7 8 9 1
1 11 14 15 7 9 10 1
1 13 16 2 0 0 0 2
1 15 14 17 10 9 11 1
1 14 18 17 9 12 11 1
1 16 19 2 0 0 0 2
1 17 18 20 11 12 13 1
1 17 20 21 11 13 14 1
1 19 22 2 0 0 0 2
1 21 20 23 14 13 15 1
1 20 24 23 13 16 15 1
1 22 25 2 0 0 0 2
1 23 24 26 15 16 17 1
1 23 26 27 15 17 18 1
1 25 28 2 0 0 0 2
1 27 26 29 18 17 19 1
1 26 30 29 17 20 19 1
1 28 31 2 0 0 0 2
1 29 30 32 19 20 21 1
1 29 32 33 19 21 22 1
1 31 34 2 0 0 0 2
1 33 32 35 22 21 23 1
1 32 36 35 21 24 23 1
1 34 0 2 0 0 0 2
1 35 36 37 23 24 25 1
1 35 37 38 23 25 26 1
"Sphere03" 1 0
146
1 -0.000000 -32.379501 0.000000 0.000000 1.000000 -1
1 12.693419 -29.871262 0.000000 0.000000 0.875000 -1
1 12.072158 -29.871262 3.922482 0.050000 0.875000 -1
1 -0.000000 -32.379501 0.000000 0.050000 1.000000 -1
1 10.269191 -29.871262 7.461003 0.100000 0.875000 -1
1 -0.000000 -32.379501 0.000000 0.100000 1.000000 -1
1 7.461003 -29.871262 10.269191 0.150000 0.875000 -1
1 -0.000000 -32.379501 0.000000 0.150000 1.000000 -1
1 3.922482 -29.871262 12.072158 0.200000 0.875000 -1
1 -0.000000 -32.379501 0.000000 0.200000 1.000000 -1
1 -0.000000 -29.871262 12.693419 0.250000 0.875000 -1
1 -0.000000 -32.379501 0.000000 0.250000 1.000000 -1
1 -3.922482 -29.871262 12.072158 0.300000 0.875000 -1
1 -0.000000 -32.379501 0.000000 0.300000 1.000000 -1
1 -7.461003 -29.871262 10.269191 0.350000 0.875000 -1
1 -0.000000 -32.379501 0.000000 0.350000 1.000000 -1
1 -10.269191 -29.871262 7.461003 0.400000 0.875000 -1
1 -0.000000 -32.379501 0.000000 0.400000 1.000000 -1
1 -12.072158 -29.871262 3.922482 0.450000 0.875000 -1
1 -0.000000 -32.379501 0.000000 0.450000 1.000000 -1
1 -12.693419 -29.871262 0.000000 0.500000 0.875000 -1
1 -0.000000 -32.379501 0.000000 0.500000 1.000000 -1
1 -12.072158 -29.871262 -3.922482 0.550000 0.875000 -1
1 -0.000000 -32.379501 0.000000 0.550000 1.000000 -1
1 -10.269191 -29.871262 -7.461004 0.600000 0.875000 -1
1 -0.000000 -32.379501 0.000000 0.600000 1.000000 -1
1 -7.461003 -29.871262 -10.269190 0.650000 0.875000 -1
1 -0.000000 -32.379501 0.000000 0.650000 1.000000 -1
1 -3.922482 -29.871262 -12.072157 0.700000 0.875000 -1
1 -0.000000 -32.379501 0.000000 0.700000 1.000000 -1
1 -0.000000 -29.871262 -12.693419 0.750000 0.875000 -1
1 -0.000000 -32.379501 0.000000 0.750000 1.000000 -1
1 3.922482 -29.871262 -12.072157 0.800000 0.875000 -1
1 -0.000000 -32.379501 0.000000 0.800000 1.000000 -1
1 7.461003 -29.871262 -10.269190 0.850000 0.875000 -1
1 -0.000000 -32.379501 0.000000 0.850000 1.000000 -1
1 10.269191 -29.871262 -7.461004 0.900000 0.875000 -1
1 -0.000000 -32.379501 0.000000 0.900000 1.000000 -1
1 12.072158 -29.871262 -3.922482 0.950000 0.875000 -1
1 -0.000000 -32.379501 0.000000 0.950000 1.000000 -1
1 12.693419 -29.871262 0.000000 1.000000 0.875000 -1
1 23.454376 -8.728401 0.000000 0.000000 0.750000 -1
1 22.306437 -8.728401 7.247800 0.050000 0.750000 -1
1 18.974989 -8.728401 13.786137 0.100000 0.750000 -1
1 13.786136 -8.728401 18.974989 0.150000 0.750000 -1
1 7.247801 -8.728401 22.306437 0.200000 0.750000 -1
1 -0.000000 -8.728401 23.454372 0.250000 0.750000 -1
1 -7.247801 -8.728401 22.306437 0.300000 0.750000 -1
1 -13.786136 -8.728401 18.974989 0.350000 0.750000 -1
1 -18.974989 -8.728401 13.786137 0.400000 0.750000 -1
1 -22.306437 -8.728401 7.247800 0.450000 0.750000 -1
1 -23.454376 -8.728401 0.000000 0.500000 0.750000 -1
1 -22.306437 -8.728401 -7.247801 0.550000 0.750000 -1
1 -18.974989 -8.728401 -13.786135 0.600000 0.750000 -1
1 -13.786136 -8.728401 -18.974989 0.650000 0.750000 -1
1 -7.247801 -8.728401 -22.306437 0.700000 0.750000 -1
1 -0.000000 -8.728401 -23.454376 0.750000 0.750000 -1
1 7.247801 -8.728401 -22.306437 0.800000 0.750000 -1
1 13.786136 -8.728401 -18.974989 0.850000 0.750000 -1
1 18.974989 -8.728401 -13.786135 0.900000 0.750000 -1
1 22.306437 -8.728401 -7.247801 0.950000 0.750000 -1
1 23.454376 -8.728401 0.000000 1.000000 0.750000 -1
1 30.644621 7.961655 0.000000 0.000000 0.625000 -1
1 29.144764 7.961655 9.469709 0.050000 0.625000 -1
1 24.792019 7.961655 18.012455 0.100000 0.625000 -1
1 18.012455 7.961655 24.792017 0.150000 0.625000 -1
1 9.469709 7.961655 29.144768 0.200000 0.625000 -1
1 -0.000000 7.961655 30.644621 0.250000 0.625000 -1
1 -9.469709 7.961655 29.144768 0.300000 0.625000 -1
1 -18.012455 7.961655 24.792017 0.350000 0.625000 -1
1 -24.792019 7.961655 18.012455 0.400000 0.625000 -1
1 -29.144764 7.961655 9.469709 0.450000 0.625000 -1
1 -30.644621 7.961655 0.000000 0.500000 0.625000 -1
1 -29.144764 7.961655 -9.469709 0.550000 0.625000 -1
1 -24.792019 7.961655 -18.012455 0.600000 0.625000 -1
1 -18.012455 7.961655 -24.792019 0.650000 0.625000 -1
1 -9.469709 7.961655 -29.144760 0.700000 0.625000 -1
1 -0.000000 7.961655 -30.644617 0.750000 0.625000 -1
1 9.469709 7.961655 -29.144760 0.800000 0.625000 -1
1 18.012455 7.961655 -24.792019 0.850000 0.625000 -1
1 24.792019 7.961655 -18.012455 0.900000 0.625000 -1
1 29.144764 7.961655 -9.469709 0.950000 0.625000 -1
1 30.644621 7.961655 0.000000 1.000000 0.625000 -1
1 33.169498 17.071434 0.000000 0.000000 0.500000 -1
1 31.546066 17.071434 10.249938 0.050000 0.500000 -1
1 26.834688 17.071434 19.496542 0.100000 0.500000 -1
1 19.496542 17.071434 26.834688 0.150000 0.500000 -1
1 10.249938 17.071434 31.546070 0.200000 0.500000 -1
1 -0.000000 17.071434 33.169495 0.250000 0.500000 -1
1 -10.249938 17.071434 31.546070 0.300000 0.500000 -1
1 -19.496542 17.071434 26.834688 0.350000 0.500000 -1
1 -26.834688 17.071434 19.496542 0.400000 0.500000 -1
1 -31.546066 17.071434 10.249938 0.450000 0.500000 -1
1 -33.169498 17.071434 0.000000 0.500000 0.500000 -1
1 -31.546066 17.071434 -10.249938 0.550000 0.500000 -1
1 -26.834688 17.071434 -19.496542 0.600000 0.500000 -1
1 -19.496542 17.071434 -26.834688 0.650000 0.500000 -1
1 -10.249938 17.071434 -31.546066 0.700000 0.500000 -1
1 -0.000000 17.071434 -33.169495 0.750000 0.500000 -1
1 10.249938 17.071434 -31.546066 0.800000 0.500000 -1
1 19.496542 17.071434 -26.834688 0.850000 0.500000 -1
1 26.834688 17.071434 -19.496542 0.900000 0.500000 -1
1 31.546066 17.071434 -10.249938 0.950000 0.500000 -1
1 33.169498 17.071434 0.000000 1.000000 0.500000 -1
1 34.049583 28.337631 0.000000 0.000000 0.375000 -1
1 32.383072 28.337631 10.521899 0.050000 0.375000 -1
1 27.546688 28.337631 20.013840 0.100000 0.375000 -1
1 20.013840 28.337631 27.546688 0.150000 0.375000 -1
1 10.521899 28.337631 32.383072 0.200000 0.375000 -1
1 -0.000000 28.337631 34.049583 0.250000 0.375000 -1
1 -10.521899 28.337631 32.383072 0.300000 0.375000 -1
1 -20.013840 28.337631 27.546688 0.350000 0.375000 -1
1 -27.546688 28.337631 20.013840 0.400000 0.375000 -1
1 -32.383072 28.337631 10.521899 0.450000 0.375000 -1
1 -34.049583 28.337631 0.000000 0.500000 0.375000 -1
1 -32.383072 28.337631 -10.521899 0.550000 0.375000 -1
1 -27.546688 28.337631 -20.013840 0.600000 0.375000 -1
1 -20.013840 28.337631 -27.546692 0.650000 0.375000 -1
1 -10.521899 28.337631 -32.383072 0.700000 0.375000 -1
1 -0.000000 28.337631 -34.049583 0.750000 0.375000 -1
1 10.521899 28.337631 -32.383072 0.800000 0.375000 -1
1 20.013840 28.337631 -27.546692 0.850000 0.375000 -1
1 27.546688 28.337631 -20.013840 0.900000 0.375000 -1
1 32.383072 28.337631 -10.521899 0.950000 0.375000 -1
1 34.049583 28.337631 0.000000 1.000000 0.375000 -1
1 26.060419 51.356750 0.000000 0.000000 0.250000 -1
1 24.784931 51.356750 8.053112 0.050000 0.250000 -1
1 21.083321 51.356750 15.317929 0.100000 0.250000 -1
1 15.317929 51.356750 21.083321 0.150000 0.250000 -1
1 8.053112 51.356750 24.784931 0.200000 0.250000 -1
1 -0.000000 51.356750 26.060415 0.250000 0.250000 -1
1 -8.053112 51.356750 24.784931 0.300000 0.250000 -1
1 -15.317929 51.356750 21.083321 0.350000 0.250000 -1
1 -21.083321 51.356750 15.317929 0.400000 0.250000 -1
1 -24.784931 51.356750 8.053112 0.450000 0.250000 -1
1 -26.060419 51.356750 0.000000 0.500000 0.250000 -1
1 -24.784931 51.356750 -8.053112 0.550000 0.250000 -1
1 -21.083321 51.356750 -15.317929 0.600000 0.250000 -1
1 -15.317929 51.356750 -21.083321 0.650000 0.250000 -1
1 -8.053112 51.356750 -24.784931 0.700000 0.250000 -1
1 -0.000000 51.356750 -26.060419 0.750000 0.250000 -1
1 8.053112 51.356750 -24.784931 0.800000 0.250000 -1
1 15.317929 51.356750 -21.083321 0.850000 0.250000 -1
1 21.083321 51.356750 -15.317929 0.900000 0.250000 -1
1 24.784931 51.356750 -8.053112 0.950000 0.250000 -1
1 26.060419 51.356750 0.000000 1.000000 0.250000 -1
121
0.000000 -1.000000 -0.000000
0.721661 -0.692247 0.000000
0.571973 -0.798942 0.185845
0.583836 -0.692247 0.424182
0.353499 -0.798942 0.486550
0.223005 -0.692247 0.686340
0.000000 -0.798942 0.601408
-0.223005 -0.692247 0.686340
-0.353499 -0.798942 0.486550
-0.583836 -0.692247 0.424182
-0.571973 -0.798942 0.185845
-0.721661 -0.692247 0.000000
-0.571973 -0.798942 -0.185845
-0.583836 -0.692247 -0.424182
-0.353499 -0.798942 -0.486550
-0.223006 -0.692247 -0.686340
0.000000 -0.798942 -0.601408
0.223006 -0.692247 -0.686340
0.353499 -0.798942 -0.486550
0.583836 -0.692247 -0.424182
0.571973 -0.798942 -0.185845
0.905263 -0.424851 0.000000
0.860957 -0.424851 0.279742
0.732373 -0.424851 0.532100
0.532100 -0.424851 0.732373
0.279742 -0.424851 0.860957
0.000000 -0.424851 0.905263
-0.279742 -0.424851 0.860957
-0.532100 -0.424851 0.732373
-0.732373 -0.424851 0.532100
-0.860957 -0.424851 0.279742
-0.905263 -0.424851 0.000000
-0.860957 -0.424851 -0.279742
-0.732373 -0.424851 -0.532100
-0.532100 -0.424851 -0.732374
-0.279742 -0.424851 -0.860957
0.000000 -0.424851 -0.905263
0.279742 -0.424851 -0.860957
0.532100 -0.424851 -0.732374
0.732373 -0.424851 -0.532100
0.860957 -0.424851 -0.279742
0.943216 -0.332180 0.000000
0.897052 -0.332180 0.291470
0.763078 -0.332180 0.554408
0.554409 -0.332180 0.763078
0.291470 -0.332180 0.897052
0.000000 -0.332180 0.943216
-0.291470 -0.332180 0.897052
-0.554409 -0.332180 0.763078
-0.763078 -0.332180 0.554408
-0.897052 -0.332180 0.291470
-0.943216 -0.332180 0.000000
-0.897052 -0.332180 -0.291470
-0.763078 -0.332180 -0.554408
-0.554408 -0.332180 -0.763078
-0.291470 -0.332180 -0.897052
0.000000 -0.332180 -0.943216
0.291470 -0.332180 -0.897052
0.554408 -0.332180 -0.763078
0.763078 -0.332180 -0.554408
0.897052 -0.332180 -0.291470
0.984865 -0.173325 0.000000
0.936662 -0.173325 0.304340
0.796772 -0.173325 0.578889
0.578889 -0.173325 0.796772
0.304340 -0.173325 0.936662
0.000000 -0.173325 0.984865
-0.304340 -0.173325 0.936662
-0.578889 -0.173325 0.796772
-0.796772 -0.173325 0.578889
-0.936662 -0.173325 0.304340
-0.984865 -0.173325 0.000000
-0.936662 -0.173325 -0.304340
-0.796772 -0.173325 -0.578889
-0.578889 -0.173325 -0.796772
-0.304340 -0.173325 -0.936662
0.000000 -0.173326 -0.984865
0.304340 -0.173325 -0.936662
0.578889 -0.173325 -0.796772
0.796772 -0.173325 -0.578889
0.936662 -0.173325 -0.304340
0.991796 0.127829 -0.000000
0.943254 0.127829 0.306482
0.802380 0.127829 0.582963
0.582963 0.127829 0.802380
0.306482 0.127829 0.943254
0.000000 0.127829 0.991796
-0.306482 0.127829 0.943254
-0.582963 0.127829 0.802380
-0.802380 0.127829 0.582963
-0.943254 0.127829 0.306482
-0.991796 0.127829 -0.000000
-0.943254 0.127829 -0.306482
-0.802380 0.127829 -0.582963
-0.582963 0.127829 -0.802380
-0.306482 0.127829 -0.943254
0.000000 0.127829 -0.991796
0.306482 0.127829 -0.943254
0.582963 0.127829 -0.802380
0.802380 0.127829 -0.582963
0.943254 0.127829 -0.306482
0.944719 0.327880 0.000000
0.898481 0.327880 0.291934
0.764294 0.327880 0.555292
0.555292 0.327880 0.764294
0.291934 0.327880 0.898481
0.000000 0.327880 0.944719
-0.291934 0.327880 0.898481
-0.555292 0.327880 0.764294
-0.764294 0.327880 0.555292
-0.898481 0.327880 0.291934
-0.944719 0.327880 0.000000
-0.898481 0.327880 -0.291934
-0.764294 0.327880 -0.555292
-0.555292 0.327880 -0.764294
-0.291934 0.327880 -0.898481
0.000000 0.327880 -0.944719
0.291934 0.327880 -0.898481
0.555292 0.327880 -0.764294
0.764294 0.327880 -0.555292
0.898481 0.327880 -0.291934
220
1 0 1 2 0 1 2 1
1 3 2 4 0 2 3 1
1 5 4 6 0 3 4 1
1 7 6 8 0 4 5 1
1 9 8 10 0 5 6 1
1 11 10 12 0 6 7 1
1 13 12 14 0 7 8 1
1 15 14 16 0 8 9 1
1 17 16 18 0 9 10 1
1 19 18 20 0 10 11 1
1 21 20 22 0 11 12 1
1 23 22 24 0 12 13 1
1 25 24 26 0 13 14 1
1 27 26 28 0 14 15 1
1 29 28 30 0 15 16 1
1 31 30 32 0 16 17 1
1 33 32 34 0 17 18 1
1 35 34 36 0 18 19 1
1 37 36 38 0 19 20 1
1 39 38 40 0 20 1 1
1 1 41 42 1 21 22 1
1 1 42 2 1 22 2 1
1 2 42 4 2 22 3 1
1 42 43 4 22 23 3 1
1 4 43 44 3 23 24 1
1 4 44 6 3 24 4 1
1 6 44 8 4 24 5 1
1 44 45 8 24 25 5 1
1 8 45 46 5 25 26 1
1 8 46 10 5 26 6 1
1 10 46 12 6 26 7 1
1 46 47 12 26 27 7 1
1 12 47 48 7 27 28 1
1 12 48 14 7 28 8 1
1 14 48 16 8 28 9 1
1 48 49 16 28 29 9 1
1 16 49 50 9 29 30 1
1 16 50 18 9 30 10 1
1 18 50 20 10 30 11 1
1 50 51 20 30 31 11 1
1 20 51 52 11 31 32 1
1 20 52 22 11 32 12 1
1 22 52 24 12 32 13 1
1 52 53 24 32 33 13 1
1 24 53 54 13 33 34 1
1 24 54 26 13 34 14 1
1 26 54 28 14 34 15 1
1 54 55 28 34 35 15 1
1 28 55 56 15 35 36 1
1 28 56 30 15 36 16 1
1 30 56 32 16 36 17 1
1 56 57 32 36 37 17 1
1 32 57 58 17 37 38 1
1 32 58 34 17 38 18 1
1 34 58 36 18 38 19 1
1 58 59 36 38 39 19 1
1 36 59 60 19 39 40 1
1 36 60 38 19 40 20 1
1 38 60 40 20 40 1 1
1 60 61 40 40 21 1 1
1 41 62 42 21 41 22 1
1 62 63 42 41 42 22 1
1 42 63 64 22 42 43 1
1 42 64 43 22 43 23 1
1 43 64 44 23 43 24 1
1 64 65 44 43 44 24 1
1 44 65 66 24 44 45 1
1 44 66 45 24 45 25 1
1 45 66 46 25 45 26 1
1 66 67 46 45 46 26 1
1 46 67 68 26 46 47 1
1 46 68 47 26 47 27 1
1 47 68 48 27 47 28 1
1 68 69 48 47 48 28 1
1 48 69 70 28 48 49 1
1 48 70 49 28 49 29 1
1 49 70 50 29 49 30 1
1 70 71 50 49 50 30 1
1 50 71 72 30 50 51 1
1 50 72 51 30 51 31 1
1 51 72 52 31 51 32 1
1 72 73 52 51 52 32 1
1 52 73 74 32 52 53 1
1 52 74 53 32 53 33 1
1 53 74 54 33 53 34 1
1 74 75 54 53 54 34 1
1 54 75 76 34 54 55 1
1 54 76 55 34 55 35 1
1 55 76 56 35 55 36 1
1 76 77 56 55 56 36 1
1 56 77 78 36 56 57 1
1 56 78 57 36 57 37 1
1 57 78 58 37 57 38 1
1 78 79 58 57 58 38 1
1 58 79 80 38 58 59 1
1 58 80 59 38 59 39 1
1 59 80 60 39 59 40 1
1 80 81 60 59 60 40 1
1 60 81 82 40 60 41 1
1 60 82 61 40 41 21 1
1 62 83 84 41 61 62 1
1 62 84 63 41 62 42 1
1 63 84 64 42 62 43 1
1 84 85 64 62 63 43 1
1 64 85 86 43 63 64 1
1 64 86 65 43 64 44 1
1 65 86 66 44 64 45 1
1 86 87 66 64 65 45 1
1 66 87 88 45 65 66 1
1 66 88 67 45 66 46 1
1 67 88 68 46 66 47 1
1 88 89 68 66 67 47 1
1 68 89 90 47 67 68 1
1 68 90 69 47 68 48 1
1 69 90 70 48 68 49 1
1 90 91 70 68 69 49 1
1 70 91 92 49 69 70 1
1 70 92 71 49 70 50 1
1 71 92 72 50 70 51 1
1 92 93 72 70 71 51 1
1 72 93 94 51 71 72 1
1 72 94 73 51 72 52 1
1 73 94 74 52 72 53 1
1 94 95 74 72 73 53 1
1 74 95 96 53 73 74 1
1 74 96 75 53 74 54 1
1 75 96 76 54 74 55 1
1 96 97 76 74 75 55 1
1 76 97 98 55 75 76 1
1 76 98 77 55 76 56 1
1 77 98 78 56 76 57 1
1 98 99 78 76 77 57 1
1 78 99 100 57 77 78 1
1 78 100 79 57 78 58 1
1 79 100 80 58 78 59 1
1 100 101 80 78 79 59 1
1 80 101 102 59 79 80 1
1 80 102 81 59 80 60 1
1 81 102 82 60 80 41 1
1 102 103 82 80 61 41 1
1 83 104 84 61 81 62 1
1 104 105 84 81 82 62 1
1 84 105 106 62 82 83 1
1 84 106 85 62 83 63 1
1 85 106 86 63 83 64 1
1 106 107 86 83 84 64 1
1 86 107 108 64 84 85 1
1 86 108 87 64 85 65 1
1 87 108 88 65 85 66 1
1 108 109 88 85 86 66 1
1 88 109 110 66 86 87 1
1 88 110 89 66 87 67 1
1 89 110 90 67 87 68 1
1 110 111 90 87 88 68 1
1 90 111 112 68 88 89 1
1 90 112 91 68 89 69 1
1 91 112 92 69 89 70 1
1 112 113 92 89 90 70 1
1 92 113 114 70 90 91 1
1 92 114 93 70 91 71 1
1 93 114 94 71 91 72 1
1 114 115 94 91 92 72 1
1 94 115 116 72 92 93 1
1 94 116 95 72 93 73 1
1 95 116 96 73 93 74 1
1 116 117 96 93 94 74 1
1 96 117 118 74 94 95 1
1 96 118 97 74 95 75 1
1 97 118 98 75 95 76 1
1 118 119 98 95 96 76 1
1 98 119 120 76 96 97 1
1 98 120 99 76 97 77 1
1 99 120 100 77 97 78 1
1 120 121 100 97 98 78 1
1 100 121 122 78 98 99 1
1 100 122 101 78 99 79 1
1 101 122 102 79 99 80 1
1 122 123 102 99 100 80 1
1 102 123 124 80 100 81 1
1 102 124 103 80 81 61 1
1 104 125 126 81 101 102 1
1 104 126 105 81 102 82 1
1 105 126 106 82 102 83 1
1 126 127 106 102 103 83 1
1 106 127 128 83 103 104 1
1 106 128 107 83 104 84 1
1 107 128 108 84 104 85 1
1 128 129 108 104 105 85 1
1 108 129 130 85 105 106 1
1 108 130 109 85 106 86 1
1 109 130 110 86 106 87 1
1 130 131 110 106 107 87 1
1 110 131 132 87 107 108 1
1 110 132 111 87 108 88 1
1 111 132 112 88 108 89 1
1 132 133 112 108 109 89 1
1 112 133 134 89 109 110 1
1 112 134 113 89 110 90 1
1 113 134 114 90 110 91 1
1 134 135 114 110 111 91 1
1 114 135 136 91 111 112 1
1 114 136 115 91 112 92 1
1 115 136 116 92 112 93 1
1 136 137 116 112 113 93 1
1 116 137 138 93 113 114 1
1 116 138 117 93 114 94 1
1 117 138 118 94 114 95 1
1 138 139 118 114 115 95 1
1 118 139 140 95 115 116 1
1 118 140 119 95 116 96 1
1 119 140 120 96 116 97 1
1 140 141 120 116 117 97 1
1 120 141 142 97 117 118 1
1 120 142 121 97 118 98 1
1 121 142 122 98 118 99 1
1 142 143 122 118 119 99 1
1 122 143 144 99 119 120 1
1 122 144 123 99 120 100 1
1 123 144 124 100 120 81 1
1 144 145 124 120 101 81 1
"Duplicate02" 1 1
62
1 -0.000000 67.624603 0.000000 0.000000 0.000000 -1
1 13.413510 63.396713 4.358314 0.050000 0.125000 -1
1 14.103799 63.396713 0.000000 0.000000 0.125000 -1
1 -0.000000 67.624603 0.000000 0.050000 0.000000 -1
1 11.410213 63.396713 8.290005 0.100000 0.125000 -1
1 -0.000000 67.624603 0.000000 0.100000 0.000000 -1
1 8.290005 63.396713 11.410213 0.150000 0.125000 -1
1 -0.000000 67.624603 0.000000 0.150000 0.000000 -1
1 4.358314 63.396713 13.413510 0.200000 0.125000 -1
1 -0.000000 67.624603 0.000000 0.200000 0.000000 -1
1 -0.000000 63.396713 14.103799 0.250000 0.125000 -1
1 -0.000000 67.624603 0.000000 0.250000 0.000000 -1
1 -4.358314 63.396713 13.413510 0.300000 0.125000 -1
1 -0.000000 67.624603 0.000000 0.300000 0.000000 -1
1 -8.290005 63.396713 11.410213 0.350000 0.125000 -1
1 -0.000000 67.624603 0.000000 0.350000 0.000000 -1
1 -11.410213 63.396713 8.290005 0.400000 0.125000 -1
1 -0.000000 67.624603 0.000000 0.400000 0.000000 -1
1 -13.413510 63.396713 4.358314 0.450000 0.125000 -1
1 -0.000000 67.624603 0.000000 0.450000 0.000000 -1
1 -14.103799 63.396713 0.000000 0.500000 0.125000 -1
1 -0.000000 67.624603 0.000000 0.500000 0.000000 -1
1 -13.413510 63.396713 -4.358314 0.550000 0.125000 -1
1 -0.000000 67.624603 0.000000 0.550000 0.000000 -1
1 -11.410213 63.396713 -8.290005 0.600000 0.125000 -1
1 -0.000000 67.624603 0.000000 0.600000 0.000000 -1
1 -8.290005 63.396713 -11.410213 0.650000 0.125000 -1
1 -0.000000 67.624603 0.000000 0.650000 0.000000 -1
1 -4.358314 63.396713 -13.413510 0.700000 0.125000 -1
1 -0.000000 67.624603 0.000000 0.700000 0.000000 -1
1 -0.000000 63.396713 -14.103799 0.750000 0.125000 -1
1 -0.000000 67.624603 0.000000 0.750000 0.000000 -1
1 4.358314 63.396713 -13.413510 0.800000 0.125000 -1
1 -0.000000 67.624603 0.000000 0.800000 0.000000 -1
1 8.290005 63.396713 -11.410213 0.850000 0.125000 -1
1 -0.000000 67.624603 0.000000 0.850000 0.000000 -1
1 11.410213 63.396713 -8.290005 0.900000 0.125000 -1
1 -0.000000 67.624603 0.000000 0.900000 0.000000 -1
1 13.413510 63.396713 -4.358314 0.950000 0.125000 -1
1 -0.000000 67.624603 0.000000 0.950000 0.000000 -1
1 14.103799 63.396713 0.000000 1.000000 0.125000 -1
1 26.060419 51.356750 0.000000 0.000000 0.250000 -1
1 24.784931 51.356750 8.053112 0.050000 0.250000 -1
1 21.083321 51.356750 15.317929 0.100000 0.250000 -1
1 15.317929 51.356750 21.083321 0.150000 0.250000 -1
1 8.053112 51.356750 24.784931 0.200000 0.250000 -1
1 -0.000000 51.356750 26.060415 0.250000 0.250000 -1
1 -8.053112 51.356750 24.784931 0.300000 0.250000 -1
1 -15.317929 51.356750 21.083321 0.350000 0.250000 -1
1 -21.083321 51.356750 15.317929 0.400000 0.250000 -1
1 -24.784931 51.356750 8.053112 0.450000 0.250000 -1
1 -26.060419 51.356750 0.000000 0.500000 0.250000 -1
1 -24.784931 51.356750 -8.053112 0.550000 0.250000 -1
1 -21.083321 51.356750 -15.317929 0.600000 0.250000 -1
1 -15.317929 51.356750 -21.083321 0.650000 0.250000 -1
1 -8.053112 51.356750 -24.784931 0.700000 0.250000 -1
1 -0.000000 51.356750 -26.060419 0.750000 0.250000 -1
1 8.053112 51.356750 -24.784931 0.800000 0.250000 -1
1 15.317929 51.356750 -21.083321 0.850000 0.250000 -1
1 21.083321 51.356750 -15.317929 0.900000 0.250000 -1
1 24.784931 51.356750 -8.053112 0.950000 0.250000 -1
1 26.060419 51.356750 0.000000 1.000000 0.250000 -1
41
0.000000 1.000000 -0.000000
0.488477 0.858021 0.158716
0.584254 0.811571 0.000000
0.472672 0.811571 0.343416
0.301895 0.858021 0.415523
0.180544 0.811571 0.555659
0.000000 0.858021 0.513615
-0.180544 0.811571 0.555659
-0.301895 0.858021 0.415523
-0.472672 0.811571 0.343416
-0.488477 0.858021 0.158716
-0.584254 0.811571 0.000000
-0.488477 0.858021 -0.158716
-0.472672 0.811571 -0.343416
-0.301895 0.858021 -0.415523
-0.180545 0.811571 -0.555659
0.000000 0.858021 -0.513615
0.180545 0.811571 -0.555659
0.301895 0.858021 -0.415523
0.472672 0.811571 -0.343416
0.488477 0.858021 -0.158716
0.709558 0.704647 0.000000
0.674830 0.704647 0.219266
0.574045 0.704647 0.417068
0.417068 0.704647 0.574045
0.219266 0.704647 0.674830
-0.000000 0.704647 0.709558
-0.219266 0.704647 0.674830
-0.417068 0.704647 0.574045
-0.574045 0.704647 0.417068
-0.674830 0.704647 0.219266
-0.709558 0.704647 0.000000
-0.674830 0.704647 -0.219266
-0.574045 0.704647 -0.417068
-0.417068 0.704647 -0.574045
-0.219266 0.704647 -0.674830
0.000000 0.704647 -0.709558
0.219266 0.704647 -0.674830
0.417068 0.704647 -0.574045
0.574045 0.704647 -0.417068
0.674830 0.704647 -0.219266
60
1 0 1 2 0 1 2 1
1 3 4 1 0 3 1 1
1 5 6 4 0 4 3 1
1 7 8 6 0 5 4 1
1 9 10 8 0 6 5 1
1 11 12 10 0 7 6 1
1 13 14 12 0 8 7 1
1 15 16 14 0 9 8 1
1 17 18 16 0 10 9 1
1 19 20 18 0 11 10 1
1 21 22 20 0 12 11 1
1 23 24 22 0 13 12 1
1 25 26 24 0 14 13 1
1 27 28 26 0 15 14 1
1 29 30 28 0 16 15 1
1 31 32 30 0 17 16 1
1 33 34 32 0 18 17 1
1 35 36 34 0 19 18 1
1 37 38 36 0 20 19 1
1 39 40 38 0 2 20 1
1 41 2 42 21 2 22 1
1 2 1 42 2 1 22 1
1 42 1 4 22 1 3 1
1 42 4 43 22 3 23 1
1 43 4 44 23 3 24 1
1 4 6 44 3 4 24 1
1 44 6 8 24 4 5 1
1 44 8 45 24 5 25 1
1 45 8 46 25 5 26 1
1 8 10 46 5 6 26 1
1 46 10 12 26 6 7 1
1 46 12 47 26 7 27 1
1 47 12 48 27 7 28 1
1 12 14 48 7 8 28 1
1 48 14 16 28 8 9 1
1 48 16 49 28 9 29 1
1 49 16 50 29 9 30 1
1 16 18 50 9 10 30 1
1 50 18 20 30 10 11 1
1 50 20 51 30 11 31 1
1 51 20 52 31 11 32 1
1 20 22 52 11 12 32 1
1 52 22 24 32 12 13 1
1 52 24 53 32 13 33 1
1 53 24 54 33 13 34 1
1 24 26 54 13 14 34 1
1 54 26 28 34 14 15 1
1 54 28 55 34 15 35 1
1 55 28 56 35 15 36 1
1 28 30 56 15 16 36 1
1 56 30 32 36 16 17 1
1 56 32 57 36 17 37 1
1 57 32 58 37 17 38 1
1 32 34 58 17 18 38 1
1 58 34 36 38 18 19 1
1 58 36 59 38 19 39 1
1 59 36 60 39 19 40 1
1 36 38 60 19 20 40 1
1 60 38 40 40 20 2 1
1 60 40 61 40 2 21 1

Materials: 2
"Material01"
0.800000 0.800000 0.800000 1.000000
0.000000 0.000000 0.000000 1.000000
0.000000 0.000000 0.000000 1.000000
0.000000 0.000000 0.000000 1.000000
0.000000
1.000000
"sphere_cball.bmp"
""
"Material01"
0.200000 0.200000 0.200000 1.000000
0.501961 0.000000 0.000000 1.000000
0.000000 0.000000 0.000000 1.000000
1.000000 0.000000 0.000000 1.000000
0.000000
1.000000
"sphere_chrome.bmp"
""

Bones: 0
GroupComments: 0
MaterialComments: 0
BoneComments: 0
ModelComment: 0
