// MilkShape 3D ASCII

Frames: 30
Frame: 1

Meshes: 4
"Mesh1" 0 0
228
1 3.614667 38.798492 -2.086941 6.695380 17.898199 -1
1 3.614667 38.798492 2.086931 24.940399 17.898199 -1
1 2.086933 38.798492 3.614666 31.618500 11.220100 -1
1 4.173867 38.798492 -0.000003 15.817900 20.342600 -1
1 3.614667 38.798492 2.086931 151.529999 -18.716999 -1
1 4.173868 7.602602 0.000003 15.165200 -9.272700 -1
1 4.173867 38.798492 -0.000003 151.529999 -9.272700 -1
1 3.614668 7.602602 2.086937 15.165200 -18.716999 -1
1 3.614667 38.798492 2.086931 151.529999 -4.686660 -1
1 2.086934 7.602602 3.614671 15.165200 -14.131000 -1
1 3.614668 7.602602 2.086937 15.165200 -4.686660 -1
1 2.086933 38.798492 3.614666 151.529999 -14.131000 -1
1 2.086933 38.798492 3.614666 151.529999 2.688380 -1
1 -0.000001 7.602602 4.173873 15.165200 -6.755920 -1
1 2.086934 7.602602 3.614671 15.165200 2.688380 -1
1 -0.000002 38.798492 4.173869 151.529999 -6.755920 -1
1 -2.086937 38.798492 -3.614682 0.017251 -7.024900 -1
1 -2.086937 38.798492 3.614666 31.618500 -7.024900 -1
1 -3.614671 38.798492 2.086931 24.940399 -13.703000 -1
1 -0.000002 38.798492 -4.173873 -2.427120 2.097600 -1
1 -0.000002 38.798492 4.173869 34.062901 2.097600 -1
1 2.086933 38.798492 -3.614682 0.017251 11.220100 -1
1 2.086934 7.602602 -3.614677 -15.165200 10.876320 -1
1 -0.000002 38.798492 -4.173873 -151.529999 1.432016 -1
1 2.086933 38.798492 -3.614682 -151.529999 10.876320 -1
1 -0.000001 7.602602 -4.173871 -15.165200 1.432016 -1
1 2.086935 -15.956232 -3.614675 87.816200 10.876320 -1
1 0.000000 -15.956232 -4.173869 87.816200 1.432016 -1
1 2.040038 -28.086157 -3.533443 140.837006 10.488370 -1
1 0.000000 -15.956232 -4.173869 87.794800 1.256314 -1
1 2.086935 -15.956232 -3.614675 87.813698 10.700600 -1
1 0.000001 -28.086157 -4.080070 140.819000 1.256314 -1
1 2.040038 -28.086157 -3.533443 0.372321 11.015100 -1
1 0.000001 -28.086157 4.080082 33.652901 2.097600 -1
1 0.000001 -28.086157 -4.080070 -2.017120 2.097600 -1
1 2.040038 -28.086157 3.533442 31.263399 11.015100 -1
1 3.533457 -28.086157 -2.040035 6.900380 17.543200 -1
1 3.533457 -28.086157 2.040045 24.735399 17.543200 -1
1 4.080075 -28.086157 0.000008 15.817900 19.932600 -1
1 4.080075 -28.086157 0.000008 133.764999 -38.487598 -1
1 2.843013 -34.267906 -1.641405 155.001999 -57.459202 -1
1 3.533457 -28.086157 -2.040035 129.897003 -46.870602 -1
1 3.282819 -34.267906 0.000008 158.113998 -50.714298 -1
1 4.080075 -28.086157 0.000008 -120.044998 -65.810997 -1
1 2.843013 -34.267906 1.641418 -141.281998 -84.782600 -1
1 3.282819 -34.267906 0.000008 -144.393997 -78.037598 -1
1 3.533457 -28.086157 2.040045 -116.177002 -74.194000 -1
1 4.080075 -28.086157 0.000008 -140.324005 -13.294200 -1
1 3.614668 -15.956232 2.086941 -87.060204 -21.151400 -1
1 3.533457 -28.086157 2.040045 -140.065994 -22.522699 -1
1 4.173869 -15.956232 0.000004 -87.323402 -11.710700 -1
1 3.533457 -28.086157 -2.040035 140.979004 8.021500 -1
1 4.173869 -15.956232 0.000004 88.235901 18.833500 -1
1 4.080075 -28.086157 0.000008 141.235992 17.250000 -1
1 3.614668 -15.956232 -2.086935 87.972801 9.392860 -1
1 3.533457 -28.086157 -2.040035 140.904007 16.525200 -1
1 2.086935 -15.956232 -3.614675 87.811501 7.583250 -1
1 3.614668 -15.956232 -2.086935 87.882004 17.027300 -1
1 2.040038 -28.086157 -3.533443 140.835007 7.293340 -1
1 2.843013 -34.267906 -1.641405 166.815002 -3.826420 -1
1 2.040038 -28.086157 -3.533443 138.766998 -8.752760 -1
1 3.533457 -28.086157 -2.040035 139.899994 0.409576 -1
1 1.641410 -34.267906 -2.843000 165.904007 -11.198400 -1
1 2.843013 -34.267906 -1.641405 8.642880 14.525100 -1
1 1.641410 -34.267906 2.842998 28.245300 9.272600 -1
1 1.641410 -34.267906 -2.843000 3.390420 9.272600 -1
1 2.843013 -34.267906 1.641418 22.992901 14.525100 -1
1 3.282819 -34.267906 0.000008 15.817900 16.447601 -1
1 3.533457 -28.086157 2.040045 -134.410995 -21.452101 -1
1 1.641410 -34.267906 2.842998 -160.414993 -33.060101 -1
1 2.843013 -34.267906 1.641418 -161.326996 -25.688101 -1
1 2.040038 -28.086157 3.533442 -133.279007 -30.614401 -1
1 3.614668 -15.956232 2.086941 -87.547897 -5.340700 -1
1 2.040038 -28.086157 3.533442 -140.500000 -15.074699 -1
1 3.533457 -28.086157 2.040045 -140.569000 -5.842840 -1
1 2.086935 -15.956232 3.614675 -87.477303 -14.784700 -1
1 3.614668 -15.956232 -2.086935 6.695380 17.898199 -1
1 3.614668 -15.956232 2.086941 24.940399 17.898199 -1
1 2.086935 -15.956232 3.614675 31.618500 11.220100 -1
1 4.173869 -15.956232 0.000004 15.817900 20.342600 -1
1 3.614668 -15.956232 -2.086935 87.816200 11.840800 -1
1 4.173868 7.602602 0.000003 -15.165200 21.285101 -1
1 4.173869 -15.956232 0.000004 87.816200 21.285101 -1
1 3.614668 7.602602 -2.086936 -15.165200 11.840800 -1
1 2.086935 -15.956232 -3.614675 87.816200 8.238900 -1
1 3.614668 7.602602 -2.086936 -15.165200 17.683201 -1
1 3.614668 -15.956232 -2.086935 87.816200 17.683201 -1
1 2.086934 7.602602 -3.614677 -15.165200 8.238900 -1
1 2.086933 38.798492 -3.614682 -151.529999 8.238900 -1
1 3.614667 38.798492 -2.086941 -151.529999 17.683201 -1
1 4.173867 38.798492 -0.000003 -151.529999 21.285101 -1
1 3.614667 38.798492 -2.086941 -151.529999 11.840800 -1
1 3.614668 7.602602 2.086937 24.940399 17.898199 -1
1 3.614668 7.602602 -2.086936 6.695380 17.898199 -1
1 4.173868 7.602602 0.000003 15.817900 20.342600 -1
1 2.086934 7.602602 3.614671 31.618500 11.220100 -1
1 3.614668 -15.956232 2.086941 -87.816200 -4.686660 -1
1 2.086935 -15.956232 3.614675 -87.816200 -14.131000 -1
1 0.000000 -15.956232 4.173874 -87.816200 -6.755920 -1
1 2.086935 -15.956232 3.614675 -87.816200 2.688380 -1
1 2.086934 7.602602 -3.614677 0.017251 11.220100 -1
1 -0.000001 7.602602 4.173873 34.062901 2.097600 -1
1 -0.000001 7.602602 -4.173871 -2.427120 2.097600 -1
1 -2.086936 7.602602 3.614671 31.618500 -7.024900 -1
1 -0.000002 38.798492 4.173869 151.529999 10.876320 -1
1 -2.086936 7.602602 3.614671 15.165200 1.432015 -1
1 -0.000001 7.602602 4.173873 15.165200 10.876320 -1
1 -2.086937 38.798492 3.614666 151.529999 1.432015 -1
1 -2.086937 38.798492 3.614666 151.529999 17.683201 -1
1 -3.614670 7.602602 2.086937 15.165200 8.238900 -1
1 -2.086936 7.602602 3.614671 15.165200 17.683201 -1
1 -3.614671 38.798492 2.086931 151.529999 8.238900 -1
1 -4.173871 38.798492 -0.000003 151.529999 11.840800 -1
1 -3.614670 7.602602 2.086937 15.165200 21.285101 -1
1 -3.614671 38.798492 2.086931 151.529999 21.285101 -1
1 -4.173870 7.602602 0.000003 15.165200 11.840800 -1
1 -3.614671 38.798492 -2.086941 -151.529999 -9.272700 -1
1 -4.173870 7.602602 0.000003 -15.165200 -18.716999 -1
1 -4.173871 38.798492 -0.000003 -151.529999 -18.716999 -1
1 -3.614670 7.602602 -2.086936 -15.165200 -9.272700 -1
1 -3.614671 38.798492 -2.086941 -151.529999 -14.131000 -1
1 -2.086936 7.602602 -3.614677 -15.165200 -4.686660 -1
1 -3.614670 7.602602 -2.086936 -15.165200 -14.131000 -1
1 -2.086937 38.798492 -3.614682 -151.529999 -4.686660 -1
1 -3.614671 38.798492 -2.086941 6.695380 -13.703000 -1
1 -4.173871 38.798492 -0.000003 15.817900 -16.147400 -1
1 -0.000001 7.602602 -4.173871 -15.165200 2.688380 -1
1 -2.086937 38.798492 -3.614682 -151.529999 -6.755920 -1
1 -0.000002 38.798492 -4.173873 -151.529999 2.688380 -1
1 -2.086936 7.602602 -3.614677 -15.165200 -6.755920 -1
1 -2.086936 7.602602 -3.614677 0.017251 -7.024900 -1
1 -3.614670 7.602602 2.086937 24.940399 -13.703000 -1
1 -3.614668 -15.956232 2.086941 -87.816200 8.238900 -1
1 -2.086934 -15.956232 3.614675 -87.816200 17.683201 -1
1 -3.533455 -28.086157 2.040045 -140.569000 9.395120 -1
1 -2.086934 -15.956232 3.614675 -87.477303 18.337000 -1
1 -3.614668 -15.956232 2.086941 -87.547897 8.892990 -1
1 -2.040037 -28.086157 3.533442 -140.500000 18.626900 -1
1 -2.040037 -28.086157 -3.533443 0.372321 -6.819900 -1
1 -2.040037 -28.086157 3.533442 31.263399 -6.819900 -1
1 -3.533455 -28.086157 2.040045 24.735399 -13.348000 -1
1 -1.641408 -34.267906 2.842998 -162.869995 7.835560 -1
1 0.000001 -28.086157 4.080082 -135.376999 15.259600 -1
1 -2.040037 -28.086157 3.533442 -135.682999 6.032580 -1
1 0.000001 -34.267906 3.282826 -162.623993 15.259600 -1
1 0.000001 -34.267906 -3.282815 1.467880 2.097600 -1
1 0.000001 -34.267906 3.282826 30.167900 2.097600 -1
1 -1.641408 -34.267906 2.842998 28.245300 -5.077400 -1
1 2.040038 -28.086157 3.533442 -135.682999 -1.911020 -1
1 0.000001 -34.267906 3.282826 -162.623993 -11.138000 -1
1 1.641410 -34.267906 2.842998 -162.869995 -3.714000 -1
1 0.000001 -28.086157 4.080082 -135.376999 -11.138000 -1
1 2.086935 -15.956232 3.614675 -87.569099 2.513140 -1
1 0.000001 -28.086157 4.080082 -140.574005 -6.931150 -1
1 2.040038 -28.086157 3.533442 -140.593002 2.300910 -1
1 0.000000 -15.956232 4.173874 -87.550201 -6.931150 -1
1 2.086935 -15.956232 -3.614675 0.017251 11.220100 -1
1 0.000000 -15.956232 4.173874 34.062901 2.097600 -1
1 0.000000 -15.956232 -4.173869 -2.427120 2.097600 -1
1 -2.086934 -15.956232 3.614675 31.618500 -7.024900 -1
1 -2.040037 -28.086157 3.533442 -140.593002 1.819498 -1
1 0.000000 -15.956232 4.173874 -87.550201 11.051600 -1
1 -2.086934 -15.956232 3.614675 -87.569099 1.607267 -1
1 0.000001 -28.086157 4.080082 -140.574005 11.051600 -1
1 -2.086934 -15.956232 3.614675 -87.816200 1.432015 -1
1 0.000000 -15.956232 4.173874 -87.816200 10.876320 -1
1 -2.086934 -15.956232 -3.614675 0.017251 -7.024900 -1
1 -3.614668 -15.956232 2.086941 24.940399 -13.703000 -1
1 -3.614668 -15.956232 -2.086935 6.695380 -13.703000 -1
1 -4.173870 -15.956232 0.000004 15.817900 -16.147400 -1
1 -4.080073 -28.086157 0.000008 -140.324005 15.862600 -1
1 -3.614668 -15.956232 2.086941 -87.060204 23.719801 -1
1 -4.173870 -15.956232 0.000004 -87.323402 14.279100 -1
1 -3.533455 -28.086157 2.040045 -140.065994 25.091101 -1
1 -3.533455 -28.086157 -2.040035 6.900380 -13.348000 -1
1 -4.080073 -28.086157 0.000008 15.817900 -15.737400 -1
1 -1.641408 -34.267906 -2.843000 165.904007 14.762500 -1
1 -3.533455 -28.086157 -2.040035 139.899994 3.154480 -1
1 -2.040037 -28.086157 -3.533443 138.766998 12.316800 -1
1 -2.843011 -34.267906 -1.641405 166.815002 7.390470 -1
1 -1.641408 -34.267906 -2.843000 3.390420 -5.077400 -1
1 -2.843011 -34.267906 1.641418 22.992901 -10.329900 -1
1 -2.843011 -34.267906 -1.641405 8.642880 -10.329900 -1
1 -2.040037 -28.086157 -3.533443 139.729004 -2.025820 -1
1 0.000001 -34.267906 -3.282815 166.669998 7.201200 -1
1 -1.641408 -34.267906 -2.843000 166.916000 -0.222840 -1
1 0.000001 -28.086157 -4.080070 139.423996 7.201200 -1
1 -2.086934 -15.956232 -3.614675 87.813698 -6.580200 -1
1 0.000001 -28.086157 -4.080070 140.819000 2.864090 -1
1 -2.040037 -28.086157 -3.533443 140.837006 -6.367970 -1
1 0.000000 -15.956232 -4.173869 87.794800 2.864090 -1
1 0.000000 -15.956232 -4.173869 87.816200 2.688380 -1
1 -2.086934 -15.956232 -3.614675 87.816200 -6.755920 -1
1 -2.086934 -15.956232 -3.614675 87.816200 -4.686660 -1
1 -3.614668 -15.956232 -2.086935 87.816200 -14.131000 -1
1 -2.040037 -28.086157 -3.533443 140.835007 -3.741060 -1
1 -3.614668 -15.956232 -2.086935 87.882004 -13.475000 -1
1 -2.086934 -15.956232 -3.614675 87.811501 -4.030960 -1
1 -3.533455 -28.086157 -2.040035 140.904007 -12.972900 -1
1 -3.533455 -28.086157 -2.040035 140.979004 -5.453130 -1
1 -4.173870 -15.956232 0.000004 88.235901 -16.265100 -1
1 -3.614668 -15.956232 -2.086935 87.972801 -6.824480 -1
1 -4.080073 -28.086157 0.000008 141.235992 -14.681600 -1
1 -2.843011 -34.267906 -1.641405 155.001999 60.084900 -1
1 -4.080073 -28.086157 0.000008 133.764999 41.113400 -1
1 -3.533455 -28.086157 -2.040035 129.897003 49.496300 -1
1 -3.282818 -34.267906 0.000008 158.113998 53.340000 -1
1 -3.282818 -34.267906 0.000008 15.817900 -12.252400 -1
1 -2.843011 -34.267906 1.641418 -141.281998 87.408302 -1
1 -4.080073 -28.086157 0.000008 -120.044998 68.436699 -1
1 -3.282818 -34.267906 0.000008 -144.393997 80.663399 -1
1 -3.533455 -28.086157 2.040045 -116.177002 76.819702 -1
1 -1.641408 -34.267906 2.842998 -160.414993 36.624100 -1
1 -3.533455 -28.086157 2.040045 -134.410995 25.016100 -1
1 -2.843011 -34.267906 1.641418 -161.326996 29.252100 -1
1 -2.040037 -28.086157 3.533442 -133.279007 34.178501 -1
1 -4.173870 -15.956232 0.000004 87.816200 -18.716999 -1
1 -3.614668 -15.956232 -2.086935 87.816200 -9.272700 -1
1 -3.614668 -15.956232 2.086941 -87.816200 21.285101 -1
1 -4.173870 -15.956232 0.000004 -87.816200 11.840800 -1
1 -3.614670 7.602602 -2.086936 6.695380 -13.703000 -1
1 -4.173870 7.602602 0.000003 15.817900 -16.147400 -1
1 0.000001 -28.086157 -4.080070 139.423996 -3.079630 -1
1 1.641410 -34.267906 -2.843000 166.916000 4.344400 -1
1 0.000001 -34.267906 -3.282815 166.669998 -3.079630 -1
1 2.040038 -28.086157 -3.533443 139.729004 6.147380 -1
1 4.173869 -15.956232 0.000004 -87.816200 -9.272700 -1
1 3.614668 -15.956232 2.086941 -87.816200 -18.716999 -1
143
0.000000 -1.000000 0.000000
0.965925 0.000000 0.258823
0.965925 0.000000 0.258823
0.965925 0.000000 0.258823
0.965925 0.000000 0.258823
0.707107 0.000000 0.707107
0.707107 0.000000 0.707107
0.707107 0.000000 0.707107
0.707107 0.000000 0.707107
0.258823 0.000000 0.965925
0.258823 0.000000 0.965925
0.258823 0.000000 0.965925
0.258824 0.000000 0.965925
0.258819 -0.000000 -0.965926
0.258819 -0.000000 -0.965926
0.258818 -0.000000 -0.965926
0.258820 -0.000000 -0.965926
0.258820 -0.000000 -0.965926
0.258812 -0.007469 -0.965899
0.258812 -0.007469 -0.965899
0.258812 -0.007469 -0.965899
0.958518 -0.123619 -0.256829
0.958518 -0.123619 -0.256829
0.958518 -0.123619 -0.256829
0.958518 -0.123619 0.256830
0.958518 -0.123619 0.256829
0.958518 -0.123619 0.256830
0.965899 -0.007468 0.258812
0.965900 -0.007467 0.258808
0.965898 -0.007469 0.258815
0.965899 -0.007468 -0.258811
0.965900 -0.007469 -0.258807
0.965898 -0.007467 -0.258815
0.707087 -0.007468 -0.707088
0.707089 -0.007468 -0.707085
0.707084 -0.007469 -0.707090
0.701681 -0.123619 -0.701686
0.701680 -0.123619 -0.701686
0.701681 -0.123619 -0.701685
0.701677 -0.123619 0.701689
0.701676 -0.123619 0.701690
0.701678 -0.123620 0.701688
0.707085 -0.007468 0.707089
0.707082 -0.007468 0.707092
0.707087 -0.007469 0.707087
0.965925 0.000000 -0.258822
0.965925 -0.000000 -0.258822
0.965925 0.000000 -0.258822
0.965925 -0.000000 -0.258822
0.707108 -0.000000 -0.707105
0.707108 -0.000000 -0.707105
0.707108 -0.000000 -0.707105
0.707108 -0.000000 -0.707105
0.707108 -0.000000 -0.707105
0.707108 -0.000000 -0.707105
0.965925 -0.000000 -0.258822
0.965925 -0.000000 -0.258822
0.707107 0.000000 0.707107
0.707107 0.000000 0.707106
0.258822 0.000000 0.965925
0.258822 0.000000 0.965925
-0.258823 0.000000 0.965925
-0.258823 0.000000 0.965925
-0.258823 0.000000 0.965925
-0.258824 0.000000 0.965925
-0.707107 0.000000 0.707107
-0.707107 0.000000 0.707107
-0.707107 0.000000 0.707107
-0.707107 0.000000 0.707107
-0.965925 0.000000 0.258822
-0.965925 -0.000000 0.258822
-0.965925 0.000000 0.258822
-0.965925 -0.000000 0.258823
-0.965925 -0.000000 -0.258822
-0.965925 -0.000000 -0.258822
-0.965925 -0.000000 -0.258822
-0.965925 -0.000000 -0.258822
-0.707108 -0.000000 -0.707105
-0.707108 -0.000000 -0.707105
-0.707108 -0.000000 -0.707105
-0.258819 -0.000000 -0.965926
-0.258819 -0.000000 -0.965926
-0.258818 -0.000000 -0.965926
-0.258820 -0.000000 -0.965926
-0.707107 0.000000 0.707107
-0.707107 0.000000 0.707107
-0.707085 -0.007468 0.707089
-0.707087 -0.007468 0.707087
-0.707082 -0.007469 0.707092
-0.256841 -0.123619 0.958515
-0.256840 -0.123620 0.958515
-0.256841 -0.123619 0.958515
0.256841 -0.123619 0.958515
0.256841 -0.123620 0.958515
0.256840 -0.123619 0.958515
0.258816 -0.007469 0.965898
0.258818 -0.007469 0.965897
0.258815 -0.007469 0.965898
-0.258816 -0.007469 0.965898
-0.258815 -0.007469 0.965898
-0.258818 -0.007469 0.965897
-0.258823 0.000000 0.965925
-0.258822 0.000000 0.965925
-0.965899 -0.007468 0.258812
-0.965898 -0.007469 0.258816
-0.965900 -0.007468 0.258808
-0.701681 -0.123619 -0.701685
-0.701681 -0.123619 -0.701685
-0.701681 -0.123619 -0.701685
-0.256834 -0.123619 -0.958517
-0.256834 -0.123619 -0.958517
-0.256834 -0.123619 -0.958517
-0.258812 -0.007469 -0.965899
-0.258812 -0.007469 -0.965899
-0.258813 -0.007469 -0.965899
-0.258820 -0.000000 -0.965926
-0.258820 -0.000000 -0.965926
-0.707108 -0.000000 -0.707105
-0.707108 -0.000000 -0.707105
-0.707087 -0.007469 -0.707088
-0.707089 -0.007469 -0.707086
-0.707085 -0.007468 -0.707089
-0.965899 -0.007468 -0.258811
-0.965898 -0.007468 -0.258816
-0.965900 -0.007469 -0.258807
-0.958518 -0.123619 -0.256829
-0.958518 -0.123619 -0.256829
-0.958518 -0.123619 -0.256829
-0.958518 -0.123619 0.256830
-0.958518 -0.123619 0.256830
-0.958518 -0.123619 0.256830
-0.701677 -0.123619 0.701689
-0.701676 -0.123619 0.701690
-0.701678 -0.123620 0.701688
-0.965925 -0.000000 -0.258822
-0.965925 -0.000000 -0.258823
-0.965925 -0.000000 0.258823
-0.965925 0.000000 0.258823
0.256834 -0.123619 -0.958517
0.256834 -0.123619 -0.958517
0.256834 -0.123619 -0.958517
0.965925 0.000000 0.258823
0.965925 0.000000 0.258823
146
1 0 1 2 0 0 0 1
1 1 0 3 0 0 0 1
1 4 5 6 1 2 3 1
1 5 4 7 2 1 4 1
1 8 9 10 5 6 7 1
1 9 8 11 6 5 8 1
1 12 13 14 9 10 11 1
1 13 12 15 10 9 12 1
1 16 17 18 0 0 0 1
1 19 17 16 0 0 0 1
1 19 20 17 0 0 0 1
1 21 20 19 0 0 0 1
1 21 2 20 0 0 0 1
1 0 2 21 0 0 0 1
1 22 23 24 13 14 15 1
1 23 22 25 14 13 16 1
1 26 25 22 17 16 13 1
1 25 26 27 16 17 17 1
1 28 29 30 18 18 19 1
1 29 28 31 18 18 20 1
1 32 33 34 0 0 0 1
1 32 35 33 0 0 0 1
1 36 35 32 0 0 0 1
1 36 37 35 0 0 0 1
1 37 36 38 0 0 0 1
1 39 40 41 21 21 22 1
1 40 39 42 21 21 23 1
1 43 44 45 24 24 25 1
1 44 43 46 24 24 26 1
1 47 48 49 27 27 28 1
1 48 47 50 27 27 29 1
1 51 52 53 30 30 31 1
1 52 51 54 30 30 32 1
1 55 56 57 33 33 34 1
1 56 55 58 33 33 35 1
1 59 60 61 36 36 37 1
1 60 59 62 36 36 38 1
1 63 64 65 0 0 0 1
1 63 66 64 0 0 0 1
1 66 63 67 0 0 0 1
1 68 69 70 39 39 40 1
1 69 68 71 39 39 41 1
1 72 73 74 42 42 43 1
1 73 72 75 42 42 44 1
1 76 77 78 0 0 0 1
1 77 76 79 0 0 0 1
1 80 81 82 45 46 47 1
1 81 80 83 46 45 48 1
1 84 85 86 49 50 51 1
1 85 84 87 50 49 52 1
1 88 85 87 53 50 52 1
1 85 88 89 50 53 54 1
1 90 83 91 55 48 56 1
1 83 90 81 48 55 46 1
1 92 93 94 0 0 0 1
1 93 92 95 0 0 0 1
1 9 96 10 6 57 7 1
1 96 9 97 57 6 58 1
1 14 98 99 11 59 60 1
1 98 14 13 59 11 10 1
1 100 95 101 0 0 0 1
1 93 95 100 0 0 0 1
1 100 101 102 0 0 0 1
1 102 101 103 0 0 0 1
1 104 105 106 61 62 63 1
1 105 104 107 62 61 64 1
1 108 109 110 65 66 67 1
1 109 108 111 66 65 68 1
1 112 113 114 69 70 71 1
1 113 112 115 70 69 72 1
1 116 117 118 73 74 75 1
1 117 116 119 74 73 76 1
1 120 121 122 77 78 79 1
1 121 120 123 78 77 77 1
1 124 18 125 0 0 0 1
1 16 18 124 0 0 0 1
1 126 127 128 80 81 82 1
1 127 126 129 81 80 83 1
1 102 103 130 0 0 0 1
1 130 103 131 0 0 0 1
1 132 110 109 84 67 66 1
1 110 132 133 67 84 85 1
1 134 135 136 86 86 87 1
1 135 134 137 86 86 88 1
1 138 139 140 0 0 0 1
1 34 139 138 0 0 0 1
1 34 33 139 0 0 0 1
1 141 142 143 89 89 90 1
1 142 141 144 89 89 91 1
1 145 146 147 0 0 0 1
1 65 146 145 0 0 0 1
1 65 64 146 0 0 0 1
1 148 149 150 92 92 93 1
1 149 148 151 92 92 94 1
1 152 153 154 95 95 96 1
1 153 152 155 95 95 97 1
1 156 78 157 0 0 0 1
1 76 78 156 0 0 0 1
1 156 157 158 0 0 0 1
1 158 157 159 0 0 0 1
1 160 161 162 98 98 99 1
1 161 160 163 98 98 100 1
1 106 164 165 63 101 102 1
1 164 106 105 101 63 62 1
1 158 159 166 0 0 0 1
1 166 159 167 0 0 0 1
1 166 167 168 0 0 0 1
1 168 167 169 0 0 0 1
1 170 171 172 103 103 104 1
1 171 170 173 103 103 105 1
1 174 140 175 0 0 0 1
1 138 140 174 0 0 0 1
1 176 177 178 106 106 107 1
1 177 176 179 106 106 108 1
1 180 181 182 0 0 0 1
1 180 147 181 0 0 0 1
1 145 147 180 0 0 0 1
1 183 184 185 109 109 110 1
1 184 183 186 109 109 111 1
1 187 188 189 112 112 113 1
1 188 187 190 112 112 114 1
1 129 191 192 83 115 116 1
1 191 129 126 115 83 80 1
1 193 122 121 117 79 78 1
1 122 193 194 79 117 118 1
1 195 196 197 119 119 120 1
1 196 195 198 119 119 121 1
1 199 200 201 122 122 123 1
1 200 199 202 122 122 124 1
1 203 204 205 125 125 126 1
1 204 203 206 125 125 127 1
1 182 181 207 0 0 0 1
1 208 209 210 128 128 129 1
1 209 208 211 128 128 130 1
1 212 213 214 131 131 132 1
1 213 212 215 131 131 133 1
1 216 119 217 134 76 135 1
1 119 216 117 76 134 74 1
1 218 115 219 136 72 137 1
1 115 218 113 72 136 70 1
1 220 131 221 0 0 0 1
1 130 131 220 0 0 0 1
1 222 223 224 138 138 139 1
1 223 222 225 138 138 140 1
1 226 7 227 141 4 142 1
1 7 226 5 4 141 2 1
"Mesh2" 0 0
96
1 3.098232 -45.617958 3.098240 28.506701 14.786400 -1
1 3.778125 -45.617958 0.000010 15.817900 17.570900 -1
1 4.381567 -45.617958 0.000010 15.817900 20.042299 -1
1 2.671545 -45.617958 2.671530 26.759100 13.038900 -1
1 0.000001 -45.617958 4.381554 33.762501 2.097600 -1
1 3.098232 -36.529663 3.098240 -176.886993 2.827930 -1
1 0.000001 -45.617958 4.381554 -221.613998 -10.906300 -1
1 3.098232 -45.617958 3.098240 -221.613998 2.827930 -1
1 0.000001 -36.529663 4.381549 -176.886993 -10.906300 -1
1 3.098232 -36.529663 3.098240 -28.506701 14.786400 -1
1 2.671544 -36.529663 2.671526 -26.759100 13.038900 -1
1 0.000001 -36.529663 4.381549 -33.762501 2.097600 -1
1 3.778125 -36.529663 0.000008 -15.817900 17.570900 -1
1 4.381567 -36.529663 0.000008 -15.817900 20.042299 -1
1 3.098232 -36.529663 3.098240 -176.886993 -20.060900 -1
1 4.381567 -45.617958 0.000010 -221.613998 -6.326660 -1
1 4.381567 -36.529663 0.000008 -176.886993 -6.326660 -1
1 3.098232 -45.617958 3.098240 -221.613998 -20.060900 -1
1 3.098232 -45.617958 -3.098223 221.613998 9.166730 -1
1 4.381567 -36.529663 0.000008 176.886993 22.900999 -1
1 4.381567 -45.617958 0.000010 221.613998 22.900999 -1
1 3.098232 -36.529663 -3.098226 176.886993 9.166730 -1
1 3.098232 -45.617958 -3.098223 221.613998 14.934400 -1
1 0.000001 -36.529663 -4.381554 176.886993 1.200166 -1
1 3.098232 -36.529663 -3.098226 176.886993 14.934400 -1
1 0.000001 -45.617958 -4.381552 221.613998 1.200166 -1
1 3.098232 -45.617958 -3.098223 3.129090 14.786400 -1
1 2.671545 -45.617958 -2.671526 4.876620 13.038900 -1
1 0.000001 -45.617958 -4.381552 -2.126780 2.097600 -1
1 3.778125 -45.617958 0.000010 -221.613998 21.955200 -1
1 2.671544 -36.529663 -2.671531 -176.886993 10.112480 -1
1 2.671545 -45.617958 -2.671526 -221.613998 10.112480 -1
1 3.778125 -36.529663 0.000008 -176.886993 21.955200 -1
1 2.671545 -45.617958 2.671530 221.613998 -19.115200 -1
1 3.778125 -36.529663 0.000008 176.886993 -7.272420 -1
1 3.778125 -45.617958 0.000010 221.613998 -7.272420 -1
1 2.671544 -36.529663 2.671526 176.886993 -19.115200 -1
1 2.671545 -45.617958 2.671530 221.613998 1.882175 -1
1 0.000001 -36.529663 3.778133 176.886993 -9.960600 -1
1 2.671544 -36.529663 2.671526 176.886993 1.882175 -1
1 0.000001 -45.617958 3.778133 221.613998 -9.960600 -1
1 0.000001 -45.617958 3.778133 31.291201 2.097600 -1
1 -2.671532 -45.617958 2.671530 26.759100 -8.843660 -1
1 -3.098229 -45.617958 3.098240 28.506701 -10.591200 -1
1 0.000001 -36.529663 4.381549 -176.886993 14.934400 -1
1 -3.098229 -45.617958 3.098240 -221.613998 1.200166 -1
1 0.000001 -45.617958 4.381554 -221.613998 14.934400 -1
1 -3.098229 -36.529663 3.098240 -176.886993 1.200166 -1
1 -2.671532 -36.529663 2.671526 -26.759100 -8.843660 -1
1 -3.098229 -36.529663 3.098240 -28.506701 -10.591200 -1
1 0.000001 -36.529663 3.778133 -31.291201 2.097600 -1
1 0.000001 -45.617958 3.778133 221.613998 13.988700 -1
1 -2.671532 -36.529663 2.671526 176.886993 2.145920 -1
1 0.000001 -36.529663 3.778133 176.886993 13.988700 -1
1 -2.671532 -45.617958 2.671530 221.613998 2.145920 -1
1 -3.778122 -45.617958 0.000010 221.613998 10.112480 -1
1 -2.671532 -36.529663 2.671526 176.886993 21.955200 -1
1 -2.671532 -45.617958 2.671530 221.613998 21.955200 -1
1 -3.778123 -36.529663 0.000008 176.886993 10.112480 -1
1 -2.671532 -45.617958 -2.671526 -221.613998 -7.272420 -1
1 -3.778123 -36.529663 0.000008 -176.886993 -19.115200 -1
1 -3.778122 -45.617958 0.000010 -221.613998 -19.115200 -1
1 -2.671532 -36.529663 -2.671531 -176.886993 -7.272420 -1
1 -2.671532 -45.617958 -2.671526 -221.613998 -9.960600 -1
1 0.000001 -36.529663 -3.778115 -176.886993 1.882175 -1
1 -2.671532 -36.529663 -2.671531 -176.886993 -9.960600 -1
1 0.000001 -45.617958 -3.778114 -221.613998 1.882175 -1
1 -3.098229 -45.617958 -3.098223 3.129090 -10.591200 -1
1 0.000001 -45.617958 -3.778114 0.344605 2.097600 -1
1 -2.671532 -45.617958 -2.671526 4.876620 -8.843660 -1
1 2.671544 -36.529663 -2.671531 -176.886993 13.988700 -1
1 0.000001 -45.617958 -3.778114 -221.613998 2.145920 -1
1 2.671545 -45.617958 -2.671526 -221.613998 13.988700 -1
1 0.000001 -36.529663 -3.778115 -176.886993 2.145920 -1
1 2.671544 -36.529663 -2.671531 -4.876620 13.038900 -1
1 0.000001 -36.529663 -4.381554 2.126780 2.097600 -1
1 0.000001 -36.529663 -3.778115 -0.344605 2.097600 -1
1 3.098232 -36.529663 -3.098226 -3.129090 14.786400 -1
1 -3.098229 -36.529663 -3.098226 -3.129090 -10.591200 -1
1 0.000001 -45.617958 -4.381552 221.613998 2.827930 -1
1 -3.098229 -36.529663 -3.098226 176.886993 -10.906300 -1
1 0.000001 -36.529663 -4.381554 176.886993 2.827930 -1
1 -3.098229 -45.617958 -3.098223 221.613998 -10.906300 -1
1 -4.381565 -45.617958 0.000010 221.613998 -20.060900 -1
1 -3.098229 -36.529663 -3.098226 176.886993 -6.326660 -1
1 -3.098229 -45.617958 -3.098223 221.613998 -6.326660 -1
1 -4.381567 -36.529663 0.000008 176.886993 -20.060900 -1
1 -3.098229 -45.617958 3.098240 -221.613998 22.900999 -1
1 -4.381567 -36.529663 0.000008 -176.886993 9.166730 -1
1 -4.381565 -45.617958 0.000010 -221.613998 9.166730 -1
1 -3.098229 -36.529663 3.098240 -176.886993 22.900999 -1
1 -3.778123 -36.529663 0.000008 -15.817900 -13.375700 -1
1 -4.381567 -36.529663 0.000008 -15.817900 -15.847099 -1
1 -2.671532 -36.529663 -2.671531 -4.876620 -8.843660 -1
1 -3.778122 -45.617958 0.000010 15.817900 -13.375700 -1
1 -4.381565 -45.617958 0.000010 15.817900 -15.847099 -1
50
0.000000 -1.000000 0.000000
0.382679 0.000000 0.923881
0.382680 0.000000 0.923881
0.382678 0.000001 0.923882
0.000000 1.000000 0.000000
0.923879 0.000000 0.382685
0.923879 0.000000 0.382685
0.923879 0.000000 0.382685
0.923879 -0.000000 -0.382685
0.923879 -0.000000 -0.382685
0.923879 -0.000000 -0.382685
0.382683 -0.000000 -0.923880
0.382683 -0.000000 -0.923880
0.382683 -0.000000 -0.923880
-0.923880 0.000000 0.382681
-0.923880 0.000000 0.382682
-0.923880 0.000000 0.382681
-0.923879 -0.000000 -0.382684
-0.923880 -0.000000 -0.382684
-0.923879 -0.000000 -0.382684
-0.382688 -0.000000 -0.923878
-0.382689 -0.000000 -0.923877
-0.382687 0.000000 -0.923878
-0.382679 0.000000 0.923881
-0.382680 0.000001 0.923881
-0.382678 0.000000 0.923882
0.382689 -0.000000 -0.923877
0.382690 0.000000 -0.923877
0.382689 -0.000000 -0.923877
0.923878 -0.000000 -0.382687
0.923878 -0.000000 -0.382686
0.923878 0.000000 -0.382687
0.923879 0.000000 0.382684
0.923879 0.000000 0.382684
0.923879 0.000000 0.382684
0.382684 0.000000 0.923879
0.382683 0.000001 0.923880
0.382684 0.000000 0.923879
-0.382682 0.000000 0.923880
-0.382683 0.000000 0.923880
-0.382682 0.000000 0.923880
-0.382683 -0.000000 -0.923880
-0.382683 -0.000000 -0.923880
-0.382684 -0.000000 -0.923880
-0.923879 -0.000000 -0.382685
-0.923879 -0.000000 -0.382685
-0.923879 -0.000000 -0.382685
-0.923879 -0.000000 0.382685
-0.923879 -0.000000 0.382685
-0.923879 0.000000 0.382686
64
1 0 1 2 0 0 0 1
1 1 0 3 0 0 0 1
1 3 0 4 0 0 0 1
1 5 6 7 1 1 2 1
1 6 5 8 1 1 3 1
1 9 10 11 4 4 4 1
1 9 12 10 4 4 4 1
1 12 9 13 4 4 4 1
1 14 15 16 5 5 6 1
1 15 14 17 5 5 7 1
1 18 19 20 8 8 9 1
1 19 18 21 8 8 10 1
1 22 23 24 11 11 12 1
1 23 22 25 11 11 13 1
1 26 27 28 0 0 0 1
1 26 1 27 0 0 0 1
1 1 26 2 0 0 0 1
1 29 30 31 14 14 15 1
1 30 29 32 14 14 16 1
1 33 34 35 17 17 18 1
1 34 33 36 17 17 19 1
1 37 38 39 20 20 21 1
1 38 37 40 20 20 22 1
1 3 4 41 0 0 0 1
1 41 4 42 0 0 0 1
1 42 4 43 0 0 0 1
1 44 45 46 23 23 24 1
1 45 44 47 23 23 25 1
1 11 48 49 4 4 4 1
1 11 50 48 4 4 4 1
1 11 10 50 4 4 4 1
1 51 52 53 26 26 27 1
1 52 51 54 26 26 28 1
1 55 56 57 29 29 30 1
1 56 55 58 29 29 31 1
1 59 60 61 32 32 33 1
1 60 59 62 32 32 34 1
1 63 64 65 35 35 36 1
1 64 63 66 35 35 37 1
1 67 68 69 0 0 0 1
1 28 68 67 0 0 0 1
1 28 27 68 0 0 0 1
1 70 71 72 38 38 39 1
1 71 70 73 38 38 40 1
1 74 75 76 4 4 4 1
1 74 77 75 4 4 4 1
1 12 77 74 4 4 4 1
1 77 12 13 4 4 4 1
1 76 75 78 4 4 4 1
1 79 80 81 41 41 42 1
1 80 79 82 41 41 43 1
1 83 84 85 44 44 45 1
1 84 83 86 44 44 46 1
1 87 88 89 47 47 48 1
1 88 87 90 47 47 49 1
1 49 91 92 4 4 4 1
1 49 48 91 4 4 4 1
1 91 78 92 4 4 4 1
1 93 78 91 4 4 4 1
1 76 78 93 4 4 4 1
1 94 43 95 0 0 0 1
1 42 43 94 0 0 0 1
1 67 94 95 0 0 0 1
1 67 69 94 0 0 0 1
"Cylinder01" 0 1
44
1 -1.951229 -33.036751 -0.000001 0.000000 0.000000 -1
1 -1.379726 -33.036751 1.379727 0.000000 0.000000 -1
1 0.000001 -33.036751 -0.000001 0.000000 0.000000 -1
1 -1.951228 -47.615654 0.000001 0.000000 0.000000 -1
1 0.000002 -47.615654 0.000001 0.000000 0.000000 -1
1 -1.379726 -47.615654 1.379727 0.000000 0.000000 -1
1 -1.951229 -33.036751 -0.000001 0.000000 1.000000 -1
1 -1.951228 -40.076210 -0.000001 0.000000 0.500000 -1
1 -1.379726 -40.076210 1.379727 0.125000 0.500000 -1
1 -1.379726 -33.036751 1.379727 0.125000 1.000000 -1
1 -1.379726 -47.615654 1.379727 0.125000 0.000000 -1
1 0.000001 -33.036751 1.951228 0.000000 0.000000 -1
1 0.000002 -47.615654 1.951231 0.000000 0.000000 -1
1 0.000001 -33.036751 1.951228 0.250000 1.000000 -1
1 0.000001 -40.076210 1.951231 0.250000 0.500000 -1
1 0.000002 -47.615654 1.951231 0.250000 0.000000 -1
1 1.379728 -33.036751 1.379727 0.000000 0.000000 -1
1 1.379729 -47.615654 1.379727 0.000000 0.000000 -1
1 1.379729 -40.076210 1.379727 0.375000 0.500000 -1
1 1.379728 -33.036751 1.379727 0.375000 1.000000 -1
1 1.379729 -47.615654 1.379727 0.375000 0.000000 -1
1 1.951230 -33.036751 -0.000001 0.000000 0.000000 -1
1 1.951230 -47.615654 0.000001 0.000000 0.000000 -1
1 1.951230 -33.036751 -0.000001 0.500000 1.000000 -1
1 1.951230 -40.076210 -0.000001 0.500000 0.500000 -1
1 1.951230 -47.615654 0.000001 0.500000 0.000000 -1
1 1.379728 -33.036751 -1.379729 0.000000 0.000000 -1
1 1.379729 -47.615654 -1.379726 0.000000 0.000000 -1
1 1.379729 -40.076210 -1.379726 0.625000 0.500000 -1
1 1.379728 -33.036751 -1.379729 0.625000 1.000000 -1
1 1.379729 -47.615654 -1.379726 0.625000 0.000000 -1
1 0.000001 -33.036751 -1.951231 0.000000 0.000000 -1
1 0.000002 -47.615654 -1.951228 0.000000 0.000000 -1
1 0.000001 -33.036751 -1.951231 0.750000 1.000000 -1
1 0.000001 -40.076210 -1.951228 0.750000 0.500000 -1
1 0.000002 -47.615654 -1.951228 0.750000 0.000000 -1
1 -1.379726 -33.036751 -1.379729 0.000000 0.000000 -1
1 -1.379726 -47.615654 -1.379726 0.000000 0.000000 -1
1 -1.379726 -40.076210 -1.379726 0.875000 0.500000 -1
1 -1.379726 -33.036751 -1.379729 0.875000 1.000000 -1
1 -1.379726 -47.615654 -1.379726 0.875000 0.000000 -1
1 -1.951229 -33.036751 -0.000001 1.000000 1.000000 -1
1 -1.951228 -40.076210 -0.000001 1.000000 0.500000 -1
1 -1.951228 -47.615654 0.000001 1.000000 0.000000 -1
29
0.000000 1.000000 0.000000
0.000000 -1.000000 0.000000
-0.923879 -0.000000 0.382684
-0.923880 -0.000000 0.382683
-0.707107 0.000000 0.707107
-0.707106 0.000000 0.707107
-0.923880 0.000000 0.382684
-0.707107 0.000000 0.707107
-0.000000 0.000000 1.000000
-0.000000 0.000000 1.000000
0.000000 -0.000000 1.000000
0.707107 0.000000 0.707106
0.707107 0.000000 0.707107
0.707107 0.000000 0.707106
1.000000 0.000000 -0.000000
1.000000 -0.000000 -0.000000
1.000000 -0.000000 -0.000000
0.707107 -0.000000 -0.707107
0.707107 -0.000000 -0.707107
0.707107 0.000000 -0.707107
-0.000000 -0.000000 -1.000000
-0.000000 -0.000000 -1.000000
0.000000 -0.000000 -1.000000
-0.707107 -0.000000 -0.707107
-0.707107 -0.000000 -0.707107
-0.707107 0.000000 -0.707107
-0.923879 -0.000000 -0.382684
-0.923879 -0.000000 -0.382684
-0.923879 -0.000000 -0.382684
48
1 0 1 2 0 0 0 2
1 3 4 5 1 1 1 2
1 6 7 8 2 3 4 1
1 6 8 9 2 4 5 1
1 7 3 8 3 6 4 1
1 3 10 8 6 7 4 1
1 1 11 2 0 0 0 2
1 5 4 12 1 1 1 2
1 9 8 13 5 4 8 1
1 8 14 13 4 9 8 1
1 8 10 15 4 7 10 1
1 8 15 14 4 10 9 1
1 11 16 2 0 0 0 2
1 12 4 17 1 1 1 2
1 13 14 18 8 9 11 1
1 13 18 19 8 11 12 1
1 14 15 18 9 10 11 1
1 15 20 18 10 13 11 1
1 16 21 2 0 0 0 2
1 17 4 22 1 1 1 2
1 19 18 23 12 11 14 1
1 18 24 23 11 15 14 1
1 18 20 25 11 13 16 1
1 18 25 24 11 16 15 1
1 21 26 2 0 0 0 2
1 22 4 27 1 1 1 2
1 23 24 28 14 15 17 1
1 23 28 29 14 17 18 1
1 24 25 28 15 16 17 1
1 25 30 28 16 19 17 1
1 26 31 2 0 0 0 2
1 27 4 32 1 1 1 2
1 29 28 33 18 17 20 1
1 28 34 33 17 21 20 1
1 28 30 35 17 19 22 1
1 28 35 34 17 22 21 1
1 31 36 2 0 0 0 2
1 32 4 37 1 1 1 2
1 33 34 38 20 21 23 1
1 33 38 39 20 23 24 1
1 34 35 38 21 22 23 1
1 35 40 38 22 25 23 1
1 36 0 2 0 0 0 2
1 37 4 3 1 1 1 2
1 39 38 41 24 23 26 1
1 38 42 41 23 27 26 1
1 38 40 43 23 25 28 1
1 38 43 42 23 28 27 1
"Duplicate01" 0 1
132
1 1.043465 46.434303 1.807333 156.981003 -17.168100 -1
1 -0.000002 43.207062 3.614666 140.850006 -21.861200 -1
1 1.807337 43.207062 3.130388 141.755005 -13.732500 -1
1 -0.000003 46.434303 2.086931 156.457993 -21.861200 -1
1 -0.000003 46.434303 2.086931 69.381599 -20.576700 -1
1 1.043465 46.434303 1.807333 70.445297 -15.975901 -1
1 -0.000003 47.615654 -0.000003 79.864197 -20.576700 -1
1 -0.000003 47.615654 -0.000003 58.148201 -62.916000 -1
1 1.043465 46.434303 1.807333 48.872898 -58.032001 -1
1 1.807337 46.434303 1.043455 51.957699 -54.456600 -1
1 1.807337 43.207062 3.130388 127.406998 -67.682297 -1
1 1.807337 46.434303 1.043455 144.207001 -67.682297 -1
1 1.043465 46.434303 1.807333 142.393997 -72.042503 -1
1 3.130388 43.207062 1.807333 130.548004 -60.130199 -1
1 2.086933 38.798492 3.614666 143.906998 -31.742802 -1
1 3.130388 43.207062 1.807333 164.244003 -25.339399 -1
1 1.807337 43.207062 3.130388 163.257004 -33.458599 -1
1 3.614667 38.798492 2.086931 145.046997 -22.367500 -1
1 3.130388 43.207062 -1.807343 -157.764999 -58.001900 -1
1 4.173867 38.798492 -0.000003 -143.727005 -41.953999 -1
1 3.614667 38.798492 -2.086941 -139.824005 -50.554001 -1
1 3.614667 43.207062 -0.000003 -161.145996 -50.554001 -1
1 1.807337 46.434303 -1.043481 -100.882004 -131.188004 -1
1 3.614667 43.207062 -0.000003 -97.902298 -114.653999 -1
1 3.130388 43.207062 -1.807343 -91.027100 -119.084000 -1
1 2.086932 46.434303 -0.000003 -104.851997 -128.630005 -1
1 -0.000003 47.615654 -0.000003 -44.141399 -88.658897 -1
1 2.086932 46.434303 -0.000003 -43.367100 -78.205002 -1
1 1.807337 46.434303 -1.043481 -38.857399 -79.605499 -1
1 -0.000003 47.615654 -0.000003 12.863400 -90.975700 -1
1 1.807337 46.434303 1.043455 7.579360 -81.922302 -1
1 2.086932 46.434303 -0.000003 12.089000 -80.521797 -1
1 3.130388 43.207062 1.807333 63.495899 -132.774002 -1
1 2.086932 46.434303 -0.000003 77.320602 -142.320007 -1
1 1.807337 46.434303 1.043455 73.351097 -144.876999 -1
1 3.614667 43.207062 -0.000003 70.371201 -128.343994 -1
1 3.130388 43.207062 1.807333 144.229996 -85.416496 -1
1 4.173867 38.798492 -0.000003 130.192001 -69.368599 -1
1 3.614667 43.207062 -0.000003 147.610001 -77.968597 -1
1 3.614667 38.798492 2.086931 126.289001 -77.968597 -1
1 1.807337 43.207062 3.130388 165.731003 -3.344040 -1
1 -0.000002 38.798492 4.173869 146.039001 -11.518700 -1
1 2.086933 38.798492 3.614666 146.347000 -2.079410 -1
1 -0.000002 43.207062 3.614666 165.464996 -11.518700 -1
1 -0.000002 43.207062 3.614666 165.464996 15.640200 -1
1 -2.086937 38.798492 3.614666 146.347000 6.200940 -1
1 -0.000002 38.798492 4.173869 146.039001 15.640200 -1
1 -1.807342 43.207062 3.130388 165.731003 7.465570 -1
1 -0.000003 46.434303 2.086931 156.457993 25.994699 -1
1 -1.807342 43.207062 3.130388 141.755005 17.865999 -1
1 -0.000002 43.207062 3.614666 140.850006 25.994699 -1
1 -1.043470 46.434303 1.807333 156.981003 21.301600 -1
1 -1.043470 46.434303 1.807333 70.445297 20.152201 -1
1 -0.000003 46.434303 2.086931 69.381599 24.753000 -1
1 -0.000003 47.615654 -0.000003 79.864197 24.753000 -1
1 -1.807342 46.434303 1.043455 51.957699 58.506802 -1
1 -1.043470 46.434303 1.807333 48.872898 62.082100 -1
1 -0.000003 47.615654 -0.000003 58.148201 66.966202 -1
1 -3.130416 43.207062 1.807333 130.548004 63.811298 -1
1 -1.043470 46.434303 1.807333 142.393997 75.723602 -1
1 -1.807342 46.434303 1.043455 144.207001 71.363403 -1
1 -1.807342 43.207062 3.130388 127.406998 71.363403 -1
1 -3.614671 38.798492 2.086931 145.046997 25.931200 -1
1 -1.807342 43.207062 3.130388 163.257004 37.022202 -1
1 -3.130416 43.207062 1.807333 164.244003 28.903000 -1
1 -2.086937 38.798492 3.614666 143.906998 35.306400 -1
1 1.807337 43.207062 -3.130407 -168.658005 -11.580700 -1
1 3.614667 38.798492 -2.086941 -150.447998 -0.489660 -1
1 2.086933 38.798492 -3.614682 -149.307999 -9.864900 -1
1 3.130388 43.207062 -1.807343 -169.645004 -3.461490 -1
1 1.043465 46.434303 -1.807343 -159.572998 -54.959000 -1
1 3.130388 43.207062 -1.807343 -147.725998 -43.046700 -1
1 1.807337 43.207062 -3.130407 -144.585999 -50.598801 -1
1 1.807337 46.434303 -1.043481 -161.386002 -50.598801 -1
1 -0.000003 47.615654 -0.000003 -87.374199 -58.586498 -1
1 1.807337 46.434303 -1.043481 -81.183701 -50.127102 -1
1 1.043465 46.434303 -1.807343 -78.098900 -53.702400 -1
1 -0.000003 47.615654 -0.000003 -107.394997 -18.537500 -1
1 1.043465 46.434303 -1.807343 -97.976402 -13.936600 -1
1 -0.000003 46.434303 -2.086941 -96.912804 -18.537500 -1
1 1.807337 43.207062 -3.130407 -155.291000 -7.002050 -1
1 -0.000003 46.434303 -2.086941 -169.994003 -15.130800 -1
1 1.043465 46.434303 -1.807343 -170.516006 -10.437600 -1
1 -0.000002 43.207062 -3.614682 -154.384995 -15.130800 -1
1 2.086933 38.798492 -3.614682 -150.326996 5.983160 -1
1 -0.000002 43.207062 -3.614682 -169.445007 -3.456140 -1
1 1.807337 43.207062 -3.130407 -169.712006 4.718530 -1
1 -0.000002 38.798492 -4.173873 -150.020004 -3.456140 -1
1 -3.130416 43.207062 -1.807343 -169.645004 7.025170 -1
1 -2.086937 38.798492 -3.614682 -149.307999 13.428600 -1
1 -3.614671 38.798492 -2.086941 -150.447998 4.053340 -1
1 -1.807342 43.207062 -3.130407 -168.658005 15.144400 -1
1 -1.807342 46.434303 -1.043481 -161.386002 54.279900 -1
1 -1.807342 43.207062 -3.130407 -144.585999 54.279900 -1
1 -3.130416 43.207062 -1.807343 -147.725998 46.727798 -1
1 -1.043470 46.434303 -1.807343 -159.572998 58.639999 -1
1 -1.807342 46.434303 -1.043481 -81.183701 54.177200 -1
1 -0.000003 47.615654 -0.000003 -87.374199 62.636600 -1
1 -1.043470 46.434303 -1.807343 -78.098900 57.752499 -1
1 -2.086937 46.434303 -0.000003 -43.367100 82.120598 -1
1 -0.000003 47.615654 -0.000003 -44.141399 92.574501 -1
1 -1.807342 46.434303 -1.043481 -38.857399 83.521202 -1
1 -2.086937 46.434303 -0.000003 12.089000 84.437401 -1
1 -1.807342 46.434303 1.043455 7.579360 85.837898 -1
1 -0.000003 47.615654 -0.000003 12.863400 94.891296 -1
1 -3.614672 43.207062 -0.000003 70.371201 131.393005 -1
1 -1.807342 46.434303 1.043455 73.351097 147.925995 -1
1 -2.086937 46.434303 -0.000003 77.320602 145.367996 -1
1 -3.130416 43.207062 1.807333 63.495899 135.822998 -1
1 -3.614672 43.207062 -0.000003 147.610001 80.592598 -1
1 -3.614671 38.798492 2.086931 126.289001 80.592598 -1
1 -3.130416 43.207062 1.807333 144.229996 88.040398 -1
1 -4.173871 38.798492 -0.000003 130.192001 71.992500 -1
1 -3.130416 43.207062 -1.807343 -157.764999 60.625801 -1
1 -4.173871 38.798492 -0.000003 -143.727005 44.577900 -1
1 -3.614672 43.207062 -0.000003 -161.145996 53.178001 -1
1 -3.614671 38.798492 -2.086941 -139.824005 53.178001 -1
1 -3.614672 43.207062 -0.000003 -97.902397 117.703003 -1
1 -1.807342 46.434303 -1.043481 -100.882004 134.237000 -1
1 -3.130416 43.207062 -1.807343 -91.027100 122.133003 -1
1 -2.086937 46.434303 -0.000003 -104.851997 131.679001 -1
1 -1.043470 46.434303 -1.807343 -97.976402 18.113001 -1
1 -0.000003 47.615654 -0.000003 -107.394997 22.713800 -1
1 -0.000003 46.434303 -2.086941 -96.912804 22.713800 -1
1 -0.000002 43.207062 -3.614682 -154.384995 19.264299 -1
1 -1.043470 46.434303 -1.807343 -170.516006 14.571200 -1
1 -0.000003 46.434303 -2.086941 -169.994003 19.264299 -1
1 -1.807342 43.207062 -3.130407 -155.291000 11.135600 -1
1 -0.000002 38.798492 -4.173873 -150.020004 7.577660 -1
1 -1.807342 43.207062 -3.130407 -169.712006 -0.597010 -1
1 -0.000002 43.207062 -3.614682 -169.445007 7.577660 -1
1 -2.086937 38.798492 -3.614682 -150.326996 -1.861630 -1
84
0.235380 0.415846 0.878447
0.235380 0.415845 0.878447
0.235380 0.415846 0.878447
0.130863 0.862761 0.488383
0.357523 0.862761 0.357520
0.643069 0.415846 0.643066
0.643070 0.415846 0.643065
0.643069 0.415846 0.643067
0.701859 0.121611 0.701858
0.701860 0.121611 0.701857
0.701859 0.121612 0.701858
0.958756 0.121612 -0.256900
0.958756 0.121612 -0.256901
0.958756 0.121612 -0.256900
0.878447 0.415845 -0.235378
0.878447 0.415844 -0.235381
0.878448 0.415846 -0.235376
0.488383 0.862762 -0.130860
0.488383 0.862761 0.130862
0.878447 0.415845 0.235381
0.878447 0.415845 0.235380
0.878447 0.415845 0.235381
0.958756 0.121612 0.256901
0.958756 0.121612 0.256900
0.958756 0.121612 0.256901
0.256901 0.121612 0.958756
0.256903 0.121612 0.958755
0.256899 0.121613 0.958756
-0.256901 0.121612 0.958756
-0.256903 0.121613 0.958755
-0.256899 0.121611 0.958756
-0.235381 0.415845 0.878447
-0.235380 0.415845 0.878447
-0.235381 0.415846 0.878447
-0.130863 0.862761 0.488383
-0.357523 0.862761 0.357520
-0.643066 0.415849 0.643068
-0.643069 0.415850 0.643064
-0.643063 0.415847 0.643072
-0.701856 0.121609 0.701861
-0.701854 0.121608 0.701864
-0.701859 0.121611 0.701858
0.701861 0.121611 -0.701856
0.701860 0.121611 -0.701857
0.701862 0.121612 -0.701855
0.643067 0.415845 -0.643068
0.643071 0.415847 -0.643064
0.643064 0.415843 -0.643073
0.357518 0.862762 -0.357523
0.130862 0.862762 -0.488382
0.235380 0.415847 -0.878446
0.235380 0.415848 -0.878446
0.235379 0.415847 -0.878446
0.256898 0.121611 -0.958757
0.256898 0.121611 -0.958757
0.256897 0.121610 -0.958757
-0.701858 0.121609 -0.701859
-0.701860 0.121608 -0.701857
-0.701856 0.121611 -0.701861
-0.643064 0.415848 -0.643070
-0.643065 0.415847 -0.643070
-0.643063 0.415848 -0.643071
-0.357518 0.862762 -0.357523
-0.488383 0.862761 -0.130860
-0.488383 0.862761 0.130862
-0.878447 0.415847 0.235375
-0.878447 0.415846 0.235380
-0.878448 0.415849 0.235370
-0.958758 0.121609 0.256895
-0.958760 0.121606 0.256889
-0.958756 0.121612 0.256901
-0.958758 0.121610 -0.256895
-0.958759 0.121612 -0.256888
-0.958756 0.121607 -0.256901
-0.878448 0.415847 -0.235373
-0.878448 0.415848 -0.235370
-0.878448 0.415846 -0.235376
-0.130863 0.862762 -0.488383
-0.235380 0.415847 -0.878446
-0.235380 0.415847 -0.878446
-0.235379 0.415847 -0.878446
-0.256898 0.121611 -0.958757
-0.256898 0.121610 -0.958757
-0.256897 0.121611 -0.958757
60
1 0 1 2 0 0 1 1
1 1 0 3 0 0 2 1
1 4 5 6 3 3 3 1
1 7 8 9 4 4 4 1
1 10 11 12 5 5 6 1
1 11 10 13 5 5 7 1
1 14 15 16 8 8 9 1
1 15 14 17 8 8 10 1
1 18 19 20 11 11 12 1
1 19 18 21 11 11 13 1
1 22 23 24 14 14 15 1
1 23 22 25 14 14 16 1
1 26 27 28 17 17 17 1
1 29 30 31 18 18 18 1
1 32 33 34 19 19 20 1
1 33 32 35 19 19 21 1
1 36 37 38 22 22 23 1
1 37 36 39 22 22 24 1
1 40 41 42 25 25 26 1
1 41 40 43 25 25 27 1
1 44 45 46 28 28 29 1
1 45 44 47 28 28 30 1
1 48 49 50 31 31 32 1
1 49 48 51 31 31 33 1
1 52 53 54 34 34 34 1
1 55 56 57 35 35 35 1
1 58 59 60 36 36 37 1
1 59 58 61 36 36 38 1
1 62 63 64 39 39 40 1
1 63 62 65 39 39 41 1
1 66 67 68 42 42 43 1
1 67 66 69 42 42 44 1
1 70 71 72 45 45 46 1
1 71 70 73 45 45 47 1
1 74 75 76 48 48 48 1
1 77 78 79 49 49 49 1
1 80 81 82 50 50 51 1
1 81 80 83 50 50 52 1
1 84 85 86 53 53 54 1
1 85 84 87 53 53 55 1
1 88 89 90 56 56 57 1
1 89 88 91 56 56 58 1
1 92 93 94 59 59 60 1
1 93 92 95 59 59 61 1
1 96 97 98 62 62 62 1
1 99 100 101 63 63 63 1
1 102 103 104 64 64 64 1
1 105 106 107 65 65 66 1
1 106 105 108 65 65 67 1
1 109 110 111 68 68 69 1
1 110 109 112 68 68 70 1
1 113 114 115 71 71 72 1
1 114 113 116 71 71 73 1
1 117 118 119 74 74 75 1
1 118 117 120 74 74 76 1
1 121 122 123 77 77 77 1
1 124 125 126 78 78 79 1
1 125 124 127 78 78 80 1
1 128 129 130 81 81 82 1
1 129 128 131 81 81 83 1

Materials: 2
"Material01"
0.200000 0.200000 0.200000 1.000000
0.231373 0.231373 0.231373 1.000000
0.000000 0.000000 0.000000 1.000000
0.137255 0.137255 0.137255 1.000000
0.000000
1.000000
"sphere_chrome.bmp"
""
"Material02"
0.200000 0.200000 0.200000 1.000000
0.078431 0.078431 0.078431 1.000000
0.000000 0.000000 0.000000 1.000000
0.101961 0.101961 0.101961 1.000000
0.000000
1.000000
"sphere_cball.bmp"
""

Bones: 0
GroupComments: 0
MaterialComments: 0
BoneComments: 0
ModelComment: 0
