// MilkShape 3D ASCII

Frames: 30
Frame: 1

Meshes: 5
"Duplicate02" 1 0
34
1 42.542713 -114.500000 -0.013469 0.000000 1.000000 -1
1 42.542713 -81.000000 -0.013469 0.000000 0.000000 -1
1 -0.000000 -114.500000 42.529240 0.250000 1.000000 -1
1 -0.000000 -81.000000 42.529240 0.250000 0.000000 -1
1 -42.542713 -81.000000 -0.013469 0.500000 0.000000 -1
1 -42.542713 -114.500000 -0.013469 0.500000 1.000000 -1
1 -0.000000 -114.500000 -42.556183 0.750000 1.000000 -1
1 -0.000000 -81.000000 -42.556183 0.750000 0.000000 -1
1 42.542713 -81.000000 -0.013469 1.000000 0.000000 -1
1 42.542713 -114.500000 -0.013469 1.000000 1.000000 -1
1 -0.000000 -114.500000 38.381325 0.250000 1.000000 -1
1 38.394798 -81.000000 -0.013469 0.000000 0.000000 -1
1 38.394798 -114.500000 -0.013469 0.000000 1.000000 -1
1 -0.000000 -81.000000 38.381325 0.250000 0.000000 -1
1 -38.394798 -81.000000 -0.013469 0.500000 0.000000 -1
1 -38.394798 -114.500000 -0.013469 0.500000 1.000000 -1
1 -0.000000 -114.500000 -38.408272 0.750000 1.000000 -1
1 -0.000000 -81.000000 -38.408272 0.750000 0.000000 -1
1 38.394798 -81.000000 -0.013469 1.000000 0.000000 -1
1 38.394798 -114.500000 -0.013469 1.000000 1.000000 -1
1 -0.000000 -81.000000 -42.556183 0.000000 0.000000 -1
1 -0.000000 -81.000000 -38.408272 0.000000 0.000000 -1
1 -0.000000 -81.000000 42.529240 0.000000 0.000000 -1
1 -0.000000 -81.000000 38.381325 0.000000 0.000000 -1
1 -42.542713 -81.000000 -0.013469 0.000000 0.000000 -1
1 -38.394798 -81.000000 -0.013469 0.000000 0.000000 -1
1 -0.000000 -114.500000 42.529240 0.000000 0.000000 -1
1 -0.000000 -114.500000 38.381325 0.000000 0.000000 -1
1 42.542713 -114.500000 -0.013469 0.000000 0.000000 -1
1 38.394798 -114.500000 -0.013469 0.000000 0.000000 -1
1 -0.000000 -114.500000 -42.556183 0.000000 0.000000 -1
1 -0.000000 -114.500000 -38.408272 0.000000 0.000000 -1
1 -42.542713 -114.500000 -0.013469 0.000000 0.000000 -1
1 -38.394798 -114.500000 -0.013469 0.000000 0.000000 -1
16
0.426401 -0.904534 0.000000
0.685994 0.727607 0.000000
0.000000 -0.727607 0.685994
0.000000 0.904534 0.426401
-0.685994 0.727607 0.000000
-0.426401 -0.904534 0.000000
0.000000 -0.727607 -0.685994
0.000000 0.904534 -0.426401
0.000000 -0.727607 -0.685994
-0.685994 0.727607 -0.000000
-0.426401 -0.904534 -0.000000
0.000000 0.904534 -0.426401
0.685994 0.727607 -0.000000
0.426401 -0.904534 -0.000000
0.000000 -0.727607 0.685994
0.000000 0.904534 0.426401
32
1 0 1 2 0 1 2 1
1 1 3 2 1 3 2 1
1 2 3 4 2 3 4 1
1 2 4 5 2 4 5 1
1 5 4 6 5 4 6 1
1 4 7 6 4 7 6 1
1 6 7 8 6 7 1 1
1 6 8 9 6 1 0 1
1 10 11 12 8 9 10 1
1 10 13 11 8 11 9 1
1 14 13 10 12 11 8 1
1 15 14 10 13 12 8 1
1 16 14 15 14 12 13 1
1 16 17 14 14 15 12 1
1 18 17 16 9 15 14 1
1 19 18 16 10 9 14 1
1 20 21 1 7 15 1 1
1 1 21 11 1 15 9 1
1 1 11 22 1 9 3 1
1 11 23 22 9 11 3 1
1 22 23 24 3 11 4 1
1 24 23 25 4 11 12 1
1 24 25 20 4 12 7 1
1 20 25 21 7 12 15 1
1 26 27 28 2 8 0 1
1 28 27 29 0 8 10 1
1 28 29 30 0 10 6 1
1 30 29 31 6 10 14 1
1 30 31 32 6 14 5 1
1 32 31 33 5 14 13 1
1 32 33 26 5 13 2 1
1 26 33 27 2 13 8 1
"Duplicate04" 1 0
32
1 -38.592316 -81.000000 0.898160 0.000000 0.000000 -1
1 -38.592316 -114.500000 0.898160 0.000000 1.000000 -1
1 0.000000 -54.166672 0.750000 1.000000 0.000000 -1
1 0.000000 -114.500000 0.750000 1.000000 1.000000 -1
1 0.000000 -54.166672 0.750000 0.000000 0.000000 -1
1 0.000000 -114.500000 0.750000 0.000000 1.000000 -1
1 0.000000 -54.166672 -0.500000 1.000000 0.000000 -1
1 0.000000 -114.500000 -0.500000 1.000000 1.000000 -1
1 0.000000 -54.166672 -0.500000 0.000000 0.000000 -1
1 0.000000 -114.500000 -0.500000 0.000000 1.000000 -1
1 -38.592316 -81.000000 -0.621222 1.000000 0.000000 -1
1 -38.592316 -114.500000 -0.621222 1.000000 1.000000 -1
1 -38.592316 -81.000000 -0.621222 0.000000 0.000000 -1
1 -38.592316 -114.500000 -0.621222 0.000000 1.000000 -1
1 -38.592316 -81.000000 0.898160 1.000000 0.000000 -1
1 -38.592316 -114.500000 0.898160 1.000000 1.000000 -1
1 -38.592316 -81.000000 0.898160 0.000000 1.000000 -1
1 0.000000 -54.166672 0.750000 1.000000 1.000000 -1
1 -38.592316 -114.500000 0.898160 0.000000 0.000000 -1
1 0.000000 -114.500000 0.750000 1.000000 0.000000 -1
1 38.592316 -81.000000 0.898160 1.000000 0.000000 -1
1 38.592316 -114.500000 0.898160 1.000000 1.000000 -1
1 38.592316 -81.000000 0.898160 0.000000 0.000000 -1
1 38.592316 -114.500000 0.898160 0.000000 1.000000 -1
1 38.592316 -81.000000 -0.621222 1.000000 0.000000 -1
1 38.592316 -114.500000 -0.621222 1.000000 1.000000 -1
1 38.592316 -81.000000 -0.621222 0.000000 0.000000 -1
1 38.592316 -114.500000 -0.621222 0.000000 1.000000 -1
1 0.000000 -54.166672 0.750000 0.000000 1.000000 -1
1 38.592316 -81.000000 0.898160 1.000000 1.000000 -1
1 0.000000 -114.500000 0.750000 0.000000 0.000000 -1
1 38.592316 -114.500000 0.898160 1.000000 0.000000 -1
15
0.003839 0.000000 0.999993
0.001280 0.000000 0.999999
-0.001280 0.000000 0.999999
-1.000000 0.000000 0.000000
1.000000 0.000000 0.000000
-0.001047 0.000000 -0.999999
0.001047 0.000000 -0.999999
0.003141 0.000000 -0.999995
-0.570871 0.821040 0.000000
-0.225783 0.974178 0.000000
0.225783 0.974178 0.000000
0.000000 -1.000000 0.000000
-0.003839 0.000000 0.999993
-0.003141 0.000000 -0.999995
0.570871 0.821040 0.000000
24
1 0 1 2 0 0 1 1
1 1 3 2 0 2 1 1
1 4 5 6 3 4 4 2
1 5 7 6 4 3 4 2
1 8 9 10 5 6 7 1
1 9 11 10 6 7 7 1
1 12 13 14 3 3 3 2
1 13 15 14 3 3 3 2
1 12 16 6 8 8 9 3
1 16 17 6 8 10 9 3
1 18 13 19 11 11 11 3
1 13 7 19 11 11 11 3
1 4 5 20 1 2 12 1
1 5 21 20 2 12 12 1
1 22 23 24 4 4 4 2
1 23 25 24 4 4 4 2
1 26 27 6 13 13 5 1
1 27 7 6 13 6 5 1
1 8 9 2 4 3 3 2
1 9 3 2 3 4 3 2
1 8 28 24 9 10 14 3
1 28 29 24 10 14 14 3
1 30 9 31 11 11 11 3
1 9 25 31 11 11 11 3
"Duplicate05" 1 0
32
1 0.759692 -81.000000 38.730785 0.000000 0.000000 -1
1 0.759692 -114.500000 38.730785 0.000000 1.000000 -1
1 0.625000 -54.166672 0.125000 1.000000 0.000000 -1
1 0.625000 -114.500000 0.125000 1.000000 1.000000 -1
1 0.625000 -54.166672 0.125000 0.000000 0.000000 -1
1 0.625000 -114.500000 0.125000 0.000000 1.000000 -1
1 -0.625000 -54.166672 0.125000 1.000000 0.000000 -1
1 -0.625000 -114.500000 0.125000 1.000000 1.000000 -1
1 -0.625000 -54.166672 0.125000 0.000000 0.000000 -1
1 -0.625000 -114.500000 0.125000 0.000000 1.000000 -1
1 -0.759692 -81.000000 38.730785 1.000000 0.000000 -1
1 -0.759692 -114.500000 38.730785 1.000000 1.000000 -1
1 -0.759692 -81.000000 38.730785 0.000000 0.000000 -1
1 -0.759692 -114.500000 38.730785 0.000000 1.000000 -1
1 0.759692 -81.000000 38.730785 1.000000 0.000000 -1
1 0.759692 -114.500000 38.730785 1.000000 1.000000 -1
1 0.759692 -81.000000 38.730785 0.000000 1.000000 -1
1 0.625000 -54.166672 0.125000 1.000000 1.000000 -1
1 0.759692 -114.500000 38.730785 0.000000 0.000000 -1
1 0.625000 -114.500000 0.125000 1.000000 0.000000 -1
1 0.759692 -81.000000 -38.453846 1.000000 0.000000 -1
1 0.759692 -114.500000 -38.453846 1.000000 1.000000 -1
1 0.759692 -81.000000 -38.453846 0.000000 0.000000 -1
1 0.759692 -114.500000 -38.453846 0.000000 1.000000 -1
1 -0.759692 -81.000000 -38.453846 1.000000 0.000000 -1
1 -0.759692 -114.500000 -38.453846 1.000000 1.000000 -1
1 -0.759692 -81.000000 -38.453846 0.000000 0.000000 -1
1 -0.759692 -114.500000 -38.453846 0.000000 1.000000 -1
1 0.625000 -54.166672 0.125000 0.000000 1.000000 -1
1 0.759692 -81.000000 -38.453846 1.000000 1.000000 -1
1 0.625000 -114.500000 0.125000 0.000000 0.000000 -1
1 0.759692 -114.500000 -38.453846 1.000000 0.000000 -1
15
0.999994 0.000000 -0.003489
0.999999 0.000000 -0.001162
0.999999 0.000000 0.001165
0.000000 0.000000 1.000000
0.000000 0.000000 -1.000000
-0.999999 0.000000 0.001165
-0.999999 0.000000 -0.001162
-0.999994 0.000000 -0.003489
0.000000 0.821133 0.570737
0.000000 0.974215 0.225623
0.000000 0.974141 -0.225942
0.000000 -1.000000 0.000000
0.999994 0.000000 0.003491
-0.999994 0.000000 0.003491
0.000000 0.820946 -0.571005
24
1 0 1 2 0 0 1 1
1 1 3 2 0 2 1 1
1 4 5 6 3 4 4 2
1 5 7 6 4 3 4 2
1 8 9 10 5 6 7 1
1 9 11 10 6 7 7 1
1 12 13 14 3 3 3 2
1 13 15 14 3 3 3 2
1 12 16 6 8 8 9 3
1 16 17 6 8 10 9 3
1 18 13 19 11 11 11 3
1 13 7 19 11 11 11 3
1 4 5 20 1 2 12 1
1 5 21 20 2 12 12 1
1 22 23 24 4 4 4 2
1 23 25 24 4 4 4 2
1 26 27 6 13 13 5 1
1 27 7 6 13 6 5 1
1 8 9 2 4 3 3 2
1 9 3 2 3 4 3 2
1 8 28 24 9 10 14 3
1 28 29 24 10 14 14 3
1 30 9 31 11 11 11 3
1 9 25 31 11 11 11 3
"Cylinder03" 1 0
39
1 11.551159 -114.000000 0.125000 0.000000 0.000000 -1
1 10.037089 -114.000000 5.775579 0.000000 0.000000 -1
1 0.250000 -114.000000 0.125000 0.000000 0.000000 -1
1 11.551159 -114.000000 0.125000 0.000000 1.000000 -1
1 19.125000 -52.750000 0.125000 0.000000 0.000000 -1
1 10.037089 -114.000000 5.775579 0.083333 1.000000 -1
1 16.596230 -52.750000 9.562500 0.083333 0.000000 -1
1 5.900579 -114.000000 9.912089 0.000000 0.000000 -1
1 9.687500 -52.750000 16.471230 0.166667 0.000000 -1
1 5.900579 -114.000000 9.912089 0.166667 1.000000 -1
1 0.250000 -114.000000 11.426159 0.000000 0.000000 -1
1 0.250000 -114.000000 11.426159 0.250000 1.000000 -1
1 0.250000 -52.750000 19.000000 0.250000 0.000000 -1
1 -5.400579 -114.000000 9.912089 0.000000 0.000000 -1
1 -9.187500 -52.750000 16.471230 0.333333 0.000000 -1
1 -5.400579 -114.000000 9.912089 0.333333 1.000000 -1
1 -9.537089 -114.000000 5.775579 0.000000 0.000000 -1
1 -9.537089 -114.000000 5.775579 0.416667 1.000000 -1
1 -16.096230 -52.750000 9.562500 0.416667 0.000000 -1
1 -11.051159 -114.000000 0.125000 0.000000 0.000000 -1
1 -18.625000 -52.750000 0.125000 0.500000 0.000000 -1
1 -11.051159 -114.000000 0.125000 0.500000 1.000000 -1
1 -9.537089 -114.000000 -5.525579 0.000000 0.000000 -1
1 -9.537089 -114.000000 -5.525579 0.583333 1.000000 -1
1 -16.096230 -52.750000 -9.312500 0.583333 0.000000 -1
1 -5.400579 -114.000000 -9.662089 0.000000 0.000000 -1
1 -9.187500 -52.750000 -16.221230 0.666667 0.000000 -1
1 -5.400579 -114.000000 -9.662089 0.666667 1.000000 -1
1 0.250000 -114.000000 -11.176159 0.000000 0.000000 -1
1 0.250000 -114.000000 -11.176159 0.750000 1.000000 -1
1 0.250000 -52.750000 -18.750000 0.750000 0.000000 -1
1 5.900579 -114.000000 -9.662089 0.000000 0.000000 -1
1 9.687500 -52.750000 -16.221230 0.833333 0.000000 -1
1 5.900579 -114.000000 -9.662089 0.833333 1.000000 -1
1 10.037089 -114.000000 -5.525579 0.000000 0.000000 -1
1 10.037089 -114.000000 -5.525579 0.916667 1.000000 -1
1 16.596230 -52.750000 -9.312500 0.916667 0.000000 -1
1 19.125000 -52.750000 0.125000 1.000000 0.000000 -1
1 11.551159 -114.000000 0.125000 1.000000 1.000000 -1
25
0.000000 -1.000000 0.000000
0.992441 -0.122720 0.000000
0.992441 -0.122720 0.000000
0.859479 -0.122720 0.496221
0.859479 -0.122720 0.496221
0.496221 -0.122720 0.859479
0.496221 -0.122720 0.859479
0.000000 -0.122720 0.992441
0.000000 -0.122720 0.992441
-0.496221 -0.122720 0.859479
-0.496221 -0.122720 0.859479
-0.859479 -0.122720 0.496221
-0.859479 -0.122720 0.496221
-0.992441 -0.122720 0.000000
-0.992441 -0.122720 0.000000
-0.859479 -0.122720 -0.496221
-0.859479 -0.122720 -0.496221
-0.496221 -0.122720 -0.859479
-0.496221 -0.122720 -0.859479
0.000000 -0.122720 -0.992441
0.000000 -0.122720 -0.992441
0.496221 -0.122720 -0.859479
0.496221 -0.122720 -0.859479
0.859479 -0.122720 -0.496221
0.859479 -0.122720 -0.496221
36
1 0 1 2 0 0 0 2
1 3 4 5 1 2 3 1
1 4 6 5 2 4 3 1
1 1 7 2 0 0 0 2
1 5 6 8 3 4 5 1
1 5 8 9 3 5 6 1
1 7 10 2 0 0 0 2
1 9 8 11 6 5 7 1
1 8 12 11 5 8 7 1
1 10 13 2 0 0 0 2
1 11 12 14 7 8 9 1
1 11 14 15 7 9 10 1
1 13 16 2 0 0 0 2
1 15 14 17 10 9 11 1
1 14 18 17 9 12 11 1
1 16 19 2 0 0 0 2
1 17 18 20 11 12 13 1
1 17 20 21 11 13 14 1
1 19 22 2 0 0 0 2
1 21 20 23 14 13 15 1
1 20 24 23 13 16 15 1
1 22 25 2 0 0 0 2
1 23 24 26 15 16 17 1
1 23 26 27 15 17 18 1
1 25 28 2 0 0 0 2
1 27 26 29 18 17 19 1
1 26 30 29 17 20 19 1
1 28 31 2 0 0 0 2
1 29 30 32 19 20 21 1
1 29 32 33 19 21 22 1
1 31 34 2 0 0 0 2
1 33 32 35 22 21 23 1
1 32 36 35 21 24 23 1
1 34 0 2 0 0 0 2
1 35 36 37 23 24 2 1
1 35 37 38 23 2 1 1
"Cylinder04" 1 0
77
1 18.594479 144.166656 -0.083333 0.000000 0.000000 -1
1 -0.000000 147.166656 -0.083333 0.000000 0.000000 -1
1 16.103289 144.166656 9.213906 0.000000 0.000000 -1
1 18.828667 -54.000004 -0.083333 0.000000 1.000000 -1
1 31.056175 -24.333344 -0.083333 0.000000 0.750000 -1
1 26.895437 -24.333344 15.444755 0.083333 0.750000 -1
1 16.306105 -54.000004 9.331001 0.083333 1.000000 -1
1 31.056175 125.333328 -0.083333 0.000000 0.500000 -1
1 26.895437 125.333328 15.444755 0.083333 0.500000 -1
1 26.626787 135.999985 -0.083333 0.000000 0.250000 -1
1 23.059473 135.999985 13.230061 0.083333 0.250000 -1
1 16.103289 144.166656 9.213906 0.083333 0.000000 -1
1 9.297239 144.166656 16.019957 0.000000 0.000000 -1
1 9.414333 -54.000004 16.222773 0.166667 1.000000 -1
1 15.528088 -24.333344 26.812105 0.166667 0.750000 -1
1 15.528088 125.333328 26.812105 0.166667 0.500000 -1
1 13.313394 135.999985 22.976141 0.166667 0.250000 -1
1 9.297239 144.166656 16.019957 0.166667 0.000000 -1
1 0.000000 144.166656 18.511147 0.000000 0.000000 -1
1 0.000000 -24.333344 30.972843 0.250000 0.750000 -1
1 0.000000 -54.000004 18.745335 0.250000 1.000000 -1
1 0.000000 125.333328 30.972843 0.250000 0.500000 -1
1 0.000000 135.999985 26.543455 0.250000 0.250000 -1
1 0.000000 144.166656 18.511147 0.250000 0.000000 -1
1 -9.297239 144.166656 16.019957 0.000000 0.000000 -1
1 -9.414333 -54.000004 16.222773 0.333333 1.000000 -1
1 -15.528088 -24.333344 26.812105 0.333333 0.750000 -1
1 -15.528088 125.333328 26.812105 0.333333 0.500000 -1
1 -13.313394 135.999985 22.976141 0.333333 0.250000 -1
1 -9.297239 144.166656 16.019957 0.333333 0.000000 -1
1 -16.103289 144.166656 9.213906 0.000000 0.000000 -1
1 -26.895437 -24.333344 15.444755 0.416667 0.750000 -1
1 -16.306105 -54.000004 9.331001 0.416667 1.000000 -1
1 -26.895437 125.333328 15.444755 0.416667 0.500000 -1
1 -23.059473 135.999985 13.230061 0.416667 0.250000 -1
1 -16.103289 144.166656 9.213906 0.416667 0.000000 -1
1 -18.594479 144.166656 -0.083333 0.000000 0.000000 -1
1 -18.828667 -54.000004 -0.083333 0.500000 1.000000 -1
1 -31.056175 -24.333344 -0.083333 0.500000 0.750000 -1
1 -31.056175 125.333328 -0.083333 0.500000 0.500000 -1
1 -26.626787 135.999985 -0.083333 0.500000 0.250000 -1
1 -18.594479 144.166656 -0.083333 0.500000 0.000000 -1
1 -16.103289 144.166656 -9.380572 0.000000 0.000000 -1
1 -26.895437 -24.333344 -15.611421 0.583333 0.750000 -1
1 -16.306105 -54.000004 -9.497665 0.583333 1.000000 -1
1 -26.895437 125.333328 -15.611421 0.583333 0.500000 -1
1 -23.059473 135.999985 -13.396727 0.583333 0.250000 -1
1 -16.103289 144.166656 -9.380572 0.583333 0.000000 -1
1 -9.297239 144.166656 -16.186621 0.000000 0.000000 -1
1 -9.414333 -54.000004 -16.389437 0.666667 1.000000 -1
1 -15.528088 -24.333344 -26.978769 0.666667 0.750000 -1
1 -15.528088 125.333328 -26.978769 0.666667 0.500000 -1
1 -13.313394 135.999985 -23.142805 0.666667 0.250000 -1
1 -9.297239 144.166656 -16.186621 0.666667 0.000000 -1
1 -0.000000 144.166656 -18.677811 0.000000 0.000000 -1
1 -0.000000 -24.333344 -31.139507 0.750000 0.750000 -1
1 -0.000000 -54.000004 -18.911999 0.750000 1.000000 -1
1 -0.000000 125.333328 -31.139507 0.750000 0.500000 -1
1 -0.000000 135.999985 -26.710119 0.750000 0.250000 -1
1 -0.000000 144.166656 -18.677811 0.750000 0.000000 -1
1 9.297239 144.166656 -16.186621 0.000000 0.000000 -1
1 9.414333 -54.000004 -16.389437 0.833333 1.000000 -1
1 15.528088 -24.333344 -26.978769 0.833333 0.750000 -1
1 15.528088 125.333328 -26.978769 0.833333 0.500000 -1
1 13.313394 135.999985 -23.142805 0.833333 0.250000 -1
1 9.297239 144.166656 -16.186621 0.833333 0.000000 -1
1 16.103289 144.166656 -9.380572 0.000000 0.000000 -1
1 26.895437 -24.333344 -15.611421 0.916667 0.750000 -1
1 16.306105 -54.000004 -9.497665 0.916667 1.000000 -1
1 26.895437 125.333328 -15.611421 0.916667 0.500000 -1
1 23.059473 135.999985 -13.396727 0.916667 0.250000 -1
1 16.103289 144.166656 -9.380572 0.916667 0.000000 -1
1 18.828667 -54.000004 -0.083333 1.000000 1.000000 -1
1 31.056175 -24.333344 -0.083333 1.000000 0.750000 -1
1 31.056175 125.333328 -0.083333 1.000000 0.500000 -1
1 26.626787 135.999985 -0.083333 1.000000 0.250000 -1
1 18.594479 144.166656 -0.083333 1.000000 0.000000 -1
73
0.159279 0.987234 0.000000
-0.000000 1.000000 -0.000000
0.137939 0.987234 0.079639
0.924548 -0.381065 -0.000000
0.980862 -0.194706 -0.000000
0.849451 -0.194706 0.490431
0.800682 -0.381065 0.462274
0.980602 0.196010 0.000000
0.849226 0.196010 0.490301
0.832888 0.553442 -0.000000
0.721302 0.553442 0.416444
0.712947 0.701218 0.000000
0.617430 0.701218 0.356474
0.079639 0.987234 0.137939
0.462274 -0.381065 0.800682
0.490431 -0.194706 0.849451
0.490301 0.196010 0.849226
0.416444 0.553442 0.721302
0.356474 0.701218 0.617431
0.000000 0.987234 0.159279
-0.000000 -0.194706 0.980862
0.000000 -0.381065 0.924548
-0.000000 0.196010 0.980602
0.000000 0.553442 0.832888
0.000000 0.701218 0.712947
-0.079639 0.987234 0.137939
-0.462274 -0.381065 0.800682
-0.490431 -0.194706 0.849451
-0.490301 0.196010 0.849226
-0.416444 0.553442 0.721302
-0.356474 0.701218 0.617431
-0.137939 0.987234 0.079639
-0.849451 -0.194706 0.490431
-0.800682 -0.381065 0.462274
-0.849226 0.196010 0.490301
-0.721302 0.553442 0.416444
-0.617430 0.701218 0.356474
-0.159279 0.987234 0.000000
-0.924548 -0.381065 -0.000000
-0.980862 -0.194706 -0.000000
-0.980602 0.196010 0.000000
-0.832888 0.553442 -0.000000
-0.712947 0.701218 0.000000
-0.137939 0.987234 -0.079639
-0.849451 -0.194706 -0.490431
-0.800682 -0.381065 -0.462274
-0.849226 0.196010 -0.490301
-0.721302 0.553442 -0.416444
-0.617430 0.701218 -0.356474
-0.079639 0.987234 -0.137939
-0.462274 -0.381065 -0.800682
-0.490431 -0.194706 -0.849451
-0.490301 0.196010 -0.849226
-0.416444 0.553442 -0.721302
-0.356474 0.701218 -0.617431
0.000000 0.987234 -0.159279
0.000000 -0.194706 -0.980862
0.000000 -0.381065 -0.924548
0.000000 0.196010 -0.980602
-0.000000 0.553442 -0.832888
0.000000 0.701218 -0.712947
0.079639 0.987234 -0.137939
0.462274 -0.381065 -0.800682
0.490431 -0.194706 -0.849451
0.490301 0.196010 -0.849226
0.416444 0.553442 -0.721302
0.356474 0.701218 -0.617431
0.137939 0.987234 -0.079639
0.849451 -0.194706 -0.490431
0.800682 -0.381065 -0.462274
0.849226 0.196010 -0.490301
0.721302 0.553442 -0.416444
0.617430 0.701218 -0.356474
108
1 0 1 2 0 1 2 2
1 3 4 5 3 4 5 1
1 3 5 6 3 5 6 1
1 4 7 5 4 7 5 1
1 7 8 5 7 8 5 1
1 7 9 10 7 9 10 1
1 7 10 8 7 10 8 1
1 9 0 10 9 11 10 1
1 0 11 10 11 12 10 1
1 2 1 12 2 1 13 2
1 6 5 13 6 5 14 1
1 5 14 13 5 15 14 1
1 5 8 15 5 8 16 1
1 5 15 14 5 16 15 1
1 8 10 15 8 10 16 1
1 10 16 15 10 17 16 1
1 10 11 17 10 12 18 1
1 10 17 16 10 18 17 1
1 12 1 18 13 1 19 2
1 13 14 19 14 15 20 1
1 13 19 20 14 20 21 1
1 14 15 19 15 16 20 1
1 15 21 19 16 22 20 1
1 15 16 22 16 17 23 1
1 15 22 21 16 23 22 1
1 16 17 22 17 18 23 1
1 17 23 22 18 24 23 1
1 18 1 24 19 1 25 2
1 20 19 25 21 20 26 1
1 19 26 25 20 27 26 1
1 19 21 27 20 22 28 1
1 19 27 26 20 28 27 1
1 21 22 27 22 23 28 1
1 22 28 27 23 29 28 1
1 22 23 29 23 24 30 1
1 22 29 28 23 30 29 1
1 24 1 30 25 1 31 2
1 25 26 31 26 27 32 1
1 25 31 32 26 32 33 1
1 26 27 31 27 28 32 1
1 27 33 31 28 34 32 1
1 27 28 34 28 29 35 1
1 27 34 33 28 35 34 1
1 28 29 34 29 30 35 1
1 29 35 34 30 36 35 1
1 30 1 36 31 1 37 2
1 32 31 37 33 32 38 1
1 31 38 37 32 39 38 1
1 31 33 39 32 34 40 1
1 31 39 38 32 40 39 1
1 33 34 39 34 35 40 1
1 34 40 39 35 41 40 1
1 34 35 41 35 36 42 1
1 34 41 40 35 42 41 1
1 36 1 42 37 1 43 2
1 37 38 43 38 39 44 1
1 37 43 44 38 44 45 1
1 38 39 43 39 40 44 1
1 39 45 43 40 46 44 1
1 39 40 46 40 41 47 1
1 39 46 45 40 47 46 1
1 40 41 46 41 42 47 1
1 41 47 46 42 48 47 1
1 42 1 48 43 1 49 2
1 44 43 49 45 44 50 1
1 43 50 49 44 51 50 1
1 43 45 51 44 46 52 1
1 43 51 50 44 52 51 1
1 45 46 51 46 47 52 1
1 46 52 51 47 53 52 1
1 46 47 53 47 48 54 1
1 46 53 52 47 54 53 1
1 48 1 54 49 1 55 2
1 49 50 55 50 51 56 1
1 49 55 56 50 56 57 1
1 50 51 55 51 52 56 1
1 51 57 55 52 58 56 1
1 51 52 58 52 53 59 1
1 51 58 57 52 59 58 1
1 52 53 58 53 54 59 1
1 53 59 58 54 60 59 1
1 54 1 60 55 1 61 2
1 56 55 61 57 56 62 1
1 55 62 61 56 63 62 1
1 55 57 63 56 58 64 1
1 55 63 62 56 64 63 1
1 57 58 63 58 59 64 1
1 58 64 63 59 65 64 1
1 58 59 65 59 60 66 1
1 58 65 64 59 66 65 1
1 60 1 66 61 1 67 2
1 61 62 67 62 63 68 1
1 61 67 68 62 68 69 1
1 62 63 67 63 64 68 1
1 63 69 67 64 70 68 1
1 63 64 70 64 65 71 1
1 63 70 69 64 71 70 1
1 64 65 70 65 66 71 1
1 65 71 70 66 72 71 1
1 66 1 0 67 1 0 2
1 68 67 72 69 68 3 1
1 67 73 72 68 4 3 1
1 67 69 74 68 70 7 1
1 67 74 73 68 7 4 1
1 69 70 74 70 71 7 1
1 70 75 74 71 9 7 1
1 70 71 76 71 72 11 1
1 70 76 75 71 11 9 1

Materials: 1
"Material01"
0.800000 0.800000 0.800000 1.000000
0.800000 0.800000 0.800000 1.000000
0.000000 0.000000 0.000000 1.000000
0.000000 0.000000 0.000000 1.000000
0.000000
1.000000
".\black.bmp"
""

Bones: 0
