// MilkShape 3D ASCII

Frames: 30
Frame: 1

Meshes: 1
"cacti" 0 0
268
0 2.471376 -0.560120 -0.222623 0.122586 0.174755 -1
0 2.142305 -0.560120 1.005485 0.116172 0.137360 -1
0 0.015155 -0.560120 -0.222623 0.074710 0.174755 -1
0 2.471376 -0.560120 -0.222623 0.114579 0.106127 -1
0 0.925236 20.301163 -0.402256 0.085027 0.123213 -1
0 0.629073 20.301163 0.703042 0.079366 0.076220 -1
0 2.142305 -0.560120 1.005485 0.108290 0.053914 -1
0 1.243266 -0.560120 1.904524 0.098648 0.109984 -1
0 1.243266 -0.560120 1.904524 0.091105 0.015690 -1
0 -0.180062 20.301163 1.512178 0.063900 0.041819 -1
0 0.015155 -0.560120 2.233597 0.074710 0.099964 -1
0 -1.285360 20.301163 1.808341 0.042774 0.029227 -1
0 0.015155 -0.560120 2.233597 0.067632 0.001700 -1
0 -1.212954 -0.560120 1.904524 0.050771 0.109984 -1
0 -1.212954 -0.560120 1.904524 0.044158 0.015690 -1
0 -2.390660 20.301163 1.512178 0.021647 0.041819 -1
0 -2.111994 -0.560120 1.005485 0.033247 0.137360 -1
0 -3.199793 20.301163 0.703042 0.006182 0.076220 -1
0 -2.111994 -0.560120 1.005485 0.026974 0.053914 -1
0 -2.441064 -0.560120 -0.222623 0.026833 0.174755 -1
0 -2.441064 -0.560120 -0.222623 0.020684 0.106127 -1
0 -3.495957 20.301163 -0.402256 0.000521 0.123213 -1
0 -2.111994 -0.560120 -1.450734 0.033247 0.212151 -1
0 -3.199793 20.301163 -1.507555 0.006182 0.170205 -1
0 -2.111994 -0.560120 -1.450734 0.026974 0.158342 -1
0 -1.212954 -0.560120 -2.349771 0.050771 0.239526 -1
0 -1.212954 -0.560120 -2.349771 0.044158 0.196564 -1
0 -2.390660 20.301163 -2.316687 0.021647 0.204606 -1
0 0.015155 -0.560120 -2.678841 0.074710 0.249546 -1
0 -1.285360 20.301163 -2.612851 0.042774 0.217197 -1
0 0.015155 -0.560120 -2.678841 0.067632 0.210555 -1
0 1.243266 -0.560120 -2.349771 0.098648 0.239526 -1
0 1.243266 -0.560120 -2.349771 0.091105 0.196564 -1
0 -0.180062 20.301163 -2.316687 0.063900 0.204606 -1
0 2.142305 -0.560120 -1.450734 0.116172 0.212151 -1
0 0.629073 20.301163 -1.507555 0.079366 0.170205 -1
0 2.142305 -0.560120 -1.450734 0.108290 0.158342 -1
0 -1.284121 22.998985 -0.402256 0.042798 0.123213 -1
0 -0.326568 22.698116 0.159164 0.061100 0.099343 -1
0 -0.178433 22.698116 -0.402256 0.063931 0.123213 -1
0 -0.731278 22.698116 0.570154 0.053365 0.081870 -1
0 -1.284121 22.698116 0.720586 0.042798 0.075474 -1
0 -1.836965 22.698116 0.570154 0.032230 0.081870 -1
0 -2.241674 22.698116 0.159164 0.024495 0.099343 -1
0 -2.389808 22.698116 -0.402256 0.021664 0.123213 -1
0 -2.241674 22.698116 -0.963677 0.024495 0.147082 -1
0 -1.836965 22.698116 -1.374667 0.032230 0.164555 -1
0 -1.284121 22.698116 -1.525099 0.042798 0.170951 -1
0 -0.731278 22.698116 -1.374667 0.053365 0.164555 -1
0 -0.326568 22.698116 -0.963677 0.061100 0.147082 -1
0 0.927254 20.297138 -0.402256 0.085065 0.123213 -1
0 0.630985 21.876141 -0.402256 0.079402 0.123213 -1
0 0.374409 21.876141 0.570154 0.074498 0.081870 -1
0 0.630985 20.297138 0.720586 0.079402 0.075474 -1
0 -0.178433 20.297138 1.542565 0.063931 0.040527 -1
0 -0.326568 21.876141 1.282009 0.061100 0.051605 -1
0 -1.284121 21.876141 1.542565 0.042798 0.040527 -1
0 -1.284121 20.297138 1.843431 0.042798 0.027736 -1
0 -2.389808 20.297138 1.542565 0.021664 0.040527 -1
0 -2.241674 21.876141 1.282009 0.024495 0.051605 -1
0 -2.942651 21.876141 0.570154 0.011097 0.081870 -1
0 -3.199226 20.297138 0.720586 0.006192 0.075474 -1
0 -3.495494 20.297138 -0.402256 0.000530 0.123213 -1
0 -3.199226 21.876141 -0.402256 0.006192 0.123213 -1
0 -2.942651 21.876141 -1.374667 0.011097 0.164555 -1
0 -3.199226 20.297138 -1.525099 0.006192 0.170951 -1
0 -2.389808 20.297138 -2.347075 0.021664 0.205898 -1
0 -2.241674 21.876141 -2.086519 0.024495 0.194820 -1
0 -1.284121 21.876141 -2.347075 0.042798 0.205898 -1
0 -1.284121 20.297138 -2.647940 0.042798 0.218689 -1
0 -0.178433 20.297138 -2.347075 0.063931 0.205898 -1
0 -0.326568 21.876141 -2.086519 0.061100 0.194820 -1
0 0.374409 21.876141 -1.374667 0.074498 0.164555 -1
0 0.630985 20.297138 -1.525099 0.079402 0.170951 -1
0 1.458858 9.308792 -0.402256 0.071267 0.227993 -1
0 3.536795 11.167241 -0.402256 0.029815 0.187381 -1
0 3.413134 11.290901 0.250411 0.032282 0.184678 -1
0 1.292218 9.481356 0.493036 0.074592 0.224222 -1
0 0.836929 9.952799 1.148435 0.083674 0.213920 -1
0 3.075284 11.628738 0.728197 0.039021 0.177296 -1
0 2.613783 12.090274 0.903079 0.048228 0.167209 -1
0 0.215017 10.596820 1.388327 0.096081 0.199846 -1
0 -0.406909 11.240841 1.148435 0.108487 0.185772 -1
0 2.152273 12.551770 0.728197 0.057435 0.157124 -1
0 1.814428 12.889616 0.250411 0.064174 0.149741 -1
0 -0.862189 11.712289 0.493036 0.117570 0.175469 -1
0 -1.028830 11.884861 -0.402256 0.120894 0.171698 -1
0 1.690764 13.013276 -0.402256 0.066641 0.147039 -1
0 1.814428 12.889616 -1.054924 0.064174 0.149741 -1
0 -0.862189 11.712289 -1.297549 0.117570 0.175469 -1
0 -0.406909 11.240841 -1.952946 0.108487 0.185772 -1
0 2.152273 12.551770 -1.532710 0.057435 0.157124 -1
0 2.613783 12.090274 -1.707591 0.048228 0.167209 -1
0 0.215017 10.596820 -2.192838 0.096081 0.199846 -1
0 0.836929 9.952799 -1.952946 0.083674 0.213920 -1
0 3.075284 11.628738 -1.532710 0.039021 0.177296 -1
0 3.413134 11.290901 -1.054924 0.032282 0.184678 -1
0 1.292218 9.481356 -1.297549 0.074592 0.224222 -1
0 3.466494 11.090431 -0.402256 0.031217 0.189059 -1
0 3.808154 12.488450 -0.402256 0.024402 0.158508 -1
0 3.669591 12.590616 0.229525 0.027166 0.156275 -1
0 3.327925 11.192588 0.229525 0.033982 0.186826 -1
0 4.326238 14.716510 -0.402256 0.014067 0.109818 -1
0 4.154089 14.717716 0.229525 0.017501 0.109792 -1
0 2.949357 11.471688 0.692023 0.041534 0.180727 -1
0 3.291020 12.869724 0.692023 0.034718 0.150176 -1
0 3.683768 14.720996 0.692023 0.026883 0.109720 -1
0 2.773884 13.250993 0.861308 0.045034 0.141844 -1
0 2.432216 11.852948 0.861308 0.051850 0.172396 -1
0 3.041295 14.725477 0.861308 0.039700 0.109622 -1
0 1.915082 12.234216 0.692023 0.062166 0.164064 -1
0 2.474909 13.521088 0.692023 0.050999 0.135941 -1
0 2.398815 14.729959 0.692023 0.052516 0.109524 -1
0 2.037001 13.692708 0.229525 0.059734 0.132191 -1
0 1.536511 12.513318 0.229525 0.069718 0.157965 -1
0 1.928491 14.733253 0.229525 0.061899 0.109452 -1
0 1.397947 12.615479 -0.402256 0.072482 0.155732 -1
0 1.876713 13.755525 -0.402256 0.062932 0.130818 -1
0 1.756339 14.734452 -0.402256 0.065333 0.109426 -1
0 2.037001 13.692708 -1.034039 0.059734 0.132191 -1
0 1.536511 12.513318 -1.034039 0.069718 0.157965 -1
0 1.928491 14.733253 -1.034039 0.061899 0.109452 -1
0 1.915082 12.234216 -1.496534 0.062166 0.164064 -1
0 2.474909 13.521088 -1.496534 0.050999 0.135941 -1
0 2.398815 14.729959 -1.496534 0.052516 0.109524 -1
0 2.773884 13.250993 -1.665820 0.045034 0.141844 -1
0 2.432216 11.852948 -1.665820 0.051850 0.172396 -1
0 3.041295 14.725477 -1.665820 0.039700 0.109622 -1
0 2.949357 11.471688 -1.496534 0.041534 0.180727 -1
0 3.291020 12.869724 -1.496534 0.034718 0.150176 -1
0 3.683768 14.720996 -1.496534 0.026883 0.109720 -1
0 3.669591 12.590616 -1.034039 0.027166 0.156275 -1
0 3.327925 11.192588 -1.034039 0.033982 0.186826 -1
0 4.154089 14.717716 -1.034039 0.017501 0.109792 -1
0 3.405015 17.668150 -0.402256 0.032444 0.045315 -1
0 3.968708 17.493736 -0.076808 0.021199 0.049127 -1
0 4.055912 17.493736 -0.402256 0.019459 0.049127 -1
0 3.730464 17.493736 0.161437 0.025952 0.049127 -1
0 3.405015 17.493736 0.248642 0.032444 0.049127 -1
0 3.079565 17.493736 0.161437 0.038936 0.049127 -1
0 2.841319 17.493736 -0.076808 0.043689 0.049127 -1
0 2.754117 17.493736 -0.402256 0.045429 0.049127 -1
0 2.841319 17.493736 -0.727705 0.043689 0.049127 -1
0 3.079565 17.493736 -0.965950 0.038936 0.049127 -1
0 3.405015 17.493736 -1.053154 0.032444 0.049127 -1
0 3.730464 17.493736 -0.965950 0.025952 0.049127 -1
0 3.968708 17.493736 -0.727705 0.021199 0.049127 -1
0 4.338377 14.708407 -0.402256 0.013824 0.109995 -1
0 4.200813 15.764578 -0.402256 0.016569 0.086914 -1
0 4.049772 15.764578 0.161437 0.019582 0.086914 -1
0 4.163969 14.708407 0.248642 0.017304 0.109995 -1
0 3.687480 14.708407 0.725131 0.026809 0.109995 -1
0 3.637118 15.764578 0.574090 0.027814 0.086914 -1
0 3.073425 15.764578 0.725131 0.039059 0.086914 -1
0 3.036582 14.708407 0.899539 0.039793 0.109995 -1
0 2.385684 14.708407 0.725131 0.052778 0.109995 -1
0 2.509729 15.764578 0.574090 0.050304 0.086914 -1
0 2.097079 15.764578 0.161437 0.058536 0.086914 -1
0 1.909194 14.708407 0.248642 0.062284 0.109995 -1
0 1.734787 14.708407 -0.402256 0.065763 0.109995 -1
0 1.946036 15.764578 -0.402256 0.061549 0.086914 -1
0 2.097079 15.764578 -0.965950 0.058536 0.086914 -1
0 1.909194 14.708407 -1.053154 0.062284 0.109995 -1
0 2.385684 14.708407 -1.529644 0.052778 0.109995 -1
0 2.509729 15.764578 -1.378603 0.050304 0.086914 -1
0 3.073425 15.764578 -1.529644 0.039059 0.086914 -1
0 3.036582 14.708407 -1.704051 0.039793 0.109995 -1
0 3.687480 14.708407 -1.529644 0.026809 0.109995 -1
0 3.637118 15.764578 -1.378603 0.027814 0.086914 -1
0 4.049772 15.764578 -0.965950 0.019582 0.086914 -1
0 4.163969 14.708407 -1.053154 0.017304 0.109995 -1
0 -1.561086 7.619712 -2.836669 0.083275 0.205618 -1
0 -3.365563 11.612998 -5.491361 0.037785 0.137177 -1
0 -2.830721 11.713168 -5.550139 0.036778 0.135460 -1
0 -0.828119 7.759492 -2.919619 0.081853 0.203223 -1
0 -0.212620 8.141366 -2.722159 0.085237 0.196678 -1
0 -2.380613 11.986813 -5.401586 0.039323 0.130770 -1
0 -2.135857 12.360659 -5.085519 0.044739 0.124363 -1
0 0.120491 8.663025 -2.297229 0.092518 0.187737 -1
0 0.081947 9.184687 -1.758676 0.101747 0.178796 -1
0 -2.162023 12.734467 -4.686616 0.051575 0.117956 -1
0 -2.452115 13.008122 -4.311769 0.057998 0.113266 -1
0 -0.317906 9.566559 -1.250800 0.110450 0.172251 -1
0 -0.971944 9.706339 -0.909697 0.116295 0.169855 -1
0 -2.928388 13.108294 -4.061415 0.062288 0.111549 -1
0 -3.463235 13.008122 -4.002637 0.063295 0.113266 -1
0 -1.704909 9.566559 -0.826751 0.117716 0.172251 -1
0 -2.320406 9.184687 -1.024199 0.114333 0.178796 -1
0 -3.913341 12.734467 -4.151187 0.060750 0.117956 -1
0 -4.158099 12.360659 -4.467255 0.055333 0.124363 -1
0 -2.653516 8.663025 -1.449138 0.107051 0.187737 -1
0 -2.614977 8.141366 -1.987685 0.097823 0.196678 -1
0 -4.131927 11.986813 -4.866155 0.048498 0.130770 -1
0 -3.841844 11.713168 -5.241006 0.042075 0.135460 -1
0 -2.215118 7.759492 -2.495567 0.089120 0.203223 -1
0 -3.348914 11.550774 -5.436904 0.038718 0.138244 -1
0 -3.429827 12.683176 -5.701556 0.034183 0.118836 -1
0 -2.907633 12.765931 -5.743850 0.033458 0.117417 -1
0 -2.826719 11.633519 -5.479187 0.037993 0.136825 -1
0 -3.695470 16.311653 -6.637029 0.018153 0.056647 -1
0 -3.165315 16.312622 -6.653301 0.017874 0.056630 -1
0 -2.378814 11.859600 -5.295476 0.041141 0.132951 -1
0 -2.459727 12.992009 -5.560134 0.036606 0.113542 -1
0 -2.695678 16.315285 -6.398515 0.022240 0.056585 -1
0 -2.206128 13.300837 -5.199645 0.042783 0.108249 -1
0 -2.125216 12.168426 -4.934986 0.047319 0.127658 -1
0 -2.412401 16.318913 -5.940944 0.030081 0.056522 -1
0 -2.133876 12.477251 -4.494318 0.054870 0.122365 -1
0 -2.266453 13.519618 -4.927968 0.047439 0.104500 -1
0 -2.391376 16.322548 -5.403186 0.039296 0.056460 -1
0 -2.521004 13.658620 -4.479229 0.055128 0.102117 -1
0 -2.402475 12.703316 -4.091547 0.061771 0.118490 -1
0 -2.638245 16.325203 -4.929338 0.047415 0.056414 -1
0 -2.859043 12.786079 -3.834593 0.066175 0.117072 -1
0 -2.972422 13.709500 -4.205450 0.059820 0.101245 -1
0 -3.086862 16.326181 -4.646370 0.052264 0.056398 -1
0 -3.499765 13.658620 -4.179991 0.060256 0.102117 -1
0 -3.381239 12.703316 -3.792307 0.066899 0.118490 -1
0 -3.617017 16.325203 -4.630099 0.052543 0.056414 -1
0 -3.829146 12.477251 -3.976019 0.063751 0.122365 -1
0 -3.961723 13.519618 -4.409670 0.056320 0.104500 -1
0 -4.086649 16.322548 -4.884887 0.048177 0.056460 -1
0 -4.163661 13.300837 -4.601164 0.053039 0.108249 -1
0 -4.082745 12.168426 -4.336508 0.057574 0.127658 -1
0 -4.369933 16.318913 -5.342462 0.040336 0.056522 -1
0 -4.074086 11.859600 -4.777176 0.050023 0.132951 -1
0 -4.154995 12.992009 -5.041834 0.045488 0.113542 -1
0 -4.390953 16.315285 -5.880222 0.031121 0.056585 -1
0 -3.886396 12.765931 -5.444608 0.038586 0.117417 -1
0 -3.805485 11.633519 -5.179948 0.043121 0.136825 -1
0 -4.144082 16.312622 -6.354063 0.023002 0.056630 -1
0 -3.390049 17.359535 -5.638052 0.035271 0.038687 -1
0 -3.271448 17.218264 -6.151767 0.026468 0.041108 -1
0 -3.544195 17.218264 -6.142242 0.026631 0.041108 -1
0 -3.030482 17.218264 -6.023643 0.028664 0.041108 -1
0 -2.885859 17.218264 -5.792199 0.032630 0.041108 -1
0 -2.876334 17.218264 -5.519453 0.037303 0.041108 -1
0 -3.004459 17.218264 -5.278485 0.041433 0.041108 -1
0 -3.235903 17.218264 -5.133864 0.043911 0.041108 -1
0 -3.508650 17.218264 -5.124337 0.044074 0.041108 -1
0 -3.749618 17.218264 -5.252460 0.041879 0.041108 -1
0 -3.894239 17.218264 -5.483908 0.037913 0.041108 -1
0 -3.903764 17.218264 -5.756654 0.033239 0.041108 -1
0 -3.775637 17.218264 -5.997619 0.029110 0.041108 -1
0 -3.698343 16.305080 -6.646433 0.017992 0.056759 -1
0 -3.657039 16.832312 -6.511335 0.020307 0.047723 -1
0 -3.184626 16.832312 -6.527833 0.020024 0.047723 -1
0 -3.152847 16.305080 -6.665481 0.017666 0.056759 -1
0 -2.670912 16.305080 -6.409234 0.022056 0.056759 -1
0 -2.767258 16.832312 -6.305914 0.023827 0.047723 -1
0 -2.516768 16.832312 -5.905044 0.030696 0.047723 -1
0 -2.381672 16.305080 -5.946346 0.029988 0.056759 -1
0 -2.362621 16.305080 -5.400850 0.039336 0.056759 -1
0 -2.500267 16.832312 -5.432630 0.038791 0.047723 -1
0 -2.722186 16.832312 -5.015263 0.045943 0.047723 -1
0 -2.618870 16.305080 -4.918916 0.047594 0.056759 -1
0 -3.081755 16.305080 -4.629671 0.052550 0.056759 -1
0 -3.123062 16.832312 -4.764769 0.050235 0.047723 -1
0 -3.595472 16.832312 -4.748273 0.050518 0.047723 -1
0 -3.627251 16.305080 -4.610623 0.052877 0.056759 -1
0 -4.109189 16.305080 -4.866873 0.048486 0.056759 -1
0 -4.012842 16.832312 -4.970193 0.046715 0.047723 -1
0 -4.263334 16.832312 -5.371063 0.039846 0.047723 -1
0 -4.398429 16.305080 -5.329761 0.040554 0.056759 -1
0 -4.417479 16.305080 -5.875254 0.031206 0.056759 -1
0 -4.279830 16.832312 -5.843472 0.031751 0.047723 -1
0 -4.057913 16.832312 -6.260845 0.024599 0.047723 -1
0 -4.161231 16.305080 -6.357189 0.022948 0.056759 -1
256
0.000000 -1.000000 0.000000
0.997265 0.073912 -0.000042
0.997265 0.073912 -0.000042
0.863852 0.069895 0.498873
0.863852 0.069895 0.498873
0.499222 0.050330 0.865011
0.499222 0.050330 0.865011
-0.000085 0.020375 0.999792
-0.000085 0.020375 0.999792
-0.499924 -0.011936 0.865987
-0.499924 -0.011936 0.865987
-0.865355 -0.037879 0.499725
-0.865355 -0.037878 0.499726
-0.998724 -0.050502 0.000029
-0.998724 -0.050502 0.000029
-0.865053 -0.046468 -0.499524
-0.865053 -0.046468 -0.499524
-0.499742 -0.026839 -0.865758
-0.499742 -0.026840 -0.865758
-0.000013 0.003162 -0.999995
-0.000013 0.003162 -0.999995
0.499565 0.035457 -0.865550
0.499565 0.035457 -0.865550
0.864316 0.061336 -0.499196
0.864316 0.061336 -0.499196
-0.000000 1.000000 0.000000
0.436315 0.864867 0.248262
0.578881 0.815412 0.000000
0.290568 0.818232 0.496051
0.000000 0.867075 0.498178
-0.290568 0.818232 0.496051
-0.436316 0.864867 0.248261
-0.578882 0.815412 0.000000
-0.436316 0.864867 -0.248261
-0.290568 0.818231 -0.496052
0.000000 0.867074 -0.498179
0.290568 0.818231 -0.496052
0.436315 0.864867 -0.248262
0.982849 0.184412 0.000000
0.885186 0.465237 0.000000
0.768671 0.466428 0.437710
0.853892 0.185093 0.486425
0.496171 0.186474 0.847964
0.446214 0.468838 0.762288
-0.000000 0.470057 0.882636
-0.000000 0.187174 0.982327
-0.496171 0.186473 0.847964
-0.446215 0.468838 0.762288
-0.768671 0.466428 0.437709
-0.853892 0.185092 0.486425
-0.982849 0.184412 0.000000
-0.885186 0.465237 0.000000
-0.768671 0.466428 -0.437710
-0.853892 0.185092 -0.486426
-0.496170 0.186473 -0.847964
-0.446214 0.468837 -0.762289
-0.000000 0.470056 -0.882637
-0.000000 0.187174 -0.982327
0.496170 0.186474 -0.847964
0.446214 0.468838 -0.762289
0.768670 0.466428 -0.437710
0.853891 0.185093 -0.486426
0.666625 -0.745393 0.000000
0.666644 -0.745376 0.000000
0.594506 -0.629714 0.500023
0.594481 -0.629728 0.500035
0.395722 -0.311731 0.863845
0.395406 -0.311426 0.864100
0.125103 0.119388 0.984934
0.125743 0.118080 0.985011
-0.137033 0.534813 0.833785
-0.137934 0.536219 0.832733
-0.319322 0.822510 0.470649
-0.318813 0.822043 0.471808
-0.383420 0.923574 0.000000
-0.383241 0.923649 0.000000
-0.319322 0.822510 -0.470649
-0.318813 0.822043 -0.471808
-0.137033 0.534812 -0.833785
-0.137934 0.536218 -0.832733
0.125103 0.119388 -0.984934
0.125742 0.118080 -0.985011
0.395721 -0.311730 -0.863845
0.395405 -0.311426 -0.864100
0.594506 -0.629714 -0.500023
0.594480 -0.629728 -0.500035
0.971411 -0.237403 0.000000
0.972729 -0.231946 0.000000
0.852293 -0.200347 0.483175
0.852501 -0.208344 0.479411
0.974522 -0.224290 0.000000
0.845660 -0.192619 0.497751
0.505798 -0.123612 0.853750
0.509716 -0.116291 0.852447
0.501836 -0.107238 0.858289
-0.045976 0.000848 0.998942
-0.000001 0.000000 1.000000
0.000001 -0.000000 1.000000
-0.496564 0.201187 0.844362
-0.579534 0.092925 0.809633
-0.565303 -0.027063 0.824439
-0.852883 0.128650 0.506004
-0.799071 0.339096 0.496487
-0.859359 -0.089616 0.503459
-0.921270 0.388922 0.000000
-0.990688 0.136149 0.000000
-0.993604 -0.112922 0.000000
-0.852882 0.128650 -0.506005
-0.799070 0.339096 -0.496488
-0.859359 -0.089615 -0.503460
-0.496563 0.201187 -0.844363
-0.579534 0.092925 -0.809633
-0.565302 -0.027063 -0.824440
-0.045976 0.000848 -0.998942
-0.000001 0.000000 -1.000000
0.000001 -0.000000 -1.000000
0.505797 -0.123611 -0.853750
0.509716 -0.116291 -0.852447
0.501835 -0.107237 -0.858290
0.852292 -0.200347 -0.483176
0.852500 -0.208344 -0.479412
0.845660 -0.192619 -0.497752
0.000000 1.000000 0.000000
0.651293 0.659379 0.375548
0.888975 0.457956 0.000000
0.429250 0.517025 0.740560
0.001805 0.715625 0.698482
-0.390362 0.619395 0.681152
-0.558630 0.763554 0.323910
-0.748915 0.662666 0.000000
-0.558630 0.763554 -0.323910
-0.390361 0.619395 -0.681152
0.001805 0.715625 -0.698482
0.429249 0.517025 -0.740561
0.651293 0.659379 -0.375548
0.991624 0.129157 0.000000
0.994327 0.106363 0.000000
0.859846 0.121253 0.495945
0.858326 0.133707 0.495378
0.494886 0.146097 0.856588
0.494400 0.161334 0.854131
0.001779 0.214307 0.976765
0.000371 0.162913 0.986640
-0.491565 0.179594 0.852120
-0.480514 0.264750 0.836071
-0.825572 0.299837 0.478047
-0.849853 0.191716 0.490913
-0.980578 0.196130 0.000000
-0.949995 0.312264 0.000000
-0.825572 0.299837 -0.478046
-0.849853 0.191715 -0.490912
-0.491565 0.179594 -0.852121
-0.480514 0.264750 -0.836071
0.001779 0.214307 -0.976765
0.000371 0.162912 -0.986640
0.494886 0.146097 -0.856588
0.494400 0.161334 -0.854131
0.859847 0.121253 -0.495945
0.858326 0.133707 -0.495377
-0.233504 -0.609258 -0.757813
-0.233397 -0.609269 -0.757837
0.245231 -0.447774 -0.859861
0.244397 -0.448285 -0.859832
0.643954 -0.158422 -0.748482
0.645187 -0.157218 -0.747674
0.868934 0.183639 -0.459599
0.868435 0.182228 -0.461100
0.865754 0.496711 -0.061215
0.865359 0.497549 -0.059991
0.624534 0.698291 0.349781
0.624903 0.698198 0.349307
0.201018 0.725447 0.658269
0.200916 0.725435 0.658313
-0.284791 0.567485 0.772564
-0.284460 0.567615 0.772590
-0.696202 0.272597 0.664073
-0.696732 0.272039 0.663746
-0.927219 -0.078397 0.366222
-0.927022 -0.077773 0.366854
-0.917498 -0.395250 -0.044441
-0.917395 -0.395446 -0.044823
-0.663163 -0.591425 -0.458727
-0.663132 -0.591420 -0.458779
-0.284014 -0.237403 -0.928965
-0.283173 -0.248125 -0.926416
0.215005 -0.217588 -0.952065
0.209217 -0.208347 -0.955416
-0.282447 -0.258151 -0.923895
0.227626 -0.226315 -0.947084
0.668567 -0.123613 -0.733306
0.670601 -0.129691 -0.730393
0.677516 -0.134713 -0.723066
0.966604 0.010718 -0.256052
0.956305 -0.000002 -0.292369
0.956328 -0.006415 -0.292226
0.952649 0.201188 0.228000
0.945203 0.160300 0.284422
0.959131 0.093136 0.267194
0.723476 0.243251 0.646074
0.708421 0.339097 0.618993
0.728783 0.145003 0.669215
0.269355 0.388926 0.881013
0.280547 0.280988 0.917790
0.288031 0.171521 0.942135
-0.238630 0.246670 0.939260
-0.241168 0.339098 0.909313
-0.229667 0.152165 0.961301
-0.662282 0.201191 0.721737
-0.626234 0.165452 0.761877
-0.647262 0.104144 0.755120
-0.945123 0.016683 0.326288
-0.956304 -0.000001 0.292374
-0.956328 0.006415 0.292224
-0.964326 -0.123610 -0.234086
-0.964319 -0.125340 -0.233191
-0.966630 -0.125252 -0.223470
-0.710745 -0.215036 -0.669777
-0.707710 -0.208343 -0.675085
-0.719238 -0.221144 -0.658629
0.000000 1.000000 -0.000000
0.112077 0.867046 -0.485459
-0.167699 0.819150 -0.548516
0.391181 0.819149 -0.419490
0.476459 0.867045 -0.145669
0.558879 0.819150 0.129026
0.364381 0.867045 0.339792
0.167699 0.819149 0.548518
-0.112074 0.867045 0.485461
-0.391181 0.819150 0.419489
-0.476459 0.867046 0.145665
-0.558877 0.819151 -0.129028
-0.364379 0.867047 -0.339791
-0.282408 0.258817 -0.923721
-0.252909 0.501718 -0.827234
0.194589 0.501717 -0.842861
0.217285 0.258815 -0.941170
0.658761 0.258817 -0.706433
0.589951 0.501718 -0.632643
0.827235 0.501715 -0.252912
0.923721 0.258814 -0.282408
0.941171 0.258813 0.217284
0.842863 0.501716 0.194587
0.632644 0.501717 0.589951
0.706435 0.258815 0.658759
0.282409 0.258819 0.923720
0.252909 0.501719 0.827233
-0.194589 0.501717 0.842861
-0.217286 0.258818 0.941169
-0.658761 0.258818 0.706432
-0.589950 0.501717 0.632644
-0.827235 0.501717 0.252909
-0.923722 0.258813 0.282407
-0.941171 0.258816 -0.217284
-0.842862 0.501717 -0.194587
-0.632643 0.501719 -0.589950
-0.706435 0.258815 -0.658760
360
0 0 1 2 0 0 0 2
0 3 4 5 1 2 3 1
0 3 5 6 1 3 4 1
0 1 7 2 0 0 0 2
0 6 5 8 4 3 5 1
0 5 9 8 3 6 5 1
0 7 10 2 0 0 0 2
0 8 9 11 5 6 7 1
0 8 11 12 5 7 8 1
0 10 13 2 0 0 0 2
0 12 11 14 8 7 9 1
0 11 15 14 7 10 9 1
0 13 16 2 0 0 0 2
0 14 15 17 9 10 11 1
0 14 17 18 9 11 12 1
0 16 19 2 0 0 0 2
0 18 17 20 12 11 13 1
0 17 21 20 11 14 13 1
0 19 22 2 0 0 0 2
0 20 21 23 13 14 15 1
0 20 23 24 13 15 16 1
0 22 25 2 0 0 0 2
0 24 23 26 16 15 17 1
0 23 27 26 15 18 17 1
0 25 28 2 0 0 0 2
0 26 27 29 17 18 19 1
0 26 29 30 17 19 20 1
0 28 31 2 0 0 0 2
0 30 29 32 20 19 21 1
0 29 33 32 19 22 21 1
0 31 34 2 0 0 0 2
0 32 33 35 21 22 23 1
0 32 35 36 21 23 24 1
0 34 0 2 0 0 0 2
0 36 35 3 24 23 1 1
0 35 4 3 23 2 1 1
0 37 38 39 25 26 27 1
0 37 40 38 25 28 26 1
0 37 41 40 25 29 28 1
0 37 42 41 25 30 29 1
0 37 43 42 25 31 30 1
0 37 44 43 25 32 31 1
0 37 45 44 25 33 32 1
0 37 46 45 25 34 33 1
0 37 47 46 25 35 34 1
0 37 48 47 25 36 35 1
0 37 49 48 25 37 36 1
0 37 39 49 25 27 37 1
0 50 51 52 38 39 40 1
0 50 52 53 38 40 41 1
0 53 52 54 41 40 42 1
0 52 55 54 40 43 42 1
0 54 55 56 42 43 44 1
0 54 56 57 42 44 45 1
0 57 56 58 45 44 46 1
0 56 59 58 44 47 46 1
0 58 59 60 46 47 48 1
0 58 60 61 46 48 49 1
0 61 60 62 49 48 50 1
0 60 63 62 48 51 50 1
0 62 63 64 50 51 52 1
0 62 64 65 50 52 53 1
0 65 64 66 53 52 54 1
0 64 67 66 52 55 54 1
0 66 67 68 54 55 56 1
0 66 68 69 54 56 57 1
0 69 68 70 57 56 58 1
0 68 71 70 56 59 58 1
0 70 71 72 58 59 60 1
0 70 72 73 58 60 61 1
0 73 72 50 61 60 38 1
0 72 51 50 60 39 38 1
0 51 39 52 39 27 40 1
0 39 38 52 27 26 40 1
0 52 38 40 40 26 28 1
0 52 40 55 40 28 43 1
0 55 40 56 43 28 44 1
0 40 41 56 28 29 44 1
0 56 41 42 44 29 30 1
0 56 42 59 44 30 47 1
0 59 42 60 47 30 48 1
0 42 43 60 30 31 48 1
0 60 43 44 48 31 32 1
0 60 44 63 48 32 51 1
0 63 44 64 51 32 52 1
0 44 45 64 32 33 52 1
0 64 45 46 52 33 34 1
0 64 46 67 52 34 55 1
0 67 46 68 55 34 56 1
0 46 47 68 34 35 56 1
0 68 47 48 56 35 36 1
0 68 48 71 56 36 59 1
0 71 48 72 59 36 60 1
0 48 49 72 36 37 60 1
0 72 49 39 60 37 27 1
0 72 39 51 60 27 39 1
0 74 75 76 62 63 64 1
0 74 76 77 62 64 65 1
0 77 76 78 65 64 66 1
0 76 79 78 64 67 66 1
0 78 79 80 66 67 68 1
0 78 80 81 66 68 69 1
0 81 80 82 69 68 70 1
0 80 83 82 68 71 70 1
0 82 83 84 70 71 72 1
0 82 84 85 70 72 73 1
0 85 84 86 73 72 74 1
0 84 87 86 72 75 74 1
0 86 87 88 74 75 76 1
0 86 88 89 74 76 77 1
0 89 88 90 77 76 78 1
0 88 91 90 76 79 78 1
0 90 91 92 78 79 80 1
0 90 92 93 78 80 81 1
0 93 92 94 81 80 82 1
0 92 95 94 80 83 82 1
0 94 95 96 82 83 84 1
0 94 96 97 82 84 85 1
0 97 96 74 85 84 62 1
0 96 75 74 84 63 62 1
0 98 99 100 86 87 88 1
0 98 100 101 86 88 89 1
0 99 102 100 87 90 88 1
0 102 103 100 90 91 88 1
0 101 100 104 89 88 92 1
0 100 105 104 88 93 92 1
0 100 103 106 88 91 94 1
0 100 106 105 88 94 93 1
0 104 105 107 92 93 95 1
0 104 107 108 92 95 96 1
0 105 106 107 93 94 95 1
0 106 109 107 94 97 95 1
0 108 107 110 96 95 98 1
0 107 111 110 95 99 98 1
0 107 109 112 95 97 100 1
0 107 112 111 95 100 99 1
0 110 111 113 98 99 101 1
0 110 113 114 98 101 102 1
0 111 112 113 99 100 101 1
0 112 115 113 100 103 101 1
0 114 113 116 102 101 104 1
0 113 117 116 101 105 104 1
0 113 115 118 101 103 106 1
0 113 118 117 101 106 105 1
0 116 117 119 104 105 107 1
0 116 119 120 104 107 108 1
0 117 118 119 105 106 107 1
0 118 121 119 106 109 107 1
0 120 119 122 108 107 110 1
0 119 123 122 107 111 110 1
0 119 121 124 107 109 112 1
0 119 124 123 107 112 111 1
0 122 123 125 110 111 113 1
0 122 125 126 110 113 114 1
0 123 124 125 111 112 113 1
0 124 127 125 112 115 113 1
0 126 125 128 114 113 116 1
0 125 129 128 113 117 116 1
0 125 127 130 113 115 118 1
0 125 130 129 113 118 117 1
0 128 129 131 116 117 119 1
0 128 131 132 116 119 120 1
0 129 130 131 117 118 119 1
0 130 133 131 118 121 119 1
0 132 131 98 120 119 86 1
0 131 99 98 119 87 86 1
0 131 133 102 119 121 90 1
0 131 102 99 119 90 87 1
0 134 135 136 122 123 124 1
0 134 137 135 122 125 123 1
0 134 138 137 122 126 125 1
0 134 139 138 122 127 126 1
0 134 140 139 122 128 127 1
0 134 141 140 122 129 128 1
0 134 142 141 122 130 129 1
0 134 143 142 122 131 130 1
0 134 144 143 122 132 131 1
0 134 145 144 122 133 132 1
0 134 146 145 122 134 133 1
0 134 136 146 122 124 134 1
0 147 148 149 135 136 137 1
0 147 149 150 135 137 138 1
0 150 149 151 138 137 139 1
0 149 152 151 137 140 139 1
0 151 152 153 139 140 141 1
0 151 153 154 139 141 142 1
0 154 153 155 142 141 143 1
0 153 156 155 141 144 143 1
0 155 156 157 143 144 145 1
0 155 157 158 143 145 146 1
0 158 157 159 146 145 147 1
0 157 160 159 145 148 147 1
0 159 160 161 147 148 149 1
0 159 161 162 147 149 150 1
0 162 161 163 150 149 151 1
0 161 164 163 149 152 151 1
0 163 164 165 151 152 153 1
0 163 165 166 151 153 154 1
0 166 165 167 154 153 155 1
0 165 168 167 153 156 155 1
0 167 168 169 155 156 157 1
0 167 169 170 155 157 158 1
0 170 169 147 158 157 135 1
0 169 148 147 157 136 135 1
0 148 136 149 136 124 137 1
0 136 135 149 124 123 137 1
0 149 135 137 137 123 125 1
0 149 137 152 137 125 140 1
0 152 137 153 140 125 141 1
0 137 138 153 125 126 141 1
0 153 138 139 141 126 127 1
0 153 139 156 141 127 144 1
0 156 139 157 144 127 145 1
0 139 140 157 127 128 145 1
0 157 140 141 145 128 129 1
0 157 141 160 145 129 148 1
0 160 141 161 148 129 149 1
0 141 142 161 129 130 149 1
0 161 142 143 149 130 131 1
0 161 143 164 149 131 152 1
0 164 143 165 152 131 153 1
0 143 144 165 131 132 153 1
0 165 144 145 153 132 133 1
0 165 145 168 153 133 156 1
0 168 145 169 156 133 157 1
0 145 146 169 133 134 157 1
0 169 146 136 157 134 124 1
0 169 136 148 157 124 136 1
0 171 172 173 159 160 161 1
0 171 173 174 159 161 162 1
0 174 173 175 162 161 163 1
0 173 176 175 161 164 163 1
0 175 176 177 163 164 165 1
0 175 177 178 163 165 166 1
0 178 177 179 166 165 167 1
0 177 180 179 165 168 167 1
0 179 180 181 167 168 169 1
0 179 181 182 167 169 170 1
0 182 181 183 170 169 171 1
0 181 184 183 169 172 171 1
0 183 184 185 171 172 173 1
0 183 185 186 171 173 174 1
0 186 185 187 174 173 175 1
0 185 188 187 173 176 175 1
0 187 188 189 175 176 177 1
0 187 189 190 175 177 178 1
0 190 189 191 178 177 179 1
0 189 192 191 177 180 179 1
0 191 192 193 179 180 181 1
0 191 193 194 179 181 182 1
0 194 193 171 182 181 159 1
0 193 172 171 181 160 159 1
0 195 196 197 183 184 185 1
0 195 197 198 183 185 186 1
0 196 199 197 184 187 185 1
0 199 200 197 187 188 185 1
0 198 197 201 186 185 189 1
0 197 202 201 185 190 189 1
0 197 200 203 185 188 191 1
0 197 203 202 185 191 190 1
0 201 202 204 189 190 192 1
0 201 204 205 189 192 193 1
0 202 203 204 190 191 192 1
0 203 206 204 191 194 192 1
0 205 204 207 193 192 195 1
0 204 208 207 192 196 195 1
0 204 206 209 192 194 197 1
0 204 209 208 192 197 196 1
0 207 208 210 195 196 198 1
0 207 210 211 195 198 199 1
0 208 209 210 196 197 198 1
0 209 212 210 197 200 198 1
0 211 210 213 199 198 201 1
0 210 214 213 198 202 201 1
0 210 212 215 198 200 203 1
0 210 215 214 198 203 202 1
0 213 214 216 201 202 204 1
0 213 216 217 201 204 205 1
0 214 215 216 202 203 204 1
0 215 218 216 203 206 204 1
0 217 216 219 205 204 207 1
0 216 220 219 204 208 207 1
0 216 218 221 204 206 209 1
0 216 221 220 204 209 208 1
0 219 220 222 207 208 210 1
0 219 222 223 207 210 211 1
0 220 221 222 208 209 210 1
0 221 224 222 209 212 210 1
0 223 222 225 211 210 213 1
0 222 226 225 210 214 213 1
0 222 224 227 210 212 215 1
0 222 227 226 210 215 214 1
0 225 226 228 213 214 216 1
0 225 228 229 213 216 217 1
0 226 227 228 214 215 216 1
0 227 230 228 215 218 216 1
0 229 228 195 217 216 183 1
0 228 196 195 216 184 183 1
0 228 230 199 216 218 187 1
0 228 199 196 216 187 184 1
0 231 232 233 219 220 221 1
0 231 234 232 219 222 220 1
0 231 235 234 219 223 222 1
0 231 236 235 219 224 223 1
0 231 237 236 219 225 224 1
0 231 238 237 219 226 225 1
0 231 239 238 219 227 226 1
0 231 240 239 219 228 227 1
0 231 241 240 219 229 228 1
0 231 242 241 219 230 229 1
0 231 243 242 219 231 230 1
0 231 233 243 219 221 231 1
0 244 245 246 232 233 234 1
0 244 246 247 232 234 235 1
0 247 246 248 235 234 236 1
0 246 249 248 234 237 236 1
0 248 249 250 236 237 238 1
0 248 250 251 236 238 239 1
0 251 250 252 239 238 240 1
0 250 253 252 238 241 240 1
0 252 253 254 240 241 242 1
0 252 254 255 240 242 243 1
0 255 254 256 243 242 244 1
0 254 257 256 242 245 244 1
0 256 257 258 244 245 246 1
0 256 258 259 244 246 247 1
0 259 258 260 247 246 248 1
0 258 261 260 246 249 248 1
0 260 261 262 248 249 250 1
0 260 262 263 248 250 251 1
0 263 262 264 251 250 252 1
0 262 265 264 250 253 252 1
0 264 265 266 252 253 254 1
0 264 266 267 252 254 255 1
0 267 266 244 255 254 232 1
0 266 245 244 254 233 232 1
0 245 233 246 233 221 234 1
0 233 232 246 221 220 234 1
0 246 232 234 234 220 222 1
0 246 234 249 234 222 237 1
0 249 234 250 237 222 238 1
0 234 235 250 222 223 238 1
0 250 235 236 238 223 224 1
0 250 236 253 238 224 241 1
0 253 236 254 241 224 242 1
0 236 237 254 224 225 242 1
0 254 237 238 242 225 226 1
0 254 238 257 242 226 245 1
0 257 238 258 245 226 246 1
0 238 239 258 226 227 246 1
0 258 239 240 246 227 228 1
0 258 240 261 246 228 249 1
0 261 240 262 249 228 250 1
0 240 241 262 228 229 250 1
0 262 241 242 250 229 230 1
0 262 242 265 250 230 253 1
0 265 242 266 253 230 254 1
0 242 243 266 230 231 254 1
0 266 243 233 254 231 221 1
0 266 233 245 254 221 233 1

Materials: 1
"plant"
0.800000 0.800000 0.800000 1.000000
0.800000 0.800000 0.800000 1.000000
0.000000 0.000000 0.000000 1.000000
0.000000 0.000000 0.000000 1.000000
0.000000
1.000000
".\objs1.bmp"
""

Bones: 0
GroupComments: 0
MaterialComments: 0
BoneComments: 0
ModelComment: 0
