// MilkShape 3D ASCII

Frames: 30
Frame: 1

Meshes: 1
"cacti" 0 0
354
0 4.815921 -2.130118 -0.042628 0.187968 0.248198 -1
0 4.175125 -2.130118 1.919372 0.215512 0.248198 -1
0 0.032953 -2.130118 -0.042628 0.187968 0.248198 -1
0 4.370835 42.762493 -0.039239 0.201854 0.032362 -1
0 0.066165 42.762493 -0.039239 0.201854 0.032362 -1
0 3.892539 42.762493 1.922760 0.214321 0.032362 -1
0 4.370835 42.762493 -0.039239 0.188016 0.005394 -1
0 3.892539 42.762493 1.922760 0.215560 0.005394 -1
0 2.424438 -2.130118 3.355655 0.235676 0.248198 -1
0 1.979352 42.762493 3.099962 0.221801 0.032362 -1
0 1.979352 42.762493 3.099962 0.232087 0.005394 -1
0 0.032953 -2.130118 3.881372 0.243057 0.248198 -1
0 0.066165 42.762493 3.492361 0.224294 0.032362 -1
0 0.066165 42.762493 3.492361 0.237596 0.005394 -1
0 -2.358530 -2.130118 3.355655 0.235676 0.248198 -1
0 -2.325320 42.762493 3.099962 0.221801 0.032362 -1
0 -2.325320 42.762493 3.099962 0.232087 0.005394 -1
0 -4.109219 -2.130118 1.919372 0.215512 0.248198 -1
0 -3.760210 42.762493 1.922760 0.214321 0.032362 -1
0 -3.760210 42.762493 1.922760 0.215560 0.005394 -1
0 -4.750016 -2.130118 -0.042628 0.187968 0.248198 -1
0 -4.238506 42.762493 -0.039239 0.201854 0.032362 -1
0 -4.238506 42.762493 -0.039239 0.188016 0.005394 -1
0 -4.109219 -2.130118 -2.004628 0.160424 0.248198 -1
0 -3.760210 42.762493 -1.608839 0.191881 0.032362 -1
0 -3.760210 42.762493 -1.608839 0.165980 0.005394 -1
0 -2.358530 -2.130118 -3.440913 0.140259 0.248198 -1
0 -2.325320 42.762493 -3.178440 0.181908 0.032362 -1
0 -2.325320 42.762493 -3.178440 0.143944 0.005394 -1
0 0.032953 -2.130118 -3.966629 0.132879 0.248198 -1
0 0.066165 42.762493 -3.570840 0.179415 0.032362 -1
0 0.066165 42.762493 -3.570840 0.138436 0.005394 -1
0 2.424438 -2.130118 -3.440913 0.140259 0.248198 -1
0 1.979352 42.762493 -3.178440 0.181908 0.032362 -1
0 1.979352 42.762493 -3.178440 0.143944 0.005394 -1
0 4.175125 -2.130118 -2.004628 0.160424 0.248198 -1
0 3.892539 42.762493 -1.608839 0.191881 0.032362 -1
0 3.892539 42.762493 -1.608839 0.165980 0.005394 -1
0 0.053140 46.477474 -0.039239 0.188219 0.126426 -1
0 1.917772 46.066616 0.857676 0.213723 0.154156 -1
0 2.206232 46.066616 -0.039239 0.217669 0.126426 -1
0 1.129686 46.066616 1.514263 0.202944 0.174454 -1
0 0.053140 46.066616 1.754590 0.188219 0.181884 -1
0 -1.023406 46.066616 1.514263 0.173495 0.174454 -1
0 -1.811492 46.066616 0.857676 0.162715 0.154156 -1
0 -2.099952 46.066616 -0.039239 0.158770 0.126426 -1
0 -1.811492 46.066616 -0.936153 0.162715 0.098698 -1
0 -1.023406 46.066616 -1.592740 0.173495 0.078399 -1
0 0.053140 46.066616 -1.833068 0.188219 0.070969 -1
0 1.129686 46.066616 -1.592740 0.202944 0.078399 -1
0 1.917772 46.066616 -0.936153 0.213723 0.098698 -1
0 4.370835 42.762493 -0.039239 0.247276 0.126426 -1
0 3.782404 44.944126 -0.039239 0.239228 0.126426 -1
0 3.282776 44.944126 1.514263 0.232394 0.174454 -1
0 3.892539 42.762493 1.922760 0.240734 0.187082 -1
0 1.979352 42.762493 3.099962 0.214566 0.223477 -1
0 1.917772 44.944126 2.651504 0.213723 0.209612 -1
0 0.053140 44.944126 3.067765 0.188219 0.222481 -1
0 0.066165 42.762493 3.492361 0.188398 0.235608 -1
0 -2.325320 42.762493 3.099962 0.155687 0.223477 -1
0 -1.811492 44.944126 2.651504 0.162715 0.209612 -1
0 -3.176497 44.944126 1.514263 0.144045 0.174454 -1
0 -3.760210 42.762493 1.922760 0.136061 0.187082 -1
0 -4.238506 42.762493 -0.039239 0.129519 0.126426 -1
0 -3.676124 44.944126 -0.039239 0.137211 0.126426 -1
0 -3.176497 44.944126 -1.592740 0.144045 0.078399 -1
0 -3.760210 42.762493 -1.611565 0.136061 0.077817 -1
0 -2.325320 42.762493 -3.178440 0.155687 0.029377 -1
0 -1.811492 44.944126 -2.729982 0.162715 0.043241 -1
0 0.053140 44.944126 -3.146241 0.188219 0.030372 -1
0 0.066165 42.762493 -3.570840 0.188398 0.017246 -1
0 1.979352 42.762493 -3.178440 0.214566 0.029377 -1
0 1.917772 44.944126 -2.729982 0.213723 0.043241 -1
0 3.282776 44.944126 -1.592740 0.232394 0.078399 -1
0 3.892539 42.762493 -1.611565 0.240734 0.077817 -1
0 4.171214 18.370792 -0.042628 0.186784 0.237513 -1
0 15.583305 26.266201 -0.042628 0.186784 0.158126 -1
0 15.266003 26.459644 1.244641 0.208147 0.156180 -1
0 3.879168 18.582891 1.244641 0.208147 0.235381 -1
0 3.792467 20.298439 2.186986 0.223787 0.218131 -1
0 14.399111 26.988092 2.186986 0.223787 0.150867 -1
0 13.214931 27.710064 2.531907 0.229512 0.143607 -1
0 2.702529 21.089975 2.531907 0.229512 0.210172 -1
0 1.612567 21.881527 2.186986 0.223787 0.202213 -1
0 12.030756 28.431961 2.186986 0.223787 0.136349 -1
0 11.163883 28.960424 1.244641 0.208147 0.131035 -1
0 0.814661 22.460962 1.244641 0.208147 0.196387 -1
0 0.522613 22.673073 -0.042628 0.186784 0.194254 -1
0 10.846571 29.153841 -0.042628 0.186784 0.129090 -1
0 11.163883 28.960424 -1.329897 0.165420 0.131035 -1
0 0.814661 22.460962 -1.329897 0.165420 0.196387 -1
0 1.612567 21.881527 -2.272243 0.149781 0.202213 -1
0 12.030756 28.431961 -2.272243 0.149781 0.136349 -1
0 13.214931 27.710064 -2.617165 0.144056 0.143607 -1
0 2.702529 21.089975 -2.617165 0.144056 0.210172 -1
0 3.792467 20.298439 -2.272243 0.149781 0.218131 -1
0 14.399111 26.988092 -2.272243 0.149781 0.150867 -1
0 15.266003 26.459644 -1.329897 0.165420 0.156180 -1
0 3.879168 18.582891 -1.329897 0.165420 0.235381 -1
0 -3.677145 18.114191 1.831477 0.163642 0.225500 -1
0 -11.837540 27.265356 5.432225 0.210798 0.121428 -1
0 -12.257881 27.429293 4.427461 0.197640 0.119563 -1
0 -4.150032 18.285994 0.844383 0.150714 0.223546 -1
0 -4.094955 18.755342 -0.083920 0.138557 0.218209 -1
0 -12.079731 27.819016 3.459963 0.184969 0.115131 -1
0 -11.350843 28.330124 2.788991 0.176181 0.109319 -1
0 -3.526711 19.396494 -0.704682 0.130427 0.210917 -1
0 -4.369009 21.590549 -0.851573 0.128504 0.185965 -1
0 -10.266523 28.825586 2.594306 0.173632 0.103684 -1
0 -9.117304 29.172735 2.928096 0.178003 0.099736 -1
0 -3.327881 22.059900 -0.485243 0.133300 0.180627 -1
0 -2.453777 22.231718 0.296168 0.143534 0.178673 -1
0 -8.211119 29.278482 3.700905 0.188124 0.098533 -1
0 -7.790782 29.114538 4.705668 0.201283 0.100398 -1
0 -1.980894 22.059900 1.283257 0.156461 0.180627 -1
0 -2.035960 21.590549 2.211555 0.168619 0.185965 -1
0 -7.968920 28.724819 5.673163 0.213954 0.104830 -1
0 -8.697803 28.213758 6.344135 0.222741 0.110642 -1
0 -2.604214 20.949400 2.832323 0.176749 0.193257 -1
0 -2.003779 19.345438 2.207829 0.168570 0.211498 -1
0 -9.782137 27.718237 6.538814 0.225290 0.116277 -1
0 -10.931353 27.371115 6.205034 0.220919 0.120225 -1
0 -2.540431 18.454796 2.077660 0.166866 0.221627 -1
0 -0.410197 17.430916 -3.542880 0.206389 0.222899 -1
0 -3.793492 25.806448 -10.649466 0.136102 0.136994 -1
0 -2.484959 25.890987 -10.694477 0.135657 0.136127 -1
0 0.874368 17.602707 -3.662145 0.205210 0.221137 -1
0 1.953070 18.072052 -3.378235 0.208017 0.216323 -1
0 -1.336745 26.113832 -10.234293 0.140208 0.133841 -1
0 -0.667088 26.438507 -9.374838 0.148709 0.130511 -1
0 2.536865 18.713213 -2.767261 0.214060 0.209748 -1
0 2.469316 19.354357 -1.992916 0.221719 0.203171 -1
0 -0.629910 26.721279 -8.376344 0.158584 0.127610 -1
0 -1.279112 26.989107 -7.456261 0.167684 0.124864 -1
0 1.768550 19.823708 -1.262681 0.228942 0.198357 -1
0 0.622307 19.995518 -0.772237 0.233792 0.196595 -1
0 -2.400394 27.077723 -6.905909 0.173127 0.123955 -1
0 -3.708157 26.996683 -6.855195 0.173629 0.124786 -1
0 -0.662256 19.823708 -0.652974 0.234972 0.198357 -1
0 -1.740950 19.354357 -0.936870 0.232163 0.203171 -1
0 -4.852565 26.764910 -7.321151 0.169020 0.127163 -1
0 -5.541685 26.449137 -8.245960 0.159873 0.130401 -1
0 -2.324746 18.713213 -1.547857 0.226121 0.209748 -1
0 -2.257205 18.072052 -2.322191 0.218462 0.216323 -1
0 -5.567376 26.144102 -9.251805 0.149925 0.133530 -1
0 -4.912741 25.916939 -10.153520 0.141007 0.135861 -1
0 -1.556428 17.602707 -3.052435 0.211240 0.221137 -1
0 11.403499 33.111820 -0.028328 0.187021 0.089293 -1
0 10.841074 29.150009 -0.028328 0.187021 0.129129 -1
0 11.160484 28.955311 1.267511 0.208527 0.131087 -1
0 11.826169 33.096241 1.267511 0.208527 0.089450 -1
0 12.980847 33.053806 2.216131 0.224271 0.089876 -1
0 12.033139 28.423315 2.216131 0.224271 0.136436 -1
0 13.225210 27.696575 2.563351 0.230033 0.143743 -1
0 14.558188 32.995869 2.563351 0.230033 0.090459 -1
0 16.135513 32.937901 2.216131 0.224271 0.091042 -1
0 14.417269 26.969870 2.216131 0.224271 0.151050 -1
0 15.289918 26.437880 1.267511 0.208527 0.156399 -1
0 17.290195 32.895428 1.267511 0.208527 0.091469 -1
0 17.712845 32.879894 -0.028328 0.187021 0.091625 -1
0 15.609341 26.243137 -0.028328 0.187021 0.158357 -1
0 15.289918 26.437880 -1.324168 0.165516 0.156399 -1
0 17.290195 32.895428 -1.324168 0.165516 0.091469 -1
0 16.135513 32.937901 -2.272788 0.149772 0.091042 -1
0 14.417269 26.969870 -2.272788 0.149772 0.151050 -1
0 13.225210 27.696575 -2.620008 0.144009 0.143743 -1
0 14.558188 32.995869 -2.620008 0.144009 0.090459 -1
0 12.980847 33.053806 -2.272788 0.149772 0.089876 -1
0 12.033139 28.423315 -2.272788 0.149772 0.136436 -1
0 11.160484 28.955311 -1.324168 0.165516 0.131087 -1
0 11.826169 33.096241 -1.324168 0.165516 0.089450 -1
0 14.944367 39.702007 -0.022620 0.187117 0.023029 -1
0 16.273457 39.359219 0.618179 0.197751 0.026476 -1
0 16.482460 39.351559 -0.022620 0.187117 0.026553 -1
0 15.702460 39.380169 1.087277 0.205536 0.026265 -1
0 14.922461 39.408855 1.258979 0.208386 0.025977 -1
0 14.142461 39.437519 1.087277 0.205536 0.025689 -1
0 13.571461 39.458523 0.618179 0.197751 0.025477 -1
0 13.362456 39.466198 -0.022620 0.187117 0.025400 -1
0 13.571461 39.458523 -0.663420 0.176481 0.025477 -1
0 14.142461 39.437519 -1.132518 0.168697 0.025689 -1
0 14.922461 39.408855 -1.304220 0.165847 0.025977 -1
0 15.702460 39.380169 -1.132518 0.168697 0.026265 -1
0 16.273457 39.359219 -0.663420 0.176481 0.026476 -1
0 17.673122 32.873325 -0.022620 0.187117 0.091691 -1
0 17.564606 38.508648 -0.022620 0.187117 0.035028 -1
0 17.202606 38.521976 1.087277 0.205536 0.034894 -1
0 17.255123 32.888714 1.258979 0.208386 0.091536 -1
0 16.113129 32.930691 2.197174 0.223956 0.091114 -1
0 16.213608 38.558315 1.899778 0.219021 0.034529 -1
0 14.862611 38.607967 2.197174 0.223956 0.034030 -1
0 14.553125 32.988018 2.540578 0.229656 0.090538 -1
0 12.993125 33.045345 2.197174 0.223956 0.089961 -1
0 13.511611 38.657619 1.899778 0.219021 0.033530 -1
0 12.522608 38.693974 1.087277 0.205536 0.033165 -1
0 11.851126 33.087315 1.258979 0.208386 0.089539 -1
0 11.433125 33.102688 -0.022620 0.187117 0.089385 -1
0 12.160609 38.707279 -0.022620 0.187117 0.033031 -1
0 12.522608 38.693974 -1.132518 0.168697 0.033165 -1
0 11.851126 33.087315 -1.304220 0.165847 0.089539 -1
0 12.993125 33.045345 -2.242414 0.150276 0.089961 -1
0 13.511611 38.657619 -1.945018 0.155211 0.033530 -1
0 14.862611 38.607967 -2.242414 0.150276 0.034030 -1
0 14.553125 32.988018 -2.585819 0.144577 0.090538 -1
0 16.113129 32.930691 -2.242414 0.150276 0.091114 -1
0 16.213608 38.558315 -1.945018 0.155211 0.034529 -1
0 17.202606 38.521976 -1.132518 0.168697 0.034894 -1
0 17.255123 32.888714 -1.304220 0.165847 0.091536 -1
0 -12.487407 33.639385 4.682816 0.200984 0.048939 -1
0 -12.054564 27.817793 3.429867 0.184574 0.115145 -1
0 -12.228068 27.418207 4.387855 0.197121 0.119690 -1
0 -12.877788 33.635738 5.713070 0.214476 0.048980 -1
0 -12.591503 33.613415 6.766886 0.228277 0.049234 -1
0 -11.807658 27.243078 5.388401 0.210224 0.121681 -1
0 -10.905955 27.339273 6.163504 0.220375 0.120587 -1
0 -11.705323 33.578426 7.561890 0.238689 0.049632 -1
0 -10.456624 33.540066 7.885083 0.242922 0.050068 -1
0 -9.764606 27.680977 6.505404 0.224853 0.116701 -1
0 -8.689393 28.176701 6.322501 0.222457 0.111064 -1
0 -9.180018 33.508755 7.649822 0.239841 0.050425 -1
0 -8.217620 33.492695 6.919206 0.230272 0.050607 -1
0 -7.968423 28.693621 5.663827 0.213831 0.105185 -1
0 -7.794893 29.093185 4.705839 0.201285 0.100641 -1
0 -7.827221 33.496372 5.888960 0.216779 0.050565 -1
0 -8.113463 33.518658 4.835111 0.202978 0.050312 -1
0 -8.215311 29.268358 3.705260 0.188181 0.098649 -1
0 -9.116977 29.172186 2.930189 0.178031 0.099742 -1
0 -8.999717 33.553669 4.040106 0.192567 0.049914 -1
0 -10.248376 33.592014 3.716913 0.188334 0.049478 -1
0 -10.258372 28.830473 2.588298 0.173552 0.103629 -1
0 -11.333591 28.334684 2.771200 0.175948 0.109267 -1
0 -11.524961 33.623341 3.952182 0.191415 0.049121 -1
0 -10.286220 35.351925 5.818597 0.215858 0.029463 -1
0 -9.212349 35.077793 6.380349 0.223215 0.032580 -1
0 -9.018993 35.081059 5.849883 0.216268 0.032543 -1
0 -9.696713 35.084049 6.759012 0.228174 0.032509 -1
0 -10.342304 35.098118 6.884394 0.229816 0.032349 -1
0 -10.976143 35.116261 6.722920 0.227701 0.032143 -1
0 -11.428395 35.133541 6.317839 0.222396 0.031947 -1
0 -11.577849 35.145435 5.777698 0.215323 0.031811 -1
0 -11.384485 35.148663 5.247232 0.208375 0.031774 -1
0 -10.900136 35.142399 4.868570 0.203416 0.031846 -1
0 -10.254549 35.128315 4.743185 0.201774 0.032006 -1
0 -9.620697 35.110195 4.904659 0.203888 0.032212 -1
0 -9.168449 35.092884 5.309743 0.209193 0.032409 -1
0 -8.206640 32.623707 5.827268 0.215972 0.060490 -1
0 -7.818334 33.505924 5.854885 0.216334 0.050457 -1
0 -8.541536 32.618099 6.746070 0.228005 0.060554 -1
0 -8.205050 33.499447 6.915820 0.230228 0.050530 -1
0 -9.173788 33.511944 7.673136 0.240146 0.050388 -1
0 -9.380488 32.628933 7.401921 0.236594 0.060430 -1
0 -10.498694 32.653316 7.619096 0.239438 0.060153 -1
0 -10.464985 33.540073 7.923921 0.243430 0.050068 -1
0 -11.732650 33.576305 7.600945 0.239201 0.049656 -1
0 -11.596535 32.684681 7.339408 0.235775 0.059796 -1
0 -12.379838 32.714718 6.637801 0.226587 0.059455 -1
0 -12.637129 33.610950 6.790804 0.228591 0.049262 -1
0 -12.936059 33.634602 5.710524 0.214443 0.048993 -1
0 -12.638718 32.735195 5.702252 0.214335 0.059222 -1
0 -12.303821 32.740818 4.783451 0.202301 0.059158 -1
0 -12.549347 33.641117 4.649587 0.200548 0.048919 -1
0 -11.580593 33.628590 3.892263 0.190630 0.049062 -1
0 -11.464860 32.730015 4.127594 0.193713 0.059281 -1
0 -10.346633 32.705624 3.910410 0.190868 0.059558 -1
0 -10.289412 33.600475 3.641487 0.187346 0.049381 -1
0 -9.021736 33.564251 3.964447 0.191576 0.049793 -1
0 -9.248813 32.674229 4.190102 0.194531 0.059915 -1
0 -8.465518 32.644268 4.891723 0.203719 0.060256 -1
0 -8.117269 33.529613 4.774602 0.202185 0.050187 -1
0 -8.115680 34.405346 5.863161 0.216442 0.040228 -1
0 -8.450574 34.399784 6.781963 0.228476 0.040291 -1
0 -9.289534 34.410580 7.437808 0.237064 0.040168 -1
0 -10.407730 34.434971 7.654996 0.239909 0.039891 -1
0 -11.505574 34.466358 7.375297 0.236245 0.039534 -1
0 -12.288877 34.496319 6.673697 0.227056 0.039193 -1
0 -12.547758 34.516850 5.738141 0.214804 0.038960 -1
0 -12.212846 34.522449 4.819341 0.202772 0.038896 -1
0 -11.373892 34.511616 4.163488 0.194182 0.039019 -1
0 -10.255689 34.487247 3.946301 0.191338 0.039297 -1
0 -9.157863 34.455891 4.225996 0.195001 0.039653 -1
0 -8.374567 34.425922 4.927615 0.204190 0.039994 -1
0 -2.007255 35.207607 -10.770629 0.134903 0.040569 -1
0 -2.491162 25.891949 -10.695136 0.135650 0.136117 -1
0 -3.782214 25.803373 -10.648783 0.136108 0.137025 -1
0 -3.220973 35.062237 -11.074274 0.131900 0.042060 -1
0 -4.453471 34.917980 -10.824841 0.134367 0.043539 -1
0 -4.916540 25.915377 -10.154129 0.141001 0.135876 -1
0 -5.566786 26.141962 -9.249202 0.149951 0.133552 -1
0 -5.374480 34.813526 -10.089250 0.141642 0.044611 -1
0 -5.737222 34.776852 -9.064528 0.151778 0.044987 -1
0 -5.538758 26.448521 -8.246577 0.159867 0.130408 -1
0 -4.857926 26.766987 -7.320643 0.169025 0.127142 -1
0 -5.444495 34.817799 -8.025258 0.162057 0.044567 -1
0 -4.574720 34.925335 -7.249979 0.169724 0.043464 -1
0 -3.708627 26.997038 -6.855375 0.173627 0.124782 -1
0 -2.400422 27.077133 -6.905554 0.173131 0.123961 -1
0 -3.361000 35.070782 -6.946314 0.172728 0.041972 -1
0 -2.128483 35.214985 -7.195714 0.170261 0.040493 -1
0 -1.279381 26.989700 -7.455752 0.167689 0.124857 -1
0 -0.626322 26.720354 -8.376793 0.158580 0.127620 -1
0 -1.207484 35.319439 -7.931355 0.162985 0.039422 -1
0 -0.844755 35.356121 -8.956070 0.152850 0.039045 -1
0 -0.665993 26.437420 -9.375429 0.148703 0.130522 -1
0 -1.336773 26.112822 -10.234319 0.140208 0.133851 -1
0 -1.137486 35.315197 -9.995313 0.142571 0.039465 -1
0 -3.698516 36.834370 -9.052700 0.151894 0.023883 -1
0 -4.291971 36.528652 -8.154389 0.160779 0.027019 -1
0 -3.667377 36.604603 -8.004360 0.162263 0.026240 -1
0 -4.742173 36.471386 -8.544339 0.156922 0.027606 -1
0 -4.897383 36.448101 -9.069728 0.151726 0.027845 -1
0 -4.715969 36.465061 -9.589762 0.146583 0.027671 -1
0 -4.246589 36.517727 -9.965108 0.142870 0.027131 -1
0 -3.614986 36.591999 -10.095195 0.141584 0.026369 -1
0 -2.990392 36.667927 -9.945171 0.143068 0.025591 -1
0 -2.540174 36.725216 -9.555221 0.146924 0.025003 -1
0 -2.384979 36.748524 -9.029833 0.152120 0.024764 -1
0 -2.566378 36.731541 -8.509802 0.157264 0.024938 -1
0 -3.035759 36.678883 -8.134449 0.160977 0.025478 -1
0 -3.101963 34.201984 -7.209295 0.170126 0.050883 -1
0 -3.322942 35.084766 -6.940082 0.172789 0.041829 -1
0 -4.183792 34.070423 -7.469168 0.167556 0.052232 -1
0 -4.572119 34.932850 -7.240136 0.169822 0.043387 -1
0 -5.472562 34.818287 -8.020041 0.162108 0.044562 -1
0 -4.963576 33.971165 -8.144574 0.160876 0.053250 -1
0 -5.232384 33.930843 -9.054564 0.151876 0.053664 -1
0 -5.782958 34.771702 -9.070811 0.151716 0.045040 -1
0 -5.420170 34.805653 -10.110878 0.141429 0.044691 -1
0 -4.918204 33.960239 -9.955291 0.142967 0.053363 -1
0 -4.105214 34.051472 -10.605426 0.136538 0.052427 -1
0 -4.481401 34.911007 -10.861577 0.134004 0.043611 -1
0 -3.218191 35.059513 -11.121754 0.131431 0.042088 -1
0 -3.011235 34.180096 -10.830733 0.134309 0.051108 -1
0 -1.929410 34.311642 -10.570875 0.136879 0.049758 -1
0 -1.968994 35.211414 -10.821684 0.134398 0.040529 -1
0 -1.068576 35.326023 -10.041803 0.142112 0.039354 -1
0 -1.149609 34.410877 -9.895465 0.143559 0.048741 -1
0 -0.880795 34.451183 -8.985488 0.152559 0.048327 -1
0 -0.758158 35.372585 -8.991033 0.152505 0.038876 -1
0 -1.120961 35.338634 -7.950953 0.162791 0.039224 -1
0 -1.194974 34.421833 -8.084750 0.161468 0.048628 -1
0 -2.007984 34.330585 -7.434623 0.167898 0.049564 -1
0 -2.059728 35.233265 -7.200266 0.170216 0.040305 -1
0 -3.529904 35.964214 -7.231081 0.169911 0.032808 -1
0 -4.611726 35.832691 -7.490947 0.167341 0.034157 -1
0 -5.391533 35.733440 -8.166361 0.160661 0.035175 -1
0 -5.660345 35.693119 -9.076343 0.151661 0.035589 -1
0 -5.346159 35.722469 -9.977080 0.142752 0.035288 -1
0 -4.533145 35.813709 -10.627200 0.136322 0.034352 -1
0 -3.439177 35.942341 -10.852523 0.134093 0.033033 -1
0 -2.357350 36.073895 -10.592659 0.136664 0.031683 -1
0 -1.577535 36.173122 -9.917254 0.143344 0.030665 -1
0 -1.308724 36.213428 -9.007274 0.152344 0.030252 -1
0 -1.622911 36.184071 -8.106540 0.161252 0.030553 -1
0 -2.435927 36.092846 -7.456411 0.167682 0.031489 -1
332
0.000000 -1.000000 0.000000
0.000000 1.000000 0.000000
0.999859 0.008826 -0.014267
0.981919 0.188329 -0.019172
0.809269 0.111902 0.576681
0.825489 0.005154 0.564394
0.402356 0.007632 0.915451
0.387628 0.149504 0.909612
0.013176 0.069276 0.997510
0.000000 0.008665 0.999962
-0.424424 0.006219 0.905442
-0.413297 0.179935 0.892641
-0.834520 0.109370 0.540013
-0.825483 0.006375 0.564392
-0.999845 0.010305 -0.014267
-0.983198 0.181531 -0.019170
-0.847946 0.009641 -0.529995
-0.825449 0.011393 -0.564362
-0.456211 0.008059 -0.889835
-0.457637 0.164529 -0.873784
0.013176 0.069377 -0.997503
0.000000 0.008816 -0.999961
0.433326 0.009723 -0.901185
0.430258 0.131433 -0.893087
0.828251 0.010392 -0.560261
0.825460 0.010172 -0.564369
-0.000000 1.000000 -0.000000
0.335516 0.913347 0.230708
0.457277 0.889324 -0.000000
0.220845 0.862458 0.455405
0.000000 0.893783 0.448499
-0.220845 0.862458 0.455405
-0.335516 0.913347 0.230708
-0.457277 0.889324 -0.000000
-0.335516 0.913347 -0.230708
-0.220845 0.862458 -0.455405
0.000000 0.893783 -0.448499
0.220845 0.862458 -0.455405
0.335516 0.913347 -0.230708
0.817991 0.575231 -0.000000
0.674276 0.570177 0.469308
0.376938 0.515601 0.769463
0.005408 0.513365 0.858153
-0.365809 0.551617 0.749602
-0.679368 0.578799 0.451056
-0.821110 0.570770 -0.000000
-0.695919 0.560468 -0.448968
-0.844639 0.230160 -0.483333
-0.365808 0.551617 -0.749602
0.005408 0.513365 -0.858153
0.376938 0.515602 -0.769463
0.690894 0.549560 -0.469732
0.807112 0.230278 -0.543637
0.568924 -0.822390 0.000000
0.568953 -0.822370 0.000000
0.472483 -0.697158 0.539194
0.460295 -0.665415 0.587666
0.250456 -0.386127 0.887794
0.272895 -0.432683 0.859252
0.000057 0.000091 1.000000
0.000001 -0.000002 1.000000
-0.271763 0.432319 0.859794
-0.272412 0.433260 0.859114
-0.463850 0.738506 0.489338
-0.463471 0.737993 0.490470
-0.531750 0.846901 -0.000000
-0.531667 0.846953 0.000000
-0.463850 0.738506 -0.489338
-0.463471 0.737994 -0.490469
-0.271763 0.432320 -0.859793
-0.272413 0.433261 -0.859114
0.000057 0.000091 -1.000000
0.000001 -0.000002 -1.000000
0.250456 -0.386127 -0.887794
0.272895 -0.432683 -0.859252
0.472483 -0.697158 -0.539194
0.460295 -0.665415 -0.587666
-0.517542 -0.681574 0.517309
-0.593869 -0.691439 0.411378
-0.760726 -0.644569 -0.076336
-0.758431 -0.648972 -0.060145
-0.707937 -0.395012 -0.585483
-0.703186 -0.386020 -0.597091
-0.544543 -0.128632 -0.828810
-0.624435 -0.258665 -0.737003
-0.205896 0.255180 -0.944717
-0.087033 0.369653 -0.925085
0.272656 0.587608 -0.761824
0.265445 0.584138 -0.767021
0.590367 0.687259 -0.423252
0.597688 0.687557 -0.412353
0.785275 0.615778 0.064505
0.782109 0.621377 0.046860
0.745920 0.343233 0.570784
0.739594 0.330597 0.586264
0.449457 -0.057309 0.891462
0.437243 -0.066795 0.896859
0.144449 -0.330798 0.932581
0.094597 -0.386643 0.917365
-0.104569 -0.492985 0.863731
0.071226 -0.363030 0.929051
-0.176473 -0.677778 -0.713774
-0.171079 -0.676711 -0.716097
0.217073 -0.579156 -0.785785
0.219563 -0.577912 -0.786009
0.628960 -0.338303 -0.699972
0.631054 -0.337379 -0.698532
0.925291 0.064436 -0.373743
0.922127 0.054873 -0.382976
0.880956 0.461369 0.105147
0.876237 0.468027 0.114713
0.564341 0.663891 0.490682
0.569294 0.662700 0.486552
0.179306 0.686313 0.704858
0.178445 0.686580 0.704816
-0.218641 0.583550 0.782090
-0.220615 0.582660 0.782200
-0.634390 0.335290 0.696513
-0.641069 0.328422 0.693664
-0.927222 -0.066799 0.368506
-0.922738 -0.053187 0.381741
-0.880163 -0.460229 -0.116201
-0.872360 -0.470792 -0.131695
-0.558617 -0.657747 -0.505288
-0.572082 -0.653858 -0.495169
-0.988751 0.149570 0.000000
-0.990073 0.140552 0.000000
-0.835427 0.137479 0.532129
-0.816829 0.131311 0.561736
-0.459416 0.089471 0.883704
-0.485523 0.099370 0.868558
-0.002682 -0.004590 0.999986
0.000001 -0.000000 1.000000
0.448478 -0.130612 0.884199
0.468513 -0.134889 0.873098
0.808730 -0.248443 0.533134
0.796026 -0.246575 0.552759
0.954244 -0.299028 0.000000
0.953265 -0.302135 0.000000
0.808730 -0.248443 -0.533133
0.796026 -0.246576 -0.552759
0.448478 -0.130612 -0.884199
0.468513 -0.134889 -0.873098
-0.002682 -0.004590 -0.999986
0.000001 -0.000000 -1.000000
-0.459416 0.089471 -0.883704
-0.485523 0.099370 -0.868558
-0.835427 0.137479 -0.532129
-0.816829 0.131311 -0.561736
0.037417 0.999300 0.000000
0.369639 0.899153 0.234287
0.492797 0.870144 0.000000
0.251594 0.851842 0.459419
0.033172 0.893033 0.448767
-0.184022 0.872502 0.452633
-0.293158 0.928375 0.228424
-0.411700 0.911319 0.000000
-0.293158 0.928375 -0.228424
-0.184022 0.872502 -0.452633
0.033172 0.893033 -0.448767
0.251594 0.851842 -0.459419
0.369639 0.899153 -0.234287
0.999815 0.019253 0.000000
0.890704 0.454585 0.000000
0.742491 0.446981 0.498914
0.825867 0.024869 0.563317
0.437829 0.039648 0.898184
0.404274 0.438620 0.802605
0.016811 0.448016 0.893868
0.002288 0.060865 0.998143
-0.432602 0.087515 0.897328
-0.366999 0.479826 0.796918
-0.696094 0.522687 0.492190
-0.818895 0.115294 0.562244
-0.991681 0.128722 0.000000
-0.838543 0.544835 0.000000
-0.696094 0.522688 -0.492190
-0.818895 0.115294 -0.562244
-0.432602 0.087515 -0.897328
-0.366999 0.479826 -0.796918
0.016811 0.448016 -0.893868
0.002288 0.060865 -0.998143
0.437828 0.039648 -0.898184
0.404274 0.438620 -0.802605
0.742491 0.446981 -0.498915
0.825867 0.024869 -0.563317
-0.844526 0.051969 -0.532987
-0.884270 0.034483 -0.465700
-0.994407 -0.104322 0.016488
-0.994332 -0.092874 -0.051758
-0.815216 -0.214235 0.538076
-0.792584 -0.220539 0.568483
-0.444499 -0.249688 0.860277
-0.463860 -0.249925 0.849924
-0.009575 -0.232516 0.972546
0.021266 -0.226775 0.973715
0.450480 -0.180891 0.874269
0.395072 -0.187515 0.899309
0.846403 -0.095734 0.523867
0.890786 -0.071150 0.448818
0.999470 0.018517 -0.026792
0.998783 -0.005825 0.048971
0.824623 0.131646 -0.550150
0.801242 0.135711 -0.582747
0.451985 0.207926 -0.867454
0.469130 0.205046 -0.858996
0.008434 0.228018 -0.973620
-0.023326 0.230621 -0.972764
-0.449430 0.176754 -0.875654
-0.394665 0.186620 -0.899673
0.025199 0.999566 0.015236
0.348924 0.901736 0.255194
0.476878 0.878392 0.031851
0.227478 0.852082 0.471392
0.009769 0.890800 0.454291
-0.208008 0.868293 0.450334
-0.310920 0.923387 0.225133
-0.421940 0.906614 -0.004276
-0.296707 0.928636 -0.222708
-0.181137 0.880168 -0.438742
0.035085 0.904320 -0.425411
0.253233 0.868061 -0.427017
0.362204 0.910249 -0.200638
0.914478 -0.403468 0.030737
0.998048 -0.048611 0.039204
0.743891 -0.388716 0.543623
0.807082 -0.050386 0.588286
0.413204 -0.037924 0.909849
0.382025 -0.351895 0.854533
-0.035685 -0.323650 0.945504
-0.029201 -0.018275 0.999407
-0.469652 0.005377 0.882835
-0.454429 -0.313902 0.833642
-0.809958 -0.316781 0.493576
-0.848324 0.030426 0.528603
-0.998048 0.048604 -0.039207
-0.948720 -0.313254 -0.042447
-0.772965 -0.294375 -0.562021
-0.807082 0.050386 -0.588286
-0.413204 0.037917 -0.909849
-0.401962 -0.280082 -0.871769
0.019899 -0.288919 -0.957147
0.029196 0.018261 -0.999407
0.469654 -0.005386 -0.882834
0.435763 -0.324074 -0.839694
0.782225 -0.373627 -0.498525
0.848326 -0.030441 -0.528598
0.808426 0.587174 0.040906
0.665934 0.566184 0.485765
0.354472 0.544482 0.760190
-0.009814 0.546687 0.837280
-0.366669 0.578328 0.728760
-0.652988 0.624843 0.427993
-0.758360 0.651492 -0.021192
-0.621499 0.635923 -0.457538
-0.320802 0.599983 -0.732875
0.038264 0.575135 -0.817163
0.398652 0.573058 -0.716018
0.695646 0.585275 -0.416570
0.325596 -0.022796 -0.945234
0.173626 -0.016999 -0.984665
-0.098964 -0.037707 -0.994376
0.027930 -0.047578 -0.998477
-0.527857 -0.037586 -0.848501
-0.630094 -0.025411 -0.776103
-0.896239 -0.025445 -0.442841
-0.812568 -0.038322 -0.581606
-0.988919 -0.010680 0.148074
-0.946401 0.009157 0.322864
-0.744009 0.003571 0.668160
-0.847735 -0.015361 0.530197
-0.324149 0.013334 0.945912
-0.174442 0.029930 0.984212
0.111532 0.019447 0.993571
-0.023007 0.002333 0.999733
0.542706 0.029820 0.839393
0.653856 0.043618 0.755361
0.900036 0.036478 0.434286
0.813899 0.024938 0.580471
0.986320 0.026696 -0.162666
0.934925 0.035341 -0.353081
0.734584 0.002431 -0.678513
0.847969 -0.004598 -0.530026
-0.120810 0.992634 -0.009055
-0.306693 0.867937 0.390673
-0.111291 0.850182 0.514591
-0.515296 0.814967 0.265138
-0.517181 0.855686 -0.018060
-0.504974 0.809328 -0.299982
-0.292835 0.861003 -0.415838
-0.093614 0.842457 -0.530568
0.082331 0.917260 -0.389686
0.269408 0.927601 -0.258798
0.258943 0.965892 0.000556
0.259957 0.929947 0.260038
0.068981 0.921847 0.381366
0.020296 -0.286985 0.957720
-0.017201 0.008076 0.999819
-0.378974 -0.393112 0.837760
-0.445410 -0.092210 0.890566
-0.819020 -0.181443 0.544320
-0.707032 -0.498546 0.501556
-0.836344 -0.547940 -0.017021
-0.974511 -0.223222 -0.022363
-0.793997 -0.189287 -0.577701
-0.685045 -0.503621 -0.526383
-0.347849 -0.404334 -0.845881
-0.411835 -0.106130 -0.905057
0.017207 -0.008088 -0.999819
0.053160 -0.302427 -0.951689
0.468312 -0.218070 -0.856230
0.445414 0.092189 -0.890566
0.819019 0.181430 -0.544326
0.836749 -0.157933 -0.524316
0.990971 -0.131740 0.024920
0.974514 0.223210 0.022360
0.793998 0.189276 0.577704
0.812875 -0.147840 0.563363
0.436073 -0.202641 0.876799
0.411834 0.106126 0.905058
-0.081231 0.552404 0.829609
-0.444944 0.494173 0.746872
-0.762607 0.461952 0.452804
-0.893013 0.449355 -0.024648
-0.742902 0.452438 -0.493352
-0.417341 0.480319 -0.771441
-0.052692 0.539365 -0.840422
0.290780 0.624215 -0.725123
0.559691 0.710367 -0.426761
0.661327 0.750008 0.011627
0.542004 0.714119 0.443019
0.264452 0.633067 0.727524
480
0 0 1 2 0 0 0 2
0 3 4 5 1 1 1 2
0 0 6 7 2 3 4 1
0 0 7 1 2 4 5 1
0 1 8 2 0 0 0 2
0 5 4 9 1 1 1 2
0 1 7 8 5 4 6 1
0 7 10 8 4 7 6 1
0 8 11 2 0 0 0 2
0 9 4 12 1 1 1 2
0 8 10 13 6 7 8 1
0 8 13 11 6 8 9 1
0 11 14 2 0 0 0 2
0 12 4 15 1 1 1 2
0 11 13 14 9 8 10 1
0 13 16 14 8 11 10 1
0 14 17 2 0 0 0 2
0 15 4 18 1 1 1 2
0 14 16 19 10 11 12 1
0 14 19 17 10 12 13 1
0 17 20 2 0 0 0 2
0 18 4 21 1 1 1 2
0 17 19 20 13 12 14 1
0 19 22 20 12 15 14 1
0 20 23 2 0 0 0 2
0 21 4 24 1 1 1 2
0 20 22 25 14 15 16 1
0 20 25 23 14 16 17 1
0 23 26 2 0 0 0 2
0 24 4 27 1 1 1 2
0 23 25 26 17 16 18 1
0 25 28 26 16 19 18 1
0 26 29 2 0 0 0 2
0 27 4 30 1 1 1 2
0 26 28 31 18 19 20 1
0 26 31 29 18 20 21 1
0 29 32 2 0 0 0 2
0 30 4 33 1 1 1 2
0 29 31 32 21 20 22 1
0 31 34 32 20 23 22 1
0 32 35 2 0 0 0 2
0 33 4 36 1 1 1 2
0 32 34 37 22 23 24 1
0 32 37 35 22 24 25 1
0 35 0 2 0 0 0 2
0 36 4 3 1 1 1 2
0 35 37 0 25 24 2 1
0 37 6 0 24 3 2 1
0 38 39 40 26 27 28 1
0 38 41 39 26 29 27 1
0 38 42 41 26 30 29 1
0 38 43 42 26 31 30 1
0 38 44 43 26 32 31 1
0 38 45 44 26 33 32 1
0 38 46 45 26 34 33 1
0 38 47 46 26 35 34 1
0 38 48 47 26 36 35 1
0 38 49 48 26 37 36 1
0 38 50 49 26 38 37 1
0 38 40 50 26 28 38 1
0 51 52 53 3 39 40 1
0 51 53 54 3 40 4 1
0 54 53 55 4 40 7 1
0 53 56 55 40 41 7 1
0 55 56 57 7 41 42 1
0 55 57 58 7 42 8 1
0 58 57 59 8 42 11 1
0 57 60 59 42 43 11 1
0 59 60 61 11 43 44 1
0 59 61 62 11 44 12 1
0 62 61 63 12 44 15 1
0 61 64 63 44 45 15 1
0 63 64 65 15 45 46 1
0 63 65 66 15 46 47 1
0 66 65 67 47 46 19 1
0 65 68 67 46 48 19 1
0 67 68 69 19 48 49 1
0 67 69 70 19 49 20 1
0 70 69 71 20 49 23 1
0 69 72 71 49 50 23 1
0 71 72 73 23 50 51 1
0 71 73 74 23 51 52 1
0 74 73 51 52 51 3 1
0 73 52 51 51 39 3 1
0 52 40 53 39 28 40 1
0 40 39 53 28 27 40 1
0 53 39 41 40 27 29 1
0 53 41 56 40 29 41 1
0 56 41 57 41 29 42 1
0 41 42 57 29 30 42 1
0 57 42 43 42 30 31 1
0 57 43 60 42 31 43 1
0 60 43 61 43 31 44 1
0 43 44 61 31 32 44 1
0 61 44 45 44 32 33 1
0 61 45 64 44 33 45 1
0 64 45 65 45 33 46 1
0 45 46 65 33 34 46 1
0 65 46 47 46 34 35 1
0 65 47 68 46 35 48 1
0 68 47 69 48 35 49 1
0 47 48 69 35 36 49 1
0 69 48 49 49 36 37 1
0 69 49 72 49 37 50 1
0 72 49 73 50 37 51 1
0 49 50 73 37 38 51 1
0 73 50 40 51 38 28 1
0 73 40 52 51 28 39 1
0 75 76 77 53 54 55 1
0 75 77 78 53 55 56 1
0 78 77 79 56 55 57 1
0 77 80 79 55 58 57 1
0 79 80 81 57 58 59 1
0 79 81 82 57 59 60 1
0 82 81 83 60 59 61 1
0 81 84 83 59 62 61 1
0 83 84 85 61 62 63 1
0 83 85 86 61 63 64 1
0 86 85 87 64 63 65 1
0 85 88 87 63 66 65 1
0 87 88 89 65 66 67 1
0 87 89 90 65 67 68 1
0 90 89 91 68 67 69 1
0 89 92 91 67 70 69 1
0 91 92 93 69 70 71 1
0 91 93 94 69 71 72 1
0 94 93 95 72 71 73 1
0 93 96 95 71 74 73 1
0 95 96 97 73 74 75 1
0 95 97 98 73 75 76 1
0 98 97 75 76 75 53 1
0 97 76 75 75 54 53 1
0 99 100 101 77 78 79 1
0 99 101 102 77 79 80 1
0 102 101 103 80 79 81 1
0 101 104 103 79 82 81 1
0 103 104 105 81 82 83 1
0 103 105 106 81 83 84 1
0 106 105 107 84 83 85 1
0 105 108 107 83 86 85 1
0 107 108 109 85 86 87 1
0 107 109 110 85 87 88 1
0 110 109 111 88 87 89 1
0 109 112 111 87 90 89 1
0 111 112 113 89 90 91 1
0 111 113 114 89 91 92 1
0 114 113 115 92 91 93 1
0 113 116 115 91 94 93 1
0 115 116 117 93 94 95 1
0 115 117 118 93 95 96 1
0 118 117 119 96 95 97 1
0 117 120 119 95 98 97 1
0 119 120 121 97 98 99 1
0 119 121 122 97 99 100 1
0 122 121 99 100 99 77 1
0 121 100 99 99 78 77 1
0 123 124 125 101 102 103 1
0 123 125 126 101 103 104 1
0 126 125 127 104 103 105 1
0 125 128 127 103 106 105 1
0 127 128 129 105 106 107 1
0 127 129 130 105 107 108 1
0 130 129 131 108 107 109 1
0 129 132 131 107 110 109 1
0 131 132 133 109 110 111 1
0 131 133 134 109 111 112 1
0 134 133 135 112 111 113 1
0 133 136 135 111 114 113 1
0 135 136 137 113 114 115 1
0 135 137 138 113 115 116 1
0 138 137 139 116 115 117 1
0 137 140 139 115 118 117 1
0 139 140 141 117 118 119 1
0 139 141 142 117 119 120 1
0 142 141 143 120 119 121 1
0 141 144 143 119 122 121 1
0 143 144 145 121 122 123 1
0 143 145 146 121 123 124 1
0 146 145 123 124 123 101 1
0 145 124 123 123 102 101 1
0 147 148 149 125 126 127 1
0 147 149 150 125 127 128 1
0 150 149 151 128 127 129 1
0 149 152 151 127 130 129 1
0 151 152 153 129 130 131 1
0 151 153 154 129 131 132 1
0 154 153 155 132 131 133 1
0 153 156 155 131 134 133 1
0 155 156 157 133 134 135 1
0 155 157 158 133 135 136 1
0 158 157 159 136 135 137 1
0 157 160 159 135 138 137 1
0 159 160 161 137 138 139 1
0 159 161 162 137 139 140 1
0 162 161 163 140 139 141 1
0 161 164 163 139 142 141 1
0 163 164 165 141 142 143 1
0 163 165 166 141 143 144 1
0 166 165 167 144 143 145 1
0 165 168 167 143 146 145 1
0 167 168 169 145 146 147 1
0 167 169 170 145 147 148 1
0 170 169 147 148 147 125 1
0 169 148 147 147 126 125 1
0 171 172 173 149 150 151 1
0 171 174 172 149 152 150 1
0 171 175 174 149 153 152 1
0 171 176 175 149 154 153 1
0 171 177 176 149 155 154 1
0 171 178 177 149 156 155 1
0 171 179 178 149 157 156 1
0 171 180 179 149 158 157 1
0 171 181 180 149 159 158 1
0 171 182 181 149 160 159 1
0 171 183 182 149 161 160 1
0 171 173 183 149 151 161 1
0 184 185 186 162 163 164 1
0 184 186 187 162 164 165 1
0 187 186 188 165 164 166 1
0 186 189 188 164 167 166 1
0 188 189 190 166 167 168 1
0 188 190 191 166 168 169 1
0 191 190 192 169 168 170 1
0 190 193 192 168 171 170 1
0 192 193 194 170 171 172 1
0 192 194 195 170 172 173 1
0 195 194 196 173 172 174 1
0 194 197 196 172 175 174 1
0 196 197 198 174 175 176 1
0 196 198 199 174 176 177 1
0 199 198 200 177 176 178 1
0 198 201 200 176 179 178 1
0 200 201 202 178 179 180 1
0 200 202 203 178 180 181 1
0 203 202 204 181 180 182 1
0 202 205 204 180 183 182 1
0 204 205 206 182 183 184 1
0 204 206 207 182 184 185 1
0 207 206 184 185 184 162 1
0 206 185 184 184 163 162 1
0 185 173 186 163 151 164 1
0 173 172 186 151 150 164 1
0 186 172 174 164 150 152 1
0 186 174 189 164 152 167 1
0 189 174 190 167 152 168 1
0 174 175 190 152 153 168 1
0 190 175 176 168 153 154 1
0 190 176 193 168 154 171 1
0 193 176 194 171 154 172 1
0 176 177 194 154 155 172 1
0 194 177 178 172 155 156 1
0 194 178 197 172 156 175 1
0 197 178 198 175 156 176 1
0 178 179 198 156 157 176 1
0 198 179 180 176 157 158 1
0 198 180 201 176 158 179 1
0 201 180 202 179 158 180 1
0 180 181 202 158 159 180 1
0 202 181 182 180 159 160 1
0 202 182 205 180 160 183 1
0 205 182 206 183 160 184 1
0 182 183 206 160 161 184 1
0 206 183 173 184 161 151 1
0 206 173 185 184 151 163 1
0 208 209 210 186 187 188 1
0 208 210 211 186 188 189 1
0 211 210 212 189 188 190 1
0 210 213 212 188 191 190 1
0 212 213 214 190 191 192 1
0 212 214 215 190 192 193 1
0 215 214 216 193 192 194 1
0 214 217 216 192 195 194 1
0 216 217 218 194 195 196 1
0 216 218 219 194 196 197 1
0 219 218 220 197 196 198 1
0 218 221 220 196 199 198 1
0 220 221 222 198 199 200 1
0 220 222 223 198 200 201 1
0 223 222 224 201 200 202 1
0 222 225 224 200 203 202 1
0 224 225 226 202 203 204 1
0 224 226 227 202 204 205 1
0 227 226 228 205 204 206 1
0 226 229 228 204 207 206 1
0 228 229 230 206 207 208 1
0 228 230 231 206 208 209 1
0 231 230 208 209 208 186 1
0 230 209 208 208 187 186 1
0 232 233 234 210 211 212 1
0 232 235 233 210 213 211 1
0 232 236 235 210 214 213 1
0 232 237 236 210 215 214 1
0 232 238 237 210 216 215 1
0 232 239 238 210 217 216 1
0 232 240 239 210 218 217 1
0 232 241 240 210 219 218 1
0 232 242 241 210 220 219 1
0 232 243 242 210 221 220 1
0 232 244 243 210 222 221 1
0 232 234 244 210 212 222 1
0 245 246 247 223 224 225 1
0 246 248 247 224 226 225 1
0 247 248 249 225 226 227 1
0 247 249 250 225 227 228 1
0 250 249 251 228 227 229 1
0 249 252 251 227 230 229 1
0 251 252 253 229 230 231 1
0 251 253 254 229 231 232 1
0 254 253 255 232 231 233 1
0 253 256 255 231 234 233 1
0 255 256 257 233 234 235 1
0 255 257 258 233 235 236 1
0 258 257 259 236 235 237 1
0 257 260 259 235 238 237 1
0 259 260 261 237 238 239 1
0 259 261 262 237 239 240 1
0 262 261 263 240 239 241 1
0 261 264 263 239 242 241 1
0 263 264 265 241 242 243 1
0 263 265 266 241 243 244 1
0 266 265 267 244 243 245 1
0 265 268 267 243 246 245 1
0 267 268 246 245 246 224 1
0 267 246 245 245 224 223 1
0 246 269 270 224 247 248 1
0 246 270 248 224 248 226 1
0 248 270 249 226 248 227 1
0 270 271 249 248 249 227 1
0 249 271 272 227 249 250 1
0 249 272 252 227 250 230 1
0 252 272 253 230 250 231 1
0 272 273 253 250 251 231 1
0 253 273 274 231 251 252 1
0 253 274 256 231 252 234 1
0 256 274 257 234 252 235 1
0 274 275 257 252 253 235 1
0 257 275 276 235 253 254 1
0 257 276 260 235 254 238 1
0 260 276 261 238 254 239 1
0 276 277 261 254 255 239 1
0 261 277 278 239 255 256 1
0 261 278 264 239 256 242 1
0 264 278 265 242 256 243 1
0 278 279 265 256 257 243 1
0 265 279 280 243 257 258 1
0 265 280 268 243 258 246 1
0 268 280 246 246 258 224 1
0 280 269 246 258 247 224 1
0 269 234 270 247 212 248 1
0 234 233 270 212 211 248 1
0 270 233 235 248 211 213 1
0 270 235 271 248 213 249 1
0 271 235 272 249 213 250 1
0 235 236 272 213 214 250 1
0 272 236 237 250 214 215 1
0 272 237 273 250 215 251 1
0 273 237 274 251 215 252 1
0 237 238 274 215 216 252 1
0 274 238 239 252 216 217 1
0 274 239 275 252 217 253 1
0 275 239 276 253 217 254 1
0 239 240 276 217 218 254 1
0 276 240 241 254 218 219 1
0 276 241 277 254 219 255 1
0 277 241 278 255 219 256 1
0 241 242 278 219 220 256 1
0 278 242 243 256 220 221 1
0 278 243 279 256 221 257 1
0 279 243 280 257 221 258 1
0 243 244 280 221 222 258 1
0 280 244 234 258 222 212 1
0 280 234 269 258 212 247 1
0 281 282 283 259 260 261 1
0 281 283 284 259 261 262 1
0 284 283 285 262 261 263 1
0 283 286 285 261 264 263 1
0 285 286 287 263 264 265 1
0 285 287 288 263 265 266 1
0 288 287 289 266 265 267 1
0 287 290 289 265 268 267 1
0 289 290 291 267 268 269 1
0 289 291 292 267 269 270 1
0 292 291 293 270 269 271 1
0 291 294 293 269 272 271 1
0 293 294 295 271 272 273 1
0 293 295 296 271 273 274 1
0 296 295 297 274 273 275 1
0 295 298 297 273 276 275 1
0 297 298 299 275 276 277 1
0 297 299 300 275 277 278 1
0 300 299 301 278 277 279 1
0 299 302 301 277 280 279 1
0 301 302 303 279 280 281 1
0 301 303 304 279 281 282 1
0 304 303 281 282 281 259 1
0 303 282 281 281 260 259 1
0 305 306 307 283 284 285 1
0 305 308 306 283 286 284 1
0 305 309 308 283 287 286 1
0 305 310 309 283 288 287 1
0 305 311 310 283 289 288 1
0 305 312 311 283 290 289 1
0 305 313 312 283 291 290 1
0 305 314 313 283 292 291 1
0 305 315 314 283 293 292 1
0 305 316 315 283 294 293 1
0 305 317 316 283 295 294 1
0 305 307 317 283 285 295 1
0 318 319 320 296 297 298 1
0 319 321 320 297 299 298 1
0 320 321 322 298 299 300 1
0 320 322 323 298 300 301 1
0 323 322 324 301 300 302 1
0 322 325 324 300 303 302 1
0 324 325 326 302 303 304 1
0 324 326 327 302 304 305 1
0 327 326 328 305 304 306 1
0 326 329 328 304 307 306 1
0 328 329 330 306 307 308 1
0 328 330 331 306 308 309 1
0 331 330 332 309 308 310 1
0 330 333 332 308 311 310 1
0 332 333 334 310 311 312 1
0 332 334 335 310 312 313 1
0 335 334 336 313 312 314 1
0 334 337 336 312 315 314 1
0 336 337 338 314 315 316 1
0 336 338 339 314 316 317 1
0 339 338 340 317 316 318 1
0 338 341 340 316 319 318 1
0 340 341 319 318 319 297 1
0 340 319 318 318 297 296 1
0 319 342 343 297 320 321 1
0 319 343 321 297 321 299 1
0 321 343 322 299 321 300 1
0 343 344 322 321 322 300 1
0 322 344 345 300 322 323 1
0 322 345 325 300 323 303 1
0 325 345 326 303 323 304 1
0 345 346 326 323 324 304 1
0 326 346 347 304 324 325 1
0 326 347 329 304 325 307 1
0 329 347 330 307 325 308 1
0 347 348 330 325 326 308 1
0 330 348 349 308 326 327 1
0 330 349 333 308 327 311 1
0 333 349 334 311 327 312 1
0 349 350 334 327 328 312 1
0 334 350 351 312 328 329 1
0 334 351 337 312 329 315 1
0 337 351 338 315 329 316 1
0 351 352 338 329 330 316 1
0 338 352 353 316 330 331 1
0 338 353 341 316 331 319 1
0 341 353 319 319 331 297 1
0 353 342 319 331 320 297 1
0 342 307 343 320 285 321 1
0 307 306 343 285 284 321 1
0 343 306 308 321 284 286 1
0 343 308 344 321 286 322 1
0 344 308 345 322 286 323 1
0 308 309 345 286 287 323 1
0 345 309 310 323 287 288 1
0 345 310 346 323 288 324 1
0 346 310 347 324 288 325 1
0 310 311 347 288 289 325 1
0 347 311 312 325 289 290 1
0 347 312 348 325 290 326 1
0 348 312 349 326 290 327 1
0 312 313 349 290 291 327 1
0 349 313 314 327 291 292 1
0 349 314 350 327 292 328 1
0 350 314 351 328 292 329 1
0 314 315 351 292 293 329 1
0 351 315 316 329 293 294 1
0 351 316 352 329 294 330 1
0 352 316 353 330 294 331 1
0 316 317 353 294 295 331 1
0 353 317 307 331 295 285 1
0 353 307 342 331 285 320 1

Materials: 1
"Material01"
0.800000 0.800000 0.800000 1.000000
0.800000 0.800000 0.800000 1.000000
0.000000 0.000000 0.000000 1.000000
0.000000 0.000000 0.000000 1.000000
0.000000
1.000000
".\objs1.bmp"
""

Bones: 0
GroupComments: 0
MaterialComments: 0
BoneComments: 0
ModelComment: 0
