// MilkShape 3D ASCII

Frames: 30
Frame: 1

Meshes: 1
"cow" 0 0
421
1 0.000000 5.853327 3.279759 0.373290 0.335150 -1
1 2.852361 6.104358 3.279759 0.516022 0.335150 -1
1 2.712757 6.104358 5.646070 0.509036 0.280968 -1
1 0.000000 15.405258 2.544465 0.232997 0.247347 -1
1 1.866941 15.070019 5.248519 0.207124 0.296723 -1
1 1.963018 15.070019 3.279759 0.226970 0.296959 -1
1 2.307609 6.354357 7.442458 0.488763 0.239836 -1
1 1.588115 15.070019 6.686272 0.192487 0.291362 -1
1 1.676576 6.604357 9.068082 0.457186 0.202614 -1
1 1.153833 15.070019 7.827279 0.180724 0.281812 -1
1 0.881428 6.854356 10.783387 0.417396 0.163338 -1
1 0.606606 15.070019 8.559850 0.172985 0.269007 -1
1 0.000000 6.854356 11.098777 0.373290 0.156117 -1
1 0.000000 15.070019 8.812277 0.170029 0.254201 -1
1 -0.881428 6.854356 10.783387 0.329183 0.163338 -1
1 -0.606606 15.070019 8.559850 0.172145 0.238842 -1
1 -1.676576 6.604357 9.068082 0.289394 0.202614 -1
1 -1.153833 15.070019 7.827279 0.179126 0.224435 -1
1 -2.307609 6.354357 7.442458 0.257817 0.239836 -1
1 -1.588115 15.070019 6.686272 0.190288 0.212390 -1
1 -2.712757 6.104358 5.646070 0.237543 0.280968 -1
1 -1.866941 15.070019 5.248519 0.204540 0.203885 -1
1 -2.852361 6.104358 3.279759 0.230558 0.335150 -1
1 -1.963018 15.070019 3.279759 0.224252 0.199344 -1
1 -2.712757 6.104358 0.538447 0.237543 0.397918 -1
1 -1.866941 15.070019 0.935998 0.247865 0.199170 -1
1 -2.307609 6.104358 -1.257941 0.257817 0.439050 -1
1 -1.588115 15.070019 -0.501754 0.262502 0.204530 -1
1 -1.307335 6.637515 -2.683563 0.307870 0.471692 -1
1 -1.153833 15.070019 -1.642760 0.274265 0.214081 -1
1 -0.687307 6.637515 -3.598870 0.338897 0.492650 -1
1 -0.606606 15.070019 -2.375331 0.282004 0.226886 -1
1 0.000000 6.637515 -3.914259 0.373290 0.499872 -1
1 0.000000 14.550991 -2.627757 0.284960 0.241692 -1
1 0.687307 6.637515 -3.598870 0.407683 0.492650 -1
1 0.606606 15.070019 -2.375331 0.282844 0.257051 -1
1 1.307335 6.637515 -2.683563 0.438709 0.471692 -1
1 1.153833 15.070019 -1.642760 0.275863 0.271458 -1
1 2.307609 6.104358 -1.257941 0.488763 0.439050 -1
1 1.588115 15.070019 -0.501754 0.264701 0.283503 -1
1 2.712757 6.104358 0.538447 0.509036 0.397918 -1
1 1.866941 15.070019 0.935998 0.250450 0.292008 -1
1 2.852361 6.104358 3.279759 0.426697 0.466462 -1
1 4.171166 8.393476 3.279759 0.426697 0.386126 -1
1 3.967015 8.393476 6.464482 0.322648 0.386126 -1
1 2.712757 6.104358 5.646070 0.349387 0.466462 -1
1 2.307609 6.354357 7.442458 0.290696 0.457689 -1
1 3.374544 8.393476 8.999173 0.239836 0.386126 -1
1 2.886631 8.393476 11.010712 0.174117 0.386126 -1
1 2.307609 6.354357 7.442458 0.100000 0.833333 -1
1 2.886631 8.393476 11.010712 0.150000 0.666667 -1
1 1.676576 6.604357 9.068082 0.150000 0.833333 -1
1 1.676576 6.604357 9.068082 0.461593 0.463476 -1
1 2.886631 8.393476 11.010712 0.432728 0.375697 -1
1 0.881428 6.854356 10.783387 0.480561 0.451211 -1
1 1.517591 8.393476 12.302199 0.465385 0.375697 -1
1 0.000000 8.393476 12.747212 0.501587 0.375697 -1
1 0.000000 6.854356 11.098777 0.501587 0.451211 -1
1 -0.881428 6.854356 10.783387 0.522614 0.451211 -1
1 -1.517591 8.393476 12.302199 0.537789 0.375697 -1
1 -2.886631 8.393476 11.010712 0.570447 0.375697 -1
1 -1.676576 6.604357 9.068082 0.541582 0.463476 -1
1 -1.676576 6.604357 9.068082 0.350000 0.833333 -1
1 -2.886631 8.393476 11.010712 0.350000 0.666667 -1
1 -2.307609 6.354357 7.442458 0.400000 0.833333 -1
1 -2.886631 8.393476 11.010712 0.171089 0.392085 -1
1 -3.374544 8.393476 8.999173 0.234111 0.392085 -1
1 -2.307609 6.354357 7.442458 0.282883 0.463622 -1
1 -3.967015 8.393476 6.464482 0.313524 0.392085 -1
1 -2.712757 6.104358 5.646070 0.339165 0.472392 -1
1 -2.852361 6.104358 3.279759 0.413302 0.472392 -1
1 -4.171166 8.393476 3.279759 0.413302 0.392085 -1
1 -3.967015 8.393476 -0.279965 0.524830 0.392085 -1
1 -2.712757 6.104358 0.538447 0.499189 0.472392 -1
1 -2.307609 6.104358 -1.257941 0.555470 0.472392 -1
1 -2.631351 8.657991 -2.814655 0.604242 0.382806 -1
1 -2.250894 8.657991 -4.826194 0.667265 0.382806 -1
1 -1.307335 6.637515 -2.683563 0.600135 0.453688 -1
1 -0.687307 6.637515 -3.598870 0.628812 0.453688 -1
1 -1.403988 9.312073 -6.458112 0.718393 0.359860 -1
1 -0.687307 6.637515 -3.598870 0.477440 0.421994 -1
1 -1.403988 9.312073 -6.458112 0.428613 0.361236 -1
1 0.000000 9.312073 -6.801192 0.524266 0.361236 -1
1 0.000000 6.637515 -3.914259 0.524266 0.421994 -1
1 0.687307 6.637515 -3.598870 0.571092 0.421994 -1
1 1.403988 9.312073 -6.458112 0.619920 0.361236 -1
1 0.687307 6.637515 -3.598870 0.651430 0.447751 -1
1 1.403988 9.312073 -6.458112 0.744846 0.353888 -1
1 2.250894 8.657991 -4.826194 0.691529 0.376843 -1
1 1.307335 6.637515 -2.683563 0.621526 0.447751 -1
1 2.307609 6.104358 -1.257941 0.574949 0.466462 -1
1 2.631351 8.657991 -2.814655 0.625809 0.376843 -1
1 3.967015 8.393476 -0.279965 0.542998 0.386126 -1
1 2.712757 6.104358 0.538447 0.516259 0.466462 -1
1 4.816448 11.518473 3.279759 0.426697 0.276454 -1
1 4.580713 11.518473 6.899149 0.308447 0.276454 -1
1 3.972120 12.530033 9.221747 0.232565 0.240953 -1
1 3.397805 13.562462 12.402888 0.128633 0.204720 -1
1 2.886631 8.393476 11.010712 0.284689 0.350537 -1
1 3.397805 13.562462 12.402888 0.296756 0.247340 -1
1 1.752364 11.518473 14.039958 0.257911 0.288147 -1
1 1.517591 8.393476 12.302199 0.252369 0.350537 -1
1 0.000000 8.393476 12.747212 0.216542 0.350537 -1
1 0.000000 11.518473 13.653825 0.216542 0.288147 -1
1 -1.752364 11.518473 14.039958 0.175173 0.288147 -1
1 -1.517591 8.393476 12.302199 0.180715 0.350537 -1
1 -2.886631 8.393476 11.010712 0.148395 0.350537 -1
1 -3.397805 13.562462 12.402888 0.136328 0.247340 -1
1 -3.397805 13.562462 12.402888 0.127472 0.210748 -1
1 -3.972120 12.530033 9.221747 0.227137 0.246968 -1
1 -4.580713 11.518473 6.899149 0.299905 0.282455 -1
1 -4.816448 11.518473 3.279759 0.413302 0.282455 -1
1 -4.580713 11.518473 -0.714631 0.538448 0.282455 -1
1 -3.038423 11.416245 -3.641435 0.630146 0.286042 -1
1 -2.599108 11.416245 -5.964166 0.702918 0.286042 -1
1 -1.621185 12.130529 -7.489450 0.750705 0.260983 -1
1 -1.621185 12.130529 -7.489450 0.413816 0.297208 -1
1 0.000000 13.161175 -9.212258 0.524266 0.273795 -1
1 1.621185 12.130529 -7.489450 0.634717 0.297208 -1
1 1.621185 12.130529 -7.489450 0.778541 0.254974 -1
1 2.599108 11.416245 -5.964166 0.728708 0.280042 -1
1 3.038423 11.416245 -3.641435 0.652821 0.280042 -1
1 4.580713 11.518473 -0.714631 0.557198 0.276454 -1
1 3.354443 14.865690 3.279759 0.426697 0.158983 -1
1 2.731567 14.643469 6.774015 0.312535 0.166782 -1
1 2.713801 14.643469 9.587941 0.220601 0.166782 -1
1 2.774586 15.143469 12.097943 0.141200 0.159652 -1
1 2.774586 15.143469 12.097943 0.282044 0.215775 -1
1 1.458687 15.476803 12.663238 0.250978 0.209120 -1
1 0.000000 15.476803 13.128366 0.216542 0.209120 -1
1 -1.458687 15.476803 12.663238 0.182106 0.209120 -1
1 -2.774586 15.143469 12.097943 0.151040 0.215775 -1
1 -2.774586 15.143469 12.097943 0.137025 0.155284 -1
1 -2.713801 14.643469 9.587941 0.215664 0.172825 -1
1 -2.731567 14.643469 6.774015 0.303826 0.172825 -1
1 -3.354443 14.865690 3.279759 0.413302 0.165029 -1
1 -3.190264 14.643469 -0.589498 0.534528 0.172825 -1
1 -2.116127 14.174500 -3.403422 0.622689 0.189277 -1
1 -1.704422 14.874500 -4.936563 0.670723 0.164720 -1
1 -1.063128 15.734699 -6.663976 0.724843 0.134543 -1
1 -1.063128 15.734699 -6.663976 0.451836 0.215332 -1
1 0.000000 15.734699 -7.044852 0.524266 0.215332 -1
1 1.063128 15.734699 -6.663976 0.596697 0.215332 -1
1 1.063128 15.734699 -6.663976 0.751571 0.128486 -1
1 1.704422 14.874500 -4.936563 0.695135 0.158674 -1
1 2.116127 14.174500 -3.403422 0.645045 0.183241 -1
1 3.190264 14.643469 -0.589498 0.553111 0.166782 -1
1 3.354443 14.865690 3.279759 0.227933 0.331556 -1
1 2.731567 14.643469 6.774015 0.192397 0.319889 -1
1 2.713801 14.643469 9.587941 0.164115 0.322524 -1
1 2.774586 15.143469 12.097943 0.138941 0.326780 -1
1 1.458687 15.476803 12.663238 0.132351 0.294680 -1
1 0.000000 15.476803 13.128366 0.126668 0.258920 -1
1 -1.458687 15.476803 12.663238 0.130331 0.222143 -1
1 -2.774586 15.143469 12.097943 0.135100 0.188807 -1
1 -2.713801 14.643469 9.587941 0.160358 0.187574 -1
1 -2.731567 14.643469 6.774015 0.188616 0.184055 -1
1 -3.354443 14.865690 3.279759 0.223289 0.164748 -1
1 -3.190264 14.643469 -0.589498 0.262275 0.164599 -1
1 -2.116127 14.174500 -3.403422 0.291288 0.188230 -1
1 -1.704422 14.874500 -4.936563 0.306976 0.196790 -1
1 -1.063128 15.734699 -6.663976 0.324774 0.210846 -1
1 0.000000 15.734699 -7.044852 0.329336 0.236863 -1
1 1.063128 15.734699 -6.663976 0.326245 0.263712 -1
1 1.704422 14.874500 -4.936563 0.309335 0.281546 -1
1 2.116127 14.174500 -3.403422 0.294217 0.293459 -1
1 3.190264 14.643469 -0.589498 0.266691 0.323243 -1
1 0.028251 10.431400 -6.725920 0.000000 0.000000 -1
1 0.028249 14.741680 -5.966044 0.000000 0.000000 -1
1 -1.549721 13.422594 -6.426677 0.000000 0.000000 -1
1 -0.038429 13.098625 -14.461301 0.678420 0.380779 -1
1 -0.038429 12.276199 -12.842679 0.678420 0.302477 -1
1 -0.939332 12.801662 -12.842683 0.658419 0.302477 -1
1 -0.608768 13.370480 -14.489034 0.665758 0.382121 -1
1 -0.038429 12.276199 -12.842679 0.287325 0.386010 -1
1 0.021619 11.746454 -11.910523 0.323376 0.399985 -1
1 -0.939332 12.801662 -12.842683 0.287325 0.372148 -1
1 -0.966868 12.447563 -11.910523 0.323376 0.381489 -1
1 0.028254 11.407001 -10.467433 0.379187 0.408940 -1
1 -1.549721 12.114100 -10.300759 0.385633 0.390286 -1
1 0.028251 10.431400 -6.725920 0.523889 0.434677 -1
1 -1.549721 13.422594 -6.426677 0.535462 0.355767 -1
1 -1.549721 13.422594 -6.426677 0.179957 0.250132 -1
1 0.028249 14.741680 -5.966044 0.217209 0.223797 -1
1 -2.203341 14.465990 -6.635015 0.164526 0.229301 -1
1 -0.608768 13.370480 -14.489034 0.251493 0.393574 -1
1 -0.939332 12.801662 -12.842683 0.354055 0.408777 -1
1 -0.845012 14.026772 -14.555963 0.244543 0.364969 -1
1 -1.312500 14.070265 -12.842675 0.348485 0.352703 -1
1 -1.666664 14.070267 -11.910527 0.323376 0.338681 -1
1 -0.939332 12.801662 -12.842683 0.362846 0.395585 -1
1 -1.666664 14.070267 -11.910527 0.398897 0.362118 -1
1 -1.312500 14.070265 -12.842675 0.362846 0.362118 -1
1 -2.203341 14.115828 -10.467433 0.379187 0.337479 -1
1 -2.203341 14.465990 -6.635015 0.527405 0.328241 -1
1 -1.187006 16.853117 -7.608716 0.188519 0.181642 -1
1 -0.939332 15.338867 -12.842683 0.342915 0.296628 -1
1 -0.608768 14.683062 -14.622907 0.237593 0.336364 -1
1 -1.666664 14.070267 -11.910527 0.405141 0.347075 -1
1 -1.666664 14.070267 -11.910527 0.394520 0.380391 -1
1 -1.172187 15.701450 -11.910523 0.394521 0.368305 -1
1 -0.939332 15.338867 -12.842683 0.326438 0.370991 -1
1 -1.666664 14.070267 -11.910527 0.711963 0.709072 -1
1 -2.203341 14.115828 -10.467433 0.969345 0.702303 -1
1 -1.549722 16.325891 -10.467433 0.969345 0.373905 -1
1 -1.172187 15.701450 -11.910523 0.711963 0.466692 -1
1 -1.549722 16.325891 -10.467433 0.379187 0.279176 -1
1 -1.187006 16.853117 -7.608716 0.489747 0.265267 -1
1 0.028250 17.533230 -7.421535 0.217209 0.168064 -1
1 -0.608768 14.683062 -14.622907 0.478379 0.226760 -1
1 -0.939332 15.338867 -12.842683 0.461334 0.255715 -1
1 -0.038431 14.954922 -14.650628 0.507788 0.226310 -1
1 -0.038429 15.864336 -12.842675 0.507788 0.255715 -1
1 -1.172187 15.701450 -11.910523 0.449328 0.270876 -1
1 0.021621 16.377111 -11.910527 0.510884 0.270876 -1
1 -1.549722 16.325891 -10.467433 0.429861 0.294348 -1
1 0.028251 16.616329 -10.467425 0.511226 0.294348 -1
1 -1.187006 16.853117 -7.608716 0.448564 0.340843 -1
1 0.028250 17.533230 -7.421535 0.511226 0.343888 -1
1 1.243505 16.853117 -7.608712 0.245898 0.181642 -1
1 0.862485 15.338867 -12.842675 0.549033 0.253111 -1
1 0.531924 14.683062 -14.622895 0.529385 0.231969 -1
1 1.215425 15.701450 -11.910520 0.572440 0.270876 -1
1 1.606218 16.325891 -10.467433 0.563945 0.289139 -1
1 1.243505 16.853117 -7.608712 0.573888 0.340844 -1
1 2.259840 14.465990 -6.635015 0.269892 0.229301 -1
1 0.531924 14.683062 -14.622895 0.480465 0.268320 -1
1 0.862485 15.338867 -12.842675 0.463166 0.328742 -1
1 0.768165 14.026772 -14.555966 0.463397 0.259708 -1
1 1.235651 14.070265 -12.842675 0.432580 0.308463 -1
1 0.862485 15.338867 -12.842675 0.326438 0.370991 -1
1 1.215425 15.701450 -11.910520 0.394521 0.368305 -1
1 1.709908 14.070267 -11.910531 0.394520 0.380391 -1
1 1.235651 14.070265 -12.842675 0.326438 0.380391 -1
1 1.215425 15.701450 -11.910520 0.711963 0.466692 -1
1 1.606218 16.325891 -10.467433 0.969345 0.373905 -1
1 1.709908 14.070267 -11.910531 0.711962 0.709072 -1
1 2.259844 14.115828 -10.467437 0.969344 0.702303 -1
1 1.606218 16.325891 -10.467433 0.367418 0.288678 -1
1 1.243505 16.853117 -7.608712 0.463636 0.273426 -1
1 2.259840 14.465990 -6.635015 0.496408 0.342481 -1
1 2.259844 14.115828 -10.467437 0.367418 0.352610 -1
1 1.606222 13.422594 -6.426675 0.254461 0.250132 -1
1 0.862485 12.801662 -12.842675 0.401995 0.288184 -1
1 0.531924 13.370480 -14.489022 0.446329 0.251094 -1
1 1.235651 14.070265 -12.842675 0.287473 0.353928 -1
1 1.709908 14.070267 -11.910531 0.318847 0.353928 -1
1 0.862485 12.801662 -12.842675 0.287473 0.390626 -1
1 1.010105 12.447563 -11.910520 0.318847 0.400869 -1
1 1.606219 12.114100 -10.300759 0.373028 0.410515 -1
1 1.606222 13.422594 -6.426675 0.503420 0.372664 -1
1 1.606222 13.422594 -6.426675 0.000000 0.000000 -1
1 0.531924 13.370480 -14.489022 0.691083 0.382120 -1
1 0.862485 12.801662 -12.842675 0.698422 0.302477 -1
1 0.021619 11.746454 -11.910523 0.318847 0.421150 -1
1 -0.038429 12.276199 -12.842679 0.287473 0.405826 -1
1 0.028254 11.407001 -10.467433 0.367418 0.430970 -1
1 0.028251 10.431400 -6.725920 0.493348 0.459192 -1
1 -0.038461 13.993811 -15.250764 0.198157 0.271794 -1
1 0.290665 14.381615 -15.102723 0.221672 0.247529 -1
1 0.426993 14.002428 -15.064511 0.231412 0.271255 -1
1 -0.038461 14.538668 -15.118566 0.198157 0.237701 -1
1 -0.367588 14.381615 -15.102727 0.174643 0.247529 -1
1 -0.503918 14.002428 -15.064511 0.164903 0.271255 -1
1 -0.367588 13.623253 -15.026299 0.174643 0.294980 -1
1 -0.038461 13.466175 -15.010468 0.198157 0.304809 -1
1 0.290665 13.623253 -15.026299 0.221672 0.294980 -1
1 0.767730 14.025940 -14.555669 0.255756 0.269783 -1
1 0.531602 14.682699 -14.621854 0.238886 0.228689 -1
1 -0.038461 14.954752 -14.649278 0.198157 0.211666 -1
1 -0.608525 14.682699 -14.621854 0.157429 0.228689 -1
1 -0.844652 14.025940 -14.555669 0.140559 0.269783 -1
1 -0.608525 13.369158 -14.489461 0.157429 0.310880 -1
1 -0.038461 13.097109 -14.462060 0.198157 0.327902 -1
1 0.531601 13.369158 -14.489461 0.238886 0.310880 -1
1 -2.912709 8.543671 10.886458 0.643790 0.184339 -1
1 -2.650061 0.015934 8.861950 0.559558 0.412418 -1
1 -1.900731 8.543671 10.731431 0.637339 0.184339 -1
1 -2.245225 0.003537 8.818801 0.557763 0.412749 -1
1 -2.046369 8.365841 8.274306 0.535109 0.189095 -1
1 -2.087291 0.002400 7.783115 0.514672 0.412780 -1
1 -2.046369 8.365841 8.274306 0.589719 0.393135 -1
1 -2.087291 0.002400 7.783115 0.588962 0.467834 -1
1 -3.347820 8.365841 8.429334 0.565653 0.393135 -1
1 -3.388742 0.014797 7.826263 0.564896 0.467723 -1
1 -3.347820 8.365841 8.429334 0.541559 0.189095 -1
1 -3.388742 0.014797 7.826263 0.516467 0.412448 -1
1 -0.052251 4.008545 8.302605 0.028799 0.028743 -1
1 1.250841 4.526050 8.234982 0.032147 0.028834 -1
1 0.869174 4.689566 9.652253 0.031167 0.026927 -1
1 -0.052251 4.757302 10.239306 0.028799 0.026137 -1
1 -0.973676 4.689566 9.652253 0.026432 0.026927 -1
1 -1.355342 4.526050 8.234982 0.025451 0.028834 -1
1 -0.973676 4.362531 6.817715 0.026432 0.030741 -1
1 -0.052251 4.294799 6.230661 0.028799 0.031530 -1
1 0.869174 4.362531 6.817715 0.031167 0.030741 -1
1 2.204771 5.939896 8.050239 0.034598 0.029082 -1
1 1.543705 6.223120 10.505025 0.032900 0.025780 -1
1 -0.052251 6.340433 11.521825 0.028799 0.024412 -1
1 -1.648206 6.223120 10.505025 0.024699 0.025780 -1
1 -2.309270 5.939896 8.050239 0.023000 0.029082 -1
1 -1.648206 5.656675 5.595455 0.024699 0.032385 -1
1 -0.052251 5.539358 4.578651 0.028799 0.033753 -1
1 1.543705 5.656675 5.595455 0.032900 0.032385 -1
1 2.553933 7.871243 7.797869 0.035495 0.029422 -1
1 1.790599 8.198278 10.632415 0.033534 0.025608 -1
1 -0.052251 8.333740 11.806517 0.028799 0.024029 -1
1 -1.895101 8.198278 10.632415 0.024064 0.025608 -1
1 -2.658432 7.871243 7.797869 0.022103 0.029422 -1
1 -1.895101 7.544208 4.963332 0.024064 0.033235 -1
1 -0.052251 7.408742 3.789228 0.028799 0.034815 -1
1 1.790599 7.544208 4.963332 0.033534 0.033235 -1
1 1.900731 8.543671 10.731431 0.637339 0.184339 -1
1 2.650061 0.015934 8.861950 0.559558 0.412418 -1
1 2.912709 8.543671 10.886458 0.643790 0.184339 -1
1 2.245225 0.003537 8.818801 0.557763 0.412749 -1
1 2.046369 8.365841 8.274306 0.535109 0.189095 -1
1 2.087291 0.002400 7.783115 0.514672 0.412780 -1
1 3.347820 8.365841 8.429334 0.689467 0.393135 -1
1 2.087291 0.002400 7.783115 0.666158 0.467834 -1
1 2.046369 8.365841 8.274306 0.665401 0.393135 -1
1 3.388742 0.014797 7.826263 0.690224 0.467723 -1
1 3.388742 0.014797 7.826263 0.516467 0.412448 -1
1 3.347820 8.365841 8.429334 0.541559 0.189095 -1
1 -1.900731 8.761173 -2.719268 0.145418 0.181730 -1
1 -2.650061 0.014043 -1.763026 0.182238 0.482880 -1
1 -2.912709 8.780066 -2.873138 0.139494 0.181079 -1
1 -2.245225 0.001646 -1.719877 0.183900 0.483307 -1
1 -2.046369 8.285219 -0.302124 0.238490 0.198116 -1
1 -2.087291 0.000509 -0.684193 0.223779 0.483346 -1
1 -3.347820 8.304113 -0.455997 0.565653 0.393687 -1
1 -2.087291 0.000509 -0.684193 0.588962 0.467851 -1
1 -2.046369 8.285219 -0.302124 0.589719 0.393855 -1
1 -3.388742 0.012905 -0.727341 0.564896 0.467741 -1
1 -3.388742 0.012905 -0.727341 0.222117 0.482919 -1
1 -3.347820 8.304113 -0.455997 0.232565 0.197466 -1
1 2.912709 8.780066 -2.873138 0.139494 0.181079 -1
1 2.650061 0.014043 -1.763026 0.182238 0.482880 -1
1 1.900731 8.761173 -2.719268 0.145418 0.181730 -1
1 2.245225 0.001646 -1.719877 0.183900 0.483307 -1
1 2.046369 8.285219 -0.302124 0.238490 0.198116 -1
1 2.087291 0.000509 -0.684193 0.223779 0.483346 -1
1 2.046369 8.285219 -0.302124 0.665401 0.393855 -1
1 2.087291 0.000509 -0.684193 0.666158 0.467851 -1
1 3.347820 8.304113 -0.455997 0.689467 0.393687 -1
1 3.388742 0.012905 -0.727341 0.690224 0.467741 -1
1 3.347820 8.304113 -0.455997 0.232565 0.197466 -1
1 3.388742 0.012905 -0.727341 0.222117 0.482919 -1
1 1.578642 16.417519 -8.785914 0.424013 0.286027 -1
1 3.677426 15.847502 -9.507772 0.399718 0.302517 -1
1 1.527663 16.366554 -9.007813 0.416545 0.287502 -1
1 3.626415 15.796537 -9.729676 0.392250 0.303991 -1
1 1.527663 16.366554 -9.007813 0.635238 0.234495 -1
1 3.626415 15.796537 -9.729676 0.690138 0.249685 -1
1 1.969864 14.411116 -8.194570 0.646805 0.286602 -1
1 3.518101 14.875633 -9.505542 0.687305 0.274224 -1
1 1.969864 14.411116 -8.194570 0.443917 0.344068 -1
1 3.518101 14.875633 -9.505542 0.399793 0.330631 -1
1 2.020839 14.462059 -7.972689 0.451386 0.342595 -1
1 3.569087 14.926590 -9.283669 0.407261 0.329157 -1
1 2.020839 14.462059 -7.972689 0.000000 0.000000 -1
1 1.578642 16.417519 -8.785914 0.000000 1.000000 -1
1 1.969864 14.411116 -8.194570 1.000000 0.000000 -1
1 1.527663 16.366554 -9.007813 1.000000 1.000000 -1
1 -1.797925 16.278824 -8.955723 0.437652 0.280417 -1
1 -4.004178 16.019690 -8.501661 0.455212 0.287254 -1
1 -1.734571 16.231230 -8.736269 0.446140 0.281673 -1
1 -4.067508 16.067282 -8.721127 0.446725 0.285998 -1
1 -2.228003 14.162899 -8.819488 0.403184 0.389861 -1
1 -4.067508 16.067282 -8.721127 0.324774 0.316446 -1
1 -1.797925 16.278824 -8.955723 0.421517 0.308291 -1
1 -4.062974 15.137936 -8.936364 0.324967 0.352273 -1
1 -2.164662 14.115299 -8.600078 0.451407 0.337493 -1
1 -4.062974 15.137936 -8.936364 0.438401 0.310515 -1
1 -2.228003 14.162899 -8.819488 0.442921 0.336237 -1
1 -3.999640 15.090349 -8.716935 0.446887 0.311770 -1
1 -2.228003 14.162899 -8.819488 1.000000 0.000000 -1
1 -1.734571 16.231230 -8.736269 0.000000 1.000000 -1
1 -2.164662 14.115299 -8.600078 0.000000 0.000000 -1
1 -1.797925 16.278824 -8.955723 1.000000 1.000000 -1
1 -0.592883 16.931292 -7.501522 0.230195 0.171304 -1
1 -2.249374 17.910351 -8.125220 0.225289 0.175556 -1
1 -0.978275 16.592484 -7.478718 0.229054 0.171149 -1
1 -1.224998 16.325287 -7.750216 0.228323 0.172999 -1
1 -1.188517 16.286255 -8.156976 0.228431 0.175772 -1
1 -0.890227 16.498222 -8.460711 0.229315 0.177843 -1
1 -0.504838 16.837021 -8.483512 0.230456 0.177998 -1
1 -0.258108 17.104210 -8.212023 0.231187 0.176147 -1
1 -0.294594 17.143253 -7.805259 0.231079 0.173375 -1
1 0.978275 16.592484 -7.478718 0.234849 0.171149 -1
1 2.249374 17.910351 -8.125220 0.238614 0.175556 -1
1 0.592883 16.931292 -7.501522 0.233708 0.171304 -1
1 1.224998 16.325287 -7.750216 0.235580 0.172999 -1
1 1.188517 16.286255 -8.156976 0.235472 0.175772 -1
1 0.890227 16.498222 -8.460711 0.234588 0.177843 -1
1 0.504838 16.837021 -8.483512 0.233447 0.177998 -1
1 0.258108 17.104210 -8.212023 0.232716 0.176147 -1
1 0.294594 17.143253 -7.805259 0.232824 0.173375 -1
1 -0.388418 13.575874 13.882570 0.349527 0.346098 -1
1 -0.196953 8.113132 15.114426 0.356521 0.414741 -1
1 0.355129 13.575874 13.882570 0.376688 0.346098 -1
1 0.196953 8.113132 15.114426 0.370910 0.414741 -1
1 0.325239 15.292166 13.170657 0.375596 0.324532 -1
1 0.196953 8.039501 14.885157 0.370910 0.415667 -1
1 -0.325239 15.292166 13.170657 0.351836 0.324532 -1
1 -0.196953 8.039501 14.885157 0.356521 0.415667 -1
1 -0.196953 8.113132 15.114426 0.000000 0.000000 -1
1 -0.196953 8.039501 14.885157 0.000000 1.000000 -1
1 0.196953 8.113132 15.114426 1.000000 0.000000 -1
1 0.196953 8.039501 14.885157 1.000000 1.000000 -1
1 -0.697441 7.794082 15.237082 0.338240 0.418751 -1
1 0.004224 6.211657 15.170854 0.363870 0.438635 -1
1 0.026082 8.174568 15.202780 0.364668 0.413969 -1
1 0.727741 7.810758 15.246887 0.390299 0.418541 -1
1 0.026082 8.828613 14.814735 0.364668 0.405751 -1
1 0.727741 7.610522 14.897532 0.390299 0.421057 -1
1 -0.697441 7.754739 14.887729 0.338240 0.419245 -1
1 0.004224 6.170873 15.010983 0.363870 0.439147 -1
1 0.004224 6.170873 15.010983 0.000000 1.000000 -1
1 0.004224 6.211657 15.170854 1.000000 1.000000 -1
1 -0.697441 7.794082 15.237082 1.000000 0.000000 -1
430
-0.000000 -0.999913 0.013186
0.087669 -0.996150 0.000354
0.032002 -0.997097 0.069090
-0.000000 0.999955 -0.009488
0.267507 0.963066 0.030714
0.223705 0.974639 0.005837
-0.029497 -0.990331 0.135550
0.275310 0.961340 -0.005454
-0.028071 -0.990227 0.136612
0.033284 0.999297 0.017279
0.012182 -0.991331 0.130819
0.032210 0.998731 -0.038704
0.000000 -0.991904 0.126988
0.000000 0.999795 -0.020247
-0.012182 -0.991331 0.130819
-0.032210 0.998731 -0.038704
0.028071 -0.990227 0.136612
-0.033284 0.999297 0.017279
0.029497 -0.990331 0.135550
-0.275310 0.961340 -0.005454
-0.032002 -0.997097 0.069090
-0.267507 0.963066 0.030714
-0.087669 -0.996150 0.000354
-0.223705 0.974639 0.005837
-0.081406 -0.996624 -0.010706
-0.218292 0.975575 -0.024519
0.089184 -0.990965 -0.100175
-0.305573 0.949387 -0.072724
0.054152 -0.988406 -0.141849
-0.092845 0.994503 -0.048407
-0.097150 -0.989910 -0.103146
0.119215 0.991405 0.053887
0.000000 -0.994111 -0.108364
0.000000 0.999173 0.040659
0.097150 -0.989910 -0.103146
-0.119215 0.991405 0.053887
-0.054152 -0.988406 -0.141849
0.092845 0.994503 -0.048407
-0.089184 -0.990965 -0.100175
0.305573 0.949387 -0.072724
0.081406 -0.996624 -0.010706
0.218292 0.975575 -0.024519
0.868086 -0.496403 0.003195
0.934766 -0.355249 0.003146
0.916738 -0.366726 0.158439
0.842120 -0.516671 0.154549
0.804046 -0.555166 0.212841
0.904660 -0.367664 0.215439
0.928401 -0.297931 0.222055
0.569254 -0.750214 0.336346
0.541525 -0.758925 0.361640
0.515071 -0.735948 0.439412
0.371331 -0.740684 0.559911
0.343421 -0.727764 0.593651
0.000000 -0.736700 0.676220
0.000000 -0.730927 0.682456
-0.371331 -0.740684 0.559911
-0.343421 -0.727764 0.593651
-0.515071 -0.735948 0.439412
-0.541525 -0.758925 0.361640
-0.569254 -0.750214 0.336346
-0.928401 -0.297931 0.222055
-0.904660 -0.367664 0.215439
-0.804046 -0.555166 0.212841
-0.916738 -0.366726 0.158439
-0.842120 -0.516671 0.154549
-0.868086 -0.496403 0.003195
-0.934766 -0.355249 0.003146
-0.904604 -0.359843 -0.228483
-0.852937 -0.508905 -0.116249
-0.785330 -0.500631 -0.364177
-0.903958 -0.273261 -0.328919
-0.785005 -0.452045 -0.423583
-0.486892 -0.732286 -0.476123
-0.539234 -0.700896 -0.466874
-0.674469 -0.494509 -0.548227
-0.229208 -0.722320 -0.652471
-0.196476 -0.561176 -0.804039
-0.000000 -0.607062 -0.794654
0.000000 -0.733574 -0.679609
0.229208 -0.722320 -0.652471
0.196476 -0.561176 -0.804039
0.539234 -0.700896 -0.466874
0.674469 -0.494509 -0.548227
0.785005 -0.452045 -0.423583
0.486892 -0.732286 -0.476123
0.785330 -0.500631 -0.364177
0.903958 -0.273261 -0.328919
0.904604 -0.359843 -0.228483
0.852937 -0.508905 -0.116249
0.992608 0.119973 0.018328
0.979058 0.160620 0.125084
0.977933 0.165482 0.127525
0.983502 0.113784 0.140631
0.726815 -0.323503 0.605876
0.667759 0.056887 0.742201
0.347320 -0.040364 0.936878
0.445305 -0.460471 0.767900
0.000000 -0.391905 0.920006
0.000000 -0.075270 0.997163
-0.347320 -0.040364 0.936878
-0.445305 -0.460471 0.767900
-0.726815 -0.323503 0.605876
-0.667759 0.056887 0.742201
-0.983502 0.113784 0.140631
-0.977933 0.165482 0.127525
-0.979058 0.160620 0.125084
-0.992608 0.119973 0.018328
-0.958448 0.095455 -0.268823
-0.947387 0.056689 -0.315032
-0.930101 0.024934 -0.366457
-0.881499 -0.014945 -0.471950
-0.511476 -0.041208 -0.858309
0.000000 -0.044662 -0.999002
0.511476 -0.041208 -0.858309
0.881499 -0.014945 -0.471950
0.930101 0.024934 -0.366456
0.947387 0.056689 -0.315032
0.958448 0.095455 -0.268823
0.914615 0.399487 0.062369
0.873394 0.482936 0.062891
0.853114 0.518290 -0.059759
0.891120 0.452028 -0.039705
0.434165 0.327209 0.839306
0.365222 0.329866 0.870518
0.000000 0.240350 0.970686
-0.365222 0.329866 0.870518
-0.434165 0.327209 0.839306
-0.891120 0.452028 -0.039705
-0.853114 0.518290 -0.059759
-0.873394 0.482936 0.062891
-0.914615 0.399487 0.062369
-0.891727 0.384007 -0.239504
-0.912387 0.326396 -0.247013
-0.927590 0.292383 -0.232571
-0.946574 0.203805 -0.249923
-0.325786 0.258716 -0.909356
0.000000 0.431490 -0.902117
0.325786 0.258716 -0.909356
0.946574 0.203805 -0.249923
0.927590 0.292383 -0.232571
0.912387 0.326396 -0.247013
0.891727 0.384007 -0.239504
0.145278 0.989308 0.012841
0.314861 0.948086 0.044675
0.527357 0.845846 -0.080245
0.219089 0.972176 -0.082908
0.079841 0.990182 -0.114740
0.000000 0.995647 -0.093205
-0.079841 0.990182 -0.114740
-0.219089 0.972176 -0.082908
-0.527357 0.845846 -0.080245
-0.314861 0.948086 0.044675
-0.145278 0.989308 0.012841
-0.233916 0.967766 -0.093343
-0.599114 0.789274 -0.134568
-0.438192 0.898503 0.026079
-0.275375 0.945127 0.175795
-0.000000 0.980813 0.194949
0.275375 0.945127 0.175795
0.438192 0.898503 0.026079
0.599114 0.789274 -0.134568
0.233916 0.967766 -0.093343
-0.000001 -0.173616 0.984813
-0.140928 -0.171884 0.974985
-0.000001 -0.904559 -0.426348
-0.000001 -0.891519 -0.452983
-0.423755 -0.819328 -0.386177
-0.385122 -0.845664 -0.369505
-0.457989 -0.785222 -0.416739
-0.494593 -0.806581 -0.323736
-0.664705 -0.678061 -0.313689
-0.738077 -0.595443 -0.317317
-0.418175 -0.881893 -0.217702
-0.780586 -0.605913 -0.153477
-0.688289 -0.724482 -0.037200
-0.858380 -0.486039 0.164163
-0.288329 0.010562 0.957473
-0.000000 0.328792 0.944402
-0.306106 0.246582 0.919509
-0.887673 -0.350045 -0.299174
-0.909865 -0.312165 -0.273309
-0.958555 -0.013432 -0.284589
-0.951754 0.091182 -0.293002
-0.885448 -0.359545 -0.294466
-0.901346 -0.265135 -0.342460
-0.986307 -0.120638 -0.112448
-0.997828 -0.032062 0.057550
-0.337184 0.449486 0.827205
-0.913999 0.279362 -0.294217
-0.912060 0.299775 -0.279790
-0.901345 0.265135 -0.342461
-0.902731 0.273655 -0.331948
-0.898235 0.268962 -0.347611
-0.900644 0.266363 -0.343353
-0.895798 0.271553 -0.351859
-0.938407 0.345449 0.007604
-0.913157 0.405534 0.041070
-0.000001 0.462324 0.886711
-0.412805 0.827139 -0.381357
-0.445887 0.800187 -0.401106
-0.000002 0.900967 -0.433887
-0.003221 0.884979 -0.465620
-0.443476 0.783564 -0.435151
-0.003228 0.912317 -0.409471
-0.323546 0.911302 -0.254652
-0.000012 0.974038 -0.226386
-0.473948 0.874720 -0.101188
0.000000 0.978291 -0.207238
0.337183 0.449486 0.827206
0.440528 0.790879 -0.424789
0.412800 0.827141 -0.381357
0.437459 0.772927 -0.459580
0.323377 0.911007 -0.255918
0.473948 0.874720 -0.101188
0.306106 0.246583 0.919509
0.912060 0.299775 -0.279789
0.919405 0.286195 -0.269793
0.958556 -0.013432 -0.284588
0.964735 -0.000498 -0.263224
0.863270 0.257822 -0.433927
0.864367 0.262031 -0.429196
0.862137 0.253603 -0.438639
0.893183 0.270766 -0.359041
0.895637 0.268188 -0.354836
0.898065 0.265603 -0.350621
0.938406 0.345450 0.007603
0.913157 0.405534 0.041069
0.997828 -0.032061 0.057549
0.986007 -0.120630 -0.115062
0.288329 0.010564 0.957473
0.909866 -0.312166 -0.273308
0.887674 -0.350045 -0.299172
0.862138 -0.253603 -0.438639
0.872174 -0.330003 -0.361125
0.715702 -0.565963 -0.409214
0.725089 -0.585316 -0.362838
0.780157 -0.605734 -0.156338
0.858380 -0.486039 0.164162
0.140927 -0.171884 0.974985
0.385120 -0.845664 -0.369505
0.423753 -0.819329 -0.386177
0.488863 -0.797544 -0.353463
0.446385 -0.765330 -0.463693
0.418169 -0.881445 -0.219519
0.688290 -0.724481 -0.037200
0.000002 -0.096980 -0.995286
0.458423 0.325767 -0.826876
0.702397 -0.069387 -0.708395
0.000003 0.595392 -0.803436
-0.458421 0.325767 -0.826877
-0.702398 -0.069389 -0.708394
-0.444405 -0.469172 -0.763139
0.000000 -0.710570 -0.703627
0.444406 -0.469172 -0.763139
0.830866 -0.053358 -0.553909
0.615463 0.491517 -0.616130
-0.000000 0.748248 -0.663419
-0.615463 0.491519 -0.616128
-0.830868 -0.053357 -0.553906
-0.598146 -0.586540 -0.546070
0.000000 -0.829626 -0.558319
0.598146 -0.586539 -0.546071
0.147573 -0.224149 0.963317
0.122155 -0.222764 0.967189
0.096657 -0.221232 0.970419
0.997987 -0.027454 -0.057165
0.998678 -0.020685 0.047049
0.988477 -0.013690 0.150750
-0.118078 0.058795 -0.991262
-0.075292 0.065533 -0.995006
-0.032363 0.072147 -0.996869
-0.984553 -0.007807 0.174911
-0.919030 -0.086679 0.384539
-0.803458 -0.160831 0.573226
-0.028332 -0.999372 0.021305
-0.018937 -0.999766 0.010475
-0.009537 -0.999954 -0.000357
0.000000 -0.993348 0.115153
0.704117 -0.705368 0.081704
0.469022 -0.780013 0.414243
0.000000 -0.759252 0.650797
-0.469023 -0.780013 0.414243
-0.704117 -0.705367 0.081704
-0.465630 -0.856673 -0.222038
0.000000 -0.892040 -0.451956
0.465630 -0.856673 -0.222038
0.926979 -0.372608 0.043282
0.734923 -0.365343 0.571325
0.000000 -0.408835 0.912608
-0.734923 -0.365343 0.571325
-0.926979 -0.372607 0.043282
-0.730805 -0.497395 -0.467464
0.000000 -0.622519 -0.782605
0.730805 -0.497395 -0.467464
0.984307 -0.175284 0.020397
0.791443 -0.137345 0.595613
0.000000 -0.141389 0.989954
-0.791443 -0.137345 0.595613
-0.984307 -0.175284 0.020397
-0.789021 -0.285405 -0.544050
0.000000 -0.389025 -0.921227
0.789020 -0.285405 -0.544050
-0.122155 -0.222764 0.967189
-0.147573 -0.224149 0.963317
-0.096657 -0.221232 0.970419
-0.998678 -0.020685 0.047049
-0.997987 -0.027454 -0.057165
-0.988477 -0.013690 0.150750
0.075292 0.065533 -0.995006
0.118078 0.058795 -0.991262
0.032363 0.072147 -0.996869
0.919030 -0.086679 0.384539
0.984553 -0.007807 0.174911
0.803458 -0.160831 0.573226
0.018937 -0.999766 0.010475
0.028332 -0.999372 0.021305
0.009537 -0.999954 -0.000357
0.124420 -0.118355 -0.985146
0.147048 -0.119931 -0.981832
0.101727 -0.116717 -0.987942
0.998685 -0.015617 -0.048833
0.998012 -0.033134 0.053608
0.988570 0.002069 -0.150747
-0.075754 -0.038882 0.996368
-0.117941 -0.045166 0.991993
-0.033427 -0.032526 0.998912
-0.921187 -0.044593 -0.386556
-0.984488 0.010591 -0.175133
-0.810213 -0.097469 -0.577975
-0.018936 -0.999766 -0.010475
-0.028331 -0.999372 -0.021304
-0.009537 -0.999954 0.000356
-0.147048 -0.119931 -0.981832
-0.124420 -0.118355 -0.985146
-0.101727 -0.116717 -0.987942
-0.998012 -0.033134 0.053608
-0.998685 -0.015617 -0.048833
-0.988570 0.002069 -0.150747
0.117941 -0.045166 0.991993
0.075754 -0.038882 0.996368
0.033427 -0.032526 0.998912
0.984488 0.010591 -0.175133
0.921187 -0.044593 -0.386556
0.810213 -0.097469 -0.577975
0.028331 -0.999372 -0.021304
0.018936 -0.999766 -0.010475
0.009537 -0.999954 0.000356
0.169793 0.951247 -0.257485
0.169791 0.951246 -0.257493
0.169788 0.951244 -0.257502
-0.395680 -0.427518 -0.812814
-0.518374 -0.276738 -0.809138
-0.621473 -0.115498 -0.774875
0.379532 -0.916922 0.123329
0.379547 -0.916914 0.123344
0.379561 -0.916906 0.123360
0.506673 0.426234 0.749404
0.440979 0.307179 0.843314
0.363244 0.179736 0.914193
-0.962109 -0.114691 0.247370
-0.962109 -0.114691 0.247371
-0.962108 -0.114691 0.247373
0.969487 -0.159380 -0.186260
0.969496 -0.159363 -0.186226
0.969506 -0.159346 -0.186192
-0.066741 0.970940 0.229827
-0.066739 0.970938 0.229839
-0.066744 0.970943 0.229814
0.041156 0.091144 -0.994987
-0.098664 -0.043955 -0.994150
0.179419 0.222798 -0.958212
-0.465628 -0.883134 -0.057147
-0.465624 -0.883134 -0.057171
-0.465632 -0.883133 -0.057124
0.047788 -0.078002 0.995807
-0.026534 0.069579 0.997223
0.120806 -0.223454 0.967199
0.926673 -0.208489 -0.312746
0.926672 -0.208489 -0.312750
0.926674 -0.208490 -0.312741
-0.962417 -0.065730 0.263500
-0.962425 -0.065730 0.263471
-0.962410 -0.065729 0.263529
-0.008940 0.526455 0.850156
-0.714274 0.691950 -0.104969
-0.424070 0.034921 0.904956
-0.806327 -0.423391 0.413009
-0.757768 -0.486469 -0.434897
-0.360828 -0.127808 -0.923833
0.034117 0.365907 -0.930026
0.317204 0.832452 -0.454319
0.296186 0.894474 0.334949
0.424070 0.034921 0.904956
0.714274 0.691950 -0.104969
0.008940 0.526455 0.850156
0.806327 -0.423391 0.413009
0.757768 -0.486469 -0.434897
0.360828 -0.127808 -0.923833
-0.034117 0.365907 -0.930026
-0.317204 0.832452 -0.454319
-0.296186 0.894474 0.334949
0.000000 0.219978 0.975505
0.000000 0.219978 0.975505
0.968051 -0.081506 -0.237139
0.991920 -0.049368 -0.116869
0.999851 -0.016438 0.005279
0.000000 -0.230055 -0.973178
-0.952854 -0.085665 -0.291084
-0.988052 -0.059887 -0.142010
-0.999411 -0.032663 0.010490
0.000000 0.383144 0.923689
0.000000 -0.952104 0.305775
0.056197 -0.016862 0.998277
-0.007266 -0.016181 0.999843
-0.070700 -0.015435 0.997378
0.205989 0.499309 0.841581
0.682166 0.628737 0.373283
0.842637 0.467185 -0.267771
0.000000 -0.067815 -0.997698
-0.000520 -0.072930 -0.997337
-0.001040 -0.078042 -0.996949
-0.914661 -0.401682 0.045236
-0.907609 -0.406787 0.103774
-0.829672 0.554745 -0.062473
-0.626703 0.627132 0.462545
-0.221885 0.497533 0.838587
0.904090 -0.414081 0.105635
0.891517 -0.418334 0.173763
0.874650 -0.420572 0.241054
440
1 0 1 2 0 1 2 1
1 3 4 5 3 4 5 1
1 0 2 6 0 2 6 1
1 3 7 4 3 7 4 1
1 0 6 8 0 6 8 1
1 3 9 7 3 9 7 1
1 0 8 10 0 8 10 1
1 3 11 9 3 11 9 1
1 0 10 12 0 10 12 1
1 3 13 11 3 13 11 1
1 0 12 14 0 12 14 1
1 3 15 13 3 15 13 1
1 0 14 16 0 14 16 1
1 3 17 15 3 17 15 1
1 0 16 18 0 16 18 1
1 3 19 17 3 19 17 1
1 0 18 20 0 18 20 1
1 3 21 19 3 21 19 1
1 0 20 22 0 20 22 1
1 3 23 21 3 23 21 1
1 0 22 24 0 22 24 1
1 3 25 23 3 25 23 1
1 0 24 26 0 24 26 1
1 3 27 25 3 27 25 1
1 0 26 28 0 26 28 1
1 3 29 27 3 29 27 1
1 0 28 30 0 28 30 1
1 3 31 29 3 31 29 1
1 0 30 32 0 30 32 1
1 3 33 31 3 33 31 1
1 0 32 34 0 32 34 1
1 3 35 33 3 35 33 1
1 0 34 36 0 34 36 1
1 3 37 35 3 37 35 1
1 0 36 38 0 36 38 1
1 3 39 37 3 39 37 1
1 0 38 40 0 38 40 1
1 3 41 39 3 41 39 1
1 0 40 1 0 40 1 1
1 3 5 41 3 5 41 1
1 42 43 44 42 43 44 1
1 42 44 45 42 44 45 1
1 45 44 46 45 44 46 1
1 44 47 46 44 47 46 1
1 46 47 48 46 47 48 1
1 49 50 51 49 49 49 1
1 52 53 54 50 51 52 1
1 53 55 54 51 53 52 1
1 54 55 56 52 53 54 1
1 54 56 57 52 54 55 1
1 57 56 58 55 54 56 1
1 56 59 58 54 57 56 1
1 58 59 60 56 57 58 1
1 58 60 61 56 58 59 1
1 62 63 64 60 60 60 1
1 65 66 67 61 62 63 1
1 67 66 68 63 62 64 1
1 67 68 69 63 64 65 1
1 69 68 70 65 64 66 1
1 68 71 70 64 67 66 1
1 70 71 72 66 67 68 1
1 70 72 73 66 68 69 1
1 73 72 74 69 68 70 1
1 72 75 74 68 71 70 1
1 74 75 76 70 71 72 1
1 74 76 77 70 72 73 1
1 77 76 78 73 72 74 1
1 76 79 78 72 75 74 1
1 80 81 82 76 77 78 1
1 80 82 83 76 78 79 1
1 83 82 84 79 78 80 1
1 82 85 84 78 81 80 1
1 86 87 88 82 83 84 1
1 86 88 89 82 84 85 1
1 89 88 90 85 84 86 1
1 88 91 90 84 87 86 1
1 90 91 92 86 87 88 1
1 90 92 93 86 88 89 1
1 93 92 42 89 88 42 1
1 92 43 42 88 43 42 1
1 43 94 44 43 90 44 1
1 94 95 44 90 91 44 1
1 44 95 96 44 91 92 1
1 44 96 47 44 92 47 1
1 47 96 48 47 92 48 1
1 96 97 48 92 93 48 1
1 98 99 100 94 95 96 1
1 98 100 101 94 96 97 1
1 101 100 102 97 96 98 1
1 100 103 102 96 99 98 1
1 102 103 104 98 99 100 1
1 102 104 105 98 100 101 1
1 105 104 106 101 100 102 1
1 104 107 106 100 103 102 1
1 65 108 109 61 104 105 1
1 65 109 66 61 105 62 1
1 66 109 68 62 105 64 1
1 109 110 68 105 106 64 1
1 68 110 111 64 106 107 1
1 68 111 71 64 107 67 1
1 71 111 72 67 107 68 1
1 111 112 72 107 108 68 1
1 72 112 113 68 108 109 1
1 72 113 75 68 109 71 1
1 75 113 76 71 109 72 1
1 113 114 76 109 110 72 1
1 76 114 115 72 110 111 1
1 76 115 79 72 111 75 1
1 81 116 82 77 112 78 1
1 116 117 82 112 113 78 1
1 82 117 118 78 113 114 1
1 82 118 85 78 114 81 1
1 87 119 88 83 115 84 1
1 119 120 88 115 116 84 1
1 88 120 121 84 116 117 1
1 88 121 91 84 117 87 1
1 91 121 92 87 117 88 1
1 121 122 92 117 118 88 1
1 92 122 94 88 118 90 1
1 92 94 43 88 90 43 1
1 94 123 124 90 119 120 1
1 94 124 95 90 120 91 1
1 95 124 96 91 120 92 1
1 124 125 96 120 121 92 1
1 96 125 126 92 121 122 1
1 96 126 97 92 122 93 1
1 99 127 100 95 123 96 1
1 127 128 100 123 124 96 1
1 100 128 129 96 124 125 1
1 100 129 103 96 125 99 1
1 103 129 104 99 125 100 1
1 129 130 104 125 126 100 1
1 104 130 131 100 126 127 1
1 104 131 107 100 127 103 1
1 108 132 109 104 128 105 1
1 132 133 109 128 129 105 1
1 109 133 134 105 129 130 1
1 109 134 110 105 130 106 1
1 110 134 111 106 130 107 1
1 134 135 111 130 131 107 1
1 111 135 136 107 131 132 1
1 111 136 112 107 132 108 1
1 112 136 113 108 132 109 1
1 136 137 113 132 133 109 1
1 113 137 138 109 133 134 1
1 113 138 114 109 134 110 1
1 114 138 115 110 134 111 1
1 138 139 115 134 135 111 1
1 116 140 141 112 136 137 1
1 116 141 117 112 137 113 1
1 117 141 118 113 137 114 1
1 141 142 118 137 138 114 1
1 119 143 144 115 139 140 1
1 119 144 120 115 140 116 1
1 120 144 121 116 140 117 1
1 144 145 121 140 141 117 1
1 121 145 146 117 141 142 1
1 121 146 122 117 142 118 1
1 122 146 94 118 142 90 1
1 146 123 94 142 119 90 1
1 147 5 148 143 5 144 1
1 5 4 148 5 4 144 1
1 148 4 7 144 4 7 1
1 148 7 149 144 7 145 1
1 149 7 150 145 7 146 1
1 7 9 150 7 9 146 1
1 150 9 11 146 9 11 1
1 150 11 151 146 11 147 1
1 151 11 152 147 11 148 1
1 11 13 152 11 13 148 1
1 152 13 15 148 13 15 1
1 152 15 153 148 15 149 1
1 153 15 154 149 15 150 1
1 15 17 154 15 17 150 1
1 154 17 19 150 17 19 1
1 154 19 155 150 19 151 1
1 155 19 156 151 19 152 1
1 19 21 156 19 21 152 1
1 156 21 23 152 21 23 1
1 156 23 157 152 23 153 1
1 157 23 158 153 23 154 1
1 23 25 158 23 25 154 1
1 158 25 27 154 25 27 1
1 158 27 159 154 27 155 1
1 159 27 160 155 27 156 1
1 27 29 160 27 29 156 1
1 160 29 31 156 29 31 1
1 160 31 161 156 31 157 1
1 161 31 162 157 31 158 1
1 31 33 162 31 33 158 1
1 162 33 35 158 33 35 1
1 162 35 163 158 35 159 1
1 163 35 164 159 35 160 1
1 35 37 164 35 37 160 1
1 164 37 39 160 37 39 1
1 164 39 165 160 39 161 1
1 165 39 166 161 39 162 1
1 39 41 166 39 41 162 1
1 166 41 5 162 41 5 1
1 166 5 147 162 5 143 1
1 167 168 169 163 163 164 2
1 170 171 172 165 166 167 1
1 170 172 173 165 167 168 1
1 174 175 176 169 170 171 1
1 175 177 176 170 172 171 1
1 175 178 179 170 173 174 1
1 175 179 177 170 174 172 1
1 178 180 179 173 175 174 1
1 180 181 179 175 176 174 1
1 182 183 184 177 178 179 2
1 185 186 187 180 181 182 1
1 186 188 187 181 183 182 1
1 176 177 189 171 172 184 1
1 190 191 192 185 185 185 1
1 177 179 189 172 174 184 1
1 179 193 189 174 186 184 1
1 179 181 194 174 176 187 1
1 179 194 193 174 187 186 1
1 184 183 195 179 178 188 2
1 187 188 196 182 183 189 1
1 187 196 197 182 189 190 1
1 188 198 196 183 191 189 1
1 199 200 201 192 192 192 1
1 202 203 204 193 194 193 1
1 202 204 205 193 193 195 1
1 193 194 206 186 187 196 1
1 194 207 206 187 197 196 1
1 195 183 208 188 178 198 2
1 209 210 211 199 200 201 1
1 210 212 211 200 202 201 1
1 210 213 214 200 203 204 1
1 210 214 212 200 204 202 1
1 213 215 214 203 205 204 1
1 215 216 214 205 206 204 1
1 215 217 218 205 207 208 1
1 215 218 216 205 208 206 1
1 208 183 219 198 178 209 2
1 211 212 220 201 202 210 1
1 211 220 221 201 210 211 1
1 212 214 220 202 204 210 1
1 214 222 220 204 212 210 1
1 214 216 223 204 206 213 1
1 214 223 222 204 213 212 1
1 216 218 223 206 208 213 1
1 218 224 223 208 214 213 1
1 219 183 225 209 178 215 2
1 226 227 228 216 217 218 1
1 227 229 228 217 219 218 1
1 230 231 232 220 221 220 1
1 230 232 233 220 220 222 1
1 234 235 236 223 224 224 1
1 235 237 236 224 225 224 1
1 238 239 240 226 227 228 1
1 238 240 241 226 228 229 1
1 225 183 242 215 178 230 2
1 228 229 243 218 219 231 1
1 228 243 244 218 231 232 1
1 245 246 247 233 234 235 1
1 246 248 247 234 236 235 1
1 246 241 249 234 229 237 1
1 246 249 248 234 237 236 1
1 241 240 249 229 228 237 1
1 240 250 249 228 238 237 1
1 251 168 167 239 163 163 2
1 252 253 170 240 241 165 1
1 253 171 170 241 166 165 1
1 247 248 254 235 236 242 1
1 247 254 255 235 242 243 1
1 248 249 254 236 237 242 1
1 249 256 254 237 244 242 1
1 249 250 257 237 238 245 1
1 249 257 256 237 245 244 1
1 258 259 260 246 247 248 1
1 258 261 259 246 249 247 1
1 258 262 261 246 250 249 1
1 258 263 262 246 251 250 1
1 258 264 263 246 252 251 1
1 258 265 264 246 253 252 1
1 258 266 265 246 254 253 1
1 258 260 266 246 248 254 1
1 267 260 268 255 248 256 1
1 260 259 268 248 247 256 1
1 268 259 261 256 247 249 1
1 268 261 269 256 249 257 1
1 269 261 270 257 249 258 1
1 261 262 270 249 250 258 1
1 270 262 263 258 250 251 1
1 270 263 271 258 251 259 1
1 271 263 272 259 251 260 1
1 263 264 272 251 252 260 1
1 272 264 265 260 252 253 1
1 272 265 273 260 253 261 1
1 273 265 274 261 253 262 1
1 265 266 274 253 254 262 1
1 274 266 260 262 254 248 1
1 274 260 267 262 248 255 1
1 275 276 277 263 264 264 1
1 276 278 277 264 265 264 1
1 277 278 279 266 267 267 2
1 278 280 279 267 268 267 2
1 281 282 283 269 270 270 1
1 282 284 283 270 271 270 1
1 285 286 275 272 273 273 2
1 286 276 275 273 274 273 2
1 276 286 278 275 276 276 3
1 286 280 278 276 277 276 3
1 287 288 289 278 279 280 1
1 287 289 290 278 280 281 1
1 287 290 291 278 281 282 1
1 287 291 292 278 282 283 1
1 287 292 293 278 283 284 1
1 287 293 294 278 284 285 1
1 287 294 295 278 285 286 1
1 287 295 288 278 286 279 1
1 288 296 297 279 287 288 1
1 288 297 289 279 288 280 1
1 289 297 290 280 288 281 1
1 297 298 290 288 289 281 1
1 290 298 299 281 289 290 1
1 290 299 291 281 290 282 1
1 291 299 292 282 290 283 1
1 299 300 292 290 291 283 1
1 292 300 301 283 291 292 1
1 292 301 293 283 292 284 1
1 293 301 294 284 292 285 1
1 301 302 294 292 293 285 1
1 294 302 303 285 293 294 1
1 294 303 295 285 294 286 1
1 295 303 288 286 294 279 1
1 303 296 288 294 287 279 1
1 296 304 297 287 295 288 1
1 304 305 297 295 296 288 1
1 297 305 306 288 296 297 1
1 297 306 298 288 297 289 1
1 298 306 299 289 297 290 1
1 306 307 299 297 298 290 1
1 299 307 308 290 298 299 1
1 299 308 300 290 299 291 1
1 300 308 301 291 299 292 1
1 308 309 301 299 300 292 1
1 301 309 310 292 300 301 1
1 301 310 302 292 301 293 1
1 302 310 303 293 301 294 1
1 310 311 303 301 302 294 1
1 303 311 304 294 302 295 1
1 303 304 296 294 295 287 1
1 312 313 314 303 303 304 1
1 312 315 313 303 305 303 1
1 316 315 312 306 306 307 2
1 316 317 315 306 308 306 2
1 318 319 320 309 309 310 1
1 318 321 319 309 311 309 1
1 314 322 323 312 312 313 2
1 314 313 322 312 314 312 2
1 315 322 313 315 315 316 3
1 315 317 322 315 317 315 3
1 324 325 326 318 318 319 1
1 324 327 325 318 320 318 1
1 328 327 324 321 321 322 2
1 328 329 327 321 323 321 2
1 330 331 332 324 324 325 1
1 330 333 331 324 326 324 1
1 326 334 335 327 327 328 2
1 326 325 334 327 329 327 2
1 327 334 325 330 330 331 3
1 327 329 334 330 332 330 3
1 336 337 338 333 334 334 1
1 337 339 338 334 335 334 1
1 338 339 340 336 337 337 2
1 339 341 340 337 338 337 2
1 342 343 344 339 340 340 1
1 343 345 344 340 341 340 1
1 346 347 336 342 343 343 2
1 347 337 336 343 344 343 2
1 337 347 339 345 346 346 3
1 347 341 339 346 347 346 3
1 348 349 350 348 349 349 1
1 349 351 350 349 350 349 1
1 352 353 354 351 352 352 2
1 353 355 354 352 353 352 2
1 356 357 358 354 355 355 1
1 357 359 358 355 356 355 1
1 358 359 348 357 358 358 2
1 359 349 348 358 359 358 2
1 360 361 362 360 361 361 3
1 361 363 362 361 362 361 3
1 349 359 351 363 364 364 3
1 359 357 351 364 365 364 3
1 364 365 366 366 366 367 1
1 364 367 365 366 368 366 1
1 368 369 370 369 369 370 2
1 368 371 369 369 371 369 2
1 372 373 374 372 372 373 1
1 372 375 373 372 374 372 1
1 366 375 372 375 375 376 2
1 366 365 375 375 377 375 2
1 376 377 378 378 378 379 3
1 376 379 377 378 380 378 3
1 367 375 365 381 381 382 3
1 367 373 375 381 383 381 3
1 380 381 382 384 385 386 2
1 382 381 383 386 385 387 2
1 383 381 384 387 385 388 2
1 384 381 385 388 385 389 2
1 385 381 386 389 385 390 2
1 386 381 387 390 385 391 2
1 387 381 388 391 385 392 2
1 388 381 380 392 385 384 2
1 389 390 391 393 394 395 2
1 392 390 389 396 394 393 2
1 393 390 392 397 394 396 2
1 394 390 393 398 394 397 2
1 395 390 394 399 394 398 2
1 396 390 395 400 394 399 2
1 397 390 396 401 394 400 2
1 391 390 397 395 394 401 2
1 398 399 400 402 402 402 1
1 399 401 400 402 403 402 1
1 400 401 402 404 405 405 2
1 401 403 402 405 406 405 2
1 402 403 404 407 407 407 1
1 403 405 404 407 407 407 1
1 404 405 398 408 409 409 2
1 405 399 398 409 410 409 2
1 404 398 402 411 411 411 3
1 398 400 402 411 411 411 3
1 406 407 408 412 412 412 3
1 407 409 408 412 412 412 3
1 410 411 412 413 414 414 1
1 411 413 412 414 415 414 1
1 412 413 414 416 417 417 2
1 413 415 414 417 418 417 2
1 414 415 416 419 420 420 1
1 415 417 416 420 421 420 1
1 416 417 410 422 422 422 2
1 418 419 420 423 423 423 2
1 416 410 414 424 425 425 3
1 410 412 414 425 426 425 3
1 411 417 413 427 428 428 3
1 417 415 413 428 429 428 3

Materials: 1
"cowmat"
0.800000 0.800000 0.800000 1.000000
0.800000 0.800000 0.800000 1.000000
0.000000 0.000000 0.000000 1.000000
0.000000 0.000000 0.000000 1.000000
0.000000
1.000000
".\cowmat.bmp"
""

Bones: 0
GroupComments: 0
MaterialComments: 0
BoneComments: 0
ModelComment: 0
