// MilkShape 3D ASCII

Frames: 30
Frame: 1

Meshes: 3
"top" 0 0
25
0 -2.500000 9.860410 -0.000000 0.580144 0.631250 -1
0 -2.222222 9.245740 2.222222 0.585475 0.675020 -1
0 -0.000000 9.860410 2.500000 0.628125 0.680492 -1
0 0.000000 10.650701 0.000000 0.628125 0.631250 -1
0 0.000000 9.860410 -2.500000 0.628125 0.582008 -1
0 -2.222222 9.245740 -2.222222 0.585475 0.587480 -1
0 2.500000 9.860410 0.000000 0.676106 0.631250 -1
0 2.222222 9.245740 -2.222222 0.670775 0.587480 -1
0 2.222222 9.245740 2.222222 0.670775 0.675020 -1
0 -3.750000 7.489540 3.750000 0.556153 0.705113 -1
0 -5.000000 7.489540 -0.000000 0.532162 0.631250 -1
0 -6.187305 5.204310 -0.000000 0.509375 0.631250 -1
0 -4.640478 5.204310 4.640697 0.539063 0.722656 -1
0 -3.750000 7.489540 -3.750000 0.556153 0.557387 -1
0 -4.640478 5.204310 -4.640697 0.539063 0.539844 -1
0 0.000000 7.489540 -5.000000 0.628125 0.532767 -1
0 0.000000 5.204310 -6.187595 0.628125 0.509375 -1
0 3.750000 7.489540 -3.750000 0.700097 0.557387 -1
0 4.640478 5.204310 -4.640697 0.717187 0.539844 -1
0 5.000000 7.489540 0.000000 0.724088 0.631250 -1
0 6.187305 5.204310 0.000000 0.746875 0.631250 -1
0 3.750000 7.489540 3.750000 0.700097 0.705113 -1
0 4.640478 5.204310 4.640697 0.717187 0.722656 -1
0 -0.000000 7.489540 5.000000 0.628125 0.729733 -1
0 -0.000000 5.204310 6.187595 0.628125 0.753125 -1
25
-0.487182 0.873300 0.000000
-0.395736 0.828725 0.395736
-0.000000 0.873300 0.487182
0.000000 1.000000 0.000000
-0.000000 0.873300 -0.487182
-0.395736 0.828725 -0.395736
0.487182 0.873300 -0.000000
0.395736 0.828725 -0.395736
0.395736 0.828725 0.395736
-0.545847 0.635699 0.545837
-0.797953 0.602719 -0.000000
-0.887373 0.461051 -0.000000
-0.619293 0.482685 0.619267
-0.545847 0.635699 -0.545837
-0.619293 0.482685 -0.619267
0.000000 0.602759 -0.797924
0.000000 0.461122 -0.887336
0.545847 0.635699 -0.545837
0.619293 0.482685 -0.619267
0.797953 0.602719 0.000000
0.887373 0.461051 0.000000
0.545847 0.635699 0.545837
0.619293 0.482685 0.619267
-0.000000 0.602759 0.797924
-0.000000 0.461122 0.887336
40
0 0 1 2 0 1 2 1
0 0 2 3 0 2 3 1
0 4 5 0 4 5 0 1
0 4 0 3 4 0 3 1
0 6 7 4 6 7 4 1
0 6 4 3 6 4 3 1
0 2 8 6 2 8 6 1
0 2 6 3 2 6 3 1
0 9 1 0 9 1 0 1
0 9 0 10 9 0 10 1
0 11 12 9 11 12 9 1
0 11 9 10 11 9 10 1
0 13 14 11 13 14 11 1
0 13 11 10 13 11 10 1
0 0 5 13 0 5 13 1
0 0 13 10 0 13 10 1
0 13 5 4 13 5 4 1
0 13 4 15 13 4 15 1
0 16 14 13 16 14 13 1
0 16 13 15 16 13 15 1
0 17 18 16 17 18 16 1
0 17 16 15 17 16 15 1
0 4 7 17 4 7 17 1
0 4 17 15 4 17 15 1
0 17 7 6 17 7 6 1
0 17 6 19 17 6 19 1
0 20 18 17 20 18 17 1
0 20 17 19 20 17 19 1
0 21 22 20 21 22 20 1
0 21 20 19 21 20 19 1
0 6 8 21 6 8 21 1
0 6 21 19 6 21 19 1
0 21 8 2 21 8 2 1
0 21 2 23 21 2 23 1
0 24 22 21 24 22 21 1
0 24 21 23 24 21 23 1
0 9 12 24 9 12 24 1
0 9 24 23 9 24 23 1
0 2 1 9 2 1 9 1
0 2 9 23 2 9 23 1
"bottom" 0 0
24
0 -3.561909 4.670940 3.562790 0.559763 0.701425 -1
0 -4.640478 5.204310 4.640697 0.539063 0.722656 -1
0 -6.187305 5.204310 -0.000000 0.509375 0.631250 -1
0 -4.749213 4.670940 0.000000 0.536976 0.631250 -1
0 -2.748818 4.615360 0.000000 0.575368 0.631250 -1
0 -2.061614 4.615360 2.062936 0.588557 0.671883 -1
0 -3.561909 4.670940 -3.562790 0.559763 0.561075 -1
0 -2.061614 4.615360 -2.062936 0.588557 0.590617 -1
0 -4.640478 5.204310 -4.640697 0.539063 0.539844 -1
0 0.000000 5.204310 -6.187595 0.628125 0.509375 -1
0 0.000000 4.670940 -4.750387 0.628125 0.537683 -1
0 0.000000 4.615360 -2.750581 0.628125 0.577073 -1
0 3.561909 4.670940 -3.562790 0.696487 0.561075 -1
0 2.061614 4.615360 -2.062936 0.667693 0.590617 -1
0 4.640478 5.204310 -4.640697 0.717187 0.539844 -1
0 6.187305 5.204310 0.000000 0.746875 0.631250 -1
0 4.749213 4.670940 0.000000 0.719274 0.631250 -1
0 2.748818 4.615360 -0.000000 0.680882 0.631250 -1
0 3.561909 4.670940 3.562790 0.696487 0.701425 -1
0 2.061614 4.615360 2.062936 0.667693 0.671883 -1
0 4.640478 5.204310 4.640697 0.717187 0.722656 -1
0 -0.000000 5.204310 6.187595 0.628125 0.753125 -1
0 0.000000 4.670940 4.750387 0.628125 0.724817 -1
0 0.000000 4.615360 2.750581 0.628125 0.685427 -1
24
-0.126791 -0.983791 0.126803
-0.233453 -0.943922 0.233476
-0.347766 -0.937581 0.000000
-0.189764 -0.981830 0.000000
-0.027777 -0.999614 0.000000
-0.018523 -0.999657 0.018516
-0.126791 -0.983791 -0.126803
-0.018523 -0.999657 -0.018516
-0.233453 -0.943922 -0.233476
0.000000 -0.937531 -0.347903
0.000000 -0.981810 -0.189865
0.000000 -0.999614 -0.027779
0.126791 -0.983791 -0.126803
0.018523 -0.999657 -0.018516
0.233453 -0.943922 -0.233476
0.347766 -0.937581 0.000000
0.189764 -0.981830 0.000000
0.027777 -0.999614 -0.000000
0.126791 -0.983791 0.126803
0.018523 -0.999657 0.018516
0.233453 -0.943922 0.233476
0.000000 -0.937531 0.347903
0.000000 -0.981810 0.189865
0.000000 -0.999614 0.027779
32
0 0 1 2 0 1 2 1
0 0 2 3 0 2 3 1
0 4 5 0 4 5 0 1
0 4 0 3 4 0 3 1
0 6 7 4 6 7 4 1
0 6 4 3 6 4 3 1
0 2 8 6 2 8 6 1
0 2 6 3 2 6 3 1
0 6 8 9 6 8 9 1
0 6 9 10 6 9 10 1
0 11 7 6 11 7 6 1
0 11 6 10 11 6 10 1
0 12 13 11 12 13 11 1
0 12 11 10 12 11 10 1
0 9 14 12 9 14 12 1
0 9 12 10 9 12 10 1
0 12 14 15 12 14 15 1
0 12 15 16 12 15 16 1
0 17 13 12 17 13 12 1
0 17 12 16 17 12 16 1
0 18 19 17 18 19 17 1
0 18 17 16 18 17 16 1
0 15 20 18 15 20 18 1
0 15 18 16 15 18 16 1
0 18 20 21 18 20 21 1
0 18 21 22 18 21 22 1
0 23 19 18 23 19 18 1
0 23 18 22 23 18 22 1
0 0 5 23 0 5 23 1
0 0 23 22 0 23 22 1
0 21 1 0 21 1 0 1
0 21 0 22 21 0 22 1
"stem" 0 0
41
1 -2.155796 1.263500 2.155794 0.581836 0.695366 -1
1 -1.680085 0.569055 1.680083 0.593602 0.722246 -1
1 0.000000 0.326000 2.342990 0.635156 0.731654 -1
1 0.000000 1.263500 2.874393 0.635156 0.695366 -1
1 0.000000 2.513500 2.531194 0.635156 0.646982 -1
1 -1.898177 2.513500 1.898396 0.588208 0.646982 -1
1 2.155796 1.263500 2.155794 0.688477 0.695366 -1
1 1.898177 2.513500 1.898396 0.682105 0.646982 -1
1 1.680085 0.569055 1.680083 0.676711 0.722246 -1
1 1.686909 3.763500 1.687790 0.676879 0.598598 -1
1 2.061614 4.615360 2.062936 0.686147 0.565625 -1
1 0.000000 4.615360 2.750581 0.635156 0.565625 -1
1 0.000000 3.763500 2.250387 0.635156 0.598598 -1
1 -1.686909 3.763500 1.687790 0.593433 0.598598 -1
1 -2.061614 4.615360 2.062936 0.584165 0.565625 -1
1 2.342993 0.326000 -0.000000 0.693107 0.731654 -1
1 2.874394 1.263500 -0.000000 0.706250 0.695366 -1
1 2.530901 2.513500 -0.000000 0.697754 0.646982 -1
1 2.155796 1.263500 -2.155794 0.688477 0.695366 -1
1 1.898177 2.513500 -1.898396 0.682105 0.646982 -1
1 1.680085 0.569055 -1.680083 0.676711 0.722246 -1
1 1.686909 3.763500 -1.687790 0.676879 0.598598 -1
1 2.061614 4.615360 -2.062936 0.686147 0.565625 -1
1 2.748818 4.615360 -0.000000 0.703144 0.565625 -1
1 2.249213 3.763500 -0.000000 0.690787 0.598598 -1
1 0.000000 0.326000 -2.342990 0.635156 0.731654 -1
1 0.000000 1.263500 -2.874393 0.635156 0.695366 -1
1 0.000000 2.513500 -2.531194 0.635156 0.646982 -1
1 -2.155796 1.263500 -2.155794 0.581836 0.695366 -1
1 -1.898177 2.513500 -1.898396 0.588208 0.646982 -1
1 -1.680085 0.569055 -1.680083 0.593602 0.722246 -1
1 -1.686909 3.763500 -1.687790 0.593433 0.598598 -1
1 -2.061614 4.615360 -2.062936 0.584165 0.565625 -1
1 0.000000 4.615360 -2.750581 0.635156 0.565625 -1
1 0.000000 3.763500 -2.250387 0.635156 0.598598 -1
1 -2.342993 0.326000 0.000000 0.577206 0.731654 -1
1 -2.874394 1.263500 0.000000 0.564062 0.695366 -1
1 -2.530901 2.513500 0.000000 0.572558 0.646982 -1
1 -2.748818 4.615360 0.000000 0.567168 0.565625 -1
1 -2.249213 3.763500 0.000000 0.579525 0.598598 -1
1 0.000000 0.013500 0.000000 0.635156 0.743750 -1
41
-0.693132 -0.197849 0.693126
-0.423324 -0.800995 0.423324
-0.000000 -0.859405 0.511296
0.000000 -0.125344 0.992113
-0.000000 0.242109 0.970249
-0.683555 0.256026 0.683523
0.693132 -0.197849 0.693126
0.683555 0.256026 0.683523
0.423324 -0.800995 0.423324
0.697475 -0.165346 0.697273
0.600461 -0.528430 0.600174
-0.000000 -0.506317 0.862347
0.000000 -0.156425 0.987690
-0.697475 -0.165346 0.697273
-0.600461 -0.528430 0.600174
0.511296 -0.859405 -0.000000
0.992127 -0.125234 0.000000
0.970170 0.242426 -0.000000
0.693132 -0.197849 -0.693126
0.683555 0.256026 -0.683523
0.423324 -0.800995 -0.423324
0.697475 -0.165346 -0.697273
0.600461 -0.528430 -0.600174
0.862577 -0.505925 0.000000
0.987784 -0.155830 0.000000
0.000000 -0.859405 -0.511296
0.000000 -0.125344 -0.992113
0.000000 0.242109 -0.970249
-0.693132 -0.197849 -0.693126
-0.683555 0.256026 -0.683523
-0.423324 -0.800995 -0.423324
-0.697475 -0.165346 -0.697273
-0.600461 -0.528430 -0.600174
0.000000 -0.506317 -0.862347
0.000000 -0.156425 -0.987690
-0.511296 -0.859405 0.000000
-0.992127 -0.125234 0.000000
-0.970170 0.242426 0.000000
-0.862577 -0.505925 0.000000
-0.987784 -0.155830 0.000000
0.000000 -1.000000 0.000000
72
1 0 1 2 0 1 2 1
1 0 2 3 0 2 3 1
1 4 5 0 4 5 0 1
1 4 0 3 4 0 3 1
1 6 7 4 6 7 4 1
1 6 4 3 6 4 3 1
1 2 8 6 2 8 6 1
1 2 6 3 2 6 3 1
1 9 10 11 9 10 11 1
1 9 11 12 9 11 12 1
1 4 7 9 4 7 9 1
1 4 9 12 4 9 12 1
1 13 5 4 13 5 4 1
1 13 4 12 13 4 12 1
1 11 14 13 11 14 13 1
1 11 13 12 11 13 12 1
1 6 8 15 6 8 15 1
1 6 15 16 6 15 16 1
1 17 7 6 17 7 6 1
1 17 6 16 17 6 16 1
1 18 19 17 18 19 17 1
1 18 17 16 18 17 16 1
1 15 20 18 15 20 18 1
1 15 18 16 15 18 16 1
1 21 22 23 21 22 23 1
1 21 23 24 21 23 24 1
1 17 19 21 17 19 21 1
1 17 21 24 17 21 24 1
1 9 7 17 9 7 17 1
1 9 17 24 9 17 24 1
1 23 10 9 23 10 9 1
1 23 9 24 23 9 24 1
1 18 20 25 18 20 25 1
1 18 25 26 18 25 26 1
1 27 19 18 27 19 18 1
1 27 18 26 27 18 26 1
1 28 29 27 28 29 27 1
1 28 27 26 28 27 26 1
1 25 30 28 25 30 28 1
1 25 28 26 25 28 26 1
1 31 32 33 31 32 33 1
1 31 33 34 31 33 34 1
1 27 29 31 27 29 31 1
1 27 31 34 27 31 34 1
1 21 19 27 21 19 27 1
1 21 27 34 21 27 34 1
1 33 22 21 33 22 21 1
1 33 21 34 33 21 34 1
1 28 30 35 28 30 35 1
1 28 35 36 28 35 36 1
1 37 29 28 37 29 28 1
1 37 28 36 37 28 36 1
1 0 5 37 0 5 37 1
1 0 37 36 0 37 36 1
1 35 1 0 35 1 0 1
1 35 0 36 35 0 36 1
1 13 14 38 13 14 38 1
1 13 38 39 13 38 39 1
1 37 5 13 37 5 13 1
1 37 13 39 37 13 39 1
1 31 29 37 31 29 37 1
1 31 37 39 31 37 39 1
1 38 32 31 38 32 31 1
1 38 31 39 38 31 39 1
1 15 8 2 15 8 2 1
1 15 2 40 15 2 40 1
1 25 20 15 25 20 15 1
1 25 15 40 25 15 40 1
1 35 30 25 35 30 25 1
1 35 25 40 35 25 40 1
1 2 1 35 2 1 35 1
1 2 35 40 2 35 40 1

Materials: 1
"mat_0_0"
0.800000 0.800000 0.800000 1.000000
0.800000 0.800000 0.800000 1.000000
0.000000 0.000000 0.000000 1.000000
0.000000 0.000000 0.000000 1.000000
0.128000
1.000000
".\objs2.bmp"
""

Bones: 0
GroupComments: 0
MaterialComments: 0
BoneComments: 0
ModelComment: 0
