// MilkShape 3D ASCII

Frames: 30
Frame: 1

Meshes: 2
"Triangles" 1 0
42
1 20.000000 32.621540 -67.772232 -3.283629 -1.127579 -1
1 3.003082 54.066525 -89.762589 -3.919009 -1.839078 -1
1 -0.037539 55.382042 -87.774841 -3.861576 -1.882725 -1
1 -0.250000 37.432220 -60.075222 -3.061235 -1.287188 -1
1 -2.965545 54.066525 -89.762589 -3.919009 -1.839078 -1
1 -19.750000 32.621540 -67.772232 -3.283629 -1.127579 -1
1 -3.040621 51.727825 -93.296341 -4.021111 -1.761486 -1
1 -20.250000 24.069250 -81.455826 -3.678997 -0.843832 -1
1 0.250000 20.327625 -87.442383 -3.851969 -0.719693 -1
1 0.037538 50.704651 -94.842300 -4.065779 -1.727539 -1
1 3.003082 51.552433 -93.561333 -4.028768 -1.755667 -1
1 20.000000 23.427847 -82.482109 -3.708649 -0.822552 -1
1 20.000000 0.470672 -38.251228 -2.430663 -0.060881 -1
1 -0.250000 7.396870 -29.386099 -2.174517 -0.290678 -1
1 -19.750000 0.470672 -38.251228 -2.430663 -0.060881 -1
1 -20.250000 -11.842562 -54.011444 -2.886031 0.347647 -1
1 0.250000 -17.229603 -60.906544 -3.085255 0.526377 -1
1 20.000000 -12.766056 -55.193459 -2.920184 0.378286 -1
1 20.000000 -18.679668 -0.125018 -1.329061 0.574487 -1
1 -0.250000 -7.921234 3.164164 -1.234025 0.217545 -1
1 -19.750000 -18.679668 -0.125018 -1.329061 0.574487 -1
1 -20.250000 -37.805767 -5.972454 -1.498014 1.209051 -1
1 0.250000 -46.173447 -8.530712 -1.571932 1.486672 -1
1 20.000000 -39.240227 -6.411012 -1.510686 1.256643 -1
1 20.000000 -18.542089 37.621101 -0.238441 0.569922 -1
1 -0.250000 -7.626257 34.899479 -0.317080 0.207758 -1
1 -19.750000 -18.542089 37.621101 -0.238441 0.569922 -1
1 -20.250000 -37.948006 42.459541 -0.098642 1.213770 -1
1 0.250000 -46.438110 44.576359 -0.037480 1.495454 -1
1 20.000000 -39.403450 42.822422 -0.088158 1.262058 -1
1 12.660412 -7.862593 60.528736 0.423440 0.215599 -1
1 -0.158255 -3.224468 55.603951 0.281146 0.061716 -1
1 -12.502157 -7.862593 60.528736 0.423440 0.215599 -1
1 -12.818668 -16.108158 69.283867 0.676407 0.489169 -1
1 0.158255 -19.715611 73.114235 0.787079 0.608857 -1
1 12.660412 -16.726572 69.940506 0.695380 0.509687 -1
1 3.118196 0.090068 73.162941 0.788488 -0.048253 -1
1 -0.038977 1.241908 70.298340 0.705718 -0.086469 -1
1 -3.079222 0.090068 73.162941 0.788488 -0.048253 -1
1 -3.157175 -1.957519 78.255272 0.935623 0.019682 -1
1 0.038978 -2.853403 80.483345 1.000000 0.049405 -1
1 3.118196 -2.111123 78.637283 0.946660 0.024777 -1
54
0.825493 0.508472 0.244984
0.815759 0.573524 -0.074878
0.126773 0.861698 0.491330
-0.024588 0.777822 0.628003
-0.680750 0.692083 0.240002
-0.785971 0.565847 0.249133
-0.813518 0.283601 -0.507700
-0.818980 -0.085147 -0.567470
-0.006763 -0.416784 -0.908980
-0.124719 -0.189642 -0.973900
0.601498 -0.000889 -0.798874
0.765829 -0.103550 -0.634652
0.853133 0.402231 0.332225
0.008483 0.813802 0.581080
-0.857825 0.429667 0.281998
-0.837550 -0.382301 -0.390328
-0.035315 -0.748563 -0.662123
0.822210 -0.456273 -0.340274
0.861572 0.484658 0.150996
-0.001606 0.975845 0.218458
-0.861618 0.501554 0.077836
-0.843321 -0.506448 -0.179777
-0.028644 -0.967489 -0.251287
0.824337 -0.558244 -0.093980
0.740746 0.671772 -0.004342
-0.185242 0.982666 -0.007291
-0.937404 0.348243 -0.001205
-0.694385 -0.719598 -0.002860
0.100830 -0.994894 -0.004402
0.927377 -0.374126 -0.001240
0.905907 0.417688 0.069784
0.143217 0.963487 -0.226232
-0.722383 0.687986 -0.069561
-0.898223 -0.162552 0.408379
-0.146582 -0.719732 0.678601
0.623480 -0.511208 0.591556
0.718821 0.694924 0.019438
-0.004495 0.965625 -0.259902
-0.783830 0.620897 0.009902
-0.791161 -0.128897 0.597871
-0.070102 -0.569077 0.819291
0.780901 -0.111987 0.614534
0.602139 0.793074 -0.091991
-0.147718 0.954734 -0.258189
-0.774578 0.619106 0.129371
-0.709686 -0.066032 0.701417
0.094835 -0.327691 0.940013
0.804783 0.291181 0.517240
0.000000 0.833914 -0.551895
0.000000 0.833911 -0.551899
0.000000 0.833913 -0.551896
0.000002 0.833910 -0.551900
0.000001 0.833909 -0.551901
-0.000003 0.833910 -0.551900
88
1 0 1 2 0 1 2 2
1 0 2 3 0 2 3 2
1 3 2 4 3 2 4 2
1 3 4 5 3 4 5 2
1 5 4 6 5 4 6 2
1 5 6 7 5 6 7 2
1 8 9 10 8 9 10 2
1 8 10 11 8 10 11 2
1 11 10 1 11 10 1 2
1 11 1 0 11 1 0 2
1 7 6 9 7 6 9 2
1 7 9 8 7 9 8 2
1 12 0 3 12 0 3 2
1 12 3 13 12 3 13 2
1 13 3 5 13 3 5 2
1 13 5 14 13 5 14 2
1 14 5 7 14 5 7 2
1 14 7 15 14 7 15 2
1 16 8 11 16 8 11 2
1 16 11 17 16 11 17 2
1 17 11 0 17 11 0 2
1 17 0 12 17 0 12 2
1 15 7 8 15 7 8 2
1 15 8 16 15 8 16 2
1 18 12 13 18 12 13 2
1 18 13 19 18 13 19 2
1 19 13 14 19 13 14 2
1 19 14 20 19 14 20 2
1 20 14 15 20 14 15 2
1 20 15 21 20 15 21 2
1 22 16 17 22 16 17 2
1 22 17 23 22 17 23 2
1 23 17 12 23 17 12 2
1 23 12 18 23 12 18 2
1 21 15 16 21 15 16 2
1 21 16 22 21 16 22 2
1 24 18 19 24 18 19 2
1 24 19 25 24 19 25 2
1 25 19 20 25 19 20 2
1 25 20 26 25 20 26 2
1 26 20 21 26 20 21 2
1 26 21 27 26 21 27 2
1 28 22 23 28 22 23 2
1 28 23 29 28 23 29 2
1 29 23 18 29 23 18 2
1 29 18 24 29 18 24 2
1 27 21 22 27 21 22 2
1 27 22 28 27 22 28 2
1 24 24 25 30 24 25 2
1 24 25 25 30 25 31 2
1 25 25 26 31 25 26 2
1 25 26 26 31 26 32 2
1 26 26 27 32 26 27 2
1 26 27 27 32 27 33 2
1 28 28 29 34 28 29 2
1 28 29 29 34 29 35 2
1 29 29 24 35 29 24 2
1 29 24 24 35 24 30 2
1 27 27 28 33 27 28 2
1 27 28 28 33 28 34 2
1 30 24 25 36 30 31 2
1 30 25 31 36 31 37 2
1 31 25 26 37 31 32 2
1 31 26 32 37 32 38 2
1 32 26 27 38 32 33 2
1 32 27 33 38 33 39 2
1 34 28 29 40 34 35 2
1 34 29 35 40 35 41 2
1 35 29 24 41 35 30 2
1 35 24 30 41 30 36 2
1 33 27 28 39 33 34 2
1 33 28 34 39 34 40 2
1 36 30 31 42 36 37 2
1 36 31 37 42 37 43 2
1 37 31 32 43 37 38 2
1 37 32 38 43 38 44 2
1 38 32 33 44 38 39 2
1 38 33 39 44 39 45 2
1 40 34 35 46 40 41 2
1 40 35 41 46 41 47 2
1 41 35 30 47 41 36 2
1 41 30 36 47 36 42 2
1 39 33 34 45 39 40 2
1 39 34 40 45 40 46 2
1 2 1 4 48 49 50 1
1 1 6 4 49 51 50 1
1 1 9 6 49 52 51 1
1 1 10 9 49 53 52 1
"Stengel" 1 0
12
1 -2.602933 25.764812 89.341248 0.396869 0.368297 -1
1 2.635881 25.764812 89.341248 0.479167 0.368297 -1
1 -0.032949 28.069885 88.587555 0.437241 0.364583 -1
1 -2.668829 21.666887 90.681107 0.395833 0.374899 -1
1 0.032948 19.874050 91.267326 0.438276 0.377787 -1
1 2.635881 21.359554 90.781624 0.479167 0.375394 -1
1 3.118196 0.090068 73.162941 0.446367 0.408482 -1
1 -0.038977 1.241908 70.298340 0.437651 0.405279 -1
1 -3.079222 0.090068 73.162941 0.429259 0.408482 -1
1 -3.157175 -1.957519 78.255272 0.429043 0.414175 -1
1 0.038978 -2.853403 80.483345 0.437866 0.416667 -1
1 3.118196 -2.111123 78.637283 0.446367 0.414603 -1
18
0.000000 0.310776 0.950483
-0.000002 0.310777 0.950483
0.000000 0.310780 0.950482
-0.000003 0.310775 0.950484
-0.000005 0.310778 0.950483
-0.000003 0.310777 0.950483
0.831548 0.313244 -0.458700
0.966662 0.149885 -0.207603
0.247198 0.540432 -0.804255
-0.292221 0.531958 -0.794750
-0.831397 0.311618 -0.460079
-0.952349 0.175739 -0.249295
-0.957550 -0.118876 0.262614
-0.767220 -0.276205 0.578864
0.184540 -0.429491 0.884015
-0.189385 -0.428577 0.883434
0.739504 -0.290692 0.607150
0.931432 -0.153207 0.330094
16
1 0 1 2 0 1 2 1
1 3 1 0 3 1 0 1
1 4 5 1 4 5 1 1
1 3 4 1 3 4 1 1
1 1 6 7 6 7 8 2
1 1 7 2 6 8 9 2
1 2 7 8 9 8 10 2
1 2 8 0 9 10 11 2
1 0 8 9 11 10 12 2
1 0 9 3 11 12 13 2
1 4 10 11 14 15 16 2
1 4 11 5 14 16 17 2
1 5 11 6 17 16 7 2
1 5 6 1 17 7 6 2
1 3 9 10 13 12 15 2
1 3 10 4 13 15 14 2

Materials: 1
"Material01"
0.800000 0.800000 0.800000 1.000000
0.800000 0.800000 0.800000 1.000000
0.000000 0.000000 0.000000 1.000000
0.000000 0.000000 0.000000 1.000000
0.000000
1.000000
".\bantex.bmp"
""

Bones: 0
