// MilkShape 3D ASCII

Frames: 30
Frame: 1

Meshes: 5
"gun_cockpit" 0 2
66
0 0.383060 16.104691 26.287619 0.000000 0.000000 -1
0 0.784113 15.487123 26.287619 0.000000 1.000000 -1
0 0.529319 16.199669 26.287617 1.000000 0.000000 -1
0 0.930371 15.582106 26.287613 1.000000 1.000000 -1
0 0.529319 16.199669 26.287617 0.000000 0.000000 -1
0 0.930371 15.582106 26.287613 0.000000 1.000000 -1
0 0.529319 16.199673 25.027618 1.000000 0.000000 -1
0 0.930371 15.582106 25.027615 1.000000 1.000000 -1
0 0.529319 16.199673 25.027618 0.000000 0.000000 -1
0 0.930371 15.582106 25.027615 0.000000 1.000000 -1
0 0.383060 16.104691 25.027620 1.000000 0.000000 -1
0 0.784113 15.487121 25.027618 1.000000 1.000000 -1
0 0.383060 16.104691 25.027620 0.000000 0.000000 -1
0 0.784113 15.487121 25.027618 0.000000 1.000000 -1
0 0.383060 16.104691 26.287619 1.000000 0.000000 -1
0 0.784113 15.487123 26.287619 1.000000 1.000000 -1
0 0.383060 16.104691 26.287619 0.000000 1.000000 -1
0 0.529319 16.199669 26.287617 1.000000 1.000000 -1
0 0.784113 15.487123 26.287619 0.000000 0.000000 -1
0 0.930371 15.582106 26.287613 1.000000 0.000000 -1
0 -0.527887 16.199669 26.287617 1.000000 0.000000 -1
0 -0.782681 15.487123 26.287619 0.000000 1.000000 -1
0 -0.381628 16.104691 26.287619 0.000000 0.000000 -1
0 -0.928940 15.582106 26.287613 1.000000 1.000000 -1
0 -0.527887 16.199673 25.027618 1.000000 0.000000 -1
0 -0.928940 15.582106 26.287613 0.000000 1.000000 -1
0 -0.527887 16.199669 26.287617 0.000000 0.000000 -1
0 -0.928940 15.582106 25.027615 1.000000 1.000000 -1
0 -0.381628 16.104691 25.027620 1.000000 0.000000 -1
0 -0.928940 15.582106 25.027615 0.000000 1.000000 -1
0 -0.527887 16.199673 25.027618 0.000000 0.000000 -1
0 -0.782681 15.487121 25.027618 1.000000 1.000000 -1
0 -0.381628 16.104691 26.287619 1.000000 0.000000 -1
0 -0.782681 15.487121 25.027618 0.000000 1.000000 -1
0 -0.381628 16.104691 25.027620 0.000000 0.000000 -1
0 -0.782681 15.487123 26.287619 1.000000 1.000000 -1
0 -0.381628 16.104691 26.287619 0.000000 1.000000 -1
0 -0.527887 16.199669 26.287617 1.000000 1.000000 -1
0 -0.928940 15.582106 26.287613 1.000000 0.000000 -1
0 -0.782681 15.487123 26.287619 0.000000 0.000000 -1
0 0.000716 15.172483 29.233070 0.000000 0.000000 -1
0 0.000716 15.172483 29.233070 0.000000 1.000000 -1
0 0.000716 15.172483 29.233070 1.000000 0.000000 -1
0 0.000716 15.172483 29.233070 1.000000 1.000000 -1
0 0.529319 16.199669 26.320335 1.000000 0.000000 -1
0 0.930371 15.582108 26.320335 1.000000 1.000000 -1
0 0.529319 16.199669 26.320335 0.000000 0.000000 -1
0 0.930371 15.582108 26.320335 0.000000 1.000000 -1
0 0.383060 16.104694 26.320333 1.000000 0.000000 -1
0 0.784113 15.487123 26.320337 1.000000 1.000000 -1
0 0.383060 16.104694 26.320333 0.000000 0.000000 -1
0 0.784113 15.487123 26.320337 0.000000 1.000000 -1
0 -0.527887 16.199669 26.320335 1.000000 0.000000 -1
0 -0.928940 15.582108 26.320335 1.000000 1.000000 -1
0 -0.381628 16.104694 26.320333 1.000000 0.000000 -1
0 -0.928940 15.582108 26.320335 0.000000 1.000000 -1
0 -0.527887 16.199669 26.320335 0.000000 0.000000 -1
0 -0.782681 15.487123 26.320337 1.000000 1.000000 -1
0 -0.782681 15.487123 26.320337 0.000000 1.000000 -1
0 -0.381628 16.104694 26.320333 0.000000 0.000000 -1
0 0.384052 15.896565 27.174046 0.501320 0.886212 -1
0 -0.055842 15.448812 28.434023 0.499551 0.927492 -1
0 0.752043 15.478090 27.168251 0.521379 0.886212 -1
0 -0.750611 15.478090 27.168251 0.521379 0.886212 -1
0 0.057274 15.448812 28.434023 0.499551 0.927492 -1
0 -0.382621 15.896565 27.174046 0.501320 0.886212 -1
57
0.000009 0.000006 1.000000
0.000020 0.000010 1.000000
0.000030 0.000014 1.000000
0.838669 0.544641 0.000002
0.838670 0.544639 0.000001
0.838671 0.544638 0.000000
-0.000012 -0.000002 -1.000000
-0.000016 -0.000006 -1.000000
-0.000020 -0.000010 -1.000000
-0.838672 -0.544638 0.000000
-0.838671 -0.544638 0.000000
-0.838671 -0.544639 0.000001
-0.544641 0.838669 0.000000
-0.544633 0.838674 0.000001
-0.544625 0.838679 0.000003
0.544647 -0.838665 0.000001
0.544651 -0.838663 0.000001
0.544655 -0.838660 0.000000
-0.000020 0.000010 1.000000
-0.000009 0.000006 1.000000
-0.000030 0.000014 1.000000
-0.838670 0.544640 0.000001
-0.838669 0.544642 0.000002
-0.838670 0.544639 0.000000
0.000016 -0.000006 -1.000000
0.000012 -0.000002 -1.000000
0.000020 -0.000010 -1.000000
0.838671 -0.544638 0.000000
0.838672 -0.544638 0.000000
0.838671 -0.544639 0.000001
0.544633 0.838674 0.000001
0.544641 0.838669 0.000000
0.544625 0.838679 0.000003
-0.544649 -0.838664 0.000001
-0.544645 -0.838667 0.000001
-0.544652 -0.838662 0.000000
0.000000 0.000000 0.000000
0.000001 0.845288 0.534311
0.792991 0.514978 0.325521
0.000009 0.000006 -1.000000
0.000001 -0.000002 -1.000000
-0.000006 -0.000010 -1.000000
-0.806683 -0.523864 -0.273551
0.000000 -0.886425 -0.462873
-0.534349 0.822884 0.193219
0.000000 0.973523 0.228590
0.543807 -0.837353 0.055808
0.000002 -0.997786 0.066499
-0.792990 0.514979 0.325521
-0.000001 -0.000002 -1.000000
-0.000009 0.000006 -1.000000
0.000006 -0.000010 -1.000000
0.806683 -0.523864 -0.273551
0.534349 0.822884 0.193219
-0.543804 -0.837355 0.055807
0.675614 0.587950 0.444814
-0.675615 0.587949 0.444815
50
0 0 1 2 0 1 1 1
0 1 3 2 1 2 1 1
0 4 5 6 3 4 4 2
0 5 7 6 4 5 4 2
0 8 9 10 6 7 7 1
0 9 11 10 7 8 7 1
0 12 13 14 9 10 10 2
0 13 15 14 10 11 10 2
0 12 16 6 12 13 13 3
0 16 17 6 13 14 13 3
0 18 13 19 15 16 16 3
0 13 7 19 16 17 16 3
0 20 21 22 18 18 19 1
0 20 23 21 18 20 18 1
0 24 25 26 21 21 22 2
0 24 27 25 21 23 21 2
0 28 29 30 24 24 25 1
0 28 31 29 24 26 24 1
0 32 33 34 27 27 28 2
0 32 35 33 27 29 27 2
0 24 36 34 30 30 31 3
0 24 37 36 30 32 30 3
0 38 33 39 33 33 34 3
0 38 27 33 33 35 33 3
0 40 41 42 36 36 36 1
0 41 43 42 36 36 36 1
0 40 41 44 36 37 38 2
0 41 45 44 37 38 38 2
0 46 47 48 39 40 40 1
0 47 49 48 40 41 40 1
0 50 51 42 42 42 43 2
0 51 43 42 42 36 43 2
0 50 41 44 44 45 44 3
0 41 43 44 45 36 44 3
0 40 51 42 36 46 47 3
0 51 45 42 46 46 47 3
0 42 41 40 36 36 36 1
0 42 43 41 36 36 36 1
0 52 41 40 48 37 36 2
0 52 53 41 48 48 37 2
0 54 55 56 49 49 50 1
0 54 57 55 49 51 49 1
0 42 58 59 43 52 52 2
0 42 43 58 43 36 52 2
0 52 41 59 53 45 53 3
0 52 43 41 53 36 45 3
0 42 58 40 47 54 36 3
0 42 53 58 47 54 54 3
0 60 61 62 55 55 55 1
0 63 64 65 56 56 56 1
"gun_turbine2" 0 1
22
0 7.321301 14.965938 2.278598 0.734059 0.560562 -1
0 5.748111 14.503082 8.445271 0.701935 0.714571 -1
0 7.051214 14.065682 2.278598 0.727924 0.560562 -1
0 6.344123 13.509295 2.278597 0.711862 0.560562 -1
0 5.470106 13.509295 2.278597 0.692009 0.560562 -1
0 4.763012 14.065682 2.278598 0.675947 0.560562 -1
0 4.492927 14.965938 2.278598 0.669812 0.560562 -1
0 4.763012 15.866194 2.278597 0.675947 0.560562 -1
0 5.470106 16.422579 2.278598 0.692009 0.560562 -1
0 6.344123 16.422579 2.278598 0.711862 0.560562 -1
0 7.051214 15.866194 2.278597 0.727924 0.560562 -1
0 -7.049783 14.065682 2.278598 0.727924 0.560562 -1
0 -5.746679 14.503082 8.445271 0.701935 0.714571 -1
0 -7.319869 14.965938 2.278598 0.734059 0.560562 -1
0 -6.342692 13.509295 2.278597 0.711862 0.560562 -1
0 -5.468674 13.509295 2.278597 0.692009 0.560562 -1
0 -4.761580 14.065682 2.278598 0.675947 0.560562 -1
0 -4.491494 14.965938 2.278598 0.669812 0.560562 -1
0 -4.761580 15.866194 2.278597 0.675947 0.560562 -1
0 -5.468674 16.422579 2.278598 0.692009 0.560562 -1
0 -6.342692 16.422579 2.278598 0.711862 0.560562 -1
0 -7.049783 15.866194 2.278597 0.727924 0.560562 -1
22
0.968991 -0.001445 0.247092
-0.012507 -0.034780 0.999317
0.807572 -0.551210 0.209748
0.321121 -0.929610 0.180847
-0.322895 -0.931985 0.164750
-0.814362 -0.555065 0.169461
-0.979924 -0.001190 0.199367
-0.801818 0.543566 0.248239
-0.314264 0.902326 0.295034
0.311411 0.898380 0.309736
0.792808 0.537964 0.286445
-0.807573 -0.551210 0.209748
0.012506 -0.034780 0.999317
-0.968991 -0.001445 0.247092
-0.321121 -0.929610 0.180848
0.322895 -0.931985 0.164750
0.814362 -0.555066 0.169461
0.979924 -0.001190 0.199368
0.801818 0.543567 0.248240
0.314264 0.902326 0.295034
-0.311411 0.898380 0.309736
-0.792808 0.537963 0.286445
20
0 0 1 2 0 1 2 2
0 2 1 3 2 1 3 2
0 3 1 4 3 1 4 2
0 4 1 5 4 1 5 2
0 5 1 6 5 1 6 2
0 6 1 7 6 1 7 2
0 7 1 8 7 1 8 2
0 8 1 9 8 1 9 2
0 9 1 10 9 1 10 2
0 10 1 0 10 1 0 2
0 11 12 13 11 12 13 2
0 14 12 11 14 12 11 2
0 15 12 14 15 12 14 2
0 16 12 15 16 12 15 2
0 17 12 16 17 12 16 2
0 18 12 17 18 12 17 2
0 19 12 18 19 12 18 2
0 20 12 19 20 12 19 2
0 21 12 20 21 12 20 2
0 13 12 21 13 12 21 2
"gun" 0 0
385
0 2.644363 14.437092 -17.430626 0.558096 0.064398 -1
0 2.217988 14.193063 -17.430626 0.547537 0.064398 -1
0 0.000716 14.657462 -17.519516 0.492625 0.062759 -1
0 1.706516 14.464632 28.511698 0.534870 0.927714 -1
0 0.000749 14.662963 32.411705 0.492626 0.999627 -1
0 1.431405 14.245001 28.499582 0.528057 0.927492 -1
0 2.380031 14.437089 16.286621 0.551550 0.702297 -1
0 1.996293 14.193062 16.286627 0.542047 0.702297 -1
0 2.380031 14.437091 23.394960 0.551550 0.833367 -1
0 1.996293 14.193063 23.394957 0.542047 0.833367 -1
0 2.142102 14.464995 26.260868 0.545658 0.886212 -1
0 1.796739 14.245369 26.260868 0.537105 0.886212 -1
0 2.217988 14.193063 -17.430626 0.824540 0.583632 -1
0 0.627017 13.669561 -10.356548 0.811300 0.613207 -1
0 0.000716 14.657462 -17.519516 0.806088 0.583261 -1
0 1.431405 14.245001 28.499582 0.517994 0.378301 -1
0 0.000749 14.662963 32.411705 0.494824 0.411859 -1
0 0.000749 13.669559 26.480381 0.494824 0.360983 -1
0 1.996293 14.193062 16.286627 0.822695 0.728265 -1
0 1.996293 14.193062 16.286627 0.527143 0.273546 -1
0 0.564420 13.669558 16.292974 0.503953 0.273599 -1
0 0.627017 13.669561 -10.356548 0.504967 0.037483 -1
0 1.996293 14.193063 23.394957 0.527143 0.334516 -1
0 1.796739 14.245369 26.260868 0.523910 0.359099 -1
0 0.222252 13.669561 -10.356548 0.807932 0.613207 -1
0 0.200131 13.669558 16.292974 0.498053 0.273599 -1
0 0.222252 13.669561 -10.356548 0.498413 0.037483 -1
0 -0.220820 13.669561 -10.356548 0.804244 0.613207 -1
0 -0.220820 13.669561 -10.356548 0.491236 0.037483 -1
0 -0.198634 13.669558 16.292974 0.491596 0.273599 -1
0 0.000716 15.406560 -17.852854 0.492625 0.056613 -1
0 0.434105 15.510142 -17.597294 0.503358 0.061325 -1
0 0.000749 15.495340 28.499575 0.492626 0.927492 -1
0 0.280386 15.359875 28.499580 0.499551 0.927492 -1
0 0.000716 15.660660 -20.352850 0.492625 0.010515 -1
0 0.000749 16.515661 16.286631 0.492626 0.702297 -1
0 0.390799 16.365143 16.286627 0.502285 0.702297 -1
0 0.000749 16.515657 23.394964 0.492626 0.833367 -1
0 0.390799 16.365143 23.394958 0.502285 0.833367 -1
0 0.000749 16.564796 26.260870 0.492626 0.886212 -1
0 0.351794 16.429333 26.260878 0.501320 0.886212 -1
0 1.434080 15.291604 -13.245442 0.528123 0.141569 -1
0 0.511671 14.976893 28.499580 0.505279 0.927492 -1
0 1.290777 15.291606 16.286627 0.524574 0.702297 -1
0 1.290777 15.291607 23.394958 0.524574 0.833367 -1
0 1.161774 15.169261 26.260870 0.521379 0.886212 -1
0 2.217988 14.740538 -17.430628 0.547537 0.064398 -1
0 1.431405 14.737734 28.499577 0.528057 0.927492 -1
0 1.996293 14.740540 16.286623 0.542047 0.702297 -1
0 1.996293 14.740540 23.394960 0.542047 0.833367 -1
0 1.796739 14.738102 26.260872 0.537105 0.886212 -1
0 -2.216556 14.193063 -17.430626 0.437712 0.064398 -1
0 -2.642931 14.437092 -17.430626 0.427153 0.064398 -1
0 -1.429908 14.245001 28.499582 0.457194 0.927492 -1
0 -1.705019 14.464632 28.511698 0.450381 0.927714 -1
0 -1.994796 14.193062 16.286627 0.443205 0.702297 -1
0 -2.378533 14.437089 16.286621 0.433701 0.702297 -1
0 -2.378533 14.437091 23.394960 0.433701 0.833367 -1
0 -1.994796 14.193063 23.394957 0.443205 0.833367 -1
0 -1.795242 14.245369 26.260868 0.448147 0.886212 -1
0 -2.140605 14.464995 26.260868 0.439593 0.886212 -1
0 -0.625586 13.669561 -10.356548 0.800876 0.613207 -1
0 -2.216556 14.193063 -17.430626 0.787635 0.583632 -1
0 -1.429908 14.245001 28.499582 0.471655 0.378301 -1
0 -1.994796 14.193062 16.286627 0.789481 0.728265 -1
0 -0.625586 13.669561 -10.356548 0.484682 0.037483 -1
0 -0.562923 13.669558 16.292974 0.485696 0.273599 -1
0 -1.994796 14.193062 16.286627 0.462507 0.273546 -1
0 -1.994796 14.193063 23.394957 0.462507 0.334516 -1
0 -1.795242 14.245369 26.260868 0.465739 0.359099 -1
0 -0.432673 15.510142 -17.597294 0.481892 0.061325 -1
0 -0.278888 15.359875 28.499580 0.485700 0.927492 -1
0 -0.389301 16.365143 16.286627 0.482966 0.702297 -1
0 -0.389301 16.365143 23.394958 0.482966 0.833367 -1
0 -0.350296 16.429333 26.260878 0.483932 0.886212 -1
0 -1.432648 15.291604 -13.245442 0.457126 0.141569 -1
0 -0.510173 14.976893 28.499580 0.479972 0.927492 -1
0 -1.289279 15.291606 16.286627 0.460677 0.702297 -1
0 -1.289279 15.291607 23.394958 0.460677 0.833367 -1
0 -1.160276 15.169261 26.260870 0.463872 0.886212 -1
0 -2.216556 14.740538 -17.430628 0.437712 0.064398 -1
0 -1.429908 14.737734 28.499577 0.457194 0.927492 -1
0 -1.994796 14.740540 16.286623 0.443205 0.702297 -1
0 -1.994796 14.740540 23.394960 0.443205 0.833367 -1
0 -1.795242 14.738102 26.260872 0.448147 0.886212 -1
0 7.550017 14.432683 -7.696803 0.541799 0.236779 -1
0 7.180677 14.432683 -4.647835 0.539538 0.273504 -1
0 0.003795 13.442681 3.247649 0.495597 0.368605 -1
0 7.550017 14.621633 -7.696804 0.669871 0.315359 -1
0 0.003795 15.881633 -4.585690 0.492304 0.389044 -1
0 7.180677 14.621633 -4.647834 0.661181 0.387572 -1
0 7.550017 14.432683 -7.696803 0.669871 0.315359 -1
0 7.180677 14.432683 -4.647835 0.661181 0.387572 -1
0 4.320874 14.432683 1.361942 0.522029 0.345891 -1
0 4.320874 14.621635 1.361942 0.593887 0.529911 -1
0 4.320874 14.432683 1.361942 0.593887 0.529911 -1
0 3.542463 14.432683 3.544762 0.517263 0.372183 -1
0 3.542463 14.621634 3.544763 0.575571 0.581610 -1
0 3.542463 14.432683 3.544762 0.575571 0.581610 -1
0 1.677869 14.432684 12.836867 0.505847 0.476501 -1
0 1.677869 14.621633 12.836867 0.531696 0.786736 -1
0 1.677869 14.432684 12.836867 0.531696 0.786736 -1
0 0.003519 14.432681 13.319778 0.495596 0.482318 -1
0 0.003519 14.621634 13.319778 0.492297 0.798173 -1
0 0.003519 14.432681 13.319778 0.492297 0.798173 -1
0 -1.670830 14.432684 12.836867 0.485345 0.476501 -1
0 -1.670830 14.621633 12.836867 0.452899 0.786736 -1
0 -1.670830 14.432684 12.836867 0.452899 0.786736 -1
0 -3.534874 14.432683 3.544762 0.473932 0.372183 -1
0 -3.534874 14.621634 3.544763 0.409036 0.581610 -1
0 -3.534874 14.432683 3.544762 0.409036 0.581610 -1
0 -4.313283 14.432683 1.361942 0.469166 0.345891 -1
0 -4.313283 14.621635 1.361942 0.390720 0.529911 -1
0 -4.313283 14.432683 1.361942 0.390720 0.529911 -1
0 -7.173097 14.432683 -4.647835 0.451658 0.273504 -1
0 -7.173097 14.621633 -4.647834 0.323426 0.387572 -1
0 -7.173097 14.432683 -4.647835 0.323426 0.387572 -1
0 -7.542428 14.432683 -7.696803 0.449396 0.236779 -1
0 -7.542428 14.621633 -7.696804 0.314736 0.315359 -1
0 -7.542428 14.432683 -7.696803 0.314736 0.315359 -1
0 -5.035481 14.432683 -10.745775 0.464745 0.200055 -1
0 -5.035481 14.621634 -10.745776 0.373726 0.243145 -1
0 -5.035481 14.432683 -10.745775 0.373726 0.243145 -1
0 -3.384981 14.432683 -17.659250 0.474850 0.116783 -1
0 -3.384981 14.621634 -17.659250 0.412563 0.079402 -1
0 -3.384981 14.432683 -17.659250 0.412563 0.079402 -1
0 -2.458296 14.432682 -18.175419 0.480524 0.110565 -1
0 -2.458296 14.621635 -18.175415 0.434369 0.067177 -1
0 -2.458296 14.432682 -18.175419 0.434369 0.067177 -1
0 -1.284113 14.432684 -17.599096 0.487712 0.117507 -1
0 -1.284113 14.621634 -17.599094 0.461998 0.080827 -1
0 -1.284113 14.432684 -17.599096 0.461998 0.080827 -1
0 0.003795 14.432681 -18.082001 0.495597 0.111691 -1
0 0.003795 14.621635 -18.082003 0.492304 0.069390 -1
0 0.003795 14.432681 -18.082001 0.492304 0.069390 -1
0 1.291704 14.432684 -17.599096 0.503483 0.117507 -1
0 1.291704 14.621634 -17.599094 0.522609 0.080827 -1
0 1.291704 14.432684 -17.599096 0.522609 0.080827 -1
0 2.465887 14.432682 -18.175419 0.510672 0.110565 -1
0 2.465887 14.621635 -18.175415 0.550239 0.067177 -1
0 2.465887 14.432682 -18.175419 0.550239 0.067177 -1
0 3.392572 14.432683 -17.659250 0.516345 0.116783 -1
0 3.392572 14.621634 -17.659250 0.572044 0.079402 -1
0 3.392572 14.432683 -17.659250 0.572044 0.079402 -1
0 5.043069 14.432683 -10.745775 0.526450 0.200055 -1
0 5.043069 14.621634 -10.745776 0.610881 0.243145 -1
0 5.043069 14.432683 -10.745775 0.610881 0.243145 -1
0 7.808412 14.965939 -15.521114 0.183398 0.871881 -1
0 7.445296 13.755594 -15.521109 0.169387 0.916454 -1
0 5.907115 14.965939 -10.909991 0.110038 0.871881 -1
0 7.808412 14.965939 -15.521114 0.745124 0.116025 -1
0 8.254395 14.965938 -12.617967 0.755255 0.188529 -1
0 7.806104 13.471684 -12.617970 0.745072 0.188529 -1
0 7.445296 13.755594 -15.521109 0.736876 0.116025 -1
0 8.254393 14.965938 -9.714845 0.755255 0.261033 -1
0 7.806104 13.471685 -9.714846 0.745072 0.261033 -1
0 8.254393 14.965936 -6.811719 0.755255 0.333537 -1
0 7.806102 13.471686 -6.811716 0.745072 0.333537 -1
0 8.041004 14.965939 1.850411 0.750407 0.549868 -1
0 7.633467 13.607529 1.850412 0.741150 0.549868 -1
0 8.041004 14.965939 1.850411 0.553972 0.151100 -1
0 7.847013 14.965938 2.471906 0.553967 0.151100 -1
0 7.476526 13.731017 2.471906 0.553958 0.151138 -1
0 7.633467 13.607529 1.850412 0.553962 0.151142 -1
0 7.321301 14.965938 2.278598 0.553954 0.151100 -1
0 7.051214 14.065682 2.278598 0.553948 0.151128 -1
0 6.494649 13.007561 -15.521116 0.132708 0.944002 -1
0 6.494649 13.007561 -15.521116 0.715281 0.116025 -1
0 6.632465 12.548190 -12.617971 0.718412 0.188529 -1
0 6.632465 12.548190 -9.714845 0.718412 0.261033 -1
0 6.632465 12.548188 -6.811718 0.718412 0.333537 -1
0 6.566524 12.767986 1.850404 0.716914 0.549868 -1
0 6.566524 12.767986 1.850404 0.553937 0.151169 -1
0 6.506578 12.967798 2.471907 0.553935 0.151162 -1
0 6.344123 13.509295 2.278597 0.553931 0.151145 -1
0 5.319583 13.007561 -15.521116 0.087369 0.944002 -1
0 5.181767 12.548190 -12.617971 0.685459 0.188529 -1
0 5.319583 13.007561 -15.521116 0.688590 0.116025 -1
0 5.181766 12.548190 -9.714845 0.685459 0.261033 -1
0 5.181766 12.548188 -6.811718 0.685459 0.333537 -1
0 5.247706 12.767986 1.850404 0.686956 0.549868 -1
0 5.307651 12.967798 2.471907 0.553907 0.151162 -1
0 5.247706 12.767986 1.850404 0.553906 0.151169 -1
0 5.470106 13.509295 2.278597 0.553911 0.151145 -1
0 4.368934 13.755594 -15.521109 0.050690 0.916454 -1
0 4.368934 13.755594 -15.521109 0.666995 0.116025 -1
0 4.008126 13.471684 -12.617970 0.658799 0.188529 -1
0 4.008126 13.471685 -9.714846 0.658799 0.261033 -1
0 4.008126 13.471686 -6.811716 0.658799 0.333537 -1
0 4.180762 13.607529 1.850404 0.662720 0.549868 -1
0 4.180762 13.607529 1.850404 0.553880 0.151142 -1
0 4.337703 13.731017 2.471906 0.553884 0.151138 -1
0 4.763012 14.065682 2.278598 0.553894 0.151128 -1
0 4.005818 14.965939 -15.521114 0.036680 0.871881 -1
0 3.559834 14.965938 -12.617967 0.648616 0.188529 -1
0 4.005818 14.965939 -15.521114 0.658747 0.116025 -1
0 3.559834 14.965938 -9.714845 0.648616 0.261033 -1
0 3.559834 14.965936 -6.811719 0.648616 0.333537 -1
0 3.773224 14.965938 1.850405 0.653463 0.549868 -1
0 3.967213 14.965938 2.471906 0.553875 0.151100 -1
0 3.773224 14.965938 1.850405 0.553871 0.151100 -1
0 4.492927 14.965938 2.278598 0.553888 0.151100 -1
0 4.368934 16.176283 -15.521112 0.050690 0.827308 -1
0 4.368934 16.176283 -15.521112 0.666995 0.116025 -1
0 4.008126 16.460188 -12.617968 0.658799 0.188529 -1
0 4.008126 16.460188 -9.714843 0.658799 0.261033 -1
0 4.008126 16.460186 -6.811704 0.658799 0.333537 -1
0 4.180762 16.324347 1.850404 0.662720 0.549868 -1
0 4.180762 16.324347 1.850404 0.553880 0.151057 -1
0 4.337703 16.200857 2.471906 0.553884 0.151061 -1
0 4.763012 15.866194 2.278597 0.553894 0.151072 -1
0 5.319583 16.924313 -15.521111 0.087369 0.799760 -1
0 5.181767 17.265255 -12.617967 0.685459 0.188529 -1
0 5.319583 16.924313 -15.521111 0.688590 0.116025 -1
0 5.181766 17.660019 -7.603729 0.685459 0.313757 -1
0 5.181766 17.660019 -4.700595 0.685459 0.386261 -1
0 5.247706 17.163887 1.850405 0.686956 0.549868 -1
0 5.307651 16.964075 2.471906 0.553907 0.151037 -1
0 5.247706 17.163887 1.850405 0.553906 0.151031 -1
0 5.470106 16.422579 2.278598 0.553911 0.151054 -1
0 6.494649 16.924313 -15.521111 0.132708 0.799760 -1
0 6.494649 16.924313 -15.521111 0.715281 0.116025 -1
0 6.632465 17.265255 -12.617967 0.718412 0.188529 -1
0 6.632465 17.660019 -7.603729 0.718412 0.313757 -1
0 6.632465 17.660019 -4.700595 0.718412 0.386261 -1
0 6.566524 17.163887 1.850405 0.716914 0.549868 -1
0 6.566524 17.163887 1.850405 0.553937 0.151031 -1
0 6.506578 16.964075 2.471906 0.553935 0.151037 -1
0 6.344123 16.422579 2.278598 0.553931 0.151054 -1
0 7.445296 16.176283 -15.521112 0.169387 0.827308 -1
0 7.806104 16.460188 -12.617968 0.745072 0.188529 -1
0 7.445296 16.176283 -15.521112 0.736876 0.116025 -1
0 7.806104 16.460188 -9.714843 0.745072 0.261033 -1
0 7.806102 16.460186 -6.811704 0.745072 0.333537 -1
0 7.633467 16.324347 1.850412 0.741150 0.549868 -1
0 7.476526 16.200857 2.471906 0.553958 0.151061 -1
0 7.633467 16.324347 1.850412 0.553962 0.151057 -1
0 7.051214 15.866194 2.278597 0.553948 0.151072 -1
0 -5.905684 14.965939 -10.909991 0.110038 0.871881 -1
0 -7.443865 13.755594 -15.521109 0.169387 0.916454 -1
0 -7.806981 14.965939 -15.521114 0.183398 0.871881 -1
0 -7.804672 13.471684 -12.617970 0.745072 0.188529 -1
0 -8.252964 14.965938 -12.617967 0.755255 0.188529 -1
0 -7.806981 14.965939 -15.521114 0.745124 0.116025 -1
0 -7.443865 13.755594 -15.521109 0.736876 0.116025 -1
0 -8.252962 14.965938 -9.714845 0.755255 0.261033 -1
0 -7.804672 13.471685 -9.714846 0.745072 0.261033 -1
0 -7.804670 13.471686 -6.811716 0.745072 0.333537 -1
0 -8.252962 14.965936 -6.811719 0.755255 0.333537 -1
0 -8.039574 14.965939 1.850411 0.750407 0.549868 -1
0 -7.632036 13.607529 1.850412 0.741150 0.549868 -1
0 -7.475094 13.731017 2.471906 0.551089 0.150794 -1
0 -7.845582 14.965938 2.471906 0.551090 0.150794 -1
0 -8.039574 14.965939 1.850411 0.551090 0.150758 -1
0 -7.632036 13.607529 1.850412 0.551089 0.150758 -1
0 -7.319869 14.965938 2.278598 0.551088 0.150783 -1
0 -7.049783 14.065682 2.278598 0.551087 0.150783 -1
0 -6.493217 13.007561 -15.521116 0.132708 0.944002 -1
0 -6.493217 13.007561 -15.521116 0.715281 0.116025 -1
0 -6.631034 12.548190 -12.617971 0.718412 0.188529 -1
0 -6.631034 12.548190 -9.714845 0.718412 0.261033 -1
0 -6.631034 12.548188 -6.811718 0.718412 0.333537 -1
0 -6.565093 12.767986 1.850404 0.716914 0.549868 -1
0 -6.565093 12.767986 1.850404 0.551086 0.150758 -1
0 -6.505147 12.967798 2.471907 0.551086 0.150794 -1
0 -6.342692 13.509295 2.278597 0.551085 0.150783 -1
0 -5.318151 13.007561 -15.521116 0.087369 0.944002 -1
0 -5.180336 12.548190 -12.617971 0.685459 0.188529 -1
0 -5.318151 13.007561 -15.521116 0.688590 0.116025 -1
0 -5.180334 12.548190 -9.714845 0.685459 0.261033 -1
0 -5.180334 12.548188 -6.811718 0.685459 0.333537 -1
0 -5.246274 12.767986 1.850404 0.686956 0.549868 -1
0 -5.306219 12.967798 2.471907 0.551082 0.150794 -1
0 -5.246274 12.767986 1.850404 0.551082 0.150758 -1
0 -5.468674 13.509295 2.278597 0.551082 0.150783 -1
0 -4.367502 13.755594 -15.521109 0.050690 0.916454 -1
0 -4.367502 13.755594 -15.521109 0.666995 0.116025 -1
0 -4.006694 13.471684 -12.617970 0.658799 0.188529 -1
0 -4.006694 13.471685 -9.714846 0.658799 0.261033 -1
0 -4.006694 13.471686 -6.811716 0.658799 0.333537 -1
0 -4.179329 13.607529 1.850404 0.662720 0.549868 -1
0 -4.179329 13.607529 1.850404 0.551078 0.150758 -1
0 -4.336271 13.731017 2.471906 0.551079 0.150794 -1
0 -4.761580 14.065682 2.278598 0.551080 0.150783 -1
0 -4.004386 14.965939 -15.521114 0.036680 0.871881 -1
0 -3.558402 14.965938 -12.617967 0.648616 0.188529 -1
0 -4.004386 14.965939 -15.521114 0.658747 0.116025 -1
0 -3.558402 14.965938 -9.714845 0.648616 0.261033 -1
0 -3.558402 14.965936 -6.811719 0.648616 0.333537 -1
0 -3.771792 14.965938 1.850405 0.653463 0.549868 -1
0 -3.965781 14.965938 2.471906 0.551077 0.150794 -1
0 -3.771792 14.965938 1.850405 0.551077 0.150758 -1
0 -4.491494 14.965938 2.278598 0.551079 0.150783 -1
0 -4.367502 16.176283 -15.521112 0.050690 0.827308 -1
0 -4.367502 16.176283 -15.521112 0.666995 0.116025 -1
0 -4.006694 16.460188 -12.617968 0.658799 0.188529 -1
0 -4.006694 16.460188 -9.714843 0.658799 0.261033 -1
0 -4.006694 16.460186 -6.811704 0.658799 0.333537 -1
0 -4.179329 16.324347 1.850404 0.662720 0.549868 -1
0 -4.179329 16.324347 1.850404 0.551078 0.150758 -1
0 -4.336271 16.200857 2.471906 0.551079 0.150794 -1
0 -4.761580 15.866194 2.278597 0.551080 0.150783 -1
0 -5.318151 16.924313 -15.521111 0.087369 0.799760 -1
0 -5.180336 17.265255 -12.617967 0.685459 0.188529 -1
0 -5.318151 16.924313 -15.521111 0.688590 0.116025 -1
0 -5.180334 17.660019 -7.603729 0.685459 0.313757 -1
0 -5.180334 17.660019 -4.700595 0.685459 0.386261 -1
0 -5.246274 17.163887 1.850405 0.686956 0.549868 -1
0 -5.306219 16.964075 2.471906 0.551082 0.150794 -1
0 -5.246274 17.163887 1.850405 0.551082 0.150758 -1
0 -5.468674 16.422579 2.278598 0.551082 0.150783 -1
0 -6.493217 16.924313 -15.521111 0.132708 0.799760 -1
0 -6.493217 16.924313 -15.521111 0.715281 0.116025 -1
0 -6.631034 17.265255 -12.617967 0.718412 0.188529 -1
0 -6.631034 17.660019 -7.603729 0.718412 0.313757 -1
0 -6.631034 17.660019 -4.700595 0.718412 0.386261 -1
0 -6.565093 17.163887 1.850405 0.716914 0.549868 -1
0 -6.565093 17.163887 1.850405 0.551086 0.150758 -1
0 -6.505147 16.964075 2.471906 0.551086 0.150794 -1
0 -6.342692 16.422579 2.278598 0.551085 0.150783 -1
0 -7.443865 16.176283 -15.521112 0.169387 0.827308 -1
0 -7.804672 16.460188 -12.617968 0.745072 0.188529 -1
0 -7.443865 16.176283 -15.521112 0.736876 0.116025 -1
0 -7.804672 16.460188 -9.714843 0.745072 0.261033 -1
0 -7.804670 16.460186 -6.811704 0.745072 0.333537 -1
0 -7.632036 16.324347 1.850412 0.741150 0.549868 -1
0 -7.475094 16.200857 2.471906 0.551089 0.150794 -1
0 -7.632036 16.324347 1.850412 0.551089 0.150758 -1
0 -7.049783 15.866194 2.278597 0.551087 0.150783 -1
0 13.487000 14.127501 -11.537734 0.903886 0.196587 -1
0 10.284458 14.127500 -7.169222 0.828582 0.260552 -1
0 10.486057 14.127501 -14.075916 0.833323 0.159423 -1
0 13.487000 14.422839 -11.537735 0.903886 0.196587 -1
0 10.486057 14.422838 -14.075916 0.833323 0.159423 -1
0 10.284458 14.422839 -7.169222 0.828582 0.260552 -1
0 8.019458 14.127500 -0.329723 0.775323 0.360697 -1
0 8.019458 14.422838 -0.329723 0.775323 0.360697 -1
0 4.203109 14.127500 0.262870 0.685586 0.369374 -1
0 4.203109 14.422839 0.262869 0.685586 0.369374 -1
0 7.518108 14.127500 -6.058110 0.763534 0.276821 -1
0 7.518108 14.422839 -6.058112 0.763534 0.276821 -1
0 6.561283 14.127500 -9.693673 0.741036 0.223589 -1
0 6.561283 14.422838 -9.693672 0.741036 0.223589 -1
0 7.518108 14.127501 -13.329238 0.763534 0.170356 -1
0 7.518108 14.422838 -13.329238 0.763534 0.170356 -1
0 8.939537 14.127500 -16.571680 0.796957 0.122880 -1
0 8.939537 14.422839 -16.571678 0.796957 0.122880 -1
0 14.413016 14.275169 -16.526728 0.925661 0.123538 -1
0 15.213992 14.275169 -13.823492 0.944495 0.163119 -1
0 -10.484627 14.127501 -14.075916 0.833323 0.159423 -1
0 -10.283027 14.127500 -7.169222 0.828582 0.260552 -1
0 -13.485566 14.127501 -11.537734 0.903886 0.196587 -1
0 -10.283027 14.422839 -7.169222 0.828582 0.260552 -1
0 -10.484627 14.422838 -14.075916 0.833323 0.159423 -1
0 -13.485566 14.422839 -11.537735 0.903886 0.196587 -1
0 -8.018028 14.127500 -0.329723 0.775323 0.360697 -1
0 -8.018028 14.422838 -0.329723 0.775323 0.360697 -1
0 -4.201677 14.127500 0.262870 0.685586 0.369374 -1
0 -4.201677 14.422839 0.262869 0.685586 0.369374 -1
0 -7.516677 14.127500 -6.058110 0.763534 0.276821 -1
0 -7.516677 14.422839 -6.058112 0.763534 0.276821 -1
0 -6.559852 14.127500 -9.693673 0.741036 0.223589 -1
0 -6.559852 14.422838 -9.693672 0.741036 0.223589 -1
0 -7.516677 14.127501 -13.329238 0.763534 0.170356 -1
0 -7.516677 14.422838 -13.329238 0.763534 0.170356 -1
0 -8.938107 14.127500 -16.571680 0.796957 0.122880 -1
0 -8.938107 14.422839 -16.571678 0.796957 0.122880 -1
0 -14.411584 14.275169 -16.526728 0.925661 0.123538 -1
0 -15.212559 14.275169 -13.823492 0.944495 0.163119 -1
0 4.944086 19.795074 -8.393485 0.526822 0.335478 -1
0 5.942960 16.178276 -1.655667 0.574716 0.396206 -1
0 5.146471 19.834244 -8.393488 0.536526 0.335478 -1
0 6.145349 16.217436 -1.655666 0.584420 0.396206 -1
0 5.146471 19.654240 -13.982053 0.536526 0.285108 -1
0 6.145349 16.892437 -15.330961 0.584420 0.272951 -1
0 4.944086 19.615080 -13.982051 0.526822 0.285108 -1
0 5.942960 16.853277 -15.330963 0.574716 0.272951 -1
0 -5.145038 19.834244 -8.393488 0.536526 0.335478 -1
0 -5.941529 16.178276 -1.655667 0.574716 0.396206 -1
0 -4.942653 19.795074 -8.393485 0.526822 0.335478 -1
0 -6.143918 16.217436 -1.655666 0.584420 0.396206 -1
0 -5.145038 19.654240 -13.982053 0.536526 0.285108 -1
0 -6.143918 16.892437 -15.330961 0.584420 0.272951 -1
0 -4.942653 19.615080 -13.982051 0.526822 0.285108 -1
0 -5.941529 16.853277 -15.330963 0.574716 0.272951 -1
482
0.033697 0.001102 -0.999431
0.029298 -0.051191 -0.998259
0.000000 0.061166 -0.998128
0.914439 -0.044830 0.402233
0.000000 0.916045 0.401074
0.588060 -0.752907 0.295491
0.873956 -0.485962 0.006511
0.921564 0.388212 0.003365
0.526747 -0.850020 0.001869
0.496729 -0.867900 0.003266
0.881722 -0.470166 0.038865
0.536425 -0.843537 0.026355
0.928071 0.351592 0.122749
0.556604 -0.827163 0.077418
0.884616 -0.437224 0.162142
0.618016 -0.779686 0.100725
-0.199108 -0.972994 -0.116784
-0.100060 -0.986798 -0.127348
0.000000 -0.991397 -0.130889
0.161415 -0.973330 0.163018
0.000000 -0.986263 0.165184
0.321014 -0.947072 0.002111
0.313827 -0.949457 0.006609
0.174370 -0.984667 0.005029
0.116039 -0.993245 0.000272
0.281736 -0.959295 0.019454
0.000000 -0.999826 0.018668
0.309947 -0.949703 0.044700
0.310505 -0.949228 0.050515
0.000000 -0.990623 -0.136625
0.000000 -1.000000 -0.000000
0.000000 -1.000000 -0.000000
0.000000 -0.990623 -0.136625
0.000000 -1.000000 -0.000000
0.000000 -0.406551 -0.913628
0.738855 -0.423357 -0.524273
-0.000000 0.978105 0.208110
0.663842 0.726650 0.176898
0.000015 -0.440524 -0.897741
0.000001 0.999929 -0.011903
0.636769 0.769569 -0.047843
0.581586 0.813425 -0.009890
0.000000 0.999963 -0.008572
0.594160 0.804338 0.003783
-0.000000 0.976659 0.214796
0.624852 0.759713 0.179991
-0.000000 0.902327 0.431052
0.615702 0.702642 0.356660
0.791265 0.507765 -0.340697
0.591097 0.794194 0.140928
0.630583 0.776122 -0.000935
0.405916 0.913908 0.001970
0.694442 0.718883 0.030945
0.677088 0.725216 0.124950
0.576631 0.782570 0.234693
0.004132 0.677098 -0.735881
0.479154 0.856564 0.191596
0.600362 0.799719 0.003879
0.617919 0.786239 0.002031
0.611190 0.791132 0.023595
0.589989 0.804455 0.069037
0.540330 0.832467 0.122645
0.000000 -0.994874 -0.101119
-0.029298 -0.051191 -0.998259
-0.033697 0.001102 -0.999431
-0.588061 -0.752907 0.295492
-0.914439 -0.044830 0.402233
-0.526748 -0.850020 0.001869
-0.921564 0.388211 0.003366
-0.873956 -0.485961 0.006513
-0.496729 -0.867900 0.003267
-0.881722 -0.470165 0.038865
-0.536426 -0.843536 0.026355
-0.556604 -0.827163 0.077418
-0.928071 0.351592 0.122749
-0.884616 -0.437224 0.162142
-0.618016 -0.779686 0.100725
0.100060 -0.986798 -0.127348
0.199108 -0.972994 -0.116784
-0.161415 -0.973330 0.163018
-0.321017 -0.947071 0.002111
-0.116039 -0.993245 0.000273
-0.174370 -0.984667 0.005029
-0.313827 -0.949457 0.006609
-0.281736 -0.959295 0.019454
-0.309946 -0.949703 0.044700
-0.310505 -0.949229 0.050515
-0.738855 -0.423357 -0.524273
-0.663842 0.726650 0.176898
-0.636768 0.769570 -0.047842
-0.581586 0.813425 -0.009889
-0.594160 0.804338 0.003783
-0.624852 0.759713 0.179991
-0.615702 0.702642 0.356660
-0.791264 0.507766 -0.340697
-0.591097 0.794194 0.140928
-0.630583 0.776122 -0.000935
-0.405918 0.913907 0.001971
-0.694442 0.718883 0.030945
-0.677088 0.725217 0.124950
-0.576631 0.782570 0.234693
-0.004132 0.677098 -0.735881
-0.479153 0.856564 0.191597
-0.600364 0.799718 0.003880
-0.617919 0.786239 0.002032
-0.611190 0.791132 0.023595
-0.589988 0.804455 0.069037
-0.540330 0.832467 0.122645
0.108595 -0.993972 -0.015035
0.217168 -0.973220 0.075372
-0.000000 -0.999836 0.018133
0.148405 0.988109 -0.040216
-0.000001 0.999906 -0.013695
0.173122 0.983544 0.051673
0.959998 -0.000001 -0.280005
0.959998 -0.000002 -0.280005
0.960404 -0.000000 0.278612
0.960404 -0.000001 0.278612
0.268394 -0.956758 0.112152
0.182333 0.980346 0.075339
0.923631 -0.000001 0.383284
0.923631 0.000000 0.383284
0.263001 -0.962020 0.073130
0.214131 0.975087 0.057914
0.963693 -0.000000 0.267013
0.963693 -0.000001 0.267013
0.147645 -0.986114 0.076032
0.129153 0.989857 0.059177
0.735754 -0.000000 0.677249
0.735754 0.000000 0.677249
0.000000 -0.995204 0.097820
0.000000 0.997533 0.070196
-0.000000 0.000000 1.000000
-0.000000 0.000000 1.000000
-0.147646 -0.986114 0.076023
-0.129164 0.989856 0.059171
-0.735773 -0.000000 0.677228
-0.735773 0.000000 0.677228
-0.263002 -0.962020 0.073122
-0.214141 0.975085 0.057909
-0.963701 -0.000000 0.266985
-0.963701 -0.000001 0.266985
-0.268394 -0.956758 0.112152
-0.182333 0.980346 0.075339
-0.923630 -0.000001 0.383284
-0.923630 0.000000 0.383284
-0.217167 -0.973220 0.075372
-0.173122 0.983544 0.051673
-0.960404 -0.000000 0.278611
-0.960404 -0.000001 0.278611
-0.108595 -0.993972 -0.015035
-0.148405 0.988109 -0.040217
-0.959998 -0.000002 -0.280007
-0.959998 -0.000001 -0.280007
-0.088509 -0.995329 -0.038544
-0.156617 0.984933 -0.073340
-0.895497 -0.000002 -0.445067
-0.895497 -0.000002 -0.445067
-0.070799 -0.996851 -0.035728
-0.118591 0.990829 -0.064754
-0.797008 0.000004 -0.603969
-0.797009 0.000000 -0.603968
-0.000079 -0.998934 -0.046154
0.001471 0.995704 -0.092585
-0.025958 0.000013 -0.999663
-0.025957 0.000020 -0.999663
0.003311 -0.998859 -0.047640
0.007406 0.995247 -0.097096
0.048757 0.000007 -0.998811
0.048758 0.000010 -0.998811
-0.000000 -0.998925 -0.046364
-0.000000 0.995670 -0.092954
-0.000000 0.000000 -1.000000
-0.000000 -0.000010 -1.000000
-0.003311 -0.998859 -0.047640
-0.007406 0.995247 -0.097096
-0.048757 0.000007 -0.998811
-0.048758 0.000010 -0.998811
0.000079 -0.998934 -0.046154
-0.001471 0.995704 -0.092585
0.025958 0.000013 -0.999663
0.025957 0.000020 -0.999663
0.070799 -0.996851 -0.035728
0.118591 0.990829 -0.064754
0.797008 0.000004 -0.603968
0.797009 0.000000 -0.603968
0.088509 -0.995329 -0.038544
0.156617 0.984933 -0.073340
0.895497 -0.000002 -0.445067
0.895497 -0.000002 -0.445067
-0.924495 -0.000001 -0.381195
-0.761658 0.517534 -0.389919
-0.000000 -0.000000 -1.000000
0.988405 0.000000 -0.151839
0.997094 0.000000 -0.076177
0.824092 -0.561031 -0.078202
0.816567 -0.555816 -0.155840
1.000000 0.000000 0.000000
0.826581 -0.562817 0.000001
0.999924 -0.000000 0.012315
0.826516 -0.562771 0.012647
0.999697 0.000000 0.024627
0.826319 -0.562634 0.025292
0.954579 0.000000 0.297958
0.425969 -0.000000 0.904738
0.350560 -0.240025 0.905260
0.787446 -0.535492 0.305248
-0.345115 -0.000000 0.938560
-0.279878 0.188100 0.941428
-0.299806 0.863747 -0.405040
0.322945 -0.932302 -0.162851
0.326161 -0.941772 -0.081756
0.327201 -0.944955 -0.000000
0.327175 -0.944871 0.013231
0.327090 -0.944623 0.026459
0.310632 -0.895776 0.317952
0.137518 -0.399415 0.906398
-0.107323 0.305553 0.946107
0.299806 0.863747 -0.405040
-0.326161 -0.941772 -0.081757
-0.322945 -0.932301 -0.162851
-0.327201 -0.944955 -0.000000
-0.327174 -0.944871 0.013231
-0.327090 -0.944623 0.026459
-0.137518 -0.399415 0.906398
-0.310633 -0.895776 0.317951
0.107324 0.305554 0.946107
0.761657 0.517534 -0.389919
-0.816567 -0.555817 -0.155840
-0.824092 -0.561032 -0.078202
-0.826581 -0.562818 -0.000000
-0.826516 -0.562771 0.012647
-0.826319 -0.562635 0.025292
-0.787447 -0.535493 0.305245
-0.350561 -0.240026 0.905260
0.279879 0.188101 0.941428
0.924495 -0.000001 -0.381195
-0.997094 0.000000 -0.076177
-0.988405 -0.000000 -0.151840
-1.000000 0.000000 0.000000
-0.999924 -0.000000 0.012315
-0.999697 0.000000 0.024627
-0.425972 -0.000000 0.904736
-0.954581 0.000000 0.297953
0.345114 0.000000 0.938561
0.761657 -0.517534 -0.389918
-0.808221 0.570028 -0.147809
-0.805272 0.587707 -0.078344
-0.843991 0.536302 -0.007674
-0.865283 0.501126 0.012560
-0.848412 0.528122 0.035834
-0.787447 0.535493 0.305245
-0.350560 0.240025 0.905260
0.279878 -0.188101 0.941428
0.299806 -0.863747 -0.405040
-0.316635 0.943784 -0.094945
-0.324533 0.937511 -0.125506
-0.370325 0.928164 -0.037033
-0.376092 0.926005 0.032689
-0.326403 0.942279 0.074648
-0.137518 0.399416 0.906397
-0.310632 0.895776 0.317952
0.107322 -0.305552 0.946108
-0.299807 -0.863747 -0.405040
0.308361 0.941844 -0.133580
0.294642 0.950346 -0.100146
0.364634 0.930673 -0.029848
0.403867 0.914104 0.036125
0.372909 0.925743 0.062761
0.310632 0.895775 0.317953
0.137517 0.399416 0.906397
-0.107323 -0.305552 0.946108
-0.761658 -0.517534 -0.389918
0.823959 0.560543 -0.082966
0.816566 0.555818 -0.155839
0.861330 0.508045 0.000001
0.857675 0.513925 0.016581
0.826319 0.562635 0.025292
0.350559 0.240025 0.905260
0.787446 0.535493 0.305249
-0.279879 -0.188101 0.941428
0.000000 -0.000000 -1.000000
0.761657 0.517534 -0.389919
-0.824092 -0.561032 -0.078202
-0.997094 0.000000 -0.076177
-0.988405 0.000000 -0.151839
-0.816567 -0.555816 -0.155840
-1.000000 0.000000 0.000000
-0.826581 -0.562818 0.000000
-0.826516 -0.562771 0.012647
-0.999924 -0.000000 0.012315
-0.999697 0.000000 0.024627
-0.826319 -0.562634 0.025292
-0.350559 -0.240025 0.905260
-0.425969 -0.000000 0.904738
-0.954579 0.000000 0.297959
-0.787446 -0.535492 0.305250
0.345115 -0.000000 0.938560
0.279878 0.188100 0.941428
0.299806 0.863747 -0.405040
-0.322945 -0.932302 -0.162851
-0.326162 -0.941772 -0.081756
-0.327202 -0.944955 -0.000000
-0.327175 -0.944871 0.013231
-0.327090 -0.944623 0.026459
-0.310632 -0.895775 0.317953
-0.137518 -0.399415 0.906398
0.107323 0.305554 0.946107
-0.299806 0.863747 -0.405040
0.326161 -0.941772 -0.081757
0.322945 -0.932301 -0.162850
0.327201 -0.944955 -0.000000
0.327174 -0.944871 0.013231
0.327090 -0.944623 0.026459
0.137518 -0.399415 0.906398
0.310633 -0.895776 0.317951
-0.107324 0.305554 0.946107
-0.761657 0.517534 -0.389919
0.816567 -0.555817 -0.155840
0.824091 -0.561033 -0.078202
0.826581 -0.562818 -0.000000
0.826516 -0.562771 0.012647
0.826319 -0.562635 0.025292
0.787447 -0.535493 0.305245
0.350561 -0.240025 0.905260
-0.279879 0.188101 0.941428
-0.924494 -0.000001 -0.381196
0.997094 0.000000 -0.076177
0.988405 -0.000000 -0.151840
1.000000 0.000000 0.000000
0.999924 -0.000000 0.012315
0.999697 0.000000 0.024627
0.425971 -0.000000 0.904737
0.954581 0.000000 0.297953
-0.345115 0.000000 0.938560
-0.761657 -0.517534 -0.389919
0.808221 0.570028 -0.147809
0.805271 0.587708 -0.078344
0.843991 0.536303 -0.007674
0.865283 0.501127 0.012560
0.848412 0.528122 0.035834
0.787447 0.535493 0.305246
0.350560 0.240025 0.905260
-0.279878 -0.188101 0.941428
-0.299806 -0.863747 -0.405040
0.316635 0.943784 -0.094945
0.324533 0.937511 -0.125506
0.370325 0.928164 -0.037033
0.376092 0.926005 0.032689
0.326403 0.942279 0.074648
0.137518 0.399416 0.906397
0.310632 0.895776 0.317952
-0.107322 -0.305552 0.946108
0.299807 -0.863747 -0.405040
-0.308361 0.941844 -0.133580
-0.294642 0.950346 -0.100146
-0.364634 0.930672 -0.029848
-0.403867 0.914104 0.036125
-0.372909 0.925743 0.062761
-0.310632 0.895775 0.317953
-0.137518 0.399416 0.906397
0.107323 -0.305552 0.946108
0.761657 -0.517534 -0.389919
-0.823959 0.560543 -0.082966
-0.816566 0.555818 -0.155839
-0.861330 0.508046 0.000000
-0.857675 0.513925 0.016581
-0.826319 0.562635 0.025292
-0.350559 0.240025 0.905261
-0.787445 0.535493 0.305250
0.279879 -0.188102 0.941427
0.016652 -0.999667 -0.019688
-0.000000 -1.000000 -0.000000
0.011517 -0.999900 -0.008196
0.016652 0.999667 -0.019689
0.011517 0.999900 -0.008196
-0.000001 1.000000 -0.000000
0.802205 0.000002 0.597049
0.803640 0.000001 0.595116
0.888745 0.000001 0.458402
0.888745 0.000000 0.458402
-0.000000 -1.000000 -0.000000
-0.000000 1.000000 -0.000000
0.646145 0.000001 0.763214
0.646145 0.000001 0.763214
0.915929 0.000000 0.401340
-0.813346 -0.000000 0.581781
-0.813346 0.000002 0.581781
0.937810 0.000000 0.347149
0.937810 0.000000 0.347149
-0.993641 -0.000001 -0.112592
-0.993641 -0.000001 -0.112592
0.000000 -1.000000 -0.000000
-0.000000 1.000000 -0.000000
-1.000000 0.000000 0.000000
-1.000000 -0.000000 0.000000
0.000000 -1.000000 0.000000
0.000000 1.000000 0.000000
-0.944328 0.000001 -0.329005
-0.944328 0.000000 -0.329005
0.013553 -0.999873 -0.008398
0.013553 0.999873 -0.008398
-0.711102 0.000004 -0.703089
-0.543597 0.000005 -0.839346
0.913525 0.000000 -0.406784
0.008212 0.000006 -0.999966
0.799981 0.000000 -0.600025
0.797872 0.000002 0.602828
-0.011517 -0.999900 -0.008196
0.000000 -1.000000 -0.000000
-0.016652 -0.999667 -0.019688
0.000001 1.000000 -0.000000
-0.011517 0.999900 -0.008196
-0.016652 0.999667 -0.019689
-0.888745 0.000001 0.458402
-0.803640 0.000001 0.595116
-0.802205 0.000002 0.597049
-0.888745 0.000000 0.458402
0.000000 -1.000000 -0.000000
0.000000 1.000000 -0.000000
-0.646145 0.000001 0.763214
-0.646145 0.000001 0.763214
-0.915929 0.000000 0.401340
-0.915929 0.000000 0.401341
0.813346 -0.000000 0.581781
0.813346 0.000002 0.581781
-0.937810 0.000000 0.347149
-0.937810 0.000000 0.347149
0.993641 -0.000001 -0.112592
0.993641 -0.000001 -0.112592
-0.000000 -1.000000 -0.000000
0.000000 1.000000 -0.000000
1.000000 0.000000 0.000000
1.000000 -0.000000 0.000000
-0.000000 -1.000000 0.000000
-0.000000 1.000000 0.000000
0.944328 0.000001 -0.329005
0.944328 0.000000 -0.329005
-0.013553 -0.999873 -0.008398
-0.013553 0.999873 -0.008398
0.711102 0.000004 -0.703089
0.543597 0.000005 -0.839346
-0.913525 0.000000 -0.406783
-0.008212 0.000006 -0.999966
-0.799981 0.000000 -0.600025
-0.797871 0.000002 0.602828
-0.166121 0.858370 0.485392
-0.166105 0.858373 0.485392
-0.166088 0.858376 0.485392
0.967662 0.252118 -0.008121
0.956158 0.292823 0.004161
0.942798 0.332960 0.016435
-0.080098 0.413918 -0.906783
-0.080089 0.413921 -0.906783
-0.080081 0.413925 -0.906782
-0.938579 -0.344885 0.011108
-0.948065 -0.318073 -0.001627
-0.956630 -0.290952 -0.014361
-0.189873 0.981300 -0.031605
-0.189896 0.981295 -0.031606
-0.189918 0.981291 -0.031607
0.189742 -0.980640 -0.048404
0.189742 -0.980640 -0.048404
0.189742 -0.980640 -0.048404
0.166105 0.858373 0.485392
0.166121 0.858370 0.485392
0.166088 0.858376 0.485392
-0.956157 0.292824 0.004161
-0.967662 0.252118 -0.008121
-0.942797 0.332961 0.016435
0.080089 0.413921 -0.906783
0.080098 0.413918 -0.906784
0.080081 0.413925 -0.906782
0.948065 -0.318074 -0.001627
0.938579 -0.344886 0.011108
0.956630 -0.290953 -0.014361
0.189896 0.981295 -0.031606
0.189873 0.981300 -0.031605
0.189918 0.981291 -0.031607
-0.189742 -0.980640 -0.048404
-0.189742 -0.980640 -0.048404
-0.189742 -0.980640 -0.048404
578
0 0 1 2 0 1 2 2
0 3 4 5 3 4 5 2
0 0 6 7 6 7 8 1
0 0 7 1 6 8 9 1
0 6 8 7 7 10 8 1
0 8 9 7 10 11 8 1
0 8 10 11 10 12 13 1
0 8 11 9 10 13 11 1
0 10 3 11 12 14 13 1
0 3 5 11 14 15 13 1
0 12 13 14 16 17 18 2
0 15 16 17 19 20 20 2
0 12 18 13 21 21 21 1
0 19 20 21 22 23 24 1
0 19 22 17 22 25 26 1
0 19 17 20 22 26 23 1
0 22 23 17 25 27 26 1
0 23 15 17 27 28 26 1
0 13 24 14 17 29 18 2
0 21 20 25 24 23 30 1
0 21 25 26 24 30 31 1
0 20 17 25 23 26 30 1
0 24 27 14 29 32 18 2
0 26 25 28 31 30 31 1
0 25 29 28 30 33 31 1
0 25 17 29 30 26 33 1
0 30 31 2 34 35 2 2
0 32 4 33 36 4 37 2
0 34 35 31 38 39 40 1
0 35 36 31 39 41 40 1
0 35 37 38 39 42 43 1
0 35 38 36 39 43 41 1
0 37 39 38 42 44 43 1
0 39 40 38 44 45 43 1
0 39 32 33 44 46 47 1
0 39 33 40 44 47 45 1
0 31 41 2 35 48 2 2
0 33 4 42 37 4 49 2
0 31 36 43 40 41 50 1
0 31 43 41 40 50 51 1
0 36 38 43 41 43 50 1
0 38 44 43 43 52 50 1
0 38 40 45 43 45 53 1
0 38 45 44 43 53 52 1
0 40 33 45 45 47 53 1
0 33 42 45 47 54 53 1
0 41 46 2 48 55 2 2
0 42 4 47 49 4 56 2
0 41 43 46 51 50 57 1
0 43 48 46 50 58 57 1
0 43 44 49 50 52 59 1
0 43 49 48 50 59 58 1
0 44 45 49 52 53 59 1
0 45 50 49 53 60 59 1
0 45 42 47 53 54 61 1
0 45 47 50 53 61 60 1
0 46 0 2 55 0 2 2
0 47 4 3 56 4 3 2
0 46 48 6 57 58 7 1
0 46 6 0 57 7 6 1
0 48 49 6 58 59 7 1
0 49 8 6 59 10 7 1
0 49 50 10 59 60 12 1
0 49 10 8 59 12 10 1
0 50 47 10 60 61 12 1
0 47 3 10 61 14 12 1
0 30 34 31 62 38 40 1
0 2 51 52 2 63 64 2
0 53 4 54 65 4 66 2
0 55 56 52 67 68 69 1
0 51 55 52 70 67 69 1
0 55 57 56 67 71 68 1
0 55 58 57 67 72 71 1
0 59 60 57 73 74 71 1
0 58 59 57 72 73 71 1
0 59 54 60 73 75 74 1
0 59 53 54 73 76 75 1
0 14 61 62 18 77 78 2
0 17 16 63 20 20 79 2
0 61 64 62 80 80 80 1
0 65 66 67 81 82 83 1
0 17 68 67 26 84 83 1
0 66 17 67 82 26 83 1
0 17 69 68 26 85 84 1
0 17 63 69 26 86 85 1
0 14 27 61 18 32 77 2
0 29 66 65 33 82 81 1
0 28 29 65 31 33 81 1
0 29 17 66 33 26 82 1
0 14 24 27 18 29 32 2
0 26 29 28 31 33 31 1
0 26 25 29 31 30 33 1
0 25 17 29 30 26 33 1
0 2 70 30 2 87 34 2
0 71 4 32 88 4 36 2
0 70 35 34 89 39 38 1
0 70 72 35 89 90 39 1
0 73 37 35 91 42 39 1
0 72 73 35 90 91 39 1
0 73 39 37 91 44 42 1
0 73 74 39 91 92 44 1
0 71 32 39 93 46 44 1
0 74 71 39 92 93 44 1
0 2 75 70 2 94 87 2
0 76 4 71 95 4 88 2
0 77 72 70 96 90 89 1
0 75 77 70 97 96 89 1
0 77 73 72 96 91 90 1
0 77 78 73 96 98 91 1
0 79 74 73 99 92 91 1
0 78 79 73 98 99 91 1
0 79 71 74 99 93 92 1
0 79 76 71 99 100 93 1
0 2 80 75 2 101 94 2
0 81 4 76 102 4 95 2
0 80 77 75 103 96 97 1
0 80 82 77 103 104 96 1
0 83 78 77 105 98 96 1
0 82 83 77 104 105 96 1
0 83 79 78 105 99 98 1
0 83 84 79 105 106 99 1
0 81 76 79 107 100 99 1
0 84 81 79 106 107 99 1
0 2 52 80 2 64 101 2
0 54 4 81 66 4 102 2
0 56 82 80 68 104 103 1
0 52 56 80 69 68 103 1
0 56 83 82 68 105 104 1
0 56 57 83 68 71 105 1
0 60 84 83 74 106 105 1
0 57 60 83 71 74 105 1
0 60 81 84 74 107 106 1
0 60 54 81 74 75 107 1
0 70 34 30 89 38 62 1
0 85 86 87 108 109 110 2
0 88 89 90 111 112 113 2
0 91 88 92 114 115 116 1
0 88 90 92 115 117 116 1
0 86 93 87 109 118 110 2
0 90 89 94 113 112 119 2
0 92 90 94 116 117 120 1
0 92 94 95 116 120 121 1
0 93 96 87 118 122 110 2
0 94 89 97 119 112 123 2
0 95 94 98 121 120 124 1
0 94 97 98 120 125 124 1
0 96 99 87 122 126 110 2
0 97 89 100 123 112 127 2
0 98 97 100 124 125 128 1
0 98 100 101 124 128 129 1
0 99 102 87 126 130 110 2
0 100 89 103 127 112 131 2
0 101 100 104 129 128 132 1
0 100 103 104 128 133 132 1
0 102 105 87 130 134 110 2
0 103 89 106 131 112 135 2
0 104 103 106 132 133 136 1
0 104 106 107 132 136 137 1
0 105 108 87 134 138 110 2
0 106 89 109 135 112 139 2
0 107 106 110 137 136 140 1
0 106 109 110 136 141 140 1
0 108 111 87 138 142 110 2
0 109 89 112 139 112 143 2
0 110 109 112 140 141 144 1
0 110 112 113 140 144 145 1
0 111 114 87 142 146 110 2
0 112 89 115 143 112 147 2
0 113 112 116 145 144 148 1
0 112 115 116 144 149 148 1
0 114 117 87 146 150 110 2
0 115 89 118 147 112 151 2
0 116 115 118 148 149 152 1
0 116 118 119 148 152 153 1
0 117 120 87 150 154 110 2
0 118 89 121 151 112 155 2
0 119 118 122 153 152 156 1
0 118 121 122 152 157 156 1
0 120 123 87 154 158 110 2
0 121 89 124 155 112 159 2
0 122 121 124 156 157 160 1
0 122 124 125 156 160 161 1
0 123 126 87 158 162 110 2
0 124 89 127 159 112 163 2
0 125 124 128 161 160 164 1
0 124 127 128 160 165 164 1
0 126 129 87 162 166 110 2
0 127 89 130 163 112 167 2
0 128 127 130 164 165 168 1
0 128 130 131 164 168 169 1
0 129 132 87 166 170 110 2
0 130 89 133 167 112 171 2
0 131 130 134 169 168 172 1
0 130 133 134 168 173 172 1
0 132 135 87 170 174 110 2
0 133 89 136 171 112 175 2
0 134 133 136 172 173 176 1
0 134 136 137 172 176 177 1
0 135 138 87 174 178 110 2
0 136 89 139 175 112 179 2
0 137 136 140 177 176 180 1
0 136 139 140 176 181 180 1
0 138 141 87 178 182 110 2
0 139 89 142 179 112 183 2
0 140 139 142 180 181 184 1
0 140 142 143 180 184 185 1
0 141 144 87 182 186 110 2
0 142 89 145 183 112 187 2
0 143 142 146 185 184 188 1
0 142 145 146 184 189 188 1
0 144 85 87 186 108 110 2
0 145 89 88 187 112 111 2
0 146 145 88 188 189 115 1
0 146 88 91 188 115 114 1
0 147 148 149 190 191 192 2
0 150 151 152 193 194 195 1
0 150 152 153 193 195 196 1
0 151 154 152 194 197 195 1
0 154 155 152 197 198 195 1
0 154 156 157 197 199 200 1
0 154 157 155 197 200 198 1
0 156 158 157 199 201 200 1
0 158 159 157 201 202 200 1
0 160 161 162 203 204 205 1
0 160 162 163 203 205 206 1
0 161 164 162 204 207 205 1
0 164 165 162 207 208 205 1
0 148 166 149 191 209 192 2
0 153 152 167 196 195 210 1
0 152 168 167 195 211 210 1
0 152 155 169 195 198 212 1
0 152 169 168 195 212 211 1
0 155 157 169 198 200 212 1
0 157 170 169 200 213 212 1
0 157 159 171 200 202 214 1
0 157 171 170 200 214 213 1
0 163 162 172 206 205 215 1
0 162 173 172 205 216 215 1
0 162 165 174 205 208 217 1
0 162 174 173 205 217 216 1
0 166 175 149 209 218 192 2
0 167 168 176 210 211 219 1
0 167 176 177 210 219 220 1
0 168 169 176 211 212 219 1
0 169 178 176 212 221 219 1
0 169 170 179 212 213 222 1
0 169 179 178 212 222 221 1
0 170 171 179 213 214 222 1
0 171 180 179 214 223 222 1
0 172 173 181 215 216 224 1
0 172 181 182 215 224 225 1
0 173 174 181 216 217 224 1
0 174 183 181 217 226 224 1
0 175 184 149 218 227 192 2
0 177 176 185 220 219 228 1
0 176 186 185 219 229 228 1
0 176 178 187 219 221 230 1
0 176 187 186 219 230 229 1
0 178 179 187 221 222 230 1
0 179 188 187 222 231 230 1
0 179 180 189 222 223 232 1
0 179 189 188 222 232 231 1
0 182 181 190 225 224 233 1
0 181 191 190 224 234 233 1
0 181 183 192 224 226 235 1
0 181 192 191 224 235 234 1
0 184 193 149 227 236 192 2
0 185 186 194 228 229 237 1
0 185 194 195 228 237 238 1
0 186 187 194 229 230 237 1
0 187 196 194 230 239 237 1
0 187 188 197 230 231 240 1
0 187 197 196 230 240 239 1
0 188 189 197 231 232 240 1
0 189 198 197 232 241 240 1
0 190 191 199 233 234 242 1
0 190 199 200 233 242 243 1
0 191 192 199 234 235 242 1
0 192 201 199 235 244 242 1
0 193 202 149 236 245 192 2
0 195 194 203 238 237 246 1
0 194 204 203 237 247 246 1
0 194 196 205 237 239 248 1
0 194 205 204 237 248 247 1
0 196 197 205 239 240 248 1
0 197 206 205 240 249 248 1
0 197 198 207 240 241 250 1
0 197 207 206 240 250 249 1
0 200 199 208 243 242 251 1
0 199 209 208 242 252 251 1
0 199 201 210 242 244 253 1
0 199 210 209 242 253 252 1
0 202 211 149 245 254 192 2
0 203 204 212 246 247 255 1
0 203 212 213 246 255 256 1
0 204 205 212 247 248 255 1
0 205 214 212 248 257 255 1
0 205 206 215 248 249 258 1
0 205 215 214 248 258 257 1
0 206 207 215 249 250 258 1
0 207 216 215 250 259 258 1
0 208 209 217 251 252 260 1
0 208 217 218 251 260 261 1
0 209 210 217 252 253 260 1
0 210 219 217 253 262 260 1
0 211 220 149 254 263 192 2
0 213 212 221 256 255 264 1
0 212 222 221 255 265 264 1
0 212 214 223 255 257 266 1
0 212 223 222 255 266 265 1
0 214 215 223 257 258 266 1
0 215 224 223 258 267 266 1
0 215 216 225 258 259 268 1
0 215 225 224 258 268 267 1
0 218 217 226 261 260 269 1
0 217 227 226 260 270 269 1
0 217 219 228 260 262 271 1
0 217 228 227 260 271 270 1
0 220 229 149 263 272 192 2
0 221 222 230 264 265 273 1
0 221 230 231 264 273 274 1
0 222 223 230 265 266 273 1
0 223 232 230 266 275 273 1
0 223 224 233 266 267 276 1
0 223 233 232 266 276 275 1
0 224 225 233 267 268 276 1
0 225 234 233 268 277 276 1
0 226 227 235 269 270 278 1
0 226 235 236 269 278 279 1
0 227 228 235 270 271 278 1
0 228 237 235 271 280 278 1
0 229 147 149 272 190 192 2
0 231 230 150 274 273 193 1
0 230 151 150 273 194 193 1
0 230 232 154 273 275 197 1
0 230 154 151 273 197 194 1
0 232 233 154 275 276 197 1
0 233 156 154 276 199 197 1
0 233 234 158 276 277 201 1
0 233 158 156 276 201 199 1
0 236 235 160 279 278 203 1
0 235 161 160 278 204 203 1
0 235 237 164 278 280 207 1
0 235 164 161 278 207 204 1
0 238 239 240 281 282 236 2
0 241 242 243 283 284 285 1
0 244 241 243 286 283 285 1
0 241 245 242 283 287 284 1
0 241 246 245 283 288 287 1
0 247 248 245 289 290 287 1
0 246 247 245 288 289 287 1
0 247 249 248 289 291 290 1
0 247 250 249 289 292 291 1
0 251 252 253 293 294 295 1
0 254 251 253 296 293 295 1
0 251 255 252 293 297 294 1
0 251 256 255 293 298 297 1
0 238 257 239 281 299 282 2
0 258 241 244 300 283 286 1
0 258 259 241 300 301 283 1
0 260 246 241 302 288 283 1
0 259 260 241 301 302 283 1
0 260 247 246 302 289 288 1
0 260 261 247 302 303 289 1
0 262 250 247 304 292 289 1
0 261 262 247 303 304 289 1
0 263 251 254 305 293 296 1
0 263 264 251 305 306 293 1
0 265 256 251 307 298 293 1
0 264 265 251 306 307 293 1
0 238 266 257 281 308 299 2
0 267 259 258 309 301 300 1
0 268 267 258 310 309 300 1
0 267 260 259 309 302 301 1
0 267 269 260 309 311 302 1
0 270 261 260 312 303 302 1
0 269 270 260 311 312 302 1
0 270 262 261 312 304 303 1
0 270 271 262 312 313 304 1
0 272 264 263 314 306 305 1
0 273 272 263 315 314 305 1
0 272 265 264 314 307 306 1
0 272 274 265 314 316 307 1
0 238 275 266 281 317 308 2
0 276 267 268 318 309 310 1
0 276 277 267 318 319 309 1
0 278 269 267 320 311 309 1
0 277 278 267 319 320 309 1
0 278 270 269 320 312 311 1
0 278 279 270 320 321 312 1
0 280 271 270 322 313 312 1
0 279 280 270 321 322 312 1
0 281 272 273 323 314 315 1
0 281 282 272 323 324 314 1
0 283 274 272 325 316 314 1
0 282 283 272 324 325 314 1
0 238 284 275 281 326 317 2
0 285 277 276 327 319 318 1
0 286 285 276 328 327 318 1
0 285 278 277 327 320 319 1
0 285 287 278 327 329 320 1
0 288 279 278 330 321 320 1
0 287 288 278 329 330 320 1
0 288 280 279 330 322 321 1
0 288 289 280 330 331 322 1
0 290 282 281 332 324 323 1
0 291 290 281 333 332 323 1
0 290 283 282 332 325 324 1
0 290 292 283 332 334 325 1
0 238 293 284 281 335 326 2
0 294 285 286 336 327 328 1
0 294 295 285 336 337 327 1
0 296 287 285 338 329 327 1
0 295 296 285 337 338 327 1
0 296 288 287 338 330 329 1
0 296 297 288 338 339 330 1
0 298 289 288 340 331 330 1
0 297 298 288 339 340 330 1
0 299 290 291 341 332 333 1
0 299 300 290 341 342 332 1
0 301 292 290 343 334 332 1
0 300 301 290 342 343 332 1
0 238 302 293 281 344 335 2
0 303 295 294 345 337 336 1
0 304 303 294 346 345 336 1
0 303 296 295 345 338 337 1
0 303 305 296 345 347 338 1
0 306 297 296 348 339 338 1
0 305 306 296 347 348 338 1
0 306 298 297 348 340 339 1
0 306 307 298 348 349 340 1
0 308 300 299 350 342 341 1
0 309 308 299 351 350 341 1
0 308 301 300 350 343 342 1
0 308 310 301 350 352 343 1
0 238 311 302 281 353 344 2
0 312 303 304 354 345 346 1
0 312 313 303 354 355 345 1
0 314 305 303 356 347 345 1
0 313 314 303 355 356 345 1
0 314 306 305 356 348 347 1
0 314 315 306 356 357 348 1
0 316 307 306 358 349 348 1
0 315 316 306 357 358 348 1
0 317 308 309 359 350 351 1
0 317 318 308 359 360 350 1
0 319 310 308 361 352 350 1
0 318 319 308 360 361 350 1
0 238 320 311 281 362 353 2
0 321 313 312 363 355 354 1
0 322 321 312 364 363 354 1
0 321 314 313 363 356 355 1
0 321 323 314 363 365 356 1
0 324 315 314 366 357 356 1
0 323 324 314 365 366 356 1
0 324 316 315 366 358 357 1
0 324 325 316 366 367 358 1
0 326 318 317 368 360 359 1
0 327 326 317 369 368 359 1
0 326 319 318 368 361 360 1
0 326 328 319 368 370 361 1
0 238 240 320 281 236 362 2
0 243 321 322 285 363 364 1
0 243 242 321 285 284 363 1
0 245 323 321 287 365 363 1
0 242 245 321 284 287 363 1
0 245 324 323 287 366 365 1
0 245 248 324 287 290 366 1
0 249 325 324 291 367 366 1
0 248 249 324 290 291 366 1
0 253 326 327 295 368 369 1
0 253 252 326 295 294 368 1
0 255 328 326 297 370 368 1
0 252 255 326 294 297 368 1
0 329 330 331 371 372 373 2
0 332 333 334 374 375 376 2
0 329 332 330 377 378 379 1
0 332 334 330 378 380 379 1
0 330 335 331 372 381 373 2
0 334 333 336 376 375 382 2
0 330 334 336 379 380 383 1
0 330 336 335 379 383 384 1
0 335 337 331 381 385 373 2
0 336 333 338 382 375 385 2
0 335 336 337 384 383 386 1
0 336 338 337 383 387 386 1
0 337 339 331 385 388 373 2
0 338 333 340 385 375 389 2
0 337 338 340 386 387 390 1
0 337 340 339 386 390 391 1
0 339 341 331 388 392 373 2
0 340 333 342 389 375 393 2
0 339 340 341 391 390 394 1
0 340 342 341 390 395 394 1
0 341 343 331 392 396 373 2
0 342 333 344 393 375 397 2
0 341 342 344 394 395 398 1
0 341 344 343 394 398 399 1
0 343 345 331 396 400 373 2
0 344 333 346 397 375 401 2
0 343 344 345 399 398 402 1
0 344 346 345 398 403 402 1
0 345 347 331 400 404 373 2
0 346 333 347 401 375 404 2
0 345 346 347 402 403 405 1
0 345 347 347 402 405 405 1
0 347 348 331 404 406 373 2
0 347 333 348 404 375 406 2
0 347 347 348 405 405 407 1
0 347 348 348 405 407 407 1
0 348 329 331 406 371 373 2
0 348 333 332 406 375 374 2
0 348 348 332 407 407 378 1
0 348 332 329 407 378 377 1
0 349 350 351 408 409 410 2
0 352 353 354 411 412 413 2
0 350 354 351 414 415 416 1
0 350 352 354 414 417 415 1
0 349 355 350 408 418 409 2
0 356 353 352 419 412 411 2
0 356 352 350 420 417 414 1
0 355 356 350 421 420 414 1
0 349 357 355 408 422 418 2
0 358 353 356 423 412 419 2
0 357 356 355 424 420 421 1
0 357 358 356 424 425 420 1
0 349 359 357 408 426 422 2
0 360 353 358 427 412 423 2
0 360 358 357 428 425 424 1
0 359 360 357 429 428 424 1
0 349 361 359 408 430 426 2
0 362 353 360 431 412 427 2
0 361 360 359 432 428 429 1
0 361 362 360 432 433 428 1
0 349 363 361 408 434 430 2
0 364 353 362 435 412 431 2
0 364 362 361 436 433 432 1
0 363 364 361 437 436 432 1
0 349 365 363 408 438 434 2
0 366 353 364 439 412 435 2
0 365 364 363 440 436 437 1
0 365 366 364 440 441 436 1
0 349 367 365 408 442 438 2
0 367 353 366 442 412 439 2
0 367 366 365 443 441 440 1
0 367 367 365 443 443 440 1
0 349 368 367 408 444 442 2
0 368 353 367 444 412 442 2
0 368 367 367 445 443 443 1
0 368 368 367 445 445 443 1
0 349 351 368 408 410 444 2
0 354 353 368 413 412 444 2
0 354 368 368 415 445 445 1
0 351 354 368 416 415 445 1
0 369 370 371 446 447 447 1
0 370 372 371 447 448 447 1
0 371 372 373 449 450 450 2
0 372 374 373 450 451 450 2
0 373 374 375 452 453 453 1
0 374 376 375 453 454 453 1
0 375 376 369 455 456 456 2
0 376 370 369 456 457 456 2
0 375 369 373 458 459 459 3
0 369 371 373 459 460 459 3
0 370 376 372 461 462 462 3
0 376 374 372 462 463 462 3
0 377 378 379 464 464 465 1
0 377 380 378 464 466 464 1
0 381 380 377 467 467 468 2
0 381 382 380 467 469 467 2
0 383 382 381 470 470 471 1
0 383 384 382 470 472 470 1
0 379 384 383 473 473 474 2
0 379 378 384 473 475 473 2
0 381 379 383 476 476 477 3
0 381 377 379 476 478 476 3
0 380 384 378 479 479 480 3
0 380 382 384 479 481 479 3
"turretpivot" 0 -1
4
0 0.000000 -0.023070 4.243712 0.000000 0.000000 -1
0 0.000000 -0.023070 4.243712 0.000000 1.000000 -1
0 0.000000 -0.023070 4.243712 1.000000 0.000000 -1
0 0.000000 -0.023070 4.243712 1.000000 1.000000 -1
1
0.000000 0.000000 0.000000
12
0 0 1 2 0 0 0 1
0 1 3 2 0 0 0 1
0 0 1 2 0 0 0 2
0 1 3 2 0 0 0 2
0 0 1 2 0 0 0 1
0 1 3 2 0 0 0 1
0 0 1 2 0 0 0 2
0 1 3 2 0 0 0 2
0 0 1 2 0 0 0 3
0 1 3 2 0 0 0 3
0 0 1 2 0 0 0 3
0 1 3 2 0 0 0 3
"gunpivot" 0 -1
4
0 0.000000 14.691216 -21.899145 0.000000 0.000000 -1
0 0.000000 14.691216 -21.899145 0.000000 1.000000 -1
0 0.000000 14.691216 -21.899145 1.000000 0.000000 -1
0 0.000000 14.691216 -21.899145 1.000000 1.000000 -1
1
0.000000 0.000000 0.000000
12
0 0 1 2 0 0 0 1
0 1 3 2 0 0 0 1
0 0 1 2 0 0 0 2
0 1 3 2 0 0 0 2
0 0 1 2 0 0 0 1
0 1 3 2 0 0 0 1
0 0 1 2 0 0 0 2
0 1 3 2 0 0 0 2
0 0 1 2 0 0 0 3
0 1 3 2 0 0 0 3
0 0 1 2 0 0 0 3
0 1 3 2 0 0 0 3

Materials: 3
"hull"
0.200000 0.200000 0.200000 1.000000
0.501961 0.501961 0.501961 1.000000
0.000000 0.000000 0.000000 1.000000
0.576471 0.576471 0.576471 1.000000
0.000000
1.000000
"sr712.jpg"
""
"titanium"
0.200000 0.200000 0.200000 1.000000
0.800000 0.800000 0.800000 1.000000
0.000000 0.000000 0.000000 1.000000
0.211765 0.211765 0.211765 1.000000
0.000000
1.000000
"sphere_chrome.jpg"
""
"bay"
0.200000 0.200000 0.200000 1.000000
0.274510 0.000000 0.000000 1.000000
0.000000 0.000000 0.000000 1.000000
0.317647 0.000000 0.000000 1.000000
0.000000
1.000000
"sphere_chrome.jpg"
""

Bones: 0
GroupComments: 0
MaterialComments: 0
BoneComments: 0
ModelComment: 0
