// MilkShape 3D ASCII

Frames: 30
Frame: 1

Meshes: 1
"Cylinder03" 0 0
62
1 2.688556 0.000000 0.000000 0.000000 0.000000 -1
1 1.336996 0.000000 2.340969 0.000000 0.000000 -1
1 -0.014563 0.000000 0.000000 0.000000 0.000000 -1
1 2.077059 0.053067 0.000000 0.000000 0.000000 -1
1 -0.014563 0.053067 0.000000 0.000000 0.000000 -1
1 1.031248 0.053067 1.811397 0.000000 0.000000 -1
1 2.688556 0.000000 0.000000 0.000000 1.000000 -1
1 2.980582 0.192557 0.000000 0.000000 0.833333 -1
1 1.483010 0.192557 2.593872 0.166667 0.833333 -1
1 1.336996 0.000000 2.340969 0.166667 1.000000 -1
1 2.980582 0.521477 0.000000 0.000000 0.666667 -1
1 1.483010 0.521477 2.593872 0.166667 0.666667 -1
1 2.688556 0.714034 0.000000 0.000000 0.500000 -1
1 1.336996 0.714034 2.340969 0.166667 0.500000 -1
1 2.303023 0.713408 0.000000 0.000000 0.333333 -1
1 1.144230 0.713408 2.007088 0.166667 0.333333 -1
1 2.077059 0.519601 0.000000 0.000000 0.166667 -1
1 1.031248 0.519601 1.811397 0.166667 0.166667 -1
1 1.031248 0.053067 1.811397 0.166667 0.000000 -1
1 -1.366122 0.000000 2.340969 0.000000 0.000000 -1
1 -1.060374 0.053067 1.811397 0.000000 0.000000 -1
1 -1.366122 0.000000 2.340969 0.333333 1.000000 -1
1 -1.512136 0.192557 2.593872 0.333333 0.833333 -1
1 -1.512136 0.521477 2.593872 0.333333 0.666667 -1
1 -1.366122 0.714034 2.340969 0.333333 0.500000 -1
1 -1.173356 0.713408 2.007088 0.333333 0.333333 -1
1 -1.060374 0.519601 1.811397 0.333333 0.166667 -1
1 -1.060374 0.053067 1.811397 0.333333 0.000000 -1
1 -2.717682 0.000000 0.000000 0.000000 0.000000 -1
1 -2.106185 0.053067 0.000000 0.000000 0.000000 -1
1 -3.009709 0.192557 0.000000 0.500000 0.833333 -1
1 -2.717682 0.000000 0.000000 0.500000 1.000000 -1
1 -3.009709 0.521477 0.000000 0.500000 0.666667 -1
1 -2.717682 0.714034 0.000000 0.500000 0.500000 -1
1 -2.332150 0.713408 0.000000 0.500000 0.333333 -1
1 -2.106185 0.519601 0.000000 0.500000 0.166667 -1
1 -2.106185 0.053067 0.000000 0.500000 0.000000 -1
1 -1.366122 0.000000 -2.340969 0.000000 0.000000 -1
1 -1.060374 0.053067 -1.811397 0.000000 0.000000 -1
1 -1.366122 0.000000 -2.340969 0.666667 1.000000 -1
1 -1.512136 0.192557 -2.593872 0.666667 0.833333 -1
1 -1.512136 0.521477 -2.593872 0.666667 0.666667 -1
1 -1.366122 0.714034 -2.340969 0.666667 0.500000 -1
1 -1.173356 0.713408 -2.007088 0.666667 0.333333 -1
1 -1.060374 0.519601 -1.811397 0.666667 0.166667 -1
1 -1.060374 0.053067 -1.811397 0.666667 0.000000 -1
1 1.336996 0.000000 -2.340969 0.000000 0.000000 -1
1 1.031248 0.053067 -1.811397 0.000000 0.000000 -1
1 1.483010 0.192557 -2.593872 0.833333 0.833333 -1
1 1.336996 0.000000 -2.340969 0.833333 1.000000 -1
1 1.483010 0.521477 -2.593872 0.833333 0.666667 -1
1 1.336996 0.714034 -2.340969 0.833333 0.500000 -1
1 1.144230 0.713408 -2.007088 0.833333 0.333333 -1
1 1.031248 0.519601 -1.811397 0.833333 0.166667 -1
1 1.031248 0.053067 -1.811397 0.833333 0.000000 -1
1 2.688556 0.000000 0.000000 1.000000 1.000000 -1
1 2.980582 0.192557 0.000000 1.000000 0.833333 -1
1 2.980582 0.521477 0.000000 1.000000 0.666667 -1
1 2.688556 0.714034 0.000000 1.000000 0.500000 -1
1 2.303023 0.713408 0.000000 1.000000 0.333333 -1
1 2.077059 0.519601 0.000000 1.000000 0.166667 -1
1 2.077059 0.053067 0.000000 1.000000 0.000000 -1
51
0.000000 -1.000000 0.000000
0.000000 1.000000 0.000000
0.524623 -0.795630 0.302891
0.775996 -0.443969 0.448021
0.433991 -0.496597 0.751694
0.275241 -0.834847 0.476731
0.775995 0.443969 0.448021
0.433991 0.496597 0.751694
0.276068 0.947830 0.159388
0.139821 0.960104 0.242177
-0.330229 0.924445 -0.190658
-0.168200 0.941720 -0.291330
-0.799299 0.384916 -0.461476
-0.450486 0.433878 -0.780264
-0.866025 0.000000 -0.500000
-0.500000 0.000000 -0.866025
-0.275241 -0.834847 0.476731
-0.433990 -0.496597 0.751694
-0.433991 0.496597 0.751694
-0.139821 0.960104 0.242177
0.168199 0.941720 -0.291330
0.450486 0.433879 -0.780264
0.500000 0.000000 -0.866025
-0.867981 -0.496597 0.000000
-0.550482 -0.834847 0.000000
-0.867981 0.496597 0.000000
-0.279642 0.960104 -0.000000
0.336398 0.941720 0.000000
0.900971 0.433879 0.000000
1.000000 0.000000 0.000000
-0.275241 -0.834847 -0.476731
-0.433990 -0.496597 -0.751694
-0.433991 0.496597 -0.751694
-0.139821 0.960104 -0.242177
0.168199 0.941720 0.291330
0.450486 0.433879 0.780264
0.500000 0.000000 0.866025
0.433991 -0.496597 -0.751694
0.275241 -0.834847 -0.476731
0.433991 0.496597 -0.751694
0.139821 0.960104 -0.242177
-0.168200 0.941720 0.291330
-0.450486 0.433878 0.780264
-0.500000 0.000000 0.866025
0.524623 -0.795630 -0.302891
0.775996 -0.443969 -0.448021
0.775995 0.443969 -0.448021
0.276068 0.947830 -0.159388
-0.330229 0.924445 0.190658
-0.799299 0.384916 0.461476
-0.866025 0.000000 0.500000
84
1 0 1 2 0 0 0 2
1 3 4 5 1 1 1 2
1 6 7 8 2 3 4 1
1 6 8 9 2 4 5 1
1 7 10 8 3 6 4 1
1 10 11 8 6 7 4 1
1 10 12 13 6 8 9 1
1 10 13 11 6 9 7 1
1 12 14 13 8 10 9 1
1 14 15 13 10 11 9 1
1 14 16 17 10 12 13 1
1 14 17 15 10 13 11 1
1 16 3 17 12 14 13 1
1 3 18 17 14 15 13 1
1 1 19 2 0 0 0 2
1 5 4 20 1 1 1 2
1 9 8 21 5 4 16 1
1 8 22 21 4 17 16 1
1 8 11 23 4 7 18 1
1 8 23 22 4 18 17 1
1 11 13 23 7 9 18 1
1 13 24 23 9 19 18 1
1 13 15 25 9 11 20 1
1 13 25 24 9 20 19 1
1 15 17 25 11 13 20 1
1 17 26 25 13 21 20 1
1 17 18 27 13 15 22 1
1 17 27 26 13 22 21 1
1 19 28 2 0 0 0 2
1 20 4 29 1 1 1 2
1 21 22 30 16 17 23 1
1 21 30 31 16 23 24 1
1 22 23 30 17 18 23 1
1 23 32 30 18 25 23 1
1 23 24 33 18 19 26 1
1 23 33 32 18 26 25 1
1 24 25 33 19 20 26 1
1 25 34 33 20 27 26 1
1 25 26 35 20 21 28 1
1 25 35 34 20 28 27 1
1 26 27 35 21 22 28 1
1 27 36 35 22 29 28 1
1 28 37 2 0 0 0 2
1 29 4 38 1 1 1 2
1 31 30 39 24 23 30 1
1 30 40 39 23 31 30 1
1 30 32 41 23 25 32 1
1 30 41 40 23 32 31 1
1 32 33 41 25 26 32 1
1 33 42 41 26 33 32 1
1 33 34 43 26 27 34 1
1 33 43 42 26 34 33 1
1 34 35 43 27 28 34 1
1 35 44 43 28 35 34 1
1 35 36 45 28 29 36 1
1 35 45 44 28 36 35 1
1 37 46 2 0 0 0 2
1 38 4 47 1 1 1 2
1 39 40 48 30 31 37 1
1 39 48 49 30 37 38 1
1 40 41 48 31 32 37 1
1 41 50 48 32 39 37 1
1 41 42 51 32 33 40 1
1 41 51 50 32 40 39 1
1 42 43 51 33 34 40 1
1 43 52 51 34 41 40 1
1 43 44 53 34 35 42 1
1 43 53 52 34 42 41 1
1 44 45 53 35 36 42 1
1 45 54 53 36 43 42 1
1 46 0 2 0 0 0 2
1 47 4 3 1 1 1 2
1 49 48 55 38 37 44 1
1 48 56 55 37 45 44 1
1 48 50 57 37 39 46 1
1 48 57 56 37 46 45 1
1 50 51 57 39 40 46 1
1 51 58 57 40 47 46 1
1 51 52 59 40 41 48 1
1 51 59 58 40 48 47 1
1 52 53 59 41 42 48 1
1 53 60 59 42 49 48 1
1 53 54 61 42 43 50 1
1 53 61 60 42 50 49 1

Materials: 1
"Material01"
0.800000 0.800000 0.800000 1.000000
0.800000 0.800000 0.800000 1.000000
1.000000 1.000000 1.000000 1.000000
0.000000 0.000000 0.000000 1.000000
23.000000
1.000000
""
""

Bones: 0
