// MilkShape 3D ASCII

Frames: 30
Frame: 1

Meshes: 5
"cas" 0 3
16
0 -2.141977 3.525629 0.721184 0.127022 0.004490 -1
0 -2.141228 -0.015112 0.721184 0.127022 0.119731 -1
0 -2.141979 3.525629 3.329880 0.247109 0.004490 -1
0 -2.141225 -0.015112 3.329881 0.247109 0.119731 -1
0 -0.034226 3.525624 3.329880 0.247109 0.004490 -1
0 -0.030491 -0.011643 3.329883 0.247109 0.119619 -1
0 -0.034226 3.525624 0.721184 0.127022 0.004490 -1
0 -0.030490 -0.011643 0.721184 0.127022 0.119619 -1
0 -0.034226 3.525624 0.721184 0.449532 0.191369 -1
0 -2.141977 3.525629 0.721184 0.449549 0.213425 -1
0 -0.034226 3.525624 3.329880 0.458637 0.191513 -1
0 -2.141979 3.525629 3.329880 0.458654 0.213569 -1
0 -2.141228 -0.015112 0.721184 0.449549 0.213417 -1
0 -0.030490 -0.011643 0.721184 0.449532 0.191330 -1
0 -2.141225 -0.015112 3.329881 0.458654 0.213561 -1
0 -0.030491 -0.011643 3.329883 0.458637 0.191474 -1
16
-1.000000 -0.000212 -0.000001
-1.000000 -0.000212 0.000000
-1.000000 -0.000213 0.000001
0.000000 0.000000 1.000000
-0.000001 0.000001 1.000000
-0.000001 0.000001 1.000000
0.999999 0.001056 0.000000
0.999999 0.001056 0.000000
0.999999 0.001056 0.000000
0.000000 0.000000 -1.000000
0.000002 1.000000 0.000000
0.000002 1.000000 0.000000
0.000002 1.000000 0.000000
0.001643 -0.999999 -0.000000
0.001644 -0.999999 -0.000000
0.001644 -0.999999 0.000000
12
0 0 1 2 0 1 1 1
0 1 3 2 1 2 1 1
0 2 3 4 3 4 4 2
0 3 5 4 4 5 4 2
0 4 5 6 6 7 7 1
0 5 7 6 7 8 7 1
0 6 7 0 9 9 9 2
0 7 1 0 9 9 9 2
0 8 9 10 10 11 11 3
0 9 11 10 11 12 11 3
0 12 13 14 13 14 14 3
0 13 15 14 14 15 14 3
"bullet" 0 2
80
0 -0.989049 3.074478 -0.536531 0.050604 0.128119 -1
0 -0.989049 0.788767 -0.536531 0.050604 0.241847 -1
0 -0.800642 3.074478 -0.134745 0.041275 0.127671 -1
0 -0.800642 0.788767 -0.134745 0.041275 0.241398 -1
0 -0.800642 3.074478 -0.134745 0.098687 0.128987 -1
0 -0.800642 0.788767 -0.134745 0.098687 0.242998 -1
0 0.011576 3.074478 -0.134745 0.055606 0.128987 -1
0 0.011576 0.788767 -0.134745 0.055606 0.242998 -1
0 0.011576 3.074478 -0.536531 0.055606 0.128987 -1
0 0.011576 0.788767 -0.536531 0.055606 0.242998 -1
0 -0.989049 3.074478 -0.536531 0.108681 0.128987 -1
0 -0.989049 0.788767 -0.536531 0.108681 0.242998 -1
0 -0.803383 3.074478 -0.126668 0.041413 0.127671 -1
0 -0.983008 0.788767 -0.532455 0.050675 0.241847 -1
0 -0.983008 3.074478 -0.532455 0.050675 0.128119 -1
0 -0.803383 0.788767 -0.126668 0.041413 0.241398 -1
0 -1.404956 3.074478 0.449457 0.005777 0.128149 -1
0 -0.803383 0.788767 -0.126668 0.021738 0.241847 -1
0 -0.803383 3.074478 -0.126668 0.021738 0.128119 -1
0 -1.404956 0.788767 0.449457 0.005777 0.241879 -1
0 -1.708186 3.074478 0.185862 0.005448 0.128149 -1
0 -1.708186 0.788767 0.185862 0.005448 0.241879 -1
0 -1.757452 3.074478 1.184485 0.092167 0.128240 -1
0 -1.757452 0.788767 1.184485 0.092167 0.241969 -1
0 -1.404431 3.074478 1.181606 0.092117 0.128240 -1
0 -1.404431 0.788767 1.181606 0.092117 0.241969 -1
0 -1.405167 3.074478 0.447488 0.005743 0.128149 -1
0 -1.405167 0.788767 0.447488 0.005743 0.241879 -1
0 -1.711100 3.074478 0.184236 0.005421 0.128149 -1
0 -1.711100 0.788767 0.184236 0.005421 0.241879 -1
0 -1.405811 3.074478 1.182288 0.092129 0.128240 -1
0 -1.758720 0.788767 1.185036 0.092176 0.241969 -1
0 -1.758720 3.074478 1.185036 0.092176 0.128240 -1
0 -1.405811 0.788767 1.182288 0.092129 0.241969 -1
0 2.197507 3.066533 -0.134746 0.039498 0.128811 -1
0 2.385913 0.780821 -0.536532 0.048382 0.242098 -1
0 2.385913 3.066533 -0.536532 0.048382 0.129257 -1
0 2.197507 0.780821 -0.134746 0.039498 0.241654 -1
0 1.385289 3.066533 -0.134745 0.108516 0.128934 -1
0 2.197507 0.780821 -0.134746 0.065434 0.242947 -1
0 2.197507 3.066533 -0.134746 0.065434 0.128934 -1
0 1.385289 0.780821 -0.134745 0.108516 0.242947 -1
0 1.385289 3.066533 -0.536532 0.108516 0.128934 -1
0 1.385289 0.780821 -0.536532 0.108516 0.242947 -1
0 2.385913 3.066533 -0.536532 0.047234 0.129236 -1
0 1.385289 0.780821 -0.536532 0.097775 0.242361 -1
0 1.385289 3.066533 -0.536532 0.097775 0.129236 -1
0 2.385913 0.780821 -0.536532 0.047234 0.242361 -1
0 1.385289 3.066533 -0.134745 0.097775 0.129236 -1
0 2.197507 3.066533 -0.134746 0.054642 0.129236 -1
0 2.197507 0.780821 -0.134746 0.054642 0.242361 -1
0 2.379873 3.066533 -0.532457 0.048450 0.129257 -1
0 2.379873 0.780821 -0.532457 0.048450 0.242098 -1
0 2.200247 3.066533 -0.126668 0.039630 0.128811 -1
0 2.200247 0.780821 -0.126668 0.039630 0.241654 -1
0 2.200247 3.066533 -0.126668 0.021738 0.128505 -1
0 2.200247 0.780821 -0.126668 0.021738 0.242233 -1
0 2.801820 3.066533 0.449458 0.005777 0.128535 -1
0 2.801820 0.780821 0.449458 0.005777 0.242263 -1
0 3.105051 3.066533 0.185862 0.005448 0.128535 -1
0 3.105051 0.780821 0.185862 0.005448 0.242263 -1
0 3.105051 3.066533 0.185862 0.005850 0.129289 -1
0 3.105051 0.780821 0.185862 0.005850 0.242133 -1
0 2.801820 3.066533 0.449458 0.006162 0.129289 -1
0 2.801298 3.066533 6.021607 0.113288 0.128669 -1
0 3.107025 0.780821 6.018123 0.113222 0.242003 -1
0 3.107025 3.066533 6.018123 0.113222 0.128669 -1
0 2.801298 0.780821 6.021607 0.113288 0.242003 -1
0 2.802031 3.066533 0.447487 0.007861 0.128669 -1
0 2.802031 0.780821 0.447487 0.007861 0.242003 -1
0 3.107965 3.066533 0.184236 0.005421 0.128535 -1
0 2.802031 0.780821 0.447487 0.005743 0.242263 -1
0 2.802031 3.066533 0.447487 0.005743 0.128535 -1
0 3.107965 0.780821 0.184236 0.005421 0.242263 -1
0 3.107965 0.780821 0.184236 0.007734 0.242003 -1
0 3.107965 3.066533 0.184236 0.007734 0.128669 -1
0 3.108291 3.066533 6.018665 0.113233 0.128669 -1
0 3.108291 0.780821 6.018665 0.113233 0.242003 -1
0 2.802676 3.066533 6.022289 0.113302 0.128669 -1
0 2.802676 0.780821 6.022289 0.113302 0.242003 -1
27
-0.905398 0.000000 0.424563
0.000000 0.000000 1.000000
1.000000 0.000000 0.000000
0.000000 0.000000 -1.000000
0.000000 1.000000 0.000000
0.000000 -1.000000 0.000000
0.914417 0.000000 -0.404774
0.691666 0.000000 0.722218
-0.656061 0.000000 0.754708
-0.703738 0.000000 -0.710460
0.008155 0.000000 0.999967
1.000000 0.000000 -0.001003
0.652252 0.000000 -0.758002
-0.998928 0.000000 -0.046291
-0.007786 0.000000 -0.999970
0.905399 0.000000 0.424561
0.000001 0.000000 1.000000
-1.000000 0.000000 0.000000
-0.914417 0.000000 -0.404774
-0.691667 0.000000 0.722217
0.656061 0.000000 0.754708
0.703739 0.000000 -0.710459
0.011394 0.000000 0.999935
-1.000000 0.000000 -0.000132
-0.652250 0.000000 -0.758004
1.000000 0.000000 0.000161
-0.011857 0.000000 -0.999930
76
0 0 1 2 0 0 0 1
0 1 3 2 0 0 0 1
0 4 5 6 1 1 1 2
0 5 7 6 1 1 1 2
0 6 7 8 2 2 2 1
0 7 9 8 2 2 2 1
0 8 9 10 3 3 3 2
0 9 11 10 3 3 3 2
0 8 10 6 4 4 4 3
0 10 4 6 4 4 4 3
0 11 9 5 5 5 5 3
0 9 7 5 5 5 5 3
0 12 13 14 6 6 6 1
0 12 15 13 6 6 6 1
0 16 17 18 7 7 7 2
0 16 19 17 7 7 7 2
0 20 19 16 8 8 8 1
0 20 21 19 8 8 8 1
0 14 21 20 9 9 9 2
0 14 13 21 9 9 9 2
0 16 14 20 4 4 4 3
0 16 12 14 4 4 4 3
0 15 21 13 5 5 5 3
0 17 19 21 5 5 5 3
0 22 23 24 10 10 10 1
0 23 25 24 10 10 10 1
0 24 25 26 11 11 11 2
0 25 27 26 11 11 11 2
0 26 27 28 12 12 12 1
0 27 29 28 12 12 12 1
0 28 29 22 13 13 13 2
0 29 23 22 13 13 13 2
0 28 22 26 4 4 4 3
0 22 24 26 4 4 4 3
0 23 29 25 5 5 5 3
0 29 27 25 5 5 5 3
0 30 31 32 14 14 14 1
0 30 33 31 14 14 14 1
0 34 35 36 15 15 15 1
0 34 37 35 15 15 15 1
0 38 39 40 16 16 16 2
0 38 41 39 16 16 16 2
0 42 41 38 17 17 17 1
0 42 43 41 17 17 17 1
0 44 45 46 3 3 3 2
0 44 47 45 3 3 3 2
0 48 44 46 4 4 4 3
0 48 49 44 4 4 4 3
0 50 45 47 5 5 5 3
0 39 41 43 5 5 5 3
0 51 52 53 18 18 18 1
0 52 54 53 18 18 18 1
0 55 56 57 19 19 19 2
0 56 58 57 19 19 19 2
0 57 58 59 20 20 20 1
0 58 60 59 20 20 20 1
0 61 62 51 21 21 21 2
0 62 52 51 21 21 21 2
0 61 51 63 4 4 4 3
0 51 53 63 4 4 4 3
0 52 62 54 5 5 5 3
0 60 58 56 5 5 5 3
0 64 65 66 22 22 22 1
0 64 67 65 22 22 22 1
0 68 67 64 23 23 23 2
0 68 69 67 23 23 23 2
0 70 71 72 24 24 24 1
0 70 73 71 24 24 24 1
0 66 74 75 25 25 25 2
0 66 65 74 25 25 25 2
0 68 66 75 4 4 4 3
0 68 64 66 4 4 4 3
0 67 74 65 5 5 5 3
0 67 69 74 5 5 5 3
0 76 77 78 26 26 26 1
0 77 79 78 26 26 26 1
"gradient" 1 4
150
0 0.701783 8.091719 0.307686 0.678971 0.201470 -1
0 1.040246 8.091717 0.216995 0.674304 0.201454 -1
0 0.701783 8.925672 -0.369238 0.679032 0.199119 -1
0 0.701784 19.114403 0.012868 0.679807 0.144284 -1
0 0.701784 17.811298 -0.369238 0.679711 0.147958 -1
0 0.510732 19.114403 -0.038325 0.682441 0.144293 -1
0 0.701785 4.556666 0.307686 0.678711 0.211435 -1
0 1.040247 4.556668 0.216995 0.674044 0.211419 -1
0 0.701784 7.283539 0.093110 0.678912 0.203748 -1
0 0.470611 7.283539 0.031167 0.682099 0.203759 -1
0 1.288019 8.091720 -0.030776 0.670887 0.201442 -1
0 0.370872 19.114403 -0.178185 0.684369 0.144299 -1
0 1.288018 4.556672 -0.030776 0.670628 0.211408 -1
0 0.301380 7.283539 -0.138064 0.684433 0.203767 -1
0 1.378709 8.091722 -0.369238 0.669637 0.201438 -1
0 0.319679 19.114403 -0.369238 0.685076 0.144302 -1
0 1.378708 4.556673 -0.369238 0.669377 0.211403 -1
0 0.239437 7.283539 -0.369237 0.685287 0.203769 -1
0 1.288019 8.091720 -0.707699 0.670887 0.201442 -1
0 0.370872 19.114403 -0.560291 0.684369 0.144299 -1
0 1.288018 4.556672 -0.707699 0.670628 0.211408 -1
0 0.301380 7.283539 -0.600411 0.684433 0.203767 -1
0 1.040245 8.091717 -0.955472 0.674304 0.201454 -1
0 0.510732 19.114403 -0.700150 0.682441 0.144293 -1
0 1.040246 4.556668 -0.955471 0.674044 0.211419 -1
0 0.470611 7.283539 -0.769643 0.682099 0.203759 -1
0 0.701783 8.091719 -1.046160 0.678971 0.201470 -1
0 0.701784 19.114403 -0.751343 0.679807 0.144284 -1
0 0.701785 4.556666 -1.046161 0.678711 0.211435 -1
0 0.701784 7.283539 -0.831585 0.678912 0.203748 -1
0 0.363321 8.091719 -0.955471 0.683638 0.201485 -1
0 0.892837 19.114403 -0.700150 0.677172 0.144275 -1
0 0.363326 4.556666 -0.955471 0.683379 0.211451 -1
0 0.932958 7.283539 -0.769643 0.675724 0.203737 -1
0 0.115551 8.091715 -0.707699 0.687055 0.201497 -1
0 1.032698 19.114403 -0.560290 0.675244 0.144269 -1
0 0.115551 4.556670 -0.707699 0.686795 0.211462 -1
0 1.102190 7.283539 -0.600412 0.673390 0.203729 -1
0 0.024858 8.091719 -0.369238 0.688305 0.201501 -1
0 1.083890 19.114403 -0.369238 0.674538 0.144266 -1
0 0.024863 4.556668 -0.369238 0.688046 0.211467 -1
0 1.164132 7.283539 -0.369238 0.672536 0.203726 -1
0 0.115551 8.091715 -0.030776 0.687055 0.201497 -1
0 1.032698 19.114403 -0.178185 0.675244 0.144269 -1
0 0.115551 4.556670 -0.030776 0.686795 0.211462 -1
0 1.102189 7.283539 -0.138064 0.673390 0.203729 -1
0 0.363321 8.091719 0.216995 0.683638 0.201485 -1
0 0.892837 19.114403 -0.038325 0.677172 0.144275 -1
0 0.363326 4.556666 0.216995 0.683379 0.211451 -1
0 0.932959 7.283539 0.031167 0.675724 0.203737 -1
1 1.665943 3.636442 1.152646 0.091094 0.069095 -1
1 1.471500 3.636442 1.100545 0.088526 0.068381 -1
1 1.665943 3.636442 0.763758 0.091094 0.063765 -1
1 1.665943 15.314621 1.152646 0.091094 0.069095 -1
1 1.665943 15.314621 0.763758 0.091094 0.063765 -1
1 1.471500 15.314621 1.100545 0.088526 0.068381 -1
0 1.665943 3.638700 1.152646 0.665350 0.226412 -1
0 1.665943 15.314621 1.152646 0.665123 0.097848 -1
0 1.471500 3.638700 1.100545 0.668031 0.226421 -1
0 1.471500 15.314621 1.100545 0.667804 0.097857 -1
1 1.329156 3.636442 0.958202 0.086646 0.066431 -1
1 1.329156 15.314621 0.958202 0.086646 0.066430 -1
0 1.329156 15.314621 0.958202 0.669767 0.097864 -1
0 1.329156 3.638700 0.958202 0.669994 0.226428 -1
1 1.277056 3.636442 0.763757 0.085958 0.063765 -1
1 1.277056 15.314621 0.763757 0.085958 0.063765 -1
0 1.277056 3.638700 0.763757 0.670712 0.226430 -1
0 1.277056 15.314621 0.763757 0.670485 0.097866 -1
1 1.329156 3.636442 0.569313 0.086646 0.061100 -1
1 1.329156 15.314621 0.569313 0.086646 0.061100 -1
0 1.329156 15.314621 0.569313 0.669767 0.097864 -1
0 1.329156 3.638700 0.569313 0.669994 0.226428 -1
1 1.471500 3.636442 0.426970 0.088526 0.059149 -1
1 1.471500 15.314621 0.426970 0.088526 0.059149 -1
0 1.471500 3.638700 0.426970 0.668031 0.226421 -1
0 1.471500 15.314621 0.426970 0.667804 0.097857 -1
1 1.665944 3.636442 0.374868 0.091094 0.058435 -1
1 1.665944 15.314621 0.374868 0.091094 0.058435 -1
0 1.665944 15.314621 0.374868 0.665123 0.097848 -1
0 1.665944 3.638700 0.374868 0.665349 0.226412 -1
1 1.860386 3.636442 0.426969 0.093661 0.059149 -1
1 1.860386 15.314621 0.426969 0.093661 0.059149 -1
0 1.860386 3.638700 0.426969 0.662668 0.226403 -1
0 1.860386 15.314621 0.426969 0.662442 0.097839 -1
1 2.002731 3.636442 0.569313 0.095541 0.061100 -1
1 2.002731 15.314621 0.569313 0.095541 0.061100 -1
0 2.002731 15.314621 0.569313 0.660479 0.097833 -1
0 2.002731 3.638700 0.569313 0.660705 0.226396 -1
1 2.054832 3.636442 0.763758 0.096229 0.063765 -1
1 2.054832 15.314621 0.763758 0.096229 0.063765 -1
0 2.054832 3.638700 0.763758 0.659987 0.226393 -1
0 2.054832 15.314621 0.763758 0.659760 0.097830 -1
1 2.002731 3.636442 0.958202 0.095541 0.066431 -1
1 2.002731 15.314621 0.958202 0.095541 0.066430 -1
0 2.002731 15.314621 0.958202 0.660479 0.097833 -1
0 2.002731 3.638700 0.958202 0.660705 0.226396 -1
1 1.860388 3.636442 1.100546 0.093661 0.068381 -1
1 1.860388 15.314621 1.100546 0.093661 0.068381 -1
0 1.860388 3.638700 1.100546 0.662668 0.226403 -1
0 1.860388 15.314621 1.100546 0.662442 0.097839 -1
1 -0.269848 3.636442 0.763758 0.091009 0.063765 -1
1 -0.075403 3.636442 1.100546 0.093577 0.068381 -1
1 -0.269847 3.636442 1.152647 0.091009 0.069095 -1
1 -0.075403 15.314621 1.100546 0.093577 0.068381 -1
1 -0.269848 15.314621 0.763758 0.091009 0.063765 -1
1 -0.269847 15.314621 1.152647 0.091009 0.069095 -1
0 -0.075403 3.638700 1.100546 0.689361 0.226494 -1
0 -0.269847 15.314621 1.152647 0.691816 0.097939 -1
0 -0.269847 3.638700 1.152647 0.692042 0.226503 -1
0 -0.075403 15.314621 1.100546 0.689134 0.097930 -1
1 0.066940 3.636442 0.958202 0.095457 0.066431 -1
1 0.066940 15.314621 0.958202 0.095457 0.066430 -1
0 0.066940 15.314621 0.958202 0.687172 0.097923 -1
0 0.066940 3.638700 0.958202 0.687398 0.226487 -1
1 0.119040 3.636442 0.763757 0.096145 0.063765 -1
1 0.119040 15.314621 0.763757 0.096145 0.063765 -1
0 0.119040 3.638700 0.763757 0.686679 0.226484 -1
0 0.119040 15.314621 0.763757 0.686454 0.097921 -1
1 0.066940 3.636442 0.569313 0.095457 0.061100 -1
1 0.066940 15.314621 0.569313 0.095457 0.061100 -1
0 0.066940 15.314621 0.569313 0.687172 0.097923 -1
0 0.066940 3.638700 0.569313 0.687398 0.226487 -1
1 -0.075403 3.636442 0.426970 0.093577 0.059149 -1
1 -0.075403 15.314621 0.426970 0.093577 0.059149 -1
0 -0.075403 3.638700 0.426970 0.689361 0.226494 -1
0 -0.075403 15.314621 0.426970 0.689134 0.097930 -1
1 -0.269847 3.636442 0.374868 0.091009 0.058435 -1
1 -0.269847 15.314621 0.374868 0.091009 0.058435 -1
0 -0.269847 15.314621 0.374868 0.691816 0.097939 -1
0 -0.269847 3.638700 0.374868 0.692042 0.226503 -1
1 -0.464292 3.636442 0.426970 0.088441 0.059149 -1
1 -0.464292 15.314621 0.426970 0.088441 0.059149 -1
0 -0.464292 3.638700 0.426970 0.694723 0.226512 -1
0 -0.464292 15.314621 0.426970 0.694497 0.097948 -1
1 -0.606635 3.636442 0.569313 0.086562 0.061100 -1
1 -0.606635 15.314621 0.569313 0.086562 0.061100 -1
0 -0.606635 15.314621 0.569313 0.696460 0.097955 -1
0 -0.606635 3.638700 0.569313 0.696686 0.226518 -1
1 -0.658736 3.636442 0.763758 0.085873 0.063765 -1
1 -0.658736 15.314621 0.763758 0.085873 0.063765 -1
0 -0.658736 3.638700 0.763758 0.697405 0.226521 -1
0 -0.658736 15.314621 0.763758 0.697178 0.097957 -1
1 -0.606634 3.636442 0.958203 0.086562 0.066431 -1
1 -0.606634 15.314621 0.958203 0.086562 0.066431 -1
0 -0.606634 15.314621 0.958203 0.696460 0.097955 -1
0 -0.606634 3.638700 0.958203 0.696686 0.226518 -1
1 -0.464291 3.636442 1.100546 0.088441 0.068381 -1
1 -0.464291 15.314621 1.100546 0.088441 0.068381 -1
0 -0.464291 3.638700 1.100546 0.694723 0.226512 -1
0 -0.464291 15.314621 1.100546 0.694497 0.097948 -1
105
0.000001 0.630221 0.776416
0.388206 0.630220 0.672398
-0.000003 1.000000 -0.000000
0.000001 0.281380 -0.959596
0.000001 1.000000 0.000001
0.479800 0.281379 -0.831034
-0.000001 -0.000000 1.000000
-0.000001 -0.000000 1.000000
0.499999 0.000000 0.866026
0.499998 0.000000 0.866026
-0.000001 0.006782 0.999977
-0.000001 0.006782 0.999977
-0.499990 0.006782 0.866005
-0.499990 0.006782 0.866005
0.672392 0.630223 0.388212
0.831034 0.281379 -0.479799
0.866025 -0.000000 0.500000
0.866026 -0.000000 0.499999
-0.866005 0.006782 0.499989
-0.866005 0.006782 0.499989
0.776414 0.630223 -0.000000
0.959597 0.281379 -0.000000
1.000000 -0.000000 -0.000000
1.000000 -0.000000 -0.000000
-0.999977 0.006782 0.000000
-0.999977 0.006782 0.000000
0.672393 0.630222 -0.388211
0.831034 0.281379 0.479801
0.866025 -0.000000 -0.500000
0.866026 -0.000000 -0.500000
-0.866005 0.006782 -0.499989
-0.866006 0.006782 -0.499987
0.388204 0.630220 -0.672399
0.479798 0.281379 0.831035
0.499998 0.000000 -0.866027
0.499996 -0.000000 -0.866028
-0.499989 0.006782 -0.866005
-0.499989 0.006782 -0.866005
0.000001 0.630220 -0.776417
0.000001 0.281379 0.959597
-0.000001 0.000000 -1.000000
-0.000001 0.000000 -1.000000
-0.000001 0.006782 -0.999977
-0.000001 0.006782 -0.999977
-0.388211 0.630221 -0.672394
-0.479798 0.281379 0.831035
-0.499999 -0.000000 -0.866026
-0.500000 -0.000001 -0.866026
0.499987 0.006782 -0.866006
0.499988 0.006782 -0.866006
-0.672397 0.630218 -0.388210
-0.831034 0.281380 0.479799
-0.866025 -0.000001 -0.500001
-0.866026 0.000000 -0.500000
0.866005 0.006782 -0.499989
0.866006 0.006782 -0.499988
-0.776415 0.630221 -0.000000
-0.959596 0.281380 0.000001
-1.000000 -0.000001 -0.000000
-1.000000 -0.000001 -0.000000
0.999977 0.006782 0.000001
0.999977 0.006782 -0.000001
-0.672397 0.630219 0.388211
-0.831035 0.281380 -0.479799
-0.866025 -0.000001 0.500001
-0.866025 0.000000 0.500000
0.866006 0.006782 0.499988
0.866006 0.006782 0.499987
-0.388212 0.630221 0.672394
-0.479798 0.281380 -0.831035
-0.500000 -0.000000 0.866026
-0.500001 -0.000001 0.866025
0.499989 0.006782 0.866005
0.499988 0.006782 0.866006
0.000000 -1.000000 0.000000
0.000000 1.000000 0.000000
-0.000004 0.000000 1.000000
-0.499999 0.000000 0.866026
-0.866026 0.000000 0.499999
-0.866026 0.000000 0.499999
-1.000000 0.000000 -0.000001
-0.866026 0.000000 -0.499999
-0.500000 0.000000 -0.866025
-0.000001 0.000000 -1.000000
0.499999 0.000000 -0.866026
0.866025 0.000000 -0.500001
1.000000 0.000000 0.000001
0.866027 0.000000 0.499998
0.499998 0.000000 0.866026
0.500001 0.000000 0.866025
0.000000 0.000000 1.000000
0.500001 0.000000 0.866025
0.866028 0.000000 0.499996
0.866028 0.000000 0.499996
1.000000 0.000000 -0.000001
0.866027 0.000000 -0.499998
0.866027 0.000000 -0.499998
0.500002 0.000000 -0.866024
0.000001 0.000000 -1.000000
-0.500001 0.000000 -0.866025
-0.866026 0.000000 -0.499999
-0.866026 0.000000 -0.499999
-1.000000 0.000000 0.000002
-0.866025 0.000000 0.500001
-0.500000 0.000000 0.866026
168
1 0 1 2 0 1 2 2
1 3 4 5 3 4 5 2
1 0 6 7 6 7 8 1
1 0 7 1 6 8 9 1
1 8 3 9 10 11 12 1
1 3 5 9 11 13 12 1
1 1 10 2 1 14 2 2
1 5 4 11 5 4 15 2
1 1 7 10 9 8 16 1
1 7 12 10 8 17 16 1
1 9 5 11 12 13 18 1
1 9 11 13 12 18 19 1
1 10 14 2 14 20 2 2
1 11 4 15 15 4 21 2
1 10 12 16 16 17 22 1
1 10 16 14 16 22 23 1
1 13 11 17 19 18 24 1
1 11 15 17 18 25 24 1
1 14 18 2 20 26 2 2
1 15 4 19 21 4 27 2
1 14 16 18 23 22 28 1
1 16 20 18 22 29 28 1
1 17 15 19 24 25 30 1
1 17 19 21 24 30 31 1
1 18 22 2 26 32 2 2
1 19 4 23 27 4 33 2
1 18 20 24 28 29 34 1
1 18 24 22 28 34 35 1
1 21 19 25 31 30 36 1
1 19 23 25 30 37 36 1
1 22 26 2 32 38 2 2
1 23 4 27 33 4 39 2
1 22 24 26 35 34 40 1
1 24 28 26 34 41 40 1
1 25 23 27 36 37 42 1
1 25 27 29 36 42 43 1
1 26 30 2 38 44 2 2
1 27 4 31 39 4 45 2
1 26 28 32 40 41 46 1
1 26 32 30 40 46 47 1
1 29 27 33 43 42 48 1
1 27 31 33 42 49 48 1
1 30 34 2 44 50 2 2
1 31 4 35 45 4 51 2
1 30 32 34 47 46 52 1
1 32 36 34 46 53 52 1
1 33 31 35 48 49 54 1
1 33 35 37 48 54 55 1
1 34 38 2 50 56 2 2
1 35 4 39 51 4 57 2
1 34 36 40 52 53 58 1
1 34 40 38 52 58 59 1
1 37 35 41 55 54 60 1
1 35 39 41 54 61 60 1
1 38 42 2 56 62 2 2
1 39 4 43 57 4 63 2
1 38 40 42 59 58 64 1
1 40 44 42 58 65 64 1
1 41 39 43 60 61 66 1
1 41 43 45 60 66 67 1
1 42 46 2 62 68 2 2
1 43 4 47 63 4 69 2
1 42 44 48 64 65 70 1
1 42 48 46 64 70 71 1
1 45 43 49 67 66 72 1
1 43 47 49 66 73 72 1
1 46 0 2 68 0 2 2
1 47 4 3 69 4 3 2
1 46 48 0 71 70 6 1
1 48 6 0 70 7 6 1
1 49 47 3 72 73 11 1
1 49 3 8 72 11 10 1
1 50 51 52 74 74 74 2
1 53 54 55 75 75 75 2
1 56 57 58 76 76 77 1
1 57 59 58 76 77 77 1
1 51 60 52 74 74 74 2
1 55 54 61 75 75 75 2
1 58 59 62 77 77 78 1
1 58 62 63 77 78 79 1
1 60 64 52 74 74 74 2
1 61 54 65 75 75 75 2
1 63 62 66 79 78 80 1
1 62 67 66 78 80 80 1
1 64 68 52 74 74 74 2
1 65 54 69 75 75 75 2
1 66 67 70 80 80 81 1
1 66 70 71 80 81 81 1
1 68 72 52 74 74 74 2
1 69 54 73 75 75 75 2
1 71 70 74 81 81 82 1
1 70 75 74 81 82 82 1
1 72 76 52 74 74 74 2
1 73 54 77 75 75 75 2
1 74 75 78 82 82 83 1
1 74 78 79 82 83 83 1
1 76 80 52 74 74 74 2
1 77 54 81 75 75 75 2
1 79 78 82 83 83 84 1
1 78 83 82 83 84 84 1
1 80 84 52 74 74 74 2
1 81 54 85 75 75 75 2
1 82 83 86 84 84 85 1
1 82 86 87 84 85 85 1
1 84 88 52 74 74 74 2
1 85 54 89 75 75 75 2
1 87 86 90 85 85 86 1
1 86 91 90 85 86 86 1
1 88 92 52 74 74 74 2
1 89 54 93 75 75 75 2
1 90 91 94 86 86 87 1
1 90 94 95 86 87 87 1
1 92 96 52 74 74 74 2
1 93 54 97 75 75 75 2
1 95 94 98 87 87 88 1
1 94 99 98 87 88 88 1
1 96 50 52 74 74 74 2
1 97 54 53 75 75 75 2
1 98 99 57 88 88 76 1
1 98 57 56 88 76 76 1
1 100 101 102 74 74 74 2
1 103 104 105 75 75 75 2
1 106 107 108 89 90 90 1
1 106 109 107 89 91 90 1
1 100 110 101 74 74 74 2
1 111 104 103 75 75 75 2
1 112 109 106 92 91 89 1
1 113 112 106 93 92 89 1
1 100 114 110 74 74 74 2
1 115 104 111 75 75 75 2
1 116 112 113 94 92 93 1
1 116 117 112 94 94 92 1
1 100 118 114 74 74 74 2
1 119 104 115 75 75 75 2
1 120 117 116 95 94 94 1
1 121 120 116 96 95 94 1
1 100 122 118 74 74 74 2
1 123 104 119 75 75 75 2
1 124 120 121 97 95 96 1
1 124 125 120 97 97 95 1
1 100 126 122 74 74 74 2
1 127 104 123 75 75 75 2
1 128 125 124 98 97 97 1
1 129 128 124 98 98 97 1
1 100 130 126 74 74 74 2
1 131 104 127 75 75 75 2
1 132 128 129 99 98 98 1
1 132 133 128 99 99 98 1
1 100 134 130 74 74 74 2
1 135 104 131 75 75 75 2
1 136 133 132 100 99 99 1
1 137 136 132 101 100 99 1
1 100 138 134 74 74 74 2
1 139 104 135 75 75 75 2
1 140 136 137 102 100 101 1
1 140 141 136 102 102 100 1
1 100 142 138 74 74 74 2
1 143 104 139 75 75 75 2
1 144 141 140 103 102 102 1
1 145 144 140 103 103 102 1
1 100 146 142 74 74 74 2
1 147 104 143 75 75 75 2
1 148 144 145 104 103 103 1
1 148 149 144 104 104 103 1
1 100 102 146 74 74 74 2
1 105 104 147 75 75 75 2
1 107 149 148 90 104 104 1
1 108 107 148 90 90 104 1
"oliv" 0 1
78
0 0.167247 -1.648205 -1.800480 0.162173 0.061786 -1
0 0.167247 -2.519639 -1.800480 0.162160 0.063476 -1
0 0.167247 -1.587457 -1.457343 0.165628 0.061681 -1
0 0.167247 -2.739266 -1.457343 0.165612 0.063915 -1
0 1.186100 -1.587457 -1.457342 0.165628 0.061681 -1
0 1.186100 -2.739266 -1.457342 0.165611 0.063915 -1
0 1.186102 -1.648205 -1.800479 0.162174 0.061786 -1
0 1.186102 -2.519639 -1.800479 0.162160 0.063476 -1
0 0.166363 -1.649121 -2.129041 0.158866 0.061776 -1
0 0.166363 -2.714987 -2.129041 0.158850 0.063844 -1
0 0.166364 -1.588374 -1.444587 0.165757 0.061683 -1
0 0.166364 -2.934615 -1.444587 0.165737 0.064294 -1
0 0.405208 -1.588374 -1.444585 0.165757 0.061683 -1
0 0.405208 -2.934615 -1.444585 0.165737 0.064294 -1
0 0.405208 -1.649121 -2.129042 0.158866 0.061776 -1
0 0.405208 -2.714987 -2.129042 0.158850 0.063844 -1
0 0.951410 -1.649121 -2.129040 0.158866 0.061776 -1
0 0.951410 -2.714987 -2.129040 0.158850 0.063844 -1
0 0.951410 -1.588374 -1.444587 0.165757 0.061683 -1
0 0.951410 -2.934615 -1.444587 0.165737 0.064294 -1
0 1.190254 -1.588374 -1.444586 0.165757 0.061683 -1
0 1.190254 -2.934615 -1.444586 0.165737 0.064294 -1
0 1.190255 -1.649121 -2.129040 0.158866 0.061776 -1
0 1.190255 -2.714987 -2.129040 0.158850 0.063844 -1
0 -0.301529 5.368134 -1.443356 0.196036 0.046580 -1
0 -0.097296 -3.345177 -1.443356 0.184118 0.055746 -1
0 -0.038997 4.711884 1.706895 0.185839 0.043718 -1
0 -0.097296 -3.345177 1.738145 0.196552 0.055746 -1
0 1.431072 4.711884 1.706894 0.185839 0.043718 -1
0 1.489371 -3.345177 1.738144 0.196552 0.055746 -1
0 1.693604 5.368134 -1.443357 0.196036 0.046580 -1
0 1.489371 -3.345177 -1.443357 0.184118 0.055746 -1
0 -0.674293 6.091093 -0.643134 0.183843 0.066302 -1
0 -0.674293 3.639157 -0.908611 0.182240 0.068034 -1
0 -0.674293 6.091093 0.765316 0.191484 0.066250 -1
0 -0.674293 3.639157 0.765316 0.191321 0.067972 -1
0 2.070388 6.091093 0.765315 0.191484 0.066250 -1
0 2.070388 3.639157 0.765315 0.191321 0.067972 -1
0 2.070389 6.091093 -0.643135 0.183843 0.066302 -1
0 2.070389 3.639157 -0.908611 0.182240 0.068034 -1
0 -0.092381 -0.696613 -0.121922 0.187623 0.084616 -1
0 -0.092383 -0.818835 -0.154672 0.187794 0.084694 -1
0 -0.092381 -0.696613 -0.366367 0.187648 0.085215 -1
0 -0.092382 -0.908308 -0.244145 0.187927 0.084911 -1
0 -0.092384 -0.941057 -0.366367 0.187985 0.085209 -1
0 -0.092382 -0.908308 -0.488589 0.187952 0.085509 -1
0 -0.092382 -0.818835 -0.578063 0.187839 0.085730 -1
0 -0.092381 -0.696613 -0.610812 0.187674 0.085813 -1
0 -0.092383 -0.574391 -0.578062 0.187503 0.085736 -1
0 -0.092382 -0.484917 -0.488590 0.187370 0.085519 -1
0 -0.092384 -0.452168 -0.366367 0.187312 0.085220 -1
0 -0.092382 -0.484917 -0.244145 0.187344 0.084921 -1
0 -0.092383 -0.574391 -0.154672 0.187458 0.084699 -1
0 -1.742769 -0.696612 -0.121922 0.187623 0.084616 -1
0 -1.742771 -0.696612 -0.366367 0.187648 0.085215 -1
0 -1.742770 -0.818835 -0.154672 0.187794 0.084694 -1
0 -0.092048 -0.696613 -0.121923 0.187623 0.084616 -1
0 -0.092047 -0.818836 -0.154672 0.187794 0.084694 -1
0 -1.742771 -0.908308 -0.244145 0.187927 0.084911 -1
0 -0.092045 -0.908308 -0.244145 0.187927 0.084911 -1
0 -1.742772 -0.941057 -0.366367 0.187985 0.085209 -1
0 -0.092047 -0.941057 -0.366368 0.187985 0.085209 -1
0 -1.742768 -0.908308 -0.488589 0.187952 0.085509 -1
0 -0.092046 -0.908308 -0.488589 0.187952 0.085509 -1
0 -1.742770 -0.818835 -0.578063 0.187839 0.085730 -1
0 -0.092047 -0.818836 -0.578063 0.187839 0.085730 -1
0 -1.742769 -0.696612 -0.610811 0.187674 0.085813 -1
0 -0.092048 -0.696613 -0.610812 0.187674 0.085813 -1
0 -1.742771 -0.574389 -0.578063 0.187503 0.085736 -1
0 -0.092048 -0.574389 -0.578063 0.187503 0.085736 -1
0 -1.742768 -0.484917 -0.488589 0.187370 0.085519 -1
0 -0.092048 -0.484918 -0.488590 0.187370 0.085519 -1
0 -1.742772 -0.452168 -0.366367 0.187312 0.085220 -1
0 -0.092046 -0.452165 -0.366367 0.187312 0.085220 -1
0 -1.742771 -0.484917 -0.244145 0.187344 0.084921 -1
0 -0.092047 -0.484918 -0.244145 0.187344 0.084921 -1
0 -1.742771 -0.574389 -0.154672 0.187458 0.084699 -1
0 -0.092048 -0.574389 -0.154672 0.187458 0.084699 -1
106
-1.000000 0.000000 0.000000
-0.000001 0.000000 1.000000
1.000000 0.000000 0.000006
1.000000 0.000000 0.000006
0.000001 0.000000 -1.000000
0.000000 0.984688 -0.174327
0.000000 0.984688 -0.174327
0.000000 0.984688 -0.174327
0.000001 -0.842250 -0.539087
0.000001 -0.842250 -0.539087
0.000001 -0.842250 -0.539087
-1.000000 0.000000 0.000001
-1.000000 0.000000 0.000001
-1.000000 0.000000 0.000001
-0.000008 0.000000 1.000000
1.000000 0.000000 0.000000
-0.000004 0.000000 -1.000000
-0.000000 0.996085 -0.088405
0.000000 0.996085 -0.088405
0.000001 0.996085 -0.088405
-0.000001 -0.952181 -0.305536
0.000001 -0.952181 -0.305535
0.000003 -0.952181 -0.305535
-0.000004 0.000000 1.000000
1.000000 0.000000 0.000002
1.000000 0.000000 0.000002
0.000000 0.000000 -1.000000
0.000000 0.996085 -0.088405
0.000000 0.996085 -0.088405
0.000000 0.996085 -0.088405
0.000000 -0.952180 -0.305536
0.000001 -0.952180 -0.305536
0.000001 -0.952181 -0.305536
-0.996665 -0.023361 0.078192
-0.999202 -0.008070 0.039131
-0.999974 0.007236 0.000000
0.000001 0.003879 0.999992
0.000001 0.003879 0.999992
0.000001 0.003879 0.999992
0.996386 0.007538 0.084606
0.999071 -0.007956 0.042346
0.999725 -0.023433 0.000000
-0.000000 0.000000 -1.000000
-0.000001 -0.000000 -1.000000
-0.000001 -0.000000 -1.000000
0.000000 0.978984 0.203939
0.000000 0.978984 0.203939
0.000000 0.978984 0.203939
0.000000 -1.000000 0.000000
0.000000 0.000000 1.000000
1.000000 0.000000 0.000001
1.000000 -0.000000 0.000001
1.000000 -0.000000 0.000001
-0.000000 0.107643 -0.994190
-0.000000 0.107643 -0.994190
0.000000 0.107643 -0.994190
0.000000 1.000000 0.000000
1.000000 -0.000008 0.000005
1.000000 0.000000 0.000001
1.000000 -0.000006 -0.000002
1.000000 -0.000012 0.000000
1.000000 -0.000008 0.000005
1.000000 -0.000006 -0.000001
1.000000 0.000004 0.000000
1.000000 0.000008 -0.000005
1.000000 0.000006 0.000002
1.000000 0.000012 -0.000000
1.000000 0.000006 -0.000002
1.000000 0.000008 0.000005
-1.000000 -0.000004 0.000008
-1.000000 -0.000001 -0.000002
-1.000000 0.000005 0.000008
0.000001 -0.000001 1.000000
0.000000 -0.000001 1.000000
-0.000000 -0.500001 0.866025
-0.000000 -0.500001 0.866025
-1.000000 0.000004 0.000007
-0.000000 -0.866027 0.499997
0.000000 -0.866028 0.499996
-1.000000 0.000004 -0.000012
-0.000000 -1.000000 -0.000001
-0.000000 -1.000000 -0.000000
-1.000000 -0.000006 -0.000013
-0.000000 -0.866028 -0.499996
0.000000 -0.866028 -0.499995
-1.000000 -0.000006 -0.000002
-0.000000 -0.500000 -0.866025
-0.000000 -0.499997 -0.866027
-1.000000 -0.000004 -0.000008
-0.000000 -0.000001 -1.000000
-0.000001 -0.000001 -1.000000
-1.000000 0.000003 0.000002
-0.000000 0.500001 -0.866025
0.000000 0.500000 -0.866026
-1.000000 0.000009 -0.000009
-0.000000 0.866025 -0.500000
0.000000 0.866022 -0.500006
-1.000000 -0.000004 -0.000012
-0.000001 1.000000 0.000000
-0.000002 1.000000 -0.000000
-1.000000 -0.000002 0.000003
-0.000000 0.866024 0.500002
0.000001 0.866021 0.500007
-1.000000 -0.000007 0.000004
0.000000 0.500003 0.866024
0.000000 0.500004 0.866023
108
0 0 1 2 0 0 0 1
0 1 3 2 0 0 0 1
0 2 3 4 1 1 1 2
0 3 5 4 1 1 1 2
0 4 5 6 2 2 2 1
0 5 7 6 2 3 2 1
0 6 7 0 4 4 4 2
0 7 1 0 4 4 4 2
0 6 0 4 5 6 6 3
0 0 2 4 6 7 6 3
0 1 7 3 8 9 9 3
0 7 5 3 9 10 9 3
0 8 9 10 11 12 12 1
0 9 11 10 12 13 12 1
0 10 11 12 14 14 14 2
0 11 13 12 14 14 14 2
0 12 13 14 15 15 15 1
0 13 15 14 15 15 15 1
0 14 15 8 16 16 16 2
0 15 9 8 16 16 16 2
0 14 8 12 17 18 18 3
0 8 10 12 18 19 18 3
0 9 15 11 20 21 21 3
0 15 13 11 21 22 21 3
0 16 17 18 0 0 0 1
0 17 19 18 0 0 0 1
0 18 19 20 23 23 23 2
0 19 21 20 23 23 23 2
0 20 21 22 24 24 24 1
0 21 23 22 24 25 24 1
0 22 23 16 26 26 26 2
0 23 17 16 26 26 26 2
0 22 16 20 27 28 28 3
0 16 18 20 28 29 28 3
0 17 23 19 30 31 31 3
0 23 21 19 31 32 31 3
0 24 25 26 33 34 34 1
0 25 27 26 34 35 34 1
0 26 27 28 36 37 37 2
0 27 29 28 37 38 37 2
0 28 29 30 39 40 40 1
0 29 31 30 40 41 40 1
0 30 31 24 42 43 43 2
0 31 25 24 43 44 43 2
0 30 24 28 45 46 46 3
0 24 26 28 46 47 46 3
0 25 31 27 48 48 48 3
0 31 29 27 48 48 48 3
0 32 33 34 0 0 0 1
0 33 35 34 0 0 0 1
0 34 35 36 49 49 49 2
0 35 37 36 49 49 49 2
0 36 37 38 50 51 51 1
0 37 39 38 51 52 51 1
0 38 39 32 53 54 54 2
0 39 33 32 54 55 54 2
0 38 32 36 56 56 56 3
0 32 34 36 56 56 56 3
0 33 39 35 48 48 48 3
0 39 37 35 48 48 48 3
0 40 41 42 15 57 58 2
0 41 43 42 57 59 58 2
0 43 44 42 59 60 58 2
0 44 45 42 60 61 58 2
0 45 46 42 61 62 58 2
0 46 47 42 62 63 58 2
0 47 48 42 63 64 58 2
0 48 49 42 64 65 58 2
0 49 50 42 65 66 58 2
0 50 51 42 66 67 58 2
0 51 52 42 67 68 58 2
0 52 40 42 68 15 58 2
0 53 54 55 69 70 71 2
0 56 53 57 72 73 74 1
0 53 55 57 73 75 74 1
0 55 54 58 71 70 76 2
0 57 55 58 74 75 77 1
0 57 58 59 74 77 78 1
0 58 54 60 76 70 79 2
0 59 58 61 78 77 80 1
0 58 60 61 77 81 80 1
0 60 54 62 79 70 82 2
0 61 60 62 80 81 83 1
0 61 62 63 80 83 84 1
0 62 54 64 82 70 85 2
0 63 62 65 84 83 86 1
0 62 64 65 83 87 86 1
0 64 54 66 85 70 88 2
0 65 64 66 86 87 89 1
0 65 66 67 86 89 90 1
0 66 54 68 88 70 91 2
0 67 66 69 90 89 92 1
0 66 68 69 89 93 92 1
0 68 54 70 91 70 94 2
0 69 68 70 92 93 95 1
0 69 70 71 92 95 96 1
0 70 54 72 94 70 97 2
0 71 70 73 96 95 98 1
0 70 72 73 95 99 98 1
0 72 54 74 97 70 100 2
0 73 72 74 98 99 101 1
0 73 74 75 98 101 102 1
0 74 54 76 100 70 103 2
0 75 74 77 102 101 104 1
0 74 76 77 101 105 104 1
0 76 54 53 103 70 69 2
0 77 76 53 104 105 73 1
0 77 53 56 104 73 72 1
"blak" 0 0
190
0 -0.690772 -3.925448 1.850372 0.043180 0.084275 -1
0 -0.796541 -3.953786 1.850373 0.043180 0.084340 -1
0 -0.690772 -4.136985 1.850372 0.043180 0.084758 -1
0 -0.690772 -3.925446 -1.572709 0.019701 0.084275 -1
0 -0.690772 -4.136985 -1.572710 0.019701 0.084758 -1
0 -0.796542 -3.953786 -1.572709 0.019701 0.084340 -1
0 -0.690773 -3.925447 1.850272 0.043179 0.084275 -1
0 -0.796540 -3.953786 1.850271 0.043179 0.084340 -1
0 -0.873970 -4.031217 1.850374 0.043180 0.084517 -1
0 -0.873970 -4.031215 -1.572711 0.019701 0.084517 -1
0 -0.873969 -4.031217 1.850271 0.043179 0.084517 -1
0 -0.902311 -4.136985 1.850372 0.043180 0.084758 -1
0 -0.902310 -4.136985 -1.572711 0.019701 0.084758 -1
0 -0.902311 -4.136985 1.850271 0.043179 0.084758 -1
0 -0.873971 -4.242753 1.850376 0.043180 0.084999 -1
0 -0.873970 -4.242754 -1.572711 0.019701 0.084999 -1
0 -0.873970 -4.242755 1.850270 0.043179 0.084999 -1
0 -0.796541 -4.320184 1.850372 0.043180 0.085176 -1
0 -0.796542 -4.320183 -1.572709 0.019701 0.085176 -1
0 -0.796541 -4.320182 1.850273 0.043179 0.085176 -1
0 -0.690772 -4.348525 1.850374 0.043180 0.085240 -1
0 -0.690772 -4.348524 -1.572708 0.019701 0.085240 -1
0 -0.690773 -4.348526 1.850272 0.043179 0.085240 -1
0 -0.585003 -4.320184 1.850372 0.043180 0.085176 -1
0 -0.585003 -4.320183 -1.572710 0.019701 0.085176 -1
0 -0.585003 -4.320182 1.850273 0.043179 0.085176 -1
0 -0.507574 -4.242753 1.850375 0.043180 0.084999 -1
0 -0.507574 -4.242754 -1.572711 0.019701 0.084999 -1
0 -0.507575 -4.242755 1.850270 0.043179 0.084999 -1
0 -0.479233 -4.136985 1.850371 0.043180 0.084758 -1
0 -0.479235 -4.136985 -1.572711 0.019701 0.084758 -1
0 -0.479234 -4.136985 1.850270 0.043179 0.084758 -1
0 -0.507574 -4.031217 1.850373 0.043180 0.084517 -1
0 -0.507574 -4.031215 -1.572711 0.019701 0.084517 -1
0 -0.507574 -4.031217 1.850271 0.043179 0.084517 -1
0 -0.585003 -3.953786 1.850373 0.043180 0.084340 -1
0 -0.585003 -3.953786 -1.572710 0.019701 0.084340 -1
0 -0.585003 -3.953786 1.850272 0.043179 0.084340 -1
0 2.086869 -4.136985 1.850372 0.043180 0.084758 -1
0 2.192636 -3.953786 1.850373 0.043180 0.084340 -1
0 2.086869 -3.925448 1.850372 0.043180 0.084275 -1
0 2.192638 -3.953786 -1.572710 0.019701 0.084340 -1
0 2.086868 -4.136985 -1.572711 0.019701 0.084758 -1
0 2.086868 -3.925446 -1.572711 0.019701 0.084275 -1
0 2.192638 -3.953786 1.850271 0.043179 0.084340 -1
0 2.086867 -3.925447 1.850269 0.043179 0.084275 -1
0 2.270066 -4.031217 1.850374 0.043180 0.084517 -1
0 2.270066 -4.031215 -1.572712 0.019701 0.084517 -1
0 2.270066 -4.031217 1.850272 0.043179 0.084517 -1
0 2.298407 -4.136985 1.850371 0.043180 0.084758 -1
0 2.298405 -4.136985 -1.572710 0.019701 0.084758 -1
0 2.298408 -4.136985 1.850271 0.043179 0.084758 -1
0 2.270068 -4.242753 1.850376 0.043180 0.084999 -1
0 2.270066 -4.242754 -1.572712 0.019701 0.084999 -1
0 2.270066 -4.242755 1.850270 0.043179 0.084999 -1
0 2.192637 -4.320184 1.850373 0.043180 0.085176 -1
0 2.192638 -4.320183 -1.572710 0.019701 0.085176 -1
0 2.192638 -4.320182 1.850272 0.043179 0.085176 -1
0 2.086869 -4.348525 1.850373 0.043180 0.085240 -1
0 2.086868 -4.348524 -1.572709 0.019701 0.085240 -1
0 2.086867 -4.348526 1.850269 0.043179 0.085240 -1
0 1.981101 -4.320184 1.850372 0.043180 0.085176 -1
0 1.981099 -4.320183 -1.572710 0.019701 0.085176 -1
0 1.981099 -4.320182 1.850271 0.043179 0.085176 -1
0 1.903671 -4.242753 1.850376 0.043180 0.084999 -1
0 1.903670 -4.242754 -1.572710 0.019701 0.084999 -1
0 1.903671 -4.242755 1.850271 0.043179 0.084999 -1
0 1.875330 -4.136985 1.850372 0.043180 0.084758 -1
0 1.875331 -4.136985 -1.572711 0.019701 0.084758 -1
0 1.875331 -4.136985 1.850272 0.043179 0.084758 -1
0 1.903671 -4.031217 1.850374 0.043180 0.084517 -1
0 1.903670 -4.031215 -1.572710 0.019701 0.084517 -1
0 1.903671 -4.031217 1.850272 0.043179 0.084517 -1
0 1.981101 -3.953786 1.850374 0.043180 0.084340 -1
0 1.981099 -3.953786 -1.572710 0.019701 0.084340 -1
0 1.981099 -3.953786 1.850269 0.043179 0.084340 -1
0 1.435446 -3.092121 -1.448937 0.020550 0.082373 -1
0 1.240991 -3.275661 -1.448937 0.020550 0.082792 -1
0 1.435446 -3.092121 -0.978938 0.023774 0.082373 -1
0 1.240991 -3.275661 -0.978936 0.023774 0.082792 -1
0 2.174865 -4.064124 -0.978937 0.023774 0.084592 -1
0 1.980409 -4.247663 -0.978936 0.023774 0.085010 -1
0 2.174864 -4.064124 -1.448937 0.020550 0.084592 -1
0 1.980410 -4.247663 -1.448936 0.020550 0.085010 -1
0 -0.039349 -3.092121 -0.978936 0.023774 0.082373 -1
0 0.155106 -3.275661 -1.448937 0.020550 0.082792 -1
0 -0.039350 -3.092121 -1.448937 0.020550 0.082373 -1
0 0.155105 -3.275661 -0.978937 0.023774 0.082792 -1
0 -0.778769 -4.064124 -0.978937 0.023774 0.084592 -1
0 -0.584314 -4.247663 -0.978937 0.023774 0.085010 -1
0 -0.778768 -4.064124 -1.448938 0.020550 0.084592 -1
0 -0.584314 -4.247663 -1.448938 0.020550 0.085010 -1
0 1.435445 -3.110302 1.260154 0.039132 0.082415 -1
0 1.240991 -3.293842 1.260155 0.039132 0.082834 -1
0 1.435445 -3.110302 1.730154 0.042355 0.082415 -1
0 1.240991 -3.293842 1.730154 0.042355 0.082834 -1
0 2.174865 -4.082305 1.730155 0.042355 0.084633 -1
0 1.980410 -4.265846 1.730155 0.042355 0.085052 -1
0 2.174865 -4.082305 1.260154 0.039132 0.084633 -1
0 1.980409 -4.265846 1.260154 0.039132 0.085052 -1
0 -0.039349 -3.110302 1.730155 0.042355 0.082415 -1
0 0.155106 -3.293842 1.260155 0.039132 0.082834 -1
0 -0.039349 -3.110302 1.260155 0.039132 0.082415 -1
0 0.155106 -3.293842 1.730155 0.042355 0.082834 -1
0 -0.778768 -4.082305 1.730156 0.042355 0.084633 -1
0 -0.584314 -4.265846 1.730156 0.042355 0.085052 -1
0 -0.778768 -4.082305 1.260155 0.039132 0.084633 -1
0 -0.584314 -4.265846 1.260154 0.039132 0.085052 -1
0 -0.218491 3.233540 -0.610639 0.026300 0.067937 -1
0 -0.220046 -1.156304 -0.610638 0.026300 0.077955 -1
0 -0.217089 3.233540 -0.123933 0.029638 0.067937 -1
0 -0.218645 -1.156304 -0.123934 0.029638 0.077955 -1
0 1.604719 3.233540 -0.123933 0.029638 0.067937 -1
0 1.603164 -1.156304 -0.123933 0.029638 0.077955 -1
0 1.604936 3.233540 -0.610639 0.026300 0.067937 -1
0 1.603381 -1.156304 -0.610639 0.026300 0.077955 -1
0 0.702224 17.808723 0.100825 0.031180 0.034672 -1
0 0.467375 17.808723 0.037897 0.030748 0.034672 -1
0 0.702224 17.364597 -0.368872 0.027958 0.035686 -1
0 0.702225 20.558483 0.387580 0.033147 0.028397 -1
0 0.702224 18.880318 -0.368872 0.027958 0.032227 -1
0 0.323998 20.558483 0.286235 0.032452 0.028397 -1
0 0.702224 19.270599 0.100825 0.031180 0.031336 -1
0 0.467375 19.270599 0.037897 0.030748 0.031336 -1
0 0.702224 19.272903 0.100825 0.031180 0.031331 -1
0 0.467375 19.272903 0.037897 0.030748 0.031331 -1
0 0.295454 17.808723 -0.134024 0.029569 0.034672 -1
0 0.047117 20.558483 0.009354 0.030552 0.028397 -1
0 0.295454 19.270599 -0.134024 0.029569 0.031336 -1
0 0.295454 19.272903 -0.134024 0.029569 0.031331 -1
0 0.232527 17.808723 -0.368873 0.027958 0.034672 -1
0 -0.054228 20.558483 -0.368873 0.027958 0.028397 -1
0 0.232527 19.270599 -0.368873 0.027958 0.031336 -1
0 0.232527 19.272903 -0.368873 0.027958 0.031331 -1
0 0.295454 17.808723 -0.603721 0.026347 0.034672 -1
0 0.047117 20.558483 -0.747098 0.025364 0.028397 -1
0 0.295454 19.270599 -0.603721 0.026347 0.031336 -1
0 0.295454 19.272903 -0.603721 0.026347 0.031331 -1
0 0.467375 17.808723 -0.775642 0.025168 0.034672 -1
0 0.323998 20.558483 -1.023980 0.023465 0.028397 -1
0 0.467375 19.270599 -0.775642 0.025168 0.031336 -1
0 0.467375 19.272903 -0.775642 0.025168 0.031331 -1
0 0.702224 17.808723 -0.838569 0.024737 0.034672 -1
0 0.702224 20.558483 -1.125324 0.022770 0.028397 -1
0 0.702224 19.270599 -0.838569 0.024737 0.031336 -1
0 0.702224 19.272903 -0.838569 0.024737 0.031331 -1
0 0.937073 17.808723 -0.775643 0.025168 0.034672 -1
0 1.080451 20.558483 -1.023980 0.023465 0.028397 -1
0 0.937073 19.270599 -0.775643 0.025168 0.031336 -1
0 0.937073 19.272903 -0.775643 0.025168 0.031331 -1
0 1.108994 17.808723 -0.603721 0.026347 0.034672 -1
0 1.357332 20.558483 -0.747099 0.025364 0.028397 -1
0 1.108994 19.270599 -0.603721 0.026347 0.031336 -1
0 1.108994 19.272903 -0.603721 0.026347 0.031331 -1
0 1.171921 17.808723 -0.368872 0.027958 0.034672 -1
0 1.458677 20.558483 -0.368872 0.027958 0.028397 -1
0 1.171921 19.270599 -0.368872 0.027958 0.031336 -1
0 1.171921 19.272903 -0.368872 0.027958 0.031331 -1
0 1.108994 17.808723 -0.134024 0.029569 0.034672 -1
0 1.357331 20.558483 0.009354 0.030552 0.028397 -1
0 1.108994 19.270599 -0.134024 0.029569 0.031336 -1
0 1.108994 19.272903 -0.134024 0.029569 0.031331 -1
0 0.937073 17.808723 0.037897 0.030748 0.034672 -1
0 1.080450 20.558483 0.286234 0.032452 0.028397 -1
0 0.937073 19.270599 0.037897 0.030748 0.031336 -1
0 0.937073 19.272903 0.037897 0.030748 0.031331 -1
0 0.603414 18.966221 -2.114809 0.015983 0.032031 -1
0 0.603414 18.733173 -2.114809 0.015983 0.032563 -1
0 0.603414 18.966221 -0.789575 0.025073 0.032031 -1
0 0.603414 18.733173 -0.789575 0.025073 0.032563 -1
0 0.793736 18.966221 -0.789574 0.025073 0.032031 -1
0 0.793736 18.733173 -0.789574 0.025073 0.032563 -1
0 0.793737 18.966221 -2.114808 0.015983 0.032031 -1
0 0.793737 18.733173 -2.114808 0.015983 0.032563 -1
0 0.603414 18.966675 -1.795342 0.018174 0.032030 -1
0 0.603414 18.733833 -2.114187 0.015987 0.032561 -1
0 0.603414 18.087353 -0.645963 0.026058 0.034037 -1
0 0.603414 17.906246 -0.792621 0.025052 0.034450 -1
0 0.793736 18.087353 -0.645963 0.026058 0.034037 -1
0 0.793736 17.906246 -0.792622 0.025052 0.034450 -1
0 0.793737 18.966675 -1.795342 0.018174 0.032030 -1
0 0.793737 18.733833 -2.114186 0.015987 0.032561 -1
0 0.120349 11.958773 -0.368842 0.027958 0.048024 -1
0 0.120349 11.601631 -0.368842 0.027958 0.048839 -1
0 -0.811129 11.958773 1.298102 0.039392 0.048024 -1
0 -0.811129 11.601631 1.298102 0.039392 0.048839 -1
0 2.200653 11.958773 1.298103 0.039392 0.048024 -1
0 2.200653 11.601631 1.298103 0.039392 0.048839 -1
0 1.277737 11.958773 -0.368841 0.027958 0.048024 -1
0 1.277737 11.601631 -0.368841 0.027958 0.048839 -1
258
0.000000 0.000000 1.000000
0.000011 0.000000 1.000000
0.000002 0.000002 1.000000
-0.000005 0.000005 -1.000000
-0.000001 -0.000001 -1.000000
0.000006 0.000009 -1.000000
-0.000004 1.000000 0.000000
-0.000001 1.000000 0.000000
-0.500000 0.866025 0.000000
-0.499999 0.866026 0.000000
0.000006 -0.000009 1.000000
0.000009 0.000006 -1.000000
-0.866027 0.499997 0.000000
-0.866025 0.500000 0.000001
0.000000 0.000010 1.000000
0.000005 0.000000 -1.000000
-1.000000 0.000003 -0.000000
-1.000000 -0.000001 -0.000000
0.000017 0.000010 1.000000
0.000009 -0.000006 -1.000000
-0.866025 -0.500000 -0.000000
-0.866022 -0.500006 -0.000000
0.000008 -0.000005 1.000000
0.000010 -0.000011 -1.000000
-0.500006 -0.866022 -0.000000
-0.500004 -0.866023 0.000000
0.000000 0.000010 1.000000
-0.000005 -0.000010 -1.000000
-0.000001 -1.000000 -0.000000
-0.000002 -1.000000 -0.000001
-0.000004 -0.000003 1.000000
-0.000012 -0.000007 -1.000000
0.500005 -0.866022 0.000000
0.500002 -0.866024 0.000000
-0.000010 0.000011 1.000000
-0.000006 -0.000002 -1.000000
0.866026 -0.499998 0.000000
0.866024 -0.500003 0.000000
0.000005 0.000010 1.000000
-0.000005 0.000000 -1.000000
1.000000 -0.000001 -0.000000
1.000000 -0.000001 -0.000000
0.000000 -0.000011 1.000000
-0.000006 0.000002 -1.000000
0.866030 0.499992 0.000000
0.866030 0.499992 0.000000
-0.000007 -0.000002 1.000000
-0.000008 0.000005 -1.000000
0.499998 0.866027 0.000000
0.499998 0.866027 0.000000
0.000001 0.000001 1.000000
-0.000011 0.000000 1.000000
0.000005 0.000000 1.000000
-0.000002 0.000006 -1.000000
-0.000002 -0.000002 -1.000000
-0.000000 0.000000 -1.000000
0.499999 0.866026 0.000000
-0.000002 1.000000 0.000000
-0.000003 1.000000 0.000000
0.499999 0.866026 0.000000
-0.000004 -0.000013 1.000000
-0.000004 -0.000002 -1.000000
0.866029 0.499993 -0.000000
0.866027 0.499998 0.000000
0.000005 0.000010 1.000000
0.000005 0.000000 -1.000000
1.000000 0.000001 -0.000000
1.000000 -0.000001 -0.000001
-0.000012 0.000018 1.000000
-0.000004 0.000002 -1.000000
0.866026 -0.499999 -0.000000
0.866021 -0.500007 -0.000000
-0.000015 -0.000003 1.000000
-0.000010 -0.000011 -1.000000
0.500006 -0.866022 -0.000000
0.500003 -0.866023 0.000000
-0.000005 0.000005 1.000000
0.000000 -0.000010 -1.000000
-0.000002 -1.000000 -0.000000
-0.000003 -1.000000 -0.000001
0.000012 -0.000007 1.000000
0.000002 -0.000006 -1.000000
-0.500006 -0.866022 -0.000000
-0.500001 -0.866025 0.000000
0.000017 0.000010 1.000000
-0.000002 -0.000006 -1.000000
-0.866027 -0.499996 0.000000
-0.866026 -0.499999 0.000000
0.000000 -0.000000 -1.000000
-1.000000 0.000001 0.000000
-1.000000 -0.000001 0.000000
0.000004 -0.000013 1.000000
-0.000002 0.000006 -1.000000
-0.866031 0.499991 0.000000
-0.866031 0.499990 0.000001
0.000013 -0.000004 1.000000
-0.000006 0.000002 -1.000000
-0.500000 0.866025 0.000000
-0.499997 0.866027 0.000000
-0.686402 0.727222 0.000000
0.000005 0.000005 1.000000
0.000004 0.000004 1.000000
0.000003 0.000002 1.000000
0.686398 -0.727226 -0.000001
0.686400 -0.727224 0.000000
0.686402 -0.727223 0.000001
-0.000003 -0.000002 -1.000000
-0.000001 -0.000002 -1.000000
0.000001 -0.000001 -1.000000
0.795888 0.605444 -0.000002
0.795888 0.605444 -0.000001
0.795887 0.605445 0.000000
-0.795887 -0.605445 0.000000
-0.795887 -0.605445 -0.000001
-0.795887 -0.605445 -0.000002
0.686402 0.727222 0.000000
0.686401 0.727224 -0.000001
0.686404 0.727220 0.000001
0.000001 -0.000001 1.000000
0.000002 -0.000003 1.000000
-0.686401 -0.727223 -0.000001
-0.686400 -0.727224 -0.000001
-0.686402 -0.727222 0.000000
0.000001 0.000001 -1.000000
0.000001 0.000001 -1.000000
0.000001 0.000001 -1.000000
-0.795887 0.605445 -0.000000
-0.795888 0.605444 -0.000002
-0.795887 0.605445 0.000002
0.795887 -0.605445 0.000001
0.795887 -0.605446 0.000002
0.795887 -0.605445 0.000000
-0.686404 0.727220 0.000000
-0.686404 0.727220 0.000000
-0.000001 0.000001 1.000000
-0.000001 0.000001 1.000000
-0.000001 0.000001 1.000000
0.686404 -0.727221 0.000000
0.686403 -0.727221 -0.000001
0.686402 -0.727222 -0.000001
0.000000 0.000000 -1.000000
-0.000002 -0.000001 -1.000000
-0.000003 -0.000002 -1.000000
0.795887 0.605445 0.000000
-0.795888 -0.605444 0.000000
-0.795888 -0.605444 0.000001
-0.795887 -0.605445 0.000002
0.686402 0.727222 0.000000
0.000001 0.000001 1.000000
0.000001 0.000001 1.000000
0.000001 0.000001 1.000000
-0.686406 -0.727219 0.000000
-0.000001 0.000001 -1.000000
-0.000003 0.000002 -1.000000
0.000001 0.000001 -1.000000
-0.795887 0.605445 0.000000
0.795887 -0.605445 0.000000
-0.999996 0.000354 0.002881
-0.999996 0.000354 0.002880
-0.999996 0.000354 0.002879
0.000000 -0.000000 1.000000
-0.000000 -0.000000 1.000000
-0.000001 0.000000 1.000000
1.000000 -0.000354 0.000446
1.000000 -0.000354 0.000446
1.000000 -0.000354 0.000446
-0.000000 -0.000000 -1.000000
-0.000001 -0.000000 -1.000000
0.000000 1.000000 0.000000
0.000000 -1.000000 0.000000
0.000000 -0.726609 0.687051
-0.343526 -0.726609 0.595004
-0.000000 -1.000000 0.000000
-0.000002 0.410942 -0.911662
0.000000 1.000000 -0.000001
0.455830 0.410942 -0.789522
0.000000 0.000000 1.000000
-0.500001 0.000000 0.866025
-0.500001 0.000000 0.866025
0.000000 -0.217705 0.976015
0.000001 -0.217705 0.976015
-0.488007 -0.217705 0.845253
-0.488007 -0.217705 0.845254
-0.595004 -0.726609 0.343525
0.789522 0.410942 -0.455830
-0.866026 0.000000 0.499999
-0.845254 -0.217705 0.488006
-0.845254 -0.217705 0.488006
-0.687051 -0.726609 -0.000000
0.911662 0.410942 0.000001
-1.000000 0.000000 -0.000001
-0.976015 -0.217705 -0.000001
-0.976015 -0.217705 -0.000001
-0.595004 -0.726609 -0.343525
0.789523 0.410942 0.455830
-0.866026 0.000000 -0.499999
-0.845254 -0.217705 -0.488007
-0.845254 -0.217705 -0.488007
-0.343525 -0.726609 -0.595004
0.455830 0.410942 0.789522
-0.499999 0.000000 -0.866026
-0.499999 0.000000 -0.866026
-0.488006 -0.217705 -0.845254
-0.488007 -0.217705 -0.845254
-0.000001 -0.726609 -0.687051
0.000000 0.410942 0.911662
-0.000002 0.000000 -1.000000
-0.000002 0.000000 -1.000000
-0.000001 -0.217705 -0.976015
-0.000002 -0.217705 -0.976015
0.343524 -0.726610 -0.595004
-0.455829 0.410942 0.789523
0.499998 0.000000 -0.866026
0.488006 -0.217705 -0.845254
0.488006 -0.217705 -0.845254
0.595004 -0.726609 -0.343524
-0.789522 0.410942 0.455830
0.866027 0.000000 -0.499998
0.845254 -0.217706 -0.488006
0.845255 -0.217706 -0.488005
0.687051 -0.726609 0.000000
-0.911661 0.410942 -0.000001
1.000000 0.000000 0.000001
0.976014 -0.217705 0.000001
0.976014 -0.217706 0.000001
0.595004 -0.726609 0.343525
-0.789521 0.410942 -0.455832
0.866026 0.000000 0.499999
0.866026 0.000000 0.499999
0.845253 -0.217705 0.488008
0.845254 -0.217705 0.488007
0.343526 -0.726609 0.595004
-0.455831 0.410942 -0.789522
0.500001 0.000000 0.866025
0.500001 0.000000 0.866025
0.488008 -0.217705 0.845253
0.488008 -0.217705 0.845253
-1.000000 0.000000 0.000000
-0.000005 0.000000 1.000000
1.000000 0.000000 0.000001
0.000005 0.000000 -1.000000
0.000000 -0.629322 0.777144
0.000002 -0.629324 0.777143
0.000004 -0.629325 0.777142
1.000000 -0.000000 0.000001
1.000000 -0.000001 0.000000
1.000000 -0.000001 0.000000
0.000000 0.807584 -0.589752
0.000001 0.807585 -0.589752
0.000003 0.807585 -0.589751
0.000000 0.794229 0.607618
0.000003 -0.847534 -0.530740
-0.000000 -0.847534 -0.530741
-0.000003 -0.847534 -0.530741
-0.872955 0.000000 -0.487802
-0.000000 0.000000 1.000000
0.874861 0.000000 -0.484374
0.000001 0.000000 -1.000000
264
0 0 1 2 0 1 2 2
0 3 4 5 3 4 5 2
0 6 3 7 6 7 8 1
0 3 5 7 7 9 8 1
0 1 8 2 1 10 2 2
0 5 4 9 5 4 11 2
0 7 5 9 8 9 12 1
0 7 9 10 8 12 13 1
0 8 11 2 10 14 2 2
0 9 4 12 11 4 15 2
0 10 9 13 13 12 16 1
0 9 12 13 12 17 16 1
0 11 14 2 14 18 2 2
0 12 4 15 15 4 19 2
0 13 12 15 16 17 20 1
0 13 15 16 16 20 21 1
0 14 17 2 18 22 2 2
0 15 4 18 19 4 23 2
0 16 15 19 21 20 24 1
0 15 18 19 20 25 24 1
0 17 20 2 22 26 2 2
0 18 4 21 23 4 27 2
0 19 18 21 24 25 28 1
0 19 21 22 24 28 29 1
0 20 23 2 26 30 2 2
0 21 4 24 27 4 31 2
0 22 21 25 29 28 32 1
0 21 24 25 28 33 32 1
0 23 26 2 30 34 2 2
0 24 4 27 31 4 35 2
0 25 24 27 32 33 36 1
0 25 27 28 32 36 37 1
0 26 29 2 34 38 2 2
0 27 4 30 35 4 39 2
0 28 27 31 37 36 40 1
0 27 30 31 36 41 40 1
0 29 32 2 38 42 2 2
0 30 4 33 39 4 43 2
0 31 30 33 40 41 44 1
0 31 33 34 40 44 45 1
0 32 35 2 42 46 2 2
0 33 4 36 43 4 47 2
0 34 33 37 45 44 48 1
0 33 36 37 44 49 48 1
0 35 0 2 46 0 2 2
0 36 4 3 47 4 3 2
0 37 36 3 48 49 7 1
0 37 3 6 48 7 6 1
0 38 39 40 50 51 52 2
0 41 42 43 53 54 55 2
0 44 43 45 56 57 58 1
0 44 41 43 56 59 57 1
0 38 46 39 50 60 51 2
0 47 42 41 61 54 53 2
0 47 41 44 62 59 56 1
0 48 47 44 63 62 56 1
0 38 49 46 50 64 60 2
0 50 42 47 65 54 61 2
0 51 47 48 66 62 63 1
0 51 50 47 66 67 62 1
0 38 52 49 50 68 64 2
0 53 42 50 69 54 65 2
0 53 50 51 70 67 66 1
0 54 53 51 71 70 66 1
0 38 55 52 50 72 68 2
0 56 42 53 73 54 69 2
0 57 53 54 74 70 71 1
0 57 56 53 74 75 70 1
0 38 58 55 50 76 72 2
0 59 42 56 77 54 73 2
0 59 56 57 78 75 74 1
0 60 59 57 79 78 74 1
0 38 61 58 50 80 76 2
0 62 42 59 81 54 77 2
0 63 59 60 82 78 79 1
0 63 62 59 82 83 78 1
0 38 64 61 50 84 80 2
0 65 42 62 85 54 81 2
0 65 62 63 86 83 82 1
0 66 65 63 87 86 82 1
0 38 67 64 50 14 84 2
0 68 42 65 88 54 85 2
0 69 65 66 89 86 87 1
0 69 68 65 89 90 86 1
0 38 70 67 50 91 14 2
0 71 42 68 92 54 88 2
0 71 68 69 93 90 89 1
0 72 71 69 94 93 89 1
0 38 73 70 50 95 91 2
0 74 42 71 96 54 92 2
0 75 71 72 97 93 94 1
0 75 74 71 97 98 93 1
0 38 40 73 50 52 95 2
0 43 42 74 55 54 96 2
0 43 74 75 57 98 97 1
0 45 43 75 58 57 97 1
0 76 77 78 99 99 99 1
0 77 79 78 99 99 99 1
0 78 79 80 100 101 101 2
0 79 81 80 101 102 101 2
0 80 81 82 103 104 104 1
0 81 83 82 104 105 104 1
0 82 83 76 106 107 107 2
0 83 77 76 107 108 107 2
0 82 76 80 109 110 110 3
0 76 78 80 110 111 110 3
0 77 83 79 112 113 113 3
0 83 81 79 113 114 113 3
0 84 85 86 115 115 116 1
0 84 87 85 115 117 115 1
0 88 87 84 118 118 119 2
0 88 89 87 118 0 118 2
0 90 89 88 120 120 121 1
0 90 91 89 120 122 120 1
0 86 91 90 123 123 124 2
0 86 85 91 123 125 123 2
0 88 86 90 126 126 127 3
0 88 84 86 126 128 126 3
0 87 91 85 129 129 130 3
0 87 89 91 129 131 129 3
0 92 93 94 132 133 133 1
0 93 95 94 133 133 133 1
0 94 95 96 134 135 135 2
0 95 97 96 135 136 135 2
0 96 97 98 137 138 138 1
0 97 99 98 138 139 138 1
0 98 99 92 140 141 141 2
0 99 93 92 141 142 141 2
0 98 92 96 143 143 143 3
0 92 94 96 143 143 143 3
0 93 99 95 144 145 145 3
0 99 97 95 145 146 145 3
0 100 101 102 147 147 147 1
0 100 103 101 147 147 147 1
0 104 103 100 148 148 149 2
0 104 105 103 148 150 148 2
0 106 105 104 151 151 151 1
0 106 107 105 151 151 151 1
0 102 107 106 152 152 153 2
0 102 101 107 152 154 152 2
0 104 102 106 155 155 155 3
0 104 100 102 155 155 155 3
0 103 107 101 156 156 156 3
0 103 105 107 156 156 156 3
0 108 109 110 157 158 158 1
0 109 111 110 158 159 158 1
0 110 111 112 160 161 161 2
0 111 113 112 161 162 161 2
0 112 113 114 163 164 164 1
0 113 115 114 164 165 164 1
0 114 115 108 140 166 166 2
0 115 109 108 166 167 166 2
0 114 108 112 168 168 168 3
0 108 110 112 168 168 168 3
0 109 115 111 169 169 169 3
0 115 113 111 169 169 169 3
0 116 117 118 170 171 172 2
0 119 120 121 173 174 175 2
0 116 122 123 176 176 177 1
0 116 123 117 176 177 178 1
0 124 119 125 179 180 181 1
0 119 121 125 180 182 181 1
0 117 126 118 171 183 172 2
0 121 120 127 175 174 184 2
0 117 123 126 178 177 185 1
0 123 128 126 177 185 185 1
0 125 121 127 181 182 186 1
0 125 127 129 181 186 187 1
0 126 130 118 183 188 172 2
0 127 120 131 184 174 189 2
0 126 128 132 185 185 190 1
0 126 132 130 185 190 190 1
0 129 127 133 187 186 191 1
0 127 131 133 186 192 191 1
0 130 134 118 188 193 172 2
0 131 120 135 189 174 194 2
0 130 132 134 190 190 195 1
0 132 136 134 190 195 195 1
0 133 131 135 191 192 196 1
0 133 135 137 191 196 197 1
0 134 138 118 193 198 172 2
0 135 120 139 194 174 199 2
0 134 136 140 195 195 200 1
0 134 140 138 195 200 201 1
0 137 135 141 197 196 202 1
0 135 139 141 196 203 202 1
0 138 142 118 198 204 172 2
0 139 120 143 199 174 205 2
0 138 140 142 201 200 206 1
0 140 144 142 200 207 206 1
0 141 139 143 202 203 208 1
0 141 143 145 202 208 209 1
0 142 146 118 204 210 172 2
0 143 120 147 205 174 211 2
0 142 144 148 206 207 212 1
0 142 148 146 206 212 212 1
0 145 143 149 209 208 213 1
0 143 147 149 208 214 213 1
0 146 150 118 210 215 172 2
0 147 120 151 211 174 216 2
0 146 148 150 212 212 217 1
0 148 152 150 212 217 217 1
0 149 147 151 213 214 218 1
0 149 151 153 213 218 219 1
0 150 154 118 215 220 172 2
0 151 120 155 216 174 221 2
0 150 152 156 217 217 222 1
0 150 156 154 217 222 222 1
0 153 151 157 219 218 223 1
0 151 155 157 218 224 223 1
0 154 158 118 220 225 172 2
0 155 120 159 221 174 226 2
0 154 156 158 222 222 227 1
0 156 160 158 222 228 227 1
0 157 155 159 223 224 229 1
0 157 159 161 223 229 230 1
0 158 162 118 225 231 172 2
0 159 120 163 226 174 232 2
0 158 160 164 227 228 233 1
0 158 164 162 227 233 234 1
0 161 159 165 230 229 235 1
0 159 163 165 229 236 235 1
0 162 116 118 231 170 172 2
0 163 120 119 232 174 173 2
0 162 164 116 234 233 176 1
0 164 122 116 233 176 176 1
0 165 163 119 235 236 180 1
0 165 119 124 235 180 179 1
0 166 167 168 237 237 237 1
0 167 169 168 237 237 237 1
0 168 169 170 238 238 238 2
0 169 171 170 238 238 238 2
0 170 171 172 239 239 239 1
0 171 173 172 239 239 239 1
0 172 173 166 240 240 240 2
0 173 167 166 240 240 240 2
0 172 166 170 168 168 168 3
0 166 168 170 168 168 168 3
0 167 173 169 169 169 169 3
0 173 171 169 169 169 169 3
0 174 175 176 237 237 237 1
0 175 177 176 237 237 237 1
0 176 177 178 241 242 242 2
0 177 179 178 242 243 242 2
0 178 179 180 244 245 245 1
0 179 181 180 245 246 245 1
0 180 181 174 247 248 248 2
0 181 175 174 248 249 248 2
0 180 174 178 250 250 250 3
0 174 176 178 250 250 250 3
0 175 181 177 251 252 252 3
0 181 179 177 252 253 252 3
0 182 183 184 254 254 254 1
0 183 185 184 254 254 254 1
0 184 185 186 255 255 255 2
0 185 187 186 255 255 255 2
0 186 187 188 256 256 256 1
0 187 189 188 256 256 256 1
0 188 189 182 257 257 257 2
0 189 183 182 257 257 257 2
0 188 182 186 168 168 168 3
0 182 184 186 168 168 168 3
0 183 189 185 169 169 169 3
0 189 187 185 169 169 169 3

Materials: 5
"black"
0.800000 0.800000 0.800000 1.000000
0.800000 0.800000 0.800000 1.000000
0.345098 0.572549 0.196078 1.000000
0.000000 0.000000 0.000000 1.000000
15.000000
1.000000
".\weapons1.bmp"
""
"olive"
0.800000 0.800000 0.800000 1.000000
0.800000 0.800000 0.800000 1.000000
0.717647 0.792157 0.482353 1.000000
0.000000 0.000000 0.000000 1.000000
4.000000
1.000000
".\weapons1.bmp"
""
"bullets"
0.800000 0.800000 0.800000 1.000000
0.800000 0.800000 0.800000 1.000000
0.835294 0.835294 0.000000 1.000000
0.000000 0.000000 0.000000 1.000000
29.000000
1.000000
".\weapons1.bmp"
""
"case"
0.800000 0.800000 0.800000 1.000000
0.800000 0.800000 0.800000 1.000000
0.717647 0.741176 0.392157 1.000000
0.000000 0.000000 0.000000 1.000000
10.000000
1.000000
".\weapons1.bmp"
""
"barrel"
0.800000 0.800000 0.800000 1.000000
0.800000 0.800000 0.800000 1.000000
0.603922 0.650980 0.678431 1.000000
0.000000 0.000000 0.000000 1.000000
29.000000
1.000000
".\weapons1.bmp"
""

Bones: 0
GroupComments: 0
MaterialComments: 0
BoneComments: 0
ModelComment: 0
