// MilkShape 3D ASCII

Frames: 30
Frame: 1

Meshes: 2
"ends" 0 1
148
0 -7.225035 15.982897 -10.076599 0.706737 0.076907 -1
0 -8.658892 15.982897 -8.642743 0.699108 0.071886 -1
0 -6.995735 16.803152 -9.463102 0.711999 0.073562 -1
0 -0.602551 10.240591 -3.069917 0.713682 0.129139 -1
0 -7.212077 17.403616 -8.629786 0.713806 0.069767 -1
0 -7.816091 17.623392 -7.799943 0.711675 0.066541 -1
0 -1.422909 11.060846 -1.406763 0.713359 0.122118 -1
0 -8.645934 17.403616 -7.195934 0.706177 0.064746 -1
0 -9.479247 16.803152 -6.979591 0.698784 0.064865 -1
0 -3.086064 10.240591 -0.586406 0.700468 0.120442 -1
0 -10.092745 15.982897 -7.208889 0.691479 0.066865 -1
0 -10.322051 15.162642 -7.822393 0.686217 0.070211 -1
0 -3.928867 8.600086 -1.429210 0.687901 0.125788 -1
0 -10.105707 14.562174 -8.655705 0.684410 0.074005 -1
0 -9.501692 14.342379 -9.485546 0.686541 0.077232 -1
0 -3.108511 7.779838 -3.092366 0.688225 0.132809 -1
0 -8.671850 14.562174 -10.089562 0.692039 0.079026 -1
0 -7.838539 15.162642 -10.305905 0.699432 0.078907 -1
0 -1.445356 8.600086 -3.912723 0.701115 0.134485 -1
0 -8.554751 15.827620 -8.538608 0.698897 0.073036 -1
0 -6.836862 16.263525 -8.982032 0.710185 0.076847 -1
0 -7.036417 15.549677 -9.515944 0.705606 0.079759 -1
0 -7.550794 16.977369 -7.534649 0.709904 0.070737 -1
0 -7.025136 16.786093 -8.256827 0.711758 0.073545 -1
0 -8.272974 16.786093 -7.008993 0.705119 0.069175 -1
0 -9.532090 15.549677 -7.020273 0.692327 0.071019 -1
0 -8.998178 16.263525 -6.820716 0.698685 0.069279 -1
0 -9.731639 14.835844 -7.554179 0.687749 0.073931 -1
0 -9.017714 14.122004 -9.001569 0.688030 0.080041 -1
0 -9.543363 14.313276 -8.279382 0.686176 0.077233 -1
0 -8.295528 14.313276 -9.527221 0.692815 0.081603 -1
0 -7.570323 14.835844 -9.715493 0.699249 0.081499 -1
0 -1.225776 9.639631 -3.705303 0.707406 0.129996 -1
0 -2.349753 11.733088 -6.656241 0.711739 0.115472 -1
0 -2.004116 12.969492 -5.731481 0.719670 0.110430 -1
0 -2.330223 13.874609 -4.475394 0.722394 0.104710 -1
0 -1.214500 10.876047 -2.446191 0.713557 0.123782 -1
0 -3.240679 14.205904 -3.224535 0.719182 0.099846 -1
0 -4.491539 13.874609 -2.314077 0.710895 0.097142 -1
0 -2.462337 10.876047 -1.198355 0.706918 0.119413 -1
0 -5.747624 12.969492 -1.987970 0.699752 0.097321 -1
0 -6.672385 11.733088 -2.333606 0.688740 0.100336 -1
0 -3.721448 9.639631 -1.209630 0.694127 0.121257 -1
0 -7.018018 10.496687 -3.258366 0.680809 0.105378 -1
0 -6.691916 9.591566 -4.514455 0.678084 0.111098 -1
0 -3.732726 8.403229 -2.468744 0.687975 0.127470 -1
0 -5.781463 9.260279 -5.765316 0.681296 0.115961 -1
0 -4.530601 9.591566 -6.675773 0.689584 0.118666 -1
0 -2.484890 8.403229 -3.716580 0.694614 0.131840 -1
0 -3.274509 10.496687 -7.001873 0.700727 0.118487 -1
0 -3.024920 12.770369 -8.000121 0.713258 0.107862 -1
0 -2.625818 14.198038 -6.932303 0.722415 0.102039 -1
0 -3.002368 15.243174 -5.481895 0.725561 0.095435 -1
0 -4.053674 15.625719 -4.037529 0.721852 0.089819 -1
0 -5.498041 15.243174 -2.986222 0.712282 0.086696 -1
0 -6.948452 14.198038 -2.609674 0.699415 0.086903 -1
0 -8.016264 12.770369 -3.008776 0.686700 0.090384 -1
0 -8.415369 11.342684 -4.076592 0.677542 0.096207 -1
0 -8.038820 10.297548 -5.527002 0.674396 0.102811 -1
0 -6.987511 9.915003 -6.971368 0.678105 0.108427 -1
0 -5.543146 10.297548 -8.022673 0.687675 0.111550 -1
0 -4.092738 11.342684 -8.399227 0.700542 0.111343 -1
0 -5.231153 14.693689 -9.537640 0.710994 0.090409 -1
0 -4.885520 15.930094 -8.612884 0.718925 0.085367 -1
0 -5.211624 16.835207 -7.356796 0.721650 0.079647 -1
0 -6.122080 17.166491 -6.105933 0.718437 0.074783 -1
0 -7.372938 16.835207 -5.195476 0.710149 0.072079 -1
0 -8.629030 15.930094 -4.869372 0.699007 0.072258 -1
0 -9.553788 14.693689 -5.215010 0.687995 0.075273 -1
0 -9.899421 13.457285 -6.139764 0.680064 0.080315 -1
0 -9.573317 12.552179 -7.395855 0.677340 0.086035 -1
0 -8.662864 12.220881 -8.646717 0.680552 0.090898 -1
0 -7.412003 12.552179 -9.557174 0.688840 0.093603 -1
0 -6.155912 13.457285 -9.883274 0.699983 0.093424 -1
0 9.988580 -0.676256 7.521215 0.716250 0.221438 -1
0 8.797375 -1.981434 8.813522 0.703481 0.223868 -1
0 9.761455 -1.498739 6.909885 0.710989 0.224803 -1
0 3.599676 5.894604 1.132309 0.714630 0.165834 -1
0 9.772239 -0.075789 8.354530 0.718057 0.217644 -1
0 9.168227 0.144001 9.184374 0.715926 0.214417 -1
0 2.779320 6.714856 2.795466 0.714306 0.158813 -1
0 8.338383 -0.075789 9.788386 0.710428 0.212623 -1
0 1.116163 5.894604 3.615821 0.701416 0.157137 -1
0 7.505068 -0.676256 10.004724 0.703036 0.212742 -1
0 6.894366 -1.499387 9.778226 0.695731 0.214766 -1
0 6.662268 -2.316763 9.161926 0.690468 0.218087 -1
0 0.273363 4.254097 2.773021 0.688848 0.162483 -1
0 6.878609 -2.917234 8.328612 0.688661 0.221881 -1
0 7.482622 -3.137014 7.498769 0.690792 0.225108 -1
0 1.093719 3.433842 1.109865 0.689172 0.169504 -1
0 8.312465 -2.917234 6.894755 0.696291 0.226902 -1
0 2.756875 4.254097 0.289508 0.702063 0.171180 -1
0 9.145781 -2.316763 6.678416 0.703683 0.226784 -1
0 9.166161 -1.126483 6.686632 0.709656 0.220836 -1
0 9.365712 -0.412648 7.220542 0.714234 0.217924 -1
0 8.188823 -1.404422 8.204968 0.703086 0.218819 -1
0 9.177438 0.109919 7.945748 0.715808 0.214622 -1
0 8.651785 0.301190 8.667932 0.713953 0.211814 -1
0 7.929603 0.109919 9.193587 0.709168 0.210252 -1
0 7.204394 -0.412648 9.381855 0.702735 0.210356 -1
0 6.670486 -1.126483 9.182305 0.696377 0.212096 -1
0 6.470932 -1.840327 8.648396 0.691798 0.215008 -1
0 6.659212 -2.362893 7.923193 0.690225 0.218310 -1
0 7.184862 -2.554167 7.201007 0.692079 0.221118 -1
0 7.907050 -2.362893 6.675360 0.696865 0.222679 -1
0 8.632250 -1.840327 6.487081 0.703298 0.222576 -1
0 6.692649 4.005429 2.965286 0.721779 0.186220 -1
0 6.347015 2.769026 2.040530 0.713848 0.191262 -1
0 3.396075 4.862488 0.916547 0.708461 0.170341 -1
0 3.407351 6.098892 2.175661 0.714613 0.164127 -1
0 6.366549 4.910545 4.221379 0.724503 0.180500 -1
0 5.456089 5.241837 5.472236 0.721291 0.175636 -1
0 2.159515 6.098892 3.423498 0.707973 0.159758 -1
0 4.205232 4.910545 6.382693 0.713004 0.172931 -1
0 2.949140 4.005429 6.708794 0.701860 0.173110 -1
0 0.900401 4.862488 3.412220 0.695182 0.161602 -1
0 2.024384 2.769026 6.363163 0.690848 0.176125 -1
0 1.678748 1.532621 5.438404 0.682917 0.181168 -1
0 0.889124 3.626080 2.153107 0.689030 0.167815 -1
0 2.004850 0.627509 4.182311 0.680193 0.186887 -1
0 2.915308 0.296218 2.931454 0.683406 0.191751 -1
0 2.136961 3.626080 0.905270 0.695670 0.172185 -1
0 4.166168 0.627509 2.020997 0.691694 0.194456 -1
0 5.422259 1.532621 1.694895 0.702836 0.194277 -1
0 7.690892 1.731752 2.715694 0.715888 0.201214 -1
0 8.089999 3.159435 3.783514 0.725046 0.195391 -1
0 7.713449 4.204566 5.233924 0.728192 0.188787 -1
0 6.662144 4.587112 6.678291 0.724483 0.183171 -1
0 5.217777 4.204566 7.729596 0.714913 0.180047 -1
0 3.767367 3.159435 8.106145 0.702046 0.180254 -1
0 2.699550 1.731752 7.707042 0.689330 0.183735 -1
0 2.300447 0.304077 6.639224 0.680173 0.189558 -1
0 2.676998 -0.741057 5.188817 0.677027 0.196163 -1
0 3.728301 -1.123601 3.744447 0.680736 0.201779 -1
0 5.172669 -0.741057 2.693143 0.690306 0.204902 -1
0 6.623078 0.304077 2.316592 0.703173 0.204695 -1
0 9.574043 1.044841 5.846683 0.722524 0.211282 -1
0 9.228405 -0.191567 4.921923 0.714593 0.216325 -1
0 9.247940 1.949955 7.102770 0.725248 0.205563 -1
0 8.337485 2.281246 8.353632 0.722036 0.200699 -1
0 7.086621 1.949955 9.264084 0.713748 0.197995 -1
0 5.830535 1.044841 9.590192 0.702605 0.198173 -1
0 4.905777 -0.191567 9.244555 0.691593 0.201188 -1
0 4.560142 -1.427972 8.319798 0.683662 0.206231 -1
0 4.886247 -2.333082 7.063709 0.680938 0.211951 -1
0 5.796701 -2.664377 5.812848 0.684150 0.216814 -1
0 7.047563 -2.333082 4.902393 0.692438 0.219519 -1
0 8.303653 -1.427972 4.576291 0.703581 0.219340 -1
160
-0.572061 0.587786 -0.572061
-0.572061 0.587786 -0.572061
-0.572062 0.587783 -0.572062
0.707107 0.000000 -0.707107
0.820054 0.404644 -0.404690
0.713267 0.700865 0.006166
-0.572064 0.587789 -0.572056
-0.572059 0.587789 -0.572061
0.415362 0.809288 0.415364
-0.572054 0.587789 -0.572066
0.006165 0.700865 0.713267
-0.404690 0.404644 0.820054
-0.572063 0.587783 -0.572062
-0.572061 0.587786 -0.572061
-0.707106 0.000001 0.707107
-0.572059 0.587789 -0.572059
-0.820054 -0.404643 0.404691
-0.713270 -0.700863 -0.006160
-0.572058 0.587784 -0.572066
-0.572062 0.587784 -0.572062
-0.415363 -0.809288 -0.415363
-0.572066 0.587784 -0.572058
-0.006160 -0.700863 -0.713270
0.404692 -0.404643 -0.820054
-0.572059 0.587789 -0.572059
-0.572062 0.587784 -0.572062
0.050497 0.694745 -0.717481
-0.013225 0.461734 -0.886920
-0.268599 0.925045 -0.268600
0.048638 0.911531 -0.408346
-0.408345 0.911531 0.048638
-0.886920 0.461734 -0.013226
-0.717480 0.694746 0.050497
-0.957934 0.224692 -0.178541
-0.705950 0.057207 -0.705947
-0.900263 -0.063998 -0.430617
-0.430618 -0.063997 -0.900263
-0.178539 0.224693 -0.957934
0.859791 -0.200424 -0.469669
0.846229 -0.176461 -0.502751
0.949690 0.219171 -0.223724
0.852324 0.491852 0.177835
0.865798 0.458219 0.201068
0.562087 0.606726 0.562087
0.177835 0.491852 0.852324
0.201068 0.458219 0.865798
-0.223724 0.219172 0.949690
-0.502752 -0.176461 0.846228
-0.469669 -0.200425 0.859791
-0.621931 -0.555938 0.551484
-0.508846 -0.844771 0.165645
-0.475675 -0.859064 0.189056
-0.234328 -0.943494 -0.234328
0.165645 -0.844771 -0.508846
0.189056 -0.859064 -0.475674
0.551484 -0.555938 -0.621931
0.739769 -0.034836 -0.671959
0.852649 0.368961 -0.369943
0.746147 0.664561 0.040284
0.448800 0.772759 0.448800
0.040284 0.664561 0.746147
-0.369944 0.368960 0.852649
-0.671959 -0.034837 0.739769
-0.784838 -0.438634 0.437754
-0.678338 -0.734234 0.027526
-0.380991 -0.842432 -0.380992
0.027526 -0.734234 -0.678338
0.437753 -0.438634 -0.784839
0.407864 0.242192 -0.880335
0.506998 0.612470 -0.606493
0.407330 0.882623 -0.234646
0.136064 0.981312 0.136064
-0.234645 0.882623 0.407330
-0.606493 0.612470 0.506998
-0.880335 0.242191 0.407864
-0.982278 -0.129535 0.135466
-0.883975 -0.402577 -0.237740
-0.611261 -0.502714 -0.611260
-0.237740 -0.402578 -0.883974
0.135467 -0.129534 -0.982278
0.834395 -0.458154 0.306400
0.572150 -0.587786 0.571972
0.795653 -0.544805 0.264808
0.820317 0.404375 -0.404426
0.707107 0.000001 -0.707106
0.713725 0.700394 0.006616
0.686515 -0.239570 0.686515
0.754084 -0.238358 0.612000
0.415890 0.808747 0.415889
0.612000 -0.238358 0.754083
0.006615 0.700394 0.713726
-0.404427 0.404373 0.820317
0.265212 -0.544907 0.795449
0.307141 -0.457497 0.834482
-0.707106 0.000001 0.707107
0.220387 -0.626365 0.747728
-0.820317 -0.404373 0.404428
-0.713724 -0.700396 -0.006618
0.373253 -0.849332 0.373253
0.300328 -0.845035 0.442401
-0.415890 -0.808747 -0.415890
0.442402 -0.845035 0.300328
-0.006618 -0.700396 -0.713724
0.404428 -0.404373 -0.820317
0.748368 -0.625605 0.220373
0.886443 -0.462663 0.012749
0.954259 -0.233857 0.186282
0.572061 -0.587786 0.572061
0.897072 0.039774 0.440091
0.705094 -0.075415 0.705092
0.440091 0.039773 0.897072
0.186282 -0.233859 0.954258
0.012750 -0.462662 0.886443
-0.062996 -0.694842 0.716398
-0.072225 -0.914792 0.397416
0.256622 -0.931821 0.256623
0.397416 -0.914792 -0.072225
0.716398 -0.694842 -0.062996
0.621931 0.555939 -0.551484
0.502751 0.176460 -0.846229
0.469670 0.200423 -0.859791
0.475676 0.859064 -0.189055
0.508846 0.844771 -0.165644
0.234327 0.943494 0.234328
-0.189055 0.859064 0.475676
-0.165645 0.844771 0.508846
-0.551483 0.555939 0.621931
-0.859791 0.200423 0.469670
-0.846229 0.176461 0.502751
-0.949690 -0.219171 0.223724
-0.865798 -0.458219 -0.201068
-0.852324 -0.491852 -0.177835
-0.562087 -0.606726 -0.562087
-0.201068 -0.458219 -0.865798
-0.177835 -0.491852 -0.852324
0.223724 -0.219171 -0.949690
0.671959 0.034837 -0.739769
0.784839 0.438634 -0.437753
0.678338 0.734234 -0.027526
0.380991 0.842432 0.380991
-0.027527 0.734235 0.678338
-0.437753 0.438635 0.784838
-0.739769 0.034837 0.671959
-0.852649 -0.368961 0.369943
-0.746147 -0.664561 -0.040283
-0.448802 -0.772758 -0.448801
-0.040283 -0.664561 -0.746148
0.369943 -0.368961 -0.852649
0.984003 0.122353 -0.129487
0.879974 -0.242895 -0.408226
0.887871 0.388874 0.245891
0.617885 0.486246 0.617885
0.245890 0.388876 0.887870
-0.129486 0.122353 0.984004
-0.408225 -0.242896 0.879974
-0.515144 -0.609508 0.602600
-0.420535 -0.878755 0.225699
-0.149184 -0.977491 -0.149184
0.225699 -0.878755 -0.420535
0.602601 -0.609508 -0.515144
224
0 0 1 2 0 1 2 2
0 0 2 3 3 4 4 1
0 3 2 4 4 4 5 1
0 4 1 5 6 1 7 2
0 4 5 6 5 8 8 1
0 5 1 7 7 1 9 2
0 6 5 7 8 8 10 1
0 7 8 9 10 11 11 1
0 8 1 10 12 1 13 2
0 9 8 10 11 11 14 1
0 10 1 11 13 1 15 2
0 10 11 12 14 16 16 1
0 12 11 13 16 16 17 1
0 13 1 14 18 1 19 2
0 13 14 15 17 20 20 1
0 14 1 16 19 1 21 2
0 15 14 16 20 20 22 1
0 16 17 18 22 23 23 1
0 17 1 0 24 1 0 2
0 18 17 0 23 23 3 1
0 19 20 21 25 26 27 1
0 19 22 23 25 28 29 1
0 19 24 22 25 30 28 1
0 19 25 26 25 31 32 1
0 19 27 25 25 33 31 1
0 19 28 29 25 34 35 1
0 19 30 28 25 36 34 1
0 19 21 31 25 27 37 1
0 32 33 34 38 39 40 1
0 34 35 36 40 41 42 1
0 36 35 37 42 41 43 1
0 37 38 39 43 44 45 1
0 39 38 40 45 44 46 1
0 40 41 42 46 47 48 1
0 42 41 43 48 47 49 1
0 43 44 45 49 50 51 1
0 45 44 46 51 50 52 1
0 46 47 48 52 53 54 1
0 48 47 49 54 53 55 1
0 49 33 32 55 39 38 1
0 33 50 34 39 56 40 1
0 50 51 34 56 57 40 1
0 34 51 52 40 57 58 1
0 34 52 35 40 58 41 1
0 35 52 37 41 58 43 1
0 52 53 37 58 59 43 1
0 37 53 54 43 59 60 1
0 37 54 38 43 60 44 1
0 38 54 40 44 60 46 1
0 54 55 40 60 61 46 1
0 40 55 56 46 61 62 1
0 40 56 41 46 62 47 1
0 41 56 43 47 62 49 1
0 56 57 43 62 63 49 1
0 43 57 58 49 63 64 1
0 43 58 44 49 64 50 1
0 44 58 46 50 64 52 1
0 58 59 46 64 65 52 1
0 46 59 60 52 65 66 1
0 46 60 47 52 66 53 1
0 47 60 49 53 66 55 1
0 60 61 49 66 67 55 1
0 49 61 50 55 67 56 1
0 49 50 33 55 56 39 1
0 50 62 63 56 68 69 1
0 50 63 51 56 69 57 1
0 51 63 52 57 69 58 1
0 63 64 52 69 70 58 1
0 52 64 65 58 70 71 1
0 52 65 53 58 71 59 1
0 53 65 54 59 71 60 1
0 65 66 54 71 72 60 1
0 54 66 67 60 72 73 1
0 54 67 55 60 73 61 1
0 55 67 56 61 73 62 1
0 67 68 56 73 74 62 1
0 56 68 69 62 74 75 1
0 56 69 57 62 75 63 1
0 57 69 58 63 75 64 1
0 69 70 58 75 76 64 1
0 58 70 71 64 76 77 1
0 58 71 59 64 77 65 1
0 59 71 60 65 77 66 1
0 71 72 60 77 78 66 1
0 60 72 73 66 78 79 1
0 60 73 61 66 79 67 1
0 61 73 50 67 79 56 1
0 73 62 50 79 68 56 1
0 62 21 63 68 27 69 1
0 21 20 63 27 26 69 1
0 63 20 23 69 26 29 1
0 63 23 64 69 29 70 1
0 64 23 65 70 29 71 1
0 23 22 65 29 28 71 1
0 65 22 24 71 28 30 1
0 65 24 66 71 30 72 1
0 66 24 67 72 30 73 1
0 24 26 67 30 32 73 1
0 67 26 25 73 32 31 1
0 67 25 68 73 31 74 1
0 68 25 69 74 31 75 1
0 25 27 69 31 33 75 1
0 69 27 29 75 33 35 1
0 69 29 70 75 35 76 1
0 70 29 71 76 35 77 1
0 29 28 71 35 34 77 1
0 71 28 30 77 34 36 1
0 71 30 72 77 36 78 1
0 72 30 73 78 36 79 1
0 30 31 73 36 37 79 1
0 73 31 21 79 37 27 1
0 73 21 62 79 27 68 1
0 74 75 76 80 81 82 2
0 77 74 76 83 83 84 1
0 78 74 77 85 83 83 1
0 79 75 78 86 81 87 2
0 80 79 78 88 88 85 1
0 81 75 79 89 81 86 2
0 81 79 80 90 88 88 1
0 82 83 81 91 91 90 1
0 84 75 83 92 81 93 2
0 84 83 82 94 91 91 1
0 85 75 84 95 81 92 2
0 86 85 84 96 96 94 1
0 87 85 86 97 96 96 1
0 88 75 87 98 81 99 2
0 89 88 87 100 100 97 1
0 90 75 88 101 81 98 2
0 90 88 89 102 100 100 1
0 91 92 90 103 103 102 1
0 76 75 92 82 81 104 2
0 76 92 91 84 103 103 1
0 93 94 95 105 106 107 1
0 96 97 95 108 109 107 1
0 97 98 95 109 110 107 1
0 99 100 95 111 112 107 1
0 100 101 95 112 113 107 1
0 102 103 95 114 115 107 1
0 103 104 95 115 116 107 1
0 105 93 95 117 105 107 1
0 106 107 108 118 119 120 1
0 109 110 106 121 122 118 1
0 111 110 109 123 122 121 1
0 112 113 111 124 125 123 1
0 114 113 112 126 125 124 1
0 115 116 114 127 128 126 1
0 117 116 115 129 128 127 1
0 118 119 117 130 131 129 1
0 120 119 118 132 131 130 1
0 121 122 120 133 134 132 1
0 123 122 121 135 134 133 1
0 108 107 123 120 119 135 1
0 106 124 107 118 136 119 1
0 106 125 124 118 137 136 1
0 126 125 106 138 137 118 1
0 110 126 106 122 138 118 1
0 111 126 110 123 138 122 1
0 111 127 126 123 139 138 1
0 128 127 111 140 139 123 1
0 113 128 111 125 140 123 1
0 114 128 113 126 140 125 1
0 114 129 128 126 141 140 1
0 130 129 114 142 141 126 1
0 116 130 114 128 142 126 1
0 117 130 116 129 142 128 1
0 117 131 130 129 143 142 1
0 132 131 117 144 143 129 1
0 119 132 117 131 144 129 1
0 120 132 119 132 144 131 1
0 120 133 132 132 145 144 1
0 134 133 120 146 145 132 1
0 122 134 120 134 146 132 1
0 123 134 122 135 146 134 1
0 123 135 134 135 147 146 1
0 124 135 123 136 147 135 1
0 107 124 123 119 136 135 1
0 136 137 124 148 149 136 1
0 125 136 124 137 148 136 1
0 126 136 125 138 148 137 1
0 126 138 136 138 150 148 1
0 139 138 126 151 150 138 1
0 127 139 126 139 151 138 1
0 128 139 127 140 151 139 1
0 128 140 139 140 152 151 1
0 141 140 128 153 152 140 1
0 129 141 128 141 153 140 1
0 130 141 129 142 153 141 1
0 130 142 141 142 154 153 1
0 143 142 130 155 154 142 1
0 131 143 130 143 155 142 1
0 132 143 131 144 155 143 1
0 132 144 143 144 156 155 1
0 145 144 132 157 156 144 1
0 133 145 132 145 157 144 1
0 134 145 133 146 157 145 1
0 134 146 145 146 158 157 1
0 147 146 134 159 158 146 1
0 135 147 134 147 159 146 1
0 124 147 135 136 159 147 1
0 124 137 147 136 149 159 1
0 136 93 137 148 105 149 1
0 136 94 93 148 106 105 1
0 96 94 136 108 106 148 1
0 138 96 136 150 108 148 1
0 139 96 138 151 108 150 1
0 139 97 96 151 109 108 1
0 98 97 139 110 109 151 1
0 140 98 139 152 110 151 1
0 141 98 140 153 110 152 1
0 141 99 98 153 111 110 1
0 100 99 141 112 111 153 1
0 142 100 141 154 112 153 1
0 143 100 142 155 112 154 1
0 143 101 100 155 113 112 1
0 102 101 143 114 113 155 1
0 144 102 143 156 114 155 1
0 145 102 144 157 114 156 1
0 145 103 102 157 115 114 1
0 104 103 145 116 115 157 1
0 146 104 145 158 116 157 1
0 147 104 146 159 116 158 1
0 147 105 104 159 117 116 1
0 93 105 147 105 117 159 1
0 137 93 147 149 105 159 1
"charge" 0 0
169
0 -8.645934 17.403616 -7.195934 0.520942 0.000584 -1
0 -8.658892 15.982897 -8.642743 0.516223 0.005199 -1
0 -9.479247 16.803152 -6.979591 0.516047 -0.000075 -1
0 -8.554751 15.827620 -8.538608 0.516077 0.006036 -1
0 -8.998178 16.263525 -6.820716 0.515957 0.003210 -1
0 -8.272974 16.786093 -7.008993 0.520218 0.003783 -1
0 7.505068 -0.676256 10.004724 0.518055 0.110735 -1
0 8.797375 -1.981434 8.813522 0.518290 0.119086 -1
0 8.338383 -0.075789 9.788386 0.522951 0.111394 -1
0 7.929603 0.109919 9.193587 0.522129 0.109497 -1
0 7.204394 -0.412648 9.381855 0.517868 0.108924 -1
0 8.188823 -1.404422 8.204968 0.518055 0.115276 -1
0 -8.671850 14.562174 -10.089562 0.511503 0.009813 -1
0 -7.838539 15.162642 -10.305905 0.516399 0.010472 -1
0 -7.570323 14.835844 -9.715493 0.516264 0.012389 -1
0 -8.295528 14.313276 -9.527221 0.512003 0.011815 -1
0 9.145781 -2.316763 6.678416 0.518407 0.121282 -1
0 8.312465 -2.917234 6.894755 0.513511 0.120624 -1
0 7.907050 -2.362893 6.675360 0.513914 0.117529 -1
0 8.632250 -1.840327 6.487081 0.518175 0.118103 -1
0 -10.322051 15.162642 -7.822393 0.507696 0.002645 -1
0 -10.105707 14.562174 -8.655705 0.506478 0.005294 -1
0 -9.543363 14.313276 -8.279382 0.507630 0.007882 -1
0 -9.731639 14.835844 -7.554179 0.508689 0.005576 -1
0 6.878609 -2.917234 8.328612 0.508486 0.116104 -1
0 6.662268 -2.316763 9.161926 0.509704 0.113455 -1
0 6.470932 -1.840327 8.648396 0.510601 0.111290 -1
0 6.659212 -2.362893 7.923193 0.509542 0.113596 -1
0 -6.995735 16.803152 -9.463102 0.524750 0.007753 -1
0 -7.212077 17.403616 -8.629786 0.525967 0.005103 -1
0 -7.025136 16.786093 -8.256827 0.524590 0.007716 -1
0 -6.836862 16.263525 -8.982032 0.523531 0.010022 -1
0 9.772239 -0.075789 8.354530 0.527975 0.115914 -1
0 9.988580 -0.676256 7.521215 0.526758 0.118563 -1
0 9.365712 -0.412648 7.220542 0.525442 0.115736 -1
0 9.177438 0.109919 7.945748 0.526502 0.113430 -1
0 3.379150 5.093601 0.527583 0.565396 0.040449 -1
0 2.536948 5.958952 -0.314619 0.565296 0.036787 -1
0 2.766248 6.779202 0.298881 0.568670 0.035477 -1
0 1.694743 6.824306 -1.156824 0.565195 0.033126 -1
0 1.924044 7.644552 -0.543322 0.568569 0.031815 -1
0 2.549904 7.379674 1.132194 0.569843 0.033710 -1
0 3.392110 6.514318 1.974399 0.569943 0.037371 -1
0 1.707702 8.245020 0.289991 0.569742 0.030048 -1
0 1.945891 7.599457 1.962037 0.568500 0.031960 -1
0 1.103687 8.464806 1.119833 0.568399 0.028298 -1
0 1.116048 7.379674 2.566050 0.565002 0.030696 -1
0 1.958253 6.514318 3.408255 0.565102 0.034357 -1
0 0.273846 8.245020 1.723847 0.564901 0.027034 -1
0 0.282735 6.779202 2.782393 0.560286 0.030256 -1
0 -0.559468 7.644552 1.940190 0.560185 0.026594 -1
0 -0.330765 5.958952 2.553093 0.555615 0.030759 -1
0 0.511437 5.093601 3.395296 0.555715 0.034421 -1
0 -1.172970 6.824306 1.710888 0.555514 0.027097 -1
0 -0.560067 5.138704 1.939591 0.552240 0.032070 -1
0 -1.402269 6.004049 1.097388 0.552140 0.028408 -1
0 -0.343724 4.538231 1.106278 0.551067 0.033837 -1
0 0.498479 3.672883 1.948482 0.551168 0.037498 -1
0 -1.185927 5.403585 0.264075 0.550968 0.030175 -1
0 0.260291 4.318440 0.276437 0.552409 0.035587 -1
0 -0.581912 5.183796 -0.565766 0.552310 0.031925 -1
0 1.090133 4.538231 -0.327578 0.555908 0.036851 -1
0 1.932336 3.672883 0.514625 0.556009 0.040512 -1
0 0.247929 5.403585 -1.169781 0.555808 0.033189 -1
0 1.923445 5.138704 -0.543921 0.560624 0.037290 -1
0 1.081242 6.004049 -1.386124 0.560524 0.033629 -1
0 3.608448 5.913857 1.141083 0.568769 0.039138 -1
0 1.945294 5.093601 1.961440 0.560555 0.037435 -1
0 2.788094 6.734105 2.804240 0.568600 0.035621 -1
0 1.124936 5.913857 3.624594 0.560386 0.033918 -1
0 0.282137 4.273350 2.781795 0.552340 0.035731 -1
0 1.102493 3.453096 1.118638 0.552511 0.039248 -1
0 2.765649 4.273350 0.298283 0.560725 0.040952 -1
0 3.599676 5.894604 1.132309 0.568679 0.039162 -1
0 3.370375 5.074350 0.518808 0.565306 0.040473 -1
0 2.528172 5.939702 -0.323394 0.565205 0.036811 -1
0 9.761455 -1.498739 6.909885 0.523256 0.120542 -1
0 2.541131 7.360419 1.123420 0.569752 0.033733 -1
0 3.383332 6.495070 1.965623 0.569852 0.037395 -1
0 2.779320 6.714856 2.795466 0.568510 0.035645 -1
0 1.107275 7.360419 2.557277 0.564911 0.030719 -1
0 1.949476 6.495070 3.399479 0.565012 0.034381 -1
0 1.116163 5.894604 3.615821 0.560295 0.033941 -1
0 -0.339540 5.939702 2.544319 0.555524 0.030783 -1
0 0.502662 5.074350 3.386520 0.555624 0.034444 -1
0 6.894366 -1.499387 9.778226 0.513206 0.111508 -1
0 0.273363 4.254097 2.773021 0.552251 0.035755 -1
0 -0.352498 4.518976 1.097504 0.550977 0.033860 -1
0 0.489703 3.653630 1.939705 0.551077 0.037522 -1
0 1.093719 3.433842 1.109865 0.552419 0.039272 -1
0 1.081359 4.518976 -0.336352 0.555817 0.036875 -1
0 1.923559 3.653630 0.505850 0.555918 0.040536 -1
0 2.756875 4.254097 0.289508 0.560634 0.040976 -1
0 3.595626 5.576326 1.450457 0.567657 0.039849 -1
0 3.396075 4.862488 0.916547 0.564721 0.040990 -1
0 1.904929 5.112485 1.921075 0.560480 0.037309 -1
0 2.881696 6.290170 2.897841 0.567509 0.036788 -1
0 3.407351 6.098892 2.175661 0.568677 0.038311 -1
0 2.159515 6.098892 3.423498 0.564465 0.035688 -1
0 0.900401 4.862488 3.412220 0.556295 0.035743 -1
0 1.434310 5.576326 3.611772 0.560361 0.035306 -1
0 0.700849 4.148651 2.878310 0.553359 0.036884 -1
0 1.414776 3.434813 1.430922 0.553507 0.039945 -1
0 0.889124 3.626080 2.153107 0.552338 0.038422 -1
0 2.136961 3.626080 0.905270 0.556551 0.041045 -1
0 2.862164 4.148651 0.716995 0.560655 0.041427 -1
0 6.692649 4.005429 2.965286 0.573133 0.049793 -1
0 5.456089 5.241837 5.472236 0.572877 0.044491 -1
0 2.949140 4.005429 6.708794 0.560495 0.041923 -1
0 1.678748 1.532621 5.438404 0.548369 0.044657 -1
0 2.915308 0.296218 2.931454 0.548624 0.049959 -1
0 5.422259 1.532621 1.694895 0.561006 0.052526 -1
0 0.010345 8.554993 -2.841222 0.564995 0.025802 -1
0 -0.831854 9.420340 -3.683421 0.564894 0.022141 -1
0 -0.602551 10.240591 -3.069917 0.568268 0.020830 -1
0 -7.225035 15.982897 -10.076599 0.521248 0.009718 -1
0 -0.818893 10.841059 -2.236604 0.569441 0.019063 -1
0 0.023303 9.975714 -1.394408 0.569542 0.022725 -1
0 -1.422909 11.060846 -1.406763 0.568098 0.017313 -1
0 -2.252749 10.841059 -0.802748 0.564601 0.016049 -1
0 -1.410554 9.975714 0.039448 0.564701 0.019710 -1
0 -3.086064 10.240591 -0.586406 0.559884 0.015610 -1
0 -3.699567 9.420340 -0.815709 0.555213 0.016112 -1
0 -2.857368 8.554993 0.026490 0.555313 0.019774 -1
0 -10.092745 15.982897 -7.208889 0.511198 0.000680 -1
0 -3.928867 8.600086 -1.429210 0.551839 0.017423 -1
0 -3.712524 7.999619 -2.262522 0.550666 0.019190 -1
0 -2.870327 7.134275 -1.420326 0.550767 0.022852 -1
0 -3.108511 7.779838 -3.092366 0.552008 0.020940 -1
0 -2.278667 7.999619 -3.696378 0.555507 0.022204 -1
0 -1.436471 7.134275 -2.854182 0.555607 0.025866 -1
0 -1.445356 8.600086 -3.912723 0.560223 0.022644 -1
0 -2.230304 9.389639 -2.214158 0.560076 0.019268 -1
0 -1.225776 9.639631 -3.705303 0.564259 0.020833 -1
0 -1.026223 10.353472 -3.171393 0.567196 0.019693 -1
0 -1.214500 10.876047 -2.446191 0.568216 0.018155 -1
0 -1.740151 11.067316 -1.724006 0.567048 0.016632 -1
0 -2.462337 10.876047 -1.198355 0.564004 0.015532 -1
0 -3.187538 10.353472 -1.010077 0.559899 0.015149 -1
0 -3.721448 9.639631 -1.209630 0.555834 0.015587 -1
0 -3.920999 8.925791 -1.743538 0.552898 0.016728 -1
0 -3.732726 8.403229 -2.468744 0.551878 0.018266 -1
0 -3.207072 8.211956 -3.190927 0.553045 0.019789 -1
0 -2.484890 8.403229 -3.716580 0.556090 0.020889 -1
0 -1.759683 8.925791 -3.904855 0.560195 0.021271 -1
0 -2.004116 12.969492 -5.731481 0.572186 0.011920 -1
0 -3.240679 14.205904 -3.224535 0.571930 0.006618 -1
0 -5.747624 12.969492 -1.987970 0.559548 0.004051 -1
0 -7.018018 10.496687 -3.258366 0.547422 0.006784 -1
0 -5.781463 9.260279 -5.765316 0.547677 0.012086 -1
0 -3.274509 10.496687 -7.001873 0.560060 0.014654 -1
0 0.852541 7.689649 -1.999027 0.565095 0.029464 -1
0 1.081840 8.509901 -1.385527 0.568469 0.028153 -1
0 0.239643 9.375246 -2.227724 0.568369 0.024492 -1
0 0.865498 9.110369 -0.552213 0.569642 0.026386 -1
0 0.261485 9.330153 0.277631 0.568299 0.024636 -1
0 -0.580711 10.195498 -0.564565 0.568199 0.020975 -1
0 -0.568359 9.110369 0.881643 0.564801 0.023372 -1
0 -1.401672 8.509901 1.097985 0.560085 0.022933 -1
0 -2.243870 9.375246 0.255789 0.559984 0.019271 -1
0 -2.015172 7.689649 0.868686 0.555414 0.023436 -1
0 -2.244472 6.869401 0.255186 0.552040 0.024746 -1
0 -3.086670 7.734744 -0.587012 0.551939 0.021085 -1
0 -2.028130 6.268933 -0.578128 0.550867 0.026513 -1
0 -1.424118 6.049150 -1.407972 0.552209 0.028263 -1
0 -2.266314 6.914490 -2.250167 0.552109 0.024602 -1
0 -0.594274 6.268933 -2.011984 0.555707 0.029527 -1
0 0.239040 6.869401 -2.228327 0.560424 0.029967 -1
0 -0.603158 7.734744 -3.070524 0.560324 0.026305 -1
173
-0.572060 0.587785 -0.572062
-0.572061 0.587786 -0.572061
-0.572061 0.587784 -0.572062
-0.606341 0.719311 -0.339031
0.447195 -0.319638 0.835373
0.572060 -0.587786 0.572062
0.496145 -0.413486 0.763459
0.572060 -0.587786 0.572062
-0.572064 0.587785 -0.572059
-0.496149 0.413481 -0.763459
0.607210 -0.763753 0.219036
0.606342 -0.719309 0.339032
-0.572060 0.587785 -0.572063
-0.763458 0.413478 -0.496153
0.219035 -0.763753 0.607211
0.339032 -0.719311 0.606341
-0.572062 0.587787 -0.572059
-0.339031 0.719312 -0.606340
0.835372 -0.319637 0.447198
0.763457 -0.413482 0.496151
0.707107 -0.000000 -0.707107
0.707107 -0.000000 -0.707107
0.820186 0.404509 -0.404559
0.707107 0.000000 -0.707107
0.820185 0.404510 -0.404559
0.713496 0.700630 0.006390
0.713497 0.700630 0.006390
0.713496 0.700631 0.006389
0.415626 0.809018 0.415626
0.415626 0.809018 0.415626
0.006389 0.700630 0.713496
0.006390 0.700630 0.713497
0.006389 0.700631 0.713496
-0.404559 0.404509 0.820185
-0.404559 0.404510 0.820185
-0.707107 0.000000 0.707107
-0.707107 0.000000 0.707106
-0.707107 0.000000 0.707107
-0.820186 -0.404509 0.404559
-0.820185 -0.404510 0.404559
-0.713498 -0.700629 -0.006388
-0.713496 -0.700630 -0.006388
-0.713497 -0.700629 -0.006390
-0.415626 -0.809017 -0.415627
-0.415627 -0.809017 -0.415627
-0.006388 -0.700628 -0.713498
-0.006388 -0.700630 -0.713497
-0.006390 -0.700629 -0.713497
0.404559 -0.404509 -0.820186
0.404559 -0.404510 -0.820185
0.572062 -0.587785 0.572061
0.572062 -0.587787 0.572059
0.572061 -0.587786 0.572061
0.820186 0.404509 -0.404559
0.572061 -0.587788 0.572059
0.572061 -0.587786 0.572061
0.415627 0.809017 0.415627
0.572059 -0.587788 0.572061
-0.404559 0.404510 0.820185
0.572059 -0.587786 0.572063
0.572061 -0.587785 0.572062
0.572060 -0.587787 0.572061
-0.820186 -0.404509 0.404558
0.572061 -0.587786 0.572061
0.572061 -0.587787 0.572061
-0.415625 -0.809019 -0.415625
0.572061 -0.587786 0.572061
0.404558 -0.404509 -0.820186
0.572061 -0.587786 0.572060
0.820251 0.404442 -0.404493
0.707107 -0.000000 -0.707107
0.707106 0.000000 -0.707107
0.707107 -0.000000 -0.707107
0.713496 0.700630 0.006390
0.713610 0.700513 0.006504
0.713724 0.700396 0.006618
0.415758 0.808882 0.415758
0.006389 0.700630 0.713496
0.006504 0.700513 0.713610
0.006618 0.700395 0.713724
-0.404493 0.404441 0.820252
-0.707107 -0.000001 0.707107
-0.707107 -0.000000 0.707107
-0.707107 -0.000000 0.707106
-0.820251 -0.404441 0.404494
-0.713496 -0.700630 -0.006389
-0.713610 -0.700513 -0.006503
-0.713725 -0.700395 -0.006618
-0.415758 -0.808882 -0.415758
-0.006389 -0.700631 -0.713495
-0.006504 -0.700513 -0.713610
-0.006618 -0.700395 -0.713725
0.404493 -0.404441 -0.820251
0.112662 0.708465 -0.696696
0.037935 0.441151 -0.896631
-0.572061 0.587786 -0.572061
-0.154687 0.975778 -0.154688
0.042159 0.904151 -0.425128
-0.425128 0.904151 0.042159
-0.896631 0.441151 0.037935
-0.696696 0.708465 0.112662
-0.971358 0.173836 -0.162001
-0.704011 -0.093478 -0.704011
-0.900854 -0.021852 -0.433571
-0.433571 -0.021852 -0.900854
-0.162001 0.173836 -0.971358
0.575972 0.580690 -0.575374
0.195658 0.960956 0.195658
-0.575375 0.580689 0.575972
-0.966094 -0.179843 0.185253
-0.585780 -0.560111 -0.585780
0.185253 -0.179844 -0.966094
0.707107 -0.000000 -0.707107
0.707107 0.000000 -0.707107
0.820142 0.404553 -0.404603
0.707107 0.000001 -0.707107
0.713383 0.700746 0.006276
0.713497 0.700629 0.006390
0.713269 0.700863 0.006162
0.415539 0.809107 0.415540
0.006276 0.700746 0.713383
0.006390 0.700629 0.713497
0.006162 0.700863 0.713269
-0.404603 0.404553 0.820142
-0.707107 -0.000000 0.707107
-0.707107 -0.000000 0.707107
-0.707107 -0.000000 0.707107
-0.820142 -0.404554 0.404603
-0.713382 -0.700747 -0.006277
-0.713496 -0.700630 -0.006390
-0.713268 -0.700864 -0.006164
-0.415539 -0.809107 -0.415539
-0.006278 -0.700747 -0.713382
-0.006390 -0.700630 -0.713496
-0.006164 -0.700864 -0.713268
0.404603 -0.404554 -0.820142
0.572062 -0.587785 0.572062
0.896631 -0.441150 -0.037933
0.971358 -0.173835 0.162003
0.900854 0.021853 0.433572
0.704010 0.093479 0.704011
0.433572 0.021854 0.900854
0.162003 -0.173835 0.971358
-0.037933 -0.441150 0.896631
-0.112660 -0.708466 0.696695
-0.042156 -0.904153 0.425124
0.154688 -0.975778 0.154687
0.425124 -0.904153 -0.042156
0.696695 -0.708466 -0.112660
0.966094 0.179843 -0.185253
0.585779 0.560111 0.585780
-0.185253 0.179843 0.966094
-0.575972 -0.580690 0.575374
-0.195656 -0.960956 -0.195657
0.575374 -0.580690 -0.575972
0.707107 -0.000000 -0.707107
0.820186 0.404509 -0.404559
0.820186 0.404508 -0.404559
0.713496 0.700630 0.006390
0.415626 0.809017 0.415627
0.415627 0.809017 0.415627
0.006389 0.700630 0.713497
-0.404559 0.404509 0.820186
-0.404559 0.404508 0.820186
-0.707107 0.000000 0.707107
-0.820185 -0.404509 0.404559
-0.820185 -0.404509 0.404559
-0.713496 -0.700630 -0.006389
-0.415626 -0.809018 -0.415626
-0.415627 -0.809017 -0.415626
-0.006389 -0.700631 -0.713495
0.404559 -0.404509 -0.820185
0.404560 -0.404509 -0.820185
232
0 0 1 2 0 1 0 2
0 3 4 5 2 3 3 1
0 6 7 8 4 5 4 2
0 9 10 11 6 6 7 1
0 12 1 13 8 1 8 2
0 3 14 15 2 9 9 1
0 16 7 17 10 5 10 2
0 18 19 11 11 11 7 1
0 20 1 21 12 1 12 2
0 3 22 23 2 13 13 1
0 24 7 25 14 5 14 2
0 26 27 11 15 15 7 1
0 28 1 29 16 1 16 2
0 3 30 31 2 17 17 1
0 32 7 33 18 5 18 2
0 34 35 11 19 19 7 1
0 36 37 38 20 21 22 1
0 37 39 38 21 23 22 1
0 39 40 38 23 24 22 1
0 38 41 42 22 25 26 1
0 38 40 43 22 24 27 1
0 38 43 41 22 27 25 1
0 42 41 44 26 25 28 1
0 41 43 44 25 27 28 1
0 43 45 44 27 29 28 1
0 44 46 47 28 30 31 1
0 44 45 48 28 29 32 1
0 44 48 46 28 32 30 1
0 47 46 49 31 30 33 1
0 46 48 49 30 32 33 1
0 48 50 49 32 34 33 1
0 49 51 52 33 35 36 1
0 49 50 53 33 34 37 1
0 49 53 51 33 37 35 1
0 52 51 54 36 35 38 1
0 51 53 54 35 37 38 1
0 53 55 54 37 39 38 1
0 54 56 57 38 40 41 1
0 54 55 58 38 39 42 1
0 54 58 56 38 42 40 1
0 57 56 59 41 40 43 1
0 56 58 59 40 42 43 1
0 58 60 59 42 44 43 1
0 59 61 62 43 45 46 1
0 59 60 63 43 44 47 1
0 59 63 61 43 47 45 1
0 62 61 64 46 45 48 1
0 61 63 64 45 47 48 1
0 63 65 64 47 49 48 1
0 64 37 36 48 21 20 1
0 64 65 39 48 49 23 1
0 64 39 37 48 23 21 1
0 36 66 67 50 51 52 2
0 36 38 66 20 22 53 1
0 66 38 42 53 22 26 1
0 42 68 67 54 55 52 2
0 42 44 68 26 28 56 1
0 68 47 67 55 57 52 2
0 68 44 47 56 28 31 1
0 47 49 69 31 33 58 1
0 69 52 67 59 60 52 2
0 69 49 52 58 33 36 1
0 52 70 67 60 61 52 2
0 52 54 70 36 38 62 1
0 70 54 57 62 38 41 1
0 57 71 67 63 64 52 2
0 57 59 71 41 43 65 1
0 71 62 67 64 66 52 2
0 71 59 62 65 43 46 1
0 62 64 72 46 48 67 1
0 72 36 67 68 50 52 2
0 72 64 36 67 48 20 1
0 73 74 75 69 70 71 1
0 73 76 74 69 72 70 1
0 77 78 73 73 74 69 1
0 78 32 73 74 75 69 1
0 79 78 77 76 74 73 1
0 79 32 78 76 75 74 1
0 80 81 79 77 78 76 1
0 81 8 79 78 79 76 1
0 82 81 80 80 78 77 1
0 82 8 81 80 79 78 1
0 83 84 82 81 82 80 1
0 84 85 82 82 83 80 1
0 86 84 83 84 82 81 1
0 86 85 84 84 83 82 1
0 87 88 86 85 86 84 1
0 88 24 86 86 87 84 1
0 89 88 87 88 86 85 1
0 89 24 88 88 87 86 1
0 90 91 89 89 90 88 1
0 91 17 89 90 91 88 1
0 92 91 90 92 90 89 1
0 92 17 91 92 91 90 1
0 75 74 92 71 70 92 1
0 74 76 92 70 72 92 1
0 93 94 95 93 94 95 1
0 96 97 95 96 97 95 1
0 98 96 95 98 96 95 1
0 99 100 95 99 100 95 1
0 101 99 95 101 99 95 1
0 102 103 95 102 103 95 1
0 104 102 95 104 102 95 1
0 94 105 95 94 105 95 1
0 93 106 94 93 106 94 1
0 97 106 93 97 106 93 1
0 96 107 97 96 107 97 1
0 98 107 96 98 107 96 1
0 100 108 98 100 108 98 1
0 99 108 100 99 108 100 1
0 101 109 99 101 109 99 1
0 103 109 101 103 109 101 1
0 102 110 103 102 110 103 1
0 104 110 102 104 110 102 1
0 105 111 104 105 111 104 1
0 94 111 105 94 111 105 1
0 47 69 67 57 59 52 2
0 100 98 95 100 98 95 1
0 62 72 67 66 68 52 2
0 105 104 95 105 104 95 1
0 70 57 67 61 63 52 2
0 103 101 95 103 101 95 1
0 66 42 67 51 54 52 2
0 97 93 95 97 93 95 1
0 112 113 114 112 113 114 1
0 113 115 114 113 115 114 1
0 114 116 117 114 116 117 1
0 114 29 116 114 118 116 1
0 117 116 118 117 116 119 1
0 116 29 118 116 118 119 1
0 118 119 120 119 120 121 1
0 118 0 119 119 122 120 1
0 120 119 121 121 120 123 1
0 119 0 121 120 122 123 1
0 121 122 123 123 124 125 1
0 121 124 122 123 126 124 1
0 123 122 125 125 124 127 1
0 122 124 125 124 126 127 1
0 125 126 127 127 128 129 1
0 125 21 126 127 130 128 1
0 127 126 128 129 128 131 1
0 126 21 128 128 130 131 1
0 128 129 130 131 132 133 1
0 128 12 129 131 134 132 1
0 130 129 131 133 132 135 1
0 129 12 131 132 134 135 1
0 131 113 112 135 113 112 1
0 131 115 113 135 115 113 1
0 132 133 134 136 137 138 1
0 132 135 136 136 139 140 1
0 132 136 137 136 140 141 1
0 132 138 139 136 142 143 1
0 132 139 140 136 143 144 1
0 132 141 142 136 145 146 1
0 132 142 143 136 146 147 1
0 132 144 133 136 148 137 1
0 133 145 134 137 149 138 1
0 134 145 135 138 149 139 1
0 135 146 136 139 150 140 1
0 136 146 137 140 150 141 1
0 137 147 138 141 151 142 1
0 138 147 139 142 151 143 1
0 139 148 140 143 152 144 1
0 140 148 141 144 152 145 1
0 141 149 142 145 153 146 1
0 142 149 143 146 153 147 1
0 143 150 144 147 154 148 1
0 144 150 133 148 154 137 1
0 132 137 138 136 141 142 1
0 132 143 144 136 147 148 1
0 132 140 141 136 144 145 1
0 132 134 135 136 138 139 1
0 39 151 152 23 155 156 1
0 39 152 40 23 156 24 1
0 151 112 152 155 112 156 1
0 112 153 152 112 157 156 1
0 112 114 153 112 114 157 1
0 40 152 43 24 156 27 1
0 152 154 43 156 158 27 1
0 152 153 117 156 157 117 1
0 152 117 154 156 117 158 1
0 153 114 117 157 114 117 1
0 43 154 155 27 158 159 1
0 43 155 45 27 159 29 1
0 154 117 155 158 117 159 1
0 117 156 155 117 160 159 1
0 117 118 156 117 119 160 1
0 45 155 48 29 159 32 1
0 155 157 48 159 161 32 1
0 155 156 120 159 160 121 1
0 155 120 157 159 121 161 1
0 156 118 120 160 119 121 1
0 48 157 158 32 161 162 1
0 48 158 50 32 162 34 1
0 157 120 158 161 121 162 1
0 120 159 158 121 163 162 1
0 120 121 159 121 123 163 1
0 50 158 53 34 162 37 1
0 158 160 53 162 164 37 1
0 158 159 123 162 163 125 1
0 158 123 160 162 125 164 1
0 159 121 123 163 123 125 1
0 53 160 161 37 164 165 1
0 53 161 55 37 165 39 1
0 160 123 161 164 125 165 1
0 123 162 161 125 166 165 1
0 123 125 162 125 127 166 1
0 55 161 58 39 165 42 1
0 161 163 58 165 167 42 1
0 161 162 127 165 166 129 1
0 161 127 163 165 129 167 1
0 162 125 127 166 127 129 1
0 58 163 164 42 167 168 1
0 58 164 60 42 168 44 1
0 163 127 164 167 129 168 1
0 127 165 164 129 169 168 1
0 127 128 165 129 131 169 1
0 60 164 63 44 168 47 1
0 164 166 63 168 170 47 1
0 164 165 130 168 169 133 1
0 164 130 166 168 133 170 1
0 165 128 130 169 131 133 1
0 63 166 167 47 170 171 1
0 63 167 65 47 171 49 1
0 166 130 167 170 133 171 1
0 130 168 167 133 172 171 1
0 130 131 168 133 135 172 1
0 65 167 39 49 171 23 1
0 167 151 39 171 155 23 1
0 167 168 112 171 172 112 1
0 167 112 151 171 112 155 1
0 168 131 112 172 135 112 1

Materials: 2
"fuse"
0.800000 0.800000 0.800000 1.000000
0.800000 0.800000 0.800000 1.000000
0.850980 0.878431 1.000000 1.000000
0.000000 0.000000 0.000000 1.000000
0.000000
1.000000
".\weapons1.bmp"
""
"tips"
0.800000 0.800000 0.800000 1.000000
0.800000 0.800000 0.800000 1.000000
0.545098 0.580392 0.662745 1.000000
0.000000 0.000000 0.000000 1.000000
8.000000
1.000000
".\weapons1.bmp"
""

Bones: 0
GroupComments: 0
MaterialComments: 0
BoneComments: 0
ModelComment: 0
