// MilkShape 3D ASCII

Frames: 10
Frame: 1

Meshes: 15
"guns" 0 0
192
0 -4.649978 25.754065 -115.716942 0.970129 0.522114 -1
0 -2.476374 23.128908 -95.732536 0.970475 0.523210 -1
0 -3.386097 25.754065 -115.716942 0.970330 0.522114 -1
0 -5.478544 23.128908 -95.732536 0.969997 0.523210 -1
0 -3.386097 24.726572 -116.099709 0.970330 0.522093 -1
0 -3.244472 24.244234 -83.584618 0.970353 0.523875 -1
0 5.985171 22.306601 -81.514549 0.971823 0.523989 -1
0 3.154577 24.244234 -83.584618 0.971372 0.523875 -1
0 -6.075068 22.306601 -81.514549 0.969902 0.523989 -1
0 -5.214367 24.244234 -95.180550 0.970039 0.523240 -1
0 -8.574084 22.306601 -97.250572 0.969503 0.523126 -1
0 5.124470 24.244234 -95.180550 0.971686 0.523240 -1
0 8.484185 22.306601 -97.250572 0.972222 0.523126 -1
0 -5.478544 20.576918 -96.996071 0.969997 0.523140 -1
0 -4.649978 24.726572 -116.099709 0.970129 0.522093 -1
0 -2.476374 20.576918 -96.996071 0.970475 0.523140 -1
0 -0.579465 25.754065 -115.703896 0.970777 0.522114 -1
0 1.594139 23.128908 -95.719490 0.971124 0.523210 -1
0 0.684415 25.754065 -115.703896 0.970979 0.522114 -1
0 -1.408029 23.128908 -95.719490 0.970645 0.523210 -1
0 0.684415 24.726572 -116.086678 0.970979 0.522093 -1
0 -1.408029 20.576918 -96.983025 0.970645 0.523141 -1
0 -0.579465 24.726572 -116.086678 0.970777 0.522093 -1
0 1.594139 20.576918 -96.983025 0.971124 0.523141 -1
0 3.350685 25.754065 -115.706520 0.971404 0.522114 -1
0 5.524288 23.128908 -95.722084 0.971750 0.523210 -1
0 4.614565 25.754065 -115.706520 0.971605 0.522114 -1
0 2.522121 23.128908 -95.722084 0.971272 0.523210 -1
0 4.614565 24.726572 -116.089287 0.971605 0.522093 -1
0 2.522121 20.576918 -96.985649 0.971272 0.523141 -1
0 3.350685 24.726572 -116.089287 0.971404 0.522093 -1
0 5.524288 20.576918 -96.985649 0.971750 0.523141 -1
0 -3.571632 30.043020 90.177032 0.970301 0.533380 -1
0 -2.614769 26.339327 69.560188 0.970453 0.532272 -1
0 -4.901004 30.043020 90.177032 0.970089 0.533380 -1
0 -5.772505 26.339327 69.560188 0.969950 0.532272 -1
0 -3.571632 28.985147 90.474167 0.970301 0.533388 -1
0 -3.422669 27.454653 57.344612 0.970324 0.531602 -1
0 -6.399937 25.517012 55.263000 0.969850 0.531488 -1
0 -5.494637 27.454653 69.005135 0.969994 0.532242 -1
0 -9.028451 25.517012 71.086693 0.969431 0.532356 -1
0 5.379933 27.454653 69.005135 0.971727 0.532242 -1
0 8.913741 25.517012 71.086693 0.972290 0.532356 -1
0 3.307967 27.454653 57.344612 0.971397 0.531602 -1
0 6.285233 25.517012 55.263000 0.971871 0.531488 -1
0 -5.772505 23.787325 70.830772 0.969950 0.532341 -1
0 -4.901004 28.985147 90.474167 0.970089 0.533388 -1
0 -2.614769 23.787325 70.830772 0.970453 0.532341 -1
0 0.709805 30.044201 90.163956 0.970983 0.533379 -1
0 1.666669 26.339327 69.547066 0.971135 0.532271 -1
0 -0.619567 30.044201 90.163956 0.970771 0.533379 -1
0 -1.491065 26.339327 69.547066 0.970632 0.532271 -1
0 0.709805 28.986332 90.461105 0.970983 0.533387 -1
0 -1.491065 23.787325 70.817650 0.970632 0.532341 -1
0 -0.619567 28.986332 90.461105 0.970771 0.533387 -1
0 1.666669 23.787325 70.817650 0.971135 0.532341 -1
0 4.843607 30.043972 90.166565 0.971642 0.533379 -1
0 5.800467 26.339327 69.549690 0.971794 0.532271 -1
0 3.514236 30.043972 90.166565 0.971430 0.533379 -1
0 2.642737 26.339327 69.549690 0.971291 0.532271 -1
0 4.843607 28.986097 90.463730 0.971642 0.533387 -1
0 2.642737 23.787325 70.820274 0.971291 0.532341 -1
0 3.514236 28.986097 90.463730 0.971430 0.533387 -1
0 5.800467 23.787325 70.820274 0.971794 0.532341 -1
0 -3.570838 38.076977 66.600502 0.970301 0.532096 -1
0 -2.614177 32.414326 44.784367 0.970453 0.530914 -1
0 -4.899930 38.076977 66.600502 0.970089 0.532096 -1
0 -5.771246 32.414326 44.784367 0.969950 0.530914 -1
0 -3.570838 37.049492 67.006310 0.970301 0.532118 -1
0 3.307309 33.529648 31.905424 0.971397 0.530208 -1
0 6.283948 31.592020 29.710775 0.971871 0.530087 -1
0 -3.421906 33.529648 31.905424 0.970324 0.530208 -1
0 -6.398548 31.592020 29.710775 0.969850 0.530087 -1
0 -5.493438 33.529648 44.199169 0.969994 0.530882 -1
0 -9.026503 31.592020 46.393780 0.969431 0.531002 -1
0 5.378840 33.529648 44.199169 0.971727 0.530882 -1
0 8.911901 31.592020 46.393780 0.972290 0.531002 -1
0 -5.771246 29.862333 46.123959 0.969950 0.530987 -1
0 -4.899930 37.049492 67.006310 0.970089 0.532118 -1
0 -2.614177 29.862333 46.123959 0.970453 0.530987 -1
0 0.709696 38.076977 66.586678 0.970983 0.532095 -1
0 1.666358 32.414326 44.770542 0.971135 0.530913 -1
0 -0.619395 38.076977 66.586678 0.970771 0.532095 -1
0 -1.490709 32.414326 44.770542 0.970632 0.530913 -1
0 0.709696 37.049492 66.992470 0.970983 0.532117 -1
0 -1.490709 29.862333 46.110115 0.970632 0.530986 -1
0 -0.619395 37.049492 66.992470 0.970771 0.532117 -1
0 1.666358 29.862333 46.110115 0.971135 0.530986 -1
0 4.842627 38.076977 66.589439 0.971641 0.532095 -1
0 5.799286 32.414326 44.773312 0.971794 0.530913 -1
0 3.513535 38.076977 66.589439 0.971430 0.532095 -1
0 2.642220 32.414326 44.773312 0.971291 0.530913 -1
0 4.842627 37.049492 66.995232 0.971641 0.532118 -1
0 2.642220 29.862333 46.112896 0.971291 0.530986 -1
0 3.513535 37.049492 66.995232 0.971430 0.532118 -1
0 5.799286 29.862333 46.112896 0.971794 0.530986 -1
0 -4.688322 38.224369 -88.181084 0.970123 0.523623 -1
0 -2.483921 32.113338 -67.764290 0.970474 0.524743 -1
0 -3.406462 38.224369 -88.181129 0.970327 0.523623 -1
0 -5.528615 32.113338 -67.764320 0.969989 0.524743 -1
0 -3.406429 37.243298 -88.702934 0.970327 0.523595 -1
0 -3.262840 33.228657 -54.722942 0.970350 0.525458 -1
0 6.097593 31.291029 -52.500591 0.971841 0.525580 -1
0 3.226949 33.228657 -54.722958 0.971384 0.525458 -1
0 -6.133554 31.291029 -52.500591 0.969892 0.525580 -1
0 -5.260691 33.228657 -67.171783 0.970031 0.524775 -1
0 -8.667979 31.291029 -69.394096 0.969489 0.524653 -1
0 5.224713 33.228657 -67.171745 0.971702 0.524776 -1
0 8.632088 31.291029 -69.394096 0.972245 0.524653 -1
0 -5.528573 29.561342 -69.120842 0.969989 0.524668 -1
0 -4.688282 37.243298 -88.702858 0.970123 0.523595 -1
0 -2.483863 29.561342 -69.120842 0.970474 0.524668 -1
0 -0.560060 38.222977 -88.167183 0.970780 0.523624 -1
0 1.644310 32.113338 -67.750320 0.971132 0.524744 -1
0 0.721779 38.222977 -88.167213 0.970985 0.523624 -1
0 -1.400377 32.113338 -67.750336 0.970646 0.524744 -1
0 0.721712 37.241905 -88.688911 0.970985 0.523596 -1
0 -1.400425 29.561342 -69.106789 0.970646 0.524669 -1
0 -0.560074 37.241905 -88.688988 0.970780 0.523596 -1
0 1.644299 29.561342 -69.106850 0.971132 0.524669 -1
0 3.425845 38.223255 -88.169945 0.971416 0.523624 -1
0 5.630219 32.113338 -67.753136 0.971767 0.524744 -1
0 4.707648 38.223255 -88.169991 0.971620 0.523624 -1
0 2.585476 32.113338 -67.753128 0.971282 0.524744 -1
0 4.707615 37.242184 -88.691734 0.971620 0.523596 -1
0 2.585461 29.561342 -69.109619 0.971282 0.524669 -1
0 3.425843 37.242184 -88.691780 0.971416 0.523596 -1
0 5.630198 29.561342 -69.109619 0.971767 0.524669 -1
0 -9.322658 38.132717 -28.869692 0.969384 0.526875 -1
0 -8.736438 35.605728 -33.754803 0.969478 0.526608 -1
0 -9.322661 38.132717 -32.745228 0.969384 0.526663 -1
0 -8.736445 35.605728 -27.861185 0.969478 0.526931 -1
0 -12.462988 38.132717 -28.869692 0.968884 0.526875 -1
0 -13.049277 35.605728 -27.861162 0.968790 0.526931 -1
0 -12.462993 38.132717 -32.745228 0.968884 0.526663 -1
0 -13.049277 35.605728 -33.754787 0.968790 0.526608 -1
0 -16.809143 38.898415 -30.342218 0.968191 0.526795 -1
0 -12.134558 35.178387 -29.891001 0.968936 0.526819 -1
0 -11.716118 36.896763 -29.891001 0.969003 0.526819 -1
0 -17.003471 38.203701 -30.342203 0.968160 0.526795 -1
0 -11.716131 36.896763 -31.529459 0.969003 0.526729 -1
0 -17.003479 38.203701 -31.078257 0.968160 0.526754 -1
0 -16.809147 38.898415 -31.078272 0.968191 0.526754 -1
0 -12.134558 35.178387 -31.529474 0.968936 0.526729 -1
0 9.344582 38.132717 -32.745228 0.972359 0.526663 -1
0 8.758359 35.605728 -33.754803 0.972265 0.526608 -1
0 9.344581 38.132717 -28.869692 0.972359 0.526875 -1
0 8.758368 35.605728 -27.861185 0.972265 0.526931 -1
0 12.484911 38.132717 -28.869692 0.972859 0.526875 -1
0 13.071199 35.605728 -27.861162 0.972953 0.526931 -1
0 12.484916 38.132717 -32.745228 0.972859 0.526663 -1
0 13.071199 35.605728 -33.754787 0.972953 0.526608 -1
0 11.738038 36.896763 -29.891001 0.972740 0.526819 -1
0 12.156481 35.178387 -29.891001 0.972807 0.526819 -1
0 16.831076 38.898415 -30.342218 0.973552 0.526795 -1
0 17.025400 38.203701 -30.342203 0.973583 0.526795 -1
0 16.831079 38.898415 -31.078272 0.973552 0.526754 -1
0 17.025402 38.203701 -31.078257 0.973583 0.526754 -1
0 11.738050 36.896763 -31.529459 0.972740 0.526729 -1
0 12.156481 35.178387 -31.529474 0.972807 0.526729 -1
0 -16.395426 29.714235 6.547557 0.968257 0.528817 -1
0 -15.809200 27.187246 1.662448 0.968350 0.528549 -1
0 -16.395428 29.714235 2.672023 0.968257 0.528605 -1
0 -15.809209 27.187246 7.556063 0.968350 0.528872 -1
0 -19.535748 29.714235 6.547557 0.967757 0.528817 -1
0 -20.122036 27.187246 7.556086 0.967663 0.528872 -1
0 -19.535753 29.714235 2.672023 0.967757 0.528605 -1
0 -20.122036 27.187246 1.662463 0.967663 0.528549 -1
0 -23.881907 30.479933 5.075027 0.967064 0.528736 -1
0 -19.207317 26.759905 5.526244 0.967809 0.528761 -1
0 -18.788879 28.478277 5.526244 0.967875 0.528761 -1
0 -24.076239 29.785219 5.075038 0.967033 0.528736 -1
0 -18.788891 28.478277 3.887782 0.967875 0.528671 -1
0 -24.076244 29.785219 4.338984 0.967033 0.528696 -1
0 -23.881912 30.479933 4.338973 0.967064 0.528696 -1
0 -19.207317 26.759905 3.887770 0.967809 0.528671 -1
0 16.306534 29.708704 2.672023 0.973468 0.528605 -1
0 15.720311 27.181707 1.662448 0.973375 0.528549 -1
0 16.306534 29.708704 6.547557 0.973468 0.528817 -1
0 15.720318 27.181707 7.556063 0.973375 0.528872 -1
0 19.446865 29.708704 6.547557 0.973969 0.528817 -1
0 20.033152 27.181707 7.556086 0.974062 0.528872 -1
0 19.446873 29.708704 2.672023 0.973969 0.528605 -1
0 20.033152 27.181707 1.662463 0.974062 0.528549 -1
0 18.699987 28.472738 5.526244 0.973850 0.528761 -1
0 19.118433 26.754370 5.526244 0.973916 0.528761 -1
0 23.793060 30.474401 5.075027 0.974661 0.528736 -1
0 23.987381 29.779684 5.075038 0.974692 0.528736 -1
0 23.793060 30.474401 4.338973 0.974661 0.528696 -1
0 23.987385 29.779684 4.338984 0.974692 0.528696 -1
0 18.700005 28.472738 3.887782 0.973850 0.528671 -1
0 19.118433 26.754370 3.887770 0.973916 0.528671 -1
246
0.000000 0.991482 0.130241
0.998893 0.018707 -0.043149
0.998929 0.016150 -0.043352
0.000000 0.730075 0.683367
-0.527387 0.845198 0.086621
-0.518048 0.850812 0.088005
-0.536661 0.839483 0.085226
0.000000 0.730067 -0.683375
0.000000 0.730067 -0.683375
0.530170 0.843398 0.087180
0.539247 0.837150 0.091606
0.521017 0.849526 0.082742
0.000000 1.000000 0.000000
-0.999074 0.017095 -0.039490
-0.999058 0.019256 -0.038892
-0.999085 0.014934 -0.040089
0.998851 0.021264 -0.042947
0.000000 -0.977211 -0.212268
0.000000 -0.977211 -0.212268
0.000000 0.991482 0.130241
0.998893 0.018707 -0.043149
0.998929 0.016150 -0.043351
-0.999074 0.017095 -0.039490
-0.999058 0.019256 -0.038892
-0.999085 0.014934 -0.040088
0.998851 0.021264 -0.042947
0.000000 -0.977212 -0.212268
0.000000 -0.977212 -0.212268
0.000000 0.991482 0.130241
0.000000 0.991482 0.130241
0.998893 0.018707 -0.043149
0.998929 0.016150 -0.043351
-0.999074 0.017095 -0.039490
-0.999058 0.019256 -0.038892
-0.999085 0.014934 -0.040088
0.998851 0.021264 -0.042947
0.000000 -0.977211 -0.212268
0.000000 0.984244 -0.176814
0.998949 0.012397 0.044136
0.998908 0.016901 0.043564
-0.499027 0.862038 -0.088673
-0.508271 0.856759 -0.087319
-0.517456 0.851382 -0.085956
0.000000 0.731957 0.681350
0.520025 0.849138 -0.092404
0.511028 0.855058 -0.087899
0.501961 0.860861 -0.083382
-0.999062 0.019300 0.038765
-0.999080 0.015444 0.040012
-0.999081 0.011589 0.041259
0.998846 0.021405 0.042992
0.000000 -0.966728 0.255805
0.000000 -0.966728 0.255805
0.000000 0.984235 -0.176868
0.000000 0.984235 -0.176868
0.998949 0.012397 0.044135
0.998908 0.016901 0.043563
-0.999062 0.019299 0.038763
-0.999080 0.015444 0.040011
-0.999081 0.011589 0.041258
0.998846 0.021404 0.042990
0.000000 -0.966714 0.255859
0.000000 0.984236 -0.176857
0.000000 0.984236 -0.176857
0.998949 0.012398 0.044135
0.998908 0.016901 0.043563
-0.999062 0.019300 0.038764
-0.999080 0.015445 0.040011
-0.999081 0.011590 0.041258
0.998846 0.021404 0.042990
0.000000 -0.966717 0.255848
0.000000 0.967926 -0.251237
0.000000 0.967926 -0.251237
0.999087 0.015694 0.039737
0.999067 0.018021 0.039251
0.000000 0.749639 -0.661847
-0.499301 0.862334 -0.084134
-0.508543 0.857042 -0.082848
-0.517726 0.851650 -0.081554
0.000000 0.749633 0.661853
0.000000 0.749633 0.661853
0.520326 0.849455 -0.087676
0.511304 0.855344 -0.083399
0.502213 0.861118 -0.079110
-0.999213 0.018436 0.035122
-0.999219 0.016466 0.035913
-0.999221 0.014496 0.036703
0.999041 0.020348 0.038765
0.000000 -0.945563 0.325438
0.999087 0.015694 0.039738
0.999067 0.018021 0.039251
-0.999213 0.018436 0.035122
-0.999219 0.016466 0.035913
-0.999221 0.014496 0.036703
0.999041 0.020348 0.038765
0.000000 -0.945563 0.325438
0.000000 0.967926 -0.251237
0.999087 0.015694 0.039737
0.999067 0.018021 0.039251
-0.999213 0.018436 0.035122
-0.999219 0.016466 0.035913
-0.999221 0.014496 0.036703
0.999041 0.020348 0.038765
0.000000 -0.945563 0.325438
0.000004 0.958007 0.286744
0.000010 0.958007 0.286744
-0.000003 0.958007 0.286745
0.999027 0.020731 -0.038936
0.999027 0.020741 -0.038933
0.000001 0.753742 0.657171
0.000002 0.753743 0.657169
0.000000 0.753740 0.657173
-0.522299 0.848903 0.081041
-0.512984 0.854441 0.082326
-0.531552 0.843264 0.079745
0.000001 0.753736 -0.657177
0.000002 0.753733 -0.657181
0.000000 0.753740 -0.657173
0.525079 0.847135 0.081568
0.534163 0.841024 0.085722
0.515923 0.853131 0.077403
-0.999193 0.018839 -0.035486
-0.999193 0.018845 -0.035483
-0.999193 0.018833 -0.035488
0.999027 0.020721 -0.038938
-0.000011 -0.930929 -0.365200
0.000000 -0.930929 -0.365199
-0.000022 -0.930929 -0.365201
0.000003 0.958025 0.286684
0.000007 0.958025 0.286683
-0.000001 0.958025 0.286684
0.999027 0.020675 -0.038955
0.999027 0.020650 -0.038961
-0.999192 0.018879 -0.035475
-0.999192 0.018875 -0.035476
-0.999192 0.018882 -0.035474
0.999027 0.020699 -0.038949
0.000007 -0.930952 -0.365140
-0.000007 -0.930952 -0.365142
0.000022 -0.930953 -0.365139
0.000005 0.958022 0.286696
0.000010 0.958022 0.286696
0.000001 0.958021 0.286697
0.999027 0.020689 -0.038952
0.999027 0.020682 -0.038953
-0.999192 0.018869 -0.035480
-0.999192 0.018866 -0.035482
-0.999192 0.018873 -0.035478
0.999027 0.020695 -0.038950
0.000007 -0.930948 -0.365152
0.000000 -0.930948 -0.365153
0.000013 -0.930948 -0.365151
0.974131 0.225982 0.000000
0.974131 0.225984 -0.000001
0.974132 0.225980 0.000001
0.000002 0.370669 0.928765
0.000000 0.370665 0.928766
0.000005 0.370672 0.928764
-0.974126 0.226007 0.000001
-0.974125 0.226008 0.000001
-0.974126 0.226006 0.000000
-0.000002 0.371001 -0.928632
0.000000 0.370999 -0.928633
-0.000003 0.371003 -0.928632
-0.079626 0.020825 0.996607
-0.080578 0.019622 0.996555
-0.078673 0.022029 0.996657
-0.079882 0.020886 -0.996585
-0.079550 0.022231 -0.996583
-0.080215 0.019541 -0.996586
0.365783 0.930700 -0.000002
0.365783 0.930700 -0.000002
0.365782 0.930700 -0.000003
-0.527769 -0.849388 0.000003
-0.527769 -0.849388 0.000000
-0.527770 -0.849387 0.000005
-0.974131 0.225984 -0.000000
-0.974131 0.225982 0.000001
-0.974132 0.225981 0.000001
-0.000002 0.370669 0.928765
-0.000005 0.370672 0.928764
0.974125 0.226008 0.000001
0.974126 0.226007 0.000001
0.974126 0.226006 0.000000
0.000002 0.371001 -0.928632
0.000003 0.371003 -0.928632
0.080578 0.019622 0.996555
0.079626 0.020825 0.996607
0.078673 0.022028 0.996657
0.079550 0.022229 -0.996583
0.079882 0.020885 -0.996585
0.080215 0.019541 -0.996586
-0.365782 0.930701 -0.000002
-0.365782 0.930701 -0.000002
-0.365782 0.930701 -0.000003
0.527769 -0.849388 0.000000
0.527769 -0.849388 0.000001
0.527769 -0.849388 0.000001
0.974131 0.225984 0.000000
0.974131 0.225985 -0.000000
0.974132 0.225982 0.000001
0.000002 0.370668 0.928765
0.000000 0.370665 0.928767
0.000005 0.370671 0.928764
-0.974126 0.226007 0.000001
-0.974125 0.226008 0.000001
-0.974126 0.226005 0.000000
-0.000002 0.371001 -0.928632
0.000000 0.370999 -0.928633
-0.000003 0.371003 -0.928632
-0.079627 0.020823 0.996607
-0.080578 0.019621 0.996555
-0.078676 0.022024 0.996657
-0.079882 0.020888 -0.996585
-0.079548 0.022236 -0.996583
-0.080215 0.019540 -0.996586
0.365783 0.930700 -0.000003
0.365783 0.930700 -0.000003
0.365783 0.930700 -0.000003
-0.527769 -0.849388 0.000002
-0.527769 -0.849388 0.000000
-0.527769 -0.849388 0.000004
-0.974131 0.225983 0.000000
-0.974132 0.225982 0.000001
-0.974132 0.225981 0.000001
0.000000 0.370664 0.928767
-0.000002 0.370667 0.928766
-0.000005 0.370671 0.928764
0.974126 0.226007 0.000002
0.974126 0.226005 0.000001
0.974127 0.226003 0.000000
0.000000 0.370998 -0.928634
0.000002 0.371000 -0.928633
0.000003 0.371002 -0.928632
0.080577 0.019622 0.996555
0.079627 0.020822 0.996607
0.078677 0.022023 0.996657
0.079548 0.022235 -0.996583
0.079881 0.020887 -0.996586
0.080214 0.019540 -0.996586
-0.365782 0.930700 0.000000
-0.365782 0.930701 -0.000002
-0.365781 0.930701 -0.000004
0.527767 -0.849389 0.000000
0.527767 -0.849389 0.000001
0.527767 -0.849389 0.000003
206
0 0 1 2 0 0 0 3
0 0 3 1 0 0 0 3
0 1 4 2 1 1 2 2
0 5 6 7 3 3 3 1
0 5 8 6 3 3 3 1
0 9 8 5 4 4 5 2
0 9 10 8 4 6 4 2
0 11 10 9 7 7 7 1
0 11 12 10 7 8 7 1
0 7 12 11 9 9 10 2
0 7 6 12 9 11 9 2
0 9 7 11 12 12 12 3
0 9 5 7 12 12 12 3
0 0 13 3 13 13 14 2
0 0 14 13 13 15 13 2
0 1 15 4 1 16 1 2
0 13 4 15 17 17 18 3
0 13 14 4 17 17 17 3
0 16 17 18 19 19 19 3
0 16 19 17 19 19 19 3
0 17 20 18 20 20 21 2
0 16 21 19 22 22 23 2
0 16 22 21 22 24 22 2
0 17 23 20 20 25 20 2
0 21 20 23 26 26 26 3
0 21 22 20 26 27 26 3
0 24 25 26 28 28 29 3
0 24 27 25 28 28 28 3
0 25 28 26 30 30 31 2
0 24 29 27 32 32 33 2
0 24 30 29 32 34 32 2
0 25 31 28 30 35 30 2
0 29 28 31 36 36 18 3
0 29 30 28 36 36 36 3
0 32 33 34 37 37 37 3
0 33 35 34 37 37 37 3
0 32 36 33 38 39 39 2
0 37 38 39 40 41 41 2
0 38 40 39 41 42 41 2
0 39 40 41 43 43 43 1
0 40 42 41 43 43 43 1
0 41 42 43 44 45 45 2
0 42 44 43 45 46 45 2
0 41 43 39 12 12 12 3
0 43 37 39 12 12 12 3
0 35 45 34 47 48 48 2
0 45 46 34 48 49 48 2
0 36 47 33 39 50 39 2
0 47 36 45 51 51 51 3
0 36 46 45 51 52 51 3
0 48 49 50 53 53 53 3
0 49 51 50 53 54 53 3
0 48 52 49 55 56 56 2
0 51 53 50 57 58 58 2
0 53 54 50 58 59 58 2
0 52 55 49 56 60 56 2
0 55 52 53 61 61 61 3
0 52 54 53 61 61 61 3
0 56 57 58 62 63 63 3
0 57 59 58 63 63 63 3
0 56 60 57 64 65 65 2
0 59 61 58 66 67 67 2
0 61 62 58 67 68 67 2
0 60 63 57 65 69 65 2
0 63 60 61 70 70 70 3
0 60 62 61 70 70 70 3
0 64 65 66 71 71 71 3
0 65 67 66 71 72 71 3
0 64 68 65 73 74 74 2
0 69 70 71 75 75 75 1
0 70 72 71 75 75 75 1
0 71 72 73 76 77 77 2
0 72 74 73 77 78 77 2
0 73 74 75 79 80 80 1
0 74 76 75 80 80 80 1
0 75 76 69 81 82 82 2
0 76 70 69 82 83 82 2
0 75 69 73 12 12 12 3
0 69 71 73 12 12 12 3
0 67 77 66 84 85 85 2
0 77 78 66 85 86 85 2
0 68 79 65 74 87 74 2
0 79 68 77 88 88 88 3
0 68 78 77 88 88 88 3
0 80 81 82 72 72 72 3
0 81 83 82 72 72 72 3
0 80 84 81 89 90 90 2
0 83 85 82 91 92 92 2
0 85 86 82 92 93 92 2
0 84 87 81 90 94 90 2
0 87 84 85 95 95 95 3
0 84 86 85 95 95 95 3
0 88 89 90 96 96 96 3
0 89 91 90 96 96 96 3
0 88 92 89 97 98 98 2
0 91 93 90 99 100 100 2
0 93 94 90 100 101 100 2
0 92 95 89 98 102 98 2
0 95 92 93 103 103 103 3
0 92 94 93 103 103 103 3
0 96 97 98 104 104 105 3
0 96 99 97 104 106 104 3
0 97 100 98 107 107 108 2
0 101 102 103 109 109 110 1
0 101 104 102 109 111 109 1
0 105 104 101 112 112 113 2
0 105 106 104 112 114 112 2
0 107 106 105 115 115 116 1
0 107 108 106 115 117 115 1
0 103 108 107 118 118 119 2
0 103 102 108 118 120 118 2
0 105 103 107 12 12 12 3
0 105 101 103 12 12 12 3
0 96 109 99 121 121 122 2
0 96 110 109 121 123 121 2
0 97 111 100 107 124 107 2
0 109 100 111 125 125 126 3
0 109 110 100 125 127 125 3
0 112 113 114 128 128 129 3
0 112 115 113 128 130 128 3
0 113 116 114 131 131 132 2
0 112 117 115 133 133 134 2
0 112 118 117 133 135 133 2
0 113 119 116 131 136 131 2
0 117 116 119 137 137 138 3
0 117 118 116 137 139 137 3
0 120 121 122 140 140 141 3
0 120 123 121 140 142 140 3
0 121 124 122 143 143 144 2
0 120 125 123 145 145 146 2
0 120 126 125 145 147 145 2
0 121 127 124 143 148 143 2
0 125 124 127 149 149 150 3
0 125 126 124 149 151 149 3
0 128 129 130 152 152 153 1
0 128 131 129 152 154 152 1
0 132 131 128 155 155 156 2
0 132 133 131 155 157 155 2
0 134 133 132 158 158 159 1
0 134 135 133 158 160 158 1
0 130 135 134 161 161 162 2
0 130 129 135 161 163 161 2
0 132 130 134 12 12 12 3
0 132 128 130 12 12 12 3
0 136 137 138 164 164 165 2
0 136 139 137 164 166 164 2
0 140 141 142 167 167 168 2
0 140 143 141 167 169 167 2
0 136 140 142 170 170 171 3
0 136 138 140 170 172 170 3
0 137 141 143 173 173 174 3
0 137 139 141 173 175 173 3
0 144 145 146 176 177 177 1
0 145 147 146 177 178 177 1
0 146 147 148 156 179 179 2
0 147 149 148 179 180 179 2
0 148 149 150 181 182 182 1
0 149 151 150 182 183 182 1
0 150 151 144 162 184 184 2
0 151 145 144 184 185 184 2
0 150 144 148 12 12 12 3
0 144 146 148 12 12 12 3
0 152 153 154 186 187 187 2
0 153 155 154 187 188 187 2
0 156 157 158 189 190 190 2
0 157 159 158 190 191 190 2
0 156 158 154 192 193 193 3
0 158 152 154 193 194 193 3
0 159 157 153 195 196 196 3
0 157 155 153 196 197 196 3
0 160 161 162 198 198 199 1
0 160 163 161 198 200 198 1
0 164 163 160 201 201 202 2
0 164 165 163 201 203 201 2
0 166 165 164 204 204 205 1
0 166 167 165 204 206 204 1
0 162 167 166 207 207 208 2
0 162 161 167 207 209 207 2
0 164 162 166 12 12 12 3
0 164 160 162 12 12 12 3
0 168 169 170 210 210 211 2
0 168 171 169 210 212 210 2
0 172 173 174 213 213 214 2
0 172 175 173 213 215 213 2
0 168 172 174 216 216 217 3
0 168 170 172 216 218 216 3
0 169 173 175 219 219 220 3
0 169 171 173 219 221 219 3
0 176 177 178 222 223 223 1
0 177 179 178 223 224 223 1
0 178 179 180 225 226 226 2
0 179 181 180 226 227 226 2
0 180 181 182 228 229 229 1
0 181 183 182 229 230 229 1
0 182 183 176 231 232 232 2
0 183 177 176 232 233 232 2
0 182 176 180 12 12 12 3
0 176 178 180 12 12 12 3
0 184 185 186 234 235 235 2
0 185 187 186 235 236 235 2
0 188 189 190 237 238 238 2
0 189 191 190 238 239 238 2
0 188 190 186 240 241 241 3
0 190 184 186 241 242 241 3
0 191 189 185 243 244 244 3
0 189 187 185 244 245 244 3
"dark" 0 1
120
0 -3.386097 25.754065 -115.716942 0.879490 0.857385 -1
0 -4.649978 24.726572 -116.099709 0.879778 0.857732 -1
0 -4.649978 25.754065 -115.716942 0.879490 0.857385 -1
0 -3.386097 24.726572 -116.099709 0.879778 0.857732 -1
0 0.684415 25.754065 -115.703896 0.879480 0.857385 -1
0 -0.579465 24.726572 -116.086678 0.879769 0.857732 -1
0 -0.579465 25.754065 -115.703896 0.879480 0.857385 -1
0 0.684415 24.726572 -116.086678 0.879769 0.857732 -1
0 4.614565 25.754065 -115.706520 0.879482 0.857385 -1
0 3.350685 24.726572 -116.089287 0.879771 0.857732 -1
0 3.350685 25.754065 -115.706520 0.879482 0.857385 -1
0 4.614565 24.726572 -116.089287 0.879771 0.857732 -1
0 -4.901004 30.043020 90.177032 0.724432 0.856866 -1
0 -4.901004 28.985147 90.474167 0.724321 0.857234 -1
0 -3.571632 30.043020 90.177032 0.724432 0.856866 -1
0 -3.571632 28.985147 90.474167 0.724321 0.857234 -1
0 -0.619567 30.044201 90.163956 0.724442 0.856865 -1
0 -0.619567 28.986332 90.461105 0.724331 0.857233 -1
0 0.709805 30.044201 90.163956 0.724442 0.856865 -1
0 0.709805 28.986332 90.461105 0.724331 0.857233 -1
0 3.514236 30.043972 90.166565 0.724440 0.856865 -1
0 3.514236 28.986097 90.463730 0.724329 0.857234 -1
0 4.843607 30.043972 90.166565 0.724440 0.856865 -1
0 4.843607 28.986097 90.463730 0.724329 0.857234 -1
0 -4.899930 38.076977 66.600502 0.742100 0.853220 -1
0 -4.899930 37.049492 67.006310 0.741794 0.853568 -1
0 -3.570838 38.076977 66.600502 0.742100 0.853220 -1
0 -3.570838 37.049492 67.006310 0.741794 0.853568 -1
0 -0.619395 38.076977 66.586678 0.742111 0.853220 -1
0 -0.619395 37.049492 66.992470 0.741805 0.853568 -1
0 0.709696 38.076977 66.586678 0.742111 0.853220 -1
0 0.709696 37.049492 66.992470 0.741805 0.853568 -1
0 3.513535 38.076977 66.589439 0.742109 0.853220 -1
0 3.513535 37.049492 66.995232 0.741803 0.853568 -1
0 4.842627 38.076977 66.589439 0.742109 0.853220 -1
0 4.842627 37.049492 66.995232 0.741803 0.853568 -1
0 -3.406462 38.224369 -88.181129 0.858711 0.853170 -1
0 -4.688282 37.243298 -88.702858 0.859105 0.853502 -1
0 -4.688322 38.224369 -88.181084 0.858711 0.853170 -1
0 -3.406429 37.243298 -88.702934 0.859105 0.853502 -1
0 0.721779 38.222977 -88.167213 0.858701 0.853171 -1
0 -0.560074 37.241905 -88.688988 0.859094 0.853503 -1
0 -0.560060 38.222977 -88.167183 0.858701 0.853171 -1
0 0.721712 37.241905 -88.688911 0.859094 0.853503 -1
0 4.707648 38.223255 -88.169991 0.858703 0.853171 -1
0 3.425843 37.242184 -88.691780 0.859096 0.853503 -1
0 3.425845 38.223255 -88.169945 0.858703 0.853171 -1
0 4.707615 37.242184 -88.691734 0.859096 0.853503 -1
0 -16.809147 38.898415 -31.078272 0.815621 0.852943 -1
0 -17.003471 38.203701 -30.342203 0.815066 0.853177 -1
0 -16.809143 38.898415 -30.342218 0.815066 0.852943 -1
0 -17.003479 38.203701 -31.078257 0.815621 0.853177 -1
0 16.831076 38.898415 -30.342218 0.815066 0.852943 -1
0 17.025400 38.203701 -30.342203 0.815066 0.853177 -1
0 16.831079 38.898415 -31.078272 0.815621 0.852943 -1
0 17.025402 38.203701 -31.078257 0.815621 0.853177 -1
0 -23.881912 30.479933 4.338973 0.788895 0.855788 -1
0 -24.076239 29.785219 5.075038 0.788339 0.856023 -1
0 -23.881907 30.479933 5.075027 0.788339 0.855788 -1
0 -24.076244 29.785219 4.338984 0.788895 0.856023 -1
0 23.793060 30.474401 5.075027 0.788339 0.855790 -1
0 23.987381 29.779684 5.075038 0.788339 0.856025 -1
0 23.793060 30.474401 4.338973 0.788895 0.855790 -1
0 23.987385 29.779684 4.338984 0.788895 0.856025 -1
0 3.425105 109.296677 1.119139 0.791324 0.829149 -1
0 4.048489 18.012728 0.025237 0.792150 0.860002 -1
0 2.691866 109.296677 1.119139 0.791324 0.829149 -1
0 2.068485 18.012728 0.025237 0.792150 0.860002 -1
0 2.691866 109.296677 2.455588 0.790316 0.829149 -1
0 2.068485 18.012728 3.530257 0.789505 0.860002 -1
0 3.425105 109.296677 2.455588 0.790316 0.829149 -1
0 4.048489 18.012728 3.530257 0.789505 0.860002 -1
0 -1.236444 90.583153 9.097956 0.785304 0.835474 -1
0 -0.341866 39.750946 8.476725 0.785772 0.852654 -1
0 -2.283273 90.583153 9.097956 0.785304 0.835474 -1
0 -3.168680 39.750946 8.476725 0.785772 0.852654 -1
0 -2.283273 90.583153 9.856936 0.784731 0.835474 -1
0 -3.168680 39.750946 10.467260 0.784270 0.852654 -1
0 -1.236444 90.583153 9.856936 0.784731 0.835474 -1
0 -0.341866 39.750946 10.467260 0.784270 0.852654 -1
0 -11.771577 79.524010 9.908373 0.784692 0.839212 -1
0 8.118819 78.694550 9.908373 0.784692 0.839492 -1
0 8.118819 79.524010 9.908373 0.784692 0.839212 -1
0 -11.771577 78.694550 9.908373 0.784692 0.839492 -1
0 -11.771577 79.524010 9.032373 0.785353 0.839212 -1
0 -11.771577 78.694550 9.032373 0.785353 0.839492 -1
0 8.118819 79.524010 9.032373 0.785353 0.839212 -1
0 8.118819 78.694550 9.032373 0.785353 0.839492 -1
0 -11.771577 70.271469 9.917627 0.784685 0.842339 -1
0 8.118819 69.543282 9.917627 0.784685 0.842585 -1
0 8.118819 70.271469 9.917627 0.784685 0.842339 -1
0 -11.771577 69.543282 9.917627 0.784685 0.842585 -1
0 -11.771577 70.271469 9.112230 0.785293 0.842339 -1
0 -11.771577 69.543282 9.112230 0.785293 0.842585 -1
0 8.118819 70.271469 9.112230 0.785293 0.842339 -1
0 8.118819 69.543282 9.112230 0.785293 0.842585 -1
0 -8.358934 85.112228 2.125582 0.790565 0.837323 -1
0 14.571562 83.760193 2.125582 0.790565 0.837780 -1
0 14.571562 85.112228 2.125582 0.790565 0.837323 -1
0 -8.358934 83.760193 2.125582 0.790565 0.837780 -1
0 -8.358934 85.112228 1.258952 0.791219 0.837323 -1
0 -8.358934 83.760193 1.258952 0.791219 0.837780 -1
0 14.571562 85.112228 1.258952 0.791219 0.837323 -1
0 14.571562 83.760193 1.258952 0.791219 0.837780 -1
0 -5.469843 75.527206 2.125582 0.790565 0.840563 -1
0 11.682471 74.209991 2.125582 0.790565 0.841008 -1
0 11.682471 75.527206 2.125582 0.790565 0.840563 -1
0 -5.469843 74.209991 2.125582 0.790565 0.841008 -1
0 -5.469843 75.527206 1.258952 0.791219 0.840563 -1
0 -5.469843 74.209991 1.258952 0.791219 0.841008 -1
0 11.682471 75.527206 1.258952 0.791219 0.840563 -1
0 11.682471 74.209991 1.258952 0.791219 0.841008 -1
0 -5.712844 95.477493 2.125582 0.790565 0.833820 -1
0 11.439469 94.160286 2.125582 0.790565 0.834265 -1
0 11.439469 95.477493 2.125582 0.790565 0.833820 -1
0 -5.712844 94.160286 2.125582 0.790565 0.834265 -1
0 -5.712844 95.477493 1.258952 0.791219 0.833820 -1
0 -5.712844 94.160286 1.258952 0.791219 0.834265 -1
0 11.439469 95.477493 1.258952 0.791219 0.833820 -1
0 11.439469 94.160286 1.258952 0.791219 0.834265 -1
45
0.000000 0.349089 -0.937089
0.000000 0.349102 -0.937085
0.000000 0.270415 0.962744
0.000000 0.270428 0.962740
0.000000 0.270440 0.962737
0.000000 0.367340 0.930087
0.000000 0.367328 0.930092
0.000000 0.367328 0.930092
-0.000042 0.469573 -0.882894
-0.000032 0.469562 -0.882899
-0.000053 0.469584 -0.882888
0.000016 0.469546 -0.882908
-0.000021 0.469584 -0.882888
0.000053 0.469509 -0.882928
0.000000 0.469573 -0.882894
-0.000032 0.469605 -0.882877
0.000032 0.469541 -0.882911
-0.963032 0.269386 0.000007
-0.963033 0.269384 0.000005
-0.963032 0.269389 0.000010
0.963034 0.269379 0.000005
0.963035 0.269378 0.000004
0.963035 0.269376 0.000002
-0.963032 0.269389 0.000007
0.963036 0.269373 0.000000
0.963035 0.269375 0.000002
0.963035 0.269377 0.000005
0.000000 0.011983 -0.999928
0.000000 0.011983 -0.999928
-0.999977 0.006829 0.000000
-0.999977 0.006829 0.000000
0.000000 0.011772 0.999931
0.999977 0.006829 0.000000
0.000000 1.000000 0.000000
0.000000 0.012220 -0.999925
0.000000 0.012220 -0.999925
-0.999848 0.017416 0.000000
0.000000 0.012006 0.999928
0.000000 0.012006 0.999928
0.999845 0.017596 0.000000
0.000000 0.000000 1.000000
-1.000000 0.000000 0.000000
0.000000 0.000000 -1.000000
1.000000 0.000000 0.000000
0.000000 -1.000000 0.000000
110
0 0 1 2 0 0 0 1
0 0 3 1 0 0 0 1
0 4 5 6 1 1 1 1
0 4 7 5 1 1 1 1
0 8 9 10 0 0 0 1
0 8 11 9 0 0 0 1
0 12 13 14 2 2 2 1
0 13 15 14 2 2 2 1
0 16 17 18 3 3 3 1
0 17 19 18 3 3 3 1
0 20 21 22 4 4 4 1
0 21 23 22 4 4 4 1
0 24 25 26 5 5 5 1
0 25 27 26 5 5 5 1
0 28 29 30 6 6 6 1
0 29 31 30 6 6 6 1
0 32 33 34 7 7 7 1
0 33 35 34 7 7 7 1
0 36 37 38 8 8 9 1
0 36 39 37 8 10 8 1
0 40 41 42 11 11 12 1
0 40 43 41 11 13 11 1
0 44 45 46 14 14 15 1
0 44 47 45 14 16 14 1
0 48 49 50 17 17 18 1
0 48 51 49 17 19 17 1
0 52 53 54 20 21 21 1
0 53 55 54 21 22 21 1
0 56 57 58 23 23 23 1
0 56 59 57 23 23 23 1
0 60 61 62 24 25 25 1
0 61 63 62 25 26 25 1
0 64 65 66 27 27 27 1
0 65 67 66 27 28 27 1
0 66 67 68 29 30 30 2
0 67 69 68 30 30 30 2
0 68 69 70 31 31 31 1
0 69 71 70 31 31 31 1
0 70 71 64 32 32 32 2
0 71 65 64 32 32 32 2
0 70 64 68 33 33 33 3
0 64 66 68 33 33 33 3
0 72 73 74 34 34 34 1
0 73 75 74 34 35 34 1
0 74 75 76 36 36 36 2
0 75 77 76 36 36 36 2
0 76 77 78 37 37 37 1
0 77 79 78 37 38 37 1
0 78 79 72 39 39 39 2
0 79 73 72 39 39 39 2
0 78 72 76 33 33 33 3
0 72 74 76 33 33 33 3
0 80 81 82 40 40 40 1
0 80 83 81 40 40 40 1
0 84 83 80 41 41 41 2
0 84 85 83 41 41 41 2
0 86 85 84 42 42 42 1
0 86 87 85 42 42 42 1
0 82 87 86 43 43 43 2
0 82 81 87 43 43 43 2
0 84 82 86 33 33 33 3
0 84 80 82 33 33 33 3
0 83 87 81 44 44 44 3
0 83 85 87 44 44 44 3
0 88 89 90 40 40 40 1
0 88 91 89 40 40 40 1
0 92 91 88 41 41 41 2
0 92 93 91 41 41 41 2
0 94 93 92 42 42 42 1
0 94 95 93 42 42 42 1
0 90 95 94 43 43 43 2
0 90 89 95 43 43 43 2
0 92 90 94 33 33 33 3
0 92 88 90 33 33 33 3
0 91 95 89 44 44 44 3
0 91 93 95 44 44 44 3
0 96 97 98 40 40 40 1
0 96 99 97 40 40 40 1
0 100 99 96 41 41 41 2
0 100 101 99 41 41 41 2
0 102 101 100 42 42 42 1
0 102 103 101 42 42 42 1
0 98 103 102 43 43 43 2
0 98 97 103 43 43 43 2
0 100 98 102 33 33 33 3
0 100 96 98 33 33 33 3
0 99 103 97 44 44 44 3
0 99 101 103 44 44 44 3
0 104 105 106 40 40 40 1
0 104 107 105 40 40 40 1
0 108 107 104 41 41 41 2
0 108 109 107 41 41 41 2
0 110 109 108 42 42 42 1
0 110 111 109 42 42 42 1
0 106 111 110 43 43 43 2
0 106 105 111 43 43 43 2
0 108 106 110 33 33 33 3
0 108 104 106 33 33 33 3
0 107 111 105 44 44 44 3
0 107 109 111 44 44 44 3
0 112 113 114 40 40 40 1
0 112 115 113 40 40 40 1
0 116 115 112 41 41 41 2
0 116 117 115 41 41 41 2
0 118 117 116 42 42 42 1
0 118 119 117 42 42 42 1
0 116 114 118 33 33 33 3
0 116 112 114 33 33 33 3
0 115 119 113 44 44 44 3
0 115 117 119 44 44 44 3
"leftbow" 0 2
18
0 13.274131 -3.896696 -172.300766 0.290096 0.868247 -1
0 16.723057 6.680173 -178.628098 0.281560 0.834648 -1
0 18.493643 -3.896224 -61.097702 0.421713 0.869270 -1
0 28.856501 8.214293 -86.602020 0.379072 0.818875 -1
0 24.312893 8.932104 33.615967 0.541332 0.812246 -1
0 16.462626 -3.892582 10.469040 0.502627 0.868247 -1
0 9.311136 -3.896687 95.518089 0.712685 0.868247 -1
0 14.268460 8.925525 113.565407 0.810957 0.795011 -1
0 16.568619 15.699772 -177.716080 0.285041 0.741911 -1
0 31.818085 16.953367 -94.521126 0.352719 0.721856 -1
0 28.651840 20.460419 46.718182 0.541405 0.696783 -1
0 17.145834 23.621958 121.883194 0.863211 0.660458 -1
0 8.064946 13.916939 145.977615 0.932324 0.752429 -1
0 4.052050 -3.750347 134.387833 0.894453 0.866743 -1
0 0.049946 -3.750347 156.542068 0.925772 0.862836 -1
0 0.066474 18.609369 175.231705 0.969323 0.718372 -1
0 12.222031 27.783640 150.265274 0.946735 0.617669 -1
0 0.049946 33.418823 181.115677 0.994199 0.594886 -1
18
0.941708 -0.333515 -0.044199
0.919089 -0.378791 -0.108597
0.823627 -0.566904 -0.016089
0.851826 -0.522962 -0.030074
0.882450 -0.464795 0.072445
0.813638 -0.579613 0.045193
0.848533 -0.510944 0.137577
0.887653 -0.425624 0.175829
0.982913 0.035101 -0.180695
0.962007 -0.266902 -0.057491
0.893311 -0.440054 0.091363
0.919239 -0.351481 0.177373
0.910522 -0.332435 0.245837
0.938775 -0.310785 0.148710
0.930583 -0.284166 0.230791
0.941641 -0.177614 0.285947
0.881992 -0.358862 0.305462
0.906907 -0.244947 0.342813
20
0 0 1 2 0 1 2 1
0 1 3 2 1 3 2 1
0 2 3 4 2 3 4 1
0 2 4 5 2 4 5 1
0 5 4 6 5 4 6 1
0 4 7 6 4 7 6 1
0 1 8 9 1 8 9 1
0 1 9 3 1 9 3 1
0 3 9 4 3 9 4 1
0 9 10 4 9 10 4 1
0 4 10 11 4 10 11 1
0 4 11 7 4 11 7 1
0 6 7 12 6 7 12 1
0 6 12 13 6 12 13 1
0 13 12 14 13 12 14 1
0 12 15 14 12 15 14 1
0 7 11 12 7 11 12 1
0 11 16 12 11 16 12 1
0 12 16 17 12 16 17 1
0 12 17 15 12 17 15 1
"rightbow" 0 3
18
0 -16.328737 -3.892582 10.469040 0.522120 0.895070 -1
0 -24.129440 8.932104 33.615967 0.558324 0.816262 -1
0 -18.359755 -3.896224 -61.097702 0.477182 0.892180 -1
0 -28.729937 8.214293 -86.602020 0.437296 0.826756 -1
0 -16.624016 6.680173 -178.628098 0.281409 0.842433 -1
0 -13.170707 -3.896696 -172.300766 0.289394 0.895070 -1
0 -9.211243 -3.896687 95.518089 0.731525 0.879445 -1
0 -14.173081 8.925525 113.565407 0.810661 0.791271 -1
0 -29.326231 20.462540 46.706905 0.560306 0.693672 -1
0 -31.644535 16.953367 -94.521126 0.414598 0.718613 -1
0 -16.443972 15.699772 -177.716080 0.286618 0.734639 -1
0 -17.046114 23.621958 121.883194 0.861366 0.657592 -1
0 0.049946 -3.750347 156.542068 0.963859 0.866230 -1
0 0.066474 18.609369 175.231705 0.991683 0.711220 -1
0 -7.935709 13.916939 145.977615 0.924186 0.748952 -1
0 -3.948451 -3.750347 134.387833 0.907410 0.877949 -1
0 0.049946 33.418823 181.115677 1.000020 0.588731 -1
0 -12.122139 27.783640 150.265274 0.939495 0.615065 -1
18
-0.815257 -0.577338 0.045129
-0.875957 -0.476924 0.072406
-0.824022 -0.566335 -0.015865
-0.853159 -0.520797 -0.029830
-0.919801 -0.377123 -0.108375
-0.941645 -0.333729 -0.043938
-0.849024 -0.510139 0.137538
-0.887681 -0.425580 0.175796
-0.864642 -0.493929 0.091808
-0.958830 -0.277881 -0.058540
-0.982910 0.037837 -0.180158
-0.913023 -0.366407 0.179265
-0.930999 -0.282831 0.230754
-0.941512 -0.178048 0.286101
-0.910308 -0.332806 0.246130
-0.939183 -0.309534 0.148740
-0.906314 -0.246881 0.342994
-0.881283 -0.360538 0.305537
20
0 0 1 2 0 1 2 1
0 1 3 2 1 3 2 1
0 2 3 4 2 3 4 1
0 2 4 5 2 4 5 1
0 6 7 1 6 7 1 1
0 6 1 0 6 1 0 1
0 1 8 9 1 8 9 1
0 1 9 3 1 9 3 1
0 3 9 4 3 9 4 1
0 9 10 4 9 10 4 1
0 7 11 1 7 11 1 1
0 11 8 1 11 8 1 1
0 12 13 14 12 13 14 1
0 12 14 15 12 14 15 1
0 15 14 6 15 14 6 1
0 14 7 6 14 7 6 1
0 13 16 14 13 16 14 1
0 16 17 14 16 17 14 1
0 14 17 11 14 17 11 1
0 14 11 7 14 11 7 1
"frontdeck1" 0 4
8
0 0.138730 20.471878 46.715885 0.273475 0.899376 -1
0 19.934381 19.943834 91.013054 0.153218 0.853166 -1
0 27.768181 20.455017 46.705135 0.279195 0.828567 -1
0 10.859770 20.103643 137.082169 0.059834 0.872920 -1
0 0.054899 20.119387 161.861588 0.000415 0.896958 -1
0 -10.749972 20.103643 137.082169 0.055875 0.922134 -1
0 -19.824587 19.943834 91.013054 0.145934 0.943714 -1
0 -28.784136 20.455021 46.716518 0.267511 0.973502 -1
8
0.000033 0.999986 0.005313
0.012256 0.999904 0.006442
0.000615 0.999932 0.011645
0.016194 0.999867 0.002153
0.000014 0.999995 0.003061
-0.016110 0.999868 0.002133
-0.012170 0.999905 0.006435
-0.000583 0.999932 0.011657
6
0 0 1 2 0 1 2 1
0 0 3 1 0 3 1 1
0 0 4 3 0 4 3 1
0 0 5 4 0 5 4 1
0 0 6 5 0 6 5 1
0 0 7 6 0 7 6 1
"middeck1" 0 5
9
0 0.138730 20.471878 46.715885 0.905238 0.948564 -1
0 -8.929843 19.983603 28.144205 0.817948 0.962387 -1
0 -28.784136 20.455021 46.716518 0.905277 0.997683 -1
0 27.768181 20.455017 46.705135 0.905100 0.901640 -1
0 9.075617 19.983603 28.144205 0.817927 0.935215 -1
0 -31.644535 16.953367 -94.521126 0.319705 0.995110 -1
0 -11.925547 16.951426 -94.515015 0.319740 0.966565 -1
0 12.099092 16.951426 -94.515015 0.319715 0.931789 -1
0 31.818085 16.953367 -94.521126 0.319637 0.903246 -1
9
0.000008 0.999662 -0.025996
0.000022 0.999683 -0.025170
-0.000021 0.999677 -0.025397
0.000009 0.999677 -0.025399
-0.000030 0.999683 -0.025171
0.000324 0.999693 -0.024756
0.000106 0.999695 -0.024715
-0.000106 0.999695 -0.024715
-0.000344 0.999693 -0.024760
6
0 0 1 2 0 1 2 1
0 0 3 4 0 3 4 1
0 2 1 5 2 1 5 1
0 5 1 6 5 1 6 1
0 7 4 8 7 4 8 1
0 8 4 3 8 4 3 1
"backdeck1" 0 6
8
0 -31.644535 16.953367 -94.521126 0.002745 0.007495 -1
0 -11.925547 16.951426 -94.515015 0.058027 0.006480 -1
0 -16.443972 15.699772 -177.716080 0.061461 0.693054 -1
0 0.062320 15.699772 -180.388702 0.105028 0.706646 -1
0 0.086769 16.951426 -94.517784 0.091703 0.005899 -1
0 12.099092 16.951426 -94.515015 0.125379 0.005287 -1
0 16.568619 15.699772 -177.716080 0.148046 0.691519 -1
0 31.818085 16.953367 -94.521126 0.180661 0.004338 -1
8
0.000103 0.999887 -0.015048
-0.000772 0.999889 -0.014844
-0.001156 0.999887 -0.014979
0.000000 0.999891 -0.014743
-0.000000 0.999894 -0.014574
0.000772 0.999889 -0.014845
0.001156 0.999887 -0.014980
-0.000103 0.999887 -0.015048
6
0 0 1 2 0 1 2 1
0 2 1 3 2 1 3 1
0 1 4 3 1 4 3 1
0 3 4 5 3 4 5 1
0 3 5 6 3 5 6 1
0 6 5 7 6 5 7 1
"deck2" 0 7
4
0 20.504446 26.138956 51.544464 0.762417 0.427988 -1
0 17.356560 25.726816 -74.017372 0.376388 0.437191 -1
0 -20.430571 26.138956 51.544464 0.762672 0.535761 -1
0 -17.276133 25.726816 -74.017372 0.376604 0.528372 -1
3
0.000000 0.999995 -0.003282
0.000000 0.999995 -0.003282
0.000000 0.999995 -0.003282
2
0 0 1 2 0 1 1 3
0 1 3 2 1 2 1 3
"deck3" 0 7
4
0 12.148470 33.919804 26.361422 0.740108 0.336030 -1
0 12.148470 33.912865 -47.423985 0.466798 0.342282 -1
0 -12.048578 33.919804 26.361422 0.740757 0.426542 -1
0 -12.048578 33.912865 -47.423985 0.467447 0.432794 -1
1
0.000000 1.000000 -0.000094
2
0 0 1 2 0 0 0 3
0 1 3 2 0 0 0 3
"deck4" 0 7
12
0 6.059977 43.179523 6.792789 0.605458 0.377405 -1
0 6.059977 43.337749 -37.669270 0.268486 0.376871 -1
0 -5.957269 43.179523 6.792789 0.605146 0.438270 -1
0 -5.957269 43.337749 -37.669270 0.268173 0.437736 -1
0 6.058753 43.172779 6.781955 0.605376 0.377411 -1
0 0.051355 43.172779 6.781955 0.605220 0.407838 -1
0 7.083732 43.172779 14.677332 0.665240 0.372315 -1
0 4.718488 43.172779 22.973833 0.728057 0.384394 -1
0 0.051355 43.164913 26.065096 0.751363 0.408069 -1
0 -4.615777 43.172779 22.973833 0.727814 0.431671 -1
0 -6.981022 43.172779 14.677332 0.664874 0.443551 -1
0 -5.956045 43.172779 6.781955 0.605063 0.438264 -1
6
0.000000 0.999994 0.003559
0.000000 1.000000 0.000000
0.000000 1.000000 0.000136
-0.000708 1.000000 0.000204
0.000000 1.000000 0.000408
0.000708 1.000000 0.000204
8
0 0 1 2 0 0 0 3
0 1 3 2 0 0 0 3
0 4 5 6 1 2 1 2
0 6 5 7 1 2 3 2
0 7 5 8 3 2 4 2
0 8 5 9 4 2 5 2
0 9 5 10 5 2 1 2
0 10 5 11 1 2 1 2
"stacks" 0 8
50
0 -3.508333 45.795280 -15.796194 0.933501 0.211803 -1
0 -2.572441 73.849144 -15.892011 0.932813 0.109759 -1
0 -3.031608 45.795280 -18.621370 0.913218 0.211803 -1
0 -2.221109 73.338654 -18.158571 0.916541 0.111616 -1
0 -1.261249 72.964966 -19.817797 0.904630 0.112975 -1
0 -1.729177 45.795280 -20.689508 0.898371 0.211803 -1
0 0.049975 45.795280 -21.446520 0.892937 0.211803 -1
0 0.049944 72.828163 -20.425127 0.900269 0.113473 -1
0 1.361137 72.964966 -19.817797 0.904630 0.112975 -1
0 1.829126 45.795280 -20.689508 0.898371 0.211803 -1
0 3.131558 45.795280 -18.621370 0.913218 0.211803 -1
0 2.320997 73.338654 -18.158571 0.916541 0.111616 -1
0 2.672328 73.849144 -15.892011 0.932813 0.109759 -1
0 3.608277 45.795280 -15.796194 0.933501 0.211803 -1
0 3.131558 45.795280 -12.971037 0.953782 0.211803 -1
0 2.320997 74.359657 -13.625441 0.949084 0.107902 -1
0 1.361136 74.733337 -11.966215 0.960995 0.106543 -1
0 1.829126 45.795280 -10.902868 0.968629 0.211803 -1
0 0.049975 45.795280 -10.145864 0.974064 0.211803 -1
0 0.049944 74.870132 -11.358885 0.965356 0.106045 -1
0 -1.261249 74.733337 -11.966215 0.960995 0.106543 -1
0 -1.729177 45.795280 -10.902868 0.968629 0.211803 -1
0 -3.031608 45.795280 -12.971037 0.953782 0.211803 -1
0 -2.221109 74.359657 -13.625441 0.949084 0.107902 -1
0 -4.475353 33.037521 -39.519421 0.923339 0.212097 -1
0 -3.202869 59.488087 -39.428303 0.923850 0.112617 -1
0 -3.869072 33.037521 -42.344593 0.907486 0.212097 -1
0 -2.767076 58.966682 -41.694866 0.911132 0.114579 -1
0 -1.576465 58.585003 -43.354099 0.901822 0.116014 -1
0 -2.212684 33.037521 -44.412731 0.895881 0.212097 -1
0 0.049979 33.037521 -45.169750 0.891634 0.212097 -1
0 0.049941 58.445282 -43.961430 0.898413 0.116540 -1
0 1.676345 58.585003 -43.354099 0.901822 0.116014 -1
0 2.312644 33.037521 -44.412731 0.895881 0.212097 -1
0 3.969033 33.037521 -42.344593 0.907486 0.212097 -1
0 2.866957 58.966682 -41.694866 0.911132 0.114579 -1
0 3.302749 59.488087 -39.428303 0.923850 0.112617 -1
0 4.575310 33.037521 -39.519421 0.923339 0.212097 -1
0 3.969033 33.037521 -36.694256 0.939191 0.212097 -1
0 2.866957 60.009499 -37.161732 0.936568 0.110656 -1
0 1.676344 60.391182 -35.502514 0.945878 0.109221 -1
0 2.312643 33.037521 -34.626095 0.950796 0.212097 -1
0 0.049979 33.037521 -33.869091 0.955044 0.212097 -1
0 0.049941 60.530903 -34.895176 0.949286 0.108696 -1
0 -1.576465 60.391182 -35.502514 0.945878 0.109221 -1
0 -2.212684 33.037521 -34.626095 0.950796 0.212097 -1
0 -3.869072 33.037521 -36.694256 0.939191 0.212097 -1
0 -2.767076 60.009499 -37.161732 0.936568 0.110656 -1
0 0.049944 73.849144 -15.892011 0.932813 0.109759 -1
0 0.049941 59.488087 -39.428303 0.923850 0.112617 -1
72
-0.999444 0.033342 -0.000003
-0.999461 0.032640 -0.003517
-0.937046 0.032991 -0.347645
-0.940230 0.033362 -0.338901
-0.659220 0.035655 -0.751104
-0.648048 0.035569 -0.760768
0.000000 0.038574 -0.999256
-0.000000 0.037756 -0.999287
0.659220 0.035656 -0.751104
0.648048 0.035571 -0.760768
0.937046 0.032993 -0.347645
0.940230 0.033364 -0.338901
0.999461 0.032642 -0.003518
0.999444 0.033344 -0.000003
0.939397 0.034146 0.341125
0.944804 0.034275 0.325839
0.662980 0.038567 0.747643
0.647992 0.038431 0.760677
0.000000 0.042642 0.999090
0.000000 0.041684 0.999131
-0.662980 0.038565 0.747643
-0.647992 0.038430 0.760677
-0.939397 0.034144 0.341126
-0.944804 0.034273 0.325839
-0.998845 0.048052 0.000008
-0.998887 0.046899 -0.005074
-0.908040 0.048366 -0.416081
-0.913605 0.048943 -0.403647
-0.586684 0.048535 -0.808361
-0.571543 0.048177 -0.819156
-0.000000 0.048612 -0.998818
0.000000 0.047503 -0.998871
0.586683 0.048537 -0.808361
0.571543 0.048179 -0.819157
0.908040 0.048368 -0.416081
0.913604 0.048946 -0.403647
0.998887 0.046902 -0.005075
0.998845 0.048055 0.000008
0.912099 0.043869 0.407617
0.921225 0.044340 0.386496
0.591642 0.040252 0.805195
0.571747 0.039556 0.819476
0.000000 0.038551 0.999257
0.000000 0.037295 0.999304
-0.591642 0.040250 0.805195
-0.571747 0.039555 0.819476
-0.912099 0.043866 0.407617
-0.921225 0.044337 0.386496
0.000000 0.975561 -0.219727
0.000000 0.975562 -0.219723
-0.000003 0.975563 -0.219720
0.000003 0.975563 -0.219720
0.000000 0.975562 -0.219723
-0.000003 0.975563 -0.219720
0.000003 0.975563 -0.219720
-0.000007 0.975562 -0.219725
-0.000004 0.975563 -0.219721
0.000000 0.975562 -0.219724
0.000004 0.975563 -0.219721
0.000007 0.975562 -0.219725
0.000000 0.974546 -0.224188
0.000000 0.974546 -0.224186
-0.000002 0.974547 -0.224184
0.000001 0.974547 -0.224184
-0.000000 0.974546 -0.224186
-0.000001 0.974547 -0.224184
0.000002 0.974547 -0.224184
-0.000002 0.974546 -0.224187
0.000000 0.974546 -0.224186
0.000000 0.974546 -0.224188
-0.000000 0.974546 -0.224186
0.000002 0.974546 -0.224187
72
0 0 1 2 0 1 2 1
0 1 3 2 1 3 2 1
0 2 3 4 2 3 4 1
0 2 4 5 2 4 5 1
0 5 4 6 5 4 6 1
0 4 7 6 4 7 6 1
0 6 7 8 6 7 8 1
0 6 8 9 6 8 9 1
0 9 8 10 9 8 10 1
0 8 11 10 8 11 10 1
0 10 11 12 10 11 12 1
0 10 12 13 10 12 13 1
0 13 12 14 13 12 14 1
0 12 15 14 12 15 14 1
0 14 15 16 14 15 16 1
0 14 16 17 14 16 17 1
0 17 16 18 17 16 18 1
0 16 19 18 16 19 18 1
0 18 19 20 18 19 20 1
0 18 20 21 18 20 21 1
0 21 20 22 21 20 22 1
0 20 23 22 20 23 22 1
0 22 23 1 22 23 1 1
0 22 1 0 22 1 0 1
0 24 25 26 24 25 26 1
0 25 27 26 25 27 26 1
0 26 27 28 26 27 28 1
0 26 28 29 26 28 29 1
0 29 28 30 29 28 30 1
0 28 31 30 28 31 30 1
0 30 31 32 30 31 32 1
0 30 32 33 30 32 33 1
0 33 32 34 33 32 34 1
0 32 35 34 32 35 34 1
0 34 35 36 34 35 36 1
0 34 36 37 34 36 37 1
0 37 36 38 37 36 38 1
0 36 39 38 36 39 38 1
0 38 39 40 38 39 40 1
0 38 40 41 38 40 41 1
0 41 40 42 41 40 42 1
0 40 43 42 40 43 42 1
0 42 43 44 42 43 44 1
0 42 44 45 42 44 45 1
0 45 44 46 45 44 46 1
0 44 47 46 44 47 46 1
0 46 47 25 46 47 25 1
0 46 25 24 46 25 24 1
0 1 48 3 48 49 50 2
0 3 48 4 50 49 51 2
0 4 48 7 51 49 52 2
0 7 48 8 52 49 53 2
0 8 48 11 53 49 54 2
0 11 48 12 54 49 48 2
0 12 48 15 48 49 55 2
0 15 48 16 55 49 56 2
0 16 48 19 56 49 57 2
0 19 48 20 57 49 58 2
0 20 48 23 58 49 59 2
0 23 48 1 59 49 48 2
0 25 49 27 60 61 62 2
0 27 49 28 62 61 63 2
0 28 49 31 63 61 64 2
0 31 49 32 64 61 65 2
0 32 49 35 65 61 66 2
0 35 49 36 66 61 60 2
0 36 49 39 60 61 67 2
0 39 49 40 67 61 68 2
0 40 49 43 68 61 69 2
0 43 49 44 69 61 70 2
0 44 49 47 70 61 71 2
0 47 49 25 71 61 60 2
"front" 0 10
22
0 -12.048578 33.919804 26.361422 0.712094 0.440346 -1
0 -12.048578 21.346247 26.361422 0.712094 0.521325 -1
0 12.148470 33.919804 26.361422 0.767840 0.440346 -1
0 12.148470 21.346247 26.361422 0.767840 0.521325 -1
0 10.179153 33.118404 14.677332 0.763303 0.445508 -1
0 7.083732 43.172779 14.677332 0.756171 0.380752 -1
0 4.718488 43.172779 22.973833 0.750722 0.380752 -1
0 6.776250 33.118404 22.973833 0.755463 0.445508 -1
0 0.061593 33.111710 24.752895 0.739993 0.445550 -1
0 0.051355 43.164913 26.065096 0.739970 0.380803 -1
0 -4.615777 43.172779 22.973833 0.729218 0.380752 -1
0 -6.653061 33.118404 22.973833 0.724524 0.445508 -1
0 -10.055965 33.118404 14.677332 0.716684 0.445508 -1
0 -6.981022 43.172779 14.677332 0.723769 0.380752 -1
0 -1.555606 53.582027 14.588835 0.736268 0.313711 -1
0 -3.470571 37.115242 20.177843 0.731855 0.419766 -1
0 1.658315 53.582027 14.588835 0.743672 0.313711 -1
0 3.573279 37.115242 20.177843 0.748083 0.419766 -1
0 -20.430319 26.138922 51.544243 0.692783 0.490460 -1
0 20.624979 16.434546 51.544243 0.787368 0.552960 -1
0 20.504202 26.138922 51.544243 0.787090 0.490460 -1
0 -20.466032 16.434546 51.544243 0.692701 0.552960 -1
12
0.000000 0.000000 1.000000
0.918090 0.235613 0.318742
0.922116 0.283890 0.262885
0.730403 0.114896 0.673283
0.650690 0.133172 0.747575
0.000016 -0.031251 0.999512
0.000039 -0.129428 0.991589
-0.730592 0.113469 0.673321
-0.650862 0.131882 0.747654
-0.918494 0.233851 0.318877
-0.922606 0.282162 0.263025
0.000000 0.321403 0.946943
14
0 0 1 2 0 0 0 1
0 1 3 2 0 0 0 1
0 4 5 6 1 2 3 1
0 4 6 7 1 3 4 1
0 7 6 8 4 3 5 1
0 6 9 8 3 6 5 1
0 8 9 10 5 6 7 1
0 8 10 11 5 7 8 1
0 11 10 12 8 7 9 1
0 10 13 12 7 10 9 1
0 14 15 16 11 11 11 1
0 15 17 16 11 11 11 1
0 18 19 20 0 0 0 1
0 18 21 19 0 0 0 1
"back" 0 10
25
0 -13.170707 -3.896696 -172.300766 0.590370 0.898223 -1
0 -16.624016 6.680173 -178.628098 0.617265 0.825943 -1
0 0.051712 -3.897428 -177.270584 0.494867 0.898231 -1
0 0.049524 6.680173 -179.751938 0.496836 0.825943 -1
0 16.723057 6.680173 -178.628098 0.376407 0.825943 -1
0 13.274131 -3.896696 -172.300766 0.399364 0.898223 -1
0 -16.443972 15.699772 -177.716080 0.614012 0.713644 -1
0 0.062320 15.699772 -180.388702 0.494791 0.713644 -1
0 16.568619 15.699772 -177.716080 0.375569 0.713644 -1
0 3.465411 57.163170 -26.255167 0.660221 0.333595 -1
0 3.682674 37.875286 -29.395342 0.659746 0.426202 -1
0 -3.362700 57.163170 -26.255167 0.675179 0.333595 -1
0 -3.579964 37.875286 -29.395342 0.675655 0.426202 -1
0 12.148470 33.912865 -47.423985 0.641200 0.445227 -1
0 12.148470 21.446142 -50.098637 0.641200 0.505083 -1
0 -12.048578 33.912865 -47.423985 0.694206 0.445227 -1
0 -12.048578 21.446142 -50.098637 0.694206 0.505083 -1
0 17.356560 25.726816 -74.017372 0.629791 0.484530 -1
0 17.458752 16.387476 -76.204369 0.629567 0.529371 -1
0 -17.276133 25.726816 -74.017372 0.705658 0.484530 -1
0 -17.306349 16.387476 -76.204369 0.705724 0.529371 -1
0 6.059977 43.337749 -37.669270 0.654538 0.399975 -1
0 8.706264 33.117287 -44.068295 0.648741 0.449047 -1
0 -5.957269 43.337749 -37.669270 0.680863 0.399975 -1
0 -8.583082 33.117287 -44.068295 0.686615 0.449047 -1
15
-0.291663 -0.559388 -0.775899
-0.151689 -0.196367 -0.968726
0.000005 -0.410759 -0.911744
-0.000000 -0.149887 -0.988703
0.151688 -0.196494 -0.968701
0.291682 -0.559304 -0.775951
-0.158993 0.102464 -0.981948
0.000002 0.016170 -0.999869
0.159000 0.102017 -0.981994
0.000000 0.160690 -0.987005
0.000000 0.160690 -0.987005
0.000000 0.209770 -0.977751
0.000000 0.228002 -0.973661
0.000000 0.228002 -0.973661
0.000000 0.530669 -0.847579
16
0 0 1 2 0 1 2 1
0 1 3 2 1 3 2 1
0 2 3 4 2 3 4 1
0 2 4 5 2 4 5 1
0 1 6 7 1 6 7 1
0 1 7 3 1 7 3 1
0 3 7 4 3 7 4 1
0 7 8 4 7 8 4 1
0 9 10 11 9 9 9 1
0 10 12 11 9 10 9 1
0 13 14 15 11 11 11 1
0 14 16 15 11 11 11 1
0 17 18 19 12 12 12 1
0 18 20 19 12 13 12 1
0 21 22 23 14 14 14 1
0 22 24 23 14 14 14 1
"camo" 0 7
204
0 0.138730 20.471878 46.715885 0.739795 0.679798 -1
0 -11.925547 16.951426 -94.515015 0.667429 0.690891 -1
0 -8.929843 19.983603 28.144205 0.729004 0.680328 -1
0 0.086769 16.951426 -94.517784 0.667425 0.690891 -1
0 12.099092 16.951426 -94.515015 0.667429 0.690891 -1
0 9.075617 19.983603 28.144205 0.729004 0.680328 -1
0 -29.326231 20.462540 46.706905 0.739785 0.679841 -1
0 -28.784136 20.455021 46.716518 0.739795 0.679873 -1
0 -31.644535 16.953367 -94.521126 0.667422 0.690880 -1
0 31.818085 16.953367 -94.521126 0.667422 0.690880 -1
0 27.768181 20.455017 46.705135 0.739783 0.679873 -1
0 28.651840 20.460419 46.718182 0.739797 0.679851 -1
0 17.145834 23.621958 121.883194 0.836275 0.663869 -1
0 19.934381 19.943834 91.013054 0.800949 0.680507 -1
0 10.859770 20.103643 137.082169 0.846230 0.679784 -1
0 12.222031 27.783640 150.265274 0.861314 0.645045 -1
0 0.049946 33.418823 181.115677 0.891352 0.619558 -1
0 0.054899 20.119387 161.861588 0.874584 0.679713 -1
0 -10.749972 20.103643 137.082169 0.846230 0.679784 -1
0 -12.122139 27.783640 150.265274 0.861314 0.645045 -1
0 -17.046114 23.621958 121.883194 0.836275 0.663869 -1
0 -19.824587 19.943834 91.013054 0.800949 0.680507 -1
0 -2.179992 53.231487 -9.616861 0.709776 0.364029 -1
0 -1.555606 53.582027 14.588835 0.722307 0.363372 -1
0 2.282403 53.231487 -9.616827 0.709776 0.364029 -1
0 1.658315 53.582027 14.588835 0.722307 0.363372 -1
0 3.465411 57.163170 -0.554013 0.714468 0.356657 -1
0 3.465411 57.163170 -26.255167 0.701162 0.356657 -1
0 -3.362700 57.163170 -0.554013 0.714468 0.356657 -1
0 -3.362700 57.163170 -26.255167 0.701162 0.356657 -1
0 -3.579964 37.720779 -0.554013 0.714468 0.393113 -1
0 3.682674 37.720779 -0.554013 0.714468 0.393113 -1
0 -6.076088 22.306814 -81.520622 0.338502 0.332110 -1
0 4.918721 19.069410 -81.520622 0.338502 0.357542 -1
0 5.986192 22.306814 -81.520622 0.338502 0.332110 -1
0 -5.008615 19.069410 -81.520622 0.338502 0.357542 -1
0 -8.575527 22.306814 -97.249229 0.319302 0.332110 -1
0 -6.287114 19.069410 -97.249229 0.319302 0.357542 -1
0 8.485631 22.306814 -97.249229 0.319302 0.332110 -1
0 6.197220 19.069410 -97.249229 0.319302 0.357542 -1
0 5.841411 16.670755 -89.179909 0.329153 0.376387 -1
0 5.046986 19.342016 -89.179909 0.329153 0.355402 -1
0 5.064042 16.670755 -86.558540 0.332351 0.376387 -1
0 4.376051 19.342016 -86.883598 0.331957 0.355402 -1
0 2.543021 19.342016 -85.202553 0.334007 0.355402 -1
0 2.940234 16.670755 -84.639626 0.334697 0.376387 -1
0 0.039056 16.670755 -83.937233 0.335553 0.376387 -1
0 0.039056 19.342016 -84.587273 0.334758 0.355402 -1
0 -2.464910 19.342016 -85.202553 0.334007 0.355402 -1
0 -2.862120 16.670755 -84.639626 0.334697 0.376387 -1
0 -4.985930 16.670755 -86.558540 0.332351 0.376387 -1
0 -4.297939 19.342016 -86.883598 0.331957 0.355402 -1
0 -4.968874 19.342016 -89.179909 0.329153 0.355402 -1
0 -5.763297 16.670755 -89.179909 0.329153 0.376387 -1
0 -4.985930 16.670755 -91.801262 0.325955 0.376387 -1
0 -4.297939 19.342016 -91.476265 0.326349 0.355402 -1
0 -2.464910 19.342016 -93.157249 0.324298 0.355402 -1
0 -2.862120 16.670755 -93.720177 0.323613 0.376387 -1
0 0.039056 16.670755 -94.422569 0.322754 0.376387 -1
0 0.039056 19.342016 -93.772545 0.323546 0.355402 -1
0 2.543021 19.342016 -93.157249 0.324298 0.355402 -1
0 2.940234 16.670755 -93.720177 0.323613 0.376387 -1
0 5.064042 16.670755 -91.801262 0.325955 0.376387 -1
0 4.376051 19.342016 -91.476265 0.326349 0.355402 -1
0 6.286309 25.517229 55.269138 0.439582 0.360466 -1
0 5.163522 22.279821 55.269138 0.439582 0.372799 -1
0 -6.401011 25.517229 55.269138 0.439582 0.360466 -1
0 -5.278226 22.279821 55.269138 0.439582 0.372799 -1
0 -9.029965 25.517229 71.085335 0.452765 0.360466 -1
0 -6.622972 22.279821 71.085335 0.452765 0.372799 -1
0 8.915263 25.517229 71.085335 0.452765 0.360466 -1
0 6.508270 22.279821 71.085335 0.452765 0.372799 -1
0 3.307967 27.454653 57.344612 0.441312 0.353085 -1
0 6.285233 25.517012 55.263000 0.439577 0.360466 -1
0 -3.422669 27.454653 57.344612 0.441312 0.353085 -1
0 -6.399937 25.517012 55.263000 0.439577 0.360466 -1
0 5.316374 19.881163 60.335121 0.443805 0.381937 -1
0 5.298435 22.552427 62.971054 0.446001 0.371760 -1
0 6.134023 19.881163 62.971054 0.446001 0.381937 -1
0 4.592734 22.552427 60.661957 0.444079 0.371760 -1
0 2.664720 22.552427 58.971573 0.442668 0.371760 -1
0 3.082515 19.881163 58.405495 0.442197 0.381937 -1
0 0.031005 19.881163 57.699203 0.441608 0.381937 -1
0 0.031005 22.552427 58.352859 0.442153 0.371760 -1
0 -2.602710 22.552427 58.971573 0.442668 0.371760 -1
0 -3.020505 19.881163 58.405495 0.442197 0.381937 -1
0 -5.254364 19.881163 60.335121 0.443805 0.381937 -1
0 -4.530725 22.552427 60.661957 0.444079 0.371760 -1
0 -5.236425 22.552427 62.971054 0.446001 0.371760 -1
0 -6.072016 19.881163 62.971054 0.446001 0.381937 -1
0 -5.254364 19.881163 65.607018 0.448200 0.381937 -1
0 -4.530725 22.552427 65.280190 0.447928 0.371760 -1
0 -2.602710 22.552427 66.970558 0.449337 0.371760 -1
0 -3.020505 19.881163 67.536644 0.449810 0.381937 -1
0 0.031005 19.881163 68.242928 0.450396 0.381937 -1
0 0.031005 22.552427 67.589287 0.449852 0.371760 -1
0 2.664720 22.552427 66.970558 0.449337 0.371760 -1
0 3.082515 19.881163 67.536644 0.449810 0.381937 -1
0 5.316374 19.881163 65.607018 0.448200 0.381937 -1
0 4.592734 22.552427 65.280190 0.447928 0.371760 -1
0 6.285024 31.592237 29.717237 0.730858 0.365989 -1
0 5.162475 28.354826 29.717237 0.730858 0.381010 -1
0 -6.399621 31.592237 29.717237 0.730858 0.365989 -1
0 -5.277071 28.354826 29.717237 0.730858 0.381010 -1
0 -9.028021 31.592237 46.392345 0.745164 0.365989 -1
0 -6.621534 28.354826 46.392345 0.745164 0.381010 -1
0 8.913424 31.592237 46.392345 0.745164 0.365989 -1
0 6.506940 28.354826 46.392345 0.745164 0.381010 -1
0 5.315294 25.956167 35.058342 0.735441 0.392139 -1
0 5.297359 28.627436 37.837418 0.737825 0.379746 -1
0 6.132770 25.956167 37.837418 0.737825 0.392139 -1
0 4.591805 28.627436 35.402924 0.735737 0.379746 -1
0 2.664199 28.627436 33.620731 0.734207 0.379746 -1
0 3.081905 25.956167 33.023922 0.733694 0.392139 -1
0 0.031039 25.956167 32.279274 0.733056 0.392139 -1
0 0.031039 28.627436 32.968422 0.733647 0.379746 -1
0 -2.602120 28.627436 33.620731 0.734207 0.379746 -1
0 -3.019826 25.956167 33.023922 0.733694 0.392139 -1
0 -5.253216 25.956167 35.058342 0.735441 0.392139 -1
0 -4.529727 28.627436 35.402924 0.735737 0.379746 -1
0 -5.235280 28.627436 37.837418 0.737825 0.379746 -1
0 -6.070693 25.956167 37.837418 0.737825 0.392139 -1
0 -5.253216 25.956167 40.616520 0.740208 0.392139 -1
0 -4.529727 28.627436 40.271938 0.739915 0.379746 -1
0 -2.602120 28.627436 42.054111 0.741444 0.379746 -1
0 -3.019826 25.956167 42.650932 0.741954 0.392139 -1
0 0.031039 25.956167 43.395576 0.742594 0.392139 -1
0 0.031039 28.627436 42.706429 0.742002 0.379746 -1
0 2.664199 28.627436 42.054111 0.741444 0.379746 -1
0 3.081905 25.956167 42.650932 0.741954 0.392139 -1
0 5.315294 25.956167 40.616520 0.740208 0.392139 -1
0 4.591805 28.627436 40.271938 0.739915 0.379746 -1
0 -6.134565 31.291246 -52.507183 0.474992 0.354257 -1
0 5.016032 28.053835 -52.507153 0.474992 0.369542 -1
0 6.098729 31.291246 -52.507168 0.474992 0.354257 -1
0 -5.051992 28.053835 -52.507114 0.474992 0.369542 -1
0 -8.669548 31.291246 -69.392570 0.460442 0.354257 -1
0 -6.348624 28.053835 -69.392632 0.460442 0.369542 -1
0 8.633584 31.291246 -69.392601 0.460442 0.354257 -1
0 6.312673 28.053835 -69.392570 0.460442 0.369542 -1
0 5.951844 25.655176 -60.729801 0.467908 0.380870 -1
0 5.146087 28.326445 -60.729801 0.467908 0.368256 -1
0 5.163485 25.655176 -57.915707 0.470333 0.380870 -1
0 4.465690 28.326445 -58.264568 0.470031 0.368256 -1
0 2.606683 28.326445 -56.459911 0.471586 0.368256 -1
0 3.009526 25.655176 -55.855595 0.472106 0.380870 -1
0 0.067285 25.655176 -55.101543 0.472758 0.380870 -1
0 0.067185 28.326445 -55.799297 0.472155 0.368256 -1
0 -2.472189 28.326445 -56.459927 0.471586 0.368256 -1
0 -2.875118 25.655176 -55.855541 0.472106 0.380870 -1
0 -5.028975 25.655176 -57.915668 0.470333 0.380870 -1
0 -4.331232 28.326445 -58.264591 0.470031 0.368256 -1
0 -5.011679 28.326445 -60.729801 0.467908 0.368256 -1
0 -5.817361 25.655176 -60.729832 0.467908 0.380870 -1
0 -5.028941 25.655176 -63.544033 0.465482 0.380870 -1
0 -4.331196 28.326445 -63.195004 0.465782 0.368256 -1
0 -2.472215 28.326445 -64.999649 0.464228 0.368256 -1
0 -2.875064 25.655176 -65.603996 0.463707 0.380870 -1
0 0.067276 25.655176 -66.358063 0.463058 0.380870 -1
0 0.067273 28.326445 -65.660225 0.463656 0.368256 -1
0 2.606687 28.326445 -64.999611 0.464228 0.368256 -1
0 3.009579 25.655176 -65.604012 0.463707 0.380870 -1
0 5.163463 25.655176 -63.543980 0.465482 0.380870 -1
0 4.465688 28.326445 -63.195004 0.465782 0.368256 -1
0 -8.738118 35.605999 -27.860674 0.704839 0.410598 -1
0 -8.738122 31.722689 -33.775570 0.695206 0.447372 -1
0 -8.738120 35.605999 -33.755299 0.695241 0.410598 -1
0 -8.738124 31.722689 -27.864016 0.704832 0.447372 -1
0 -13.048886 35.605999 -27.860666 0.704839 0.410598 -1
0 -11.955379 31.722689 -27.864016 0.704832 0.447372 -1
0 -13.048883 35.605999 -33.755283 0.695241 0.410598 -1
0 -11.955381 31.722689 -33.775570 0.695206 0.447372 -1
0 8.760045 35.605999 -33.755299 0.695241 0.410598 -1
0 8.760047 31.722689 -33.775570 0.695206 0.447372 -1
0 8.760040 35.605999 -27.860674 0.704839 0.410598 -1
0 8.760048 31.722689 -27.864016 0.704832 0.447372 -1
0 13.070807 35.605999 -27.860666 0.704839 0.410598 -1
0 12.050200 31.722689 -27.864016 0.704832 0.447372 -1
0 13.070804 35.605999 -33.755283 0.695241 0.410598 -1
0 12.050204 31.722689 -33.775570 0.695206 0.447372 -1
0 -15.810879 27.187513 7.556578 0.687319 0.443442 -1
0 -15.810885 23.304209 1.641680 0.677687 0.480217 -1
0 -15.810883 27.187513 1.661948 0.677719 0.443442 -1
0 -15.810885 23.304209 7.553240 0.687314 0.480217 -1
0 -20.121647 27.187513 7.556585 0.687319 0.443442 -1
0 -19.028139 23.304209 7.553240 0.687314 0.480217 -1
0 -20.121645 27.187513 1.661963 0.677719 0.443442 -1
0 -19.028143 23.304209 1.641680 0.677687 0.480217 -1
0 15.721995 27.181971 1.661948 0.677719 0.443497 -1
0 15.721995 23.298689 1.641680 0.677687 0.480268 -1
0 15.721990 27.181971 7.556578 0.687319 0.443497 -1
0 15.721997 23.298689 7.553240 0.687314 0.480268 -1
0 20.032763 27.181971 7.556585 0.687319 0.443497 -1
0 19.012152 23.298689 7.553240 0.687314 0.480268 -1
0 20.032757 27.181971 1.661963 0.677719 0.443497 -1
0 19.012157 23.298689 1.641680 0.677687 0.480268 -1
0 -6.169109 49.059193 19.234961 0.724712 0.371852 -1
0 -5.834426 48.049679 18.336542 0.724248 0.373745 -1
0 6.239883 49.059193 19.234961 0.724712 0.371852 -1
0 5.905200 48.049679 18.336542 0.724248 0.373745 -1
0 6.239883 49.059193 -30.662951 0.698880 0.371852 -1
0 5.905200 48.049679 -29.764528 0.699344 0.373745 -1
0 -6.169109 49.059193 -30.662951 0.698880 0.371852 -1
0 -5.834426 48.049679 -29.764528 0.699344 0.373745 -1
211
0.000014 0.999693 -0.024774
-0.001696 0.999692 -0.024774
-0.003386 0.999691 -0.024630
-0.000000 0.999689 -0.024919
0.001723 0.999692 -0.024773
0.003440 0.999691 -0.024628
0.014476 0.999292 -0.034724
0.282035 0.956280 -0.077359
0.014309 0.999583 -0.025072
-0.005742 0.999672 -0.024951
-0.311470 0.947113 -0.077219
-0.005609 0.999409 -0.033907
-0.648906 0.746097 -0.149197
-0.779042 0.610423 -0.143103
-0.741570 0.613213 -0.272112
-0.714311 0.634288 -0.295700
-0.000262 0.865989 -0.500063
-0.000193 0.822798 -0.568334
0.740964 0.613986 -0.272018
0.713690 0.635010 -0.295649
0.624741 0.766392 -0.149471
0.738628 0.658351 -0.144922
0.000000 0.999895 -0.014480
0.000000 0.999895 -0.014480
0.000000 0.999895 -0.014480
0.000000 1.000000 0.000000
0.000000 0.000000 1.000000
-0.887338 -0.448050 0.109008
-0.939071 -0.309641 0.149228
-0.814796 -0.575952 0.066231
0.000000 0.000000 -1.000000
0.888301 -0.447333 0.103992
0.809800 -0.572420 0.128686
0.946888 -0.312218 0.076968
0.958510 0.285058 -0.000001
0.959072 0.283164 0.000001
0.815389 0.271396 0.511355
0.816745 0.272260 0.508726
0.454283 0.248836 0.855399
0.452238 0.247801 0.856782
-0.000000 0.237999 0.971265
0.000000 0.236446 0.971645
-0.454283 0.248836 0.855399
-0.452238 0.247800 0.856782
-0.815390 0.271396 0.511355
-0.816745 0.272260 0.508726
-0.959072 0.283164 0.000001
-0.958510 0.285057 -0.000001
-0.815389 0.271391 -0.511359
-0.816744 0.272249 -0.508733
-0.454281 0.248830 -0.855402
-0.452238 0.247800 -0.856782
-0.000000 0.237997 -0.971266
0.000000 0.236440 -0.971646
0.454281 0.248830 -0.855402
0.452238 0.247801 -0.856782
0.815389 0.271391 -0.511359
0.816744 0.272249 -0.508733
-0.933353 -0.323702 -0.155141
-0.877921 -0.465276 -0.113014
-0.800638 -0.595269 -0.068073
0.795454 -0.591415 -0.132220
0.879023 -0.464521 -0.107419
0.941759 -0.326618 -0.080072
0.000000 0.731966 -0.681341
0.000000 0.731966 -0.681341
0.803897 0.281073 -0.524164
0.955010 0.296574 -0.000002
0.954397 0.298541 -0.000002
0.805303 0.281964 -0.521521
0.439788 0.252485 -0.861881
0.437773 0.251398 -0.863223
-0.000000 0.239251 -0.970958
-0.000000 0.237686 -0.971342
-0.439788 0.252485 -0.861881
-0.437773 0.251398 -0.863223
-0.803897 0.281073 -0.524164
-0.805303 0.281964 -0.521521
-0.955010 0.296574 -0.000002
-0.954396 0.298542 -0.000002
-0.803897 0.281073 0.524163
-0.805303 0.281962 0.521521
-0.439787 0.252484 0.861881
-0.437771 0.251400 0.863223
-0.000000 0.239249 0.970958
-0.000000 0.237681 0.971343
0.439787 0.252484 0.861881
0.437771 0.251400 0.863223
0.803898 0.281073 0.524163
0.805303 0.281963 0.521521
-0.934508 -0.324034 -0.147301
-0.878558 -0.465435 -0.107263
-0.800885 -0.595327 -0.064573
0.796214 -0.591855 -0.125503
0.879552 -0.464755 -0.101936
0.942084 -0.326661 -0.075957
0.813650 0.284863 -0.506781
0.955028 0.296517 -0.000001
0.954415 0.298483 -0.000001
0.814977 0.285760 -0.504136
0.455089 0.262342 -0.850923
0.453080 0.261272 -0.852324
-0.000000 0.251439 -0.967873
-0.000000 0.249806 -0.968296
-0.455089 0.262342 -0.850923
-0.453080 0.261272 -0.852324
-0.813650 0.284863 -0.506781
-0.814977 0.285760 -0.504136
-0.955028 0.296517 -0.000001
-0.954415 0.298484 -0.000001
-0.813649 0.284864 0.506781
-0.814977 0.285760 0.504137
-0.455088 0.262343 0.850924
-0.453078 0.261276 0.852324
-0.000000 0.251441 0.967873
-0.000000 0.249806 0.968296
0.455088 0.262343 0.850924
0.453078 0.261276 0.852324
0.813649 0.284864 0.506781
0.814977 0.285760 0.504137
0.000001 0.000014 1.000000
-0.000001 0.000005 1.000000
0.000004 0.000022 1.000000
-0.885507 -0.453102 0.102840
-0.938913 -0.313964 0.140958
-0.811146 -0.581518 0.062288
0.000002 0.000002 -1.000000
-0.000002 0.000018 -1.000000
0.000005 -0.000013 -1.000000
0.886374 -0.452482 0.097984
0.806744 -0.578357 0.121109
0.945865 -0.316328 0.072634
0.957393 0.288787 0.000000
0.957971 0.286866 -0.000001
0.824596 0.278805 0.492249
0.825866 0.279678 0.489618
0.470389 0.262568 0.842492
0.468359 0.261554 0.843937
0.000003 0.254395 0.967100
-0.000009 0.252728 0.967537
-0.470388 0.262581 0.842488
-0.468353 0.261588 0.843930
-0.824597 0.278804 0.492248
-0.825861 0.279673 0.489630
-0.957975 0.286851 -0.000005
-0.957401 0.288762 -0.000003
-0.824589 0.278809 -0.492259
-0.825855 0.279692 -0.489628
-0.470380 0.262586 -0.842491
-0.468349 0.261564 -0.843939
0.000004 0.254414 -0.967095
0.000010 0.252756 -0.967530
0.470383 0.262595 -0.842487
0.468352 0.261586 -0.843931
0.824591 0.278820 -0.492249
0.825859 0.279691 -0.489622
1.000000 -0.000001 -0.000000
1.000000 -0.000000 -0.000000
1.000000 -0.000001 0.000000
0.000001 -0.000862 1.000000
0.000002 -0.000861 1.000000
0.000000 -0.000862 1.000000
-0.962565 -0.271050 -0.000000
-0.962565 -0.271050 -0.000000
-0.962566 -0.271049 0.000000
-0.000002 0.005222 -0.999986
-0.000004 0.005223 -0.999986
0.000000 0.005220 -0.999986
-1.000000 -0.000000 -0.000001
-1.000000 -0.000001 -0.000000
-1.000000 -0.000002 0.000000
-0.000002 -0.000861 1.000000
-0.000001 -0.000862 1.000000
0.967155 -0.254187 -0.000001
0.967155 -0.254186 -0.000000
0.967156 -0.254185 0.000001
0.000004 0.005223 -0.999986
0.000002 0.005222 -0.999986
0.000000 0.005220 -0.999986
1.000000 -0.000001 -0.000000
1.000000 -0.000001 -0.000001
1.000000 -0.000002 0.000000
0.000001 -0.000861 1.000000
0.000002 -0.000860 1.000000
0.000000 -0.000861 1.000000
-0.962565 -0.271050 0.000000
-0.962565 -0.271051 -0.000000
-0.962565 -0.271049 0.000001
-0.000002 0.005221 -0.999986
-0.000003 0.005222 -0.999986
0.000000 0.005219 -0.999986
-1.000000 0.000000 -0.000001
-1.000000 -0.000001 -0.000000
-1.000000 -0.000002 0.000000
-0.000002 -0.000860 1.000000
-0.000001 -0.000861 1.000000
0.000000 -0.000861 1.000000
0.967155 -0.254189 -0.000001
0.967155 -0.254188 -0.000000
0.967155 -0.254187 0.000001
0.000003 0.005222 -0.999986
0.000002 0.005221 -0.999986
0.000000 0.005219 -0.999986
0.000000 -0.664807 0.747015
0.000000 -0.664807 0.747015
0.949196 -0.314686 0.000000
0.949196 -0.314686 0.000000
0.000000 -0.664809 -0.747014
-0.949196 -0.314686 0.000000
-0.949196 -0.314686 0.000000
0.000000 -1.000000 0.000000
198
0 0 1 2 0 1 2 1
0 0 3 1 0 3 1 1
0 0 4 3 0 4 3 1
0 0 5 4 0 5 4 1
0 6 7 8 6 7 8 1
0 9 10 11 9 10 11 1
0 11 10 12 11 10 12 1
0 10 13 12 10 13 12 1
0 12 13 14 12 13 14 1
0 12 14 15 12 14 15 1
0 15 14 16 15 14 16 1
0 14 17 16 14 17 16 1
0 16 17 18 16 17 18 1
0 16 18 19 16 18 19 1
0 19 18 20 19 18 20 1
0 18 21 20 18 21 20 1
0 20 21 7 20 21 7 1
0 20 7 6 20 7 6 1
0 22 23 24 22 23 23 3
0 23 25 24 23 24 23 3
0 26 27 28 25 25 25 3
0 27 29 28 25 25 25 3
0 28 30 26 26 26 26 1
0 30 31 26 26 26 26 1
0 32 33 34 26 26 26 1
0 32 35 33 26 26 26 1
0 36 35 32 27 27 28 2
0 36 37 35 27 29 27 2
0 38 37 36 30 30 30 1
0 38 39 37 30 30 30 1
0 34 39 38 31 31 32 2
0 34 33 39 31 33 31 2
0 40 41 42 34 35 36 1
0 41 43 42 35 37 36 1
0 42 43 44 36 37 38 1
0 42 44 45 36 38 39 1
0 45 44 46 39 38 40 1
0 44 47 46 38 41 40 1
0 46 47 48 40 41 42 1
0 46 48 49 40 42 43 1
0 49 48 50 43 42 44 1
0 48 51 50 42 45 44 1
0 50 51 52 44 45 46 1
0 50 52 53 44 46 47 1
0 53 52 54 47 46 48 1
0 52 55 54 46 49 48 1
0 54 55 56 48 49 50 1
0 54 56 57 48 50 51 1
0 57 56 58 51 50 52 1
0 56 59 58 50 53 52 1
0 58 59 60 52 53 54 1
0 58 60 61 52 54 55 1
0 61 60 62 55 54 56 1
0 60 63 62 54 57 56 1
0 62 63 41 56 57 35 1
0 62 41 40 56 35 34 1
0 64 65 66 30 30 30 1
0 65 67 66 30 30 30 1
0 66 67 68 58 59 59 2
0 67 69 68 59 60 59 2
0 68 69 70 26 26 26 1
0 69 71 70 26 26 26 1
0 70 71 64 61 62 62 2
0 71 65 64 62 63 62 2
0 72 73 74 64 64 64 1
0 73 75 74 64 65 64 1
0 76 77 78 66 67 68 1
0 76 79 77 66 69 67 1
0 80 79 76 70 69 66 1
0 81 80 76 71 70 66 1
0 82 80 81 72 70 71 1
0 82 83 80 72 73 70 1
0 84 83 82 74 73 72 1
0 85 84 82 75 74 72 1
0 86 84 85 76 74 75 1
0 86 87 84 76 77 74 1
0 88 87 86 78 77 76 1
0 89 88 86 79 78 76 1
0 90 88 89 80 78 79 1
0 90 91 88 80 81 78 1
0 92 91 90 82 81 80 1
0 93 92 90 83 82 80 1
0 94 92 93 84 82 83 1
0 94 95 92 84 85 82 1
0 96 95 94 86 85 84 1
0 97 96 94 87 86 84 1
0 98 96 97 88 86 87 1
0 98 99 96 88 89 86 1
0 77 99 98 67 89 88 1
0 78 77 98 68 67 88 1
0 100 101 102 30 30 30 1
0 101 103 102 30 30 30 1
0 102 103 104 90 91 91 2
0 103 105 104 91 92 91 2
0 104 105 106 26 26 26 1
0 105 107 106 26 26 26 1
0 106 107 100 93 94 94 2
0 107 101 100 94 95 94 2
0 108 109 110 96 97 98 1
0 108 111 109 96 99 97 1
0 112 111 108 100 99 96 1
0 113 112 108 101 100 96 1
0 114 112 113 102 100 101 1
0 114 115 112 102 103 100 1
0 116 115 114 104 103 102 1
0 117 116 114 105 104 102 1
0 118 116 117 106 104 105 1
0 118 119 116 106 107 104 1
0 120 119 118 108 107 106 1
0 121 120 118 109 108 106 1
0 122 120 121 110 108 109 1
0 122 123 120 110 111 108 1
0 124 123 122 112 111 110 1
0 125 124 122 113 112 110 1
0 126 124 125 114 112 113 1
0 126 127 124 114 115 112 1
0 128 127 126 116 115 114 1
0 129 128 126 117 116 114 1
0 130 128 129 118 116 117 1
0 130 131 128 118 119 116 1
0 109 131 130 97 119 118 1
0 110 109 130 98 97 118 1
0 132 133 134 120 120 121 1
0 132 135 133 120 122 120 1
0 136 135 132 123 123 124 2
0 136 137 135 123 125 123 2
0 138 137 136 126 126 127 1
0 138 139 137 126 128 126 1
0 134 139 138 129 129 130 2
0 134 133 139 129 131 129 2
0 140 141 142 132 133 134 1
0 141 143 142 133 135 134 1
0 142 143 144 134 135 136 1
0 142 144 145 134 136 137 1
0 145 144 146 137 136 138 1
0 144 147 146 136 139 138 1
0 146 147 148 138 139 140 1
0 146 148 149 138 140 141 1
0 149 148 150 141 140 142 1
0 148 151 150 140 143 142 1
0 150 151 152 142 143 144 1
0 150 152 153 142 144 145 1
0 153 152 154 145 144 146 1
0 152 155 154 144 147 146 1
0 154 155 156 146 147 148 1
0 154 156 157 146 148 149 1
0 157 156 158 149 148 150 1
0 156 159 158 148 151 150 1
0 158 159 160 150 151 152 1
0 158 160 161 150 152 153 1
0 161 160 162 153 152 154 1
0 160 163 162 152 155 154 1
0 162 163 141 154 155 133 1
0 162 141 140 154 133 132 1
0 164 165 166 156 156 157 1
0 164 167 165 156 158 156 1
0 168 167 164 159 159 160 2
0 168 169 167 159 161 159 2
0 170 169 168 162 162 163 1
0 170 171 169 162 164 162 1
0 166 171 170 165 165 166 2
0 166 165 171 165 167 165 2
0 172 173 174 168 169 169 1
0 173 175 174 169 170 169 1
0 174 175 176 171 172 172 2
0 175 177 176 172 161 172 2
0 176 177 178 173 174 174 1
0 177 179 178 174 175 174 1
0 178 179 172 176 177 177 2
0 179 173 172 177 178 177 2
0 180 181 182 179 179 180 1
0 180 183 181 179 181 179 1
0 184 183 180 182 182 183 2
0 184 185 183 182 184 182 2
0 186 185 184 185 185 186 1
0 186 187 185 185 187 185 1
0 182 187 186 188 188 189 2
0 182 181 187 188 190 188 2
0 188 189 190 191 192 192 1
0 189 191 190 192 193 192 1
0 190 191 192 194 195 195 2
0 191 193 192 195 196 195 2
0 192 193 194 197 198 198 1
0 193 195 194 198 199 198 1
0 194 195 188 200 201 201 2
0 195 189 188 201 202 201 2
0 196 197 198 203 204 204 1
0 197 199 198 204 204 204 1
0 198 199 200 205 205 205 2
0 199 201 200 205 206 205 2
0 200 201 202 207 207 207 1
0 201 203 202 207 207 207 1
0 202 203 196 208 208 208 2
0 203 197 196 208 209 208 2
0 202 196 200 25 25 25 3
0 196 198 200 25 25 25 3
0 197 203 199 210 210 210 3
0 203 201 199 210 210 210 3
"Regroup01" 0 9
48
0 -17.276133 25.726816 -74.017372 0.273326 0.487757 -1
0 -17.306349 16.387476 -76.204369 0.262137 0.571532 -1
0 -20.430571 26.138956 51.544464 0.915701 0.484060 -1
0 -20.466288 16.387880 51.544464 0.915701 0.571529 -1
0 -5.957269 43.337749 -37.669270 0.491373 0.349681 -1
0 -8.583082 33.117287 -44.068295 0.464572 0.419452 -1
0 -5.957269 43.179523 6.792789 0.677592 0.350761 -1
0 -8.583082 33.027431 6.792789 0.677592 0.420065 -1
0 -2.179992 53.231487 -9.616861 0.608864 0.282140 -1
0 -3.470573 37.115242 -9.691534 0.608551 0.392160 -1
0 -1.555606 53.582027 14.588835 0.710243 0.279747 -1
0 -3.470571 37.115242 20.177843 0.733651 0.392160 -1
0 -3.362700 57.163170 -26.255167 0.539178 0.161550 -1
0 -3.579964 37.875286 -29.395342 0.526027 0.386971 -1
0 -3.362700 57.163170 -0.554013 0.646820 0.161550 -1
0 -3.579964 37.720779 -0.554013 0.646820 0.388026 -1
0 -12.048578 33.912865 -47.423985 0.409378 0.414328 -1
0 -12.048578 21.446142 -50.098637 0.395694 0.526155 -1
0 -12.048578 33.919804 26.361422 0.768310 0.412312 -1
0 -12.048578 21.346247 26.361422 0.768310 0.525099 -1
0 -10.055965 33.118404 14.677332 0.710613 0.419445 -1
0 -6.981022 43.172779 14.677332 0.710613 0.350807 -1
0 -5.956045 43.172779 6.781955 0.677546 0.350807 -1
0 -8.581320 33.118404 6.781955 0.677546 0.419445 -1
0 20.504446 26.138956 51.544464 0.915701 0.484060 -1
0 20.625238 16.387880 51.544464 0.915701 0.571529 -1
0 17.356560 25.726816 -74.017372 0.273326 0.487757 -1
0 17.458752 16.387476 -76.204369 0.262137 0.571532 -1
0 6.059977 43.179523 6.792789 0.677592 0.350761 -1
0 8.706264 33.027431 6.792789 0.677592 0.420065 -1
0 6.059977 43.337749 -37.669270 0.491373 0.349681 -1
0 8.706264 33.117287 -44.068295 0.464572 0.419452 -1
0 1.658315 53.582027 14.588835 0.710243 0.279747 -1
0 3.573279 37.115242 20.177843 0.733651 0.392160 -1
0 2.282403 53.231487 -9.616827 0.608864 0.282140 -1
0 3.573278 37.115242 -9.691507 0.608551 0.392160 -1
0 3.465411 57.163170 -0.554013 0.646820 0.161550 -1
0 3.682674 37.720779 -0.554013 0.646820 0.388026 -1
0 3.465411 57.163170 -26.255167 0.539178 0.161550 -1
0 3.682674 37.875286 -29.395342 0.526027 0.386971 -1
0 12.148470 33.919804 26.361422 0.768310 0.412312 -1
0 12.148470 21.346247 26.361422 0.768310 0.525099 -1
0 12.148470 33.912865 -47.423985 0.409378 0.414328 -1
0 12.148470 21.446142 -50.098637 0.395694 0.526155 -1
0 8.704506 33.118404 6.781955 0.677546 0.419445 -1
0 6.058753 43.172779 6.781955 0.677546 0.350807 -1
0 10.179153 33.118404 14.677332 0.710613 0.419445 -1
0 7.083732 43.172779 14.677332 0.710613 0.350807 -1
32
-0.999642 0.009122 -0.025144
-0.999669 0.006392 -0.024936
-0.999687 0.003662 -0.024728
-0.968678 0.248317 0.000884
-0.968410 0.249362 0.000663
-0.968141 0.250407 0.000442
-0.996518 0.079687 0.024551
-0.995148 0.097624 0.012279
-0.993306 0.115514 0.000000
-0.999937 0.011264 0.000000
-0.999937 0.011219 0.000030
-0.999938 0.011174 0.000060
-1.000000 0.000000 0.000000
-0.951128 0.269581 -0.150605
-0.948993 0.290232 -0.123198
-0.952139 0.248611 -0.177834
0.999608 0.012383 -0.025101
0.999583 0.014561 -0.024939
0.999553 0.016739 -0.024776
0.967665 0.252236 0.000898
0.967905 0.251316 0.000670
0.968144 0.250395 0.000442
0.992066 0.123445 0.023790
0.994747 0.101675 0.011899
0.996808 0.079842 -0.000000
0.999938 0.011174 0.000000
0.999937 0.011214 0.000030
0.999937 0.011254 0.000060
1.000000 0.000000 0.000000
0.951678 0.250429 -0.177748
0.950630 0.271375 -0.150528
0.948459 0.292000 -0.123129
24
0 0 1 2 0 1 1 2
0 1 3 2 1 2 1 2
0 4 5 6 3 4 4 2
0 5 7 6 4 5 4 2
0 8 9 10 6 7 7 2
0 9 11 10 7 8 7 2
0 12 13 14 9 10 10 2
0 13 15 14 10 11 10 2
0 16 17 18 12 12 12 2
0 17 19 18 12 12 12 2
0 20 21 22 13 14 13 1
0 20 22 23 13 13 15 1
0 24 25 26 16 17 17 2
0 25 27 26 17 18 17 2
0 28 29 30 19 20 20 2
0 29 31 30 20 21 20 2
0 32 33 34 22 23 23 2
0 33 35 34 23 24 23 2
0 36 37 38 25 26 26 2
0 37 39 38 26 27 26 2
0 40 41 42 28 28 28 2
0 41 43 42 28 28 28 2
0 44 45 46 29 30 30 1
0 45 47 46 30 31 30 1

Materials: 11
"white"
0.800000 0.800000 0.800000 1.000000
0.800000 0.800000 0.800000 1.000000
0.000000 0.000000 0.000000 1.000000
0.000000 0.000000 0.000000 1.000000
0.000000
1.000000
".\destroy.bmp"
""
"black"
0.800000 0.800000 0.800000 1.000000
0.800000 0.800000 0.800000 1.000000
0.000000 0.000000 0.000000 1.000000
0.000000 0.000000 0.000000 1.000000
0.000000
1.000000
".\destroy.bmp"
""
"lbow"
0.800000 0.800000 0.800000 1.000000
0.800000 0.800000 0.800000 1.000000
0.000000 0.000000 0.000000 1.000000
0.000000 0.000000 0.000000 1.000000
0.000000
1.000000
".\destroy.bmp"
""
"rbow"
0.800000 0.800000 0.800000 1.000000
0.800000 0.800000 0.800000 1.000000
0.000000 0.000000 0.000000 1.000000
0.000000 0.000000 0.000000 1.000000
0.000000
1.000000
".\destroy.bmp"
""
"deck1front"
0.800000 0.800000 0.800000 1.000000
0.800000 0.800000 0.800000 1.000000
0.000000 0.000000 0.000000 1.000000
0.000000 0.000000 0.000000 1.000000
0.000000
1.000000
".\destroy.bmp"
""
"deck1mid"
0.800000 0.800000 0.800000 1.000000
0.800000 0.800000 0.800000 1.000000
0.000000 0.000000 0.000000 1.000000
0.000000 0.000000 0.000000 1.000000
0.000000
1.000000
".\destroy.bmp"
""
"deck1back"
0.800000 0.800000 0.800000 1.000000
0.800000 0.800000 0.800000 1.000000
0.000000 0.000000 0.000000 1.000000
0.000000 0.000000 0.000000 1.000000
0.000000
1.000000
".\destroy.bmp"
""
"camo"
0.800000 0.800000 0.800000 1.000000
0.800000 0.800000 0.800000 1.000000
0.000000 0.000000 0.000000 1.000000
0.000000 0.000000 0.000000 1.000000
0.000000
1.000000
".\destroy.bmp"
""
"stacks"
0.800000 0.800000 0.800000 1.000000
0.800000 0.800000 0.800000 1.000000
0.000000 0.000000 0.000000 1.000000
0.000000 0.000000 0.000000 1.000000
0.000000
1.000000
".\destroy.bmp"
""
"sideright"
0.800000 0.800000 0.800000 1.000000
0.800000 0.800000 0.800000 1.000000
0.000000 0.000000 0.000000 1.000000
0.000000 0.000000 0.000000 1.000000
0.000000
1.000000
".\destroy.bmp"
""
"front"
0.800000 0.800000 0.800000 1.000000
0.800000 0.800000 0.800000 1.000000
0.000000 0.000000 0.000000 1.000000
0.000000 0.000000 0.000000 1.000000
0.000000
1.000000
".\destroy.bmp"
""

Bones: 0
GroupComments: 0
MaterialComments: 0
BoneComments: 0
ModelComment: 0
