// MilkShape 3D ASCII

Frames: 30
Frame: 1

Meshes: 5
"windows" 0 0
260
0 42.776436 30.582840 -23.978804 0.518499 0.315468 -1
0 42.776436 22.757677 -21.899691 0.518499 0.360444 -1
0 45.576435 30.582840 -23.978804 0.612233 0.315468 -1
0 45.576435 22.757677 -21.899691 0.612233 0.360444 -1
0 45.576435 30.582840 -23.978804 0.518499 0.315468 -1
0 45.576435 22.757677 -21.899691 0.518499 0.360444 -1
0 45.576435 28.919548 -33.760273 0.612233 0.315468 -1
0 45.576435 21.094385 -31.681158 0.612233 0.360444 -1
0 45.576435 28.919548 -33.760273 0.518499 0.315468 -1
0 45.576435 21.094385 -31.681158 0.518499 0.360444 -1
0 42.776436 28.919548 -33.760273 0.612233 0.315468 -1
0 42.776436 21.094385 -31.681158 0.612233 0.360444 -1
0 42.776436 28.919548 -33.760273 0.518499 0.315468 -1
0 42.776436 21.094385 -31.681158 0.518499 0.360444 -1
0 42.776436 30.582840 -23.978804 0.612233 0.315468 -1
0 42.776436 22.757677 -21.899691 0.612233 0.360444 -1
0 42.776436 30.582840 -23.978804 0.518499 0.360444 -1
0 45.576435 30.582840 -23.978804 0.612233 0.360444 -1
0 42.776436 22.757677 -21.899691 0.518499 0.315468 -1
0 45.576435 22.757677 -21.899691 0.612233 0.315468 -1
0 42.801079 30.004932 -4.175262 0.518499 0.315468 -1
0 42.801079 22.004951 -4.175262 0.518499 0.360444 -1
0 45.601078 30.004932 -4.175262 0.612233 0.315468 -1
0 45.601078 22.004951 -4.175262 0.612233 0.360444 -1
0 45.601078 30.004932 -4.175262 0.518499 0.315468 -1
0 45.601078 22.004951 -4.175262 0.518499 0.360444 -1
0 45.601078 30.004932 -14.175258 0.612233 0.315468 -1
0 45.601078 22.004951 -14.175258 0.612233 0.360444 -1
0 45.601078 30.004932 -14.175258 0.518499 0.315468 -1
0 45.601078 22.004951 -14.175258 0.518499 0.360444 -1
0 42.801079 30.004932 -14.175258 0.612233 0.315468 -1
0 42.801079 22.004951 -14.175258 0.612233 0.360444 -1
0 42.801079 30.004932 -14.175258 0.518499 0.315468 -1
0 42.801079 22.004951 -14.175258 0.518499 0.360444 -1
0 42.801079 30.004932 -4.175262 0.612233 0.315468 -1
0 42.801079 22.004951 -4.175262 0.612233 0.360444 -1
0 42.801079 30.004932 -4.175262 0.518499 0.360444 -1
0 45.601078 30.004932 -4.175262 0.612233 0.360444 -1
0 42.801079 22.004951 -4.175262 0.518499 0.315468 -1
0 45.601078 22.004951 -4.175262 0.612233 0.315468 -1
0 12.175687 33.168251 -69.454437 0.518499 0.315468 -1
0 14.425194 25.940895 -65.804390 0.518499 0.360444 -1
0 11.197985 33.784218 -66.946182 0.612233 0.315468 -1
0 13.447477 26.556858 -63.296143 0.612233 0.360444 -1
0 11.197985 33.784218 -66.946182 0.518499 0.315468 -1
0 13.447477 26.556858 -63.296143 0.518499 0.360444 -1
0 20.294559 36.415943 -64.410179 0.612233 0.315468 -1
0 22.544048 29.188587 -60.760117 0.612233 0.360444 -1
0 20.294559 36.415943 -64.410179 0.518499 0.315468 -1
0 22.544048 29.188587 -60.760117 0.518499 0.360444 -1
0 21.272251 35.799980 -66.918404 0.612233 0.315468 -1
0 23.521730 28.572628 -63.268353 0.612233 0.360444 -1
0 21.272251 35.799980 -66.918404 0.518499 0.315468 -1
0 23.521730 28.572628 -63.268353 0.518499 0.360444 -1
0 12.175687 33.168251 -69.454437 0.612233 0.315468 -1
0 14.425194 25.940895 -65.804390 0.612233 0.360444 -1
0 12.175687 33.168251 -69.454437 0.518499 0.360444 -1
0 11.197985 33.784218 -66.946182 0.612233 0.360444 -1
0 14.425194 25.940895 -65.804390 0.518499 0.315468 -1
0 13.447477 26.556858 -63.296143 0.612233 0.315468 -1
0 -4.790686 28.257671 -74.190796 0.518499 0.315468 -1
0 -2.541179 21.030317 -70.540741 0.518499 0.360444 -1
0 -5.768402 28.873627 -71.682549 0.612233 0.315468 -1
0 -3.518894 21.646269 -68.032509 0.612233 0.360444 -1
0 -5.768402 28.873627 -71.682549 0.518499 0.315468 -1
0 -3.518894 21.646269 -68.032509 0.518499 0.360444 -1
0 3.328140 31.505348 -69.146530 0.612233 0.315468 -1
0 5.577652 24.277994 -65.496475 0.612233 0.360444 -1
0 3.328140 31.505348 -69.146530 0.518499 0.315468 -1
0 5.577652 24.277994 -65.496475 0.518499 0.360444 -1
0 4.305847 30.889385 -71.654785 0.612233 0.315468 -1
0 6.555352 23.662033 -68.004738 0.612233 0.360444 -1
0 4.305847 30.889385 -71.654785 0.518499 0.315468 -1
0 6.555352 23.662033 -68.004738 0.518499 0.360444 -1
0 -4.790686 28.257671 -74.190796 0.612233 0.315468 -1
0 -2.541179 21.030317 -70.540741 0.612233 0.360444 -1
0 -4.790686 28.257671 -74.190796 0.518499 0.360444 -1
0 -5.768402 28.873627 -71.682549 0.612233 0.360444 -1
0 -2.541179 21.030317 -70.540741 0.518499 0.315468 -1
0 -3.518894 21.646269 -68.032509 0.612233 0.315468 -1
0 -1.777238 30.004932 58.413937 0.518499 0.315468 -1
0 -1.777238 22.004951 58.413937 0.518499 0.360444 -1
0 -1.777227 30.004932 61.213963 0.612233 0.315468 -1
0 -1.777227 22.004951 61.213963 0.612233 0.360444 -1
0 -1.777227 30.004932 61.213963 0.518499 0.315468 -1
0 -1.777227 22.004951 61.213963 0.518499 0.360444 -1
0 8.222792 30.004932 61.213951 0.612233 0.315468 -1
0 8.222792 22.004951 61.213951 0.612233 0.360444 -1
0 8.222792 30.004932 61.213951 0.518499 0.315468 -1
0 8.222792 22.004951 61.213951 0.518499 0.360444 -1
0 8.222782 30.004932 58.413952 0.612233 0.315468 -1
0 8.222782 22.004951 58.413952 0.612233 0.360444 -1
0 8.222782 30.004932 58.413952 0.518499 0.315468 -1
0 8.222782 22.004951 58.413952 0.518499 0.360444 -1
0 -1.777238 30.004932 58.413937 0.612233 0.315468 -1
0 -1.777238 22.004951 58.413937 0.612233 0.360444 -1
0 -1.777238 30.004932 58.413937 0.518499 0.360444 -1
0 -1.777227 30.004932 61.213963 0.612233 0.360444 -1
0 -1.777238 22.004951 58.413937 0.518499 0.315468 -1
0 -1.777227 22.004951 61.213963 0.612233 0.315468 -1
0 -20.431128 30.004932 58.407604 0.518499 0.315468 -1
0 -20.431128 22.004951 58.407604 0.518499 0.360444 -1
0 -20.431131 30.004932 61.207592 0.612233 0.315468 -1
0 -20.431131 22.004951 61.207592 0.612233 0.360444 -1
0 -20.431131 30.004932 61.207592 0.518499 0.315468 -1
0 -20.431131 22.004951 61.207592 0.518499 0.360444 -1
0 -10.431137 30.004932 61.207592 0.612233 0.315468 -1
0 -10.431137 22.004951 61.207592 0.612233 0.360444 -1
0 -10.431137 30.004932 61.207592 0.518499 0.315468 -1
0 -10.431137 22.004951 61.207592 0.518499 0.360444 -1
0 -10.431132 30.004932 58.407593 0.612233 0.315468 -1
0 -10.431132 22.004951 58.407593 0.612233 0.360444 -1
0 -10.431132 30.004932 58.407593 0.518499 0.315468 -1
0 -10.431132 22.004951 58.407593 0.518499 0.360444 -1
0 -20.431128 30.004932 58.407604 0.612233 0.315468 -1
0 -20.431128 22.004951 58.407604 0.612233 0.360444 -1
0 -20.431128 30.004932 58.407604 0.518499 0.360444 -1
0 -20.431131 30.004932 61.207592 0.612233 0.360444 -1
0 -20.431128 22.004951 58.407604 0.518499 0.315468 -1
0 -20.431131 22.004951 61.207592 0.612233 0.315468 -1
0 -36.290070 23.428755 58.432247 0.518499 0.315468 -1
0 -39.107727 22.004951 58.432247 0.518499 0.360444 -1
0 -36.290070 23.428755 61.232235 0.612233 0.315468 -1
0 -39.107727 22.004951 61.232235 0.612233 0.360444 -1
0 -36.290070 23.428755 61.232235 0.518499 0.315468 -1
0 -39.107727 22.004951 61.232235 0.518499 0.360444 -1
0 -28.409941 28.354061 61.232250 0.612233 0.315468 -1
0 -29.107702 22.004951 61.232250 0.612233 0.360444 -1
0 -28.409941 28.354061 61.232250 0.518499 0.315468 -1
0 -29.107702 22.004951 61.232250 0.518499 0.360444 -1
0 -28.409952 28.354053 58.432236 0.612233 0.315468 -1
0 -29.107710 22.004951 58.432236 0.612233 0.360444 -1
0 -28.409952 28.354053 58.432236 0.518499 0.315468 -1
0 -29.107710 22.004951 58.432236 0.518499 0.360444 -1
0 -36.290070 23.428755 58.432247 0.612233 0.315468 -1
0 -39.107727 22.004951 58.432247 0.612233 0.360444 -1
0 -36.290070 23.428755 58.432247 0.518499 0.360444 -1
0 -36.290070 23.428755 61.232235 0.612233 0.360444 -1
0 -39.107727 22.004951 58.432247 0.518499 0.315468 -1
0 -39.107727 22.004951 61.232235 0.612233 0.315468 -1
0 1.934887 39.883720 58.413937 0.518499 0.315468 -1
0 -1.549961 35.277679 58.413937 0.518499 0.360444 -1
0 1.934897 39.883720 61.213963 0.612233 0.315468 -1
0 -1.549952 35.277679 61.213963 0.612233 0.360444 -1
0 1.934897 39.883720 61.213963 0.518499 0.315468 -1
0 -1.549952 35.277679 61.213963 0.518499 0.360444 -1
0 8.450062 43.277660 61.213951 0.612233 0.315468 -1
0 8.450062 35.277679 61.213951 0.612233 0.360444 -1
0 8.450062 43.277660 61.213951 0.518499 0.315468 -1
0 8.450062 35.277679 61.213951 0.518499 0.360444 -1
0 8.450052 43.277660 58.413952 0.612233 0.315468 -1
0 8.450052 35.277679 58.413952 0.612233 0.360444 -1
0 8.450052 43.277660 58.413952 0.518499 0.315468 -1
0 8.450052 35.277679 58.413952 0.518499 0.360444 -1
0 1.934887 39.883720 58.413937 0.612233 0.315468 -1
0 -1.549961 35.277679 58.413937 0.612233 0.360444 -1
0 1.934887 39.883720 58.413937 0.518499 0.360444 -1
0 1.934897 39.883720 61.213963 0.612233 0.360444 -1
0 -1.549961 35.277679 58.413937 0.518499 0.315468 -1
0 -1.549952 35.277679 61.213963 0.612233 0.315468 -1
0 0.380201 53.995411 41.289391 0.518499 0.315468 -1
0 10.084534 52.049145 41.289391 0.518499 0.360444 -1
0 0.380201 53.995411 44.089378 0.612233 0.315468 -1
0 10.084534 52.049145 44.089378 0.612233 0.360444 -1
0 0.380201 53.995411 44.089378 0.518499 0.315468 -1
0 10.084534 52.049145 44.089378 0.518499 0.360444 -1
0 23.831017 56.287560 44.089397 0.612233 0.315468 -1
0 20.084553 52.049145 44.089397 0.612233 0.360444 -1
0 23.831017 56.287560 44.089397 0.518499 0.315468 -1
0 20.084553 52.049145 44.089397 0.518499 0.360444 -1
0 23.831017 56.287563 41.289383 0.612233 0.315468 -1
0 20.084549 52.049145 41.289383 0.612233 0.360444 -1
0 23.831017 56.287563 41.289383 0.518499 0.315468 -1
0 20.084549 52.049145 41.289383 0.518499 0.360444 -1
0 0.380201 53.995411 41.289391 0.612233 0.315468 -1
0 10.084534 52.049145 41.289391 0.612233 0.360444 -1
0 0.380201 53.995411 41.289391 0.518499 0.360444 -1
0 0.380201 53.995411 44.089378 0.612233 0.360444 -1
0 10.084534 52.049145 41.289391 0.518499 0.315468 -1
0 10.084534 52.049145 44.089378 0.612233 0.315468 -1
0 38.838409 30.033031 41.264748 0.518499 0.315468 -1
0 28.838427 30.033060 41.264748 0.518499 0.360444 -1
0 38.838409 30.033031 44.064735 0.612233 0.315468 -1
0 28.838427 30.033060 44.064735 0.612233 0.360444 -1
0 38.838409 30.033031 44.064735 0.518499 0.315468 -1
0 28.838427 30.033060 44.064735 0.518499 0.360444 -1
0 38.838409 22.033056 44.064735 0.612233 0.315468 -1
0 28.838442 22.033035 44.064735 0.612233 0.360444 -1
0 38.838409 22.033056 44.064735 0.518499 0.315468 -1
0 28.838442 22.033035 44.064735 0.518499 0.360444 -1
0 38.838409 22.033049 41.264740 0.612233 0.315468 -1
0 28.838442 22.033035 41.264740 0.612233 0.360444 -1
0 38.838409 22.033049 41.264740 0.518499 0.315468 -1
0 28.838442 22.033035 41.264740 0.518499 0.360444 -1
0 38.838409 30.033031 41.264748 0.612233 0.315468 -1
0 28.838427 30.033060 41.264748 0.612233 0.360444 -1
0 38.838409 30.033031 41.264748 0.518499 0.360444 -1
0 38.838409 30.033031 44.064735 0.612233 0.360444 -1
0 28.838427 30.033060 41.264748 0.518499 0.315468 -1
0 28.838427 30.033060 44.064735 0.612233 0.315468 -1
0 37.424370 44.339409 41.787304 0.518499 0.315468 -1
0 27.438080 43.920738 41.787312 0.518499 0.360444 -1
0 37.442223 44.066795 44.566425 0.612233 0.315468 -1
0 27.455952 43.648125 44.566433 0.612233 0.360444 -1
0 37.442223 44.066795 44.566425 0.518499 0.315468 -1
0 27.455952 43.648125 44.566433 0.518499 0.360444 -1
0 37.961670 36.137268 43.347736 0.612233 0.315468 -1
0 27.975409 35.718582 43.347736 0.612233 0.360444 -1
0 37.961670 36.137268 43.347736 0.518499 0.315468 -1
0 27.975409 35.718582 43.347736 0.518499 0.360444 -1
0 37.943836 36.409904 40.568600 0.612233 0.315468 -1
0 27.957537 35.991203 40.568600 0.612233 0.360444 -1
0 37.943836 36.409904 40.568600 0.518499 0.315468 -1
0 27.957537 35.991203 40.568600 0.518499 0.360444 -1
0 37.424370 44.339409 41.787304 0.612233 0.315468 -1
0 27.438080 43.920738 41.787312 0.612233 0.360444 -1
0 37.424370 44.339409 41.787304 0.518499 0.360444 -1
0 37.442223 44.066795 44.566425 0.612233 0.360444 -1
0 27.438080 43.920738 41.787312 0.518499 0.315468 -1
0 27.455952 43.648125 44.566433 0.612233 0.315468 -1
0 36.237743 45.937149 8.353270 0.518499 0.315468 -1
0 36.412273 44.002087 18.054733 0.518499 0.360444 -1
0 39.037304 45.946609 8.305857 0.612233 0.315468 -1
0 39.211826 44.011547 18.007307 0.612233 0.360444 -1
0 39.037304 45.946609 8.305857 0.518499 0.315468 -1
0 39.211826 44.011547 18.007307 0.518499 0.360444 -1
0 39.037323 36.974308 8.156616 0.612233 0.315468 -1
0 39.211845 34.386074 13.743328 0.612233 0.360444 -1
0 39.037323 36.974308 8.156616 0.518499 0.315468 -1
0 39.211845 34.386074 13.743328 0.518499 0.360444 -1
0 36.237740 36.974327 8.205498 0.612233 0.315468 -1
0 36.412270 34.386082 13.792191 0.612233 0.360444 -1
0 36.237740 36.974327 8.205498 0.518499 0.315468 -1
0 36.412270 34.386082 13.792191 0.518499 0.360444 -1
0 36.237743 45.937149 8.353270 0.612233 0.315468 -1
0 36.412273 44.002087 18.054733 0.612233 0.360444 -1
0 36.237743 45.937149 8.353270 0.518499 0.360444 -1
0 39.037304 45.946609 8.305857 0.612233 0.360444 -1
0 36.412273 44.002087 18.054733 0.518499 0.315468 -1
0 39.211826 44.011547 18.007307 0.612233 0.315468 -1
0 36.559551 30.033031 26.791302 0.518499 0.315468 -1
0 36.559551 30.033060 36.791283 0.518499 0.360444 -1
0 39.359528 30.033031 26.791290 0.612233 0.315468 -1
0 39.359550 30.033060 36.791271 0.612233 0.360444 -1
0 39.359528 30.033031 26.791290 0.518499 0.315468 -1
0 39.359550 30.033060 36.791271 0.518499 0.360444 -1
0 39.359528 22.033056 26.791290 0.612233 0.315468 -1
0 39.359550 22.033035 36.791252 0.612233 0.360444 -1
0 39.359528 22.033056 26.791290 0.518499 0.315468 -1
0 39.359550 22.033035 36.791252 0.518499 0.360444 -1
0 36.559540 22.033049 26.791290 0.612233 0.315468 -1
0 36.559521 22.033035 36.791279 0.612233 0.360444 -1
0 36.559540 22.033049 26.791290 0.518499 0.315468 -1
0 36.559521 22.033035 36.791279 0.518499 0.360444 -1
0 36.559551 30.033031 26.791302 0.612233 0.315468 -1
0 36.559551 30.033060 36.791283 0.612233 0.360444 -1
0 36.559551 30.033031 26.791302 0.518499 0.360444 -1
0 39.359528 30.033031 26.791290 0.612233 0.360444 -1
0 36.559551 30.033060 36.791283 0.518499 0.315468 -1
0 39.359550 30.033060 36.791271 0.612233 0.315468 -1
153
0.000000 0.256787 0.966468
1.000000 0.000000 0.000000
0.000000 -0.256787 -0.966468
-1.000000 0.000000 0.000000
0.000000 0.985848 -0.167639
0.000000 -0.985848 0.167639
0.000000 0.000000 1.000000
0.000000 0.000000 -1.000000
0.000000 1.000000 0.000000
0.000000 -1.000000 0.000000
-0.883172 -0.399232 -0.246213
-0.883171 -0.399232 -0.246216
-0.883170 -0.399232 -0.246219
-0.341983 0.336641 0.877337
-0.341985 0.336642 0.877336
-0.341986 0.336643 0.877335
0.883173 0.399231 0.246214
0.883173 0.399230 0.246212
0.883174 0.399229 0.246211
0.341986 -0.336642 -0.877336
0.341987 -0.336641 -0.877336
0.341988 -0.336640 -0.877336
-0.186228 0.934884 -0.302177
-0.186228 0.934884 -0.302176
-0.186228 0.934884 -0.302176
0.186229 -0.934884 0.302176
0.186229 -0.934885 0.302175
0.186229 -0.934885 0.302174
-0.883169 -0.399234 -0.246219
-0.883169 -0.399234 -0.246220
-0.883169 -0.399234 -0.246221
-0.341985 0.336640 0.877337
-0.341986 0.336640 0.877336
-0.341987 0.336641 0.877336
0.883171 0.399233 0.246215
0.883172 0.399233 0.246214
0.883172 0.399232 0.246213
0.341985 -0.336641 -0.877336
0.341985 -0.336641 -0.877336
0.341985 -0.336642 -0.877336
-0.186228 0.934885 -0.302175
-0.186229 0.934885 -0.302174
-0.186229 0.934885 -0.302174
0.186229 -0.934885 0.302174
0.186229 -0.934885 0.302173
0.186229 -0.934885 0.302173
-1.000000 0.000000 0.000004
0.000001 0.000000 1.000000
1.000000 0.000000 -0.000003
0.000002 0.000000 -1.000000
-1.000000 0.000000 -0.000001
1.000000 0.000000 0.000002
-0.000001 0.000000 -1.000000
-0.451004 0.892522 0.000000
-0.000008 0.000016 -1.000000
-0.510378 0.859950 0.000000
-0.000002 0.000000 1.000000
0.994015 -0.109241 -0.000004
0.994015 -0.109241 -0.000003
0.994015 -0.109241 -0.000003
-0.000002 0.000000 -1.000000
-0.000001 0.000001 -1.000000
-0.000001 0.000002 -1.000000
-0.530016 0.847987 -0.000000
-0.530016 0.847987 -0.000000
-0.530016 0.847987 0.000000
-0.797473 0.603354 0.000003
-0.797473 0.603354 0.000003
-0.797473 0.603354 0.000003
0.000003 -0.000002 1.000000
0.000002 -0.000001 1.000000
0.000001 0.000000 1.000000
0.000002 0.000000 -1.000000
0.000002 -0.000001 -1.000000
0.000002 -0.000001 -1.000000
-0.462001 0.886879 0.000002
-0.462001 0.886879 0.000002
-0.462001 0.886879 0.000002
-0.196641 -0.980476 0.000000
-0.000001 -0.000003 1.000000
-0.000001 -0.000001 1.000000
-0.000002 0.000002 1.000000
0.749251 -0.662286 -0.000001
0.749251 -0.662286 -0.000001
0.749251 -0.662286 -0.000001
-0.000000 0.000000 -1.000000
-0.000001 -0.000002 -1.000000
-0.000001 -0.000004 -1.000000
-0.097279 0.995257 0.000001
-0.097279 0.995257 0.000001
-0.097279 0.995257 0.000000
0.000003 1.000000 0.000000
0.000002 -1.000000 0.000003
0.000002 -1.000000 0.000001
0.000001 -1.000000 0.000000
-0.000000 0.000001 -1.000000
0.000000 0.000001 -1.000000
0.000000 0.000001 -1.000000
-1.000000 -0.000002 0.000000
-0.041687 0.994332 0.097805
-0.041687 0.994332 0.097805
-0.041687 0.994332 0.097806
0.006352 -0.151497 0.988437
0.006352 -0.151497 0.988437
0.006352 -0.151497 0.988437
0.041689 -0.994331 -0.097813
0.041689 -0.994332 -0.097810
0.041690 -0.994332 -0.097808
-0.006352 0.151499 -0.988437
-0.006352 0.151499 -0.988437
-0.006352 0.151499 -0.988437
0.997861 0.065369 0.000009
0.997861 0.065368 0.000006
0.997861 0.065368 0.000002
-0.997861 -0.065370 0.000005
-0.997861 -0.065370 0.000005
-0.997861 -0.065370 0.000004
-0.000001 0.980682 0.195608
-0.000001 0.980682 0.195608
-0.000000 0.980682 0.195608
0.999839 0.000300 -0.017927
0.999742 0.005890 -0.021918
0.999598 0.011479 -0.025908
-0.007342 -0.907419 -0.420163
-0.007339 -0.907418 -0.420165
-0.007336 -0.907418 -0.420166
-0.999520 -0.000510 0.030989
-0.999710 -0.003918 0.023758
-0.999837 -0.007325 0.016526
-0.017455 0.016482 -0.999712
-0.017221 0.016556 -0.999715
-0.016987 0.016629 -0.999717
0.016854 -0.405189 0.914078
0.016405 -0.405082 0.914133
0.015955 -0.404975 0.914188
-0.000000 1.000000 -0.000003
-0.000000 1.000000 -0.000003
-0.000000 1.000000 -0.000003
1.000000 0.000000 -0.000002
1.000000 0.000000 -0.000002
1.000000 0.000000 -0.000002
0.000003 -1.000000 -0.000002
0.000001 -1.000000 -0.000002
-0.000000 -1.000000 -0.000001
-1.000000 0.000001 -0.000002
-1.000000 0.000003 -0.000001
-1.000000 0.000004 -0.000000
-0.000000 0.000001 -1.000000
-0.000002 0.000001 -1.000000
-0.000004 0.000000 -1.000000
0.000004 -0.000000 1.000000
0.000007 -0.000001 1.000000
0.000010 -0.000002 1.000000
156
0 0 1 2 0 0 0 1
0 1 3 2 0 0 0 1
0 4 5 6 1 1 1 2
0 5 7 6 1 1 1 2
0 8 9 10 2 2 2 1
0 9 11 10 2 2 2 1
0 12 13 14 3 3 3 2
0 13 15 14 3 3 3 2
0 12 16 6 4 4 4 3
0 16 17 6 4 4 4 3
0 18 13 19 5 5 5 3
0 13 7 19 5 5 5 3
0 20 21 22 6 6 6 1
0 21 23 22 6 6 6 1
0 24 25 26 1 1 1 2
0 25 27 26 1 1 1 2
0 28 29 30 7 7 7 1
0 29 31 30 7 7 7 1
0 32 33 34 3 3 3 2
0 33 35 34 3 3 3 2
0 32 36 26 8 8 8 3
0 36 37 26 8 8 8 3
0 38 33 39 9 9 9 3
0 33 27 39 9 9 9 3
0 40 41 42 10 11 11 1
0 41 43 42 11 12 11 1
0 44 45 46 13 14 14 2
0 45 47 46 14 15 14 2
0 48 49 50 16 17 17 1
0 49 51 50 17 18 17 1
0 52 53 54 19 20 20 2
0 53 55 54 20 21 20 2
0 52 56 46 22 23 23 3
0 56 57 46 23 24 23 3
0 58 53 59 25 26 26 3
0 53 47 59 26 27 26 3
0 60 61 62 28 29 29 1
0 61 63 62 29 30 29 1
0 64 65 66 31 32 32 2
0 65 67 66 32 33 32 2
0 68 69 70 34 35 35 1
0 69 71 70 35 36 35 1
0 72 73 74 37 38 38 2
0 73 75 74 38 39 38 2
0 72 76 66 40 41 41 3
0 76 77 66 41 42 41 3
0 78 73 79 43 44 44 3
0 73 67 79 44 45 44 3
0 80 81 82 46 46 46 1
0 81 83 82 46 46 46 1
0 84 85 86 47 47 47 2
0 85 87 86 47 47 47 2
0 88 89 90 48 48 48 1
0 89 91 90 48 48 48 1
0 92 93 94 49 49 49 2
0 93 95 94 49 49 49 2
0 92 96 86 8 8 8 3
0 96 97 86 8 8 8 3
0 98 93 99 9 9 9 3
0 93 87 99 9 9 9 3
0 100 101 102 50 50 50 1
0 101 103 102 50 50 50 1
0 104 105 106 6 6 6 2
0 105 107 106 6 6 6 2
0 108 109 110 51 51 51 1
0 109 111 110 51 51 51 1
0 112 113 114 52 52 52 2
0 113 115 114 52 52 52 2
0 112 116 106 8 8 8 3
0 116 117 106 8 8 8 3
0 118 113 119 9 9 9 3
0 113 107 119 9 9 9 3
0 120 121 122 53 53 53 1
0 121 123 122 53 53 53 1
0 124 125 126 54 55 55 2
0 125 127 126 55 56 55 2
0 128 129 130 57 58 58 1
0 129 131 130 58 59 58 1
0 132 133 134 60 61 61 2
0 133 135 134 61 62 61 2
0 132 136 126 63 64 64 3
0 136 137 126 64 65 64 3
0 138 133 139 9 9 9 3
0 133 127 139 9 9 9 3
0 140 141 142 66 67 67 1
0 141 143 142 67 68 67 1
0 144 145 146 69 70 70 2
0 145 147 146 70 71 70 2
0 148 149 150 48 48 48 1
0 149 151 150 48 48 48 1
0 152 153 154 72 73 73 2
0 153 155 154 73 74 73 2
0 152 156 146 75 76 76 3
0 156 157 146 76 77 76 3
0 158 153 159 9 9 9 3
0 153 147 159 9 9 9 3
0 160 161 162 78 78 78 1
0 161 163 162 78 78 78 1
0 164 165 166 79 80 80 2
0 165 167 166 80 81 80 2
0 168 169 170 82 83 83 1
0 169 171 170 83 84 83 1
0 172 173 174 85 86 86 2
0 173 175 174 86 87 86 2
0 172 176 166 88 89 89 3
0 176 177 166 89 90 89 3
0 178 173 179 9 9 9 3
0 173 167 179 9 9 9 3
0 180 181 182 91 91 91 1
0 181 183 182 91 91 91 1
0 184 185 186 6 6 6 2
0 185 187 186 6 6 6 2
0 188 189 190 92 93 93 1
0 189 191 190 93 94 93 1
0 192 193 194 95 96 96 2
0 193 195 194 96 97 96 2
0 192 196 186 1 1 1 3
0 196 197 186 1 1 1 3
0 198 193 199 98 98 98 3
0 193 187 199 98 98 98 3
0 200 201 202 99 100 100 1
0 201 203 202 100 101 100 1
0 204 205 206 102 103 103 2
0 205 207 206 103 104 103 2
0 208 209 210 105 106 106 1
0 209 211 210 106 107 106 1
0 212 213 214 108 109 109 2
0 213 215 214 109 110 109 2
0 212 216 206 111 112 112 3
0 216 217 206 112 113 112 3
0 218 213 219 114 115 115 3
0 213 207 219 115 116 115 3
0 220 221 222 117 118 118 1
0 221 223 222 118 119 118 1
0 224 225 226 120 121 121 2
0 225 227 226 121 122 121 2
0 228 229 230 123 124 124 1
0 229 231 230 124 125 124 1
0 232 233 234 126 127 127 2
0 233 235 234 127 128 127 2
0 232 236 226 129 130 130 3
0 236 237 226 130 131 130 3
0 238 233 239 132 133 133 3
0 233 227 239 133 134 133 3
0 240 241 242 135 136 136 1
0 241 243 242 136 137 136 1
0 244 245 246 138 139 139 2
0 245 247 246 139 140 139 2
0 248 249 250 141 142 142 1
0 249 251 250 142 143 142 1
0 252 253 254 144 145 145 2
0 253 255 254 145 146 145 2
0 252 256 246 147 148 148 3
0 256 257 246 148 149 148 3
0 258 253 259 150 151 151 3
0 253 247 259 151 152 151 3
"stacks" 0 1
160
0 -7.278513 0.164738 -41.131672 0.435549 0.967159 -1
0 -8.504462 -0.137886 -37.887093 0.435549 0.967159 -1
0 -16.429132 0.164738 -41.131672 0.435549 0.967159 -1
0 -64.695015 8.327428 -82.272484 0.435549 0.967159 -1
0 -58.701389 8.206313 -78.908035 0.435549 0.967159 -1
0 -65.261269 6.624441 -79.477379 0.435549 0.967159 -1
0 -7.278513 0.164738 -41.131672 0.434299 0.892121 -1
0 -7.068920 33.540348 0.587857 0.434507 0.904628 -1
0 -7.910049 30.773849 3.011973 0.427618 0.904742 -1
0 -8.504462 -0.137886 -37.887093 0.427409 0.892236 -1
0 -16.046173 21.329578 -50.562298 0.434924 0.929640 -1
0 -52.865181 17.566698 -62.817589 0.435133 0.942147 -1
0 -17.949530 19.882042 -48.672832 0.428034 0.929755 -1
0 -54.768528 17.068901 -60.276569 0.428243 0.942262 -1
0 -58.144585 13.208004 -73.913849 0.435341 0.954652 -1
0 -60.047997 12.710155 -71.372879 0.428452 0.954768 -1
0 -65.261269 6.624441 -79.477379 0.428660 0.967274 -1
0 -11.853823 -0.278116 -34.542316 0.435549 0.967159 -1
0 -64.069801 5.345284 -76.529747 0.435549 0.967159 -1
0 -11.853823 -0.278116 -34.542316 0.420520 0.892351 -1
0 -10.208042 27.921379 3.752484 0.420728 0.904857 -1
0 -55.397694 15.708838 -57.596909 0.421353 0.942376 -1
0 -18.578657 17.632317 -47.202171 0.421145 0.929870 -1
0 -60.677109 11.350130 -68.693176 0.421561 0.954883 -1
0 -64.069801 5.345284 -76.529747 0.421770 0.967389 -1
0 -16.429132 -0.329456 -33.318043 0.435549 0.967159 -1
0 -61.439896 4.832783 -74.219330 0.435549 0.967159 -1
0 -13.347162 25.747288 2.611020 0.413838 0.904972 -1
0 -16.429132 -0.329456 -33.318043 0.413630 0.892465 -1
0 -17.764977 15.183235 -46.544376 0.414255 0.929985 -1
0 -54.583981 13.850979 -55.496544 0.414463 0.942492 -1
0 -64.161179 11.718575 -68.984146 0.414672 0.954997 -1
0 -61.439896 4.832783 -74.219330 0.414880 0.967503 -1
0 -21.004442 -0.278116 -34.542316 0.435549 0.967159 -1
0 -63.357620 3.611643 -73.165298 0.435549 0.967159 -1
0 -21.004442 -0.278116 -34.542316 0.406740 0.892580 -1
0 -19.445730 20.960432 -4.948707 0.406948 0.905087 -1
0 -52.545536 11.993134 -54.538334 0.407573 0.942606 -1
0 -15.726515 13.191003 -46.875690 0.407365 0.930099 -1
0 -61.103264 12.248302 -64.112877 0.407782 0.955112 -1
0 -63.357620 3.611643 -73.165298 0.407990 0.967618 -1
0 -24.353802 -0.137886 -37.887093 0.435549 0.967159 -1
0 -60.368843 2.115591 -73.650024 0.435549 0.967159 -1
0 -21.402933 21.363392 -8.751106 0.400059 0.905202 -1
0 -24.353802 -0.137886 -37.887093 0.399850 0.892696 -1
0 -13.009417 12.189400 -48.107342 0.400475 0.930214 -1
0 -49.828438 10.633064 -54.978966 0.400684 0.942721 -1
0 -55.107903 8.013483 -68.466576 0.400892 0.955227 -1
0 -60.368843 2.115591 -73.650024 0.401100 0.967734 -1
0 -25.579758 0.164738 -41.131672 0.435549 0.967159 -1
0 -50.184509 0.368004 -75.543663 0.435549 0.967159 -1
0 -25.579758 0.164738 -41.131672 0.392960 0.892810 -1
0 -22.119324 23.233349 -12.295912 0.393168 0.905316 -1
0 -47.160835 13.265670 -60.613495 0.393793 0.942836 -1
0 -10.341839 12.446886 -49.909328 0.393585 0.930329 -1
0 -49.940300 8.515668 -70.188057 0.394002 0.955342 -1
0 -50.184509 0.368004 -75.543663 0.394210 0.967848 -1
0 -24.353802 2.752930 -44.366898 0.435549 0.967159 -1
0 -48.090771 0.915594 -78.338745 0.435549 0.967159 -1
0 -21.402933 26.069199 -14.633346 0.386279 0.905431 -1
0 -24.353802 2.752930 -44.366898 0.386070 0.892925 -1
0 -8.438454 13.894398 -51.798771 0.386695 0.930444 -1
0 -45.257469 10.633064 -59.241451 0.386904 0.942951 -1
0 -48.036896 7.274355 -70.337738 0.387113 0.955457 -1
0 -48.090771 0.915594 -78.338745 0.387321 0.967963 -1
0 -21.004442 4.647619 -46.735264 0.435549 0.967159 -1
0 -47.398758 2.411644 -81.286400 0.435549 0.967159 -1
0 -21.004442 4.647619 -46.735264 0.379180 0.893040 -1
0 -19.445730 29.111111 -15.137067 0.379388 0.905546 -1
0 -44.628372 11.993134 -61.921181 0.380013 0.943065 -1
0 -7.809362 16.144157 -53.269459 0.379805 0.930559 -1
0 -47.407806 8.634379 -73.017448 0.380222 0.955571 -1
0 -47.398758 2.411644 -81.286400 0.380430 0.968078 -1
0 -16.429132 5.341122 -47.602142 0.435549 0.967159 -1
0 -48.293789 4.455301 -83.596771 0.435549 0.967159 -1
0 -13.347162 35.158886 -9.153484 0.372499 0.905661 -1
0 -16.429132 5.341122 -47.602142 0.372291 0.893155 -1
0 -8.623042 18.593241 -53.927254 0.372916 0.930674 -1
0 -45.442047 13.850979 -64.021515 0.373124 0.943180 -1
0 -48.221512 10.492258 -75.117798 0.373333 0.955686 -1
0 -48.293789 4.455301 -83.596771 0.373541 0.968192 -1
0 -11.853823 4.647619 -46.735264 0.435549 0.967159 -1
0 -59.326630 9.449244 -82.259567 0.435549 0.967159 -1
0 -11.853823 4.647619 -46.735264 0.365400 0.893270 -1
0 -10.208042 36.072063 -6.435876 0.365609 0.905776 -1
0 -47.480522 15.534925 -68.892799 0.366234 0.943295 -1
0 -10.661507 20.585474 -53.595940 0.366026 0.930788 -1
0 -52.759972 11.350130 -76.076004 0.366443 0.955801 -1
0 -59.326630 9.449244 -82.259567 0.366651 0.968308 -1
0 -8.504462 2.752930 -44.366898 0.435549 0.967159 -1
0 -62.522774 8.258836 -81.774796 0.435549 0.967159 -1
0 -7.910049 35.479652 -2.870286 0.358719 0.905890 -1
0 -8.504462 2.752930 -44.366898 0.358511 0.893384 -1
0 -13.378555 21.587044 -52.364269 0.359136 0.930903 -1
0 -50.197567 16.894989 -68.452103 0.359345 0.943410 -1
0 -55.477058 12.710155 -75.635368 0.359553 0.955916 -1
0 -62.522774 8.258836 -81.774796 0.359761 0.968422 -1
0 -7.278513 0.164738 -41.131672 0.351621 0.893499 -1
0 -7.068920 33.540348 0.587857 0.351829 0.906005 -1
0 -52.865181 17.566698 -62.817589 0.352454 0.943525 -1
0 -16.046173 21.329578 -50.562298 0.352246 0.931018 -1
0 -58.144585 13.208004 -73.913849 0.352663 0.956031 -1
0 -64.695015 8.327428 -82.272484 0.352871 0.968537 -1
0 23.082598 0.162500 -28.428793 0.435549 0.967159 -1
0 21.856649 0.162500 -23.853483 0.435549 0.967159 -1
0 13.931973 0.162500 -28.428793 0.435549 0.967159 -1
0 23.082598 0.162500 -28.428793 0.434299 0.892121 -1
0 22.250729 45.329197 -28.428793 0.434507 0.904628 -1
0 21.136213 45.329197 -24.269419 0.427618 0.904742 -1
0 21.856649 0.162500 -23.853483 0.427409 0.892236 -1
0 20.806973 53.229210 -28.428793 0.434716 0.917134 -1
0 19.885899 53.229210 -24.991293 0.427826 0.917248 -1
0 18.507288 0.162500 -20.504116 0.435549 0.967159 -1
0 18.507288 0.162500 -20.504116 0.420520 0.892351 -1
0 18.091347 45.329197 -21.224541 0.420728 0.904857 -1
0 17.369473 53.229210 -22.474869 0.420936 0.917363 -1
0 13.931973 0.162500 -19.278168 0.435549 0.967159 -1
0 13.931973 45.329197 -20.110043 0.413838 0.904972 -1
0 13.931973 0.162500 -19.278168 0.413630 0.892465 -1
0 13.997728 50.320122 -25.632595 0.414047 0.917478 -1
0 9.356663 0.162500 -20.504116 0.435549 0.967159 -1
0 9.356663 0.162500 -20.504116 0.406740 0.892580 -1
0 9.772603 45.329197 -21.224541 0.406948 0.905087 -1
0 10.494478 53.229210 -22.474869 0.407157 0.917593 -1
0 6.007309 0.162500 -23.853483 0.435549 0.967159 -1
0 6.727734 45.329197 -24.269419 0.400059 0.905202 -1
0 6.007309 0.162500 -23.853483 0.399850 0.892696 -1
0 7.978058 53.229210 -24.991293 0.400267 0.917708 -1
0 -1.150415 55.056160 -23.016132 0.407365 0.930099 -1
0 1.192143 59.836388 -25.303793 0.400475 0.930214 -1
0 4.781358 0.162500 -28.428793 0.435549 0.967159 -1
0 4.781358 0.162500 -28.428793 0.392960 0.892810 -1
0 5.613227 45.329197 -28.428793 0.393168 0.905316 -1
0 7.056978 53.229210 -28.428793 0.393377 0.917823 -1
0 0.905752 59.206917 -28.428793 0.393585 0.930329 -1
0 6.007309 0.162500 -33.004105 0.435549 0.967159 -1
0 6.727734 45.329197 -32.588169 0.386279 0.905431 -1
0 6.007309 0.162500 -33.004105 0.386070 0.892925 -1
0 7.978058 53.229210 -31.866293 0.386487 0.917937 -1
0 1.192143 59.836388 -31.553793 0.386695 0.930444 -1
0 9.356663 0.162500 -36.353470 0.435549 0.967159 -1
0 9.356663 0.162500 -36.353470 0.379180 0.893040 -1
0 9.772603 45.329197 -35.633045 0.379388 0.905546 -1
0 10.494478 53.229210 -34.382717 0.379597 0.918052 -1
0 -1.150415 55.056160 -33.841454 0.379805 0.930559 -1
0 13.931973 0.162500 -37.579418 0.435549 0.967159 -1
0 13.931973 45.329197 -36.747543 0.372499 0.905661 -1
0 13.931973 0.162500 -37.579418 0.372291 0.893155 -1
0 11.138943 50.320122 -39.082130 0.372707 0.918167 -1
0 18.507288 0.162500 -36.353470 0.435549 0.967159 -1
0 18.507288 0.162500 -36.353470 0.365400 0.893270 -1
0 18.091347 45.329197 -35.633045 0.365609 0.905776 -1
0 17.369473 53.229210 -34.382717 0.365817 0.918282 -1
0 21.856649 0.162500 -33.004105 0.435549 0.967159 -1
0 21.136213 45.329197 -32.588169 0.358719 0.905890 -1
0 21.856649 0.162500 -33.004105 0.358511 0.893384 -1
0 19.885899 53.229210 -31.866293 0.358928 0.918397 -1
0 23.082598 0.162500 -28.428793 0.351621 0.893499 -1
0 22.250729 45.329197 -28.428793 0.351829 0.906005 -1
0 20.806973 53.229210 -28.428793 0.352038 0.918511 -1
148
0.000000 -0.927221 -0.374514
-0.007443 -0.997169 -0.074827
0.000000 -0.931278 -0.364308
0.107902 -0.967884 -0.227064
-0.198291 -0.847634 -0.492136
0.245361 -0.849164 -0.467674
0.931657 -0.292204 0.215942
0.974744 -0.176752 0.136504
0.819371 -0.464842 0.335489
0.722347 -0.556693 0.410253
-0.232992 0.870980 0.432560
-0.312394 0.947710 0.065241
-0.205964 0.868590 0.450700
-0.404476 0.904727 0.133672
-0.438017 0.885572 -0.154604
-0.733215 0.677744 0.055304
-0.676389 0.736503 -0.007771
-0.884053 0.359404 0.298795
-0.010288 -0.998149 -0.059940
0.245365 -0.849164 -0.467672
0.465676 -0.720474 0.513871
0.571732 -0.672186 0.470413
-0.484170 0.723742 0.491709
-0.269652 0.379984 0.884816
-0.437295 0.854557 -0.280186
-0.933935 0.326530 0.145410
0.000000 -0.998006 -0.063122
-0.861162 -0.007372 -0.508278
0.060163 -0.808749 0.585069
-0.002358 -0.809210 0.587514
-0.240481 0.202179 0.949364
-0.563678 0.207620 0.799476
-0.862896 0.505381 -0.000131
-0.953787 -0.248503 -0.168930
0.010288 -0.998149 -0.059940
-0.843501 0.378640 -0.380970
-0.430979 -0.715423 0.549933
-0.495123 -0.693295 0.523638
-0.316601 -0.547243 0.774783
-0.138294 -0.631215 0.763179
-0.417783 -0.621629 0.662597
-0.640711 -0.549472 0.536256
0.007443 -0.997169 -0.074827
-0.318447 -0.567991 -0.758932
-0.851180 -0.381313 0.360684
-0.755650 -0.488110 0.436739
-0.026418 -0.967983 0.249623
0.062329 -0.974356 0.216206
0.032207 -0.830375 0.556273
-0.066522 -0.624549 0.778148
-0.365370 -0.673022 -0.643075
-0.996305 0.034702 0.078560
-0.995432 0.074176 0.060116
-0.078264 -0.978144 0.192636
0.074107 -0.942124 -0.326971
-0.052854 -0.734804 0.676217
0.212311 -0.619614 0.755648
-0.000001 -0.780868 -0.624696
-0.475448 -0.730256 -0.490587
-0.879087 0.411570 -0.240449
-0.832361 0.473233 -0.288490
0.150960 -0.919274 -0.363519
-0.019141 -0.887161 0.461063
0.551823 -0.710491 0.436684
0.877819 -0.377851 0.294384
-0.000001 -0.780869 -0.624695
-0.478361 -0.737194 -0.477196
-0.499206 0.700896 -0.509449
-0.544267 0.676128 -0.496613
0.696628 -0.476711 -0.536150
0.252038 -0.385862 -0.887461
0.990859 -0.094127 -0.096634
0.999558 0.024264 -0.017165
0.000000 -0.780868 -0.624696
-0.455707 -0.813901 -0.360410
0.027968 0.789279 -0.613398
0.000804 0.790184 -0.612869
0.310659 -0.385879 -0.868670
0.755939 -0.382468 -0.531294
0.788651 0.457657 -0.410583
0.707559 0.572788 -0.413852
0.000001 -0.780869 -0.624695
-0.081431 -0.939344 -0.333169
0.508198 0.669821 -0.541363
0.555206 0.644732 -0.525420
0.401870 0.554590 -0.728650
0.199863 0.679899 -0.705544
0.275263 0.763555 -0.584135
0.126027 0.860740 -0.493198
0.000001 -0.780868 -0.624696
0.120633 -0.976482 -0.178693
0.870595 0.379028 -0.313691
0.842031 0.417626 -0.341426
0.040061 0.931999 -0.360240
0.022170 0.883265 -0.468350
0.018387 0.865900 -0.499878
-0.100942 0.856925 -0.505461
0.966870 0.195338 -0.164336
0.975117 0.170695 -0.141455
-0.140845 0.970585 -0.195262
-0.099820 0.994990 -0.005609
-0.080578 0.917234 -0.390113
0.036185 0.810090 -0.585187
0.000000 -1.000000 0.000000
0.965773 0.017788 0.258779
0.961454 0.096109 0.257624
0.861731 0.099466 0.497521
0.865879 0.018415 0.499915
0.951219 0.173838 0.254880
0.851916 0.179774 0.491854
0.499916 0.018415 0.865878
0.497521 0.099466 0.861730
0.282857 0.323245 0.903053
-0.001645 0.200022 0.979790
-0.000000 0.018415 0.999830
-0.008848 0.741938 0.670410
-0.499916 0.018415 0.865878
-0.497521 0.099466 0.861730
-0.517043 -0.001592 0.855958
-0.861731 0.099466 0.497520
-0.865879 0.018415 0.499914
-0.831630 -0.262607 0.489315
-0.024071 -0.421933 -0.906307
-0.636827 -0.770734 0.020531
-0.999830 0.018415 0.000000
-0.995041 0.099466 0.000000
-0.951885 -0.306456 0.000000
-0.696919 -0.717149 0.000000
-0.861731 0.099466 -0.497520
-0.865879 0.018415 -0.499914
-0.831630 -0.262607 -0.489315
-0.636827 -0.770734 -0.020531
-0.499916 0.018415 -0.865878
-0.497521 0.099466 -0.861731
-0.834037 -0.238981 -0.497262
-0.024071 -0.421933 0.906307
-0.043675 -0.006341 -0.999026
-0.000000 0.018415 -0.999830
-0.333088 -0.545990 -0.768731
0.499915 0.018415 -0.865878
0.497521 0.099466 -0.861731
0.579685 0.126529 -0.804957
0.861731 0.099466 -0.497521
0.865879 0.018415 -0.499915
0.851916 0.179774 -0.491854
0.965773 0.017788 -0.258779
0.961454 0.096109 -0.257624
0.951219 0.173838 -0.254880
188
0 0 1 2 0 1 2 2
0 3 4 5 3 4 5 2
0 6 7 8 6 7 8 1
0 6 8 9 6 8 9 1
0 10 11 12 10 11 12 1
0 11 13 12 11 13 12 1
0 11 14 15 11 14 15 1
0 11 15 13 11 15 13 1
0 14 3 15 14 16 15 1
0 3 16 15 16 17 15 1
0 1 17 2 1 18 2 2
0 5 4 18 5 4 19 2
0 9 8 19 9 8 20 1
0 8 20 19 8 21 20 1
0 12 13 21 12 13 22 1
0 12 21 22 12 22 23 1
0 13 15 21 13 15 22 1
0 15 23 21 15 24 22 1
0 15 16 24 15 17 25 1
0 15 24 23 15 25 24 1
0 17 25 2 18 26 2 2
0 18 4 26 19 4 27 2
0 19 20 27 20 21 28 1
0 19 27 28 20 28 29 1
0 22 21 29 23 22 30 1
0 21 30 29 22 31 30 1
0 21 23 31 22 24 32 1
0 21 31 30 22 32 31 1
0 23 24 31 24 25 32 1
0 24 32 31 25 33 32 1
0 25 33 2 26 34 2 2
0 26 4 34 27 4 35 2
0 28 27 35 29 28 36 1
0 27 36 35 28 37 36 1
0 29 30 37 30 31 38 1
0 29 37 38 30 38 39 1
0 30 31 37 31 32 38 1
0 31 39 37 32 40 38 1
0 31 32 40 32 33 41 1
0 31 40 39 32 41 40 1
0 33 41 2 34 42 2 2
0 34 4 42 35 4 43 2
0 35 36 43 36 37 44 1
0 35 43 44 36 44 45 1
0 38 37 45 39 38 46 1
0 37 46 45 38 47 46 1
0 37 39 47 38 40 48 1
0 37 47 46 38 48 47 1
0 39 40 47 40 41 48 1
0 40 48 47 41 49 48 1
0 41 49 2 42 0 2 2
0 42 4 50 43 4 50 2
0 44 43 51 45 44 51 1
0 43 52 51 44 52 51 1
0 45 46 53 46 47 53 1
0 45 53 54 46 53 54 1
0 46 47 53 47 48 53 1
0 47 55 53 48 55 53 1
0 47 48 56 48 49 56 1
0 47 56 55 48 56 55 1
0 49 57 2 0 57 2 2
0 50 4 58 50 4 58 2
0 51 52 59 51 52 59 1
0 51 59 60 51 59 60 1
0 54 53 61 54 53 61 1
0 53 62 61 53 62 61 1
0 53 55 63 53 55 63 1
0 53 63 62 53 63 62 1
0 55 56 63 55 56 63 1
0 56 64 63 56 64 63 1
0 57 65 2 57 65 2 2
0 58 4 66 58 4 66 2
0 60 59 67 60 59 67 1
0 59 68 67 59 68 67 1
0 61 62 69 61 62 69 1
0 61 69 70 61 69 70 1
0 62 63 69 62 63 69 1
0 63 71 69 63 71 69 1
0 63 64 72 63 64 72 1
0 63 72 71 63 72 71 1
0 65 73 2 65 73 2 2
0 66 4 74 66 4 74 2
0 67 68 75 67 68 75 1
0 67 75 76 67 75 76 1
0 70 69 77 70 69 77 1
0 69 78 77 69 78 77 1
0 69 71 79 69 71 79 1
0 69 79 78 69 79 78 1
0 71 72 79 71 72 79 1
0 72 80 79 72 80 79 1
0 73 81 2 73 81 2 2
0 74 4 82 74 4 82 2
0 76 75 83 76 75 83 1
0 75 84 83 75 84 83 1
0 77 78 85 77 78 85 1
0 77 85 86 77 85 86 1
0 78 79 85 78 79 85 1
0 79 87 85 79 87 85 1
0 79 80 88 79 80 88 1
0 79 88 87 79 88 87 1
0 81 89 2 81 89 2 2
0 82 4 90 82 4 90 2
0 83 84 91 83 84 91 1
0 83 91 92 83 91 92 1
0 86 85 93 86 85 93 1
0 85 94 93 85 94 93 1
0 85 87 95 85 87 95 1
0 85 95 94 85 95 94 1
0 87 88 95 87 88 95 1
0 88 96 95 88 96 95 1
0 89 0 2 89 0 2 2
0 90 4 3 90 4 3 2
0 92 91 97 92 91 97 1
0 91 98 97 91 98 97 1
0 93 94 99 93 94 99 1
0 93 99 100 93 99 100 1
0 94 95 99 94 95 99 1
0 95 101 99 95 101 99 1
0 95 96 102 95 96 102 1
0 95 102 101 95 102 101 1
0 103 104 105 103 103 103 2
0 106 107 108 104 105 106 1
0 106 108 109 104 106 107 1
0 107 110 108 105 108 106 1
0 110 111 108 108 109 106 1
0 104 112 105 103 103 103 2
0 109 108 113 107 106 110 1
0 108 114 113 106 111 110 1
0 108 111 115 106 109 112 1
0 108 115 114 106 112 111 1
0 112 116 105 103 103 103 2
0 113 114 117 110 111 113 1
0 113 117 118 110 113 114 1
0 114 115 117 111 112 113 1
0 115 119 117 112 115 113 1
0 116 120 105 103 103 103 2
0 118 117 121 114 113 116 1
0 117 122 121 113 117 116 1
0 117 119 123 113 115 118 1
0 117 123 122 113 118 117 1
0 120 124 105 103 103 103 2
0 121 122 125 116 117 119 1
0 121 125 126 116 119 120 1
0 122 123 125 117 118 119 1
0 123 127 125 118 121 119 1
0 123 128 129 118 122 123 1
0 123 129 127 118 123 121 1
0 124 130 105 103 103 103 2
0 126 125 131 120 119 124 1
0 125 132 131 119 125 124 1
0 125 127 133 119 121 126 1
0 125 133 132 119 126 125 1
0 127 129 133 121 123 126 1
0 129 134 133 123 127 126 1
0 130 135 105 103 103 103 2
0 131 132 136 124 125 128 1
0 131 136 137 124 128 129 1
0 132 133 136 125 126 128 1
0 133 138 136 126 130 128 1
0 133 134 139 126 127 131 1
0 133 139 138 126 131 130 1
0 135 140 105 103 103 103 2
0 137 136 141 129 128 132 1
0 136 142 141 128 133 132 1
0 136 138 143 128 130 134 1
0 136 143 142 128 134 133 1
0 138 139 143 130 131 134 1
0 139 144 143 131 135 134 1
0 140 145 105 103 103 103 2
0 141 142 146 132 133 136 1
0 141 146 147 132 136 137 1
0 142 143 146 133 134 136 1
0 143 148 146 134 138 136 1
0 145 149 105 103 103 103 2
0 147 146 150 137 136 139 1
0 146 151 150 136 140 139 1
0 146 148 152 136 138 141 1
0 146 152 151 136 141 140 1
0 149 153 105 103 103 103 2
0 150 151 154 139 140 142 1
0 150 154 155 139 142 143 1
0 151 152 154 140 141 142 1
0 152 156 154 141 144 142 1
0 153 103 105 103 103 103 2
0 155 154 157 143 142 145 1
0 154 158 157 142 146 145 1
0 154 156 159 142 144 147 1
0 154 159 158 142 147 146 1
"beam1" 0 3
20
0 -34.507587 7.160675 86.513519 0.904386 0.391488 -1
0 -34.507587 -0.305992 86.513519 0.904386 0.489477 -1
0 -3.546943 7.160675 115.384781 0.986109 0.391488 -1
0 -3.546943 -0.305992 115.384781 0.986109 0.489477 -1
0 -3.546943 7.160675 115.384781 0.904386 0.391488 -1
0 -3.546943 -0.305992 115.384781 0.904386 0.489477 -1
0 1.202838 7.160675 108.958282 0.986109 0.391488 -1
0 1.202838 -0.305992 108.958282 0.986109 0.489477 -1
0 1.202838 7.160675 108.958282 0.904386 0.391488 -1
0 1.202838 -0.305992 108.958282 0.904386 0.489477 -1
0 -29.757799 7.160675 80.087006 0.986109 0.391488 -1
0 -29.757799 -0.305992 80.087006 0.986109 0.489477 -1
0 -29.757799 7.160675 80.087006 0.904386 0.391488 -1
0 -29.757799 -0.305992 80.087006 0.904386 0.489477 -1
0 -34.507587 7.160675 86.513519 0.986109 0.391488 -1
0 -34.507587 -0.305992 86.513519 0.986109 0.489477 -1
0 -34.507587 7.160675 86.513519 0.904386 0.489477 -1
0 -3.546943 7.160675 115.384781 0.986109 0.489477 -1
0 -34.507587 -0.305992 86.513519 0.904386 0.391488 -1
0 -3.546943 -0.305992 115.384781 0.986109 0.391488 -1
6
-0.681998 0.000000 0.731354
0.804191 0.000000 0.594372
0.681999 0.000000 -0.731354
-0.804191 0.000000 -0.594371
0.000000 1.000000 0.000000
0.000000 -1.000000 0.000000
12
0 0 1 2 0 0 0 1
0 1 3 2 0 0 0 1
0 4 5 6 1 1 1 2
0 5 7 6 1 1 1 2
0 8 9 10 2 2 2 1
0 9 11 10 2 2 2 1
0 12 13 14 3 3 3 2
0 13 15 14 3 3 3 2
0 12 16 6 4 4 4 3
0 16 17 6 4 4 4 3
0 18 13 19 5 5 5 3
0 13 7 19 5 5 5 3
"beam2" 0 3
20
0 82.625801 9.847657 10.171685 0.010733 0.253500 -1
0 82.574768 2.391218 10.657503 0.010733 0.378013 -1
0 54.848389 8.638841 -21.738415 0.118634 0.253500 -1
0 54.797386 1.182400 -21.252609 0.118634 0.378013 -1
0 54.848389 8.638841 -21.738415 0.010733 0.253500 -1
0 54.797386 1.182400 -21.252609 0.010733 0.378013 -1
0 49.453842 8.907905 -15.852322 0.118634 0.253500 -1
0 49.402805 1.451477 -15.366525 0.118634 0.378013 -1
0 49.453842 8.907905 -15.852322 0.010733 0.253500 -1
0 49.402805 1.451477 -15.366525 0.010733 0.378013 -1
0 77.231163 10.116727 16.057777 0.118634 0.253500 -1
0 77.180130 2.660284 16.543570 0.118634 0.378013 -1
0 77.231163 10.116727 16.057777 0.010733 0.253500 -1
0 77.180130 2.660284 16.543570 0.010733 0.378013 -1
0 82.625801 9.847657 10.171685 0.118634 0.253500 -1
0 82.574768 2.391218 10.657503 0.118634 0.378013 -1
0 82.625801 9.847657 10.171685 0.010733 0.378013 -1
0 54.848389 8.638841 -21.738415 0.118634 0.378013 -1
0 82.574768 2.391218 10.657503 0.010733 0.253500 -1
0 54.797386 1.182400 -21.252609 0.118634 0.253500 -1
18
0.754294 -0.047825 -0.654793
0.754294 -0.047823 -0.654793
0.754294 -0.047821 -0.654793
-0.737546 -0.038879 -0.674177
-0.737545 -0.038877 -0.674178
-0.737544 -0.038876 -0.674180
-0.754295 0.047824 0.654792
-0.754295 0.047823 0.654792
-0.754295 0.047823 0.654792
0.737540 0.038876 0.674183
0.737540 0.038877 0.674184
0.737539 0.038878 0.674185
0.004378 0.999122 -0.041660
0.004378 0.999122 -0.041660
0.004378 0.999122 -0.041659
-0.004378 -0.999122 0.041660
-0.004379 -0.999122 0.041660
-0.004379 -0.999122 0.041660
12
0 0 1 2 0 1 1 1
0 1 3 2 1 2 1 1
0 4 5 6 3 4 4 2
0 5 7 6 4 5 4 2
0 8 9 10 6 7 7 1
0 9 11 10 7 8 7 1
0 12 13 14 9 10 10 2
0 13 15 14 10 11 10 2
0 12 16 6 12 13 13 3
0 16 17 6 13 14 13 3
0 18 13 19 15 16 16 3
0 13 7 19 16 17 16 3
"framegrey" 0 2
300
0 -41.326248 40.171688 11.869240 0.122808 0.127257 -1
0 -41.326241 0.133362 -3.726809 0.122808 0.251656 -1
0 -41.326229 40.171688 17.494236 0.168446 0.127257 -1
0 -41.326248 0.133362 1.898203 0.168446 0.251656 -1
0 -41.326229 40.171688 17.494236 0.122808 0.127257 -1
0 -41.326248 0.133362 1.898203 0.122808 0.251656 -1
0 44.288631 40.171688 2.017169 0.168446 0.127257 -1
0 37.750145 0.133362 2.046137 0.168446 0.251656 -1
0 44.288631 40.171688 2.017169 0.122808 0.127257 -1
0 37.750145 0.133362 2.046137 0.122808 0.251656 -1
0 44.288651 40.171688 -3.607833 0.168446 0.127257 -1
0 37.750145 0.133362 -3.578861 0.168446 0.251656 -1
0 44.288651 40.171688 -3.607833 0.122808 0.127257 -1
0 37.750145 0.133362 -3.578861 0.122808 0.251656 -1
0 -41.326248 40.171688 11.869240 0.168446 0.127257 -1
0 -41.326241 0.133362 -3.726809 0.168446 0.251656 -1
0 -41.326248 40.171688 11.869240 0.122808 0.251656 -1
0 -41.326229 40.171688 17.494236 0.168446 0.251656 -1
0 -41.326241 0.133362 -3.726809 0.122808 0.127257 -1
0 -41.326248 0.133362 1.898203 0.168446 0.127257 -1
0 -46.366631 40.171688 17.508707 0.122808 0.127257 -1
0 -46.337662 0.133362 1.883707 0.122808 0.251656 -1
0 -40.741631 40.171688 1.883707 0.168446 0.127257 -1
0 -40.712654 0.133362 1.883707 0.168446 0.251656 -1
0 -40.741631 40.171688 1.883707 0.122808 0.127257 -1
0 -40.712654 0.133362 1.883707 0.122808 0.251656 -1
0 -40.741631 34.971687 -46.074635 0.168446 0.127257 -1
0 -40.712654 0.133362 -58.741291 0.168446 0.251656 -1
0 -40.741631 34.971687 -46.074635 0.122808 0.127257 -1
0 -40.712654 0.133362 -58.741291 0.122808 0.251656 -1
0 -46.366631 40.171688 -43.116291 0.168446 0.127257 -1
0 -46.337662 0.133362 -58.741291 0.168446 0.251656 -1
0 -46.366631 40.171688 -43.116291 0.122808 0.127257 -1
0 -46.337662 0.133362 -58.741291 0.122808 0.251656 -1
0 -46.366631 40.171688 17.508707 0.168446 0.127257 -1
0 -46.337662 0.133362 1.883707 0.168446 0.251656 -1
0 -46.366631 40.171688 17.508707 0.122808 0.251656 -1
0 -40.741631 40.171688 1.883707 0.168446 0.251656 -1
0 -46.337662 0.133362 1.883707 0.122808 0.127257 -1
0 -40.712654 0.133362 1.883707 0.168446 0.127257 -1
0 -5.883962 30.325531 -71.922432 0.122808 0.127257 -1
0 -41.409573 0.133362 -58.726810 0.122808 0.251656 -1
0 -5.883943 30.325531 -66.297432 0.168446 0.127257 -1
0 -41.409580 0.133362 -53.101795 0.168446 0.251656 -1
0 -5.883943 30.325531 -66.297432 0.122808 0.127257 -1
0 -41.409580 0.133362 -53.101795 0.122808 0.251656 -1
0 44.205292 40.171688 -52.982830 0.168446 0.127257 -1
0 37.666813 0.133362 -52.953861 0.168446 0.251656 -1
0 44.205292 40.171688 -52.982830 0.122808 0.127257 -1
0 37.666813 0.133362 -52.953861 0.122808 0.251656 -1
0 44.205311 34.971687 -45.941177 0.168446 0.127257 -1
0 37.666813 0.133362 -58.578861 0.168446 0.251656 -1
0 44.205311 34.971687 -45.941177 0.122808 0.127257 -1
0 37.666813 0.133362 -58.578861 0.122808 0.251656 -1
0 -5.883962 30.325531 -71.922432 0.168446 0.127257 -1
0 -41.409573 0.133362 -58.726810 0.168446 0.251656 -1
0 -5.883962 30.325531 -71.922432 0.122808 0.251656 -1
0 -5.883943 30.325531 -66.297432 0.168446 0.251656 -1
0 -41.409573 0.133362 -58.726810 0.122808 0.127257 -1
0 -41.409580 0.133362 -53.101795 0.168446 0.127257 -1
0 38.601528 40.171688 1.883707 0.122808 0.127257 -1
0 32.092010 0.133362 1.883707 0.122808 0.251656 -1
0 44.226521 40.171688 1.883707 0.168446 0.127257 -1
0 37.717022 0.133362 1.883707 0.168446 0.251656 -1
0 44.226521 40.171688 1.883707 0.122808 0.127257 -1
0 37.717022 0.133362 1.883707 0.122808 0.251656 -1
0 44.226521 34.971687 -46.074635 0.168446 0.127257 -1
0 37.717022 0.133362 -58.741291 0.168446 0.251656 -1
0 44.226521 34.971687 -46.074635 0.122808 0.127257 -1
0 37.717022 0.133362 -58.741291 0.122808 0.251656 -1
0 38.601528 34.971687 -46.074635 0.168446 0.127257 -1
0 32.092010 0.133362 -58.741291 0.168446 0.251656 -1
0 38.601528 34.971687 -46.074635 0.122808 0.127257 -1
0 32.092010 0.133362 -58.741291 0.122808 0.251656 -1
0 38.601528 40.171688 1.883707 0.168446 0.127257 -1
0 32.092010 0.133362 1.883707 0.168446 0.251656 -1
0 38.601528 40.171688 1.883707 0.122808 0.251656 -1
0 44.226521 40.171688 1.883707 0.168446 0.251656 -1
0 32.092010 0.133362 1.883707 0.122808 0.127257 -1
0 37.717022 0.133362 1.883707 0.168446 0.127257 -1
0 -51.098789 17.453373 54.090881 0.122808 0.127257 -1
0 -46.173981 1.416407 54.119835 0.122808 0.251656 -1
0 -51.098759 17.453381 59.715870 0.168446 0.127257 -1
0 -46.173988 1.416407 59.744846 0.168446 0.251656 -1
0 -51.098759 17.453381 59.715870 0.122808 0.127257 -1
0 -46.173988 1.416407 59.744846 0.122808 0.251656 -1
0 15.206959 48.369591 59.863804 0.168446 0.127257 -1
0 15.206959 1.416407 59.892780 0.168446 0.251656 -1
0 15.206959 48.369591 59.863804 0.122808 0.127257 -1
0 15.206959 1.416407 59.892780 0.122808 0.251656 -1
0 15.206978 48.369591 54.238804 0.168446 0.127257 -1
0 15.206959 1.416407 54.267780 0.168446 0.251656 -1
0 15.206978 48.369591 54.238804 0.122808 0.127257 -1
0 15.206959 1.416407 54.267780 0.122808 0.251656 -1
0 -51.098789 17.453373 54.090881 0.168446 0.127257 -1
0 -46.173981 1.416407 54.119835 0.168446 0.251656 -1
0 -51.098789 17.453373 54.090881 0.122808 0.251656 -1
0 -51.098759 17.453381 59.715870 0.168446 0.251656 -1
0 -46.173981 1.416407 54.119835 0.122808 0.127257 -1
0 -46.173988 1.416407 59.744846 0.168446 0.127257 -1
0 -51.018456 17.607624 1.885753 0.122808 0.127257 -1
0 -46.204437 0.140060 1.914706 0.122808 0.251656 -1
0 -51.018448 17.607616 7.510743 0.168446 0.127257 -1
0 -46.204445 0.140060 7.539716 0.168446 0.251656 -1
0 -51.018448 17.607616 7.510743 0.122808 0.127257 -1
0 -46.204445 0.140060 7.539716 0.122808 0.251656 -1
0 44.168774 48.556911 7.658677 0.168446 0.127257 -1
0 37.616535 0.140060 7.687650 0.168446 0.251656 -1
0 44.168774 48.556911 7.658677 0.122808 0.127257 -1
0 37.616535 0.140060 7.687650 0.122808 0.251656 -1
0 44.168793 48.556911 2.033677 0.168446 0.127257 -1
0 37.616535 0.140060 2.062650 0.168446 0.251656 -1
0 44.168793 48.556911 2.033677 0.122808 0.127257 -1
0 37.616535 0.140060 2.062650 0.122808 0.251656 -1
0 -51.018456 17.607624 1.885753 0.168446 0.127257 -1
0 -46.204437 0.140060 1.914706 0.168446 0.251656 -1
0 -51.018456 17.607624 1.885753 0.122808 0.251656 -1
0 -51.018448 17.607616 7.510743 0.168446 0.251656 -1
0 -46.204437 0.140060 1.914706 0.122808 0.127257 -1
0 -46.204445 0.140060 7.539716 0.168446 0.127257 -1
0 12.273620 53.623856 36.882137 0.122808 0.127257 -1
0 3.815625 0.014271 36.911091 0.122808 0.251656 -1
0 12.273629 53.623878 42.507130 0.168446 0.127257 -1
0 3.815615 0.014271 42.536102 0.168446 0.251656 -1
0 12.273629 53.623878 42.507130 0.122808 0.127257 -1
0 3.815615 0.014271 42.536102 0.122808 0.251656 -1
0 36.300804 50.583351 42.488400 0.168446 0.127257 -1
0 37.794529 0.066219 42.517372 0.168446 0.251656 -1
0 36.300804 50.583351 42.488400 0.122808 0.127257 -1
0 37.794529 0.066219 42.517372 0.122808 0.251656 -1
0 36.300823 50.583351 36.863400 0.168446 0.127257 -1
0 37.794529 0.066219 36.892372 0.168446 0.251656 -1
0 36.300823 50.583351 36.863400 0.122808 0.127257 -1
0 37.794529 0.066219 36.892372 0.122808 0.251656 -1
0 12.273620 53.623856 36.882137 0.168446 0.127257 -1
0 3.815625 0.014271 36.911091 0.168446 0.251656 -1
0 12.273620 53.623856 36.882137 0.122808 0.251656 -1
0 12.273629 53.623878 42.507130 0.168446 0.251656 -1
0 3.815625 0.014271 36.911091 0.122808 0.127257 -1
0 3.815615 0.014271 42.536102 0.168446 0.127257 -1
0 36.501373 50.832657 2.163534 0.122808 0.127257 -1
0 38.061527 0.014271 2.062850 0.122808 0.251656 -1
0 32.321217 47.821529 2.163565 0.168446 0.127257 -1
0 32.436516 0.014271 2.062838 0.168446 0.251656 -1
0 32.321217 47.821529 2.163565 0.122808 0.127257 -1
0 32.436516 0.014271 2.062838 0.122808 0.251656 -1
0 32.400288 47.773663 42.518639 0.168446 0.127257 -1
0 32.455238 0.066219 42.580265 0.168446 0.251656 -1
0 32.400288 47.773663 42.518639 0.122808 0.127257 -1
0 32.455238 0.066219 42.580265 0.122808 0.251656 -1
0 36.580498 50.784790 42.518631 0.168446 0.127257 -1
0 38.080257 0.066219 42.580265 0.168446 0.251656 -1
0 36.580498 50.784790 42.518631 0.122808 0.127257 -1
0 38.080257 0.066219 42.580265 0.122808 0.251656 -1
0 36.501373 50.832657 2.163534 0.168446 0.127257 -1
0 38.061527 0.014271 2.062850 0.168446 0.251656 -1
0 36.501373 50.832657 2.163534 0.122808 0.251656 -1
0 32.321217 47.821529 2.163565 0.168446 0.251656 -1
0 38.061527 0.014271 2.062850 0.122808 0.127257 -1
0 32.436516 0.014271 2.062838 0.168446 0.127257 -1
0 12.342017 40.394432 2.163534 0.122808 0.127257 -1
0 7.236922 -0.145725 2.062850 0.122808 0.251656 -1
0 8.161833 37.383350 2.163565 0.168446 0.127257 -1
0 1.611907 -0.145725 2.062838 0.168446 0.251656 -1
0 8.161833 37.383350 2.163565 0.122808 0.127257 -1
0 1.611907 -0.145725 2.062838 0.122808 0.251656 -1
0 12.240932 53.495461 42.518639 0.168446 0.127257 -1
0 3.755629 0.066219 42.580265 0.168446 0.251656 -1
0 12.240932 53.495461 42.518639 0.122808 0.127257 -1
0 3.755629 0.066219 42.580265 0.122808 0.251656 -1
0 16.421120 56.506538 42.518631 0.168446 0.127257 -1
0 9.380648 0.066219 42.580265 0.168446 0.251656 -1
0 16.421120 56.506538 42.518631 0.122808 0.127257 -1
0 9.380648 0.066219 42.580265 0.122808 0.251656 -1
0 12.342017 40.394432 2.163534 0.168446 0.127257 -1
0 7.236922 -0.145725 2.062850 0.168446 0.251656 -1
0 12.342017 40.394432 2.163534 0.122808 0.251656 -1
0 8.161833 37.383350 2.163565 0.168446 0.251656 -1
0 7.236922 -0.145725 2.062850 0.122808 0.127257 -1
0 1.611907 -0.145725 2.062838 0.168446 0.127257 -1
0 8.273623 37.463863 2.292857 0.122808 0.127257 -1
0 1.690624 -0.145725 2.321811 0.122808 0.251656 -1
0 8.273632 37.463886 7.917848 0.168446 0.127257 -1
0 1.690614 -0.145725 7.946820 0.168446 0.251656 -1
0 8.273632 37.463886 7.917848 0.122808 0.127257 -1
0 1.690614 -0.145725 7.946820 0.122808 0.251656 -1
0 36.552719 50.764786 7.899117 0.168446 0.127257 -1
0 38.133511 0.066219 7.928090 0.168446 0.251656 -1
0 36.552719 50.764786 7.899117 0.122808 0.127257 -1
0 38.133511 0.066219 7.928090 0.122808 0.251656 -1
0 36.552738 50.764801 2.274117 0.168446 0.127257 -1
0 38.133511 0.066219 2.303090 0.168446 0.251656 -1
0 36.552738 50.764801 2.274117 0.122808 0.127257 -1
0 38.133511 0.066219 2.303090 0.122808 0.251656 -1
0 8.273623 37.463863 2.292857 0.168446 0.127257 -1
0 1.690624 -0.145725 2.321811 0.168446 0.251656 -1
0 8.273623 37.463863 2.292857 0.122808 0.251656 -1
0 8.273632 37.463886 7.917848 0.168446 0.251656 -1
0 1.690624 -0.145725 2.321811 0.122808 0.127257 -1
0 1.690614 -0.145725 7.946820 0.168446 0.127257 -1
0 -53.482220 27.878994 59.911449 0.122808 0.127257 -1
0 -46.057022 0.254347 59.911449 0.122808 0.251656 -1
0 -48.660648 25.561310 59.911411 0.168446 0.127257 -1
0 -40.431999 0.254347 59.911472 0.168446 0.251656 -1
0 -48.660648 25.561310 59.911411 0.122808 0.127257 -1
0 -40.431999 0.254347 59.911472 0.122808 0.251656 -1
0 -49.078697 25.787918 1.929445 0.168446 0.127257 -1
0 -40.936230 0.254347 1.943221 0.168446 0.251656 -1
0 -49.078697 25.787918 1.929445 0.122808 0.127257 -1
0 -40.936230 0.254347 1.943221 0.122808 0.251656 -1
0 -50.983604 17.550064 1.929393 0.168446 0.127257 -1
0 -46.561234 0.254347 1.943197 0.168446 0.251656 -1
0 -50.983604 17.550064 1.929393 0.122808 0.127257 -1
0 -46.561234 0.254347 1.943197 0.122808 0.251656 -1
0 -53.482220 27.878994 59.911449 0.168446 0.127257 -1
0 -46.057022 0.254347 59.911449 0.168446 0.251656 -1
0 -53.482220 27.878994 59.911449 0.122808 0.251656 -1
0 -48.660648 25.561310 59.911411 0.168446 0.251656 -1
0 -46.057022 0.254347 59.911449 0.122808 0.127257 -1
0 -40.431999 0.254347 59.911472 0.168446 0.127257 -1
0 9.581294 48.649193 59.864719 0.122808 0.127257 -1
0 9.610248 0.254347 59.864719 0.122808 0.251656 -1
0 15.206301 48.649193 59.864681 0.168446 0.127257 -1
0 15.235273 0.254347 59.864742 0.168446 0.251656 -1
0 15.206301 48.649193 59.864681 0.122808 0.127257 -1
0 15.235273 0.254347 59.864742 0.122808 0.251656 -1
0 10.702079 32.511200 1.882725 0.168446 0.127257 -1
0 12.606051 0.094353 1.896500 0.168446 0.251656 -1
0 10.702079 32.511200 1.882725 0.122808 0.127257 -1
0 12.606051 0.094353 1.896500 0.122808 0.251656 -1
0 5.077064 32.511200 1.882672 0.168446 0.127257 -1
0 6.981046 0.094353 1.896477 0.168446 0.251656 -1
0 5.077064 32.511200 1.882672 0.122808 0.127257 -1
0 6.981046 0.094353 1.896477 0.122808 0.251656 -1
0 9.581294 48.649193 59.864719 0.168446 0.127257 -1
0 9.610248 0.254347 59.864719 0.168446 0.251656 -1
0 9.581294 48.649193 59.864719 0.122808 0.251656 -1
0 15.206301 48.649193 59.864681 0.168446 0.251656 -1
0 9.610248 0.254347 59.864719 0.122808 0.127257 -1
0 15.235273 0.254347 59.864742 0.168446 0.127257 -1
0 -25.657160 6.255625 -65.589890 0.122808 0.127257 -1
0 -25.657160 -0.289829 -65.589890 0.122808 0.251656 -1
0 -20.749029 6.255625 -74.820709 0.168446 0.127257 -1
0 -20.749029 -0.289829 -74.820709 0.168446 0.251656 -1
0 -20.749029 6.255625 -74.820709 0.122808 0.127257 -1
0 -20.749029 -0.289829 -74.820709 0.122808 0.251656 -1
0 -27.571817 6.255625 -78.448441 0.168446 0.127257 -1
0 -27.571817 -0.289829 -78.448441 0.168446 0.251656 -1
0 -27.571817 6.255625 -78.448441 0.122808 0.127257 -1
0 -27.571817 -0.289829 -78.448441 0.122808 0.251656 -1
0 -32.479942 6.255625 -69.217636 0.168446 0.127257 -1
0 -32.479942 -0.289829 -69.217636 0.168446 0.251656 -1
0 -32.479942 6.255625 -69.217636 0.122808 0.127257 -1
0 -32.479942 -0.289829 -69.217636 0.122808 0.251656 -1
0 -25.657160 6.255625 -65.589890 0.168446 0.127257 -1
0 -25.657160 -0.289829 -65.589890 0.168446 0.251656 -1
0 -25.657160 6.255625 -65.589890 0.122808 0.251656 -1
0 -20.749029 6.255625 -74.820709 0.168446 0.251656 -1
0 -25.657160 -0.289829 -65.589890 0.122808 0.127257 -1
0 -20.749029 -0.289829 -74.820709 0.168446 0.127257 -1
0 44.105412 6.655624 -71.392662 0.122808 0.127257 -1
0 44.105412 0.110172 -71.392662 0.122808 0.251656 -1
0 36.336178 6.655624 -78.388153 0.168446 0.127257 -1
0 36.336178 0.110172 -78.388153 0.168446 0.251656 -1
0 36.336178 6.655624 -78.388153 0.122808 0.127257 -1
0 36.336178 0.110172 -78.388153 0.122808 0.251656 -1
0 31.165592 6.655624 -72.645683 0.168446 0.127257 -1
0 31.165592 0.110172 -72.645683 0.168446 0.251656 -1
0 31.165592 6.655624 -72.645683 0.122808 0.127257 -1
0 31.165592 0.110172 -72.645683 0.122808 0.251656 -1
0 38.934845 6.655624 -65.650177 0.168446 0.127257 -1
0 38.934845 0.110172 -65.650177 0.168446 0.251656 -1
0 38.934845 6.655624 -65.650177 0.122808 0.127257 -1
0 38.934845 0.110172 -65.650177 0.122808 0.251656 -1
0 44.105412 6.655624 -71.392662 0.168446 0.127257 -1
0 44.105412 0.110172 -71.392662 0.168446 0.251656 -1
0 44.105412 6.655624 -71.392662 0.122808 0.251656 -1
0 36.336178 6.655624 -78.388153 0.168446 0.251656 -1
0 44.105412 0.110172 -71.392662 0.122808 0.127257 -1
0 36.336178 0.110172 -78.388153 0.168446 0.127257 -1
0 25.302212 6.655624 64.700714 0.122808 0.127257 -1
0 25.302212 0.110172 64.700714 0.122808 0.251656 -1
0 29.913986 6.655624 69.691925 0.168446 0.127257 -1
0 29.913986 0.110172 69.691925 0.168446 0.251656 -1
0 29.913986 6.655624 69.691925 0.122808 0.127257 -1
0 29.913986 0.110172 69.691925 0.122808 0.251656 -1
0 34.455956 6.655624 63.440426 0.168446 0.127257 -1
0 34.455956 0.110172 63.440426 0.168446 0.251656 -1
0 34.455956 6.655624 63.440426 0.122808 0.127257 -1
0 34.455956 0.110172 63.440426 0.122808 0.251656 -1
0 29.844187 6.655624 58.449249 0.168446 0.127257 -1
0 29.844187 0.110172 58.449249 0.168446 0.251656 -1
0 29.844187 6.655624 58.449249 0.122808 0.127257 -1
0 29.844187 0.110172 58.449249 0.122808 0.251656 -1
0 25.302212 6.655624 64.700714 0.168446 0.127257 -1
0 25.302212 0.110172 64.700714 0.168446 0.251656 -1
0 25.302212 6.655624 64.700714 0.122808 0.251656 -1
0 29.913986 6.655624 69.691925 0.168446 0.251656 -1
0 25.302212 0.110172 64.700714 0.122808 0.127257 -1
0 29.913986 0.110172 69.691925 0.168446 0.127257 -1
197
-1.000000 -0.000002 0.000003
-1.000000 -0.000000 0.000001
-1.000000 0.000001 -0.000001
0.166107 -0.357921 0.918859
0.083851 -0.182212 0.979677
-0.001871 0.001029 0.999998
0.986927 -0.161171 0.000003
0.986927 -0.161171 0.000002
0.986926 -0.161171 0.000000
-0.177821 0.028327 -0.983655
-0.089701 0.199340 -0.975816
0.001743 0.362963 -0.931802
0.000000 1.000000 0.000000
0.000000 -1.000000 0.000000
0.932856 -0.130382 0.335828
0.570722 -0.079768 0.817260
0.000000 0.000000 1.000000
1.000000 0.000724 -0.000078
1.000000 0.000778 -0.000039
1.000000 0.000832 0.000000
-0.175756 0.336251 -0.925227
-0.088228 0.351294 -0.932099
0.000000 0.363548 -0.931575
-1.000000 -0.000724 0.000000
0.678822 0.734303 0.000000
0.225958 0.972317 -0.059529
-0.286849 0.952394 -0.103266
-0.647591 0.761988 0.000002
-0.647591 0.761988 0.000000
-0.647591 0.761988 -0.000001
-0.311271 0.663576 0.680278
-0.170754 0.362405 0.916245
-0.001871 0.001029 0.999998
-0.979989 0.160123 0.118248
0.023609 -0.201536 0.979197
0.982840 -0.184461 0.000000
0.430210 0.235395 -0.871498
0.233969 -0.090339 -0.968038
0.001713 -0.402167 -0.915565
0.357459 -0.751282 -0.554795
0.264297 0.369262 -0.890950
-0.192881 0.981222 0.000001
0.986891 -0.160450 0.017397
0.985045 -0.172079 0.008700
0.982988 -0.183670 0.000000
0.000000 0.341700 -0.939809
-0.981392 0.190898 -0.020699
-0.984386 0.175717 -0.010351
-0.987040 0.160475 0.000000
0.000000 0.994173 -0.107796
-0.955940 -0.293561 0.000006
-0.955941 -0.293560 0.000002
-0.955941 -0.293559 -0.000001
-0.002689 0.000981 0.999996
-0.002549 0.000799 0.999996
-0.002410 0.000617 0.999997
1.000000 0.000000 0.000003
1.000000 -0.000000 0.000002
1.000000 -0.000000 0.000000
0.002519 -0.000617 -0.999997
0.002464 -0.000841 -0.999997
0.002410 -0.001065 -0.999997
-0.422588 0.906322 -0.000002
-0.422588 0.906322 -0.000000
-0.422588 0.906322 0.000001
-0.964058 -0.265692 0.000001
-0.964058 -0.265692 -0.000000
-0.964058 -0.265691 -0.000001
-0.001921 0.001129 0.999998
-0.001843 0.000983 0.999998
-0.001765 0.000837 0.999998
0.990967 -0.134107 0.000003
0.990967 -0.134107 0.000002
0.990967 -0.134108 0.000000
0.001829 -0.000846 -0.999998
0.001797 -0.001009 -0.999998
0.001765 -0.001171 -0.999998
-0.309207 0.950995 -0.000001
-0.309208 0.950995 0.000000
-0.309208 0.950995 0.000002
-0.987782 0.155843 0.000001
-0.987782 0.155843 -0.000000
-0.987782 0.155843 -0.000002
0.000831 0.000409 1.000000
0.000691 0.000500 1.000000
0.000550 0.000590 1.000000
0.999563 0.029556 0.000003
0.999563 0.029556 0.000002
0.999563 0.029555 0.000000
-0.000856 -0.000599 -0.999999
-0.000703 -0.000526 -1.000000
-0.000550 -0.000453 -1.000000
0.125543 0.992088 0.000000
0.125544 0.992088 -0.000002
0.125544 0.992088 -0.000004
0.001529 -0.999999 0.000000
0.001529 -0.999999 0.000000
0.001529 -0.999999 0.000000
-0.001404 0.001938 -0.999997
-0.000701 0.002023 -0.999998
0.000002 0.002107 -0.999998
-0.999995 -0.002416 0.001957
-0.999998 -0.001784 0.001210
-0.999999 -0.001151 0.000464
-0.000928 0.001291 0.999999
-0.000464 0.001253 0.999999
0.000000 0.001215 0.999999
0.999561 0.029555 -0.001925
0.999546 0.030121 -0.001213
0.999529 0.030687 -0.000501
-0.584479 0.811406 0.002108
-0.584482 0.811404 0.002108
-0.584484 0.811402 0.002108
-0.000000 -0.999999 0.001282
-0.000000 -0.999999 0.001282
0.000000 -0.999999 0.001282
-0.001976 0.002732 -0.999994
-0.000987 0.002708 -0.999996
0.000002 0.002684 -0.999996
-0.984651 0.171768 0.030949
-0.985560 0.164246 0.041160
-0.986310 0.156699 0.051365
-0.000936 0.001302 0.999999
-0.000468 0.001197 0.999999
0.000000 0.001092 0.999999
0.991022 -0.123677 -0.050793
0.990936 -0.124162 -0.051283
0.990850 -0.124646 -0.051773
-0.564992 0.784360 -0.256053
-0.564993 0.784360 -0.256053
-0.564994 0.784359 -0.256052
-0.000000 -0.999986 0.005231
-0.000000 -0.999986 0.005231
0.000000 -0.999986 0.005231
-0.985025 0.172414 0.000001
-0.985025 0.172414 -0.000000
-0.985025 0.172414 -0.000002
0.000327 0.000713 1.000000
0.000419 0.000650 1.000000
0.000511 0.000587 1.000000
0.999514 0.031165 0.000003
0.999514 0.031165 0.000002
0.999514 0.031165 0.000000
-0.000388 -0.000584 -1.000000
-0.000449 -0.000632 -1.000000
-0.000510 -0.000681 -1.000000
-0.425617 0.904904 0.000001
-0.425616 0.904904 -0.000001
-0.425616 0.904904 -0.000003
0.005816 -0.999983 0.000000
0.005816 -0.999983 0.000000
0.005816 -0.999983 0.000000
0.000009 0.000002 1.000000
0.000003 0.000002 1.000000
-0.000004 0.000001 1.000000
0.950976 0.309213 -0.005648
0.951842 0.306510 -0.006968
0.952699 0.303804 -0.008287
0.000992 -0.000223 -1.000000
0.000498 -0.000510 -1.000000
0.000004 -0.000797 -1.000000
-0.968829 -0.247720 0.002379
-0.967281 -0.253649 0.005390
-0.965689 -0.259566 0.008400
-0.971022 0.224538 -0.081843
-0.430117 0.900420 -0.065139
0.433237 0.901280 0.000399
0.000007 0.000000 1.000000
0.000001 0.000001 1.000000
-0.000004 0.000001 1.000000
0.996983 0.000597 -0.077615
0.997666 0.029591 -0.061538
0.997252 0.058553 -0.045393
0.000009 -0.000424 -1.000000
0.000007 -0.000425 -1.000000
0.000004 -0.000426 -1.000000
-0.993914 -0.058337 0.093447
-0.997151 -0.029488 0.069428
-0.998973 -0.000598 0.045311
0.000003 0.963381 -0.268136
0.000000 0.963381 -0.268136
-0.000002 0.963381 -0.268136
-0.000000 -0.999996 0.002760
-0.000000 -0.999996 0.002760
-0.000000 -0.999996 0.002760
0.882947 0.000000 0.469473
0.469471 0.000000 -0.882948
-0.882947 0.000000 -0.469473
-0.469472 0.000000 0.882947
0.669133 0.000000 -0.743143
-0.743142 0.000000 -0.669134
-0.669133 0.000000 0.743143
0.743144 0.000000 0.669131
-0.734473 0.000000 0.678638
0.809018 0.000000 0.587784
0.734471 0.000000 -0.678640
-0.809016 0.000000 -0.587787
180
0 0 1 2 0 1 1 1
0 1 3 2 1 2 1 1
0 4 5 6 3 4 4 2
0 5 7 6 4 5 4 2
0 8 9 10 6 7 7 1
0 9 11 10 7 8 7 1
0 12 13 14 9 10 10 2
0 13 15 14 10 11 10 2
0 12 16 6 12 12 12 3
0 16 17 6 12 12 12 3
0 18 13 19 13 13 13 3
0 13 7 19 13 13 13 3
0 20 21 22 14 15 15 1
0 21 23 22 15 16 15 1
0 24 25 26 17 18 18 2
0 25 27 26 18 19 18 2
0 28 29 30 20 21 21 1
0 29 31 30 21 22 21 1
0 32 33 34 23 23 23 2
0 33 35 34 23 23 23 2
0 32 36 26 24 25 25 3
0 36 37 26 25 26 25 3
0 38 33 39 13 13 13 3
0 33 27 39 13 13 13 3
0 40 41 42 27 28 28 1
0 41 43 42 28 29 28 1
0 44 45 46 30 31 31 2
0 45 47 46 31 32 31 2
0 48 49 50 33 34 34 1
0 49 51 50 34 35 34 1
0 52 53 54 36 37 37 2
0 53 55 54 37 38 37 2
0 52 56 46 39 40 40 3
0 56 57 46 40 41 40 3
0 58 53 59 13 13 13 3
0 53 47 59 13 13 13 3
0 60 61 62 16 16 16 1
0 61 63 62 16 16 16 1
0 64 65 66 42 43 43 2
0 65 67 66 43 44 43 2
0 68 69 70 45 45 45 1
0 69 71 70 45 45 45 1
0 72 73 74 46 47 47 2
0 73 75 74 47 48 47 2
0 72 76 66 49 49 49 3
0 76 77 66 49 49 49 3
0 78 73 79 13 13 13 3
0 73 67 79 13 13 13 3
0 80 81 82 50 51 51 1
0 81 83 82 51 52 51 1
0 84 85 86 53 54 54 2
0 85 87 86 54 55 54 2
0 88 89 90 56 57 57 1
0 89 91 90 57 58 57 1
0 92 93 94 59 60 60 2
0 93 95 94 60 61 60 2
0 92 96 86 62 63 63 3
0 96 97 86 63 64 63 3
0 98 93 99 13 13 13 3
0 93 87 99 13 13 13 3
0 100 101 102 65 66 66 1
0 101 103 102 66 67 66 1
0 104 105 106 68 69 69 2
0 105 107 106 69 70 69 2
0 108 109 110 71 72 72 1
0 109 111 110 72 73 72 1
0 112 113 114 74 75 75 2
0 113 115 114 75 76 75 2
0 112 116 106 77 78 78 3
0 116 117 106 78 79 78 3
0 118 113 119 13 13 13 3
0 113 107 119 13 13 13 3
0 120 121 122 80 81 81 1
0 121 123 122 81 82 81 1
0 124 125 126 83 84 84 2
0 125 127 126 84 85 84 2
0 128 129 130 86 87 87 1
0 129 131 130 87 88 87 1
0 132 133 134 89 90 90 2
0 133 135 134 90 91 90 2
0 132 136 126 92 93 93 3
0 136 137 126 93 94 93 3
0 138 133 139 95 96 96 3
0 133 127 139 96 97 96 3
0 140 141 142 98 99 99 1
0 141 143 142 99 100 99 1
0 144 145 146 101 102 102 2
0 145 147 146 102 103 102 2
0 148 149 150 104 105 105 1
0 149 151 150 105 106 105 1
0 152 153 154 107 108 108 2
0 153 155 154 108 109 108 2
0 152 156 146 110 111 111 3
0 156 157 146 111 112 111 3
0 158 153 159 113 114 114 3
0 153 147 159 114 115 114 3
0 160 161 162 116 117 117 1
0 161 163 162 117 118 117 1
0 164 165 166 119 120 120 2
0 165 167 166 120 121 120 2
0 168 169 170 122 123 123 1
0 169 171 170 123 124 123 1
0 172 173 174 125 126 126 2
0 173 175 174 126 127 126 2
0 172 176 166 128 129 129 3
0 176 177 166 129 130 129 3
0 178 173 179 131 132 132 3
0 173 167 179 132 133 132 3
0 180 181 182 134 135 135 1
0 181 183 182 135 136 135 1
0 184 185 186 137 138 138 2
0 185 187 186 138 139 138 2
0 188 189 190 140 141 141 1
0 189 191 190 141 142 141 1
0 192 193 194 143 144 144 2
0 193 195 194 144 145 144 2
0 192 196 186 146 147 147 3
0 196 197 186 147 148 147 3
0 198 193 199 149 150 150 3
0 193 187 199 150 151 150 3
0 200 201 202 152 153 153 1
0 201 203 202 153 154 153 1
0 204 205 206 155 156 156 2
0 205 207 206 156 157 156 2
0 208 209 210 158 159 159 1
0 209 211 210 159 160 159 1
0 212 213 214 161 162 162 2
0 213 215 214 162 163 162 2
0 212 216 206 164 165 165 3
0 216 217 206 165 166 165 3
0 218 213 219 13 13 13 3
0 213 207 219 13 13 13 3
0 220 221 222 167 168 168 1
0 221 223 222 168 169 168 1
0 224 225 226 170 171 171 2
0 225 227 226 171 172 171 2
0 228 229 230 173 174 174 1
0 229 231 230 174 175 174 1
0 232 233 234 176 177 177 2
0 233 235 234 177 178 177 2
0 232 236 226 179 180 180 3
0 236 237 226 180 181 180 3
0 238 233 239 182 183 183 3
0 233 227 239 183 184 183 3
0 240 241 242 185 185 185 1
0 241 243 242 185 185 185 1
0 244 245 246 186 186 186 2
0 245 247 246 186 186 186 2
0 248 249 250 187 187 187 1
0 249 251 250 187 187 187 1
0 252 253 254 188 188 188 2
0 253 255 254 188 188 188 2
0 252 256 246 12 12 12 3
0 256 257 246 12 12 12 3
0 258 253 259 13 13 13 3
0 253 247 259 13 13 13 3
0 260 261 262 189 189 189 1
0 261 263 262 189 189 189 1
0 264 265 266 190 190 190 2
0 265 267 266 190 190 190 2
0 268 269 270 191 191 191 1
0 269 271 270 191 191 191 1
0 272 273 274 192 192 192 2
0 273 275 274 192 192 192 2
0 272 276 266 12 12 12 3
0 276 277 266 12 12 12 3
0 278 273 279 13 13 13 3
0 273 267 279 13 13 13 3
0 280 281 282 193 193 193 1
0 281 283 282 193 193 193 1
0 284 285 286 194 194 194 2
0 285 287 286 194 194 194 2
0 288 289 290 195 195 195 1
0 289 291 290 195 195 195 1
0 292 293 294 196 196 196 2
0 293 295 294 196 196 196 2
0 292 296 286 12 12 12 3
0 296 297 286 12 12 12 3
0 298 293 299 13 13 13 3
0 293 287 299 13 13 13 3

Materials: 4
"windows"
0.800000 0.800000 0.800000 1.000000
0.800000 0.800000 0.800000 1.000000
0.000000 0.000000 0.000000 1.000000
0.000000 0.000000 0.000000 1.000000
0.000000
1.000000
".\builds1.bmp"
""
"stacks"
0.800000 0.800000 0.800000 1.000000
0.800000 0.800000 0.800000 1.000000
0.000000 0.000000 0.000000 1.000000
0.000000 0.000000 0.000000 1.000000
0.000000
1.000000
".\builds1.bmp"
""
"framegrey"
0.800000 0.800000 0.800000 1.000000
0.800000 0.800000 0.800000 1.000000
0.000000 0.000000 0.000000 1.000000
0.000000 0.000000 0.000000 1.000000
0.000000
1.000000
".\builds1.bmp"
""
"beams"
0.800000 0.800000 0.800000 1.000000
0.800000 0.800000 0.800000 1.000000
0.000000 0.000000 0.000000 1.000000
0.000000 0.000000 0.000000 1.000000
0.000000
1.000000
".\builds1.bmp"
""

Bones: 0
GroupComments: 0
MaterialComments: 0
BoneComments: 0
ModelComment: 0
