// MilkShape 3D ASCII

Frames: 30
Frame: 1

Meshes: 3
"walls" 0 0
20
0 -45.000008 102.167854 31.260397 0.376593 0.409591 -1
0 -45.000008 -0.332150 31.260397 0.376593 0.491211 -1
0 44.999992 102.167854 31.260397 0.499872 0.409591 -1
0 44.999992 -0.332150 31.260397 0.499872 0.491211 -1
0 44.999992 102.167854 31.260397 0.498700 0.408600 -1
0 44.999992 -0.332150 31.260397 0.498700 0.491110 -1
0 44.999992 102.167854 -31.239603 0.375045 0.408600 -1
0 44.999992 -0.332150 -31.239603 0.375045 0.491110 -1
0 44.999992 102.167854 -31.239603 0.499872 0.409591 -1
0 44.999992 -0.332150 -31.239603 0.499872 0.491211 -1
0 -45.000008 102.167854 -31.239603 0.376593 0.409591 -1
0 -45.000008 -0.332150 -31.239603 0.376593 0.491211 -1
0 -45.000008 102.167854 -31.239603 0.375045 0.408600 -1
0 -45.000008 -0.332150 -31.239603 0.375045 0.491110 -1
0 -45.000008 102.167854 31.260397 0.498700 0.408600 -1
0 -45.000008 -0.332150 31.260397 0.498700 0.491110 -1
0 -45.000008 -0.332150 31.260397 0.301214 0.892323 -1
0 -45.000008 -0.332150 -31.239603 0.301214 0.921560 -1
0 44.999992 -0.332150 31.260397 0.332986 0.892323 -1
0 44.999992 -0.332150 -31.239603 0.332986 0.921560 -1
5
0.000000 0.000000 1.000000
1.000000 0.000000 0.000000
0.000000 0.000000 -1.000000
-1.000000 0.000000 0.000000
0.000000 -1.000000 0.000000
10
0 0 1 2 0 0 0 1
0 1 3 2 0 0 0 1
0 4 5 6 1 1 1 2
0 5 7 6 1 1 1 2
0 8 9 10 2 2 2 1
0 9 11 10 2 2 2 1
0 12 13 14 3 3 3 2
0 13 15 14 3 3 3 2
0 16 17 18 4 4 4 3
0 17 19 18 4 4 4 3
"windows" 0 1
896
0 -23.973488 97.251251 -29.452736 0.435694 0.001446 -1
0 -23.973488 85.584595 -29.452736 0.435694 0.122731 -1
0 -23.958338 97.251251 -32.765244 0.557261 0.001446 -1
0 -23.958338 85.584595 -32.765244 0.557261 0.122731 -1
0 -23.958338 97.251251 -32.765244 0.436130 0.001252 -1
0 -23.958338 85.584595 -32.765244 0.436130 0.122612 -1
0 -35.624996 97.251251 -32.765244 0.557146 0.001252 -1
0 -35.624996 85.584595 -32.765244 0.557146 0.122612 -1
0 -35.624996 97.251251 -32.765244 0.435694 0.001446 -1
0 -35.624996 85.584595 -32.765244 0.435694 0.122731 -1
0 -35.640148 97.251251 -29.452736 0.557261 0.001446 -1
0 -35.640148 85.584595 -29.452736 0.557261 0.122731 -1
0 -35.640148 97.251251 -29.452736 0.435694 0.122731 -1
0 -23.973488 97.251251 -29.452736 0.557261 0.122731 -1
0 -35.640148 85.584595 -29.452736 0.435694 0.001446 -1
0 -23.973488 85.584595 -29.452736 0.557261 0.001446 -1
0 -3.765156 97.251251 -29.399323 0.435694 0.001446 -1
0 -3.765156 85.584595 -29.399323 0.435694 0.122731 -1
0 -3.750002 97.251251 -32.711823 0.557261 0.001446 -1
0 -3.750002 85.584595 -32.711823 0.557261 0.122731 -1
0 -3.750002 97.251251 -32.711823 0.435241 0.001429 -1
0 -3.750002 85.584595 -32.711823 0.435241 0.122752 -1
0 -15.416661 97.251251 -32.711823 0.556968 0.001429 -1
0 -15.416661 85.584595 -32.711823 0.556968 0.122752 -1
0 -15.416661 97.251251 -32.711823 0.435694 0.001446 -1
0 -15.416661 85.584595 -32.711823 0.435694 0.122731 -1
0 -15.431815 97.251251 -29.399323 0.557261 0.001446 -1
0 -15.431815 85.584595 -29.399323 0.557261 0.122731 -1
0 -15.431815 97.251251 -29.399323 0.435694 0.122731 -1
0 -3.765156 97.251251 -29.399323 0.557261 0.122731 -1
0 -15.431815 85.584595 -29.399323 0.435694 0.001446 -1
0 -3.765156 85.584595 -29.399323 0.557261 0.001446 -1
0 16.339010 97.260773 -29.435776 0.435694 0.001446 -1
0 16.339010 85.594116 -29.435776 0.435694 0.122731 -1
0 16.354162 97.260773 -32.748276 0.557261 0.001446 -1
0 16.354162 85.594116 -32.748276 0.557261 0.122731 -1
0 16.354162 97.260773 -32.748276 0.435320 0.001049 -1
0 16.354162 85.594116 -32.748276 0.435320 0.122764 -1
0 4.687501 97.260773 -32.748276 0.556116 0.001049 -1
0 4.687501 85.594116 -32.748276 0.556116 0.122764 -1
0 4.687501 97.260773 -32.748276 0.435694 0.001446 -1
0 4.687501 85.594116 -32.748276 0.435694 0.122731 -1
0 4.672350 97.260773 -29.435776 0.557261 0.001446 -1
0 4.672350 85.594116 -29.435776 0.557261 0.122731 -1
0 4.672350 97.260773 -29.435776 0.435694 0.122731 -1
0 16.339010 97.260773 -29.435776 0.557261 0.122731 -1
0 4.672350 85.594116 -29.435776 0.435694 0.001446 -1
0 16.339010 85.594116 -29.435776 0.557261 0.001446 -1
0 36.547344 97.260773 -29.382355 0.435694 0.001446 -1
0 36.547344 85.594116 -29.382355 0.435694 0.122731 -1
0 36.562496 97.260773 -32.694855 0.557261 0.001446 -1
0 36.562496 85.594116 -32.694855 0.557261 0.122731 -1
0 36.562496 97.260773 -32.694855 0.435805 0.001614 -1
0 36.562496 85.594116 -32.694855 0.435805 0.122862 -1
0 24.895838 97.260773 -32.694855 0.557358 0.001614 -1
0 24.895838 85.594116 -32.694855 0.557358 0.122862 -1
0 24.895838 97.260773 -32.694855 0.435694 0.001446 -1
0 24.895838 85.594116 -32.694855 0.435694 0.122731 -1
0 24.880684 97.260773 -29.382355 0.557261 0.001446 -1
0 24.880684 85.594116 -29.382355 0.557261 0.122731 -1
0 24.880684 97.260773 -29.382355 0.435694 0.122731 -1
0 36.547344 97.260773 -29.382355 0.557261 0.122731 -1
0 24.880684 85.594116 -29.382355 0.435694 0.001446 -1
0 36.547344 85.594116 -29.382355 0.557261 0.001446 -1
0 -23.973488 72.390121 -29.452736 0.435694 0.001446 -1
0 -23.973488 60.723423 -29.452736 0.435694 0.122731 -1
0 -23.958338 72.390121 -32.765244 0.557261 0.001446 -1
0 -23.958338 60.723423 -32.765244 0.557261 0.122731 -1
0 -23.958338 72.390121 -32.765244 0.435452 0.001455 -1
0 -23.958338 60.723423 -32.765244 0.435452 0.122926 -1
0 -35.624996 72.390121 -32.765244 0.556482 0.001455 -1
0 -35.624996 60.723423 -32.765244 0.556482 0.122926 -1
0 -35.624996 72.390121 -32.765244 0.435694 0.001446 -1
0 -35.624996 60.723423 -32.765244 0.435694 0.122731 -1
0 -35.640148 72.390121 -29.452736 0.557261 0.001446 -1
0 -35.640148 60.723423 -29.452736 0.557261 0.122731 -1
0 -35.640148 72.390121 -29.452736 0.435694 0.122731 -1
0 -23.973488 72.390121 -29.452736 0.557261 0.122731 -1
0 -35.640148 60.723423 -29.452736 0.435694 0.001446 -1
0 -23.973488 60.723423 -29.452736 0.557261 0.001446 -1
0 -3.765156 72.390121 -29.399323 0.435694 0.001446 -1
0 -3.765156 60.723423 -29.399323 0.435694 0.122731 -1
0 -3.750002 72.390121 -32.711823 0.557261 0.001446 -1
0 -3.750002 60.723423 -32.711823 0.557261 0.122731 -1
0 -3.750002 72.390121 -32.711823 0.436060 0.000768 -1
0 -3.750002 60.723423 -32.711823 0.436060 0.122626 -1
0 -15.416661 72.390121 -32.711823 0.556913 0.000768 -1
0 -15.416661 60.723423 -32.711823 0.556913 0.122626 -1
0 -15.416661 72.390121 -32.711823 0.435694 0.001446 -1
0 -15.416661 60.723423 -32.711823 0.435694 0.122731 -1
0 -15.431815 72.390121 -29.399323 0.557261 0.001446 -1
0 -15.431815 60.723423 -29.399323 0.557261 0.122731 -1
0 -15.431815 72.390121 -29.399323 0.435694 0.122731 -1
0 -3.765156 72.390121 -29.399323 0.557261 0.122731 -1
0 -15.431815 60.723423 -29.399323 0.435694 0.001446 -1
0 -3.765156 60.723423 -29.399323 0.557261 0.001446 -1
0 16.339010 72.399628 -29.435776 0.435694 0.001446 -1
0 16.339010 60.732941 -29.435776 0.435694 0.122731 -1
0 16.354162 72.399628 -32.748276 0.557261 0.001446 -1
0 16.354162 60.732941 -32.748276 0.557261 0.122731 -1
0 16.354162 72.399628 -32.748276 0.435366 0.001068 -1
0 16.354162 60.732941 -32.748276 0.435366 0.122946 -1
0 4.687501 72.399628 -32.748276 0.556909 0.001068 -1
0 4.687501 60.732941 -32.748276 0.556909 0.122946 -1
0 4.687501 72.399628 -32.748276 0.435694 0.001446 -1
0 4.687501 60.732941 -32.748276 0.435694 0.122731 -1
0 4.672350 72.399628 -29.435776 0.557261 0.001446 -1
0 4.672350 60.732941 -29.435776 0.557261 0.122731 -1
0 4.672350 72.399628 -29.435776 0.435694 0.122731 -1
0 16.339010 72.399628 -29.435776 0.557261 0.122731 -1
0 4.672350 60.732941 -29.435776 0.435694 0.001446 -1
0 16.339010 60.732941 -29.435776 0.557261 0.001446 -1
0 36.547344 72.399628 -29.382355 0.435694 0.001446 -1
0 36.547344 60.732941 -29.382355 0.435694 0.122731 -1
0 36.562496 72.399628 -32.694855 0.557261 0.001446 -1
0 36.562496 60.732941 -32.694855 0.557261 0.122731 -1
0 36.562496 72.399628 -32.694855 0.435728 0.001480 -1
0 36.562496 60.732941 -32.694855 0.435728 0.122785 -1
0 24.895838 72.399628 -32.694855 0.556337 0.001480 -1
0 24.895838 60.732941 -32.694855 0.556337 0.122785 -1
0 24.895838 72.399628 -32.694855 0.435694 0.001446 -1
0 24.895838 60.732941 -32.694855 0.435694 0.122731 -1
0 24.880684 72.399628 -29.382355 0.557261 0.001446 -1
0 24.880684 60.732941 -29.382355 0.557261 0.122731 -1
0 24.880684 72.399628 -29.382355 0.435694 0.122731 -1
0 36.547344 72.399628 -29.382355 0.557261 0.122731 -1
0 24.880684 60.732941 -29.382355 0.435694 0.001446 -1
0 36.547344 60.732941 -29.382355 0.557261 0.001446 -1
0 -23.973488 47.091461 -29.452736 0.435694 0.001446 -1
0 -23.973488 35.424801 -29.452736 0.435694 0.122731 -1
0 -23.958338 47.091461 -32.765244 0.557261 0.001446 -1
0 -23.958338 35.424801 -32.765244 0.557261 0.122731 -1
0 -23.958338 47.091461 -32.765244 0.435905 0.000883 -1
0 -23.958338 35.424801 -32.765244 0.435905 0.122718 -1
0 -35.624996 47.091461 -32.765244 0.557936 0.000883 -1
0 -35.624996 35.424801 -32.765244 0.557936 0.122718 -1
0 -35.624996 47.091461 -32.765244 0.435694 0.001446 -1
0 -35.624996 35.424801 -32.765244 0.435694 0.122731 -1
0 -35.640148 47.091461 -29.452736 0.557261 0.001446 -1
0 -35.640148 35.424801 -29.452736 0.557261 0.122731 -1
0 -35.640148 47.091461 -29.452736 0.435694 0.122731 -1
0 -23.973488 47.091461 -29.452736 0.557261 0.122731 -1
0 -35.640148 35.424801 -29.452736 0.435694 0.001446 -1
0 -23.973488 35.424801 -29.452736 0.557261 0.001446 -1
0 -3.765156 47.091461 -29.399323 0.435694 0.001446 -1
0 -3.765156 35.424801 -29.399323 0.435694 0.122731 -1
0 -3.750002 47.091461 -32.711823 0.557261 0.001446 -1
0 -3.750002 35.424801 -32.711823 0.557261 0.122731 -1
0 -3.750002 47.091461 -32.711823 0.435778 0.001032 -1
0 -3.750002 35.424801 -32.711823 0.435778 0.122679 -1
0 -15.416661 47.091461 -32.711823 0.557193 0.001032 -1
0 -15.416661 35.424801 -32.711823 0.557193 0.122679 -1
0 -15.416661 47.091461 -32.711823 0.435694 0.001446 -1
0 -15.416661 35.424801 -32.711823 0.435694 0.122731 -1
0 -15.431815 47.091461 -29.399323 0.557261 0.001446 -1
0 -15.431815 35.424801 -29.399323 0.557261 0.122731 -1
0 -15.431815 47.091461 -29.399323 0.435694 0.122731 -1
0 -3.765156 47.091461 -29.399323 0.557261 0.122731 -1
0 -15.431815 35.424801 -29.399323 0.435694 0.001446 -1
0 -3.765156 35.424801 -29.399323 0.557261 0.001446 -1
0 16.339010 47.100986 -29.435776 0.435694 0.001446 -1
0 16.339010 35.434330 -29.435776 0.435694 0.122731 -1
0 16.354162 47.100986 -32.748276 0.557261 0.001446 -1
0 16.354162 35.434330 -32.748276 0.557261 0.122731 -1
0 16.354162 47.100986 -32.748276 0.435596 0.001574 -1
0 16.354162 35.434330 -32.748276 0.435596 0.122746 -1
0 4.687501 47.100986 -32.748276 0.556799 0.001574 -1
0 4.687501 35.434330 -32.748276 0.556799 0.122746 -1
0 4.687501 47.100986 -32.748276 0.435694 0.001446 -1
0 4.687501 35.434330 -32.748276 0.435694 0.122731 -1
0 4.672350 47.100986 -29.435776 0.557261 0.001446 -1
0 4.672350 35.434330 -29.435776 0.557261 0.122731 -1
0 4.672350 47.100986 -29.435776 0.435694 0.122731 -1
0 16.339010 47.100986 -29.435776 0.557261 0.122731 -1
0 4.672350 35.434330 -29.435776 0.435694 0.001446 -1
0 16.339010 35.434330 -29.435776 0.557261 0.001446 -1
0 36.547344 47.100986 -29.382355 0.435694 0.001446 -1
0 36.547344 35.434330 -29.382355 0.435694 0.122731 -1
0 36.562496 47.100986 -32.694855 0.557261 0.001446 -1
0 36.562496 35.434330 -32.694855 0.557261 0.122731 -1
0 36.562496 47.100986 -32.694855 0.435627 0.001214 -1
0 36.562496 35.434330 -32.694855 0.435627 0.122936 -1
0 24.895838 47.100986 -32.694855 0.557426 0.001214 -1
0 24.895838 35.434330 -32.694855 0.557426 0.122936 -1
0 24.895838 47.100986 -32.694855 0.435694 0.001446 -1
0 24.895838 35.434330 -32.694855 0.435694 0.122731 -1
0 24.880684 47.100986 -29.382355 0.557261 0.001446 -1
0 24.880684 35.434330 -29.382355 0.557261 0.122731 -1
0 24.880684 47.100986 -29.382355 0.435694 0.122731 -1
0 36.547344 47.100986 -29.382355 0.557261 0.122731 -1
0 24.880684 35.434330 -29.382355 0.435694 0.001446 -1
0 36.547344 35.434330 -29.382355 0.557261 0.001446 -1
0 -23.973488 21.039885 -29.452736 0.435694 0.001446 -1
0 -23.973488 9.373224 -29.452736 0.435694 0.122731 -1
0 -23.958338 21.039885 -32.765244 0.557261 0.001446 -1
0 -23.958338 9.373224 -32.765244 0.557261 0.122731 -1
0 -23.958338 21.039885 -32.765244 0.435560 0.001091 -1
0 -23.958338 9.373224 -32.765244 0.435560 0.122766 -1
0 -35.624996 21.039885 -32.765244 0.557176 0.001091 -1
0 -35.624996 9.373224 -32.765244 0.557176 0.122766 -1
0 -35.624996 21.039885 -32.765244 0.435694 0.001446 -1
0 -35.624996 9.373224 -32.765244 0.435694 0.122731 -1
0 -35.640148 21.039885 -29.452736 0.557261 0.001446 -1
0 -35.640148 9.373224 -29.452736 0.557261 0.122731 -1
0 -35.640148 21.039885 -29.452736 0.435694 0.122731 -1
0 -23.973488 21.039885 -29.452736 0.557261 0.122731 -1
0 -35.640148 9.373224 -29.452736 0.435694 0.001446 -1
0 -23.973488 9.373224 -29.452736 0.557261 0.001446 -1
0 -3.765156 21.039885 -29.399323 0.435694 0.001446 -1
0 -3.765156 9.373224 -29.399323 0.435694 0.122731 -1
0 -3.750002 21.039885 -32.711823 0.557261 0.001446 -1
0 -3.750002 9.373224 -32.711823 0.557261 0.122731 -1
0 -3.750002 21.039885 -32.711823 0.435950 0.001091 -1
0 -3.750002 9.373224 -32.711823 0.435950 0.122766 -1
0 -15.416661 21.039885 -32.711823 0.557566 0.001091 -1
0 -15.416661 9.373224 -32.711823 0.557566 0.122766 -1
0 -15.416661 21.039885 -32.711823 0.435694 0.001446 -1
0 -15.416661 9.373224 -32.711823 0.435694 0.122731 -1
0 -15.431815 21.039885 -29.399323 0.557261 0.001446 -1
0 -15.431815 9.373224 -29.399323 0.557261 0.122731 -1
0 -15.431815 21.039885 -29.399323 0.435694 0.122731 -1
0 -3.765156 21.039885 -29.399323 0.557261 0.122731 -1
0 -15.431815 9.373224 -29.399323 0.435694 0.001446 -1
0 -3.765156 9.373224 -29.399323 0.557261 0.001446 -1
0 16.339010 21.049402 -29.435776 0.435694 0.001446 -1
0 16.339010 9.382742 -29.435776 0.435694 0.122731 -1
0 16.354162 21.049402 -32.748276 0.557261 0.001446 -1
0 16.354162 9.382742 -32.748276 0.557261 0.122731 -1
0 16.354162 21.049402 -32.748276 0.435355 0.000745 -1
0 16.354162 9.382742 -32.748276 0.435355 0.122587 -1
0 4.687501 21.049402 -32.748276 0.556872 0.000745 -1
0 4.687501 9.382742 -32.748276 0.556872 0.122587 -1
0 4.687501 21.049402 -32.748276 0.435694 0.001446 -1
0 4.687501 9.382742 -32.748276 0.435694 0.122731 -1
0 4.672350 21.049402 -29.435776 0.557261 0.001446 -1
0 4.672350 9.382742 -29.435776 0.557261 0.122731 -1
0 4.672350 21.049402 -29.435776 0.435694 0.122731 -1
0 16.339010 21.049402 -29.435776 0.557261 0.122731 -1
0 4.672350 9.382742 -29.435776 0.435694 0.001446 -1
0 16.339010 9.382742 -29.435776 0.557261 0.001446 -1
0 36.547344 21.049402 -29.382355 0.435694 0.001446 -1
0 36.547344 9.382742 -29.382355 0.435694 0.122731 -1
0 36.562496 21.049402 -32.694855 0.557261 0.001446 -1
0 36.562496 9.382742 -32.694855 0.557261 0.122731 -1
0 36.562496 21.049402 -32.694855 0.435125 0.001006 -1
0 36.562496 9.382742 -32.694855 0.435125 0.122702 -1
0 24.895838 21.049402 -32.694855 0.557626 0.001006 -1
0 24.895838 9.382742 -32.694855 0.557626 0.122702 -1
0 24.895838 21.049402 -32.694855 0.435694 0.001446 -1
0 24.895838 9.382742 -32.694855 0.435694 0.122731 -1
0 24.880684 21.049402 -29.382355 0.557261 0.001446 -1
0 24.880684 9.382742 -29.382355 0.557261 0.122731 -1
0 24.880684 21.049402 -29.382355 0.435694 0.122731 -1
0 36.547344 21.049402 -29.382355 0.557261 0.122731 -1
0 24.880684 9.382742 -29.382355 0.435694 0.001446 -1
0 36.547344 9.382742 -29.382355 0.557261 0.001446 -1
0 -23.958338 97.251251 32.965233 0.557483 0.000995 -1
0 -23.973488 85.584595 29.652723 0.435178 0.122735 -1
0 -23.973488 97.251251 29.652723 0.435178 0.000995 -1
0 -23.958338 85.584595 32.965233 0.557483 0.122735 -1
0 -35.624996 97.251251 32.965233 0.557146 0.001252 -1
0 -23.958338 85.584595 32.965233 0.436130 0.122612 -1
0 -23.958338 97.251251 32.965233 0.436130 0.001252 -1
0 -35.624996 85.584595 32.965233 0.557146 0.122612 -1
0 -35.640148 97.251251 29.652723 0.557483 0.000995 -1
0 -35.624996 85.584595 32.965233 0.435178 0.122735 -1
0 -35.624996 97.251251 32.965233 0.435178 0.000995 -1
0 -35.640148 85.584595 29.652723 0.557483 0.122735 -1
0 -35.640148 97.251251 29.652723 0.435178 0.122735 -1
0 -23.973488 97.251251 29.652723 0.557483 0.122735 -1
0 -23.973488 85.584595 29.652723 0.557483 0.000995 -1
0 -35.640148 85.584595 29.652723 0.435178 0.000995 -1
0 -3.750002 97.251251 32.911812 0.557483 0.000995 -1
0 -3.765156 85.584595 29.599318 0.435178 0.122735 -1
0 -3.765156 97.251251 29.599318 0.435178 0.000995 -1
0 -3.750002 85.584595 32.911812 0.557483 0.122735 -1
0 -15.416661 97.251251 32.911812 0.556968 0.001429 -1
0 -3.750002 85.584595 32.911812 0.435241 0.122752 -1
0 -3.750002 97.251251 32.911812 0.435241 0.001429 -1
0 -15.416661 85.584595 32.911812 0.556968 0.122752 -1
0 -15.431815 97.251251 29.599318 0.557483 0.000995 -1
0 -15.416661 85.584595 32.911812 0.435178 0.122735 -1
0 -15.416661 97.251251 32.911812 0.435178 0.000995 -1
0 -15.431815 85.584595 29.599318 0.557483 0.122735 -1
0 -15.431815 97.251251 29.599318 0.435178 0.122735 -1
0 -3.765156 97.251251 29.599318 0.557483 0.122735 -1
0 -3.765156 85.584595 29.599318 0.557483 0.000995 -1
0 -15.431815 85.584595 29.599318 0.435178 0.000995 -1
0 16.354162 97.260773 32.948265 0.557483 0.000995 -1
0 16.339010 85.594116 29.635771 0.435178 0.122735 -1
0 16.339010 97.260773 29.635771 0.435178 0.000995 -1
0 16.354162 85.594116 32.948265 0.557483 0.122735 -1
0 4.687501 97.260773 32.948265 0.556116 0.001049 -1
0 16.354162 85.594116 32.948265 0.435320 0.122764 -1
0 16.354162 97.260773 32.948265 0.435320 0.001049 -1
0 4.687501 85.594116 32.948265 0.556116 0.122764 -1
0 4.672350 97.260773 29.635771 0.557483 0.000995 -1
0 4.687501 85.594116 32.948265 0.435178 0.122735 -1
0 4.687501 97.260773 32.948265 0.435178 0.000995 -1
0 4.672350 85.594116 29.635771 0.557483 0.122735 -1
0 4.672350 97.260773 29.635771 0.435178 0.122735 -1
0 16.339010 97.260773 29.635771 0.557483 0.122735 -1
0 16.339010 85.594116 29.635771 0.557483 0.000995 -1
0 4.672350 85.594116 29.635771 0.435178 0.000995 -1
0 36.562496 97.260773 32.894844 0.557483 0.000995 -1
0 36.547344 85.594116 29.582350 0.435178 0.122735 -1
0 36.547344 97.260773 29.582350 0.435178 0.000995 -1
0 36.562496 85.594116 32.894844 0.557483 0.122735 -1
0 24.895838 97.260773 32.894844 0.557358 0.001614 -1
0 36.562496 85.594116 32.894844 0.435805 0.122862 -1
0 36.562496 97.260773 32.894844 0.435805 0.001614 -1
0 24.895838 85.594116 32.894844 0.557358 0.122862 -1
0 24.880684 97.260773 29.582350 0.557483 0.000995 -1
0 24.895838 85.594116 32.894844 0.435178 0.122735 -1
0 24.895838 97.260773 32.894844 0.435178 0.000995 -1
0 24.880684 85.594116 29.582350 0.557483 0.122735 -1
0 24.880684 97.260773 29.582350 0.435178 0.122735 -1
0 36.547344 97.260773 29.582350 0.557483 0.122735 -1
0 36.547344 85.594116 29.582350 0.557483 0.000995 -1
0 24.880684 85.594116 29.582350 0.435178 0.000995 -1
0 -23.958338 72.390121 32.965233 0.557483 0.000995 -1
0 -23.973488 60.723423 29.652723 0.435178 0.122735 -1
0 -23.973488 72.390121 29.652723 0.435178 0.000995 -1
0 -23.958338 60.723423 32.965233 0.557483 0.122735 -1
0 -35.624996 72.390121 32.965233 0.556482 0.001455 -1
0 -23.958338 60.723423 32.965233 0.435452 0.122926 -1
0 -23.958338 72.390121 32.965233 0.435452 0.001455 -1
0 -35.624996 60.723423 32.965233 0.556482 0.122926 -1
0 -35.640148 72.390121 29.652723 0.557483 0.000995 -1
0 -35.624996 60.723423 32.965233 0.435178 0.122735 -1
0 -35.624996 72.390121 32.965233 0.435178 0.000995 -1
0 -35.640148 60.723423 29.652723 0.557483 0.122735 -1
0 -35.640148 72.390121 29.652723 0.435178 0.122735 -1
0 -23.973488 72.390121 29.652723 0.557483 0.122735 -1
0 -23.973488 60.723423 29.652723 0.557483 0.000995 -1
0 -35.640148 60.723423 29.652723 0.435178 0.000995 -1
0 -3.750002 72.390121 32.911812 0.557483 0.000995 -1
0 -3.765156 60.723423 29.599318 0.435178 0.122735 -1
0 -3.765156 72.390121 29.599318 0.435178 0.000995 -1
0 -3.750002 60.723423 32.911812 0.557483 0.122735 -1
0 -15.416661 72.390121 32.911812 0.556913 0.000768 -1
0 -3.750002 60.723423 32.911812 0.436060 0.122626 -1
0 -3.750002 72.390121 32.911812 0.436060 0.000768 -1
0 -15.416661 60.723423 32.911812 0.556913 0.122626 -1
0 -15.431815 72.390121 29.599318 0.557483 0.000995 -1
0 -15.416661 60.723423 32.911812 0.435178 0.122735 -1
0 -15.416661 72.390121 32.911812 0.435178 0.000995 -1
0 -15.431815 60.723423 29.599318 0.557483 0.122735 -1
0 -15.431815 72.390121 29.599318 0.435178 0.122735 -1
0 -3.765156 72.390121 29.599318 0.557483 0.122735 -1
0 -3.765156 60.723423 29.599318 0.557483 0.000995 -1
0 -15.431815 60.723423 29.599318 0.435178 0.000995 -1
0 16.354162 72.399628 32.948265 0.557483 0.000995 -1
0 16.339010 60.732941 29.635771 0.435178 0.122735 -1
0 16.339010 72.399628 29.635771 0.435178 0.000995 -1
0 16.354162 60.732941 32.948265 0.557483 0.122735 -1
0 4.687501 72.399628 32.948265 0.556909 0.001068 -1
0 16.354162 60.732941 32.948265 0.435366 0.122946 -1
0 16.354162 72.399628 32.948265 0.435366 0.001068 -1
0 4.687501 60.732941 32.948265 0.556909 0.122946 -1
0 4.672350 72.399628 29.635771 0.557483 0.000995 -1
0 4.687501 60.732941 32.948265 0.435178 0.122735 -1
0 4.687501 72.399628 32.948265 0.435178 0.000995 -1
0 4.672350 60.732941 29.635771 0.557483 0.122735 -1
0 4.672350 72.399628 29.635771 0.435178 0.122735 -1
0 16.339010 72.399628 29.635771 0.557483 0.122735 -1
0 16.339010 60.732941 29.635771 0.557483 0.000995 -1
0 4.672350 60.732941 29.635771 0.435178 0.000995 -1
0 36.562496 72.399628 32.894844 0.557483 0.000995 -1
0 36.547344 60.732941 29.582350 0.435178 0.122735 -1
0 36.547344 72.399628 29.582350 0.435178 0.000995 -1
0 36.562496 60.732941 32.894844 0.557483 0.122735 -1
0 24.895838 72.399628 32.894844 0.556337 0.001480 -1
0 36.562496 60.732941 32.894844 0.435728 0.122785 -1
0 36.562496 72.399628 32.894844 0.435728 0.001480 -1
0 24.895838 60.732941 32.894844 0.556337 0.122785 -1
0 24.880684 72.399628 29.582350 0.557483 0.000995 -1
0 24.895838 60.732941 32.894844 0.435178 0.122735 -1
0 24.895838 72.399628 32.894844 0.435178 0.000995 -1
0 24.880684 60.732941 29.582350 0.557483 0.122735 -1
0 24.880684 72.399628 29.582350 0.435178 0.122735 -1
0 36.547344 72.399628 29.582350 0.557483 0.122735 -1
0 36.547344 60.732941 29.582350 0.557483 0.000995 -1
0 24.880684 60.732941 29.582350 0.435178 0.000995 -1
0 -23.958338 47.091461 32.965233 0.557483 0.000995 -1
0 -23.973488 35.424801 29.652723 0.435178 0.122735 -1
0 -23.973488 47.091461 29.652723 0.435178 0.000995 -1
0 -23.958338 35.424801 32.965233 0.557483 0.122735 -1
0 -35.624996 47.091461 32.965233 0.557936 0.000883 -1
0 -23.958338 35.424801 32.965233 0.435905 0.122718 -1
0 -23.958338 47.091461 32.965233 0.435905 0.000883 -1
0 -35.624996 35.424801 32.965233 0.557936 0.122718 -1
0 -35.640148 47.091461 29.652723 0.557483 0.000995 -1
0 -35.624996 35.424801 32.965233 0.435178 0.122735 -1
0 -35.624996 47.091461 32.965233 0.435178 0.000995 -1
0 -35.640148 35.424801 29.652723 0.557483 0.122735 -1
0 -35.640148 47.091461 29.652723 0.435178 0.122735 -1
0 -23.973488 47.091461 29.652723 0.557483 0.122735 -1
0 -23.973488 35.424801 29.652723 0.557483 0.000995 -1
0 -35.640148 35.424801 29.652723 0.435178 0.000995 -1
0 -3.750002 47.091461 32.911812 0.557483 0.000995 -1
0 -3.765156 35.424801 29.599318 0.435178 0.122735 -1
0 -3.765156 47.091461 29.599318 0.435178 0.000995 -1
0 -3.750002 35.424801 32.911812 0.557483 0.122735 -1
0 -15.416661 47.091461 32.911812 0.557193 0.001032 -1
0 -3.750002 35.424801 32.911812 0.435778 0.122679 -1
0 -3.750002 47.091461 32.911812 0.435778 0.001032 -1
0 -15.416661 35.424801 32.911812 0.557193 0.122679 -1
0 -15.431815 47.091461 29.599318 0.557483 0.000995 -1
0 -15.416661 35.424801 32.911812 0.435178 0.122735 -1
0 -15.416661 47.091461 32.911812 0.435178 0.000995 -1
0 -15.431815 35.424801 29.599318 0.557483 0.122735 -1
0 -15.431815 47.091461 29.599318 0.435178 0.122735 -1
0 -3.765156 47.091461 29.599318 0.557483 0.122735 -1
0 -3.765156 35.424801 29.599318 0.557483 0.000995 -1
0 -15.431815 35.424801 29.599318 0.435178 0.000995 -1
0 16.354162 47.100986 32.948265 0.557483 0.000995 -1
0 16.339010 35.434330 29.635771 0.435178 0.122735 -1
0 16.339010 47.100986 29.635771 0.435178 0.000995 -1
0 16.354162 35.434330 32.948265 0.557483 0.122735 -1
0 4.687501 47.100986 32.948265 0.556799 0.001574 -1
0 16.354162 35.434330 32.948265 0.435596 0.122746 -1
0 16.354162 47.100986 32.948265 0.435596 0.001574 -1
0 4.687501 35.434330 32.948265 0.556799 0.122746 -1
0 4.672350 47.100986 29.635771 0.557483 0.000995 -1
0 4.687501 35.434330 32.948265 0.435178 0.122735 -1
0 4.687501 47.100986 32.948265 0.435178 0.000995 -1
0 4.672350 35.434330 29.635771 0.557483 0.122735 -1
0 4.672350 47.100986 29.635771 0.435178 0.122735 -1
0 16.339010 47.100986 29.635771 0.557483 0.122735 -1
0 16.339010 35.434330 29.635771 0.557483 0.000995 -1
0 4.672350 35.434330 29.635771 0.435178 0.000995 -1
0 36.562496 47.100986 32.894844 0.557483 0.000995 -1
0 36.547344 35.434330 29.582350 0.435178 0.122735 -1
0 36.547344 47.100986 29.582350 0.435178 0.000995 -1
0 36.562496 35.434330 32.894844 0.557483 0.122735 -1
0 24.895838 47.100986 32.894844 0.557426 0.001214 -1
0 36.562496 35.434330 32.894844 0.435627 0.122936 -1
0 36.562496 47.100986 32.894844 0.435627 0.001214 -1
0 24.895838 35.434330 32.894844 0.557426 0.122936 -1
0 24.880684 47.100986 29.582350 0.557483 0.000995 -1
0 24.895838 35.434330 32.894844 0.435178 0.122735 -1
0 24.895838 47.100986 32.894844 0.435178 0.000995 -1
0 24.880684 35.434330 29.582350 0.557483 0.122735 -1
0 24.880684 47.100986 29.582350 0.435178 0.122735 -1
0 36.547344 47.100986 29.582350 0.557483 0.122735 -1
0 36.547344 35.434330 29.582350 0.557483 0.000995 -1
0 24.880684 35.434330 29.582350 0.435178 0.000995 -1
0 -23.958338 21.039885 32.965233 0.557483 0.000995 -1
0 -23.973488 9.373224 29.652723 0.435178 0.122735 -1
0 -23.973488 21.039885 29.652723 0.435178 0.000995 -1
0 -23.958338 9.373224 32.965233 0.557483 0.122735 -1
0 -35.624996 21.039885 32.965233 0.557176 0.001091 -1
0 -23.958338 9.373224 32.965233 0.435560 0.122766 -1
0 -23.958338 21.039885 32.965233 0.435560 0.001091 -1
0 -35.624996 9.373224 32.965233 0.557176 0.122766 -1
0 -35.640148 21.039885 29.652723 0.557483 0.000995 -1
0 -35.624996 9.373224 32.965233 0.435178 0.122735 -1
0 -35.624996 21.039885 32.965233 0.435178 0.000995 -1
0 -35.640148 9.373224 29.652723 0.557483 0.122735 -1
0 -35.640148 21.039885 29.652723 0.435178 0.122735 -1
0 -23.973488 21.039885 29.652723 0.557483 0.122735 -1
0 -23.973488 9.373224 29.652723 0.557483 0.000995 -1
0 -35.640148 9.373224 29.652723 0.435178 0.000995 -1
0 -3.750002 21.039885 32.911812 0.557483 0.000995 -1
0 -3.765156 9.373224 29.599318 0.435178 0.122735 -1
0 -3.765156 21.039885 29.599318 0.435178 0.000995 -1
0 -3.750002 9.373224 32.911812 0.557483 0.122735 -1
0 -15.416661 21.039885 32.911812 0.557566 0.001091 -1
0 -3.750002 9.373224 32.911812 0.435950 0.122766 -1
0 -3.750002 21.039885 32.911812 0.435950 0.001091 -1
0 -15.416661 9.373224 32.911812 0.557566 0.122766 -1
0 -15.431815 21.039885 29.599318 0.557483 0.000995 -1
0 -15.416661 9.373224 32.911812 0.435178 0.122735 -1
0 -15.416661 21.039885 32.911812 0.435178 0.000995 -1
0 -15.431815 9.373224 29.599318 0.557483 0.122735 -1
0 -15.431815 21.039885 29.599318 0.435178 0.122735 -1
0 -3.765156 21.039885 29.599318 0.557483 0.122735 -1
0 -3.765156 9.373224 29.599318 0.557483 0.000995 -1
0 -15.431815 9.373224 29.599318 0.435178 0.000995 -1
0 16.354162 21.049402 32.948265 0.557483 0.000995 -1
0 16.339010 9.382742 29.635771 0.435178 0.122735 -1
0 16.339010 21.049402 29.635771 0.435178 0.000995 -1
0 16.354162 9.382742 32.948265 0.557483 0.122735 -1
0 4.687501 21.049402 32.948265 0.556872 0.000745 -1
0 16.354162 9.382742 32.948265 0.435355 0.122587 -1
0 16.354162 21.049402 32.948265 0.435355 0.000745 -1
0 4.687501 9.382742 32.948265 0.556872 0.122587 -1
0 4.672350 21.049402 29.635771 0.557483 0.000995 -1
0 4.687501 9.382742 32.948265 0.435178 0.122735 -1
0 4.687501 21.049402 32.948265 0.435178 0.000995 -1
0 4.672350 9.382742 29.635771 0.557483 0.122735 -1
0 4.672350 21.049402 29.635771 0.435178 0.122735 -1
0 16.339010 21.049402 29.635771 0.557483 0.122735 -1
0 16.339010 9.382742 29.635771 0.557483 0.000995 -1
0 4.672350 9.382742 29.635771 0.435178 0.000995 -1
0 36.562496 21.049402 32.894844 0.557483 0.000995 -1
0 36.547344 9.382742 29.582350 0.435178 0.122735 -1
0 36.547344 21.049402 29.582350 0.435178 0.000995 -1
0 36.562496 9.382742 32.894844 0.557483 0.122735 -1
0 24.895838 21.049402 32.894844 0.557626 0.001006 -1
0 36.562496 9.382742 32.894844 0.435125 0.122702 -1
0 36.562496 21.049402 32.894844 0.435125 0.001006 -1
0 24.895838 9.382742 32.894844 0.557626 0.122702 -1
0 24.880684 21.049402 29.582350 0.557483 0.000995 -1
0 24.895838 9.382742 32.894844 0.435178 0.122735 -1
0 24.895838 21.049402 32.894844 0.435178 0.000995 -1
0 24.880684 9.382742 29.582350 0.557483 0.122735 -1
0 24.880684 21.049402 29.582350 0.435178 0.122735 -1
0 36.547344 21.049402 29.582350 0.557483 0.122735 -1
0 36.547344 9.382742 29.582350 0.557483 0.000995 -1
0 24.880684 9.382742 29.582350 0.435178 0.000995 -1
0 46.595448 97.251251 14.368316 0.557932 0.001863 -1
0 43.282955 85.584595 14.383463 0.436080 0.122161 -1
0 43.282955 97.251251 14.383463 0.436080 0.001863 -1
0 46.595448 85.584595 14.368316 0.557932 0.122161 -1
0 46.595455 97.251251 26.034988 0.557838 0.002101 -1
0 46.595448 85.584595 14.368316 0.435903 0.122407 -1
0 46.595448 97.251251 14.368316 0.435903 0.002101 -1
0 46.595455 85.584595 26.034988 0.557838 0.122407 -1
0 43.282948 97.251251 26.050121 0.557932 0.001863 -1
0 46.595455 85.584595 26.034988 0.436080 0.122161 -1
0 46.595455 97.251251 26.034988 0.436080 0.001863 -1
0 43.282948 85.584595 26.050121 0.557932 0.122161 -1
0 43.282948 97.251251 26.050121 0.436080 0.122161 -1
0 43.282955 97.251251 14.383463 0.557932 0.122161 -1
0 43.282955 85.584595 14.383463 0.557932 0.001863 -1
0 43.282948 85.584595 26.050121 0.436080 0.001863 -1
0 46.631908 97.260773 -5.735865 0.557932 0.001863 -1
0 43.319393 85.594116 -5.720720 0.436080 0.122161 -1
0 43.319393 97.260773 -5.720720 0.436080 0.001863 -1
0 46.631908 85.594116 -5.735865 0.557932 0.122161 -1
0 46.631908 97.260773 5.930796 0.558051 0.002002 -1
0 46.631908 85.594116 -5.735865 0.436118 0.122309 -1
0 46.631908 97.260773 -5.735865 0.436118 0.002002 -1
0 46.631908 85.594116 5.930796 0.558051 0.122309 -1
0 43.319408 97.260773 5.945944 0.557932 0.001863 -1
0 46.631908 85.594116 5.930796 0.436080 0.122161 -1
0 46.631908 97.260773 5.930796 0.436080 0.001863 -1
0 43.319408 85.594116 5.945944 0.557932 0.122161 -1
0 43.319408 97.260773 5.945944 0.436080 0.122161 -1
0 43.319393 97.260773 -5.720720 0.557932 0.122161 -1
0 43.319393 85.594116 -5.720720 0.557932 0.001863 -1
0 43.319408 85.594116 5.945944 0.436080 0.001863 -1
0 46.578495 97.260773 -25.944212 0.557932 0.001863 -1
0 43.265987 85.594116 -25.929066 0.436080 0.122161 -1
0 43.265987 97.260773 -25.929066 0.436080 0.001863 -1
0 46.578495 85.594116 -25.944212 0.557932 0.122161 -1
0 46.578487 97.260773 -14.277552 0.557890 0.002002 -1
0 46.578495 85.594116 -25.944212 0.435957 0.122309 -1
0 46.578495 97.260773 -25.944212 0.435957 0.002002 -1
0 46.578487 85.594116 -14.277552 0.557890 0.122309 -1
0 43.265987 97.260773 -14.262407 0.557932 0.001863 -1
0 46.578487 85.594116 -14.277552 0.436080 0.122161 -1
0 46.578487 97.260773 -14.277552 0.436080 0.001863 -1
0 43.265987 85.594116 -14.262407 0.557932 0.122161 -1
0 43.265987 97.260773 -14.262407 0.436080 0.122161 -1
0 43.265987 97.260773 -25.929066 0.557932 0.122161 -1
0 43.265987 85.594116 -25.929066 0.557932 0.001863 -1
0 43.265987 85.594116 -14.262407 0.436080 0.001863 -1
0 46.595448 72.390121 14.368316 0.557932 0.001863 -1
0 43.282955 60.723423 14.383463 0.436080 0.122161 -1
0 43.282955 72.390121 14.383463 0.436080 0.001863 -1
0 46.595448 60.723423 14.368316 0.557932 0.122161 -1
0 46.595455 72.390121 26.034988 0.557838 0.002064 -1
0 46.595448 60.723423 14.368316 0.435903 0.122371 -1
0 46.595448 72.390121 14.368316 0.435903 0.002064 -1
0 46.595455 60.723423 26.034988 0.557838 0.122371 -1
0 43.282948 72.390121 26.050121 0.557932 0.001863 -1
0 46.595455 60.723423 26.034988 0.436080 0.122161 -1
0 46.595455 72.390121 26.034988 0.436080 0.001863 -1
0 43.282948 60.723423 26.050121 0.557932 0.122161 -1
0 43.282948 72.390121 26.050121 0.436080 0.122161 -1
0 43.282955 72.390121 14.383463 0.557932 0.122161 -1
0 43.282955 60.723423 14.383463 0.557932 0.001863 -1
0 43.282948 60.723423 26.050121 0.436080 0.001863 -1
0 46.631908 72.399628 -5.735865 0.557932 0.001863 -1
0 43.319393 60.732941 -5.720720 0.436080 0.122161 -1
0 43.319393 72.399628 -5.720720 0.436080 0.001863 -1
0 46.631908 60.732941 -5.735865 0.557932 0.122161 -1
0 46.631908 72.399628 5.930796 0.558051 0.001966 -1
0 46.631908 60.732941 -5.735865 0.436118 0.122273 -1
0 46.631908 72.399628 -5.735865 0.436118 0.001966 -1
0 46.631908 60.732941 5.930796 0.558051 0.122273 -1
0 43.319408 72.399628 5.945944 0.557932 0.001863 -1
0 46.631908 60.732941 5.930796 0.436080 0.122161 -1
0 46.631908 72.399628 5.930796 0.436080 0.001863 -1
0 43.319408 60.732941 5.945944 0.557932 0.122161 -1
0 43.319408 72.399628 5.945944 0.436080 0.122161 -1
0 43.319393 72.399628 -5.720720 0.557932 0.122161 -1
0 43.319393 60.732941 -5.720720 0.557932 0.001863 -1
0 43.319408 60.732941 5.945944 0.436080 0.001863 -1
0 46.578495 72.399628 -25.944212 0.557932 0.001863 -1
0 43.265987 60.732941 -25.929066 0.436080 0.122161 -1
0 43.265987 72.399628 -25.929066 0.436080 0.001863 -1
0 46.578495 60.732941 -25.944212 0.557932 0.122161 -1
0 46.578487 72.399628 -14.277552 0.557890 0.001966 -1
0 46.578495 60.732941 -25.944212 0.435957 0.122273 -1
0 46.578495 72.399628 -25.944212 0.435957 0.001966 -1
0 46.578487 60.732941 -14.277552 0.557890 0.122273 -1
0 43.265987 72.399628 -14.262407 0.557932 0.001863 -1
0 46.578487 60.732941 -14.277552 0.436080 0.122161 -1
0 46.578487 72.399628 -14.277552 0.436080 0.001863 -1
0 43.265987 60.732941 -14.262407 0.557932 0.122161 -1
0 43.265987 72.399628 -14.262407 0.436080 0.122161 -1
0 43.265987 72.399628 -25.929066 0.557932 0.122161 -1
0 43.265987 60.732941 -25.929066 0.557932 0.001863 -1
0 43.265987 60.732941 -14.262407 0.436080 0.001863 -1
0 46.595448 47.091461 14.368316 0.557932 0.001863 -1
0 43.282955 35.424801 14.383463 0.436080 0.122161 -1
0 43.282955 47.091461 14.383463 0.436080 0.001863 -1
0 46.595448 35.424801 14.368316 0.557932 0.122161 -1
0 46.595455 47.091461 26.034988 0.557838 0.001800 -1
0 46.595448 35.424801 14.368316 0.435903 0.122107 -1
0 46.595448 47.091461 14.368316 0.435903 0.001800 -1
0 46.595455 35.424801 26.034988 0.557838 0.122107 -1
0 43.282948 47.091461 26.050121 0.557932 0.001863 -1
0 46.595455 35.424801 26.034988 0.436080 0.122161 -1
0 46.595455 47.091461 26.034988 0.436080 0.001863 -1
0 43.282948 35.424801 26.050121 0.557932 0.122161 -1
0 43.282948 47.091461 26.050121 0.436080 0.122161 -1
0 43.282955 47.091461 14.383463 0.557932 0.122161 -1
0 43.282955 35.424801 14.383463 0.557932 0.001863 -1
0 43.282948 35.424801 26.050121 0.436080 0.001863 -1
0 46.631908 47.100986 -5.735865 0.557932 0.001863 -1
0 43.319393 35.434330 -5.720720 0.436080 0.122161 -1
0 43.319393 47.100986 -5.720720 0.436080 0.001863 -1
0 46.631908 35.434330 -5.735865 0.557932 0.122161 -1
0 46.631908 47.100986 5.930796 0.558051 0.002176 -1
0 46.631908 35.434330 -5.735865 0.436118 0.122483 -1
0 46.631908 47.100986 -5.735865 0.436118 0.002176 -1
0 46.631908 35.434330 5.930796 0.558051 0.122483 -1
0 43.319408 47.100986 5.945944 0.557932 0.001863 -1
0 46.631908 35.434330 5.930796 0.436080 0.122161 -1
0 46.631908 47.100986 5.930796 0.436080 0.001863 -1
0 43.319408 35.434330 5.945944 0.557932 0.122161 -1
0 43.319408 47.100986 5.945944 0.436080 0.122161 -1
0 43.319393 47.100986 -5.720720 0.557932 0.122161 -1
0 43.319393 35.434330 -5.720720 0.557932 0.001863 -1
0 43.319408 35.434330 5.945944 0.436080 0.001863 -1
0 46.578495 47.100986 -25.944212 0.557932 0.001863 -1
0 43.265987 35.434330 -25.929066 0.436080 0.122161 -1
0 43.265987 47.100986 -25.929066 0.436080 0.001863 -1
0 46.578495 35.434330 -25.944212 0.557932 0.122161 -1
0 46.578487 47.100986 -14.277552 0.557890 0.002176 -1
0 46.578495 35.434330 -25.944212 0.435957 0.122483 -1
0 46.578495 47.100986 -25.944212 0.435957 0.002176 -1
0 46.578487 35.434330 -14.277552 0.557890 0.122483 -1
0 43.265987 47.100986 -14.262407 0.557932 0.001863 -1
0 46.578487 35.434330 -14.277552 0.436080 0.122161 -1
0 46.578487 47.100986 -14.277552 0.436080 0.001863 -1
0 43.265987 35.434330 -14.262407 0.557932 0.122161 -1
0 43.265987 47.100986 -14.262407 0.436080 0.122161 -1
0 43.265987 47.100986 -25.929066 0.557932 0.122161 -1
0 43.265987 35.434330 -25.929066 0.557932 0.001863 -1
0 43.265987 35.434330 -14.262407 0.436080 0.001863 -1
0 46.595448 21.039885 14.368316 0.557932 0.001863 -1
0 43.282955 9.373224 14.383463 0.436080 0.122161 -1
0 43.282955 21.039885 14.383463 0.436080 0.001863 -1
0 46.595448 9.373224 14.368316 0.557932 0.122161 -1
0 46.595455 21.039885 26.034988 0.557838 0.001717 -1
0 46.595448 9.373224 14.368316 0.435903 0.122024 -1
0 46.595448 21.039885 14.368316 0.435903 0.001717 -1
0 46.595455 9.373224 26.034988 0.557838 0.122024 -1
0 43.282948 21.039885 26.050121 0.557932 0.001863 -1
0 46.595455 9.373224 26.034988 0.436080 0.122161 -1
0 46.595455 21.039885 26.034988 0.436080 0.001863 -1
0 43.282948 9.373224 26.050121 0.557932 0.122161 -1
0 43.282948 21.039885 26.050121 0.436080 0.122161 -1
0 43.282955 21.039885 14.383463 0.557932 0.122161 -1
0 43.282955 9.373224 14.383463 0.557932 0.001863 -1
0 43.282948 9.373224 26.050121 0.436080 0.001863 -1
0 46.631908 21.049402 -5.735865 0.557932 0.001863 -1
0 43.319393 9.382742 -5.720720 0.436080 0.122161 -1
0 43.319393 21.049402 -5.720720 0.436080 0.001863 -1
0 46.631908 9.382742 -5.735865 0.557932 0.122161 -1
0 46.631908 21.049402 5.930796 0.558051 0.002094 -1
0 46.631908 9.382742 -5.735865 0.436118 0.122400 -1
0 46.631908 21.049402 -5.735865 0.436118 0.002094 -1
0 46.631908 9.382742 5.930796 0.558051 0.122400 -1
0 43.319408 21.049402 5.945944 0.557932 0.001863 -1
0 46.631908 9.382742 5.930796 0.436080 0.122161 -1
0 46.631908 21.049402 5.930796 0.436080 0.001863 -1
0 43.319408 9.382742 5.945944 0.557932 0.122161 -1
0 43.319408 21.049402 5.945944 0.436080 0.122161 -1
0 43.319393 21.049402 -5.720720 0.557932 0.122161 -1
0 43.319393 9.382742 -5.720720 0.557932 0.001863 -1
0 43.319408 9.382742 5.945944 0.436080 0.001863 -1
0 46.578495 21.049402 -25.944212 0.557932 0.001863 -1
0 43.265987 9.382742 -25.929066 0.436080 0.122161 -1
0 43.265987 21.049402 -25.929066 0.436080 0.001863 -1
0 46.578495 9.382742 -25.944212 0.557932 0.122161 -1
0 46.578487 21.049402 -14.277552 0.557890 0.002094 -1
0 46.578495 9.382742 -25.944212 0.435957 0.122400 -1
0 46.578495 21.049402 -25.944212 0.435957 0.002094 -1
0 46.578487 9.382742 -14.277552 0.557890 0.122400 -1
0 43.265987 21.049402 -14.262407 0.557932 0.001863 -1
0 46.578487 9.382742 -14.277552 0.436080 0.122161 -1
0 46.578487 21.049402 -14.277552 0.436080 0.001863 -1
0 43.265987 9.382742 -14.262407 0.557932 0.122161 -1
0 43.265987 21.049402 -14.262407 0.436080 0.122161 -1
0 43.265987 21.049402 -25.929066 0.557932 0.122161 -1
0 43.265987 9.382742 -25.929066 0.557932 0.001863 -1
0 43.265987 9.382742 -14.262407 0.436080 0.001863 -1
0 -43.260735 97.251244 14.383463 0.435791 0.002464 -1
0 -43.260735 85.584587 14.383463 0.435791 0.122586 -1
0 -46.573231 97.251244 14.368316 0.557800 0.002464 -1
0 -46.573231 85.584587 14.368316 0.557800 0.122586 -1
0 -46.573231 97.251244 14.368316 0.435903 0.002101 -1
0 -46.573231 85.584587 14.368316 0.435903 0.122407 -1
0 -46.573242 97.251244 26.034988 0.557838 0.002101 -1
0 -46.573242 85.584587 26.034988 0.557838 0.122407 -1
0 -46.573242 97.251244 26.034988 0.435791 0.002464 -1
0 -46.573242 85.584587 26.034988 0.435791 0.122586 -1
0 -43.260731 97.251244 26.050121 0.557800 0.002464 -1
0 -43.260731 85.584587 26.050121 0.557800 0.122586 -1
0 -43.260731 97.251244 26.050121 0.435791 0.122586 -1
0 -43.260735 97.251244 14.383463 0.557800 0.122586 -1
0 -43.260731 85.584587 26.050121 0.435791 0.002464 -1
0 -43.260735 85.584587 14.383463 0.557800 0.002464 -1
0 -43.297180 97.260765 -5.720720 0.435791 0.002464 -1
0 -43.297180 85.594109 -5.720720 0.435791 0.122586 -1
0 -46.609688 97.260765 -5.735865 0.557800 0.002464 -1
0 -46.609688 85.594109 -5.735865 0.557800 0.122586 -1
0 -46.609688 97.260765 -5.735865 0.436118 0.002002 -1
0 -46.609688 85.594109 -5.735865 0.436118 0.122309 -1
0 -46.609688 97.260765 5.930796 0.558051 0.002002 -1
0 -46.609688 85.594109 5.930796 0.558051 0.122309 -1
0 -46.609688 97.260765 5.930796 0.435791 0.002464 -1
0 -46.609688 85.594109 5.930796 0.435791 0.122586 -1
0 -43.297192 97.260765 5.945944 0.557800 0.002464 -1
0 -43.297192 85.594109 5.945944 0.557800 0.122586 -1
0 -43.297192 97.260765 5.945944 0.435791 0.122586 -1
0 -43.297180 97.260765 -5.720720 0.557800 0.122586 -1
0 -43.297192 85.594109 5.945944 0.435791 0.002464 -1
0 -43.297180 85.594109 -5.720720 0.557800 0.002464 -1
0 -43.243771 97.260765 -25.929066 0.435791 0.002464 -1
0 -43.243771 85.594109 -25.929066 0.435791 0.122586 -1
0 -46.556278 97.260765 -25.944212 0.557800 0.002464 -1
0 -46.556278 85.594109 -25.944212 0.557800 0.122586 -1
0 -46.556278 97.260765 -25.944212 0.435957 0.002002 -1
0 -46.556278 85.594109 -25.944212 0.435957 0.122309 -1
0 -46.556271 97.260765 -14.277552 0.557890 0.002002 -1
0 -46.556271 85.594109 -14.277552 0.557890 0.122309 -1
0 -46.556271 97.260765 -14.277552 0.435791 0.002464 -1
0 -46.556271 85.594109 -14.277552 0.435791 0.122586 -1
0 -43.243771 97.260765 -14.262407 0.557800 0.002464 -1
0 -43.243771 85.594109 -14.262407 0.557800 0.122586 -1
0 -43.243771 97.260765 -14.262407 0.435791 0.122586 -1
0 -43.243771 97.260765 -25.929066 0.557800 0.122586 -1
0 -43.243771 85.594109 -14.262407 0.435791 0.002464 -1
0 -43.243771 85.594109 -25.929066 0.557800 0.002464 -1
0 -43.260735 72.390114 14.383463 0.435791 0.002464 -1
0 -43.260735 60.723419 14.383463 0.435791 0.122586 -1
0 -46.573231 72.390114 14.368316 0.557800 0.002464 -1
0 -46.573231 60.723419 14.368316 0.557800 0.122586 -1
0 -46.573231 72.390114 14.368316 0.435903 0.002064 -1
0 -46.573231 60.723419 14.368316 0.435903 0.122371 -1
0 -46.573242 72.390114 26.034988 0.557838 0.002064 -1
0 -46.573242 60.723419 26.034988 0.557838 0.122371 -1
0 -46.573242 72.390114 26.034988 0.435791 0.002464 -1
0 -46.573242 60.723419 26.034988 0.435791 0.122586 -1
0 -43.260731 72.390114 26.050121 0.557800 0.002464 -1
0 -43.260731 60.723419 26.050121 0.557800 0.122586 -1
0 -43.260731 72.390114 26.050121 0.435791 0.122586 -1
0 -43.260735 72.390114 14.383463 0.557800 0.122586 -1
0 -43.260731 60.723419 26.050121 0.435791 0.002464 -1
0 -43.260735 60.723419 14.383463 0.557800 0.002464 -1
0 -43.297180 72.399620 -5.720720 0.435791 0.002464 -1
0 -43.297180 60.732937 -5.720720 0.435791 0.122586 -1
0 -46.609688 72.399620 -5.735865 0.557800 0.002464 -1
0 -46.609688 60.732937 -5.735865 0.557800 0.122586 -1
0 -46.609688 72.399620 -5.735865 0.436118 0.001966 -1
0 -46.609688 60.732937 -5.735865 0.436118 0.122273 -1
0 -46.609688 72.399620 5.930796 0.558051 0.001966 -1
0 -46.609688 60.732937 5.930796 0.558051 0.122273 -1
0 -46.609688 72.399620 5.930796 0.435791 0.002464 -1
0 -46.609688 60.732937 5.930796 0.435791 0.122586 -1
0 -43.297192 72.399620 5.945944 0.557800 0.002464 -1
0 -43.297192 60.732937 5.945944 0.557800 0.122586 -1
0 -43.297192 72.399620 5.945944 0.435791 0.122586 -1
0 -43.297180 72.399620 -5.720720 0.557800 0.122586 -1
0 -43.297192 60.732937 5.945944 0.435791 0.002464 -1
0 -43.297180 60.732937 -5.720720 0.557800 0.002464 -1
0 -43.243771 72.399620 -25.929066 0.435791 0.002464 -1
0 -43.243771 60.732937 -25.929066 0.435791 0.122586 -1
0 -46.556278 72.399620 -25.944212 0.557800 0.002464 -1
0 -46.556278 60.732937 -25.944212 0.557800 0.122586 -1
0 -46.556278 72.399620 -25.944212 0.435957 0.001966 -1
0 -46.556278 60.732937 -25.944212 0.435957 0.122273 -1
0 -46.556271 72.399620 -14.277552 0.557890 0.001966 -1
0 -46.556271 60.732937 -14.277552 0.557890 0.122273 -1
0 -46.556271 72.399620 -14.277552 0.435791 0.002464 -1
0 -46.556271 60.732937 -14.277552 0.435791 0.122586 -1
0 -43.243771 72.399620 -14.262407 0.557800 0.002464 -1
0 -43.243771 60.732937 -14.262407 0.557800 0.122586 -1
0 -43.243771 72.399620 -14.262407 0.435791 0.122586 -1
0 -43.243771 72.399620 -25.929066 0.557800 0.122586 -1
0 -43.243771 60.732937 -14.262407 0.435791 0.002464 -1
0 -43.243771 60.732937 -25.929066 0.557800 0.002464 -1
0 -43.260735 47.091457 14.383463 0.435791 0.002464 -1
0 -43.260735 35.424797 14.383463 0.435791 0.122586 -1
0 -46.573231 47.091457 14.368316 0.557800 0.002464 -1
0 -46.573231 35.424797 14.368316 0.557800 0.122586 -1
0 -46.573231 47.091457 14.368316 0.435903 0.001800 -1
0 -46.573231 35.424797 14.368316 0.435903 0.122107 -1
0 -46.573242 47.091457 26.034988 0.557838 0.001800 -1
0 -46.573242 35.424797 26.034988 0.557838 0.122107 -1
0 -46.573242 47.091457 26.034988 0.435791 0.002464 -1
0 -46.573242 35.424797 26.034988 0.435791 0.122586 -1
0 -43.260731 47.091457 26.050121 0.557800 0.002464 -1
0 -43.260731 35.424797 26.050121 0.557800 0.122586 -1
0 -43.260731 47.091457 26.050121 0.435791 0.122586 -1
0 -43.260735 47.091457 14.383463 0.557800 0.122586 -1
0 -43.260731 35.424797 26.050121 0.435791 0.002464 -1
0 -43.260735 35.424797 14.383463 0.557800 0.002464 -1
0 -43.297180 47.100983 -5.720720 0.435791 0.002464 -1
0 -43.297180 35.434326 -5.720720 0.435791 0.122586 -1
0 -46.609688 47.100983 -5.735865 0.557800 0.002464 -1
0 -46.609688 35.434326 -5.735865 0.557800 0.122586 -1
0 -46.609688 47.100983 -5.735865 0.436118 0.002176 -1
0 -46.609688 35.434326 -5.735865 0.436118 0.122483 -1
0 -46.609688 47.100983 5.930796 0.558051 0.002176 -1
0 -46.609688 35.434326 5.930796 0.558051 0.122483 -1
0 -46.609688 47.100983 5.930796 0.435791 0.002464 -1
0 -46.609688 35.434326 5.930796 0.435791 0.122586 -1
0 -43.297192 47.100983 5.945944 0.557800 0.002464 -1
0 -43.297192 35.434326 5.945944 0.557800 0.122586 -1
0 -43.297192 47.100983 5.945944 0.435791 0.122586 -1
0 -43.297180 47.100983 -5.720720 0.557800 0.122586 -1
0 -43.297192 35.434326 5.945944 0.435791 0.002464 -1
0 -43.297180 35.434326 -5.720720 0.557800 0.002464 -1
0 -43.243771 47.100983 -25.929066 0.435791 0.002464 -1
0 -43.243771 35.434326 -25.929066 0.435791 0.122586 -1
0 -46.556278 47.100983 -25.944212 0.557800 0.002464 -1
0 -46.556278 35.434326 -25.944212 0.557800 0.122586 -1
0 -46.556278 47.100983 -25.944212 0.435957 0.002176 -1
0 -46.556278 35.434326 -25.944212 0.435957 0.122483 -1
0 -46.556271 47.100983 -14.277552 0.557890 0.002176 -1
0 -46.556271 35.434326 -14.277552 0.557890 0.122483 -1
0 -46.556271 47.100983 -14.277552 0.435791 0.002464 -1
0 -46.556271 35.434326 -14.277552 0.435791 0.122586 -1
0 -43.243771 47.100983 -14.262407 0.557800 0.002464 -1
0 -43.243771 35.434326 -14.262407 0.557800 0.122586 -1
0 -43.243771 47.100983 -14.262407 0.435791 0.122586 -1
0 -43.243771 47.100983 -25.929066 0.557800 0.122586 -1
0 -43.243771 35.434326 -14.262407 0.435791 0.002464 -1
0 -43.243771 35.434326 -25.929066 0.557800 0.002464 -1
0 -43.260735 21.039881 14.383463 0.435791 0.002464 -1
0 -43.260735 9.373220 14.383463 0.435791 0.122586 -1
0 -46.573231 21.039881 14.368316 0.557800 0.002464 -1
0 -46.573231 9.373220 14.368316 0.557800 0.122586 -1
0 -46.573231 21.039881 14.368316 0.435903 0.001717 -1
0 -46.573231 9.373220 14.368316 0.435903 0.122024 -1
0 -46.573242 21.039881 26.034988 0.557838 0.001717 -1
0 -46.573242 9.373220 26.034988 0.557838 0.122024 -1
0 -46.573242 21.039881 26.034988 0.435791 0.002464 -1
0 -46.573242 9.373220 26.034988 0.435791 0.122586 -1
0 -43.260731 21.039881 26.050121 0.557800 0.002464 -1
0 -43.260731 9.373220 26.050121 0.557800 0.122586 -1
0 -43.260731 21.039881 26.050121 0.435791 0.122586 -1
0 -43.260735 21.039881 14.383463 0.557800 0.122586 -1
0 -43.260731 9.373220 26.050121 0.435791 0.002464 -1
0 -43.260735 9.373220 14.383463 0.557800 0.002464 -1
0 -43.297180 21.049398 -5.720720 0.435791 0.002464 -1
0 -43.297180 9.382738 -5.720720 0.435791 0.122586 -1
0 -46.609688 21.049398 -5.735865 0.557800 0.002464 -1
0 -46.609688 9.382738 -5.735865 0.557800 0.122586 -1
0 -46.609688 21.049398 -5.735865 0.436118 0.002094 -1
0 -46.609688 9.382738 -5.735865 0.436118 0.122400 -1
0 -46.609688 21.049398 5.930796 0.558051 0.002094 -1
0 -46.609688 9.382738 5.930796 0.558051 0.122400 -1
0 -46.609688 21.049398 5.930796 0.435791 0.002464 -1
0 -46.609688 9.382738 5.930796 0.435791 0.122586 -1
0 -43.297192 21.049398 5.945944 0.557800 0.002464 -1
0 -43.297192 9.382738 5.945944 0.557800 0.122586 -1
0 -43.297192 21.049398 5.945944 0.435791 0.122586 -1
0 -43.297180 21.049398 -5.720720 0.557800 0.122586 -1
0 -43.297192 9.382738 5.945944 0.435791 0.002464 -1
0 -43.297180 9.382738 -5.720720 0.557800 0.002464 -1
0 -43.243771 21.049398 -25.929066 0.435791 0.002464 -1
0 -43.243771 9.382738 -25.929066 0.435791 0.122586 -1
0 -46.556278 21.049398 -25.944212 0.557800 0.002464 -1
0 -46.556278 9.382738 -25.944212 0.557800 0.122586 -1
0 -46.556278 21.049398 -25.944212 0.435957 0.002094 -1
0 -46.556278 9.382738 -25.944212 0.435957 0.122400 -1
0 -46.556271 21.049398 -14.277552 0.557890 0.002094 -1
0 -46.556271 9.382738 -14.277552 0.557890 0.122400 -1
0 -46.556271 21.049398 -14.277552 0.435791 0.002464 -1
0 -46.556271 9.382738 -14.277552 0.435791 0.122586 -1
0 -43.243771 21.049398 -14.262407 0.557800 0.002464 -1
0 -43.243771 9.382738 -14.262407 0.557800 0.122586 -1
0 -43.243771 21.049398 -14.262407 0.435791 0.122586 -1
0 -43.243771 21.049398 -25.929066 0.557800 0.122586 -1
0 -43.243771 9.382738 -14.262407 0.435791 0.002464 -1
0 -43.243771 9.382738 -25.929066 0.557800 0.002464 -1
52
0.999990 0.000000 0.004574
0.000000 0.000000 -1.000000
-0.999990 0.000000 -0.004574
0.000000 1.000000 0.000000
0.000000 -1.000000 0.000000
0.999990 0.000000 0.004575
-0.999990 0.000000 -0.004575
0.999990 0.000000 0.004574
-0.999990 0.000000 -0.004574
0.999990 0.000000 0.004574
-0.999990 0.000000 -0.004574
0.999990 0.000000 0.004575
0.999990 0.000000 0.004574
-0.999990 0.000000 -0.004575
0.999990 0.000000 -0.004574
0.000000 0.000000 1.000000
-0.999990 0.000000 0.004574
0.999990 0.000000 -0.004575
-0.999990 0.000000 0.004575
0.999990 0.000000 -0.004574
-0.999990 0.000000 0.004574
0.999990 0.000000 -0.004574
0.999990 0.000000 -0.004575
-0.004573 0.000000 -0.999990
1.000000 0.000000 -0.000001
0.004568 0.000000 0.999990
-0.004572 0.000000 -0.999990
1.000000 0.000000 0.000000
0.004573 0.000000 0.999990
-0.004572 0.000000 -0.999990
1.000000 0.000000 0.000001
0.004572 0.000000 0.999990
0.004568 0.000000 0.999990
0.004573 0.000000 0.999990
1.000000 0.000000 0.000001
-0.004573 0.000000 -0.999990
0.004568 0.000000 0.999990
-0.004572 0.000000 -0.999990
0.004573 0.000000 -0.999990
-1.000000 0.000000 -0.000001
-0.004568 0.000000 0.999990
0.004572 0.000000 -0.999990
-1.000000 0.000000 0.000000
-0.004573 0.000000 0.999990
0.004572 0.000000 -0.999990
-1.000000 0.000000 0.000001
-0.004572 0.000000 0.999990
0.004572 0.000000 -0.999990
-1.000000 0.000000 0.000001
-0.004572 0.000000 0.999990
-0.004568 0.000000 0.999990
-0.004573 0.000000 0.999990
560
0 0 1 2 0 0 0 2
0 1 3 2 0 0 0 2
0 4 5 6 1 1 1 1
0 5 7 6 1 1 1 1
0 8 9 10 2 2 2 2
0 9 11 10 2 2 2 2
0 8 12 2 3 3 3 3
0 12 13 2 3 3 3 3
0 14 9 15 4 4 4 3
0 9 3 15 4 4 4 3
0 16 17 18 5 5 5 2
0 17 19 18 5 5 5 2
0 20 21 22 1 1 1 1
0 21 23 22 1 1 1 1
0 24 25 26 6 6 6 2
0 25 27 26 6 6 6 2
0 24 28 18 3 3 3 3
0 28 29 18 3 3 3 3
0 30 25 31 4 4 4 3
0 25 19 31 4 4 4 3
0 32 33 34 7 7 7 2
0 33 35 34 7 7 7 2
0 36 37 38 1 1 1 1
0 37 39 38 1 1 1 1
0 40 41 42 8 8 8 2
0 41 43 42 8 8 8 2
0 40 44 34 3 3 3 3
0 44 45 34 3 3 3 3
0 46 41 47 4 4 4 3
0 41 35 47 4 4 4 3
0 48 49 50 7 7 7 2
0 49 51 50 7 7 7 2
0 52 53 54 1 1 1 1
0 53 55 54 1 1 1 1
0 56 57 58 6 6 6 2
0 57 59 58 6 6 6 2
0 56 60 50 3 3 3 3
0 60 61 50 3 3 3 3
0 62 57 63 4 4 4 3
0 57 51 63 4 4 4 3
0 64 65 66 9 9 9 2
0 65 67 66 9 9 9 2
0 68 69 70 1 1 1 1
0 69 71 70 1 1 1 1
0 72 73 74 10 10 10 2
0 73 75 74 10 10 10 2
0 72 76 66 3 3 3 3
0 76 77 66 3 3 3 3
0 78 73 79 4 4 4 3
0 73 67 79 4 4 4 3
0 80 81 82 11 11 11 2
0 81 83 82 11 11 11 2
0 84 85 86 1 1 1 1
0 85 87 86 1 1 1 1
0 88 89 90 6 6 6 2
0 89 91 90 6 6 6 2
0 88 92 82 3 3 3 3
0 92 93 82 3 3 3 3
0 94 89 95 4 4 4 3
0 89 83 95 4 4 4 3
0 96 97 98 12 12 12 2
0 97 99 98 12 12 12 2
0 100 101 102 1 1 1 1
0 101 103 102 1 1 1 1
0 104 105 106 8 8 8 2
0 105 107 106 8 8 8 2
0 104 108 98 3 3 3 3
0 108 109 98 3 3 3 3
0 110 105 111 4 4 4 3
0 105 99 111 4 4 4 3
0 112 113 114 12 12 12 2
0 113 115 114 12 12 12 2
0 116 117 118 1 1 1 1
0 117 119 118 1 1 1 1
0 120 121 122 6 6 6 2
0 121 123 122 6 6 6 2
0 120 124 114 3 3 3 3
0 124 125 114 3 3 3 3
0 126 121 127 4 4 4 3
0 121 115 127 4 4 4 3
0 128 129 130 9 9 9 2
0 129 131 130 9 9 9 2
0 132 133 134 1 1 1 1
0 133 135 134 1 1 1 1
0 136 137 138 2 2 2 2
0 137 139 138 2 2 2 2
0 136 140 130 3 3 3 3
0 140 141 130 3 3 3 3
0 142 137 143 4 4 4 3
0 137 131 143 4 4 4 3
0 144 145 146 11 11 11 2
0 145 147 146 11 11 11 2
0 148 149 150 1 1 1 1
0 149 151 150 1 1 1 1
0 152 153 154 13 13 13 2
0 153 155 154 13 13 13 2
0 152 156 146 3 3 3 3
0 156 157 146 3 3 3 3
0 158 153 159 4 4 4 3
0 153 147 159 4 4 4 3
0 160 161 162 7 7 7 2
0 161 163 162 7 7 7 2
0 164 165 166 1 1 1 1
0 165 167 166 1 1 1 1
0 168 169 170 8 8 8 2
0 169 171 170 8 8 8 2
0 168 172 162 3 3 3 3
0 172 173 162 3 3 3 3
0 174 169 175 4 4 4 3
0 169 163 175 4 4 4 3
0 176 177 178 7 7 7 2
0 177 179 178 7 7 7 2
0 180 181 182 1 1 1 1
0 181 183 182 1 1 1 1
0 184 185 186 6 6 6 2
0 185 187 186 6 6 6 2
0 184 188 178 3 3 3 3
0 188 189 178 3 3 3 3
0 190 185 191 4 4 4 3
0 185 179 191 4 4 4 3
0 192 193 194 9 9 9 2
0 193 195 194 9 9 9 2
0 196 197 198 1 1 1 1
0 197 199 198 1 1 1 1
0 200 201 202 2 2 2 2
0 201 203 202 2 2 2 2
0 200 204 194 3 3 3 3
0 204 205 194 3 3 3 3
0 206 201 207 4 4 4 3
0 201 195 207 4 4 4 3
0 208 209 210 11 11 11 2
0 209 211 210 11 11 11 2
0 212 213 214 1 1 1 1
0 213 215 214 1 1 1 1
0 216 217 218 13 13 13 2
0 217 219 218 13 13 13 2
0 216 220 210 3 3 3 3
0 220 221 210 3 3 3 3
0 222 217 223 4 4 4 3
0 217 211 223 4 4 4 3
0 224 225 226 12 12 12 2
0 225 227 226 12 12 12 2
0 228 229 230 1 1 1 1
0 229 231 230 1 1 1 1
0 232 233 234 8 8 8 2
0 233 235 234 8 8 8 2
0 232 236 226 3 3 3 3
0 236 237 226 3 3 3 3
0 238 233 239 4 4 4 3
0 233 227 239 4 4 4 3
0 240 241 242 12 12 12 2
0 241 243 242 12 12 12 2
0 244 245 246 1 1 1 1
0 245 247 246 1 1 1 1
0 248 249 250 13 13 13 2
0 249 251 250 13 13 13 2
0 248 252 242 3 3 3 3
0 252 253 242 3 3 3 3
0 254 249 255 4 4 4 3
0 249 243 255 4 4 4 3
0 256 257 258 14 14 14 2
0 256 259 257 14 14 14 2
0 260 261 262 15 15 15 1
0 260 263 261 15 15 15 1
0 264 265 266 16 16 16 2
0 264 267 265 16 16 16 2
0 256 268 266 3 3 3 3
0 256 269 268 3 3 3 3
0 270 265 271 4 4 4 3
0 270 259 265 4 4 4 3
0 272 273 274 17 17 17 2
0 272 275 273 17 17 17 2
0 276 277 278 15 15 15 1
0 276 279 277 15 15 15 1
0 280 281 282 18 18 18 2
0 280 283 281 18 18 18 2
0 272 284 282 3 3 3 3
0 272 285 284 3 3 3 3
0 286 281 287 4 4 4 3
0 286 275 281 4 4 4 3
0 288 289 290 19 19 19 2
0 288 291 289 19 19 19 2
0 292 293 294 15 15 15 1
0 292 295 293 15 15 15 1
0 296 297 298 20 20 20 2
0 296 299 297 20 20 20 2
0 288 300 298 3 3 3 3
0 288 301 300 3 3 3 3
0 302 297 303 4 4 4 3
0 302 291 297 4 4 4 3
0 304 305 306 19 19 19 2
0 304 307 305 19 19 19 2
0 308 309 310 15 15 15 1
0 308 311 309 15 15 15 1
0 312 313 314 18 18 18 2
0 312 315 313 18 18 18 2
0 304 316 314 3 3 3 3
0 304 317 316 3 3 3 3
0 318 313 319 4 4 4 3
0 318 307 313 4 4 4 3
0 320 321 322 14 14 14 2
0 320 323 321 14 14 14 2
0 324 325 326 15 15 15 1
0 324 327 325 15 15 15 1
0 328 329 330 16 16 16 2
0 328 331 329 16 16 16 2
0 320 332 330 3 3 3 3
0 320 333 332 3 3 3 3
0 334 329 335 4 4 4 3
0 334 323 329 4 4 4 3
0 336 337 338 17 17 17 2
0 336 339 337 17 17 17 2
0 340 341 342 15 15 15 1
0 340 343 341 15 15 15 1
0 344 345 346 18 18 18 2
0 344 347 345 18 18 18 2
0 336 348 346 3 3 3 3
0 336 349 348 3 3 3 3
0 350 345 351 4 4 4 3
0 350 339 345 4 4 4 3
0 352 353 354 21 21 21 2
0 352 355 353 21 21 21 2
0 356 357 358 15 15 15 1
0 356 359 357 15 15 15 1
0 360 361 362 20 20 20 2
0 360 363 361 20 20 20 2
0 352 364 362 3 3 3 3
0 352 365 364 3 3 3 3
0 366 361 367 4 4 4 3
0 366 355 361 4 4 4 3
0 368 369 370 21 21 21 2
0 368 371 369 21 21 21 2
0 372 373 374 15 15 15 1
0 372 375 373 15 15 15 1
0 376 377 378 18 18 18 2
0 376 379 377 18 18 18 2
0 368 380 378 3 3 3 3
0 368 381 380 3 3 3 3
0 382 377 383 4 4 4 3
0 382 371 377 4 4 4 3
0 384 385 386 14 14 14 2
0 384 387 385 14 14 14 2
0 388 389 390 15 15 15 1
0 388 391 389 15 15 15 1
0 392 393 394 16 16 16 2
0 392 395 393 16 16 16 2
0 384 396 394 3 3 3 3
0 384 397 396 3 3 3 3
0 398 393 399 4 4 4 3
0 398 387 393 4 4 4 3
0 400 401 402 22 22 22 2
0 400 403 401 22 22 22 2
0 404 405 406 15 15 15 1
0 404 407 405 15 15 15 1
0 408 409 410 18 18 18 2
0 408 411 409 18 18 18 2
0 400 412 410 3 3 3 3
0 400 413 412 3 3 3 3
0 414 409 415 4 4 4 3
0 414 403 409 4 4 4 3
0 416 417 418 19 19 19 2
0 416 419 417 19 19 19 2
0 420 421 422 15 15 15 1
0 420 423 421 15 15 15 1
0 424 425 426 20 20 20 2
0 424 427 425 20 20 20 2
0 416 428 426 3 3 3 3
0 416 429 428 3 3 3 3
0 430 425 431 4 4 4 3
0 430 419 425 4 4 4 3
0 432 433 434 19 19 19 2
0 432 435 433 19 19 19 2
0 436 437 438 15 15 15 1
0 436 439 437 15 15 15 1
0 440 441 442 18 18 18 2
0 440 443 441 18 18 18 2
0 432 444 442 3 3 3 3
0 432 445 444 3 3 3 3
0 446 441 447 4 4 4 3
0 446 435 441 4 4 4 3
0 448 449 450 14 14 14 2
0 448 451 449 14 14 14 2
0 452 453 454 15 15 15 1
0 452 455 453 15 15 15 1
0 456 457 458 16 16 16 2
0 456 459 457 16 16 16 2
0 448 460 458 3 3 3 3
0 448 461 460 3 3 3 3
0 462 457 463 4 4 4 3
0 462 451 457 4 4 4 3
0 464 465 466 22 22 22 2
0 464 467 465 22 22 22 2
0 468 469 470 15 15 15 1
0 468 471 469 15 15 15 1
0 472 473 474 18 18 18 2
0 472 475 473 18 18 18 2
0 464 476 474 3 3 3 3
0 464 477 476 3 3 3 3
0 478 473 479 4 4 4 3
0 478 467 473 4 4 4 3
0 480 481 482 21 21 21 2
0 480 483 481 21 21 21 2
0 484 485 486 15 15 15 1
0 484 487 485 15 15 15 1
0 488 489 490 20 20 20 2
0 488 491 489 20 20 20 2
0 480 492 490 3 3 3 3
0 480 493 492 3 3 3 3
0 494 489 495 4 4 4 3
0 494 483 489 4 4 4 3
0 496 497 498 21 21 21 2
0 496 499 497 21 21 21 2
0 500 501 502 15 15 15 1
0 500 503 501 15 15 15 1
0 504 505 506 18 18 18 2
0 504 507 505 18 18 18 2
0 496 508 506 3 3 3 3
0 496 509 508 3 3 3 3
0 510 505 511 4 4 4 3
0 510 499 505 4 4 4 3
0 512 513 514 23 23 23 2
0 512 515 513 23 23 23 2
0 516 517 518 24 24 24 1
0 516 519 517 24 24 24 1
0 520 521 522 25 25 25 2
0 520 523 521 25 25 25 2
0 512 524 522 3 3 3 3
0 512 525 524 3 3 3 3
0 526 521 527 4 4 4 3
0 526 515 521 4 4 4 3
0 528 529 530 26 26 26 2
0 528 531 529 26 26 26 2
0 532 533 534 27 27 27 1
0 532 535 533 27 27 27 1
0 536 537 538 28 28 28 2
0 536 539 537 28 28 28 2
0 528 540 538 3 3 3 3
0 528 541 540 3 3 3 3
0 542 537 543 4 4 4 3
0 542 531 537 4 4 4 3
0 544 545 546 29 29 29 2
0 544 547 545 29 29 29 2
0 548 549 550 30 30 30 1
0 548 551 549 30 30 30 1
0 552 553 554 31 31 31 2
0 552 555 553 31 31 31 2
0 544 556 554 3 3 3 3
0 544 557 556 3 3 3 3
0 558 553 559 4 4 4 3
0 558 547 553 4 4 4 3
0 560 561 562 23 23 23 2
0 560 563 561 23 23 23 2
0 564 565 566 24 24 24 1
0 564 567 565 24 24 24 1
0 568 569 570 32 32 32 2
0 568 571 569 32 32 32 2
0 560 572 570 3 3 3 3
0 560 573 572 3 3 3 3
0 574 569 575 4 4 4 3
0 574 563 569 4 4 4 3
0 576 577 578 26 26 26 2
0 576 579 577 26 26 26 2
0 580 581 582 27 27 27 1
0 580 583 581 27 27 27 1
0 584 585 586 33 33 33 2
0 584 587 585 33 33 33 2
0 576 588 586 3 3 3 3
0 576 589 588 3 3 3 3
0 590 585 591 4 4 4 3
0 590 579 585 4 4 4 3
0 592 593 594 29 29 29 2
0 592 595 593 29 29 29 2
0 596 597 598 34 34 34 1
0 596 599 597 34 34 34 1
0 600 601 602 31 31 31 2
0 600 603 601 31 31 31 2
0 592 604 602 3 3 3 3
0 592 605 604 3 3 3 3
0 606 601 607 4 4 4 3
0 606 595 601 4 4 4 3
0 608 609 610 35 35 35 2
0 608 611 609 35 35 35 2
0 612 613 614 24 24 24 1
0 612 615 613 24 24 24 1
0 616 617 618 36 36 36 2
0 616 619 617 36 36 36 2
0 608 620 618 3 3 3 3
0 608 621 620 3 3 3 3
0 622 617 623 4 4 4 3
0 622 611 617 4 4 4 3
0 624 625 626 26 26 26 2
0 624 627 625 26 26 26 2
0 628 629 630 27 27 27 1
0 628 631 629 27 27 27 1
0 632 633 634 28 28 28 2
0 632 635 633 28 28 28 2
0 624 636 634 3 3 3 3
0 624 637 636 3 3 3 3
0 638 633 639 4 4 4 3
0 638 627 633 4 4 4 3
0 640 641 642 29 29 29 2
0 640 643 641 29 29 29 2
0 644 645 646 30 30 30 1
0 644 647 645 30 30 30 1
0 648 649 650 31 31 31 2
0 648 651 649 31 31 31 2
0 640 652 650 3 3 3 3
0 640 653 652 3 3 3 3
0 654 649 655 4 4 4 3
0 654 643 649 4 4 4 3
0 656 657 658 35 35 35 2
0 656 659 657 35 35 35 2
0 660 661 662 24 24 24 1
0 660 663 661 24 24 24 1
0 664 665 666 36 36 36 2
0 664 667 665 36 36 36 2
0 656 668 666 3 3 3 3
0 656 669 668 3 3 3 3
0 670 665 671 4 4 4 3
0 670 659 665 4 4 4 3
0 672 673 674 37 37 37 2
0 672 675 673 37 37 37 2
0 676 677 678 27 27 27 1
0 676 679 677 27 27 27 1
0 680 681 682 33 33 33 2
0 680 683 681 33 33 33 2
0 672 684 682 3 3 3 3
0 672 685 684 3 3 3 3
0 686 681 687 4 4 4 3
0 686 675 681 4 4 4 3
0 688 689 690 29 29 29 2
0 688 691 689 29 29 29 2
0 692 693 694 30 30 30 1
0 692 695 693 30 30 30 1
0 696 697 698 31 31 31 2
0 696 699 697 31 31 31 2
0 688 700 698 3 3 3 3
0 688 701 700 3 3 3 3
0 702 697 703 4 4 4 3
0 702 691 697 4 4 4 3
0 704 705 706 38 38 38 2
0 705 707 706 38 38 38 2
0 708 709 710 39 39 39 1
0 709 711 710 39 39 39 1
0 712 713 714 40 40 40 2
0 713 715 714 40 40 40 2
0 712 716 706 3 3 3 3
0 716 717 706 3 3 3 3
0 718 713 719 4 4 4 3
0 713 707 719 4 4 4 3
0 720 721 722 41 41 41 2
0 721 723 722 41 41 41 2
0 724 725 726 42 42 42 1
0 725 727 726 42 42 42 1
0 728 729 730 43 43 43 2
0 729 731 730 43 43 43 2
0 728 732 722 3 3 3 3
0 732 733 722 3 3 3 3
0 734 729 735 4 4 4 3
0 729 723 735 4 4 4 3
0 736 737 738 44 44 44 2
0 737 739 738 44 44 44 2
0 740 741 742 45 45 45 1
0 741 743 742 45 45 45 1
0 744 745 746 46 46 46 2
0 745 747 746 46 46 46 2
0 744 748 738 3 3 3 3
0 748 749 738 3 3 3 3
0 750 745 751 4 4 4 3
0 745 739 751 4 4 4 3
0 752 753 754 38 38 38 2
0 753 755 754 38 38 38 2
0 756 757 758 39 39 39 1
0 757 759 758 39 39 39 1
0 760 761 762 40 40 40 2
0 761 763 762 40 40 40 2
0 760 764 754 3 3 3 3
0 764 765 754 3 3 3 3
0 766 761 767 4 4 4 3
0 761 755 767 4 4 4 3
0 768 769 770 47 47 47 2
0 769 771 770 47 47 47 2
0 772 773 774 42 42 42 1
0 773 775 774 42 42 42 1
0 776 777 778 43 43 43 2
0 777 779 778 43 43 43 2
0 776 780 770 3 3 3 3
0 780 781 770 3 3 3 3
0 782 777 783 4 4 4 3
0 777 771 783 4 4 4 3
0 784 785 786 44 44 44 2
0 785 787 786 44 44 44 2
0 788 789 790 48 48 48 1
0 789 791 790 48 48 48 1
0 792 793 794 49 49 49 2
0 793 795 794 49 49 49 2
0 792 796 786 3 3 3 3
0 796 797 786 3 3 3 3
0 798 793 799 4 4 4 3
0 793 787 799 4 4 4 3
0 800 801 802 38 38 38 2
0 801 803 802 38 38 38 2
0 804 805 806 39 39 39 1
0 805 807 806 39 39 39 1
0 808 809 810 50 50 50 2
0 809 811 810 50 50 50 2
0 808 812 802 3 3 3 3
0 812 813 802 3 3 3 3
0 814 809 815 4 4 4 3
0 809 803 815 4 4 4 3
0 816 817 818 41 41 41 2
0 817 819 818 41 41 41 2
0 820 821 822 42 42 42 1
0 821 823 822 42 42 42 1
0 824 825 826 43 43 43 2
0 825 827 826 43 43 43 2
0 824 828 818 3 3 3 3
0 828 829 818 3 3 3 3
0 830 825 831 4 4 4 3
0 825 819 831 4 4 4 3
0 832 833 834 44 44 44 2
0 833 835 834 44 44 44 2
0 836 837 838 45 45 45 1
0 837 839 838 45 45 45 1
0 840 841 842 46 46 46 2
0 841 843 842 46 46 46 2
0 840 844 834 3 3 3 3
0 844 845 834 3 3 3 3
0 846 841 847 4 4 4 3
0 841 835 847 4 4 4 3
0 848 849 850 38 38 38 2
0 849 851 850 38 38 38 2
0 852 853 854 39 39 39 1
0 853 855 854 39 39 39 1
0 856 857 858 50 50 50 2
0 857 859 858 50 50 50 2
0 856 860 850 3 3 3 3
0 860 861 850 3 3 3 3
0 862 857 863 4 4 4 3
0 857 851 863 4 4 4 3
0 864 865 866 47 47 47 2
0 865 867 866 47 47 47 2
0 868 869 870 42 42 42 1
0 869 871 870 42 42 42 1
0 872 873 874 51 51 51 2
0 873 875 874 51 51 51 2
0 872 876 866 3 3 3 3
0 876 877 866 3 3 3 3
0 878 873 879 4 4 4 3
0 873 867 879 4 4 4 3
0 880 881 882 44 44 44 2
0 881 883 882 44 44 44 2
0 884 885 886 45 45 45 1
0 885 887 886 45 45 45 1
0 888 889 890 46 46 46 2
0 889 891 890 46 46 46 2
0 888 892 882 3 3 3 3
0 892 893 882 3 3 3 3
0 894 889 895 4 4 4 3
0 889 883 895 4 4 4 3
"roof" 0 2
24
0 -45.000008 102.167854 -31.239603 0.026964 0.402290 -1
0 -45.000008 102.167854 31.260397 0.026964 0.492322 -1
0 44.999992 102.167854 -31.239603 0.117021 0.402290 -1
0 44.999992 102.167854 31.260397 0.117021 0.492322 -1
0 -32.916683 107.158234 27.515106 0.801123 0.628962 -1
0 -32.916683 99.345734 27.515106 0.729959 0.629036 -1
0 33.020836 107.158234 27.538437 0.801221 0.751475 -1
0 33.020836 99.345734 27.538437 0.730054 0.751548 -1
0 33.020836 107.158234 27.538437 0.801115 0.751746 -1
0 33.020836 99.345734 27.538437 0.730039 0.751619 -1
0 33.020836 107.158234 -27.589064 0.800852 0.629416 -1
0 33.020836 99.345734 -27.589064 0.729777 0.629288 -1
0 33.020836 107.158234 -27.589064 0.801221 0.751475 -1
0 33.020836 99.345734 -27.589064 0.730054 0.751548 -1
0 -32.916683 107.158234 -27.572393 0.801123 0.628962 -1
0 -32.916683 99.345734 -27.572393 0.729959 0.629036 -1
0 -32.916683 107.158234 -27.572393 0.800850 0.629451 -1
0 -32.916683 99.345734 -27.572393 0.729776 0.629323 -1
0 -32.916683 107.158234 27.515106 0.801116 0.751696 -1
0 -32.916683 99.345734 27.515106 0.730039 0.751569 -1
0 -32.916683 107.158234 -27.572393 0.001828 0.384624 -1
0 -32.916683 107.158234 27.515106 0.001828 0.502737 -1
0 33.020836 107.158234 -27.589064 0.126289 0.384587 -1
0 33.020836 107.158234 27.538437 0.126289 0.502785 -1
5
0.000000 1.000000 0.000000
-0.000354 0.000000 1.000000
1.000000 0.000000 0.000000
-0.000253 0.000000 -1.000000
-1.000000 0.000000 0.000000
12
0 0 1 2 0 0 0 3
0 1 3 2 0 0 0 3
0 4 5 6 1 1 1 1
0 5 7 6 1 1 1 1
0 8 9 10 2 2 2 2
0 9 11 10 2 2 2 2
0 12 13 14 3 3 3 1
0 13 15 14 3 3 3 1
0 16 17 18 4 4 4 2
0 17 19 18 4 4 4 2
0 20 21 22 0 0 0 3
0 21 23 22 0 0 0 3

Materials: 3
"stucco"
0.800000 0.800000 0.800000 1.000000
0.800000 0.800000 0.800000 1.000000
0.000000 0.000000 0.000000 1.000000
0.000000 0.000000 0.000000 1.000000
0.000000
1.000000
".\builds1.bmp"
""
"windows"
0.800000 0.800000 0.800000 1.000000
0.800000 0.800000 0.800000 1.000000
0.000000 0.000000 0.000000 1.000000
0.000000 0.000000 0.000000 1.000000
0.000000
1.000000
".\builds2.bmp"
""
"concrete"
0.800000 0.800000 0.800000 1.000000
0.800000 0.800000 0.800000 1.000000
0.000000 0.000000 0.000000 1.000000
0.000000 0.000000 0.000000 1.000000
0.000000
1.000000
".\builds1.bmp"
""

Bones: 0
GroupComments: 0
MaterialComments: 0
BoneComments: 0
ModelComment: 0
