// MilkShape 3D ASCII

Frames: 30
Frame: 1

Meshes: 2
"scraper3" 0 0
112
0 18.012070 159.406403 18.180859 0.895618 0.614140 -1
0 23.110676 159.406403 13.955990 0.895338 0.614190 -1
0 23.110655 169.740295 13.955996 0.895310 0.614104 -1
0 18.012035 169.740295 18.180866 0.895591 0.614055 -1
0 23.110664 159.406403 -13.987718 0.893486 0.614517 -1
0 23.110641 169.740295 -13.987711 0.893459 0.614431 -1
0 18.012079 159.406403 -18.212616 0.893206 0.614567 -1
0 18.012045 169.740295 -18.212620 0.893178 0.614481 -1
0 -17.892561 159.406342 -18.192026 0.893207 0.614566 -1
0 -17.892595 169.740265 -18.192017 0.893180 0.614481 -1
0 -22.991047 159.406403 -13.967203 0.893487 0.614517 -1
0 -22.991121 169.740295 -13.967193 0.893460 0.614431 -1
0 -22.991026 159.406403 13.976409 0.895339 0.614189 -1
0 -22.991100 169.740295 13.976419 0.895312 0.614104 -1
0 -17.892576 159.406342 18.201353 0.895620 0.614140 -1
0 -17.892601 169.740265 18.201353 0.895592 0.614054 -1
0 18.012070 -0.013329 18.180864 0.896038 0.615462 -1
0 23.110662 -0.013252 13.955992 0.895758 0.615511 -1
0 23.110676 10.319992 13.955990 0.895731 0.615426 -1
0 18.012079 10.320198 18.180864 0.896011 0.615377 -1
0 23.110653 -0.013252 -13.987711 0.893906 0.615839 -1
0 23.110664 10.319992 -13.987718 0.893879 0.615754 -1
0 18.012070 -0.013329 -18.212614 0.893626 0.615888 -1
0 18.012094 10.320198 -18.212622 0.893599 0.615803 -1
0 -17.892424 -0.013351 -18.192019 0.893628 0.615888 -1
0 -17.892521 10.320267 -18.192019 0.893601 0.615803 -1
0 -22.991117 -0.013466 -13.967198 0.893907 0.615839 -1
0 -22.991026 10.320313 -13.967193 0.893880 0.615754 -1
0 -22.991091 -0.013466 13.976417 0.895759 0.615511 -1
0 -22.991018 10.320313 13.976414 0.895732 0.615426 -1
0 -17.892416 -0.013351 18.201349 0.896040 0.615461 -1
0 -17.892532 10.320267 18.201363 0.896013 0.615376 -1
0 15.527663 160.299728 -16.934887 0.893288 0.614545 -1
0 17.858795 160.299728 -18.007801 0.893217 0.614557 -1
0 15.527679 160.299728 -18.007807 0.893217 0.614557 -1
0 17.858793 160.299728 -16.934879 0.893288 0.614545 -1
0 15.527694 8.663910 -16.934881 0.893688 0.615801 -1
0 15.527711 8.663910 -18.007809 0.893617 0.615814 -1
0 17.858801 8.663879 -18.007803 0.893617 0.615814 -1
0 17.858793 8.663879 -16.934879 0.893688 0.615801 -1
0 21.533815 160.299652 -13.804149 0.893496 0.614508 -1
0 22.828651 160.299728 -11.872530 0.893624 0.614485 -1
0 22.828638 160.299728 -13.804138 0.893496 0.614508 -1
0 21.533819 160.299652 -11.872553 0.893624 0.614485 -1
0 21.533836 8.663910 -13.804152 0.893895 0.615765 -1
0 22.828630 8.663818 -13.804139 0.893895 0.615765 -1
0 22.828629 8.663818 -11.872493 0.894024 0.615742 -1
0 21.533842 8.663910 -11.872508 0.894024 0.615742 -1
0 21.577040 160.299652 11.950995 0.895202 0.614206 -1
0 22.871918 160.299652 13.882602 0.895331 0.614183 -1
0 22.871920 160.299652 11.950998 0.895202 0.614206 -1
0 21.577032 160.299652 13.882606 0.895331 0.614183 -1
0 21.577068 8.663895 11.951006 0.895602 0.615463 -1
0 22.871950 8.663910 11.951001 0.895602 0.615463 -1
0 22.871946 8.663910 13.882606 0.895731 0.615440 -1
0 21.577063 8.663895 13.882615 0.895731 0.615440 -1
0 17.798847 160.299622 16.927898 0.895532 0.614148 -1
0 15.467768 160.299652 18.000807 0.895604 0.614135 -1
0 17.798849 160.299622 18.000807 0.895604 0.614135 -1
0 15.467773 160.299652 16.927887 0.895532 0.614148 -1
0 17.798874 8.663841 16.927896 0.895932 0.615404 -1
0 17.798874 8.663841 18.000809 0.896003 0.615392 -1
0 15.467741 8.663994 18.000799 0.896003 0.615392 -1
0 15.467746 8.663994 16.927883 0.895932 0.615404 -1
0 -15.449674 160.299728 -16.934881 0.893288 0.614545 -1
0 -15.449666 160.299728 -18.007803 0.893217 0.614557 -1
0 -17.780725 160.299744 -18.007801 0.893217 0.614557 -1
0 -17.780727 160.299744 -16.934883 0.893288 0.614545 -1
0 -15.449714 8.663895 -16.934885 0.893688 0.615801 -1
0 -15.449701 8.663895 -18.007799 0.893617 0.615814 -1
0 -17.780731 8.663841 -18.007793 0.893617 0.615814 -1
0 -17.780727 8.663841 -16.934883 0.893688 0.615801 -1
0 -21.455843 160.299652 -13.804151 0.893496 0.614508 -1
0 -22.750618 160.299652 -13.804141 0.893496 0.614508 -1
0 -22.750639 160.299652 -11.872539 0.893624 0.614485 -1
0 -21.455826 160.299652 -11.872534 0.893624 0.614485 -1
0 -21.455875 8.663910 -13.804135 0.893895 0.615765 -1
0 -22.750587 8.663963 -13.804138 0.893895 0.615765 -1
0 -22.750595 8.663963 -11.872499 0.894024 0.615742 -1
0 -21.455864 8.663910 -11.872497 0.894024 0.615742 -1
0 -21.499062 160.299652 11.951000 0.895202 0.614206 -1
0 -22.793955 160.299652 11.951004 0.895202 0.614206 -1
0 -22.793959 160.299652 13.882612 0.895331 0.614183 -1
0 -21.499052 160.299652 13.882600 0.895331 0.614183 -1
0 -21.499022 8.663750 11.951006 0.895602 0.615463 -1
0 -22.793806 8.663940 11.950992 0.895602 0.615463 -1
0 -22.793818 8.663940 13.882619 0.895731 0.615440 -1
0 -21.499008 8.663750 13.882611 0.895731 0.615440 -1
0 -17.720900 160.299622 16.927885 0.895532 0.614148 -1
0 -17.720881 160.299622 18.000792 0.895604 0.614135 -1
0 -15.389795 160.299728 18.000793 0.895604 0.614135 -1
0 -15.389789 160.299728 16.927891 0.895532 0.614148 -1
0 -17.720879 8.663826 16.927889 0.895932 0.615404 -1
0 -17.720865 8.663826 18.000788 0.896003 0.615392 -1
0 -15.389814 8.663857 18.000784 0.896003 0.615392 -1
0 -15.389812 8.663857 16.927889 0.895932 0.615404 -1
0 -22.093254 160.462646 13.439202 0.895301 0.614187 -1
0 -17.190828 160.462677 17.501448 0.895570 0.614140 -1
0 17.332867 160.462646 17.481760 0.895569 0.614140 -1
0 -22.093235 160.462646 -13.429778 0.893520 0.614502 -1
0 -17.190842 160.462677 -17.492186 0.893250 0.614550 -1
0 17.332853 160.462646 -17.511915 0.893249 0.614551 -1
0 22.235298 160.462646 -13.449540 0.893519 0.614503 -1
0 22.235291 160.462646 13.419387 0.895300 0.614188 -1
0 -22.991100 169.740295 13.976419 0.814561 0.352936 -1
0 -17.892601 169.740265 18.201353 0.834859 0.374012 -1
0 18.012035 169.740295 18.180866 0.977804 0.373911 -1
0 -22.991121 169.740295 -13.967193 0.814561 0.213534 -1
0 -17.892595 169.740265 -18.192017 0.834859 0.192458 -1
0 18.012045 169.740295 -18.212620 0.977804 0.192356 -1
0 23.110641 169.740295 -13.987711 0.998103 0.213432 -1
0 23.110655 169.740295 13.955996 0.998103 0.352834 -1
185
0.638045 0.000001 0.769999
0.638046 0.000001 0.769999
0.638045 0.000002 0.769999
1.000000 0.000002 -0.000000
1.000000 0.000002 -0.000000
1.000000 0.000002 -0.000000
0.638050 0.000002 -0.769995
0.638050 0.000002 -0.769995
0.638050 0.000002 -0.769995
-0.000574 0.000000 -1.000000
-0.000573 0.000001 -1.000000
-0.000574 -0.000000 -1.000000
-0.638049 -0.000003 -0.769996
-0.638050 -0.000004 -0.769995
-0.638048 -0.000001 -0.769997
-1.000000 -0.000007 0.000001
-1.000000 -0.000007 0.000001
-1.000000 -0.000007 0.000001
-0.638062 -0.000003 0.769985
-0.638064 -0.000002 0.769983
-0.638059 -0.000005 0.769987
0.000571 -0.000000 1.000000
0.000571 -0.000001 1.000000
0.000571 0.000000 1.000000
0.000001 -1.000000 -0.000008
-0.000000 -1.000000 -0.000002
0.000002 -1.000000 -0.000016
-0.000003 -1.000000 0.000004
-0.000002 -1.000000 0.000004
0.000001 -1.000000 0.000000
0.000000 -1.000000 0.000000
0.638047 -0.000001 0.769998
0.638047 -0.000001 0.769998
0.638047 -0.000001 0.769998
1.000000 -0.000001 -0.000000
1.000000 -0.000001 -0.000000
1.000000 -0.000001 -0.000000
0.638051 -0.000002 -0.769994
0.638050 -0.000002 -0.769995
0.638051 -0.000001 -0.769994
-0.000574 -0.000000 -1.000000
-0.000574 -0.000000 -1.000000
-0.000574 -0.000001 -1.000000
-0.638042 0.000000 -0.770002
-0.638035 0.000006 -0.770008
-0.638049 -0.000006 -0.769996
-1.000000 0.000008 0.000001
-1.000000 0.000007 0.000001
-1.000000 0.000009 0.000000
-0.638054 -0.000002 0.769992
-0.638046 -0.000008 0.769998
-0.638062 0.000005 0.769985
0.000571 -0.000001 1.000000
0.000571 -0.000000 1.000000
0.000571 -0.000001 1.000000
0.000002 1.000000 0.000004
0.000002 1.000000 0.000009
0.000017 1.000000 0.000002
0.000003 1.000000 -0.000000
0.000006 1.000000 -0.000004
0.000021 1.000000 0.000000
0.000002 1.000000 0.000000
0.000040 1.000000 0.000000
0.000040 1.000000 -0.000000
0.000000 1.000000 0.000000
-1.000000 -0.000000 -0.000016
-1.000000 -0.000000 -0.000016
-1.000000 -0.000000 -0.000015
0.000002 0.000000 -1.000000
0.000002 0.000000 -1.000000
0.000002 0.000000 -1.000000
1.000000 0.000000 0.000004
1.000000 0.000000 0.000007
1.000000 0.000000 0.000002
-0.000002 0.000000 1.000000
-0.000001 0.000000 1.000000
-0.000003 0.000000 1.000000
-0.000059 1.000000 0.000000
-0.000059 1.000000 0.000000
-0.000059 1.000000 0.000000
0.000009 0.000000 -1.000000
0.000010 0.000000 -1.000000
0.000008 0.000000 -1.000000
1.000000 -0.000000 -0.000003
1.000000 -0.000000 0.000001
1.000000 -0.000000 -0.000007
-0.000015 0.000000 1.000000
-0.000012 0.000000 1.000000
-0.000018 0.000000 1.000000
-1.000000 -0.000000 0.000002
-1.000000 -0.000000 0.000003
-1.000000 -0.000000 0.000002
-0.000001 -0.000000 -1.000000
-0.000004 -0.000000 -1.000000
0.000002 -0.000000 -1.000000
1.000000 0.000000 0.000001
1.000000 0.000000 0.000002
1.000000 0.000000 0.000001
0.000005 0.000000 1.000000
0.000007 0.000000 1.000000
0.000003 0.000000 1.000000
-1.000000 -0.000000 -0.000003
-1.000000 -0.000000 -0.000003
-1.000000 -0.000000 -0.000004
0.000013 1.000000 0.000000
0.000013 1.000000 -0.000000
0.000013 1.000000 0.000000
1.000000 0.000000 -0.000001
1.000000 0.000000 0.000000
1.000000 0.000000 -0.000002
-0.000002 -0.000000 1.000000
-0.000004 -0.000000 1.000000
0.000000 0.000000 1.000000
-1.000000 0.000000 -0.000005
-1.000000 0.000000 -0.000004
-1.000000 0.000000 -0.000005
0.000005 0.000000 -1.000000
0.000006 0.000000 -1.000000
0.000005 0.000000 -1.000000
0.000007 1.000000 0.000000
0.000007 1.000000 0.000000
0.000007 1.000000 0.000000
1.000000 -0.000000 0.000009
1.000000 -0.000000 0.000012
1.000000 -0.000000 0.000007
-0.000002 -0.000000 -1.000000
-0.000002 -0.000000 -1.000000
-0.000001 -0.000000 -1.000000
-1.000000 0.000000 0.000001
-1.000000 0.000000 0.000004
-1.000000 0.000000 -0.000002
0.000000 -0.000000 1.000000
0.000001 -0.000000 1.000000
-0.000001 0.000000 1.000000
-0.000003 -0.000000 -1.000000
0.000002 -0.000000 -1.000000
-0.000007 -0.000000 -1.000000
-1.000000 -0.000000 -0.000007
-1.000000 -0.000000 -0.000004
-1.000000 -0.000000 -0.000011
-0.000003 0.000000 1.000000
-0.000002 0.000000 1.000000
-0.000004 0.000000 1.000000
1.000000 -0.000000 -0.000007
1.000000 -0.000000 -0.000006
1.000000 -0.000000 -0.000009
0.000004 0.000000 -1.000000
0.000011 0.000000 -1.000000
-0.000003 -0.000000 -1.000000
-1.000000 -0.000001 -0.000004
-1.000000 -0.000001 -0.000006
-1.000000 -0.000001 -0.000002
0.000008 0.000000 1.000000
0.000006 0.000000 1.000000
0.000010 0.000000 1.000000
1.000000 0.000000 -0.000006
1.000000 0.000000 -0.000007
1.000000 0.000000 -0.000005
-0.000046 1.000000 0.000000
-0.000046 1.000000 0.000000
-0.000046 1.000000 -0.000000
-1.000000 -0.000000 0.000015
-1.000000 -0.000000 0.000012
-1.000000 -0.000000 0.000018
0.000000 -0.000000 1.000000
0.000002 -0.000000 1.000000
-0.000001 -0.000000 1.000000
1.000000 -0.000000 0.000004
1.000000 -0.000000 0.000002
1.000000 -0.000000 0.000006
0.000001 -0.000000 -1.000000
0.000000 -0.000000 -1.000000
0.000002 0.000000 -1.000000
0.000000 1.000000 -0.000004
0.000001 1.000000 -0.000009
-0.000000 1.000000 -0.000001
-0.000002 1.000000 0.000002
-0.000001 1.000000 0.000002
0.000000 1.000000 -0.000000
-0.000000 1.000000 0.000004
-0.000001 1.000000 0.000008
0.000000 1.000000 0.000001
0.000001 1.000000 -0.000002
0.000001 1.000000 -0.000002
-0.000000 1.000000 -0.000000
136
0 0 1 2 0 1 0 1
0 0 2 3 0 0 2 1
0 1 4 5 3 4 3 2
0 1 5 2 3 3 5 2
0 4 6 7 6 7 6 3
0 4 7 5 6 6 8 3
0 6 8 9 9 10 9 4
0 6 9 7 9 9 11 4
0 8 10 11 12 13 12 2
0 8 11 9 12 12 14 2
0 10 12 13 15 16 15 3
0 10 13 11 15 15 17 3
0 12 14 15 18 19 18 4
0 12 15 13 18 18 20 4
0 14 0 3 21 22 21 5
0 14 3 15 21 21 23 5
0 12 0 14 24 25 26 6
0 10 0 12 27 25 24 6
0 8 0 10 28 25 27 6
0 6 0 8 29 25 28 6
0 4 0 6 30 25 29 6
0 1 0 4 30 25 30 6
0 16 17 18 31 32 31 1
0 16 18 19 31 31 33 1
0 17 20 21 34 35 34 2
0 17 21 18 34 34 36 2
0 20 22 23 37 38 37 3
0 20 23 21 37 37 39 3
0 22 24 25 40 41 40 4
0 22 25 23 40 40 42 4
0 24 26 27 43 44 43 2
0 24 27 25 43 43 45 2
0 26 28 29 46 47 46 3
0 26 29 27 46 46 48 3
0 28 30 31 49 50 49 4
0 28 31 29 49 49 51 4
0 30 16 19 52 53 52 5
0 30 19 31 52 52 54 5
0 29 31 19 55 56 57 7
0 27 29 19 58 55 57 7
0 25 27 19 59 59 59 7
0 23 25 19 60 61 57 7
0 21 23 19 62 60 57 7
0 18 21 19 63 62 57 7
0 32 33 34 64 64 64 2
0 33 32 35 64 64 64 2
0 36 34 37 65 65 66 3
0 34 36 32 65 65 67 3
0 37 33 38 68 68 69 4
0 33 37 34 68 68 70 4
0 38 35 39 71 71 72 5
0 35 38 33 71 71 73 5
0 39 32 36 74 74 75 6
0 32 39 35 74 74 76 6
0 40 41 42 77 77 78 2
0 41 40 43 77 77 79 2
0 44 42 45 80 80 81 3
0 42 44 40 80 80 82 3
0 45 41 46 83 83 84 4
0 41 45 42 83 83 85 4
0 46 43 47 86 86 87 5
0 43 46 41 86 86 88 5
0 47 40 44 89 89 90 6
0 40 47 43 89 89 91 6
0 48 49 50 64 64 64 2
0 49 48 51 64 64 64 2
0 52 50 53 92 92 93 3
0 50 52 48 92 92 94 3
0 53 49 54 95 95 96 4
0 49 53 50 95 95 97 4
0 54 51 55 98 98 99 5
0 51 54 49 98 98 100 5
0 55 48 52 101 101 102 6
0 48 55 51 101 101 103 6
0 56 57 58 104 104 105 2
0 57 56 59 104 104 106 2
0 60 58 61 107 107 108 3
0 58 60 56 107 107 109 3
0 61 57 62 110 110 111 4
0 57 61 58 110 110 112 4
0 62 59 63 113 113 114 5
0 59 62 57 113 113 115 5
0 63 56 60 116 116 117 6
0 56 63 59 116 116 118 6
0 64 65 66 119 120 119 2
0 66 67 64 119 121 119 2
0 68 69 65 122 123 122 3
0 65 64 68 122 124 122 3
0 69 70 66 125 126 125 4
0 66 65 69 125 127 125 4
0 70 71 67 128 129 128 5
0 67 66 70 128 130 128 5
0 71 68 64 131 132 131 6
0 64 67 71 131 133 131 6
0 72 73 74 64 64 64 2
0 74 75 72 64 64 64 2
0 76 77 73 134 135 134 3
0 73 72 76 134 136 134 3
0 77 78 74 137 138 137 4
0 74 73 77 137 139 137 4
0 78 79 75 140 141 140 5
0 75 74 78 140 142 140 5
0 79 76 72 143 144 143 6
0 72 75 79 143 145 143 6
0 80 81 82 64 64 64 2
0 82 83 80 64 64 64 2
0 84 85 81 146 147 146 3
0 81 80 84 146 148 146 3
0 85 86 82 149 150 149 4
0 82 81 85 149 151 149 4
0 86 87 83 152 153 152 5
0 83 82 86 152 154 152 5
0 87 84 80 155 156 155 6
0 80 83 87 155 157 155 6
0 88 89 90 158 159 158 2
0 90 91 88 158 160 158 2
0 92 93 89 161 162 161 3
0 89 88 92 161 163 161 3
0 93 94 90 164 165 164 4
0 90 89 93 164 166 164 4
0 94 95 91 167 168 167 5
0 91 90 94 167 169 167 5
0 95 92 88 170 171 170 6
0 88 91 95 170 172 170 6
0 96 97 98 173 174 175 7
0 99 96 98 176 173 175 7
0 100 99 98 177 176 175 7
0 101 100 98 178 177 175 7
0 102 101 98 64 178 175 7
0 103 102 98 64 64 175 7
0 104 105 106 179 180 181 1
0 107 104 106 182 179 181 1
0 108 107 106 183 182 181 1
0 109 108 106 184 183 181 1
0 110 109 106 64 184 181 1
0 111 110 106 64 64 181 1
"glass" 0 1
32
0 17.332878 8.496712 17.481760 0.804897 0.195961 -1
0 22.235283 8.496712 13.419392 0.764489 0.195961 -1
0 22.235291 160.462646 13.419387 0.764489 0.000966 -1
0 17.332867 160.462646 17.481760 0.804897 0.000966 -1
0 22.235283 8.496712 13.419392 0.813874 0.196884 -1
0 22.235281 8.496712 -13.449535 0.618740 0.196884 -1
0 22.235298 160.462646 -13.449540 0.618740 0.001913 -1
0 22.235291 160.462646 13.419387 0.813874 0.001913 -1
0 22.235281 8.496712 -13.449535 0.813394 0.196741 -1
0 17.332859 8.496712 -17.511915 0.774577 0.196741 -1
0 17.332853 160.462646 -17.511915 0.774577 0.000825 -1
0 22.235298 160.462646 -13.449540 0.813394 0.000825 -1
0 17.332859 8.496712 -17.511915 0.617970 0.197204 -1
0 -17.190847 8.496635 -17.492184 0.812993 0.197204 -1
0 -17.190842 160.462677 -17.492186 0.812993 0.001215 -1
0 17.332853 160.462646 -17.511915 0.617970 0.001215 -1
0 -17.190847 8.496635 -17.492184 0.773234 0.195961 -1
0 -22.093243 8.496567 -13.429781 0.813642 0.195961 -1
0 -22.093235 160.462646 -13.429778 0.813642 0.000966 -1
0 -17.190842 160.462677 -17.492186 0.773234 0.000966 -1
0 -22.093243 8.496567 -13.429781 0.618884 0.196885 -1
0 -22.093258 8.496567 13.439204 0.814018 0.196885 -1
0 -22.093254 160.462646 13.439202 0.814018 0.001913 -1
0 -22.093235 160.462646 -13.429778 0.618884 0.001913 -1
0 -22.093258 8.496567 13.439204 0.766365 0.196741 -1
0 -17.190836 8.496635 17.501528 0.805184 0.196741 -1
0 -17.190828 160.462677 17.501448 0.805183 0.000825 -1
0 -22.093254 160.462646 13.439202 0.766365 0.000825 -1
0 -17.190836 8.496635 17.501528 0.812993 0.197204 -1
0 17.332878 8.496712 17.481760 0.617970 0.197204 -1
0 17.332867 160.462646 17.481760 0.617970 0.001215 -1
0 -17.190828 160.462677 17.501448 0.812993 0.001215 -1
24
0.638052 0.000000 0.769993
0.638053 -0.000000 0.769993
0.638052 0.000000 0.769993
1.000000 -0.000000 0.000000
1.000000 -0.000000 -0.000000
1.000000 -0.000000 0.000000
0.638052 -0.000000 -0.769994
0.638053 0.000000 -0.769993
0.638050 -0.000000 -0.769995
-0.000572 -0.000000 -1.000000
-0.000572 -0.000000 -1.000000
-0.000571 -0.000000 -1.000000
-0.638057 0.000000 -0.769989
-0.638057 0.000000 -0.769989
-0.638057 0.000000 -0.769989
-1.000000 0.000000 -0.000001
-1.000000 0.000000 -0.000001
-1.000000 0.000000 -0.000001
-0.638044 0.000000 0.770000
-0.638047 0.000000 0.769997
-0.638040 0.000000 0.770003
0.000571 0.000000 1.000000
0.000573 0.000000 1.000000
0.000570 0.000001 1.000000
16
0 0 1 2 0 1 0 1
0 0 2 3 0 0 2 1
0 4 5 6 3 4 3 2
0 4 6 7 3 3 5 2
0 8 9 10 6 7 6 3
0 8 10 11 6 6 8 3
0 12 13 14 9 10 9 4
0 12 14 15 9 9 11 4
0 16 17 18 12 13 12 2
0 16 18 19 12 12 14 2
0 20 21 22 15 16 15 3
0 20 22 23 15 15 17 3
0 24 25 26 18 19 18 4
0 24 26 27 18 18 20 4
0 28 29 30 21 22 21 5
0 28 30 31 21 21 23 5

Materials: 2
"mat1"
0.800000 0.800000 0.800000 1.000000
0.800000 0.800000 0.800000 1.000000
0.000000 0.000000 0.000000 1.000000
0.000000 0.000000 0.000000 1.000000
107.000000
1.000000
".\builds5.bmp"
""
"mat2"
0.800000 0.800000 0.800000 1.000000
0.800000 0.800000 0.800000 1.000000
0.000000 0.000000 0.000000 1.000000
0.000000 0.000000 0.000000 1.000000
10.000000
1.000000
".\builds5.bmp"
""

Bones: 0
GroupComments: 0
MaterialComments: 0
BoneComments: 0
ModelComment: 0
