// MilkShape 3D ASCII

Frames: 30
Frame: 1

Meshes: 3
"raincover" 0 0
20
0 5.409091 16.090965 12.014397 0.632439 0.504174 -1
0 5.409091 14.924297 12.014397 0.632439 0.619491 -1
0 12.500001 12.090965 12.014397 0.741104 0.504174 -1
0 12.500001 10.924298 12.014397 0.741104 0.619491 -1
0 12.500001 12.090965 12.014397 0.632439 0.504174 -1
0 12.500001 10.924298 12.014397 0.632439 0.619491 -1
0 12.500001 12.090965 2.347731 0.741104 0.504174 -1
0 12.500001 10.924298 2.347731 0.741104 0.619491 -1
0 12.500001 12.090965 2.347731 0.632439 0.504174 -1
0 12.500001 10.924298 2.347731 0.632439 0.619491 -1
0 5.409091 16.090965 2.347731 0.741104 0.504174 -1
0 5.409091 14.924297 2.347731 0.741104 0.619491 -1
0 5.409091 16.090965 2.347731 0.632439 0.504174 -1
0 5.409091 14.924297 2.347731 0.632439 0.619491 -1
0 5.409091 16.090965 12.014397 0.741104 0.504174 -1
0 5.409091 14.924297 12.014397 0.741104 0.619491 -1
0 5.409091 16.090965 12.014397 0.632439 0.619491 -1
0 12.500001 12.090965 12.014397 0.741104 0.619491 -1
0 5.409091 14.924297 12.014397 0.632439 0.504174 -1
0 12.500001 10.924298 12.014397 0.741104 0.504174 -1
6
0.000000 0.000000 1.000000
1.000000 0.000000 0.000000
0.000000 0.000000 -1.000000
-1.000000 0.000000 0.000000
0.491321 0.870979 0.000000
-0.491321 -0.870979 0.000000
12
0 0 1 2 0 0 0 1
0 1 3 2 0 0 0 1
0 4 5 6 1 1 1 2
0 5 7 6 1 1 1 2
0 8 9 10 2 2 2 1
0 9 11 10 2 2 2 1
0 12 13 14 3 3 3 2
0 13 15 14 3 3 3 2
0 12 16 6 4 4 4 3
0 16 17 6 4 4 4 3
0 18 13 19 5 5 5 3
0 13 7 19 5 5 5 3
"black" 0 1
349
0 4.517171 -0.759404 -13.862626 0.904832 0.386949 -1
0 4.517172 -0.311427 -12.190751 0.904832 0.386949 -1
0 4.517170 2.584347 -13.862626 0.904832 0.386949 -1
0 7.267170 -0.759406 -13.862626 0.904832 0.386949 -1
0 7.267172 2.584346 -13.862626 0.904832 0.386949 -1
0 7.267172 -0.311429 -12.190751 0.904832 0.386949 -1
0 4.517171 -0.759404 -13.862626 0.904832 0.393491 -1
0 6.642172 -0.759405 -13.862626 0.904832 0.392400 -1
0 6.642172 -0.311427 -12.190751 0.905890 0.392400 -1
0 4.517172 -0.311427 -12.190751 0.905890 0.393491 -1
0 6.642173 -0.759406 -13.862626 0.904832 0.388040 -1
0 6.642172 -0.311427 -12.190751 0.905890 0.388040 -1
0 7.267172 -0.311429 -12.190751 0.905890 0.386949 -1
0 4.517169 0.912471 -10.966854 0.904832 0.386949 -1
0 7.267172 0.912471 -10.966854 0.904832 0.386949 -1
0 4.517169 0.912471 -10.966854 0.906947 0.393491 -1
0 6.642172 0.912470 -10.966854 0.906947 0.392400 -1
0 7.267172 0.912471 -10.966854 0.906947 0.386949 -1
0 6.642172 0.912470 -10.966854 0.906947 0.388040 -1
0 4.517170 2.584347 -10.518876 0.904832 0.386949 -1
0 7.267172 2.584346 -10.518876 0.904832 0.386949 -1
0 6.642170 2.584347 -10.518876 0.908005 0.392400 -1
0 4.517170 2.584347 -10.518876 0.908005 0.393491 -1
0 6.642172 2.584347 -10.518876 0.908005 0.388040 -1
0 7.267172 2.584346 -10.518876 0.908005 0.386949 -1
0 4.517170 4.256223 -10.966854 0.904832 0.386949 -1
0 7.267171 4.256223 -10.966854 0.904832 0.386949 -1
0 4.517170 4.256223 -10.966854 0.909063 0.393491 -1
0 6.642170 4.256224 -10.966854 0.909063 0.392400 -1
0 7.267171 4.256223 -10.966854 0.909063 0.386949 -1
0 6.642170 4.256225 -10.966854 0.909063 0.388040 -1
0 4.517168 5.480124 -12.190751 0.904832 0.386949 -1
0 7.267173 5.480124 -12.190751 0.904832 0.386949 -1
0 6.642170 5.480121 -12.190751 0.910120 0.392400 -1
0 4.517168 5.480124 -12.190751 0.910120 0.393491 -1
0 6.642170 5.480121 -12.190751 0.910120 0.388040 -1
0 7.267173 5.480124 -12.190751 0.910120 0.386949 -1
0 4.517171 5.928100 -13.862626 0.904832 0.386949 -1
0 7.267174 5.928098 -13.862626 0.904832 0.386949 -1
0 4.517171 5.928100 -13.862626 0.911178 0.393491 -1
0 6.642171 5.928099 -13.862626 0.911178 0.392400 -1
0 7.267174 5.928098 -13.862626 0.911178 0.386949 -1
0 6.642170 5.928098 -13.862626 0.911178 0.388040 -1
0 4.517168 5.480124 -15.534501 0.904832 0.386949 -1
0 7.267173 5.480124 -15.534501 0.904832 0.386949 -1
0 6.642170 5.480121 -15.534501 0.912235 0.392400 -1
0 4.517168 5.480124 -15.534501 0.912235 0.393491 -1
0 6.642170 5.480121 -15.534501 0.912235 0.388040 -1
0 7.267173 5.480124 -15.534501 0.912235 0.386949 -1
0 4.517170 4.256223 -16.758398 0.904832 0.386949 -1
0 7.267171 4.256223 -16.758398 0.904832 0.386949 -1
0 4.517170 4.256223 -16.758398 0.913292 0.393491 -1
0 6.642170 4.256224 -16.758398 0.913292 0.392400 -1
0 7.267171 4.256223 -16.758398 0.913292 0.386949 -1
0 6.642170 4.256225 -16.758398 0.913292 0.388040 -1
0 4.517170 2.584347 -17.206375 0.904832 0.386949 -1
0 7.267172 2.584346 -17.206375 0.904832 0.386949 -1
0 6.642170 2.584347 -17.206375 0.914350 0.392400 -1
0 4.517170 2.584347 -17.206375 0.914350 0.393491 -1
0 6.642172 2.584347 -17.206375 0.914350 0.388040 -1
0 7.267172 2.584346 -17.206375 0.914350 0.386949 -1
0 4.517169 0.912471 -16.758398 0.904832 0.386949 -1
0 7.267172 0.912471 -16.758398 0.904832 0.386949 -1
0 4.517169 0.912471 -16.758398 0.915408 0.393491 -1
0 6.642172 0.912470 -16.758398 0.915408 0.392400 -1
0 7.267172 0.912471 -16.758398 0.915408 0.386949 -1
0 6.642172 0.912470 -16.758398 0.915408 0.388040 -1
0 4.517172 -0.311427 -15.534501 0.904832 0.386949 -1
0 7.267172 -0.311429 -15.534501 0.904832 0.386949 -1
0 6.642172 -0.311427 -15.534501 0.916465 0.392400 -1
0 4.517172 -0.311427 -15.534501 0.916465 0.393491 -1
0 6.642172 -0.311427 -15.534501 0.916465 0.388040 -1
0 7.267172 -0.311429 -15.534501 0.916465 0.386949 -1
0 4.517171 -0.759404 -13.862626 0.917523 0.393491 -1
0 6.642172 -0.759405 -13.862626 0.917523 0.392400 -1
0 7.267170 -0.759406 -13.862626 0.917523 0.386949 -1
0 6.642173 -0.759406 -13.862626 0.917523 0.388040 -1
0 -4.517170 2.584347 -13.862626 0.904832 0.386949 -1
0 -4.517172 -0.311427 -12.190751 0.904832 0.386949 -1
0 -4.517171 -0.759404 -13.862626 0.904832 0.386949 -1
0 -7.267172 -0.311429 -12.190751 0.904832 0.386949 -1
0 -7.267172 2.584346 -13.862626 0.904832 0.386949 -1
0 -7.267170 -0.759406 -13.862626 0.904832 0.386949 -1
0 -6.642172 -0.311427 -12.190751 0.905890 0.392400 -1
0 -6.642172 -0.759405 -13.862626 0.904832 0.392400 -1
0 -4.517171 -0.759404 -13.862626 0.904832 0.393491 -1
0 -4.517172 -0.311427 -12.190751 0.905890 0.393491 -1
0 -6.642172 -0.311427 -12.190751 0.905890 0.388040 -1
0 -6.642173 -0.759406 -13.862626 0.904832 0.388040 -1
0 -7.267172 -0.311429 -12.190751 0.905890 0.386949 -1
0 -4.517169 0.912471 -10.966854 0.904832 0.386949 -1
0 -7.267172 0.912471 -10.966854 0.904832 0.386949 -1
0 -4.517169 0.912471 -10.966854 0.906947 0.393491 -1
0 -6.642172 0.912470 -10.966854 0.906947 0.392400 -1
0 -7.267172 0.912471 -10.966854 0.906947 0.386949 -1
0 -6.642172 0.912470 -10.966854 0.906947 0.388040 -1
0 -4.517170 2.584347 -10.518876 0.904832 0.386949 -1
0 -7.267172 2.584346 -10.518876 0.904832 0.386949 -1
0 -6.642170 2.584347 -10.518876 0.908005 0.392400 -1
0 -4.517170 2.584347 -10.518876 0.908005 0.393491 -1
0 -6.642172 2.584347 -10.518876 0.908005 0.388040 -1
0 -7.267172 2.584346 -10.518876 0.908005 0.386949 -1
0 -4.517170 4.256223 -10.966854 0.904832 0.386949 -1
0 -7.267171 4.256223 -10.966854 0.904832 0.386949 -1
0 -4.517170 4.256223 -10.966854 0.909063 0.393491 -1
0 -6.642170 4.256224 -10.966854 0.909063 0.392400 -1
0 -7.267171 4.256223 -10.966854 0.909063 0.386949 -1
0 -6.642170 4.256225 -10.966854 0.909063 0.388040 -1
0 -4.517168 5.480124 -12.190751 0.904832 0.386949 -1
0 -7.267173 5.480124 -12.190751 0.904832 0.386949 -1
0 -6.642170 5.480121 -12.190751 0.910120 0.392400 -1
0 -4.517168 5.480124 -12.190751 0.910120 0.393491 -1
0 -6.642170 5.480121 -12.190751 0.910120 0.388040 -1
0 -7.267173 5.480124 -12.190751 0.910120 0.386949 -1
0 -4.517171 5.928100 -13.862626 0.904832 0.386949 -1
0 -7.267174 5.928098 -13.862626 0.904832 0.386949 -1
0 -4.517171 5.928100 -13.862626 0.911178 0.393491 -1
0 -6.642171 5.928099 -13.862626 0.911178 0.392400 -1
0 -7.267174 5.928098 -13.862626 0.911178 0.386949 -1
0 -6.642170 5.928098 -13.862626 0.911178 0.388040 -1
0 -4.517168 5.480124 -15.534501 0.904832 0.386949 -1
0 -7.267173 5.480124 -15.534501 0.904832 0.386949 -1
0 -6.642170 5.480121 -15.534501 0.912235 0.392400 -1
0 -4.517168 5.480124 -15.534501 0.912235 0.393491 -1
0 -6.642170 5.480121 -15.534501 0.912235 0.388040 -1
0 -7.267173 5.480124 -15.534501 0.912235 0.386949 -1
0 -4.517170 4.256223 -16.758398 0.904832 0.386949 -1
0 -7.267171 4.256223 -16.758398 0.904832 0.386949 -1
0 -4.517170 4.256223 -16.758398 0.913292 0.393491 -1
0 -6.642170 4.256224 -16.758398 0.913292 0.392400 -1
0 -7.267171 4.256223 -16.758398 0.913292 0.386949 -1
0 -6.642170 4.256225 -16.758398 0.913292 0.388040 -1
0 -4.517170 2.584347 -17.206375 0.904832 0.386949 -1
0 -7.267172 2.584346 -17.206375 0.904832 0.386949 -1
0 -6.642170 2.584347 -17.206375 0.914350 0.392400 -1
0 -4.517170 2.584347 -17.206375 0.914350 0.393491 -1
0 -6.642172 2.584347 -17.206375 0.914350 0.388040 -1
0 -7.267172 2.584346 -17.206375 0.914350 0.386949 -1
0 -4.517169 0.912471 -16.758398 0.904832 0.386949 -1
0 -7.267172 0.912471 -16.758398 0.904832 0.386949 -1
0 -4.517169 0.912471 -16.758398 0.915408 0.393491 -1
0 -6.642172 0.912470 -16.758398 0.915408 0.392400 -1
0 -7.267172 0.912471 -16.758398 0.915408 0.386949 -1
0 -6.642172 0.912470 -16.758398 0.915408 0.388040 -1
0 -4.517172 -0.311427 -15.534501 0.904832 0.386949 -1
0 -7.267172 -0.311429 -15.534501 0.904832 0.386949 -1
0 -6.642172 -0.311427 -15.534501 0.916465 0.392400 -1
0 -4.517172 -0.311427 -15.534501 0.916465 0.393491 -1
0 -6.642172 -0.311427 -15.534501 0.916465 0.388040 -1
0 -7.267172 -0.311429 -15.534501 0.916465 0.386949 -1
0 -4.517171 -0.759404 -13.862626 0.917523 0.393491 -1
0 -6.642172 -0.759405 -13.862626 0.917523 0.392400 -1
0 -7.267170 -0.759406 -13.862626 0.917523 0.386949 -1
0 -6.642173 -0.759406 -13.862626 0.917523 0.388040 -1
0 -0.727273 0.257729 27.000124 0.904832 0.386949 -1
0 -0.727273 0.455646 27.738760 0.904832 0.386949 -1
0 -0.727273 1.735002 27.000124 0.904832 0.386949 -1
0 0.727273 0.257729 27.000124 0.904832 0.386949 -1
0 0.727273 1.735002 27.000124 0.904832 0.386949 -1
0 0.727273 0.455646 27.738760 0.904832 0.386949 -1
0 -0.727273 0.257729 27.000124 0.904832 0.393491 -1
0 -0.484849 0.257729 27.000124 0.904832 0.392400 -1
0 -0.484849 0.455646 27.738760 0.905890 0.392400 -1
0 -0.727273 0.455646 27.738760 0.905890 0.393491 -1
0 -0.242424 0.257729 27.000124 0.904832 0.391310 -1
0 -0.242424 0.455646 27.738760 0.905890 0.391310 -1
0 0.000000 0.257729 27.000124 0.904832 0.390220 -1
0 0.000000 0.455646 27.738760 0.905890 0.390220 -1
0 0.242424 0.257729 27.000124 0.904832 0.389130 -1
0 0.242424 0.455646 27.738760 0.905890 0.389130 -1
0 0.484849 0.257729 27.000124 0.904832 0.388040 -1
0 0.484849 0.455646 27.738760 0.905890 0.388040 -1
0 0.727273 0.455646 27.738760 0.905890 0.386949 -1
0 -0.727273 0.996365 28.279478 0.904832 0.386949 -1
0 0.727273 0.996366 28.279478 0.904832 0.386949 -1
0 -0.727273 0.996365 28.279478 0.906947 0.393491 -1
0 -0.484849 0.996365 28.279478 0.906947 0.392400 -1
0 -0.242424 0.996365 28.279478 0.906947 0.391310 -1
0 0.000000 0.996365 28.279478 0.906947 0.390220 -1
0 0.242424 0.996365 28.279478 0.906947 0.389130 -1
0 0.484849 0.996365 28.279478 0.906947 0.388040 -1
0 0.727273 0.996366 28.279478 0.906947 0.386949 -1
0 -0.727273 1.735002 28.477396 0.904832 0.386949 -1
0 0.727273 1.735002 28.477396 0.904832 0.386949 -1
0 -0.484849 1.735002 28.477396 0.908005 0.392400 -1
0 -0.727273 1.735002 28.477396 0.908005 0.393491 -1
0 -0.242424 1.735002 28.477396 0.908005 0.391310 -1
0 0.000000 1.735002 28.477396 0.908005 0.390220 -1
0 0.242424 1.735002 28.477396 0.908005 0.389130 -1
0 0.484849 1.735002 28.477396 0.908005 0.388040 -1
0 0.727273 1.735002 28.477396 0.908005 0.386949 -1
0 -0.727273 2.473637 28.279478 0.904832 0.386949 -1
0 0.727273 2.473637 28.279478 0.904832 0.386949 -1
0 -0.727273 2.473637 28.279478 0.909063 0.393491 -1
0 -0.484849 2.473637 28.279478 0.909063 0.392400 -1
0 -0.242424 2.473637 28.279478 0.909063 0.391310 -1
0 0.000000 2.473637 28.279478 0.909063 0.390220 -1
0 0.242424 2.473637 28.279478 0.909063 0.389130 -1
0 0.484849 2.473637 28.279478 0.909063 0.388040 -1
0 0.727273 2.473637 28.279478 0.909063 0.386949 -1
0 -0.727273 3.014356 27.738760 0.904832 0.386949 -1
0 0.727273 3.014356 27.738760 0.904832 0.386949 -1
0 -0.484849 3.014355 27.738760 0.910120 0.392400 -1
0 -0.727273 3.014356 27.738760 0.910120 0.393491 -1
0 -0.242425 3.014356 27.738760 0.910120 0.391310 -1
0 0.000000 3.014356 27.738760 0.910120 0.390220 -1
0 0.242424 3.014356 27.738760 0.910120 0.389130 -1
0 0.484849 3.014356 27.738760 0.910120 0.388040 -1
0 0.727273 3.014356 27.738760 0.910120 0.386949 -1
0 -0.727273 3.212273 27.000124 0.904832 0.386949 -1
0 0.727273 3.212273 27.000124 0.904832 0.386949 -1
0 -0.727273 3.212273 27.000124 0.911178 0.393491 -1
0 -0.484849 3.212273 27.000124 0.911178 0.392400 -1
0 -0.242425 3.212273 27.000124 0.911178 0.391310 -1
0 0.000000 3.212273 27.000124 0.911178 0.390220 -1
0 0.242424 3.212273 27.000124 0.911178 0.389130 -1
0 0.484849 3.212273 27.000124 0.911178 0.388040 -1
0 0.727273 3.212273 27.000124 0.911178 0.386949 -1
0 -0.727273 3.014356 26.261488 0.904832 0.386949 -1
0 0.727273 3.014356 26.261488 0.904832 0.386949 -1
0 -0.484849 3.014355 26.261488 0.912235 0.392400 -1
0 -0.727273 3.014356 26.261488 0.912235 0.393491 -1
0 -0.242425 3.014356 26.261488 0.912235 0.391310 -1
0 0.000000 3.014356 26.261488 0.912235 0.390220 -1
0 0.242424 3.014356 26.261488 0.912235 0.389130 -1
0 0.484849 3.014356 26.261488 0.912235 0.388040 -1
0 0.727273 3.014356 26.261488 0.912235 0.386949 -1
0 -0.727273 2.473637 25.720770 0.904832 0.386949 -1
0 0.727273 2.473637 25.720770 0.904832 0.386949 -1
0 -0.727273 2.473637 25.720770 0.913292 0.393491 -1
0 -0.484849 2.473637 25.720770 0.913292 0.392400 -1
0 -0.242424 2.473637 25.720770 0.913292 0.391310 -1
0 0.000000 2.473637 25.720770 0.913292 0.390220 -1
0 0.242424 2.473637 25.720770 0.913292 0.389130 -1
0 0.484849 2.473637 25.720770 0.913292 0.388040 -1
0 0.727273 2.473637 25.720770 0.913292 0.386949 -1
0 -0.727273 1.735002 25.522852 0.904832 0.386949 -1
0 0.727273 1.735002 25.522852 0.904832 0.386949 -1
0 -0.484849 1.735002 25.522852 0.914350 0.392400 -1
0 -0.727273 1.735002 25.522852 0.914350 0.393491 -1
0 -0.242424 1.735002 25.522852 0.914350 0.391310 -1
0 0.000000 1.735002 25.522852 0.914350 0.390220 -1
0 0.242424 1.735002 25.522852 0.914350 0.389130 -1
0 0.484849 1.735002 25.522852 0.914350 0.388040 -1
0 0.727273 1.735002 25.522852 0.914350 0.386949 -1
0 -0.727273 0.996365 25.720770 0.904832 0.386949 -1
0 0.727273 0.996366 25.720770 0.904832 0.386949 -1
0 -0.727273 0.996365 25.720770 0.915408 0.393491 -1
0 -0.484849 0.996365 25.720770 0.915408 0.392400 -1
0 -0.242424 0.996365 25.720770 0.915408 0.391310 -1
0 0.000000 0.996365 25.720770 0.915408 0.390220 -1
0 0.242424 0.996365 25.720770 0.915408 0.389130 -1
0 0.484849 0.996365 25.720770 0.915408 0.388040 -1
0 0.727273 0.996366 25.720770 0.915408 0.386949 -1
0 -0.727273 0.455646 26.261488 0.904832 0.386949 -1
0 0.727273 0.455646 26.261488 0.904832 0.386949 -1
0 -0.484849 0.455646 26.261488 0.916465 0.392400 -1
0 -0.727273 0.455646 26.261488 0.916465 0.393491 -1
0 -0.242424 0.455646 26.261488 0.916465 0.391310 -1
0 0.000000 0.455646 26.261488 0.916465 0.390220 -1
0 0.242424 0.455646 26.261488 0.916465 0.389130 -1
0 0.484849 0.455646 26.261488 0.916465 0.388040 -1
0 0.727273 0.455646 26.261488 0.916465 0.386949 -1
0 -0.727273 0.257729 27.000124 0.917523 0.393491 -1
0 -0.484849 0.257729 27.000124 0.917523 0.392400 -1
0 -0.242424 0.257729 27.000124 0.917523 0.391310 -1
0 0.000000 0.257729 27.000124 0.917523 0.390220 -1
0 0.242424 0.257729 27.000124 0.917523 0.389130 -1
0 0.484849 0.257729 27.000124 0.917523 0.388040 -1
0 0.727273 0.257729 27.000124 0.917523 0.386949 -1
0 6.558586 12.390242 9.240826 0.904832 0.386949 -1
0 6.467677 4.914866 9.240826 0.904832 0.393491 -1
0 7.639394 12.390242 9.240826 0.917523 0.386949 -1
0 7.548485 4.914866 9.240826 0.917523 0.393491 -1
0 7.639394 12.390242 9.240826 0.904832 0.386949 -1
0 7.548485 4.914866 9.240826 0.904832 0.393491 -1
0 7.639394 12.390242 5.074159 0.917523 0.386949 -1
0 7.548485 4.914866 5.074159 0.917523 0.393491 -1
0 7.639394 12.390242 5.074159 0.904832 0.386949 -1
0 7.548485 4.914866 5.074159 0.904832 0.393491 -1
0 6.558586 12.390242 5.074159 0.917523 0.386949 -1
0 6.467677 4.914866 5.074159 0.917523 0.393491 -1
0 6.558586 12.390242 5.074159 0.904832 0.386949 -1
0 6.467677 4.914866 5.074159 0.904832 0.393491 -1
0 6.558586 12.390242 9.240826 0.917523 0.386949 -1
0 6.467677 4.914866 9.240826 0.917523 0.393491 -1
0 6.558586 12.390242 9.240826 0.904832 0.393491 -1
0 7.639394 12.390242 9.240826 0.917523 0.393491 -1
0 6.467677 4.914866 9.240826 0.904832 0.386949 -1
0 7.548485 4.914866 9.240826 0.917523 0.386949 -1
0 -0.934558 17.645668 -10.205000 0.904832 0.386949 -1
0 -0.951305 17.645668 -10.142500 0.904832 0.386949 -1
0 -1.059558 17.645668 -10.205000 0.904832 0.386949 -1
0 -0.934558 17.645668 -10.205000 0.904832 0.393491 -1
0 -0.934558 24.992889 -10.205000 0.904832 0.392400 -1
0 -0.951305 24.992889 -10.142500 0.905890 0.392400 -1
0 -0.951305 17.645668 -10.142500 0.905890 0.393491 -1
0 -0.997058 17.645668 -10.096746 0.904832 0.386949 -1
0 -0.997058 17.645668 -10.096746 0.906947 0.393491 -1
0 -0.997058 24.992889 -10.096746 0.906947 0.392400 -1
0 -1.059558 17.645668 -10.080000 0.904832 0.386949 -1
0 -1.059558 24.992889 -10.080000 0.908005 0.392400 -1
0 -1.059558 17.645668 -10.080000 0.908005 0.393491 -1
0 -1.122058 17.645668 -10.096746 0.904832 0.386949 -1
0 -1.122058 17.645668 -10.096746 0.909063 0.393491 -1
0 -1.122058 24.992889 -10.096746 0.909063 0.392400 -1
0 -1.167812 17.645668 -10.142500 0.904832 0.386949 -1
0 -1.167812 24.992889 -10.142500 0.910120 0.392400 -1
0 -1.167812 17.645668 -10.142500 0.910120 0.393491 -1
0 -1.184558 17.645668 -10.205000 0.904832 0.386949 -1
0 -1.184558 17.645668 -10.205000 0.911178 0.393491 -1
0 -1.184558 24.992889 -10.205000 0.911178 0.392400 -1
0 -1.167812 17.645668 -10.267500 0.904832 0.386949 -1
0 -1.167812 24.992889 -10.267500 0.912235 0.392400 -1
0 -1.167812 17.645668 -10.267500 0.912235 0.393491 -1
0 -1.122058 17.645668 -10.313253 0.904832 0.386949 -1
0 -1.122058 17.645668 -10.313253 0.913292 0.393491 -1
0 -1.122058 24.992889 -10.313253 0.913292 0.392400 -1
0 -1.059558 17.645668 -10.330000 0.904832 0.386949 -1
0 -1.059558 24.992889 -10.330000 0.914350 0.392400 -1
0 -1.059558 17.645668 -10.330000 0.914350 0.393491 -1
0 -0.997058 17.645668 -10.313253 0.904832 0.386949 -1
0 -0.997058 17.645668 -10.313253 0.915408 0.393491 -1
0 -0.997058 24.992889 -10.313253 0.915408 0.392400 -1
0 -0.951305 17.645668 -10.267500 0.904832 0.386949 -1
0 -0.951305 24.992889 -10.267500 0.916465 0.392400 -1
0 -0.951305 17.645668 -10.267500 0.916465 0.393491 -1
0 -0.934558 17.645668 -10.205000 0.917523 0.393491 -1
0 -0.934558 24.992889 -10.205000 0.917523 0.392400 -1
0 -6.741968 15.002314 -2.742507 0.904832 0.386949 -1
0 -7.720240 10.583410 -2.742507 0.904832 0.393491 -1
0 6.767857 15.000072 -2.742507 0.917523 0.386949 -1
0 7.767863 10.571507 -2.742507 0.917523 0.393491 -1
0 6.767857 15.000072 -2.742507 0.904832 0.386949 -1
0 7.767863 10.571507 -2.742507 0.904832 0.393491 -1
0 6.767857 15.000072 -13.992507 0.917523 0.386949 -1
0 7.767863 10.571507 -13.992507 0.917523 0.393491 -1
0 6.767857 15.000072 -13.992507 0.904832 0.386949 -1
0 7.767863 10.571507 -13.992507 0.904832 0.393491 -1
0 -6.741968 15.002314 -13.992507 0.917523 0.386949 -1
0 -7.720240 10.583410 -13.992507 0.917523 0.393491 -1
0 -6.741968 15.002314 -13.992507 0.904832 0.386949 -1
0 -7.720240 10.583410 -13.992507 0.904832 0.393491 -1
0 -6.741968 15.002314 -2.742507 0.917523 0.386949 -1
0 -7.720240 10.583410 -2.742507 0.917523 0.393491 -1
0 -6.741968 15.002314 -2.742507 0.904832 0.393491 -1
0 6.767857 15.000072 -2.742507 0.917523 0.393491 -1
0 -7.720240 10.583410 -2.742507 0.904832 0.386949 -1
0 7.767863 10.571507 -2.742507 0.917523 0.386949 -1
227
-1.000000 -0.000000 0.000000
-1.000000 -0.000001 -0.000000
-1.000000 -0.000000 0.000000
1.000000 -0.000001 0.000000
1.000000 -0.000000 0.000000
1.000000 -0.000000 -0.000000
-0.000000 -0.965926 0.258819
-0.000000 -0.965926 0.258819
-0.000000 -0.866025 0.500000
0.000000 -0.866025 0.500000
0.000000 -0.965926 0.258820
-0.000002 -0.965926 0.258819
-0.000001 -0.866025 0.500000
-0.000003 -0.866025 0.500000
-1.000000 -0.000000 -0.000001
1.000000 0.000000 0.000000
-0.000000 -0.500000 0.866025
-0.000000 -0.500000 0.866025
-0.000000 -0.500000 0.866026
0.000001 -0.500000 0.866025
-1.000000 0.000000 0.000000
1.000000 0.000000 0.000000
-0.000000 -0.000000 1.000000
0.000000 -0.000000 1.000000
0.000000 -0.000000 1.000000
-0.000000 -0.000000 1.000000
-1.000000 -0.000000 0.000000
1.000000 -0.000000 0.000000
0.000000 0.500000 0.866026
-0.000000 0.500000 0.866025
0.000000 0.500000 0.866026
0.000002 0.500000 0.866025
-1.000000 -0.000000 -0.000001
1.000000 -0.000001 0.000001
0.000001 0.866025 0.500000
0.000001 0.866025 0.500000
-0.000001 0.866026 0.500000
-0.000004 0.866025 0.500000
-1.000000 0.000000 0.000000
1.000000 -0.000001 0.000000
0.000001 1.000000 0.000000
0.000000 1.000000 0.000000
-0.000002 1.000000 0.000000
0.000000 1.000000 0.000000
-1.000000 -0.000000 0.000001
1.000000 -0.000001 -0.000001
0.000001 0.866025 -0.500000
0.000001 0.866025 -0.500000
-0.000001 0.866026 -0.500000
-0.000004 0.866025 -0.500000
-1.000000 -0.000000 -0.000000
1.000000 -0.000000 -0.000000
0.000000 0.499999 -0.866026
-0.000000 0.500000 -0.866026
0.000000 0.499999 -0.866026
0.000002 0.500000 -0.866026
-1.000000 0.000000 0.000000
-0.000000 -0.000000 -1.000000
0.000000 -0.000000 -1.000000
0.000000 -0.000000 -1.000000
-0.000000 -0.000000 -1.000000
-1.000000 -0.000000 0.000001
-0.000000 -0.500000 -0.866026
-0.000000 -0.500000 -0.866026
-0.000000 -0.500000 -0.866026
0.000001 -0.500000 -0.866026
-1.000000 -0.000001 0.000000
1.000000 -0.000000 0.000000
-0.000000 -0.866025 -0.500000
0.000000 -0.866025 -0.500000
-0.000001 -0.866025 -0.500000
-0.000003 -0.866025 -0.500000
-0.000000 -0.965926 -0.258819
-0.000000 -0.965926 -0.258819
-0.000002 -0.965926 -0.258819
0.000000 -0.965926 -0.258820
1.000000 -0.000000 0.000000
1.000000 -0.000001 -0.000000
1.000000 -0.000000 0.000000
-1.000000 -0.000000 -0.000000
-1.000000 -0.000000 0.000000
-1.000000 -0.000001 0.000000
0.000000 -0.866025 0.500000
0.000000 -0.965926 0.258819
0.000000 -0.965926 0.258819
0.000001 -0.866025 0.500000
0.000002 -0.965926 0.258819
0.000003 -0.866025 0.500000
1.000000 -0.000000 -0.000001
-1.000000 0.000000 0.000000
0.000000 -0.500000 0.866025
0.000000 -0.500000 0.866025
0.000000 -0.500000 0.866026
-0.000001 -0.500000 0.866025
1.000000 0.000000 0.000000
-1.000000 0.000000 0.000000
0.000000 -0.000000 1.000000
-0.000000 -0.000000 1.000000
0.000000 -0.000000 1.000000
1.000000 -0.000000 0.000000
-1.000000 -0.000000 0.000000
-0.000000 0.500000 0.866026
0.000000 0.500000 0.866025
-0.000000 0.500000 0.866026
-0.000002 0.500000 0.866025
1.000000 -0.000000 -0.000001
-1.000000 -0.000001 0.000001
-0.000001 0.866025 0.500000
-0.000001 0.866025 0.500000
0.000001 0.866026 0.500000
0.000004 0.866025 0.500000
1.000000 0.000000 0.000000
-1.000000 -0.000001 0.000000
-0.000001 1.000000 0.000000
-0.000000 1.000000 0.000000
0.000002 1.000000 0.000000
1.000000 -0.000000 0.000001
-1.000000 -0.000001 -0.000001
-0.000001 0.866025 -0.500000
-0.000001 0.866025 -0.500000
0.000001 0.866026 -0.500000
0.000004 0.866025 -0.500000
1.000000 -0.000000 -0.000000
-1.000000 -0.000000 -0.000000
-0.000000 0.499999 -0.866026
0.000000 0.500000 -0.866026
-0.000000 0.499999 -0.866026
-0.000002 0.500000 -0.866026
1.000000 0.000000 0.000000
0.000000 -0.000000 -1.000000
-0.000000 -0.000000 -1.000000
0.000000 -0.000000 -1.000000
1.000000 -0.000000 0.000001
0.000000 -0.500000 -0.866026
0.000000 -0.500000 -0.866026
0.000000 -0.500000 -0.866026
-0.000001 -0.500000 -0.866026
1.000000 -0.000001 0.000000
-1.000000 -0.000000 0.000000
0.000000 -0.866025 -0.500000
0.000001 -0.866025 -0.500000
0.000003 -0.866025 -0.500000
0.000000 -0.965926 -0.258819
0.000000 -0.965926 -0.258819
0.000002 -0.965926 -0.258819
0.000000 -0.965926 0.258819
0.000000 -0.965926 0.258819
0.000000 -0.866025 0.500000
0.000000 -0.866025 0.500000
0.000000 -0.866025 0.500001
0.000000 -0.866025 0.500001
0.000000 -0.500000 0.866025
0.000000 -0.500000 0.866025
0.000000 -0.500000 0.866025
0.000000 -0.500000 0.866025
0.000001 -0.500000 0.866025
0.000001 -0.500000 0.866025
0.000000 0.000000 1.000000
0.000000 0.000000 1.000000
0.000000 0.000000 1.000000
0.000000 0.000000 1.000000
0.000000 0.000000 1.000000
0.000001 0.500001 0.866025
0.000000 0.500001 0.866025
-0.000000 0.500000 0.866025
0.000000 0.500000 0.866025
0.000000 0.500000 0.866025
0.000000 0.500000 0.866025
0.000000 0.866025 0.500000
0.000003 0.866025 0.500000
-0.000002 0.866025 0.500000
0.000000 0.866025 0.500000
0.000000 0.866025 0.500000
0.000002 1.000000 0.000000
0.000000 1.000000 0.000000
-0.000001 1.000000 -0.000000
0.000000 1.000000 -0.000000
0.000000 0.866025 -0.500000
0.000003 0.866025 -0.500000
-0.000002 0.866025 -0.500000
0.000000 0.866025 -0.500000
0.000000 0.866025 -0.500000
0.000000 0.866025 -0.500000
0.000001 0.500001 -0.866025
0.000000 0.500001 -0.866025
-0.000000 0.500000 -0.866025
0.000000 0.500000 -0.866025
0.000000 0.500000 -0.866025
0.000000 0.000000 -1.000000
0.000000 0.000000 -1.000000
0.000000 0.000000 -1.000000
0.000000 0.000000 -1.000000
0.000000 -0.500000 -0.866025
0.000000 -0.500000 -0.866025
0.000000 -0.500000 -0.866025
0.000000 -0.500000 -0.866025
0.000001 -0.500000 -0.866025
0.000001 -0.500000 -0.866025
0.000000 -0.866025 -0.500000
0.000000 -0.866025 -0.500000
0.000000 -0.866025 -0.500001
0.000000 -0.866025 -0.500001
0.000000 -0.965926 -0.258819
0.000000 -0.965926 -0.258819
0.000000 0.000000 1.000000
0.999926 -0.012160 0.000000
0.000000 0.000000 -1.000000
-0.999926 0.012160 0.000000
0.000000 -1.000000 0.000000
0.965925 0.000000 0.258822
0.866026 0.000000 0.499999
0.500000 0.000000 0.866025
-0.000000 0.000000 1.000000
-0.499996 0.000000 0.866028
-0.866027 0.000000 0.499997
-0.866027 0.000000 -0.499997
-0.866027 0.000000 -0.499997
-0.499996 0.000000 -0.866028
-0.499996 0.000000 -0.866028
-0.000000 0.000000 -1.000000
0.500000 0.000000 -0.866025
0.866026 0.000000 -0.499999
0.965925 0.000000 -0.258822
0.975441 0.220262 0.000000
-0.976360 0.216150 0.000000
0.000166 1.000000 0.000000
-0.000769 -1.000000 0.000000
372
0 0 1 2 0 1 2 2
0 3 4 5 3 4 5 2
0 6 7 8 6 7 8 1
0 6 8 9 6 8 9 1
0 10 3 11 10 11 12 1
0 3 12 11 11 13 12 1
0 1 13 2 1 14 2 2
0 5 4 14 5 4 15 2
0 9 8 15 9 8 16 1
0 8 16 15 8 17 16 1
0 11 12 17 12 13 18 1
0 11 17 18 12 18 19 1
0 13 19 2 14 20 2 2
0 14 4 20 15 4 21 2
0 15 16 21 16 17 22 1
0 15 21 22 16 22 23 1
0 18 17 23 19 18 24 1
0 17 24 23 18 25 24 1
0 19 25 2 20 26 2 2
0 20 4 26 21 4 27 2
0 22 21 27 23 22 28 1
0 21 28 27 22 29 28 1
0 23 24 29 24 25 30 1
0 23 29 30 24 30 31 1
0 25 31 2 26 32 2 2
0 26 4 32 27 4 33 2
0 27 28 33 28 29 34 1
0 27 33 34 28 34 35 1
0 30 29 35 31 30 36 1
0 29 36 35 30 37 36 1
0 31 37 2 32 38 2 2
0 32 4 38 33 4 39 2
0 34 33 39 35 34 40 1
0 33 40 39 34 41 40 1
0 35 36 41 36 37 42 1
0 35 41 42 36 42 43 1
0 37 43 2 38 44 2 2
0 38 4 44 39 4 45 2
0 39 40 45 40 41 46 1
0 39 45 46 40 46 47 1
0 42 41 47 43 42 48 1
0 41 48 47 42 49 48 1
0 43 49 2 44 50 2 2
0 44 4 50 45 4 51 2
0 46 45 51 47 46 52 1
0 45 52 51 46 53 52 1
0 47 48 53 48 49 54 1
0 47 53 54 48 54 55 1
0 49 55 2 50 56 2 2
0 50 4 56 51 4 21 2
0 51 52 57 52 53 57 1
0 51 57 58 52 57 58 1
0 54 53 59 55 54 59 1
0 53 60 59 54 60 59 1
0 55 61 2 56 61 2 2
0 56 4 62 21 4 15 2
0 58 57 63 58 57 62 1
0 57 64 63 57 63 62 1
0 59 60 65 59 60 64 1
0 59 65 66 59 64 65 1
0 61 67 2 61 66 2 2
0 62 4 68 15 4 67 2
0 63 64 69 62 63 68 1
0 63 69 70 62 68 69 1
0 66 65 71 65 64 70 1
0 65 72 71 64 71 70 1
0 67 0 2 66 0 2 2
0 68 4 3 67 4 3 2
0 70 69 73 69 68 72 1
0 69 74 73 68 73 72 1
0 71 72 75 70 71 74 1
0 71 75 76 70 74 75 1
0 77 78 79 76 77 78 2
0 80 81 82 79 80 81 2
0 83 84 85 82 83 84 1
0 86 83 85 9 82 84 1
0 87 82 88 85 86 10 1
0 87 89 82 85 87 86 1
0 77 90 78 76 88 77 2
0 91 81 80 89 80 79 2
0 92 83 86 90 82 9 1
0 92 93 83 90 91 82 1
0 94 89 87 92 87 85 1
0 95 94 87 93 92 85 1
0 77 96 90 76 94 88 2
0 97 81 91 95 80 89 2
0 98 93 92 96 91 90 1
0 99 98 92 23 96 90 1
0 100 94 95 97 92 93 1
0 100 101 94 97 98 92 1
0 77 102 96 76 99 94 2
0 103 81 97 100 80 95 2
0 104 98 99 101 96 23 1
0 104 105 98 101 102 96 1
0 106 101 100 103 98 97 1
0 107 106 100 104 103 97 1
0 77 108 102 76 105 99 2
0 109 81 103 106 80 100 2
0 110 105 104 107 102 101 1
0 111 110 104 108 107 101 1
0 112 106 107 109 103 104 1
0 112 113 106 109 110 103 1
0 77 114 108 76 111 105 2
0 115 81 109 112 80 106 2
0 116 110 111 113 107 108 1
0 116 117 110 113 114 107 1
0 118 113 112 115 110 109 1
0 119 118 112 43 115 109 1
0 77 120 114 76 116 111 2
0 121 81 115 117 80 112 2
0 122 117 116 118 114 113 1
0 123 122 116 119 118 113 1
0 124 118 119 120 115 43 1
0 124 125 118 120 121 115 1
0 77 126 120 76 122 116 2
0 127 81 121 123 80 117 2
0 128 122 123 124 118 119 1
0 128 129 122 124 125 118 1
0 130 125 124 126 121 120 1
0 131 130 124 127 126 120 1
0 77 132 126 76 128 122 2
0 133 81 127 95 80 123 2
0 134 129 128 129 125 124 1
0 135 134 128 58 129 124 1
0 136 130 131 130 126 127 1
0 136 137 130 130 131 126 1
0 77 138 132 76 132 128 2
0 139 81 133 89 80 95 2
0 140 134 135 133 129 58 1
0 140 141 134 133 134 129 1
0 142 137 136 135 131 130 1
0 143 142 136 136 135 130 1
0 77 144 138 76 137 132 2
0 145 81 139 138 80 89 2
0 146 141 140 139 134 133 1
0 147 146 140 69 139 133 1
0 148 142 143 140 135 136 1
0 148 149 142 140 141 135 1
0 77 79 144 76 78 137 2
0 82 81 145 81 80 138 2
0 150 146 147 142 139 69 1
0 150 151 146 142 143 139 1
0 152 149 148 144 141 140 1
0 153 152 148 75 144 140 1
0 154 155 156 89 89 89 2
0 157 158 159 15 15 15 2
0 160 161 162 145 146 147 1
0 160 162 163 145 147 148 1
0 161 164 162 146 145 147 1
0 164 165 162 145 147 147 1
0 164 166 167 145 145 147 1
0 164 167 165 145 147 147 1
0 166 168 167 145 146 147 1
0 168 169 167 146 147 147 1
0 168 170 171 146 146 149 1
0 168 171 169 146 149 147 1
0 170 157 171 146 145 149 1
0 157 172 171 145 150 149 1
0 155 173 156 89 89 89 2
0 159 158 174 15 15 15 2
0 163 162 175 148 147 151 1
0 162 176 175 147 152 151 1
0 162 165 177 147 147 153 1
0 162 177 176 147 153 152 1
0 165 167 177 147 147 153 1
0 167 178 177 147 154 153 1
0 167 169 179 147 147 153 1
0 167 179 178 147 153 154 1
0 169 171 179 147 149 153 1
0 171 180 179 149 155 153 1
0 171 172 181 149 150 156 1
0 171 181 180 149 156 155 1
0 173 182 156 89 89 89 2
0 174 158 183 15 15 15 2
0 175 176 184 151 152 157 1
0 175 184 185 151 157 158 1
0 176 177 184 152 153 157 1
0 177 186 184 153 157 157 1
0 177 178 187 153 154 159 1
0 177 187 186 153 159 157 1
0 178 179 187 154 153 159 1
0 179 188 187 153 157 159 1
0 179 180 189 153 155 160 1
0 179 189 188 153 160 157 1
0 180 181 189 155 156 160 1
0 181 190 189 156 161 160 1
0 182 191 156 89 89 89 2
0 183 158 192 15 15 15 2
0 185 184 193 158 157 162 1
0 184 194 193 157 163 162 1
0 184 186 195 157 157 164 1
0 184 195 194 157 164 163 1
0 186 187 195 157 159 164 1
0 187 196 195 159 165 164 1
0 187 188 197 159 157 165 1
0 187 197 196 159 165 165 1
0 188 189 197 157 160 165 1
0 189 198 197 160 166 165 1
0 189 190 199 160 161 167 1
0 189 199 198 160 167 166 1
0 191 200 156 89 89 89 2
0 192 158 201 15 15 15 2
0 193 194 202 162 163 168 1
0 193 202 203 162 168 169 1
0 194 195 202 163 164 168 1
0 195 204 202 164 170 168 1
0 195 196 205 164 165 171 1
0 195 205 204 164 171 170 1
0 196 197 205 165 165 171 1
0 197 206 205 165 171 171 1
0 197 198 207 165 166 172 1
0 197 207 206 165 172 171 1
0 198 199 207 166 167 172 1
0 199 208 207 167 172 172 1
0 200 209 156 89 89 89 2
0 201 158 210 15 15 15 2
0 203 202 211 169 168 173 1
0 202 212 211 168 174 173 1
0 202 204 213 168 170 175 1
0 202 213 212 168 175 174 1
0 204 205 213 170 171 175 1
0 205 214 213 171 176 175 1
0 205 206 215 171 171 43 1
0 205 215 214 171 43 176 1
0 206 207 215 171 172 43 1
0 207 216 215 172 43 43 1
0 207 208 217 172 172 43 1
0 207 217 216 172 43 43 1
0 209 218 156 89 89 89 2
0 210 158 219 15 15 15 2
0 211 212 220 173 174 177 1
0 211 220 221 173 177 178 1
0 212 213 220 174 175 177 1
0 213 222 220 175 179 177 1
0 213 214 223 175 176 180 1
0 213 223 222 175 180 179 1
0 214 215 223 176 43 180 1
0 215 224 223 43 181 180 1
0 215 216 225 43 43 182 1
0 215 225 224 43 182 181 1
0 216 217 225 43 43 182 1
0 217 226 225 43 182 182 1
0 218 227 156 89 89 89 2
0 219 158 228 15 15 15 2
0 221 220 229 178 177 183 1
0 220 230 229 177 184 183 1
0 220 222 231 177 179 185 1
0 220 231 230 177 185 184 1
0 222 223 231 179 180 185 1
0 223 232 231 180 186 185 1
0 223 224 233 180 181 187 1
0 223 233 232 180 187 186 1
0 224 225 233 181 182 187 1
0 225 234 233 182 186 187 1
0 225 226 235 182 182 186 1
0 225 235 234 182 186 186 1
0 227 236 156 89 89 89 2
0 228 158 237 15 15 15 2
0 229 230 238 183 184 188 1
0 229 238 239 183 188 188 1
0 230 231 238 184 185 188 1
0 231 240 238 185 189 188 1
0 231 232 241 185 186 189 1
0 231 241 240 185 189 189 1
0 232 233 241 186 187 189 1
0 233 242 241 187 189 189 1
0 233 234 243 187 186 190 1
0 233 243 242 187 190 189 1
0 234 235 243 186 186 190 1
0 235 244 243 186 191 190 1
0 236 245 156 89 89 89 2
0 237 158 246 15 15 15 2
0 239 238 247 188 188 192 1
0 238 248 247 188 193 192 1
0 238 240 249 188 189 194 1
0 238 249 248 188 194 193 1
0 240 241 249 189 189 194 1
0 241 250 249 189 195 194 1
0 241 242 251 189 189 194 1
0 241 251 250 189 194 195 1
0 242 243 251 189 190 194 1
0 243 252 251 190 196 194 1
0 243 244 253 190 191 197 1
0 243 253 252 190 197 196 1
0 245 254 156 89 89 89 2
0 246 158 255 15 15 15 2
0 247 248 256 192 193 198 1
0 247 256 257 192 198 199 1
0 248 249 256 193 194 198 1
0 249 258 256 194 198 198 1
0 249 250 259 194 195 198 1
0 249 259 258 194 198 198 1
0 250 251 259 195 194 198 1
0 251 260 259 194 198 198 1
0 251 252 261 194 196 200 1
0 251 261 260 194 200 198 1
0 252 253 261 196 197 200 1
0 253 262 261 197 201 200 1
0 254 154 156 89 89 89 2
0 255 158 157 15 15 15 2
0 257 256 263 199 198 202 1
0 256 264 263 198 203 202 1
0 256 258 265 198 198 202 1
0 256 265 264 198 202 203 1
0 258 259 265 198 198 202 1
0 259 266 265 198 202 202 1
0 259 260 267 198 198 203 1
0 259 267 266 198 203 202 1
0 260 261 267 198 200 203 1
0 261 268 267 200 203 203 1
0 261 262 269 200 201 202 1
0 261 269 268 200 202 203 1
0 270 271 272 204 204 204 1
0 271 273 272 204 204 204 1
0 274 275 276 205 205 205 2
0 275 277 276 205 205 205 2
0 278 279 280 206 206 206 1
0 279 281 280 206 206 206 1
0 282 283 284 207 207 207 2
0 283 285 284 207 207 207 2
0 282 286 276 43 43 43 3
0 286 287 276 43 43 43 3
0 288 283 289 208 208 208 3
0 283 277 289 208 208 208 3
0 290 291 292 208 208 208 2
0 293 294 295 209 209 210 1
0 293 295 296 209 210 210 1
0 291 297 292 208 208 208 2
0 296 295 298 210 210 211 1
0 295 299 298 210 211 211 1
0 297 300 292 208 208 208 2
0 298 299 301 211 211 212 1
0 298 301 302 211 212 212 1
0 300 303 292 208 208 208 2
0 302 301 304 212 212 213 1
0 301 305 304 212 213 213 1
0 303 306 292 208 208 208 2
0 304 305 307 213 213 214 1
0 304 307 308 213 214 214 1
0 306 309 292 208 208 208 2
0 308 307 310 214 214 89 1
0 307 311 310 214 89 89 1
0 309 312 292 208 208 208 2
0 310 311 313 89 89 215 1
0 310 313 314 89 215 216 1
0 312 315 292 208 208 208 2
0 314 313 316 216 215 217 1
0 313 317 316 215 218 217 1
0 315 318 292 208 208 208 2
0 316 317 319 217 218 219 1
0 316 319 320 217 219 219 1
0 318 321 292 208 208 208 2
0 320 319 322 219 219 220 1
0 319 323 322 219 220 220 1
0 321 324 292 208 208 208 2
0 322 323 325 220 220 221 1
0 322 325 326 220 221 221 1
0 324 290 292 208 208 208 2
0 326 325 327 221 221 222 1
0 325 328 327 221 222 222 1
0 329 330 331 204 204 204 1
0 330 332 331 204 204 204 1
0 333 334 335 223 223 223 2
0 334 336 335 223 223 223 2
0 337 338 339 206 206 206 1
0 338 340 339 206 206 206 1
0 341 342 343 224 224 224 2
0 342 344 343 224 224 224 2
0 341 345 335 225 225 225 3
0 345 346 335 225 225 225 3
0 347 342 348 226 226 226 3
0 342 336 348 226 226 226 3
"frame" 0 2
453
0 0.590910 6.717519 26.987886 0.963316 0.159386 -1
0 0.000000 6.717519 26.987886 0.963316 0.159386 -1
0 0.511743 6.717519 27.283342 0.963316 0.159386 -1
0 0.590910 1.745298 26.987886 0.963316 0.170593 -1
0 0.511743 1.745298 27.283342 0.964665 0.170593 -1
0 0.511743 6.717519 27.283342 0.964665 0.159386 -1
0 0.295455 6.717519 27.499628 0.963316 0.159386 -1
0 0.295455 6.717519 27.499628 0.966012 0.159386 -1
0 0.295455 1.745298 27.499628 0.966012 0.170593 -1
0 0.000000 6.717519 27.578798 0.963316 0.159386 -1
0 0.000000 1.745298 27.578798 0.967361 0.170593 -1
0 0.000000 6.717519 27.578798 0.967361 0.159386 -1
0 -0.295455 6.717519 27.499628 0.963316 0.159386 -1
0 -0.295455 6.717519 27.499628 0.968709 0.159386 -1
0 -0.295455 1.745298 27.499628 0.968709 0.170593 -1
0 -0.511743 6.717519 27.283342 0.963316 0.159386 -1
0 -0.511743 1.745298 27.283342 0.970057 0.170593 -1
0 -0.511743 6.717519 27.283342 0.970057 0.159386 -1
0 -0.590910 6.717519 26.987886 0.963316 0.159386 -1
0 -0.590910 6.717519 26.987886 0.971405 0.159386 -1
0 -0.590910 1.745298 26.987886 0.971405 0.170593 -1
0 -0.511743 6.717519 26.692430 0.963316 0.159386 -1
0 -0.511743 1.745298 26.692430 0.972754 0.170593 -1
0 -0.511743 6.717519 26.692430 0.972754 0.159386 -1
0 -0.295455 6.717519 26.476145 0.963316 0.159386 -1
0 -0.295455 6.717519 26.476145 0.974101 0.159386 -1
0 -0.295455 1.745298 26.476145 0.974101 0.170593 -1
0 0.000000 6.717519 26.396975 0.963316 0.159386 -1
0 0.000000 1.745298 26.396975 0.975450 0.170593 -1
0 0.000000 6.717519 26.396975 0.975450 0.159386 -1
0 0.295455 6.717519 26.476145 0.963316 0.159386 -1
0 0.295455 6.717519 26.476145 0.976798 0.159386 -1
0 0.295455 1.745298 26.476145 0.976798 0.170593 -1
0 0.511743 6.717519 26.692430 0.963316 0.159386 -1
0 0.511743 1.745298 26.692430 0.978146 0.170593 -1
0 0.511743 6.717519 26.692430 0.978146 0.159386 -1
0 0.590910 6.717519 26.987886 0.979494 0.159386 -1
0 0.590910 1.745298 26.987886 0.979494 0.170593 -1
0 0.000000 1.113796 -20.982189 0.971405 0.226630 -1
0 -3.750000 2.118610 -20.982185 0.971405 0.215422 -1
0 -3.247595 2.118603 -22.857189 0.972754 0.215422 -1
0 0.000000 18.738819 -20.982182 0.971405 0.159386 -1
0 -3.247595 17.734005 -22.857182 0.972754 0.170593 -1
0 -3.750000 17.733997 -20.982185 0.971405 0.170593 -1
0 0.000000 1.113796 -20.982189 0.972754 0.226630 -1
0 -1.875000 2.118603 -24.229794 0.974101 0.215422 -1
0 0.000000 18.738819 -20.982182 0.972754 0.159386 -1
0 -1.875000 17.734005 -24.229778 0.974101 0.170593 -1
0 0.000000 1.113796 -20.982189 0.974101 0.226630 -1
0 0.000000 2.118605 -24.732193 0.975450 0.215422 -1
0 0.000000 18.738819 -20.982182 0.974101 0.159386 -1
0 0.000000 17.734009 -24.732189 0.975450 0.170593 -1
0 0.000000 1.113796 -20.982189 0.975450 0.226630 -1
0 1.875000 2.118603 -24.229794 0.976798 0.215422 -1
0 0.000000 18.738819 -20.982182 0.975450 0.159386 -1
0 1.875000 17.734005 -24.229778 0.976798 0.170593 -1
0 0.000000 1.113796 -20.982189 0.976798 0.226630 -1
0 3.247595 2.118603 -22.857189 0.978146 0.215422 -1
0 0.000000 18.738819 -20.982182 0.976798 0.159386 -1
0 3.247595 17.734005 -22.857182 0.978146 0.170593 -1
0 0.000000 1.113796 -20.982189 0.978146 0.226630 -1
0 3.750000 2.118610 -20.982185 0.979494 0.215422 -1
0 0.000000 18.738819 -20.982182 0.978146 0.159386 -1
0 3.750000 17.733997 -20.982185 0.979494 0.170593 -1
0 -6.495191 4.863802 -20.982182 0.971405 0.204215 -1
0 -5.625000 4.863804 -24.229782 0.972754 0.204215 -1
0 -3.247595 4.863800 -26.607195 0.974101 0.204215 -1
0 0.000000 4.863811 -27.477365 0.975450 0.204215 -1
0 3.247595 4.863800 -26.607195 0.976798 0.204215 -1
0 5.625000 4.863804 -24.229782 0.978146 0.204215 -1
0 6.495191 4.863802 -20.982182 0.979494 0.204215 -1
0 -7.500000 9.738806 -20.982185 0.971405 0.193008 -1
0 -6.495191 9.738802 -24.732193 0.972754 0.193008 -1
0 -3.750000 9.738808 -27.477385 0.974101 0.193008 -1
0 0.000000 9.738810 -28.482199 0.975450 0.193008 -1
0 3.750000 9.738808 -27.477385 0.976798 0.193008 -1
0 6.495191 9.738802 -24.732193 0.978146 0.193008 -1
0 7.500000 9.738806 -20.982185 0.979494 0.193008 -1
0 -6.495191 14.988810 -20.982185 0.971405 0.181800 -1
0 -5.625000 14.988813 -24.229782 0.972754 0.181800 -1
0 -3.247595 14.988806 -26.607187 0.974101 0.181800 -1
0 0.000000 14.988810 -27.477373 0.975450 0.181800 -1
0 3.247595 14.988806 -26.607187 0.976798 0.181800 -1
0 5.625000 14.988813 -24.229782 0.978146 0.181800 -1
0 6.495191 14.988810 -20.982185 0.979494 0.181800 -1
0 7.571428 9.788280 -21.086424 0.963316 0.159386 -1
0 0.000000 9.788280 -21.086424 0.963316 0.159386 -1
0 6.557049 15.073999 -21.086424 0.963316 0.159386 -1
0 7.571428 9.788280 -3.062596 0.963316 0.170593 -1
0 6.557049 15.073997 -3.062595 0.964665 0.170593 -1
0 6.557049 15.073999 -21.086424 0.964665 0.159386 -1
0 3.785714 17.845337 -21.086428 0.963316 0.159386 -1
0 3.785714 17.845337 -21.086428 0.966012 0.159386 -1
0 3.785714 17.845337 -3.062594 0.966012 0.170593 -1
0 0.000000 18.859718 -21.086420 0.963316 0.159386 -1
0 0.000000 18.859716 -3.062595 0.967361 0.170593 -1
0 0.000000 18.859718 -21.086420 0.967361 0.159386 -1
0 -3.785714 17.845337 -21.086428 0.963316 0.159386 -1
0 -3.785714 17.845337 -21.086428 0.968709 0.159386 -1
0 -3.785714 17.845337 -3.062594 0.968709 0.170593 -1
0 -6.557049 15.073999 -21.086424 0.963316 0.159386 -1
0 -6.557049 15.073997 -3.062595 0.970057 0.170593 -1
0 -6.557049 15.073999 -21.086424 0.970057 0.159386 -1
0 -7.571428 9.788280 -21.086424 0.963316 0.159386 -1
0 -7.571428 9.788280 -21.086424 0.971405 0.159386 -1
0 -7.571428 9.788280 -3.062596 0.971405 0.170593 -1
0 -6.557049 4.877563 -21.086432 0.963316 0.159386 -1
0 -6.557049 4.877563 -3.062599 0.972754 0.170593 -1
0 -6.557049 4.877563 -21.086432 0.972754 0.159386 -1
0 -3.785714 2.106226 -21.086424 0.963316 0.159386 -1
0 -3.785714 2.106226 -21.086424 0.974101 0.159386 -1
0 -3.785714 2.106220 -3.062595 0.974101 0.170593 -1
0 0.000000 1.091848 -21.086428 0.963316 0.159386 -1
0 0.000000 1.091843 -3.062596 0.975450 0.170593 -1
0 0.000000 1.091848 -21.086428 0.975450 0.159386 -1
0 3.785714 2.106226 -21.086424 0.963316 0.159386 -1
0 3.785714 2.106226 -21.086424 0.976798 0.159386 -1
0 3.785714 2.106220 -3.062595 0.976798 0.170593 -1
0 6.557049 4.877563 -21.086432 0.963316 0.159386 -1
0 6.557049 4.877563 -3.062599 0.978146 0.170593 -1
0 6.557049 4.877563 -21.086432 0.978146 0.159386 -1
0 7.571428 9.788280 -21.086424 0.979494 0.159386 -1
0 7.571428 9.788280 -3.062596 0.979494 0.170593 -1
0 0.000000 18.806141 13.840990 0.971405 0.226630 -1
0 -3.750000 17.801319 13.840982 0.971405 0.215422 -1
0 -3.247595 17.801338 15.715990 0.972754 0.215422 -1
0 0.000000 1.181098 13.840982 0.971405 0.159386 -1
0 -3.247595 2.185918 15.715986 0.972754 0.170593 -1
0 -3.750000 2.185923 13.840986 0.971405 0.170593 -1
0 0.000000 18.806141 13.840990 0.972754 0.226630 -1
0 -1.875000 17.801331 17.088594 0.974101 0.215422 -1
0 0.000000 1.181098 13.840982 0.972754 0.159386 -1
0 -1.875000 2.185918 17.088579 0.974101 0.170593 -1
0 0.000000 18.806141 13.840990 0.974101 0.226630 -1
0 0.000000 17.801331 17.590994 0.975450 0.215422 -1
0 0.000000 1.181098 13.840982 0.974101 0.159386 -1
0 0.000000 2.185913 17.590994 0.975450 0.170593 -1
0 0.000000 18.806141 13.840990 0.975450 0.226630 -1
0 1.875000 17.801331 17.088594 0.976798 0.215422 -1
0 0.000000 1.181098 13.840982 0.975450 0.159386 -1
0 1.875000 2.185918 17.088579 0.976798 0.170593 -1
0 0.000000 18.806141 13.840990 0.976798 0.226630 -1
0 3.247595 17.801338 15.715990 0.978146 0.215422 -1
0 0.000000 1.181098 13.840982 0.976798 0.159386 -1
0 3.247595 2.185918 15.715986 0.978146 0.170593 -1
0 0.000000 18.806141 13.840990 0.978146 0.226630 -1
0 3.750000 17.801319 13.840982 0.979494 0.215422 -1
0 0.000000 1.181098 13.840982 0.978146 0.159386 -1
0 3.750000 2.185923 13.840986 0.979494 0.170593 -1
0 -6.495191 15.056130 13.840982 0.971405 0.204215 -1
0 -5.625000 15.056127 17.088583 0.972754 0.204215 -1
0 -3.247595 15.056127 19.466002 0.974101 0.204215 -1
0 0.000000 15.056117 20.336168 0.975450 0.204215 -1
0 3.247595 15.056127 19.466002 0.976798 0.204215 -1
0 5.625000 15.056127 17.088583 0.978146 0.204215 -1
0 6.495191 15.056130 13.840982 0.979494 0.204215 -1
0 -7.500000 10.181121 13.840986 0.971405 0.193008 -1
0 -6.495191 10.181125 17.590998 0.972754 0.193008 -1
0 -3.750000 10.181123 20.336191 0.974101 0.193008 -1
0 0.000000 10.181115 21.341005 0.975450 0.193008 -1
0 3.750000 10.181123 20.336191 0.976798 0.193008 -1
0 6.495191 10.181125 17.590998 0.978146 0.193008 -1
0 7.500000 10.181121 13.840986 0.979494 0.193008 -1
0 -6.495191 4.931115 13.840990 0.971405 0.181800 -1
0 -5.625000 4.931110 17.088591 0.972754 0.181800 -1
0 -3.247595 4.931119 19.465994 0.974101 0.181800 -1
0 0.000000 4.931113 20.336184 0.975450 0.181800 -1
0 3.247595 4.931119 19.465994 0.976798 0.181800 -1
0 5.625000 4.931110 17.088591 0.978146 0.181800 -1
0 6.495191 4.931115 13.840990 0.979494 0.181800 -1
0 7.571428 10.131648 13.945227 0.963316 0.159386 -1
0 0.000000 10.131648 13.945227 0.963316 0.159386 -1
0 6.557049 4.845927 13.945227 0.963316 0.159386 -1
0 7.571428 10.131648 -4.078611 0.963316 0.170593 -1
0 6.557049 4.845928 -4.078619 0.964665 0.170593 -1
0 6.557049 4.845927 13.945227 0.964665 0.159386 -1
0 3.785714 2.074587 13.945230 0.963316 0.159386 -1
0 3.785714 2.074587 13.945230 0.966012 0.159386 -1
0 3.785714 2.074586 -4.078619 0.966012 0.170593 -1
0 0.000000 1.060196 13.945223 0.963316 0.159386 -1
0 0.000000 1.060201 -4.078619 0.967361 0.170593 -1
0 0.000000 1.060196 13.945223 0.967361 0.159386 -1
0 -3.785714 2.074587 13.945230 0.963316 0.159386 -1
0 -3.785714 2.074587 13.945230 0.968709 0.159386 -1
0 -3.785714 2.074586 -4.078619 0.968709 0.170593 -1
0 -6.557049 4.845927 13.945227 0.963316 0.159386 -1
0 -6.557049 4.845928 -4.078619 0.970057 0.170593 -1
0 -6.557049 4.845927 13.945227 0.970057 0.159386 -1
0 -7.571428 10.131648 13.945227 0.963316 0.159386 -1
0 -7.571428 10.131648 13.945227 0.971405 0.159386 -1
0 -7.571428 10.131648 -4.078611 0.971405 0.170593 -1
0 -6.557049 15.042367 13.945234 0.963316 0.159386 -1
0 -6.557049 15.042371 -4.078611 0.972754 0.170593 -1
0 -6.557049 15.042367 13.945234 0.972754 0.159386 -1
0 -3.785714 17.813717 13.945227 0.963316 0.159386 -1
0 -3.785714 17.813717 13.945227 0.974101 0.159386 -1
0 -3.785714 17.813713 -4.078608 0.974101 0.170593 -1
0 0.000000 18.828083 13.945230 0.963316 0.159386 -1
0 0.000000 18.828091 -4.078615 0.975450 0.170593 -1
0 0.000000 18.828083 13.945230 0.975450 0.159386 -1
0 3.785714 17.813717 13.945227 0.963316 0.159386 -1
0 3.785714 17.813717 13.945227 0.976798 0.159386 -1
0 3.785714 17.813713 -4.078608 0.976798 0.170593 -1
0 6.557049 15.042367 13.945234 0.963316 0.159386 -1
0 6.557049 15.042371 -4.078611 0.978146 0.170593 -1
0 6.557049 15.042367 13.945234 0.978146 0.159386 -1
0 7.571428 10.131648 13.945227 0.979494 0.159386 -1
0 7.571428 10.131648 -4.078611 0.979494 0.170593 -1
0 -0.013682 4.300148 24.354567 0.963316 0.159386 -1
0 -0.013682 1.800147 24.354567 0.963316 0.226630 -1
0 -0.024926 4.300148 22.515013 0.979494 0.159386 -1
0 -0.024926 1.800147 22.515013 0.979494 0.226630 -1
0 -0.024926 4.300148 22.515013 0.963316 0.159386 -1
0 -0.024926 1.800147 22.515013 0.963316 0.226630 -1
0 -3.804499 4.300148 13.857670 0.979494 0.159386 -1
0 -3.804499 1.800147 13.857670 0.979494 0.226630 -1
0 -3.804499 4.300148 13.857670 0.963316 0.159386 -1
0 -3.804499 1.800147 13.857670 0.963316 0.226630 -1
0 -4.992121 4.300148 14.202908 0.979494 0.159386 -1
0 -4.992121 1.800147 14.202908 0.979494 0.226630 -1
0 -4.992121 4.300148 14.202908 0.963316 0.159386 -1
0 -4.992121 1.800147 14.202908 0.963316 0.226630 -1
0 -0.013682 4.300148 24.354567 0.979494 0.159386 -1
0 -0.013682 1.800147 24.354567 0.979494 0.226630 -1
0 -0.013682 4.300148 24.354567 0.963316 0.226630 -1
0 -0.024926 4.300148 22.515013 0.979494 0.226630 -1
0 -0.013682 1.800147 24.354567 0.963316 0.159386 -1
0 -0.024926 1.800147 22.515013 0.979494 0.159386 -1
0 0.024926 4.300148 22.515013 0.979494 0.159386 -1
0 0.013682 1.800147 24.354567 0.963316 0.226630 -1
0 0.013682 4.300148 24.354567 0.963316 0.159386 -1
0 0.024926 1.800147 22.515013 0.979494 0.226630 -1
0 3.804499 4.300148 13.857670 0.979494 0.159386 -1
0 0.024926 1.800147 22.515013 0.963316 0.226630 -1
0 0.024926 4.300148 22.515013 0.963316 0.159386 -1
0 3.804499 1.800147 13.857670 0.979494 0.226630 -1
0 4.992121 4.300148 14.202908 0.979494 0.159386 -1
0 3.804499 1.800147 13.857670 0.963316 0.226630 -1
0 3.804499 4.300148 13.857670 0.963316 0.159386 -1
0 4.992121 1.800147 14.202908 0.979494 0.226630 -1
0 0.013682 4.300148 24.354567 0.979494 0.159386 -1
0 4.992121 1.800147 14.202908 0.963316 0.226630 -1
0 4.992121 4.300148 14.202908 0.963316 0.159386 -1
0 0.013682 1.800147 24.354567 0.979494 0.226630 -1
0 0.013682 4.300148 24.354567 0.963316 0.226630 -1
0 0.024926 4.300148 22.515013 0.979494 0.226630 -1
0 0.024926 1.800147 22.515013 0.979494 0.159386 -1
0 0.013682 1.800147 24.354567 0.963316 0.159386 -1
0 -0.622596 6.644903 24.328981 0.963316 0.159386 -1
0 -0.622596 4.071586 24.333445 0.963316 0.226630 -1
0 0.608392 6.644903 24.328981 0.979494 0.159386 -1
0 0.608392 4.071586 24.333445 0.979494 0.226630 -1
0 0.608392 6.644903 24.328981 0.963316 0.159386 -1
0 0.608392 4.071586 24.333445 0.963316 0.226630 -1
0 0.894106 6.644903 22.521292 0.979494 0.159386 -1
0 0.894106 4.071586 22.525755 0.979494 0.226630 -1
0 0.894106 6.644903 22.521292 0.963316 0.159386 -1
0 0.894106 4.071586 22.525755 0.963316 0.226630 -1
0 -0.894025 6.644903 22.521292 0.979494 0.159386 -1
0 -0.894025 4.071586 22.525755 0.979494 0.226630 -1
0 -0.894025 6.644903 22.521292 0.963316 0.159386 -1
0 -0.894025 4.071586 22.525755 0.963316 0.226630 -1
0 -0.622596 6.644903 24.328981 0.979494 0.159386 -1
0 -0.622596 4.071586 24.333445 0.979494 0.226630 -1
0 -0.622596 6.644903 24.328981 0.963316 0.226630 -1
0 0.608392 6.644903 24.328981 0.979494 0.226630 -1
0 -0.622596 4.071586 24.333445 0.963316 0.159386 -1
0 0.608392 4.071586 24.333445 0.979494 0.159386 -1
0 6.083333 4.191188 -13.914709 0.963316 0.215422 -1
0 4.333334 4.191186 -13.914709 0.963316 0.204215 -1
0 6.083336 3.973476 -13.102209 0.964665 0.215422 -1
0 4.333337 3.973479 -13.102209 0.964665 0.204215 -1
0 -0.000001 4.191187 -13.914709 0.963316 0.193008 -1
0 0.000001 3.973476 -13.102209 0.964665 0.193008 -1
0 -4.333338 4.191191 -13.914709 0.963316 0.181800 -1
0 -4.333337 3.973478 -13.102209 0.964665 0.181800 -1
0 -6.138894 4.187917 -13.914709 0.963316 0.170593 -1
0 -6.138892 3.970211 -13.102209 0.964665 0.170593 -1
0 4.333335 3.378686 -12.507418 0.966012 0.204215 -1
0 6.083336 3.378686 -12.507418 0.966012 0.215422 -1
0 0.000002 3.378685 -12.507418 0.966012 0.193008 -1
0 -4.333337 3.378686 -12.507418 0.966012 0.181800 -1
0 -6.138896 3.375419 -12.507418 0.966012 0.170593 -1
0 6.083336 2.566184 -12.289709 0.967361 0.215422 -1
0 4.333335 2.566186 -12.289709 0.967361 0.204215 -1
0 0.000001 2.566185 -12.289709 0.967361 0.193008 -1
0 -4.333335 2.566183 -12.289709 0.967361 0.181800 -1
0 -6.138894 2.562920 -12.289709 0.967361 0.170593 -1
0 4.333335 1.753684 -12.507418 0.968709 0.204215 -1
0 6.083341 1.753682 -12.507418 0.968709 0.215422 -1
0 -0.000001 1.753683 -12.507418 0.968709 0.193008 -1
0 -4.333336 1.753682 -12.507418 0.968709 0.181800 -1
0 -6.138890 1.750418 -12.507418 0.968709 0.170593 -1
0 6.083338 1.158889 -13.102209 0.970057 0.215422 -1
0 4.333335 1.158890 -13.102209 0.970057 0.204215 -1
0 0.000000 1.158893 -13.102209 0.970057 0.193008 -1
0 -4.333337 1.158892 -13.102209 0.970057 0.181800 -1
0 -6.138894 1.155625 -13.102209 0.970057 0.170593 -1
0 4.333338 0.941183 -13.914709 0.971405 0.204215 -1
0 6.083336 0.941182 -13.914709 0.971405 0.215422 -1
0 0.000002 0.941182 -13.914709 0.971405 0.193008 -1
0 -4.333337 0.941183 -13.914709 0.971405 0.181800 -1
0 -6.138892 0.937914 -13.914709 0.971405 0.170593 -1
0 6.083338 1.158889 -14.727209 0.972754 0.215422 -1
0 4.333335 1.158890 -14.727209 0.972754 0.204215 -1
0 0.000000 1.158893 -14.727209 0.972754 0.193008 -1
0 -4.333337 1.158892 -14.727209 0.972754 0.181800 -1
0 -6.138894 1.155625 -14.727209 0.972754 0.170593 -1
0 4.333335 1.753684 -15.322001 0.974101 0.204215 -1
0 6.083341 1.753682 -15.322001 0.974101 0.215422 -1
0 -0.000001 1.753683 -15.322001 0.974101 0.193008 -1
0 -4.333336 1.753682 -15.322001 0.974101 0.181800 -1
0 -6.138890 1.750418 -15.322001 0.974101 0.170593 -1
0 6.083336 2.566184 -15.539709 0.975450 0.215422 -1
0 4.333335 2.566186 -15.539709 0.975450 0.204215 -1
0 0.000001 2.566185 -15.539709 0.975450 0.193008 -1
0 -4.333335 2.566183 -15.539709 0.975450 0.181800 -1
0 -6.138894 2.562920 -15.539709 0.975450 0.170593 -1
0 4.333335 3.378686 -15.322001 0.976798 0.204215 -1
0 6.083336 3.378686 -15.322001 0.976798 0.215422 -1
0 0.000002 3.378685 -15.322001 0.976798 0.193008 -1
0 -4.333337 3.378686 -15.322001 0.976798 0.181800 -1
0 -6.138896 3.375419 -15.322001 0.976798 0.170593 -1
0 6.083336 3.973476 -14.727209 0.978146 0.215422 -1
0 4.333337 3.973479 -14.727209 0.978146 0.204215 -1
0 0.000001 3.973476 -14.727209 0.978146 0.193008 -1
0 -4.333337 3.973478 -14.727209 0.978146 0.181800 -1
0 -6.138892 3.970211 -14.727209 0.978146 0.170593 -1
0 4.333334 4.191186 -13.914709 0.979494 0.204215 -1
0 6.083333 4.191188 -13.914709 0.979494 0.215422 -1
0 -0.000001 4.191187 -13.914709 0.979494 0.193008 -1
0 -4.333338 4.191191 -13.914709 0.979494 0.181800 -1
0 -6.138894 4.187917 -13.914709 0.979494 0.170593 -1
0 -7.511909 7.076359 -10.893876 0.963316 0.159386 -1
0 -7.511910 3.034691 -8.431376 0.963316 0.226630 -1
0 -4.761911 7.076361 -10.893876 0.979494 0.159386 -1
0 -4.761913 3.034691 -8.431376 0.979494 0.226630 -1
0 -4.761911 7.076361 -10.893876 0.963316 0.159386 -1
0 -4.761913 3.034691 -8.431376 0.963316 0.226630 -1
0 -4.761911 7.076361 -16.727211 0.979494 0.159386 -1
0 -4.761913 2.984692 -19.264709 0.979494 0.226630 -1
0 -4.761911 7.076361 -16.727211 0.963316 0.159386 -1
0 -4.761913 2.984692 -19.264709 0.963316 0.226630 -1
0 -7.511909 7.076359 -16.727211 0.979494 0.159386 -1
0 -7.511910 2.984692 -19.264709 0.979494 0.226630 -1
0 -7.511909 7.076359 -16.727211 0.963316 0.159386 -1
0 -7.511910 2.984692 -19.264709 0.963316 0.226630 -1
0 -7.511909 7.076359 -10.893876 0.979494 0.159386 -1
0 -7.511910 3.034691 -8.431376 0.979494 0.226630 -1
0 -7.511909 7.076359 -10.893876 0.963316 0.226630 -1
0 -4.761911 7.076361 -10.893876 0.979494 0.226630 -1
0 -7.511910 3.034691 -8.431376 0.963316 0.159386 -1
0 -4.761913 3.034691 -8.431376 0.979494 0.159386 -1
0 4.761911 7.076361 -10.893876 0.979494 0.159386 -1
0 7.511910 3.034691 -8.431376 0.963316 0.226630 -1
0 7.511909 7.076359 -10.893876 0.963316 0.159386 -1
0 4.761913 3.034691 -8.431376 0.979494 0.226630 -1
0 4.761911 7.076361 -16.727211 0.979494 0.159386 -1
0 4.761913 3.034691 -8.431376 0.963316 0.226630 -1
0 4.761911 7.076361 -10.893876 0.963316 0.159386 -1
0 4.761913 2.984692 -19.264709 0.979494 0.226630 -1
0 7.511909 7.076359 -16.727211 0.979494 0.159386 -1
0 4.761913 2.984692 -19.264709 0.963316 0.226630 -1
0 4.761911 7.076361 -16.727211 0.963316 0.159386 -1
0 7.511910 2.984692 -19.264709 0.979494 0.226630 -1
0 7.511909 7.076359 -10.893876 0.979494 0.159386 -1
0 7.511910 2.984692 -19.264709 0.963316 0.226630 -1
0 7.511909 7.076359 -16.727211 0.963316 0.159386 -1
0 7.511910 3.034691 -8.431376 0.979494 0.226630 -1
0 7.511909 7.076359 -10.893876 0.963316 0.226630 -1
0 4.761911 7.076361 -10.893876 0.979494 0.226630 -1
0 4.761913 3.034691 -8.431376 0.979494 0.159386 -1
0 7.511910 3.034691 -8.431376 0.963316 0.159386 -1
0 -0.587010 6.672064 27.682291 0.963316 0.159386 -1
0 -0.587010 4.560953 27.682291 0.963316 0.226630 -1
0 0.642157 6.672064 27.682291 0.979494 0.159386 -1
0 0.642157 4.560953 27.682291 0.979494 0.226630 -1
0 0.642157 6.672064 27.682291 0.963316 0.159386 -1
0 0.642157 4.560953 27.682291 0.963316 0.226630 -1
0 0.642157 6.672064 22.515623 0.979494 0.159386 -1
0 0.642157 4.560953 22.515623 0.979494 0.226630 -1
0 0.642157 6.672064 22.515623 0.963316 0.159386 -1
0 0.642157 4.560953 22.515623 0.963316 0.226630 -1
0 -0.587010 6.672064 22.515623 0.979494 0.159386 -1
0 -0.587010 4.560953 22.515623 0.979494 0.226630 -1
0 -0.587010 6.672064 22.515623 0.963316 0.159386 -1
0 -0.587010 4.560953 22.515623 0.963316 0.226630 -1
0 -0.587010 6.672064 27.682291 0.979494 0.159386 -1
0 -0.587010 4.560953 27.682291 0.979494 0.226630 -1
0 -0.587010 6.672064 27.682291 0.963316 0.226630 -1
0 0.642157 6.672064 27.682291 0.979494 0.226630 -1
0 -0.587010 4.560953 27.682291 0.963316 0.159386 -1
0 0.642157 4.560953 27.682291 0.979494 0.159386 -1
0 11.827044 11.406004 3.043216 0.963316 0.159386 -1
0 6.931439 8.885403 3.043216 0.963316 0.226630 -1
0 12.493710 11.406004 3.043216 0.979494 0.159386 -1
0 7.598106 8.885403 3.043216 0.979494 0.226630 -1
0 12.493710 11.406004 3.043216 0.963316 0.159386 -1
0 7.598106 8.885403 3.043216 0.963316 0.226630 -1
0 12.493710 11.406004 2.334882 0.979494 0.159386 -1
0 7.598106 8.885403 2.334882 0.979494 0.226630 -1
0 12.493710 11.406004 2.334882 0.963316 0.159386 -1
0 7.598106 8.885403 2.334882 0.963316 0.226630 -1
0 11.827044 11.406004 2.334882 0.979494 0.159386 -1
0 6.931439 8.885403 2.334882 0.979494 0.226630 -1
0 11.827044 11.406004 2.334882 0.963316 0.159386 -1
0 6.931439 8.885403 2.334882 0.963316 0.226630 -1
0 11.827044 11.406004 3.043216 0.979494 0.159386 -1
0 6.931439 8.885403 3.043216 0.979494 0.226630 -1
0 11.827044 11.406004 3.043216 0.963316 0.226630 -1
0 12.493710 11.406004 3.043216 0.979494 0.226630 -1
0 6.931439 8.885403 3.043216 0.963316 0.159386 -1
0 7.598106 8.885403 3.043216 0.979494 0.159386 -1
0 11.827044 11.391351 12.018948 0.963316 0.159386 -1
0 6.931439 8.870750 12.018948 0.963316 0.226630 -1
0 12.493710 11.391351 12.018948 0.979494 0.159386 -1
0 7.598106 8.870750 12.018948 0.979494 0.226630 -1
0 12.493710 11.391351 12.018948 0.963316 0.159386 -1
0 7.598106 8.870750 12.018948 0.963316 0.226630 -1
0 12.493710 11.391351 11.310612 0.979494 0.159386 -1
0 7.598106 8.870750 11.310612 0.979494 0.226630 -1
0 12.493710 11.391351 11.310612 0.963316 0.159386 -1
0 7.598106 8.870750 11.310612 0.963316 0.226630 -1
0 11.827044 11.391351 11.310612 0.979494 0.159386 -1
0 6.931439 8.870750 11.310612 0.979494 0.226630 -1
0 11.827044 11.391351 11.310612 0.963316 0.159386 -1
0 6.931439 8.870750 11.310612 0.963316 0.226630 -1
0 11.827044 11.391351 12.018948 0.979494 0.159386 -1
0 6.931439 8.870750 12.018948 0.979494 0.226630 -1
0 11.827044 11.391351 12.018948 0.963316 0.226630 -1
0 12.493710 11.391351 12.018948 0.979494 0.226630 -1
0 6.931439 8.870750 12.018948 0.963316 0.159386 -1
0 7.598106 8.870750 12.018948 0.979494 0.159386 -1
0 6.047807 4.092108 10.274160 0.963316 0.159386 -1
0 7.339473 2.904608 10.274160 0.963316 0.226630 -1
0 9.433920 4.071275 10.274160 0.979494 0.159386 -1
0 9.433920 2.904608 10.274160 0.979494 0.226630 -1
0 9.433920 4.071275 10.274160 0.963316 0.159386 -1
0 9.433920 2.904608 10.274160 0.963316 0.226630 -1
0 9.433920 4.071275 4.374160 0.979494 0.159386 -1
0 9.433920 2.904608 4.374160 0.979494 0.226630 -1
0 9.433920 4.071275 4.374160 0.963316 0.159386 -1
0 9.433920 2.904608 4.374160 0.963316 0.226630 -1
0 6.047807 4.092108 4.374160 0.979494 0.159386 -1
0 7.339473 2.904608 4.374160 0.979494 0.226630 -1
0 6.047807 4.092108 4.374160 0.963316 0.159386 -1
0 7.339473 2.904608 4.374160 0.963316 0.226630 -1
0 6.047807 4.092108 10.274160 0.979494 0.159386 -1
0 7.339473 2.904608 10.274160 0.979494 0.226630 -1
0 6.047807 4.092108 10.274160 0.963316 0.226630 -1
0 9.433920 4.071275 10.274160 0.979494 0.226630 -1
0 7.339473 2.904608 10.274160 0.963316 0.159386 -1
0 9.433920 2.904608 10.274160 0.979494 0.159386 -1
293
0.000000 1.000000 0.000000
0.965926 0.000000 0.258819
0.866024 0.000000 0.500002
0.500002 0.000000 0.866024
0.000000 0.000000 1.000000
-0.500002 0.000000 0.866024
-0.866024 0.000000 0.500002
-1.000000 0.000000 0.000000
-0.866024 0.000000 -0.500002
-0.500002 0.000000 -0.866024
0.000000 0.000000 -1.000000
0.500002 0.000000 -0.866024
0.866024 0.000000 -0.500002
0.965926 0.000000 -0.258819
-0.258200 -0.963611 -0.069181
-0.566928 -0.809640 -0.151906
-0.431483 -0.867044 -0.249114
-0.258202 0.963611 -0.069181
-0.431482 0.867044 -0.249114
-0.566928 0.809640 -0.151906
-0.189015 -0.963612 -0.189013
-0.286791 -0.819146 -0.496739
-0.189016 0.963611 -0.189015
-0.286793 0.819146 -0.496738
-0.069182 -0.963612 -0.258199
0.000000 -0.867043 -0.498234
-0.069187 0.963611 -0.258199
0.000000 0.867044 -0.498232
0.069182 -0.963612 -0.258199
0.286791 -0.819146 -0.496739
0.069187 0.963611 -0.258199
0.286793 0.819146 -0.496738
0.189015 -0.963612 -0.189013
0.431483 -0.867044 -0.249114
0.189016 0.963611 -0.189015
0.431482 0.867044 -0.249114
0.258200 -0.963611 -0.069181
0.566928 -0.809640 -0.151906
0.258202 0.963611 -0.069181
0.566928 0.809640 -0.151906
-0.855746 -0.463813 -0.229296
-0.761384 -0.476508 -0.439584
-0.439583 -0.476508 -0.761385
0.000000 -0.476508 -0.879170
0.439583 -0.476508 -0.761385
0.761384 -0.476508 -0.439584
0.855746 -0.463813 -0.229296
-0.965903 -0.006858 -0.258813
-0.866004 -0.007100 -0.499987
-0.499987 -0.007099 -0.866004
0.000000 -0.007100 -0.999975
0.499987 -0.007099 -0.866004
0.866004 -0.007100 -0.499987
0.965903 -0.006858 -0.258813
-0.858798 0.457727 -0.230114
-0.764250 0.470350 -0.441240
-0.441239 0.470350 -0.764251
-0.000000 0.470350 -0.882480
0.441239 0.470350 -0.764251
0.764250 0.470350 -0.441240
0.858798 0.457727 -0.230114
0.000000 0.000001 -1.000000
-0.000000 0.000000 -1.000000
0.000000 -0.000000 -1.000000
0.982079 0.188470 0.000000
0.982079 0.188470 0.000000
0.883506 0.468419 0.000000
0.883506 0.468419 0.000000
-0.000001 -0.000000 -1.000000
0.500000 0.866025 0.000000
0.500001 0.866025 0.000000
0.000000 0.000000 -1.000000
0.000000 1.000000 0.000000
0.000000 1.000000 0.000000
0.000001 -0.000000 -1.000000
-0.500000 0.866025 0.000000
-0.500001 0.866025 0.000000
-0.000000 -0.000000 -1.000000
-0.883506 0.468419 0.000000
-0.883506 0.468419 0.000000
-0.999975 -0.007048 0.000000
-0.999975 -0.007048 0.000000
0.000001 0.000000 -1.000000
-0.880183 -0.474634 -0.000000
-0.880183 -0.474634 0.000000
0.000000 -0.000000 -1.000000
-0.500000 -0.866025 -0.000000
-0.500000 -0.866025 -0.000000
0.000000 0.000000 -1.000000
0.000000 -1.000000 -0.000000
0.000000 -1.000000 -0.000000
-0.000000 -0.000000 -1.000000
0.500000 -0.866025 -0.000000
0.500000 -0.866025 -0.000000
-0.000001 0.000000 -1.000000
0.880183 -0.474634 -0.000000
0.880183 -0.474634 0.000000
0.979325 -0.202294 0.000000
-0.258202 0.963611 0.069175
-0.566930 0.809639 0.151903
-0.431484 0.867044 0.249113
-0.258203 -0.963611 0.069183
-0.431482 -0.867044 0.249115
-0.566928 -0.809640 0.151906
-0.189012 0.963612 0.189016
-0.286791 0.819146 0.496741
-0.189016 -0.963611 0.189017
-0.286793 -0.819146 0.496738
-0.069183 0.963611 0.258199
0.000000 0.867042 0.498234
-0.069188 -0.963611 0.258199
0.000000 -0.867044 0.498232
0.069183 0.963611 0.258199
0.286791 0.819146 0.496741
0.069188 -0.963611 0.258199
0.286793 -0.819146 0.496738
0.189012 0.963612 0.189016
0.431484 0.867044 0.249113
0.189016 -0.963611 0.189017
0.431482 -0.867044 0.249115
0.258202 0.963611 0.069175
0.566930 0.809639 0.151903
0.258203 -0.963611 0.069183
0.566928 -0.809640 0.151906
-0.855745 0.463813 0.229297
-0.761384 0.476508 0.439584
-0.439583 0.476508 0.761385
0.000000 0.476507 0.879170
0.439583 0.476508 0.761385
0.761384 0.476508 0.439584
0.855745 0.463813 0.229297
-0.965903 0.006858 0.258812
-0.866004 0.007100 0.499987
-0.499987 0.007100 0.866004
0.000000 0.007101 0.999975
0.499987 0.007100 0.866004
0.866004 0.007100 0.499987
0.965903 0.006858 0.258812
-0.858798 -0.457727 0.230113
-0.764250 -0.470350 0.441240
-0.441240 -0.470350 0.764250
0.000000 -0.470350 0.882480
0.441240 -0.470350 0.764250
0.764250 -0.470350 0.441240
0.858798 -0.457727 0.230113
0.000000 -0.000001 1.000000
0.000000 -0.000000 1.000000
0.000000 0.000000 1.000000
0.982079 -0.188470 0.000000
0.982079 -0.188470 -0.000000
0.883506 -0.468419 -0.000000
0.883506 -0.468419 -0.000000
-0.000001 0.000000 1.000000
0.500001 -0.866025 -0.000000
0.500001 -0.866025 0.000000
0.000000 -0.000000 1.000000
-0.000000 -1.000000 -0.000000
0.000000 -1.000000 -0.000000
0.000001 0.000000 1.000000
-0.500001 -0.866025 -0.000000
-0.500001 -0.866025 0.000000
-0.000000 0.000000 1.000000
-0.883506 -0.468419 -0.000000
-0.883506 -0.468419 -0.000000
-0.999975 0.007048 0.000000
-0.999975 0.007047 0.000000
0.000001 -0.000000 1.000000
-0.880184 0.474634 0.000000
-0.880184 0.474633 0.000000
0.000001 0.000000 1.000000
-0.500000 0.866025 0.000000
-0.500000 0.866025 -0.000000
0.000000 -0.000000 1.000000
-0.000000 1.000000 0.000000
0.000000 1.000000 0.000000
-0.000001 0.000000 1.000000
0.500000 0.866025 0.000000
0.500000 0.866025 -0.000000
-0.000001 -0.000000 1.000000
0.880183 0.474634 0.000000
0.880184 0.474633 0.000000
0.979325 0.202293 0.000000
0.979325 0.202293 0.000000
0.999981 0.000000 -0.006112
0.916469 0.000000 -0.400107
-0.279141 0.000000 -0.960250
-0.897846 0.000000 0.440310
0.000000 -1.000000 0.000000
-0.999981 0.000000 -0.006112
-0.916469 0.000000 -0.400107
0.279141 0.000000 -0.960250
0.897846 0.000000 0.440310
0.000000 0.001734 0.999999
0.987739 0.000271 0.156117
0.000000 -0.001734 -0.999999
-0.988914 0.000258 0.148488
-0.000001 0.965925 0.258823
0.000000 0.965926 0.258820
0.000000 0.866025 0.500000
0.000000 0.866026 0.500000
0.000001 0.965925 0.258822
0.000000 0.866025 0.500001
-0.000874 0.965925 0.258821
-0.000783 0.866024 0.500002
-0.001751 0.965925 0.258816
-0.001568 0.866024 0.500000
0.000000 0.500000 0.866026
0.000000 0.500000 0.866025
-0.000000 0.500000 0.866025
-0.000452 0.500000 0.866026
-0.000905 0.500000 0.866025
-0.000000 0.000000 1.000000
0.000000 0.000000 1.000000
0.000000 0.000000 1.000000
0.000000 -0.000000 1.000000
-0.000000 0.000000 1.000000
-0.000000 -0.499999 0.866026
-0.000001 -0.499999 0.866026
0.000000 -0.500000 0.866025
0.000452 -0.500000 0.866025
0.000904 -0.499999 0.866026
-0.000001 -0.866025 0.500000
-0.000001 -0.866025 0.500000
-0.000000 -0.866025 0.500000
0.000784 -0.866025 0.500000
0.001567 -0.866024 0.500000
-0.000000 -1.000000 -0.000000
-0.000001 -1.000000 0.000000
0.000000 -1.000000 0.000000
0.000905 -1.000000 -0.000000
0.001810 -0.999998 0.000000
-0.000001 -0.866026 -0.500000
-0.000001 -0.866026 -0.500000
-0.000000 -0.866025 -0.500000
0.000784 -0.866026 -0.499999
0.001567 -0.866024 -0.500000
-0.000000 -0.499999 -0.866026
-0.000001 -0.499999 -0.866026
0.000000 -0.500000 -0.866025
0.000452 -0.500000 -0.866025
0.000904 -0.499999 -0.866026
-0.000000 0.000000 -1.000000
0.000000 0.000000 -1.000000
0.000000 0.000000 -1.000000
0.000000 -0.000000 -1.000000
-0.000000 0.000000 -1.000000
0.000000 0.500000 -0.866026
0.000000 0.500000 -0.866025
-0.000000 0.500000 -0.866025
-0.000452 0.499999 -0.866026
-0.000905 0.499999 -0.866025
0.000000 0.866025 -0.500000
0.000000 0.866026 -0.499999
0.000000 0.866025 -0.500001
-0.000783 0.866024 -0.500002
-0.001568 0.866024 -0.500000
0.000000 0.965926 -0.258820
-0.000001 0.965925 -0.258823
0.000001 0.965925 -0.258822
-0.000874 0.965925 -0.258821
-0.001751 0.965925 -0.258816
-0.000000 0.520310 0.853978
-0.000000 0.520310 0.853978
0.000000 0.520310 0.853978
1.000000 -0.000000 0.000000
1.000000 -0.000000 0.000000
1.000000 -0.000000 0.000000
-0.000000 0.527039 -0.849841
-0.000000 0.527039 -0.849841
0.000000 0.527039 -0.849841
-1.000000 0.000000 0.000000
-1.000000 0.000000 -0.000000
-1.000000 0.000000 -0.000000
-0.000001 1.000000 0.000000
0.000000 -0.999989 0.004615
0.000000 0.520310 0.853978
0.000000 0.520310 0.853978
-1.000000 -0.000000 0.000000
-1.000000 -0.000000 0.000000
-1.000000 -0.000000 0.000000
0.000000 0.527039 -0.849841
0.000000 0.527039 -0.849841
1.000000 0.000000 -0.000000
1.000000 0.000000 0.000000
1.000000 0.000000 -0.000000
0.000001 1.000000 0.000000
1.000000 0.000000 0.000000
0.457759 -0.889076 0.000000
-0.457759 0.889076 0.000000
0.457759 -0.889076 0.000000
-0.457759 0.889076 0.000000
-0.676800 -0.736167 0.000000
0.006152 0.999981 0.000000
432
0 0 1 2 0 0 0 2
0 3 0 4 1 1 2 1
0 0 5 4 1 2 2 1
0 2 1 6 0 0 0 2
0 4 5 7 2 2 3 1
0 4 7 8 2 3 3 1
0 6 1 9 0 0 0 2
0 8 7 10 3 3 4 1
0 7 11 10 3 4 4 1
0 9 1 12 0 0 0 2
0 10 11 13 4 4 5 1
0 10 13 14 4 5 5 1
0 12 1 15 0 0 0 2
0 14 13 16 5 5 6 1
0 13 17 16 5 6 6 1
0 15 1 18 0 0 0 2
0 16 17 19 6 6 7 1
0 16 19 20 6 7 7 1
0 18 1 21 0 0 0 2
0 20 19 22 7 7 8 1
0 19 23 22 7 8 8 1
0 21 1 24 0 0 0 2
0 22 23 25 8 8 9 1
0 22 25 26 8 9 9 1
0 24 1 27 0 0 0 2
0 26 25 28 9 9 10 1
0 25 29 28 9 10 10 1
0 27 1 30 0 0 0 2
0 28 29 31 10 10 11 1
0 28 31 32 10 11 11 1
0 30 1 33 0 0 0 2
0 32 31 34 11 11 12 1
0 31 35 34 11 12 12 1
0 33 1 0 0 0 0 2
0 34 35 36 12 12 13 1
0 34 36 37 12 13 13 1
0 38 39 40 14 15 16 1
0 41 42 43 17 18 19 1
0 44 40 45 20 16 21 1
0 46 47 42 22 23 18 1
0 48 45 49 24 21 25 1
0 50 51 47 26 27 23 1
0 52 49 53 28 25 29 1
0 54 55 51 30 31 27 1
0 56 53 57 32 29 33 1
0 58 59 55 34 35 31 1
0 60 57 61 36 33 37 1
0 62 63 59 38 39 35 1
0 39 64 65 15 40 41 1
0 39 65 40 15 41 16 1
0 40 65 45 16 41 21 1
0 65 66 45 41 42 21 1
0 45 66 67 21 42 43 1
0 45 67 49 21 43 25 1
0 49 67 53 25 43 29 1
0 67 68 53 43 44 29 1
0 53 68 69 29 44 45 1
0 53 69 57 29 45 33 1
0 57 69 61 33 45 37 1
0 69 70 61 45 46 37 1
0 64 71 65 40 47 41 1
0 71 72 65 47 48 41 1
0 65 72 73 41 48 49 1
0 65 73 66 41 49 42 1
0 66 73 67 42 49 43 1
0 73 74 67 49 50 43 1
0 67 74 75 43 50 51 1
0 67 75 68 43 51 44 1
0 68 75 69 44 51 45 1
0 75 76 69 51 52 45 1
0 69 76 77 45 52 53 1
0 69 77 70 45 53 46 1
0 71 78 79 47 54 55 1
0 71 79 72 47 55 48 1
0 72 79 73 48 55 49 1
0 79 80 73 55 56 49 1
0 73 80 81 49 56 57 1
0 73 81 74 49 57 50 1
0 74 81 75 50 57 51 1
0 81 82 75 57 58 51 1
0 75 82 83 51 58 59 1
0 75 83 76 51 59 52 1
0 76 83 77 52 59 53 1
0 83 84 77 59 60 53 1
0 78 43 79 54 19 55 1
0 43 42 79 19 18 55 1
0 79 42 47 55 18 23 1
0 79 47 80 55 23 56 1
0 80 47 81 56 23 57 1
0 47 51 81 23 27 57 1
0 81 51 55 57 27 31 1
0 81 55 82 57 31 58 1
0 82 55 83 58 31 59 1
0 55 59 83 31 35 59 1
0 83 59 63 59 35 39 1
0 83 63 84 59 39 60 1
0 85 86 87 61 62 63 2
0 88 85 89 64 65 66 1
0 85 90 89 65 67 66 1
0 87 86 91 63 62 68 2
0 89 90 92 66 67 69 1
0 89 92 93 66 69 70 1
0 91 86 94 68 62 71 2
0 93 92 95 70 69 72 1
0 92 96 95 69 73 72 1
0 94 86 97 71 62 74 2
0 95 96 98 72 73 75 1
0 95 98 99 72 75 76 1
0 97 86 100 74 62 77 2
0 99 98 101 76 75 78 1
0 98 102 101 75 79 78 1
0 100 86 103 77 62 61 2
0 101 102 104 78 79 80 1
0 101 104 105 78 80 81 1
0 103 86 106 61 62 82 2
0 105 104 107 81 80 83 1
0 104 108 107 80 84 83 1
0 106 86 109 82 62 85 2
0 107 108 110 83 84 86 1
0 107 110 111 83 86 87 1
0 109 86 112 85 62 88 2
0 111 110 113 87 86 89 1
0 110 114 113 86 90 89 1
0 112 86 115 88 62 91 2
0 113 114 116 89 90 92 1
0 113 116 117 89 92 93 1
0 115 86 118 91 62 94 2
0 117 116 119 93 92 95 1
0 116 120 119 92 96 95 1
0 118 86 85 94 62 61 2
0 119 120 121 95 96 97 1
0 119 121 122 95 97 97 1
0 123 124 125 98 99 100 1
0 126 127 128 101 102 103 1
0 129 125 130 104 100 105 1
0 131 132 127 106 107 102 1
0 133 130 134 108 105 109 1
0 135 136 132 110 111 107 1
0 137 134 138 112 109 113 1
0 139 140 136 114 115 111 1
0 141 138 142 116 113 117 1
0 143 144 140 118 119 115 1
0 145 142 146 120 117 121 1
0 147 148 144 122 123 119 1
0 124 149 150 99 124 125 1
0 124 150 125 99 125 100 1
0 125 150 130 100 125 105 1
0 150 151 130 125 126 105 1
0 130 151 152 105 126 127 1
0 130 152 134 105 127 109 1
0 134 152 138 109 127 113 1
0 152 153 138 127 128 113 1
0 138 153 154 113 128 129 1
0 138 154 142 113 129 117 1
0 142 154 146 117 129 121 1
0 154 155 146 129 130 121 1
0 149 156 150 124 131 125 1
0 156 157 150 131 132 125 1
0 150 157 158 125 132 133 1
0 150 158 151 125 133 126 1
0 151 158 152 126 133 127 1
0 158 159 152 133 134 127 1
0 152 159 160 127 134 135 1
0 152 160 153 127 135 128 1
0 153 160 154 128 135 129 1
0 160 161 154 135 136 129 1
0 154 161 162 129 136 137 1
0 154 162 155 129 137 130 1
0 156 163 164 131 138 139 1
0 156 164 157 131 139 132 1
0 157 164 158 132 139 133 1
0 164 165 158 139 140 133 1
0 158 165 166 133 140 141 1
0 158 166 159 133 141 134 1
0 159 166 160 134 141 135 1
0 166 167 160 141 142 135 1
0 160 167 168 135 142 143 1
0 160 168 161 135 143 136 1
0 161 168 162 136 143 137 1
0 168 169 162 143 144 137 1
0 163 128 164 138 103 139 1
0 128 127 164 103 102 139 1
0 164 127 132 139 102 107 1
0 164 132 165 139 107 140 1
0 165 132 166 140 107 141 1
0 132 136 166 107 111 141 1
0 166 136 140 141 111 115 1
0 166 140 167 141 115 142 1
0 167 140 168 142 115 143 1
0 140 144 168 115 119 143 1
0 168 144 148 143 119 123 1
0 168 148 169 143 123 144 1
0 170 171 172 145 146 147 2
0 173 170 174 148 149 150 1
0 170 175 174 149 151 150 1
0 172 171 176 147 146 152 2
0 174 175 177 150 151 153 1
0 174 177 178 150 153 154 1
0 176 171 179 152 146 155 2
0 178 177 180 154 153 156 1
0 177 181 180 153 157 156 1
0 179 171 182 155 146 158 2
0 180 181 183 156 157 159 1
0 180 183 184 156 159 160 1
0 182 171 185 158 146 161 2
0 184 183 186 160 159 162 1
0 183 187 186 159 163 162 1
0 185 171 188 161 146 145 2
0 186 187 189 162 163 164 1
0 186 189 190 162 164 165 1
0 188 171 191 145 146 166 2
0 190 189 192 165 164 167 1
0 189 193 192 164 168 167 1
0 191 171 194 166 146 169 2
0 192 193 195 167 168 170 1
0 192 195 196 167 170 171 1
0 194 171 197 169 146 172 2
0 196 195 198 171 170 173 1
0 195 199 198 170 174 173 1
0 197 171 200 172 146 175 2
0 198 199 201 173 174 176 1
0 198 201 202 173 176 177 1
0 200 171 203 175 146 178 2
0 202 201 204 177 176 179 1
0 201 205 204 176 180 179 1
0 203 171 170 178 146 145 2
0 204 205 206 179 180 181 1
0 204 206 207 179 181 182 1
0 208 209 210 183 183 183 1
0 209 211 210 183 183 183 1
0 212 213 214 184 184 184 2
0 213 215 214 184 184 184 2
0 216 217 218 185 185 185 1
0 217 219 218 185 185 185 1
0 220 221 222 186 186 186 2
0 221 223 222 186 186 186 2
0 220 224 214 0 0 0 3
0 224 225 214 0 0 0 3
0 226 221 227 187 187 187 3
0 221 215 227 187 187 187 3
0 228 229 230 188 188 188 1
0 228 231 229 188 188 188 1
0 232 233 234 189 189 189 2
0 232 235 233 189 189 189 2
0 236 237 238 190 190 190 1
0 236 239 237 190 190 190 1
0 240 241 242 191 191 191 2
0 240 243 241 191 191 191 2
0 232 244 242 0 0 0 3
0 232 245 244 0 0 0 3
0 246 241 247 187 187 187 3
0 246 235 241 187 187 187 3
0 248 249 250 192 192 192 1
0 249 251 250 192 192 192 1
0 252 253 254 193 193 193 2
0 253 255 254 193 193 193 2
0 256 257 258 194 194 194 1
0 257 259 258 194 194 194 1
0 260 261 262 195 195 195 2
0 261 263 262 195 195 195 2
0 260 264 254 0 0 0 3
0 264 265 254 0 0 0 3
0 266 261 267 187 187 187 3
0 261 255 267 187 187 187 3
0 268 269 270 196 197 198 1
0 269 271 270 197 199 198 1
0 269 272 273 197 200 201 1
0 269 273 271 197 201 199 1
0 272 274 273 200 202 201 1
0 274 275 273 202 203 201 1
0 274 276 277 202 204 205 1
0 274 277 275 202 205 203 1
0 270 271 278 198 199 206 1
0 270 278 279 198 206 207 1
0 271 273 278 199 201 206 1
0 273 280 278 201 208 206 1
0 273 275 281 201 203 209 1
0 273 281 280 201 209 208 1
0 275 277 281 203 205 209 1
0 277 282 281 205 210 209 1
0 279 278 283 207 206 211 1
0 278 284 283 206 212 211 1
0 278 280 285 206 208 213 1
0 278 285 284 206 213 212 1
0 280 281 285 208 209 213 1
0 281 286 285 209 214 213 1
0 281 282 287 209 210 215 1
0 281 287 286 209 215 214 1
0 283 284 288 211 212 216 1
0 283 288 289 211 216 217 1
0 284 285 288 212 213 216 1
0 285 290 288 213 218 216 1
0 285 286 291 213 214 219 1
0 285 291 290 213 219 218 1
0 286 287 291 214 215 219 1
0 287 292 291 215 220 219 1
0 289 288 293 217 216 221 1
0 288 294 293 216 222 221 1
0 288 290 295 216 218 223 1
0 288 295 294 216 223 222 1
0 290 291 295 218 219 223 1
0 291 296 295 219 224 223 1
0 291 292 297 219 220 225 1
0 291 297 296 219 225 224 1
0 293 294 298 221 222 226 1
0 293 298 299 221 226 227 1
0 294 295 298 222 223 226 1
0 295 300 298 223 228 226 1
0 295 296 301 223 224 229 1
0 295 301 300 223 229 228 1
0 296 297 301 224 225 229 1
0 297 302 301 225 230 229 1
0 299 298 303 227 226 231 1
0 298 304 303 226 232 231 1
0 298 300 305 226 228 233 1
0 298 305 304 226 233 232 1
0 300 301 305 228 229 233 1
0 301 306 305 229 234 233 1
0 301 302 307 229 230 235 1
0 301 307 306 229 235 234 1
0 303 304 308 231 232 236 1
0 303 308 309 231 236 237 1
0 304 305 308 232 233 236 1
0 305 310 308 233 238 236 1
0 305 306 311 233 234 239 1
0 305 311 310 233 239 238 1
0 306 307 311 234 235 239 1
0 307 312 311 235 240 239 1
0 309 308 313 237 236 241 1
0 308 314 313 236 242 241 1
0 308 310 315 236 238 243 1
0 308 315 314 236 243 242 1
0 310 311 315 238 239 243 1
0 311 316 315 239 244 243 1
0 311 312 317 239 240 245 1
0 311 317 316 239 245 244 1
0 313 314 318 241 242 246 1
0 313 318 319 241 246 247 1
0 314 315 318 242 243 246 1
0 315 320 318 243 248 246 1
0 315 316 321 243 244 249 1
0 315 321 320 243 249 248 1
0 316 317 321 244 245 249 1
0 317 322 321 245 250 249 1
0 319 318 323 247 246 251 1
0 318 324 323 246 252 251 1
0 318 320 325 246 248 253 1
0 318 325 324 246 253 252 1
0 320 321 325 248 249 253 1
0 321 326 325 249 254 253 1
0 321 322 327 249 250 255 1
0 321 327 326 249 255 254 1
0 323 324 328 251 252 256 1
0 323 328 329 251 256 257 1
0 324 325 328 252 253 256 1
0 325 330 328 253 258 256 1
0 325 326 331 253 254 259 1
0 325 331 330 253 259 258 1
0 326 327 331 254 255 259 1
0 327 332 331 255 260 259 1
0 333 334 335 261 262 262 1
0 334 336 335 262 263 262 1
0 337 338 339 264 265 265 2
0 338 340 339 265 266 265 2
0 341 342 343 267 268 268 1
0 342 344 343 268 269 268 1
0 345 346 347 270 271 271 2
0 346 348 347 271 272 271 2
0 345 349 339 273 273 273 3
0 349 350 339 273 273 273 3
0 351 346 352 274 274 274 3
0 346 340 352 274 274 274 3
0 353 354 355 275 275 276 1
0 353 356 354 275 263 275 1
0 357 358 359 277 277 278 2
0 357 360 358 277 279 277 2
0 361 362 363 280 280 281 1
0 361 364 362 280 269 280 1
0 365 366 367 282 282 283 2
0 365 368 366 282 284 282 2
0 357 369 367 285 285 285 3
0 357 370 369 285 285 285 3
0 371 366 372 274 274 274 3
0 371 360 366 274 274 274 3
0 373 374 375 4 4 4 1
0 374 376 375 4 4 4 1
0 377 378 379 286 286 286 2
0 378 380 379 286 286 286 2
0 381 382 383 10 10 10 1
0 382 384 383 10 10 10 1
0 385 386 387 7 7 7 2
0 386 388 387 7 7 7 2
0 385 389 379 0 0 0 3
0 389 390 379 0 0 0 3
0 391 386 392 187 187 187 3
0 386 380 392 187 187 187 3
0 393 394 395 4 4 4 1
0 394 396 395 4 4 4 1
0 397 398 399 287 287 287 2
0 398 400 399 287 287 287 2
0 401 402 403 10 10 10 1
0 402 404 403 10 10 10 1
0 405 406 407 288 288 288 2
0 406 408 407 288 288 288 2
0 405 409 399 0 0 0 3
0 409 410 399 0 0 0 3
0 411 406 412 187 187 187 3
0 406 400 412 187 187 187 3
0 413 414 415 4 4 4 1
0 414 416 415 4 4 4 1
0 417 418 419 289 289 289 2
0 418 420 419 289 289 289 2
0 421 422 423 10 10 10 1
0 422 424 423 10 10 10 1
0 425 426 427 290 290 290 2
0 426 428 427 290 290 290 2
0 425 429 419 0 0 0 3
0 429 430 419 0 0 0 3
0 431 426 432 187 187 187 3
0 426 420 432 187 187 187 3
0 433 434 435 4 4 4 1
0 434 436 435 4 4 4 1
0 437 438 439 286 286 286 2
0 438 440 439 286 286 286 2
0 441 442 443 10 10 10 1
0 442 444 443 10 10 10 1
0 445 446 447 291 291 291 2
0 446 448 447 291 291 291 2
0 445 449 439 292 292 292 3
0 449 450 439 292 292 292 3
0 451 446 452 187 187 187 3
0 446 440 452 187 187 187 3

Materials: 3
"red"
0.800000 0.800000 0.800000 1.000000
0.800000 0.800000 0.800000 1.000000
0.000000 0.000000 0.000000 1.000000
0.000000 0.000000 0.000000 1.000000
0.000000
1.000000
".\builds2.bmp"
""
"black"
0.800000 0.800000 0.800000 1.000000
0.800000 0.800000 0.800000 1.000000
0.000000 0.000000 0.000000 1.000000
0.000000 0.000000 0.000000 1.000000
0.000000
1.000000
".\builds1.bmp"
""
"chrome"
0.800000 0.800000 0.800000 1.000000
0.800000 0.800000 0.800000 1.000000
0.500000 0.500000 0.500000 1.000000
0.000000 0.000000 0.000000 1.000000
8.000000
1.000000
".\builds1.bmp"
""

Bones: 0
GroupComments: 0
MaterialComments: 0
BoneComments: 0
ModelComment: 0
