// MilkShape 3D ASCII

Frames: 30
Frame: 1

Meshes: 1
"Box01" 1 0
20
1 -7.250000 -1.347558 6.442602 0.000000 0.000000 -1
1 3.750000 -2.064698 -8.735500 0.000000 1.000000 -1
1 7.250000 -1.347558 6.442602 1.000000 0.000000 -1
1 18.250000 -2.064698 -8.735500 1.000000 1.000000 -1
1 7.250000 -1.347558 6.442602 0.000000 0.000000 -1
1 18.250000 -2.064698 -8.735500 0.000000 1.000000 -1
1 7.250000 0.755365 3.888503 1.000000 0.000000 -1
1 7.250000 2.156894 -12.726004 1.000000 1.000000 -1
1 7.250000 0.755365 3.888503 0.000000 0.000000 -1
1 7.250000 2.156894 -12.726004 0.000000 1.000000 -1
1 -7.250000 0.755365 3.888503 1.000000 0.000000 -1
1 -7.250000 2.156894 -12.726004 1.000000 1.000000 -1
1 -7.250000 0.755365 3.888503 0.000000 0.000000 -1
1 -7.250000 2.156894 -12.726004 0.000000 1.000000 -1
1 -7.250000 -1.347558 6.442602 1.000000 0.000000 -1
1 3.750000 -2.064698 -8.735500 1.000000 1.000000 -1
1 -7.250000 -1.347558 6.442602 0.000000 1.000000 -1
1 7.250000 -1.347558 6.442602 1.000000 1.000000 -1
1 3.750000 -2.064698 -8.735500 0.000000 0.000000 -1
1 18.250000 -2.064698 -8.735500 1.000000 0.000000 -1
10
0.000000 -0.998886 0.047196
0.679983 0.566050 0.466058
0.534127 0.794893 0.287844
0.331971 0.939951 0.079290
0.000000 0.996461 0.084057
-1.000000 0.000000 0.000000
-0.805632 -0.582757 -0.106541
-0.298085 -0.938976 -0.171666
0.000000 0.771997 0.635626
0.000000 -0.686937 -0.726717
12
1 0 1 2 0 0 0 1
1 1 3 2 0 0 0 1
1 4 5 6 1 2 2 2
1 5 7 6 2 3 2 2
1 8 9 10 4 4 4 1
1 9 11 10 4 4 4 1
1 12 13 14 5 6 6 2
1 13 15 14 6 7 6 2
1 12 16 6 8 8 8 3
1 16 17 6 8 8 8 3
1 18 13 19 9 9 9 3
1 13 7 19 9 9 9 3

Materials: 1
"Material01"
0.200000 0.200000 0.200000 1.000000
1.000000 1.000000 1.000000 1.000000
0.000000 0.000000 0.000000 1.000000
0.000000 0.000000 0.000000 1.000000
0.000000
1.000000
"sphere_olive.bmp"
""

Bones: 0
GroupComments: 0
MaterialComments: 0
BoneComments: 0
ModelComment: 0
