// MilkShape 3D ASCII

Frames: 30
Frame: 1

Meshes: 1
"Cylinder01" 1 0
27
1 7.250000 0.320569 1.865151 0.000000 0.000000 -1
1 3.625000 5.200024 5.816456 0.000000 0.000000 -1
1 0.000000 0.320569 1.865151 0.000000 0.000000 -1
1 7.250000 2.179430 -0.430352 0.000000 0.000000 -1
1 0.000000 2.179430 -0.430352 0.000000 0.000000 -1
1 3.625000 7.058884 3.520952 0.000000 0.000000 -1
1 7.250000 0.320569 1.865151 0.000000 1.000000 -1
1 3.625000 5.200024 5.816456 0.166667 1.000000 -1
1 3.625000 7.058884 3.520952 0.166667 0.000000 -1
1 -3.625000 5.200024 5.816456 0.000000 0.000000 -1
1 -3.625000 7.058884 3.520952 0.000000 0.000000 -1
1 -3.625000 7.058884 3.520952 0.333333 0.000000 -1
1 -3.625000 5.200024 5.816456 0.333333 1.000000 -1
1 -7.250000 0.320569 1.865151 0.000000 0.000000 -1
1 -7.250000 2.179430 -0.430352 0.000000 0.000000 -1
1 -7.250000 0.320569 1.865151 0.500000 1.000000 -1
1 -7.250000 2.179430 -0.430352 0.500000 0.000000 -1
1 -3.625000 -4.558886 -2.086154 0.000000 0.000000 -1
1 -3.625000 -2.700025 -4.381658 0.000000 0.000000 -1
1 -3.625000 -2.700025 -4.381658 0.666667 0.000000 -1
1 -3.625000 -4.558886 -2.086154 0.666667 1.000000 -1
1 3.625000 -4.558886 -2.086154 0.000000 0.000000 -1
1 3.625000 -2.700025 -4.381658 0.000000 0.000000 -1
1 3.625000 -4.558886 -2.086154 0.833333 1.000000 -1
1 3.625000 -2.700025 -4.381658 0.833333 0.000000 -1
1 7.250000 2.179430 -0.430352 1.000000 0.000000 -1
1 7.250000 0.320569 1.865151 1.000000 1.000000 -1
16
0.000000 -0.629320 0.777146
0.000000 -0.629320 0.777146
0.000000 0.629321 -0.777146
1.000000 -0.000000 -0.000000
1.000000 0.000000 0.000000
0.500000 0.673028 0.545007
0.500000 0.673028 0.545007
-0.500000 0.673028 0.545007
-0.500000 0.673028 0.545007
-1.000000 0.000000 0.000000
-1.000000 0.000000 0.000000
0.000000 0.629320 -0.777146
-0.500000 -0.673028 -0.545007
-0.500000 -0.673028 -0.545007
0.500000 -0.673028 -0.545007
0.500000 -0.673028 -0.545007
24
1 0 1 2 0 1 1 2
1 3 4 5 2 2 2 2
1 6 3 7 3 4 5 1
1 3 8 7 4 6 5 1
1 1 9 2 1 1 1 2
1 5 4 10 2 2 2 2
1 7 8 11 5 6 7 1
1 7 11 12 5 7 8 1
1 9 13 2 1 0 1 2
1 10 4 14 2 2 2 2
1 12 11 15 8 7 9 1
1 11 16 15 7 10 9 1
1 13 17 2 0 0 1 2
1 14 4 18 2 2 11 2
1 15 16 19 9 10 12 1
1 15 19 20 9 12 13 1
1 17 21 2 0 0 1 2
1 18 4 22 11 2 11 2
1 20 19 23 13 12 14 1
1 19 24 23 12 15 14 1
1 21 0 2 0 0 1 2
1 22 4 3 11 2 2 2
1 23 24 25 14 15 4 1
1 23 25 26 14 4 3 1

Materials: 1
"Material01"
0.200000 0.200000 0.200000 1.000000
0.752941 0.752941 0.752941 1.000000
0.000000 0.000000 0.000000 1.000000
0.250980 0.000000 0.000000 1.000000
0.000000
1.000000
"sphere_olive.bmp"
""

Bones: 0
GroupComments: 0
MaterialComments: 0
BoneComments: 0
ModelComment: 0
