// MilkShape 3D ASCII

Frames: 30
Frame: 1

Meshes: 1
"lighthouse" 1 1
51
1 10.302713 -6.364929 0.000001 0.002259 0.165405 -1
1 8.335068 -6.364868 -6.055795 0.002259 0.051967 -1
1 -0.000001 -1.141495 0.000001 0.236700 0.108686 -1
1 8.335068 -6.364868 -6.055795 0.002261 0.165404 -1
1 3.183712 -6.364868 -9.798473 0.002261 0.051967 -1
1 3.183712 -6.364868 -9.798473 0.235630 0.111110 -1
1 -3.183716 -6.364868 -9.798473 0.235630 -0.002327 -1
1 -0.000001 -1.141495 0.000001 0.001189 0.054392 -1
1 -3.183716 -6.364868 -9.798473 0.000775 0.165403 -1
1 -8.335072 -6.364868 -6.055795 0.000775 0.051966 -1
1 -0.000001 -1.141495 0.000001 0.235216 0.108684 -1
1 -8.335072 -6.364868 -6.055795 0.000777 0.165405 -1
1 -10.302713 -6.364929 0.000001 0.000777 0.051968 -1
1 -10.302713 -6.364929 0.000001 0.235633 0.111111 -1
1 -8.335071 -6.364868 6.055821 0.235633 -0.002327 -1
1 -8.335071 -6.364868 6.055821 0.235631 0.111110 -1
1 -3.183713 -6.364899 9.798473 0.235631 -0.002327 -1
1 -3.183713 -6.364899 9.798473 0.000776 0.165404 -1
1 3.183713 -6.364899 9.798473 0.000776 0.051966 -1
1 3.183713 -6.364899 9.798473 0.235631 0.111110 -1
1 8.335070 -6.364868 6.055774 0.235631 -0.002327 -1
1 8.335070 -6.364868 6.055774 0.235629 0.111111 -1
1 10.302713 -6.364929 0.000001 0.235629 -0.002325 -1
1 3.183713 -6.364899 9.798473 0.015704 1.001342 -1
1 -3.183713 -6.364899 9.798473 0.007095 1.001342 -1
1 -8.335071 -6.364868 6.055821 0.000130 0.970611 -1
1 -10.302713 -6.364929 0.000001 -0.002530 0.920890 -1
1 -8.335072 -6.364868 -6.055795 0.000130 0.871169 -1
1 -3.183716 -6.364868 -9.798473 0.007095 0.840438 -1
1 3.183712 -6.364868 -9.798473 0.015704 0.840438 -1
1 8.335068 -6.364868 -6.055795 0.022668 0.871169 -1
1 10.302713 -6.364929 0.000001 0.025329 0.920890 -1
1 8.335070 -6.364868 6.055774 0.022668 0.970611 -1
1 0.404351 -1.454712 0.001279 0.331701 0.642940 -1
1 -0.181427 -1.454758 -0.336952 0.338161 0.642940 -1
1 -0.101917 6.364929 -0.199195 0.338161 0.519698 -1
1 0.245329 6.364899 0.001272 0.331701 0.519698 -1
1 -0.181427 -1.454758 -0.336952 0.331701 0.642940 -1
1 -0.181427 -1.454742 0.339491 0.338161 0.642940 -1
1 -0.101917 6.364929 0.201745 0.338161 0.519698 -1
1 -0.101917 6.364929 -0.199195 0.331701 0.519698 -1
1 -0.181427 -1.454742 0.339491 0.331701 0.642940 -1
1 0.404351 -1.454712 0.001279 0.338161 0.642940 -1
1 0.245329 6.364899 0.001272 0.338161 0.519698 -1
1 -0.101917 6.364929 0.201745 0.331701 0.519698 -1
1 -0.181427 -1.454742 0.339491 0.172180 0.353356 -1
1 -0.181427 -1.454758 -0.336952 0.141234 0.353356 -1
1 0.404351 -1.454712 0.001279 0.156707 0.330519 -1
1 0.245329 6.364899 0.001272 0.156707 0.330519 -1
1 -0.101917 6.364929 -0.199195 0.141234 0.353356 -1
1 -0.101917 6.364929 0.201745 0.172180 0.353356 -1
34
0.447396 0.882444 -0.145359
0.365835 0.891920 -0.265789
0.276503 0.882446 -0.380573
0.000000 0.882446 -0.470414
0.000001 0.991428 0.130653
-0.276503 0.882446 -0.380573
-0.263707 0.964391 -0.020223
-0.447396 0.882444 -0.145358
-0.447396 0.882444 0.145358
-0.276498 0.882445 0.380577
0.000000 0.882445 0.470417
0.276501 0.882445 0.380576
0.447396 0.882444 0.145359
0.000005 -1.000000 0.000003
0.000000 -1.000000 -0.000008
0.000006 -1.000000 -0.000002
0.000031 -1.000000 -0.000000
0.000007 -1.000000 -0.000001
0.000000 -1.000000 0.000000
0.000003 -1.000000 -0.000006
0.000010 -1.000000 -0.000013
0.000004 -1.000000 -0.000000
0.000017 -1.000000 0.000016
0.499977 0.010169 -0.865979
0.500009 0.010171 -0.865961
0.499946 0.010166 -0.865997
-0.999948 0.010167 -0.000000
-0.999948 0.010167 -0.000000
-0.999948 0.010167 0.000000
0.499973 0.010170 0.865982
0.499988 0.010169 0.865973
0.499957 0.010171 0.865991
0.000065 -1.000000 0.000024
0.000087 1.000000 0.000000
26
1 0 1 2 0 0 1 0
1 3 4 2 2 2 1 0
1 5 6 7 3 3 4 0
1 8 9 10 5 5 6 0
1 11 12 10 7 7 6 0
1 13 14 7 8 8 4 0
1 15 16 7 9 9 4 0
1 17 18 10 10 10 6 0
1 19 20 7 11 11 4 0
1 21 22 7 12 12 4 0
1 23 24 25 13 14 15 0
1 25 26 27 15 16 17 0
1 27 28 29 17 18 19 0
1 29 30 31 19 20 21 0
1 27 29 31 17 19 21 0
1 25 27 31 15 17 21 0
1 23 25 31 13 15 21 0
1 32 23 31 22 13 21 0
1 33 34 35 23 24 23 0
1 35 36 33 23 25 23 0
1 37 38 39 26 27 26 0
1 39 40 37 26 28 26 0
1 41 42 43 29 30 29 0
1 43 44 41 29 31 29 0
1 45 46 47 32 32 32 0
1 48 49 50 33 33 33 0

Materials: 2
"lighthouse"
1.000000 1.000000 1.000000 1.000000
1.000000 1.000000 1.000000 1.000000
0.000000 0.000000 0.000000 1.000000
0.000000 0.000000 0.000000 1.000000
0.000000
1.000000
".\lighthouse.bmp"
""
"glass"
1.000000 1.000000 1.000000 1.000000
1.000000 1.000000 1.000000 1.000000
0.000000 0.000000 0.000000 1.000000
0.125490 0.125490 0.125490 1.000000
0.000000
1.000000
"lighthouse.png"
""

Bones: 0
GroupComments: 0
MaterialComments: 0
BoneComments: 0
ModelComment: 0
