// MilkShape 3D ASCII

Frames: 30
Frame: 1

Meshes: 17
"Cylinder03" 0 1
24
0 -59.999985 0.000000 0.000003 0.003462 0.717029 -1
0 -39.606426 13.250000 -0.000000 0.099169 0.717029 -1
0 -28.005972 13.250000 -28.005968 0.153611 0.585307 -1
0 -42.426395 0.000000 -42.426392 0.085935 0.517489 -1
0 -29.114367 33.250000 0.000002 0.146389 0.716964 -1
0 -20.586962 33.250000 -20.586958 0.187035 0.618433 -1
0 -0.000003 0.000000 -59.999985 0.285042 0.434836 -1
0 0.000000 13.250000 -39.606426 0.285042 0.530760 -1
0 -0.000002 33.250000 -29.114367 0.285163 0.577621 -1
0 28.005968 13.250000 -28.005972 0.416478 0.585307 -1
0 42.426392 0.000000 -42.426395 0.484154 0.517489 -1
0 20.586958 33.250000 -20.586962 0.383294 0.618433 -1
0 59.999985 0.000000 -0.000003 0.566628 0.717029 -1
0 39.606426 13.250000 0.000000 0.470920 0.717029 -1
0 29.114367 33.250000 -0.000002 0.423941 0.716964 -1
0 28.005972 13.250000 28.005968 0.416478 0.848738 -1
0 42.426395 0.000000 42.426392 0.484154 0.916559 -1
0 20.586962 33.250000 20.586958 0.383294 0.815488 -1
0 0.000003 0.000000 59.999985 0.285042 0.999206 -1
0 -0.000000 13.250000 39.606426 0.285042 0.903291 -1
0 0.000002 33.250000 29.114367 0.285163 0.856300 -1
0 -28.005968 13.250000 28.005972 0.153611 0.848738 -1
0 -42.426392 0.000000 42.426395 0.085935 0.916559 -1
0 -20.586958 33.250000 20.586962 0.187035 0.815488 -1
24
-0.544820 0.838553 0.000000
-0.735845 0.677150 0.000000
-0.520321 0.677150 -0.520321
-0.385246 0.838553 -0.385246
-0.885543 0.464558 0.000000
-0.626173 0.464558 -0.626173
-0.000000 0.838553 -0.544820
-0.000000 0.677150 -0.735845
-0.000000 0.464558 -0.885543
0.520321 0.677150 -0.520321
0.385246 0.838553 -0.385246
0.626173 0.464558 -0.626173
0.544820 0.838553 -0.000000
0.735845 0.677150 -0.000000
0.885543 0.464558 -0.000000
0.520321 0.677150 0.520321
0.385246 0.838553 0.385246
0.626173 0.464558 0.626173
0.000000 0.838553 0.544820
0.000000 0.677150 0.735845
0.000000 0.464558 0.885543
-0.520321 0.677150 0.520321
-0.385246 0.838553 0.385246
-0.626173 0.464558 0.626173
32
0 0 1 2 0 1 2 1
0 0 2 3 0 2 3 1
0 1 4 2 1 4 2 1
0 4 5 2 4 5 2 1
0 3 2 6 3 2 6 1
0 2 7 6 2 7 6 1
0 2 5 8 2 5 8 1
0 2 8 7 2 8 7 1
0 6 7 9 6 7 9 1
0 6 9 10 6 9 10 1
0 7 8 9 7 8 9 1
0 8 11 9 8 11 9 1
0 10 9 12 10 9 12 1
0 9 13 12 9 13 12 1
0 9 11 14 9 11 14 1
0 9 14 13 9 14 13 1
0 12 13 15 12 13 15 1
0 12 15 16 12 15 16 1
0 13 14 15 13 14 15 1
0 14 17 15 14 17 15 1
0 16 15 18 16 15 18 1
0 15 19 18 15 19 18 1
0 15 17 20 15 17 20 1
0 15 20 19 15 20 19 1
0 18 19 21 18 19 21 1
0 18 21 22 18 21 22 1
0 19 20 21 19 20 21 1
0 20 23 21 20 23 21 1
0 22 21 0 22 21 0 1
0 21 1 0 21 1 0 1
0 21 23 4 21 23 4 1
0 21 4 1 21 4 1 1
"Cylinder04" 0 1
18
0 -33.249992 33.250000 0.000001 0.645851 0.486903 -1
0 -23.511295 33.250000 -23.511293 0.783866 0.486903 -1
0 0.000000 33.250000 0.000000 0.645851 0.486903 -1
0 -33.249992 52.250000 0.000001 0.645851 0.376361 -1
0 0.000000 52.250000 0.000000 0.645851 0.376361 -1
0 -23.511295 52.250000 -23.511293 0.783866 0.376361 -1
0 -0.000001 33.250000 -33.249992 0.841033 0.486903 -1
0 -0.000001 52.250000 -33.249992 0.841033 0.376361 -1
0 23.511293 33.250000 -23.511295 0.783866 0.486903 -1
0 23.511293 52.250000 -23.511295 0.783866 0.376361 -1
0 33.249992 33.250000 -0.000001 0.645851 0.486903 -1
0 33.249992 52.250000 -0.000001 0.645851 0.376361 -1
0 23.511295 33.250000 23.511293 0.507836 0.486903 -1
0 23.511295 52.250000 23.511293 0.507836 0.376361 -1
0 0.000001 33.250000 33.249992 0.450669 0.486903 -1
0 0.000001 52.250000 33.249992 0.450669 0.376361 -1
0 -23.511293 33.250000 23.511295 0.507836 0.486903 -1
0 -23.511293 52.250000 23.511295 0.507836 0.376361 -1
10
0.000000 -1.000000 0.000000
0.000000 1.000000 0.000000
-1.000000 0.000000 0.000000
-0.707107 0.000000 -0.707107
-0.000000 0.000000 -1.000000
0.707107 0.000000 -0.707107
1.000000 0.000000 -0.000000
0.707107 0.000000 0.707107
0.000000 0.000000 1.000000
-0.707107 0.000000 0.707107
32
0 0 1 2 0 0 0 2
0 3 4 5 1 1 1 2
0 0 3 1 2 2 3 1
0 3 5 1 2 3 3 1
0 1 6 2 0 0 0 2
0 5 4 7 1 1 1 2
0 1 5 7 3 3 4 1
0 1 7 6 3 4 4 1
0 6 8 2 0 0 0 2
0 7 4 9 1 1 1 2
0 6 7 8 4 4 5 1
0 7 9 8 4 5 5 1
0 8 10 2 0 0 0 2
0 9 4 11 1 1 1 2
0 8 9 11 5 5 6 1
0 8 11 10 5 6 6 1
0 10 12 2 0 0 0 2
0 11 4 13 1 1 1 2
0 10 11 12 6 6 7 1
0 11 13 12 6 7 7 1
0 12 14 2 0 0 0 2
0 13 4 15 1 1 1 2
0 12 13 15 7 7 8 1
0 12 15 14 7 8 8 1
0 14 16 2 0 0 0 2
0 15 4 17 1 1 1 2
0 14 15 16 8 8 9 1
0 15 17 16 8 9 9 1
0 16 0 2 0 0 0 2
0 17 4 3 1 1 1 2
0 16 17 3 9 9 2 1
0 16 3 0 9 2 2 1
"turretbase" 0 0
38
0 -29.374994 55.500000 0.125000 0.000000 0.000000 -1
0 0.000000 55.500000 0.125000 0.000000 0.000000 -1
0 -25.439491 55.500000 -14.562493 0.000000 0.000000 -1
0 -29.374994 52.500000 0.125000 0.000000 1.000000 -1
0 -25.439491 52.500000 -14.562493 0.083333 1.000000 -1
0 -25.439491 55.500000 -14.562493 0.083333 0.000000 -1
0 -14.687497 55.500000 -25.314487 0.000000 0.000000 -1
0 -14.687497 55.500000 -25.314487 0.166667 0.000000 -1
0 -14.687497 52.500000 -25.314487 0.166667 1.000000 -1
0 -0.000001 55.500000 -29.249994 0.000000 0.000000 -1
0 -0.000001 52.500000 -29.249994 0.250000 1.000000 -1
0 -0.000001 55.500000 -29.249994 0.250000 0.000000 -1
0 14.687493 55.500000 -25.314489 0.000000 0.000000 -1
0 14.687493 55.500000 -25.314489 0.333333 0.000000 -1
0 14.687493 52.500000 -25.314489 0.333333 1.000000 -1
0 25.439487 55.500000 -14.562498 0.000000 0.000000 -1
0 25.439487 52.500000 -14.562498 0.416667 1.000000 -1
0 25.439487 55.500000 -14.562498 0.416667 0.000000 -1
0 29.374992 55.500000 0.124999 0.000000 0.000000 -1
0 29.374992 55.500000 0.124999 0.500000 0.000000 -1
0 29.374992 52.500000 0.124999 0.500000 1.000000 -1
0 25.439489 55.500000 14.812493 0.000000 0.000000 -1
0 25.439489 52.500000 14.812493 0.583333 1.000000 -1
0 25.439489 55.500000 14.812493 0.583333 0.000000 -1
0 14.687498 55.500000 25.564487 0.000000 0.000000 -1
0 14.687498 55.500000 25.564487 0.666667 0.000000 -1
0 14.687498 52.500000 25.564487 0.666667 1.000000 -1
0 0.000000 55.500000 29.499992 0.000000 0.000000 -1
0 0.000000 52.500000 29.499992 0.750000 1.000000 -1
0 0.000000 55.500000 29.499992 0.750000 0.000000 -1
0 -14.687494 55.500000 25.564489 0.000000 0.000000 -1
0 -14.687494 55.500000 25.564489 0.833333 0.000000 -1
0 -14.687494 52.500000 25.564489 0.833333 1.000000 -1
0 -25.439489 55.500000 14.812498 0.000000 0.000000 -1
0 -25.439489 52.500000 14.812498 0.916667 1.000000 -1
0 -25.439489 55.500000 14.812498 0.916667 0.000000 -1
0 -29.374994 55.500000 0.125000 1.000000 0.000000 -1
0 -29.374994 52.500000 0.125000 1.000000 1.000000 -1
14
0.000000 1.000000 0.000000
-1.000000 0.000000 0.000000
-0.866025 0.000000 -0.500000
-0.500000 0.000000 -0.866025
-0.000000 0.000000 -1.000000
0.500000 0.000000 -0.866025
0.866025 0.000000 -0.500000
1.000000 0.000000 -0.000000
0.866025 0.000000 0.500000
0.500000 0.000000 0.866025
0.000000 0.000000 1.000000
-0.500000 0.000000 0.866025
-0.500000 0.000000 0.866025
-0.866025 0.000000 0.500000
36
0 0 1 2 0 0 0 2
0 3 0 4 1 1 2 1
0 0 5 4 1 2 2 1
0 2 1 6 0 0 0 2
0 4 5 7 2 2 3 1
0 4 7 8 2 3 3 1
0 6 1 9 0 0 0 2
0 8 7 10 3 3 4 1
0 7 11 10 3 4 4 1
0 9 1 12 0 0 0 2
0 10 11 13 4 4 5 1
0 10 13 14 4 5 5 1
0 12 1 15 0 0 0 2
0 14 13 16 5 5 6 1
0 13 17 16 5 6 6 1
0 15 1 18 0 0 0 2
0 16 17 19 6 6 7 1
0 16 19 20 6 7 7 1
0 18 1 21 0 0 0 2
0 20 19 22 7 7 8 1
0 19 23 22 7 8 8 1
0 21 1 24 0 0 0 2
0 22 23 25 8 8 9 1
0 22 25 26 8 9 9 1
0 24 1 27 0 0 0 2
0 26 25 28 9 9 10 1
0 25 29 28 9 10 10 1
0 27 1 30 0 0 0 2
0 28 29 31 10 10 11 1
0 28 31 32 10 11 12 1
0 30 1 33 0 0 0 2
0 32 31 34 12 11 13 1
0 31 35 34 11 13 13 1
0 33 1 0 0 0 0 2
0 34 35 36 13 13 1 1
0 34 36 37 13 1 1 1
"turretsupport" 0 1
16
0 23.861595 109.026985 14.856103 0.555584 0.044670 -1
0 14.638396 109.026985 14.856103 0.555584 0.044670 -1
0 23.861595 61.473015 14.856103 0.555584 0.323940 -1
0 14.638396 61.473015 14.856103 0.555584 0.323940 -1
0 14.638396 55.518887 8.901978 0.591399 0.358908 -1
0 23.861597 55.518887 8.901979 0.591398 0.358908 -1
0 23.861591 55.518887 -9.151981 0.699996 0.358908 -1
0 14.638396 55.518887 -9.151979 0.699996 0.358908 -1
0 14.638396 61.473015 -15.106105 0.735811 0.323940 -1
0 23.861593 61.473015 -15.106107 0.735811 0.323940 -1
0 23.861593 109.026985 -15.106107 0.735811 0.044670 -1
0 14.638396 109.026985 -15.106105 0.735811 0.044670 -1
0 14.638396 114.981117 -9.151979 0.699996 0.009703 -1
0 23.861591 114.981117 -9.151981 0.699996 0.009703 -1
0 23.861597 114.981117 8.901979 0.591398 0.009703 -1
0 14.638396 114.981117 8.901978 0.591399 0.009703 -1
16
0.851455 0.200690 0.484508
-0.630262 0.297108 0.717284
0.630262 -0.297108 0.717284
-0.851455 -0.200690 0.484508
-0.261204 -0.891806 0.369398
0.475963 -0.812520 0.336557
0.475963 -0.812520 -0.336557
-0.734510 -0.626943 -0.259688
-0.630263 -0.297108 -0.717284
0.851455 -0.200690 -0.484508
0.630262 0.297108 -0.717284
-0.851455 0.200690 -0.484508
-0.261204 0.891806 -0.369398
0.475963 0.812520 -0.336557
0.475963 0.812520 0.336557
-0.734510 0.626943 0.259688
28
0 0 1 2 0 1 2 1
0 1 3 2 1 3 2 1
0 2 3 4 2 3 4 1
0 2 4 5 2 4 5 1
0 5 4 6 5 4 6 1
0 4 7 6 4 7 6 1
0 6 7 8 6 7 8 1
0 6 8 9 6 8 9 1
0 9 8 10 9 8 10 1
0 8 11 10 8 11 10 1
0 10 11 12 10 11 12 1
0 10 12 13 10 12 13 1
0 13 12 14 13 12 14 1
0 12 15 14 12 15 14 1
0 14 15 1 14 15 1 1
0 14 1 0 14 1 0 1
0 13 14 10 13 14 10 1
0 10 14 0 10 14 0 1
0 10 0 9 10 0 9 1
0 9 0 2 9 0 2 1
0 9 2 6 9 2 6 1
0 6 2 5 6 2 5 1
0 15 12 11 15 12 11 1
0 15 11 1 15 11 1 1
0 1 11 8 1 11 8 1
0 1 8 3 1 8 3 1
0 3 8 7 3 8 7 1
0 3 7 4 3 7 4 1
"turretsupport" 0 0
13
0 14.749997 63.750000 17.749996 0.000000 1.000000 -1
0 14.749998 63.750000 -17.249998 0.000000 0.000000 -1
0 5.236864 55.500000 17.749996 0.333333 1.000000 -1
0 5.236864 55.500000 -17.249996 0.333333 0.000000 -1
0 14.763134 55.499996 -17.249996 0.666667 0.000000 -1
0 14.763136 55.499996 17.749996 0.666667 1.000000 -1
0 14.749997 63.750000 17.749996 1.000000 1.000000 -1
0 14.749998 63.750000 -17.249998 1.000000 0.000000 -1
0 14.749997 63.750000 17.749996 0.000000 0.000000 -1
0 5.236864 55.500000 17.749996 0.000000 0.000000 -1
0 14.763136 55.499996 17.749996 0.000000 0.000000 -1
0 14.763134 55.499996 -17.249996 0.000000 0.000000 -1
0 5.236864 55.500000 -17.249996 0.000000 0.000000 -1
6
0.731043 0.412408 0.543596
-0.168700 0.822219 -0.543596
-0.762116 -0.284432 0.581616
-0.536910 -0.200382 -0.819497
0.667138 -0.666077 -0.333570
0.577656 -0.576737 0.577657
8
0 0 1 2 0 1 2 1
0 1 3 2 1 3 2 1
0 2 3 4 2 3 4 1
0 2 4 5 2 4 5 1
0 5 4 6 5 4 0 1
0 4 7 6 4 1 0 1
0 8 9 10 0 2 5 1
0 1 11 12 1 4 3 1
"gunmissiletube" 0 1
36
0 -3.237073 99.568657 53.986103 0.156632 0.125387 -1
0 -5.693660 97.112068 53.986095 0.156632 0.125387 -1
0 -1.499996 95.375000 55.208321 0.156632 0.125387 -1
0 -3.237073 99.568657 53.986103 0.295325 0.126657 -1
0 -3.987443 101.380211 49.416653 0.225979 0.126022 -1
0 -7.505211 97.862442 49.416656 0.226041 0.118623 -1
0 -5.693660 97.112068 53.986095 0.295388 0.119258 -1
0 -3.987442 101.380211 6.236110 0.156632 0.125387 -1
0 -7.505213 97.862442 6.236110 0.156695 0.117988 -1
0 -5.693664 93.637932 53.986103 0.156632 0.125387 -1
0 -5.693664 93.637932 53.986103 0.295451 0.111858 -1
0 -7.505211 92.887558 49.416656 0.226105 0.111223 -1
0 -7.505214 92.887558 6.236109 0.156757 0.110588 -1
0 -3.237069 91.181343 53.986099 0.156632 0.125387 -1
0 -3.987436 89.369781 49.416653 0.226168 0.103823 -1
0 -3.237069 91.181343 53.986099 0.295514 0.104459 -1
0 -3.987439 89.369781 6.236109 0.156821 0.103188 -1
0 0.237078 91.181343 53.986099 0.156632 0.125387 -1
0 0.237078 91.181343 53.986099 0.295577 0.097060 -1
0 0.987446 89.369789 49.416656 0.226230 0.096424 -1
0 0.987443 89.369789 6.236109 0.156884 0.095789 -1
0 2.693670 93.637932 53.986099 0.156632 0.125387 -1
0 4.505218 92.887558 49.416656 0.226293 0.089025 -1
0 2.693670 93.637932 53.986099 0.295639 0.089660 -1
0 4.505214 92.887558 6.236109 0.156946 0.088390 -1
0 2.693670 97.112068 53.986099 0.156632 0.125387 -1
0 2.693670 97.112068 53.986099 0.295702 0.082260 -1
0 4.505218 97.862442 49.416656 0.226356 0.081625 -1
0 4.505216 97.862442 6.236110 0.157009 0.080990 -1
0 0.237078 99.568657 53.986099 0.156632 0.125387 -1
0 0.987446 101.380219 49.416653 0.226419 0.074226 -1
0 0.237078 99.568657 53.986099 0.295765 0.074861 -1
0 0.987441 101.380219 6.236110 0.157072 0.073591 -1
0 -3.237073 99.568657 53.986103 0.295828 0.067461 -1
0 -3.987443 101.380211 49.416653 0.226482 0.066826 -1
0 -3.987442 101.380211 6.236110 0.157135 0.066191 -1
33
-0.099498 0.240208 0.965609
-0.240209 0.099498 0.965608
0.000000 -0.000000 1.000000
-0.351673 0.849012 0.394341
-0.374760 0.904748 0.202449
-0.904748 0.374759 0.202449
-0.849012 0.351673 0.394341
-0.382684 0.923879 0.000000
-0.923879 0.382684 0.000000
-0.240208 -0.099497 0.965609
-0.849013 -0.351672 0.394340
-0.904749 -0.374759 0.202449
-0.923880 -0.382683 0.000000
-0.099497 -0.240209 0.965609
-0.374759 -0.904749 0.202450
-0.351672 -0.849012 0.394341
-0.382683 -0.923880 0.000000
0.099498 -0.240209 0.965609
0.351673 -0.849012 0.394341
0.374760 -0.904748 0.202449
0.382684 -0.923879 -0.000000
0.240208 -0.099498 0.965609
0.904748 -0.374759 0.202449
0.849013 -0.351673 0.394340
0.923879 -0.382684 -0.000000
0.240208 0.099498 0.965609
0.849013 0.351672 0.394340
0.904749 0.374759 0.202449
0.923880 0.382683 -0.000000
0.099498 0.240208 0.965609
0.374759 0.904749 0.202450
0.351672 0.849012 0.394341
0.382683 0.923880 -0.000000
40
0 0 1 2 0 1 2 2
0 3 4 5 3 4 5 1
0 3 5 6 3 5 6 1
0 4 7 5 4 7 5 1
0 7 8 5 7 8 5 1
0 1 9 2 1 9 2 2
0 6 5 10 6 5 10 1
0 5 11 10 5 11 10 1
0 5 8 12 5 8 12 1
0 5 12 11 5 12 11 1
0 9 13 2 9 13 2 2
0 10 11 14 10 11 14 1
0 10 14 15 10 14 15 1
0 11 12 14 11 12 14 1
0 12 16 14 12 16 14 1
0 13 17 2 13 17 2 2
0 15 14 18 15 14 18 1
0 14 19 18 14 19 18 1
0 14 16 20 14 16 20 1
0 14 20 19 14 20 19 1
0 17 21 2 17 21 2 2
0 18 19 22 18 19 22 1
0 18 22 23 18 22 23 1
0 19 20 22 19 20 22 1
0 20 24 22 20 24 22 1
0 21 25 2 21 25 2 2
0 23 22 26 23 22 26 1
0 22 27 26 22 27 26 1
0 22 24 28 22 24 28 1
0 22 28 27 22 28 27 1
0 25 29 2 25 29 2 2
0 26 27 30 26 27 30 1
0 26 30 31 26 30 31 1
0 27 28 30 27 28 30 1
0 28 32 30 28 32 30 1
0 29 0 2 29 0 2 2
0 31 30 33 31 30 3 1
0 30 34 33 30 4 3 1
0 30 32 35 30 32 7 1
0 30 35 34 30 7 4 1
"gunmissiletube" 0 1
36
0 -18.487064 99.568657 53.986099 0.157843 0.220930 -1
0 -20.943665 97.112068 53.986103 0.157843 0.220930 -1
0 -16.749994 95.375000 55.208321 0.157843 0.220930 -1
0 -18.487064 99.568657 53.986099 0.296434 0.219665 -1
0 -19.237432 101.380211 49.416653 0.227138 0.220297 -1
0 -22.755211 97.862442 49.416656 0.227085 0.212512 -1
0 -20.943665 97.112068 53.986103 0.296381 0.211880 -1
0 -19.237438 101.380211 6.236110 0.157843 0.220930 -1
0 -22.755209 97.862442 6.236110 0.157790 0.213145 -1
0 -20.943665 93.637932 53.986103 0.157843 0.220930 -1
0 -20.943665 93.637932 53.986103 0.296328 0.204095 -1
0 -22.755211 92.887558 49.416656 0.227033 0.204727 -1
0 -22.755209 92.887558 6.236111 0.157737 0.205360 -1
0 -18.487064 91.181343 53.986099 0.157843 0.220930 -1
0 -19.237436 89.369781 49.416656 0.226980 0.196942 -1
0 -18.487064 91.181343 53.986099 0.296275 0.196310 -1
0 -19.237434 89.369781 6.236110 0.157684 0.197574 -1
0 -15.012919 91.181343 53.986099 0.157843 0.220930 -1
0 -15.012919 91.181343 53.986099 0.296223 0.188525 -1
0 -14.262554 89.369789 49.416656 0.226927 0.189157 -1
0 -14.262553 89.369789 6.236110 0.157631 0.189789 -1
0 -12.556330 93.637932 53.986103 0.157843 0.220930 -1
0 -10.744782 92.887558 49.416653 0.226874 0.181372 -1
0 -12.556330 93.637932 53.986103 0.296169 0.180740 -1
0 -10.744781 92.887558 6.236110 0.157578 0.182004 -1
0 -12.556330 97.112068 53.986103 0.157843 0.220930 -1
0 -12.556330 97.112068 53.986103 0.296117 0.172955 -1
0 -10.744782 97.862442 49.416653 0.226821 0.173587 -1
0 -10.744781 97.862442 6.236109 0.157525 0.174219 -1
0 -15.012923 99.568657 53.986103 0.157843 0.220930 -1
0 -14.262555 101.380219 49.416653 0.226768 0.165802 -1
0 -15.012923 99.568657 53.986103 0.296063 0.165170 -1
0 -14.262555 101.380219 6.236110 0.157472 0.166434 -1
0 -18.487064 99.568657 53.986099 0.296011 0.157384 -1
0 -19.237432 101.380211 49.416653 0.226715 0.158017 -1
0 -19.237438 101.380211 6.236110 0.157419 0.158649 -1
33
-0.099497 0.240209 0.965609
-0.240207 0.099498 0.965609
0.000000 -0.000000 1.000000
-0.351672 0.849013 0.394340
-0.374759 0.904748 0.202449
-0.904748 0.374760 0.202449
-0.849012 0.351674 0.394339
-0.382684 0.923879 0.000000
-0.923880 0.382684 -0.000000
-0.240207 -0.099498 0.965609
-0.849012 -0.351673 0.394340
-0.904749 -0.374759 0.202449
-0.923880 -0.382683 -0.000000
-0.099497 -0.240209 0.965609
-0.374758 -0.904749 0.202450
-0.351671 -0.849012 0.394342
-0.382683 -0.923880 -0.000000
0.099497 -0.240209 0.965609
0.351673 -0.849012 0.394340
0.374760 -0.904748 0.202449
0.382684 -0.923879 0.000000
0.240207 -0.099498 0.965609
0.904749 -0.374759 0.202449
0.849013 -0.351673 0.394339
0.923879 -0.382684 0.000000
0.240208 0.099497 0.965609
0.849013 0.351673 0.394339
0.904749 0.374759 0.202449
0.923880 0.382683 0.000000
0.099497 0.240208 0.965609
0.374759 0.904749 0.202450
0.351672 0.849012 0.394341
0.382683 0.923880 0.000000
40
0 0 1 2 0 1 2 2
0 3 4 5 3 4 5 1
0 3 5 6 3 5 6 1
0 4 7 5 4 7 5 1
0 7 8 5 7 8 5 1
0 1 9 2 1 9 2 2
0 6 5 10 6 5 10 1
0 5 11 10 5 11 10 1
0 5 8 12 5 8 12 1
0 5 12 11 5 12 11 1
0 9 13 2 9 13 2 2
0 10 11 14 10 11 14 1
0 10 14 15 10 14 15 1
0 11 12 14 11 12 14 1
0 12 16 14 12 16 14 1
0 13 17 2 13 17 2 2
0 15 14 18 15 14 18 1
0 14 19 18 14 19 18 1
0 14 16 20 14 16 20 1
0 14 20 19 14 20 19 1
0 17 21 2 17 21 2 2
0 18 19 22 18 19 22 1
0 18 22 23 18 22 23 1
0 19 20 22 19 20 22 1
0 20 24 22 20 24 22 1
0 21 25 2 21 25 2 2
0 23 22 26 23 22 26 1
0 22 27 26 22 27 26 1
0 22 24 28 22 24 28 1
0 22 28 27 22 28 27 1
0 25 29 2 25 29 2 2
0 26 27 30 26 27 30 1
0 26 30 31 26 30 31 1
0 27 28 30 27 28 30 1
0 28 32 30 28 32 30 1
0 29 0 2 29 0 2 2
0 31 30 33 31 30 3 1
0 30 34 33 30 4 3 1
0 30 32 35 30 32 7 1
0 30 35 34 30 7 4 1
"gunmissiletube" 0 1
36
0 -18.487064 84.068657 53.986099 0.159175 0.216229 -1
0 -20.943665 81.612068 53.986103 0.159175 0.216229 -1
0 -16.749994 79.875000 55.208321 0.159175 0.216229 -1
0 -18.487064 84.068657 53.986099 0.292269 0.216705 -1
0 -19.237432 85.880211 49.416653 0.225722 0.216467 -1
0 -22.755211 82.362442 49.416656 0.225751 0.209511 -1
0 -20.943665 81.612068 53.986103 0.292298 0.209750 -1
0 -19.237438 85.880211 6.236110 0.159175 0.216229 -1
0 -22.755209 82.362442 6.236110 0.159204 0.209273 -1
0 -20.943665 78.137932 53.986103 0.159175 0.216229 -1
0 -20.943665 78.137932 53.986103 0.292326 0.202794 -1
0 -22.755211 77.387558 49.416656 0.225780 0.202556 -1
0 -22.755209 77.387558 6.236111 0.159232 0.202318 -1
0 -18.487064 75.681343 53.986099 0.159175 0.216229 -1
0 -19.237436 73.869781 49.416656 0.225808 0.195600 -1
0 -18.487064 75.681343 53.986099 0.292355 0.195838 -1
0 -19.237434 73.869781 6.236110 0.159261 0.195363 -1
0 -15.012919 75.681343 53.986099 0.159175 0.216229 -1
0 -15.012919 75.681343 53.986099 0.292384 0.188883 -1
0 -14.262554 73.869789 49.416656 0.225837 0.188645 -1
0 -14.262553 73.869789 6.236110 0.159290 0.188407 -1
0 -12.556330 78.137932 53.986103 0.159175 0.216229 -1
0 -10.744782 77.387558 49.416653 0.225866 0.181690 -1
0 -12.556330 78.137932 53.986103 0.292413 0.181928 -1
0 -10.744781 77.387558 6.236110 0.159318 0.181452 -1
0 -12.556330 81.612068 53.986103 0.159175 0.216229 -1
0 -12.556330 81.612068 53.986103 0.292441 0.174973 -1
0 -10.744782 82.362442 49.416653 0.225894 0.174735 -1
0 -10.744781 82.362442 6.236109 0.159347 0.174497 -1
0 -15.012923 84.068657 53.986103 0.159175 0.216229 -1
0 -14.262555 85.880219 49.416653 0.225923 0.167779 -1
0 -15.012923 84.068657 53.986103 0.292470 0.168017 -1
0 -14.262555 85.880219 6.236110 0.159376 0.167541 -1
0 -18.487064 84.068657 53.986099 0.292498 0.161062 -1
0 -19.237432 85.880211 49.416653 0.225952 0.160824 -1
0 -19.237438 85.880211 6.236110 0.159404 0.160586 -1
33
-0.099497 0.240209 0.965609
-0.240207 0.099498 0.965609
0.000000 -0.000000 1.000000
-0.351672 0.849013 0.394340
-0.374759 0.904748 0.202449
-0.904748 0.374760 0.202449
-0.849012 0.351674 0.394339
-0.382684 0.923879 0.000000
-0.923880 0.382684 -0.000000
-0.240207 -0.099498 0.965609
-0.849012 -0.351673 0.394340
-0.904749 -0.374759 0.202449
-0.923880 -0.382683 -0.000000
-0.099497 -0.240209 0.965609
-0.374758 -0.904749 0.202450
-0.351671 -0.849012 0.394342
-0.382683 -0.923880 -0.000000
0.099497 -0.240209 0.965609
0.351673 -0.849012 0.394340
0.374760 -0.904748 0.202449
0.382684 -0.923879 0.000000
0.240207 -0.099498 0.965609
0.904749 -0.374759 0.202449
0.849013 -0.351673 0.394339
0.923879 -0.382684 0.000000
0.240208 0.099497 0.965609
0.849013 0.351673 0.394339
0.904749 0.374759 0.202449
0.923880 0.382683 0.000000
0.099497 0.240208 0.965609
0.374759 0.904749 0.202450
0.351672 0.849012 0.394341
0.382683 0.923880 0.000000
40
0 0 1 2 0 1 2 2
0 3 4 5 3 4 5 1
0 3 5 6 3 5 6 1
0 4 7 5 4 7 5 1
0 7 8 5 7 8 5 1
0 1 9 2 1 9 2 2
0 6 5 10 6 5 10 1
0 5 11 10 5 11 10 1
0 5 8 12 5 8 12 1
0 5 12 11 5 12 11 1
0 9 13 2 9 13 2 2
0 10 11 14 10 11 14 1
0 10 14 15 10 14 15 1
0 11 12 14 11 12 14 1
0 12 16 14 12 16 14 1
0 13 17 2 13 17 2 2
0 15 14 18 15 14 18 1
0 14 19 18 14 19 18 1
0 14 16 20 14 16 20 1
0 14 20 19 14 20 19 1
0 17 21 2 17 21 2 2
0 18 19 22 18 19 22 1
0 18 22 23 18 22 23 1
0 19 20 22 19 20 22 1
0 20 24 22 20 24 22 1
0 21 25 2 21 25 2 2
0 23 22 26 23 22 26 1
0 22 27 26 22 27 26 1
0 22 24 28 22 24 28 1
0 22 28 27 22 28 27 1
0 25 29 2 25 29 2 2
0 26 27 30 26 27 30 1
0 26 30 31 26 30 31 1
0 27 28 30 27 28 30 1
0 28 32 30 28 32 30 1
0 29 0 2 29 0 2 2
0 31 30 33 31 30 3 1
0 30 34 33 30 4 3 1
0 30 32 35 30 32 7 1
0 30 35 34 30 7 4 1
"gunmissiletube" 0 1
36
0 -3.237069 84.068657 53.986099 0.162344 0.216946 -1
0 -5.693660 81.612068 53.986095 0.162344 0.216946 -1
0 -1.499996 79.875000 55.208321 0.162344 0.216946 -1
0 -3.237069 84.068657 53.986099 0.297568 0.215127 -1
0 -3.987436 85.880211 49.416653 0.229956 0.216037 -1
0 -7.505211 82.362442 49.416656 0.229881 0.208915 -1
0 -5.693660 81.612068 53.986095 0.297493 0.208005 -1
0 -3.987441 85.880211 6.236109 0.162344 0.216946 -1
0 -7.505213 82.362442 6.236110 0.162270 0.209824 -1
0 -5.693664 78.137932 53.986103 0.162344 0.216946 -1
0 -5.693664 78.137932 53.986103 0.297418 0.200883 -1
0 -7.505210 77.387558 49.416649 0.229807 0.201793 -1
0 -7.505215 77.387558 6.236110 0.162194 0.202702 -1
0 -3.237066 75.681343 53.986099 0.162344 0.216946 -1
0 -3.987436 73.869781 49.416653 0.229731 0.194671 -1
0 -3.237066 75.681343 53.986099 0.297343 0.193761 -1
0 -3.987439 73.869781 6.236110 0.162120 0.195580 -1
0 0.237078 75.681343 53.986099 0.162344 0.216946 -1
0 0.237078 75.681343 53.986099 0.297269 0.186638 -1
0 0.987446 73.869789 49.416656 0.229657 0.187548 -1
0 0.987443 73.869789 6.236109 0.162045 0.188458 -1
0 2.693670 78.137932 53.986099 0.162344 0.216946 -1
0 4.505218 77.387558 49.416656 0.229582 0.180426 -1
0 2.693670 78.137932 53.986099 0.297194 0.179517 -1
0 4.505214 77.387558 6.236109 0.161970 0.181336 -1
0 2.693670 81.612068 53.986099 0.162344 0.216946 -1
0 2.693670 81.612068 53.986099 0.297119 0.172394 -1
0 4.505218 82.362442 49.416656 0.229507 0.173304 -1
0 4.505216 82.362442 6.236110 0.161895 0.174214 -1
0 0.237078 84.068657 53.986099 0.162344 0.216946 -1
0 0.987446 85.880219 49.416653 0.229432 0.166182 -1
0 0.237078 84.068657 53.986099 0.297044 0.165272 -1
0 0.987441 85.880219 6.236109 0.161820 0.167091 -1
0 -3.237069 84.068657 53.986099 0.296969 0.158150 -1
0 -3.987436 85.880211 49.416653 0.229357 0.159060 -1
0 -3.987441 85.880211 6.236109 0.161745 0.159969 -1
33
-0.099498 0.240208 0.965609
-0.240209 0.099499 0.965608
0.000000 0.000000 1.000000
-0.351673 0.849012 0.394341
-0.374759 0.904748 0.202449
-0.904748 0.374760 0.202449
-0.849012 0.351673 0.394341
-0.382684 0.923879 0.000000
-0.923879 0.382684 0.000000
-0.240208 -0.099497 0.965609
-0.849013 -0.351673 0.394340
-0.904749 -0.374759 0.202449
-0.923880 -0.382683 0.000000
-0.099497 -0.240209 0.965609
-0.374758 -0.904749 0.202450
-0.351671 -0.849012 0.394341
-0.382683 -0.923880 0.000000
0.099498 -0.240209 0.965609
0.351673 -0.849012 0.394341
0.374760 -0.904748 0.202449
0.382684 -0.923879 -0.000000
0.240208 -0.099498 0.965609
0.904748 -0.374759 0.202449
0.849013 -0.351673 0.394340
0.923879 -0.382684 -0.000000
0.240208 0.099498 0.965609
0.849013 0.351672 0.394340
0.904749 0.374759 0.202449
0.923880 0.382683 -0.000000
0.099498 0.240209 0.965609
0.374759 0.904749 0.202450
0.351672 0.849012 0.394341
0.382683 0.923880 -0.000000
40
0 0 1 2 0 1 2 2
0 3 4 5 3 4 5 1
0 3 5 6 3 5 6 1
0 4 7 5 4 7 5 1
0 7 8 5 7 8 5 1
0 1 9 2 1 9 2 2
0 6 5 10 6 5 10 1
0 5 11 10 5 11 10 1
0 5 8 12 5 8 12 1
0 5 12 11 5 12 11 1
0 9 13 2 9 13 2 2
0 10 11 14 10 11 14 1
0 10 14 15 10 14 15 1
0 11 12 14 11 12 14 1
0 12 16 14 12 16 14 1
0 13 17 2 13 17 2 2
0 15 14 18 15 14 18 1
0 14 19 18 14 19 18 1
0 14 16 20 14 16 20 1
0 14 20 19 14 20 19 1
0 17 21 2 17 21 2 2
0 18 19 22 18 19 22 1
0 18 22 23 18 22 23 1
0 19 20 22 19 20 22 1
0 20 24 22 20 24 22 1
0 21 25 2 21 25 2 2
0 23 22 26 23 22 26 1
0 22 27 26 22 27 26 1
0 22 24 28 22 24 28 1
0 22 28 27 22 28 27 1
0 25 29 2 25 29 2 2
0 26 27 30 26 27 30 1
0 26 30 31 26 30 31 1
0 27 28 30 27 28 30 1
0 28 32 30 28 32 30 1
0 29 0 2 29 0 2 2
0 31 30 33 31 30 3 1
0 30 34 33 30 4 3 1
0 30 32 35 30 32 7 1
0 30 35 34 30 7 4 1
"guncover" 0 1
8
0 6.125002 102.344948 55.551712 0.714776 0.195267 -1
0 6.125005 113.498077 65.952179 0.714776 0.065680 -1
0 -24.124987 102.344948 55.551708 0.577163 0.195267 -1
0 -24.124989 113.498077 65.952179 0.577163 0.065680 -1
0 -24.124987 102.515434 55.368885 0.577163 0.193287 -1
0 -24.124989 113.668579 65.769348 0.577163 0.063699 -1
0 6.125002 102.515434 55.368885 0.714776 0.193287 -1
0 6.125002 113.668579 65.769348 0.714776 0.063699 -1
14
-0.000000 -0.681999 0.731354
-0.000000 -0.681999 0.731353
0.000000 -0.681999 0.731353
-1.000000 -0.000000 -0.000000
-1.000000 -0.000000 -0.000000
-1.000000 -0.000000 -0.000000
0.000000 0.681998 -0.731354
1.000000 0.000000 0.000000
1.000000 0.000004 -0.000004
1.000000 0.000008 -0.000008
0.000000 -0.731359 -0.681993
0.000000 -0.731355 -0.681997
0.000000 -0.731352 -0.682001
0.000000 0.731335 0.682018
12
0 0 1 2 0 1 1 1
0 1 3 2 1 2 1 1
0 2 3 4 3 4 4 2
0 3 5 4 4 5 4 2
0 4 5 6 6 6 6 1
0 5 7 6 6 6 6 1
0 6 7 0 7 8 8 2
0 7 1 0 8 9 8 2
0 6 0 4 10 11 11 3
0 0 2 4 11 12 11 3
0 1 7 3 13 13 13 3
0 7 5 3 13 13 13 3
"guncover" 0 1
8
0 -24.124987 72.405045 55.551708 0.574847 0.076073 -1
0 6.125005 61.251915 65.952179 0.714843 0.173923 -1
0 6.125002 72.405045 55.551712 0.714843 0.076073 -1
0 -24.124989 61.251915 65.952179 0.574847 0.173923 -1
0 -24.124987 72.234558 55.368885 0.574847 0.077569 -1
0 -24.124989 61.081413 65.769348 0.574847 0.175419 -1
0 6.125002 72.234558 55.368885 0.714843 0.077569 -1
0 6.125002 61.081413 65.769348 0.714843 0.175419 -1
14
-0.000000 0.681999 0.731353
-0.000000 0.681999 0.731354
0.000000 0.681999 0.731353
-1.000000 0.000000 -0.000000
-1.000000 0.000000 -0.000000
-1.000000 0.000000 -0.000000
0.000000 -0.681998 -0.731354
1.000000 -0.000004 -0.000004
1.000000 -0.000000 0.000000
1.000000 -0.000008 -0.000008
0.000000 0.731355 -0.681997
0.000000 0.731359 -0.681993
0.000000 0.731352 -0.682001
0.000000 -0.731335 0.682018
12
0 0 1 2 0 0 1 1
0 0 3 1 0 2 0 1
0 4 3 0 3 3 4 2
0 4 5 3 3 5 3 2
0 6 5 4 6 6 6 1
0 6 7 5 6 6 6 1
0 2 7 6 7 7 8 2
0 2 1 7 7 9 7 2
0 4 2 6 10 10 11 3
0 4 0 2 10 12 10 3
0 3 7 1 13 13 13 3
0 3 5 7 13 13 13 3
"gunsigt" 1 1
8
1 -24.015377 98.380775 -23.999992 0.206424 0.287822 -1
1 -24.015377 76.880775 -23.999992 0.206424 0.415328 -1
1 -31.465385 98.380775 -19.161665 0.178311 0.287822 -1
1 -31.465385 76.880775 -19.161665 0.178311 0.415328 -1
1 -31.465382 98.380775 -0.088329 0.067487 0.287822 -1
1 -31.465382 76.880775 -0.088329 0.067487 0.415328 -1
1 -24.015379 98.380775 4.750000 0.039374 0.287822 -1
1 -24.015379 76.880775 4.750000 0.039374 0.415328 -1
6
-0.544658 0.000000 -0.838658
-1.000000 0.000000 0.000000
-0.544658 0.000000 0.838658
1.000000 0.000000 0.000000
0.000000 1.000000 0.000000
0.000000 -1.000000 0.000000
12
1 0 1 2 0 0 0 1
1 1 3 2 0 0 0 1
1 2 3 4 1 1 1 2
1 3 5 4 1 1 1 2
1 4 5 6 2 2 2 1
1 5 7 6 2 2 2 1
1 6 7 0 3 3 3 2
1 7 1 0 3 3 3 2
1 6 0 4 4 4 4 3
1 0 2 4 4 4 4 3
1 1 7 3 5 5 5 3
1 7 5 3 5 5 5 3
"gunpivot" 0 0
20
0 20.024992 88.177773 -1.027779 0.000000 0.000000 -1
0 20.024992 86.677773 -1.027779 0.000000 1.000000 -1
0 17.774996 88.177773 -1.027779 1.000000 0.000000 -1
0 17.774996 86.677773 -1.027779 1.000000 1.000000 -1
0 17.774996 88.177773 -1.027779 0.000000 0.000000 -1
0 17.774996 86.677773 -1.027779 0.000000 1.000000 -1
0 17.774994 88.177773 1.222221 1.000000 0.000000 -1
0 17.774994 86.677773 1.222221 1.000000 1.000000 -1
0 17.774994 88.177773 1.222221 0.000000 0.000000 -1
0 17.774994 86.677773 1.222221 0.000000 1.000000 -1
0 20.024994 88.177773 1.222220 1.000000 0.000000 -1
0 20.024994 86.677773 1.222220 1.000000 1.000000 -1
0 20.024994 88.177773 1.222220 0.000000 0.000000 -1
0 20.024994 86.677773 1.222220 0.000000 1.000000 -1
0 20.024992 88.177773 -1.027779 1.000000 0.000000 -1
0 20.024992 86.677773 -1.027779 1.000000 1.000000 -1
0 20.024992 88.177773 -1.027779 0.000000 1.000000 -1
0 17.774996 88.177773 -1.027779 1.000000 1.000000 -1
0 20.024992 86.677773 -1.027779 0.000000 0.000000 -1
0 17.774996 86.677773 -1.027779 1.000000 0.000000 -1
6
0.000000 0.000000 -1.000000
-1.000000 0.000000 -0.000001
0.000000 0.000000 1.000000
1.000000 0.000000 -0.000001
0.000000 1.000000 0.000000
0.000000 -1.000000 0.000000
12
0 0 1 2 0 0 0 1
0 1 3 2 0 0 0 1
0 4 5 6 1 1 1 2
0 5 7 6 1 1 1 2
0 8 9 10 2 2 2 1
0 9 11 10 2 2 2 1
0 12 13 14 3 3 3 2
0 13 15 14 3 3 3 2
0 12 16 6 4 4 4 3
0 16 17 6 4 4 4 3
0 18 13 19 5 5 5 3
0 13 7 19 5 5 5 3
"turretpivot" 0 0
20
0 1.024999 49.677773 -1.027778 0.000000 0.000000 -1
0 1.024999 48.177773 -1.027778 0.000000 1.000000 -1
0 -1.225000 49.677773 -1.027778 1.000000 0.000000 -1
0 -1.225000 48.177773 -1.027778 1.000000 1.000000 -1
0 -1.225000 49.677773 -1.027778 0.000000 0.000000 -1
0 -1.225000 48.177773 -1.027778 0.000000 1.000000 -1
0 -1.225000 49.677773 1.222221 1.000000 0.000000 -1
0 -1.225000 48.177773 1.222221 1.000000 1.000000 -1
0 -1.225000 49.677773 1.222221 0.000000 0.000000 -1
0 -1.225000 48.177773 1.222221 0.000000 1.000000 -1
0 1.024999 49.677773 1.222221 1.000000 0.000000 -1
0 1.024999 48.177773 1.222221 1.000000 1.000000 -1
0 1.024999 49.677773 1.222221 0.000000 0.000000 -1
0 1.024999 48.177773 1.222221 0.000000 1.000000 -1
0 1.024999 49.677773 -1.027778 1.000000 0.000000 -1
0 1.024999 48.177773 -1.027778 1.000000 1.000000 -1
0 1.024999 49.677773 -1.027778 0.000000 1.000000 -1
0 -1.225000 49.677773 -1.027778 1.000000 1.000000 -1
0 1.024999 48.177773 -1.027778 0.000000 0.000000 -1
0 -1.225000 48.177773 -1.027778 1.000000 0.000000 -1
6
0.000000 0.000000 -1.000000
-1.000000 0.000000 0.000000
0.000000 0.000000 1.000000
1.000000 0.000000 -0.000000
0.000000 1.000000 0.000000
0.000000 -1.000000 0.000000
12
0 0 1 2 0 0 0 1
0 1 3 2 0 0 0 1
0 4 5 6 1 1 1 2
0 5 7 6 1 1 1 2
0 8 9 10 2 2 2 1
0 9 11 10 2 2 2 1
0 12 13 14 3 3 3 2
0 13 15 14 3 3 3 2
0 12 16 6 4 4 4 3
0 16 17 6 4 4 4 3
0 18 13 19 5 5 5 3
0 13 7 19 5 5 5 3
"gunaxle" 0 0
26
0 16.333334 100.990562 0.142764 0.000000 1.000000 -1
0 4.333333 100.990562 0.142764 0.000000 0.000000 -1
0 16.333334 99.181908 6.892764 0.083333 1.000000 -1
0 4.333333 99.181908 6.892764 0.083333 0.000000 -1
0 4.333333 94.240562 11.834106 0.166667 0.000000 -1
0 16.333334 94.240562 11.834106 0.166667 1.000000 -1
0 16.333334 87.490562 13.642764 0.250000 1.000000 -1
0 4.333333 87.490562 13.642764 0.250000 0.000000 -1
0 4.333333 80.740562 11.834106 0.333333 0.000000 -1
0 16.333334 80.740562 11.834106 0.333333 1.000000 -1
0 16.333334 75.799217 6.892764 0.416667 1.000000 -1
0 4.333333 75.799217 6.892764 0.416667 0.000000 -1
0 4.333333 73.990562 0.142764 0.500000 0.000000 -1
0 16.333334 73.990562 0.142764 0.500000 1.000000 -1
0 16.333334 75.799217 -6.607236 0.583333 1.000000 -1
0 4.333333 75.799217 -6.607236 0.583333 0.000000 -1
0 4.333333 80.740562 -11.548578 0.666667 0.000000 -1
0 16.333334 80.740562 -11.548578 0.666667 1.000000 -1
0 16.333334 87.490562 -13.357236 0.750000 1.000000 -1
0 4.333333 87.490562 -13.357236 0.750000 0.000000 -1
0 4.333333 94.240562 -11.548578 0.833333 0.000000 -1
0 16.333334 94.240562 -11.548578 0.833333 1.000000 -1
0 16.333334 99.181908 -6.607236 0.916667 1.000000 -1
0 4.333333 99.181908 -6.607236 0.916667 0.000000 -1
0 4.333333 100.990562 0.142764 1.000000 0.000000 -1
0 16.333334 100.990562 0.142764 1.000000 1.000000 -1
14
0.000000 1.000000 0.000000
0.000000 0.866025 0.500000
0.000000 0.500000 0.866025
0.000000 0.000000 1.000000
0.000000 -0.500000 0.866025
0.000000 -0.500000 0.866025
0.000000 -0.866025 0.500000
0.000000 -1.000000 0.000000
0.000000 -0.866025 -0.500000
0.000000 -0.500000 -0.866025
0.000000 0.000000 -1.000000
0.000000 0.500000 -0.866025
0.000000 0.500000 -0.866025
0.000000 0.866025 -0.500000
24
0 0 1 2 0 0 1 1
0 1 3 2 0 1 1 1
0 2 3 4 1 1 2 1
0 2 4 5 1 2 2 1
0 5 4 6 2 2 3 1
0 4 7 6 2 3 3 1
0 6 7 8 3 3 4 1
0 6 8 9 3 4 5 1
0 9 8 10 5 4 6 1
0 8 11 10 4 6 6 1
0 10 11 12 6 6 7 1
0 10 12 13 6 7 7 1
0 13 12 14 7 7 8 1
0 12 15 14 7 8 8 1
0 14 15 16 8 8 9 1
0 14 16 17 8 9 9 1
0 17 16 18 9 9 10 1
0 16 19 18 9 10 10 1
0 18 19 20 10 10 11 1
0 18 20 21 10 11 12 1
0 21 20 22 12 11 13 1
0 20 23 22 11 13 13 1
0 22 23 24 13 13 0 1
0 22 24 25 13 0 0 1
"gun1" 0 1
52
0 6.205819 102.750000 -28.499992 0.513202 0.054577 -1
0 6.205819 72.250000 -28.499992 0.513202 0.234003 -1
0 -24.205818 102.750000 -28.499992 0.513202 0.054577 -1
0 -24.205818 72.250000 -28.499992 0.513202 0.234003 -1
0 -24.205818 102.750000 8.000000 0.301345 0.054577 -1
0 -24.205818 72.250000 8.000000 0.301345 0.234003 -1
0 6.205821 102.750000 7.999998 0.301345 0.054577 -1
0 6.205821 72.250000 7.999998 0.301345 0.234003 -1
0 6.205821 102.750000 33.195755 0.155100 0.054577 -1
0 6.205821 72.250000 33.195755 0.155100 0.234003 -1
0 -24.205811 102.750000 33.195751 0.155100 0.054577 -1
0 -24.205811 72.250000 33.195751 0.155100 0.234003 -1
0 -24.205812 102.750000 50.001167 0.057557 0.054577 -1
0 -24.205812 72.250000 50.001167 0.057557 0.234003 -1
0 6.205823 102.750000 50.001163 0.057557 0.054577 -1
0 6.205823 72.250000 50.001163 0.057557 0.234003 -1
0 -22.729664 101.280754 48.799988 0.064529 0.063220 -1
0 -24.211264 102.771614 55.749989 0.024189 0.054450 -1
0 -24.211264 72.189934 55.749989 0.024189 0.234356 -1
0 -22.729664 73.680794 48.799988 0.064529 0.225586 -1
0 -24.211269 102.771614 49.949986 0.057854 0.054450 -1
0 -24.211269 72.189934 49.949986 0.057854 0.234356 -1
0 6.180510 72.189934 49.949982 0.057854 0.234356 -1
0 6.180508 72.189934 55.749989 0.024189 0.234356 -1
0 4.698909 73.680794 48.799984 0.064529 0.225586 -1
0 6.180508 102.771614 55.749989 0.024189 0.054450 -1
0 4.698909 101.280754 48.799984 0.064529 0.063220 -1
0 6.180509 102.771614 49.949989 0.057854 0.054450 -1
0 -7.606879 105.527779 -11.855995 0.416595 0.038236 -1
0 -7.606880 102.277779 -16.027779 0.440810 0.057355 -1
0 -10.593119 105.527779 -11.855993 0.416595 0.038236 -1
0 -10.593118 102.277779 -16.027773 0.440810 0.057355 -1
0 -10.593117 105.527779 38.300430 0.125471 0.038236 -1
0 -10.593119 102.277779 42.472214 0.101257 0.057355 -1
0 -7.606875 105.527779 38.300426 0.125471 0.038236 -1
0 -7.606876 102.277779 42.472210 0.101257 0.057355 -1
0 -10.593119 69.472206 -11.855993 0.416595 0.250344 -1
0 -7.606880 72.722206 -16.027779 0.440810 0.231225 -1
0 -7.606879 69.472206 -11.855995 0.416595 0.250344 -1
0 -10.593118 72.722206 -16.027773 0.440810 0.231225 -1
0 -10.593117 69.472206 38.300430 0.125471 0.250344 -1
0 -10.593119 72.722206 42.472214 0.101257 0.231225 -1
0 -7.606875 69.472206 38.300426 0.125471 0.250344 -1
0 -7.606876 72.722206 42.472210 0.101257 0.231225 -1
0 -27.324989 89.090324 -11.855992 0.416595 0.134934 -1
0 -24.074995 86.104080 -16.027773 0.440810 0.152502 -1
0 -27.324989 86.104088 -11.855994 0.416595 0.152502 -1
0 -24.074995 89.090324 -16.027773 0.440810 0.134934 -1
0 -27.324991 89.090324 38.300426 0.125471 0.134934 -1
0 -24.074993 89.090324 42.472214 0.101257 0.134934 -1
0 -27.324987 86.104088 38.300430 0.125471 0.152502 -1
0 -24.074993 86.104080 42.472214 0.101257 0.152502 -1
59
0.000000 0.000000 -1.000000
-1.000000 0.000000 0.000000
0.000000 0.000000 1.000000
1.000000 0.000000 -0.000000
0.000000 -1.000000 0.000000
0.000000 0.000000 -1.000000
-1.000000 0.000000 -0.000000
0.000000 0.000000 1.000000
1.000000 0.000000 -0.000000
0.676924 -0.676740 0.289476
-0.052399 0.053035 0.997217
-0.052399 -0.053035 0.997217
0.676924 0.676740 0.289476
-0.707107 0.707107 0.000001
-0.707107 -0.707107 0.000001
0.707107 -0.707107 0.000000
0.052399 -0.053035 0.997217
-0.676925 0.676740 0.289475
0.052399 0.053035 0.997217
-0.676925 -0.676740 0.289475
0.707107 0.707107 0.000000
-0.000000 0.788868 -0.614563
-0.000001 0.788868 -0.614563
-0.000001 0.788868 -0.614563
-1.000000 -0.000000 0.000000
-1.000000 0.000000 0.000000
-1.000000 0.000001 -0.000000
0.000001 0.788868 0.614562
0.000001 0.788868 0.614562
0.000001 0.788868 0.614562
1.000000 -0.000000 -0.000000
1.000000 -0.000000 -0.000000
1.000000 -0.000000 -0.000000
0.000000 1.000000 0.000000
-0.000001 -0.788868 -0.614563
-0.000000 -0.788868 -0.614563
-0.000001 -0.788868 -0.614563
-1.000000 -0.000000 0.000000
-1.000000 0.000000 0.000000
-1.000000 -0.000001 -0.000000
0.000001 -0.788868 0.614562
0.000001 -0.788868 0.614562
0.000001 -0.788868 0.614562
1.000000 0.000000 -0.000000
1.000000 0.000000 -0.000000
1.000000 0.000000 -0.000000
-0.788868 0.000000 -0.614562
-0.788868 0.000000 -0.614562
-0.788868 0.000000 -0.614562
-0.788869 -0.000000 0.614562
-0.788869 -0.000000 0.614562
-0.788869 0.000000 0.614562
-0.000002 -1.000000 0.000000
-0.000002 -1.000000 0.000000
-0.000002 -1.000000 0.000000
-1.000000 -0.000001 -0.000000
-1.000000 -0.000001 0.000000
-1.000000 0.000000 -0.000000
1.000000 0.000000 -0.000000
68
0 0 1 2 0 0 0 1
0 1 3 2 0 0 0 1
0 2 3 4 1 1 1 2
0 3 5 4 1 1 1 2
0 4 5 6 2 2 2 1
0 5 7 6 2 2 2 1
0 6 7 0 3 3 3 2
0 7 1 0 3 3 3 2
0 1 7 3 4 4 4 3
0 7 5 3 4 4 4 3
0 8 9 10 5 5 5 1
0 9 11 10 5 5 5 1
0 10 11 12 6 6 6 2
0 11 13 12 6 6 6 2
0 12 13 14 7 7 7 1
0 13 15 14 7 7 7 1
0 14 15 8 8 8 8 2
0 15 9 8 8 8 8 2
0 9 15 11 4 4 4 3
0 15 13 11 4 4 4 3
0 16 17 18 9 10 11 1
0 16 18 19 9 11 12 1
0 17 20 18 10 13 11 1
0 20 21 18 13 14 11 1
0 18 21 22 11 14 15 1
0 18 22 23 11 15 16 1
0 24 23 25 17 16 18 1
0 24 25 26 17 18 19 1
0 23 22 25 16 15 18 1
0 22 27 25 15 20 18 1
0 26 25 16 19 18 9 1
0 25 17 16 18 10 9 1
0 28 29 30 21 22 22 1
0 29 31 30 22 23 22 1
0 30 31 32 24 25 25 2
0 31 33 32 25 26 25 2
0 32 33 34 27 28 28 1
0 33 35 34 28 29 28 1
0 34 35 28 30 31 31 2
0 35 29 28 31 32 31 2
0 34 28 32 33 33 33 3
0 28 30 32 33 33 33 3
0 29 35 31 4 4 4 3
0 35 33 31 4 4 4 3
0 36 37 38 34 34 35 1
0 36 39 37 34 36 34 1
0 40 39 36 37 37 38 2
0 40 41 39 37 39 37 2
0 42 41 40 40 40 41 1
0 42 43 41 40 42 40 1
0 38 43 42 43 43 44 2
0 38 37 43 43 45 43 2
0 40 38 42 4 4 4 3
0 40 36 38 4 4 4 3
0 39 43 37 33 33 33 3
0 39 41 43 33 33 33 3
0 44 45 46 46 46 47 1
0 44 47 45 46 48 46 1
0 48 47 44 33 33 33 2
0 48 49 47 33 33 33 2
0 50 49 48 49 49 50 1
0 50 51 49 49 51 49 1
0 46 51 50 52 52 53 2
0 46 45 51 52 54 52 2
0 48 46 50 55 55 56 3
0 48 44 46 55 57 55 3
0 47 51 45 58 58 58 3
0 47 49 51 58 58 58 3
"gun2" 0 1
16
0 6.205821 102.750000 7.999998 0.301041 0.232649 -1
0 6.205819 102.750000 -28.499992 0.516111 0.233186 -1
0 -24.205818 102.750000 8.000000 0.302069 0.052572 -1
0 -24.205818 102.750000 -28.499992 0.517140 0.053109 -1
0 6.205823 102.750000 50.001163 0.053554 0.232031 -1
0 6.205821 102.750000 33.195755 0.152578 0.232278 -1
0 -24.205812 102.750000 50.001167 0.054583 0.051954 -1
0 -24.205811 102.750000 33.195751 0.153606 0.052201 -1
0 -22.729664 73.680794 48.799988 0.061611 0.060712 -1
0 -24.211264 72.189934 55.749989 0.020709 0.051837 -1
0 4.698909 73.680794 48.799984 0.060683 0.223125 -1
0 6.180508 72.189934 55.749989 0.019681 0.231796 -1
0 6.180508 102.771614 55.749989 0.019681 0.231796 -1
0 6.180509 102.771614 49.949989 0.053856 0.231882 -1
0 -24.211269 102.771614 49.949986 0.054885 0.051922 -1
0 -24.211264 102.771614 55.749989 0.020709 0.051837 -1
4
0.000000 1.000000 0.000000
0.000000 0.977757 0.209741
0.000000 0.977757 0.209741
0.000000 0.977757 0.209741
8
0 0 1 2 0 0 0 3
0 1 3 2 0 0 0 3
0 4 5 6 0 0 0 3
0 5 7 6 0 0 0 3
0 8 9 10 1 2 2 1
0 9 11 10 2 3 2 1
0 12 13 14 0 0 0 1
0 12 14 15 0 0 0 1

Materials: 2
"Material01"
0.800000 0.800000 0.800000 1.000000
0.800000 0.800000 0.800000 1.000000
0.000000 0.000000 0.000000 1.000000
0.000000 0.000000 0.000000 1.000000
0.000000
1.000000
".\chrome.jpg"
""
"missileskin"
0.800000 0.800000 0.800000 1.000000
0.800000 0.800000 0.800000 1.000000
0.000000 0.000000 0.000000 1.000000
0.000000 0.000000 0.000000 1.000000
0.000000
1.000000
".\missileturret.jpg"
""

Bones: 0
