// MilkShape 3D ASCII

Frames: 30
Frame: 1

Meshes: 6
"gun" 0 1
117
0 -2.888552 3.853585 -3.574899 0.995402 0.038076 -1
0 -2.928190 2.713912 -3.696125 0.996177 0.044439 -1
0 -3.184417 3.782794 -3.668200 0.995999 0.038472 -1
0 -2.949952 4.320191 -1.758952 0.983779 0.035471 -1
0 -2.981365 4.007971 -1.644372 0.983045 0.037214 -1
0 -2.781556 4.750928 -0.995658 0.978893 0.033067 -1
0 -2.835528 4.498950 -0.903187 0.978302 0.034474 -1
0 -2.784438 6.139171 2.850173 0.954280 0.025317 -1
0 -2.838025 5.886764 2.942803 0.953687 0.026726 -1
0 -2.655422 6.614930 4.148779 0.945969 0.022661 -1
0 -2.726873 6.363912 4.241411 0.945376 0.024062 -1
0 -2.407917 6.614357 4.147194 0.945979 0.022664 -1
0 -2.512525 6.246841 4.282810 0.945111 0.024716 -1
0 -2.619514 7.296899 6.048495 0.933811 0.018854 -1
0 -2.695775 7.028985 6.147372 0.933178 0.020350 -1
0 -3.036484 2.529088 -3.628299 0.995743 0.045470 -1
0 -3.067184 3.991219 -1.638223 0.983006 0.037308 -1
0 -2.982986 4.314496 -0.835493 0.977868 0.035503 -1
0 -2.984427 5.701991 3.010617 0.953253 0.027758 -1
0 -2.922075 6.180160 4.309223 0.944942 0.025088 -1
0 -2.798321 5.977808 4.382091 0.944476 0.026218 -1
0 -2.904122 6.832857 6.219745 0.932715 0.021444 -1
0 -3.184417 2.461439 -3.603472 0.995585 0.045848 -1
0 -3.184417 3.907558 -1.607517 0.982809 0.037775 -1
0 -3.184417 4.246977 -0.810715 0.977710 0.035880 -1
0 -3.184417 5.634360 3.035435 0.953095 0.028135 -1
0 -3.188726 6.112895 4.334044 0.944783 0.025464 -1
0 -3.188726 5.879332 4.418432 0.944243 0.026767 -1
0 -3.188726 6.761064 6.246226 0.932545 0.021845 -1
0 -3.332348 2.529088 -3.628299 0.995743 0.045470 -1
0 -3.301648 3.991219 -1.638223 0.983006 0.037308 -1
0 -3.385846 4.314496 -0.835493 0.977868 0.035503 -1
0 -3.384406 5.701991 3.010617 0.953253 0.027758 -1
0 -3.455378 6.180160 4.309223 0.944942 0.025088 -1
0 -3.579130 5.977808 4.382091 0.944476 0.026218 -1
0 -3.473329 6.832857 6.219745 0.932715 0.021444 -1
0 -3.440642 2.713912 -3.696125 0.996177 0.044439 -1
0 -3.387468 4.007971 -1.644372 0.983045 0.037214 -1
0 -3.533303 4.498950 -0.903187 0.978302 0.034474 -1
0 -3.530807 5.886764 2.942803 0.953687 0.026726 -1
0 -3.650579 6.363912 4.241411 0.945376 0.024062 -1
0 -3.864926 6.246841 4.282810 0.945111 0.024716 -1
0 -3.681674 7.028985 6.147372 0.933178 0.020350 -1
0 -3.480279 3.853585 -3.574899 0.995402 0.038076 -1
0 -3.418881 4.320191 -1.758952 0.983779 0.035471 -1
0 -3.587276 4.750928 -0.995658 0.978893 0.033067 -1
0 -3.584393 6.139171 2.850173 0.954280 0.025317 -1
0 -3.722027 6.614930 4.148779 0.945969 0.022661 -1
0 -3.969532 6.614357 4.147194 0.945979 0.022664 -1
0 -3.757936 7.296899 6.048495 0.933811 0.018854 -1
0 -3.440642 4.143433 -3.596596 0.995540 0.036458 -1
0 -3.387468 4.632407 -1.873535 0.984512 0.033729 -1
0 -3.533303 5.002903 -1.088131 0.979485 0.031660 -1
0 -3.530807 6.391572 2.757545 0.954873 0.023908 -1
0 -3.650579 6.865943 4.056154 0.946562 0.021260 -1
0 -3.864926 6.981868 4.011567 0.946847 0.020613 -1
0 -3.681674 7.564819 5.949634 0.934444 0.017358 -1
0 -3.332348 4.450737 -3.533534 0.995137 0.034743 -1
0 -3.301648 4.860974 -1.957419 0.985049 0.032453 -1
0 -3.385846 5.187359 -1.155825 0.979918 0.030630 -1
0 -3.384406 6.576350 2.689735 0.955306 0.022876 -1
0 -3.455378 7.049697 3.988343 0.946996 0.020234 -1
0 -3.579130 7.250900 3.912284 0.947483 0.019111 -1
0 -3.473329 7.760948 5.877257 0.934907 0.016263 -1
0 -3.184417 4.522339 -3.541121 0.995186 0.034343 -1
0 -3.184417 4.944627 -1.988115 0.985246 0.031986 -1
0 -3.184417 5.254882 -1.180605 0.980077 0.030254 -1
0 -3.184417 6.643980 2.664915 0.955466 0.022499 -1
0 -3.188726 7.116960 3.963520 0.947155 0.019858 -1
0 -3.188726 7.349380 3.875947 0.947715 0.018561 -1
0 -3.188726 7.832732 5.850768 0.935076 0.015863 -1
0 -3.036484 4.450737 -3.533534 0.995137 0.034743 -1
0 -3.067184 4.860974 -1.957419 0.985049 0.032453 -1
0 -2.982986 5.187359 -1.155825 0.979918 0.030630 -1
0 -2.984427 6.576350 2.689735 0.955306 0.022876 -1
0 -2.922075 7.049697 3.988343 0.946996 0.020234 -1
0 -2.798321 7.250900 3.912284 0.947483 0.019111 -1
0 -2.904122 7.760948 5.877257 0.934907 0.016263 -1
0 -2.928190 4.143433 -3.596596 0.995540 0.036458 -1
0 -2.981365 4.632407 -1.873535 0.984512 0.033729 -1
0 -2.835528 5.002903 -1.088131 0.979485 0.031660 -1
0 -2.838025 6.391572 2.757545 0.954873 0.023908 -1
0 -2.726873 6.865943 4.056154 0.946562 0.021260 -1
0 -2.512525 6.981868 4.011567 0.946847 0.020613 -1
0 -2.695775 7.564819 5.949634 0.934444 0.017358 -1
0 -3.404307 5.523709 0.394326 0.969998 0.028753 -1
0 -3.281532 2.600470 0.677709 0.968184 0.045072 -1
0 -2.964526 5.523709 0.394326 0.969998 0.028753 -1
0 -3.087301 2.600470 0.677709 0.968184 0.045072 -1
0 -2.964526 5.450393 -0.224127 0.973956 0.029162 -1
0 -3.087301 2.535677 0.056128 0.972162 0.045434 -1
0 -3.404307 5.450393 -0.224127 0.973956 0.029162 -1
0 -3.281532 2.535677 0.056128 0.972162 0.045434 -1
0 -3.373931 5.711113 3.166160 0.952258 0.027707 -1
0 -3.373931 4.902424 2.789414 0.954669 0.032221 -1
0 -2.994900 5.711113 3.166160 0.952258 0.027707 -1
0 -2.994900 4.902424 2.789414 0.954669 0.032221 -1
0 -2.994900 4.941213 1.033312 0.965908 0.032005 -1
0 -2.994900 4.347209 1.251307 0.964513 0.035321 -1
0 -3.373931 4.941213 1.033312 0.965908 0.032005 -1
0 -3.373931 4.347209 1.251307 0.964513 0.035321 -1
0 -3.304205 4.685924 1.280692 0.964325 0.033430 -1
0 -3.304205 4.491565 1.352018 0.963868 0.034515 -1
0 -3.064628 4.685924 1.280692 0.964325 0.033430 -1
0 -3.064628 4.491565 1.352018 0.963868 0.034515 -1
0 -3.064628 4.370734 0.407528 0.969913 0.035189 -1
0 -3.064628 4.176377 0.478855 0.969456 0.036274 -1
0 -3.304205 4.370734 0.407528 0.969913 0.035189 -1
0 -3.304205 4.176377 0.478855 0.969456 0.036274 -1
0 -3.358538 5.186739 2.761390 0.954848 0.030634 -1
0 -3.321367 3.493118 2.932118 0.953756 0.040089 -1
0 -3.010295 5.186739 2.761390 0.954848 0.030634 -1
0 -3.047466 3.493118 2.932118 0.953756 0.040089 -1
0 -3.010295 5.116347 2.141868 0.958813 0.031027 -1
0 -3.047466 3.430135 2.309873 0.957738 0.040440 -1
0 -3.358538 5.116347 2.141868 0.958813 0.031027 -1
0 -3.321367 3.430135 2.309873 0.957738 0.040440 -1
137
0.293759 0.031420 -0.955363
-0.080097 0.006840 -0.996764
-0.000000 0.052411 -0.998626
0.996792 -0.060200 0.052736
0.992646 -0.114398 -0.039578
0.868010 -0.456574 0.195190
0.958417 -0.229511 0.169594
0.982519 -0.185868 -0.010420
0.912086 -0.393930 0.113656
0.979681 -0.199092 0.024248
0.902135 -0.415592 0.115912
0.656192 -0.399039 -0.640453
0.578352 -0.570297 -0.583327
0.713715 -0.412136 -0.566352
0.629475 -0.577946 -0.519365
0.961454 -0.206786 0.181234
0.862301 -0.431151 0.265606
-0.289405 -0.064544 -0.955028
0.546175 -0.676955 0.493381
0.411906 -0.804257 0.428373
0.550893 -0.782746 0.289525
0.595899 -0.758962 0.262453
0.373589 -0.786820 -0.491269
0.363404 -0.827173 -0.428628
0.498723 -0.774520 0.389093
0.000001 -0.048928 -0.998802
-0.000002 -0.879418 0.476050
-0.000002 -0.809793 0.586716
-0.000001 -0.930710 0.365758
0.000001 -0.940968 0.338494
0.000000 -0.899108 -0.437727
-0.000000 -0.918521 -0.395372
-0.000000 -0.900677 0.434489
0.289405 -0.064544 -0.955028
-0.546176 -0.676954 0.493381
-0.411907 -0.804257 0.428373
-0.550895 -0.782745 0.289525
-0.595872 -0.759584 0.260707
-0.372909 -0.786268 -0.492667
-0.363405 -0.827173 -0.428628
-0.498725 -0.774519 0.389093
0.080096 0.006840 -0.996764
-0.868010 -0.456574 0.195190
-0.958417 -0.229512 0.169594
-0.912086 -0.393930 0.113657
-0.902041 -0.416511 0.113317
-0.576671 -0.570003 -0.585275
-0.629475 -0.577946 -0.519365
-0.862300 -0.431151 0.265606
-0.293760 0.031420 -0.955363
-0.999218 0.029454 0.026363
-0.996828 -0.027560 -0.074667
-0.996286 -0.029951 -0.080734
-0.998788 -0.016957 -0.046215
-0.661910 -0.259445 -0.703253
-0.727818 -0.237458 -0.643346
-0.994558 0.036011 0.097758
-0.153341 0.086503 -0.984380
-0.961067 0.231314 -0.151144
-0.969754 0.241035 -0.038475
-0.908731 0.350149 -0.227166
-0.902142 0.391751 -0.180751
-0.577366 0.053814 -0.814710
-0.632032 0.104390 -0.767879
-0.861564 0.502830 -0.069782
-0.062769 0.183870 -0.980944
-0.773860 0.615490 -0.149372
-0.808081 0.548316 -0.215302
-0.651900 0.693476 -0.306786
-0.595915 0.749573 -0.288140
-0.373650 0.279262 -0.884533
-0.365970 0.356371 -0.859689
-0.497984 0.845515 -0.192655
-0.000001 0.169353 -0.985555
-0.000002 0.945208 -0.326469
-0.000002 0.964962 -0.262389
-0.000001 0.937043 -0.349213
0.000001 0.938579 -0.345066
-0.000000 0.401310 -0.915942
-0.000000 0.449111 -0.893476
-0.000000 0.971329 -0.237740
0.062768 0.183870 -0.980944
0.773860 0.615491 -0.149372
0.808081 0.548316 -0.215302
0.651899 0.693477 -0.306786
0.595937 0.750223 -0.286401
0.374332 0.280589 -0.883824
0.365970 0.356372 -0.859689
0.497982 0.845516 -0.192656
0.153340 0.086504 -0.984380
0.961067 0.231313 -0.151144
0.969753 0.241035 -0.038474
0.908731 0.350148 -0.227166
0.902229 0.392730 -0.178176
0.579048 0.055304 -0.813416
0.632031 0.104391 -0.767880
0.861564 0.502829 -0.069783
0.992912 0.118847 -0.000239
0.992223 0.059758 -0.109192
0.980659 0.127147 -0.148799
0.979731 0.167923 -0.109223
0.656534 -0.112339 -0.745884
0.715187 -0.053605 -0.696874
0.961013 0.276394 0.007730
0.000000 0.096489 0.995334
0.000000 0.096489 0.995334
0.999127 -0.041486 0.004918
0.999125 -0.041577 0.004631
0.999122 -0.041668 0.004343
0.000000 -0.095711 -0.995409
-0.999122 -0.041611 0.004933
-0.999125 -0.041577 0.004632
-0.999127 -0.041543 0.004330
0.000000 0.993047 -0.117723
0.000000 -0.994611 0.103678
0.000000 -0.422294 0.906459
1.000000 0.000000 0.000000
0.000000 -0.344524 -0.938778
-1.000000 0.000000 0.000000
0.000000 0.940595 -0.339529
0.000000 -0.940595 0.339530
0.000000 0.344514 0.938781
0.000000 -0.344522 -0.938778
0.000000 0.940595 -0.339531
0.000000 -0.940595 0.339530
0.000000 0.100298 0.994957
0.000000 0.100298 0.994957
0.999762 -0.021694 0.002465
0.999761 -0.021756 0.002337
0.999759 -0.021818 0.002208
0.000000 -0.099144 -0.995073
0.000000 -0.099144 -0.995073
-0.999759 -0.021792 0.002476
-0.999761 -0.021756 0.002337
-0.999762 -0.021721 0.002199
0.000000 0.993607 -0.112898
0.000000 -0.994916 0.100704
204
0 0 1 2 0 1 2 2
0 0 3 4 3 4 5 1
0 0 4 1 3 5 6 1
0 3 5 4 4 7 5 1
0 5 6 4 7 8 5 1
0 5 7 8 7 9 10 1
0 5 8 6 7 10 8 1
0 7 9 8 9 11 10 1
0 9 10 8 11 12 10 1
0 9 11 12 11 13 14 1
0 9 12 10 11 14 12 1
0 11 13 12 13 15 14 1
0 13 14 12 15 16 14 1
0 1 15 2 1 17 2 2
0 1 4 15 6 5 18 1
0 4 16 15 5 19 18 1
0 4 6 17 5 8 20 1
0 4 17 16 5 20 19 1
0 6 8 17 8 10 20 1
0 8 18 17 10 21 20 1
0 8 10 19 10 12 22 1
0 8 19 18 10 22 21 1
0 10 12 19 12 14 22 1
0 12 20 19 14 23 22 1
0 12 14 21 14 16 24 1
0 12 21 20 14 24 23 1
0 15 22 2 17 25 2 2
0 15 16 23 18 19 26 1
0 15 23 22 18 26 27 1
0 16 17 23 19 20 26 1
0 17 24 23 20 28 26 1
0 17 18 25 20 21 29 1
0 17 25 24 20 29 28 1
0 18 19 25 21 22 29 1
0 19 26 25 22 30 29 1
0 19 20 27 22 23 31 1
0 19 27 26 22 31 30 1
0 20 21 27 23 24 31 1
0 21 28 27 24 32 31 1
0 22 29 2 25 33 2 2
0 22 23 29 27 26 34 1
0 23 30 29 26 35 34 1
0 23 24 31 26 28 36 1
0 23 31 30 26 36 35 1
0 24 25 31 28 29 36 1
0 25 32 31 29 37 36 1
0 25 26 33 29 30 38 1
0 25 33 32 29 38 37 1
0 26 27 33 30 31 38 1
0 27 34 33 31 39 38 1
0 27 28 35 31 32 40 1
0 27 35 34 31 40 39 1
0 29 36 2 33 41 2 2
0 29 30 37 34 35 42 1
0 29 37 36 34 42 43 1
0 30 31 37 35 36 42 1
0 31 38 37 36 44 42 1
0 31 32 39 36 37 45 1
0 31 39 38 36 45 44 1
0 32 33 39 37 38 45 1
0 33 40 39 38 46 45 1
0 33 34 41 38 39 47 1
0 33 41 40 38 47 46 1
0 34 35 41 39 40 47 1
0 35 42 41 40 48 47 1
0 36 43 2 41 49 2 2
0 36 37 43 43 42 50 1
0 37 44 43 42 51 50 1
0 37 38 45 42 44 52 1
0 37 45 44 42 52 51 1
0 38 39 45 44 45 52 1
0 39 46 45 45 53 52 1
0 39 40 47 45 46 54 1
0 39 47 46 45 54 53 1
0 40 41 47 46 47 54 1
0 41 48 47 47 55 54 1
0 41 42 49 47 48 56 1
0 41 49 48 47 56 55 1
0 43 50 2 49 57 2 2
0 43 44 51 50 51 58 1
0 43 51 50 50 58 59 1
0 44 45 51 51 52 58 1
0 45 52 51 52 60 58 1
0 45 46 53 52 53 61 1
0 45 53 52 52 61 60 1
0 46 47 53 53 54 61 1
0 47 54 53 54 62 61 1
0 47 48 55 54 55 63 1
0 47 55 54 54 63 62 1
0 48 49 55 55 56 63 1
0 49 56 55 56 64 63 1
0 50 57 2 57 65 2 2
0 50 51 57 59 58 66 1
0 51 58 57 58 67 66 1
0 51 52 59 58 60 68 1
0 51 59 58 58 68 67 1
0 52 53 59 60 61 68 1
0 53 60 59 61 69 68 1
0 53 54 61 61 62 70 1
0 53 61 60 61 70 69 1
0 54 55 61 62 63 70 1
0 55 62 61 63 71 70 1
0 55 56 63 63 64 72 1
0 55 63 62 63 72 71 1
0 57 64 2 65 73 2 2
0 57 58 65 66 67 74 1
0 57 65 64 66 74 75 1
0 58 59 65 67 68 74 1
0 59 66 65 68 76 74 1
0 59 60 67 68 69 77 1
0 59 67 66 68 77 76 1
0 60 61 67 69 70 77 1
0 61 68 67 70 78 77 1
0 61 62 69 70 71 79 1
0 61 69 68 70 79 78 1
0 62 63 69 71 72 79 1
0 63 70 69 72 80 79 1
0 64 71 2 73 81 2 2
0 64 65 71 75 74 82 1
0 65 72 71 74 83 82 1
0 65 66 73 74 76 84 1
0 65 73 72 74 84 83 1
0 66 67 73 76 77 84 1
0 67 74 73 77 85 84 1
0 67 68 75 77 78 86 1
0 67 75 74 77 86 85 1
0 68 69 75 78 79 86 1
0 69 76 75 79 87 86 1
0 69 70 77 79 80 88 1
0 69 77 76 79 88 87 1
0 71 78 2 81 89 2 2
0 71 72 79 82 83 90 1
0 71 79 78 82 90 91 1
0 72 73 79 83 84 90 1
0 73 80 79 84 92 90 1
0 73 74 81 84 85 93 1
0 73 81 80 84 93 92 1
0 74 75 81 85 86 93 1
0 75 82 81 86 94 93 1
0 75 76 83 86 87 95 1
0 75 83 82 86 95 94 1
0 76 77 83 87 88 95 1
0 77 84 83 88 96 95 1
0 78 0 2 89 0 2 2
0 78 79 0 91 90 97 1
0 79 3 0 90 98 97 1
0 79 80 5 90 92 99 1
0 79 5 3 90 99 98 1
0 80 81 5 92 93 99 1
0 81 7 5 93 100 99 1
0 81 82 9 93 94 101 1
0 81 9 7 93 101 100 1
0 82 83 9 94 95 101 1
0 83 11 9 95 102 101 1
0 83 84 13 95 96 103 1
0 83 13 11 95 103 102 1
0 85 86 87 104 105 105 1
0 86 88 87 105 105 105 1
0 87 88 89 106 107 107 2
0 88 90 89 107 108 107 2
0 89 90 91 109 109 109 1
0 90 92 91 109 109 109 1
0 91 92 85 110 111 111 2
0 92 86 85 111 112 111 2
0 91 85 89 113 113 113 3
0 85 87 89 113 113 113 3
0 86 92 88 114 114 114 3
0 92 90 88 114 114 114 3
0 93 94 95 115 115 115 1
0 94 96 95 115 115 115 1
0 95 96 97 116 116 116 2
0 96 98 97 116 116 116 2
0 97 98 99 117 117 117 1
0 98 100 99 117 117 117 1
0 99 100 93 118 118 118 2
0 100 94 93 118 118 118 2
0 99 93 97 119 119 119 3
0 93 95 97 119 119 119 3
0 94 100 96 120 120 120 3
0 100 98 96 120 120 120 3
0 101 102 103 121 121 121 1
0 102 104 103 121 121 121 1
0 103 104 105 116 116 116 2
0 104 106 105 116 116 116 2
0 105 106 107 122 122 122 1
0 106 108 107 122 122 122 1
0 107 108 101 118 118 118 2
0 108 102 101 118 118 118 2
0 107 101 105 123 123 123 3
0 101 103 105 123 123 123 3
0 102 108 104 124 124 124 3
0 108 106 104 124 124 124 3
0 109 110 111 125 125 125 1
0 110 112 111 125 126 125 1
0 111 112 113 127 128 128 2
0 112 114 113 128 129 128 2
0 113 114 115 130 131 131 1
0 114 116 115 131 130 131 1
0 115 116 109 132 133 133 2
0 116 110 109 133 134 133 2
0 115 109 113 135 135 135 3
0 109 111 113 135 135 135 3
0 110 116 112 136 136 136 3
0 116 114 112 136 136 136 3
"flame" 0 2
75
0 -3.191533 7.435289 6.281433 0.549458 0.084937 -1
0 -3.081079 7.713006 6.576881 0.545036 0.083918 -1
0 -3.095877 7.658645 6.616261 0.544969 0.084540 -1
0 -3.191533 9.645300 6.605137 0.533721 0.067994 -1
0 -3.095877 9.027596 6.830174 0.535093 0.074104 -1
0 -3.081079 9.017115 6.775510 0.535677 0.073953 -1
0 -3.136305 7.618850 6.645085 0.544920 0.084996 -1
0 -3.136305 9.035273 6.870193 0.534665 0.074214 -1
0 -3.191533 7.604286 6.655636 0.544902 0.085163 -1
0 -3.191533 9.038076 6.884839 0.534509 0.074255 -1
0 -3.246761 7.618850 6.645085 0.544920 0.084996 -1
0 -3.246761 9.035273 6.870193 0.534665 0.074214 -1
0 -3.287191 7.658645 6.616261 0.544969 0.084540 -1
0 -3.287191 9.027596 6.830174 0.535093 0.074104 -1
0 -3.301989 7.713006 6.576881 0.545036 0.083918 -1
0 -3.301989 9.017115 6.775510 0.535677 0.073953 -1
0 -3.287191 7.767372 6.537508 0.545103 0.083295 -1
0 -3.287191 9.006634 6.720846 0.536261 0.073802 -1
0 -3.246761 7.807165 6.508678 0.545152 0.082839 -1
0 -3.246761 8.998966 6.680826 0.536689 0.073691 -1
0 -3.191533 7.821739 6.498130 0.545170 0.082672 -1
0 -3.191533 8.996151 6.666181 0.536846 0.073651 -1
0 -3.136305 7.807165 6.508678 0.545152 0.082839 -1
0 -3.136305 8.998966 6.680826 0.536689 0.073691 -1
0 -3.095877 7.767372 6.537508 0.545103 0.083295 -1
0 -3.095877 9.006634 6.720846 0.536261 0.073802 -1
0 -3.000217 7.987232 6.722102 0.542076 0.082273 -1
0 -3.025849 7.937340 6.811534 0.541503 0.083076 -1
0 -3.095877 7.900829 6.877000 0.541083 0.083665 -1
0 -3.191533 7.887454 6.900964 0.540930 0.083880 -1
0 -3.287191 7.900829 6.877000 0.541083 0.083665 -1
0 -3.357218 7.937340 6.811534 0.541503 0.083076 -1
0 -3.382849 7.987232 6.722102 0.542076 0.082273 -1
0 -3.357218 8.037109 6.632670 0.542649 0.081469 -1
0 -3.287191 8.073629 6.567204 0.543068 0.080881 -1
0 -3.191533 8.086994 6.543242 0.543221 0.080665 -1
0 -3.095877 8.073629 6.567204 0.543068 0.080881 -1
0 -3.025849 8.037109 6.632670 0.542649 0.081469 -1
0 -2.961736 8.451643 6.824280 0.538441 0.078861 -1
0 -2.992521 8.451643 6.920739 0.537516 0.079281 -1
0 -3.076636 8.451643 6.991351 0.536838 0.079588 -1
0 -3.191533 8.451643 7.017201 0.536590 0.079701 -1
0 -3.306430 8.451643 6.991351 0.536838 0.079588 -1
0 -3.390545 8.451643 6.920739 0.537516 0.079281 -1
0 -3.421330 8.451643 6.824280 0.538441 0.078861 -1
0 -3.390545 8.451643 6.727821 0.539367 0.078441 -1
0 -3.306430 8.451643 6.657208 0.540044 0.078133 -1
0 -3.191533 8.451643 6.631359 0.540292 0.078021 -1
0 -3.076636 8.451643 6.657208 0.540044 0.078133 -1
0 -2.992521 8.451643 6.727821 0.539367 0.078441 -1
0 -3.036566 8.737156 6.830684 0.536748 0.076518 -1
0 -3.057331 8.751860 6.907378 0.535928 0.076730 -1
0 -3.114050 8.762625 6.963518 0.535328 0.076885 -1
0 -3.191533 8.766563 6.984069 0.535108 0.076942 -1
0 -3.269015 8.762625 6.963518 0.535328 0.076885 -1
0 -3.325735 8.751860 6.907378 0.535928 0.076730 -1
0 -3.346499 8.737156 6.830684 0.536748 0.076518 -1
0 -3.325735 8.722450 6.753990 0.537568 0.076306 -1
0 -3.269015 8.711687 6.697850 0.538168 0.076151 -1
0 -3.191533 8.707750 6.677300 0.538387 0.076094 -1
0 -3.114050 8.711687 6.697850 0.538168 0.076151 -1
0 -3.057331 8.722450 6.753990 0.537568 0.076306 -1
0 -2.619514 7.296899 6.048495 0.879197 0.337096 -1
0 -3.188726 6.637058 4.210418 0.927550 0.326235 -1
0 -2.695775 7.028985 6.147372 0.880513 0.348522 -1
0 -2.904122 6.832857 6.219745 0.881477 0.356886 -1
0 -3.188726 6.761064 6.246226 0.881830 0.359948 -1
0 -3.473329 6.832857 6.219745 0.881477 0.356886 -1
0 -3.681674 7.028985 6.147372 0.880513 0.348522 -1
0 -3.757936 7.296899 6.048495 0.879197 0.337096 -1
0 -3.681674 7.564819 5.949634 0.877880 0.325670 -1
0 -3.473329 7.760948 5.877257 0.876916 0.317305 -1
0 -3.188726 7.832732 5.850768 0.876564 0.314244 -1
0 -2.904122 7.760948 5.877257 0.876916 0.317305 -1
0 -2.695775 7.564819 5.949634 0.877880 0.325670 -1
102
0.949463 -0.306721 -0.066644
0.955248 -0.295556 0.012138
0.890597 -0.431019 0.145123
0.950496 0.225196 0.214114
0.853507 0.269169 0.446176
0.953892 0.205418 0.218845
0.756010 -0.623315 0.199817
0.548774 -0.657276 0.516560
0.693576 0.338980 0.635646
0.494233 0.339781 0.800176
0.303888 -0.868268 0.392126
-0.000001 -0.801739 0.597675
0.253537 0.404704 0.878598
-0.000001 0.381154 0.924512
-0.303889 -0.868268 0.392126
-0.548768 -0.657279 0.516563
-0.253538 0.404704 0.878597
-0.494226 0.339781 0.800181
-0.755996 -0.623330 0.199827
-0.890591 -0.431027 0.145132
-0.693559 0.338985 0.635661
-0.853501 0.269171 0.446187
-0.949462 -0.306726 -0.066645
-0.965497 -0.182481 -0.185788
-0.950494 0.225200 0.214117
-0.987334 0.155760 -0.030177
-0.936435 0.000793 -0.350839
-0.823174 0.078334 -0.562359
-0.956419 0.093110 -0.276755
-0.858572 0.046538 -0.510577
-0.723959 0.278226 -0.631248
-0.492454 0.214216 -0.843564
-0.705477 -0.022673 -0.708370
-0.497807 -0.028138 -0.866831
-0.283532 0.469022 -0.836438
-0.000001 0.331984 -0.943285
-0.259580 -0.090414 -0.961480
-0.000001 -0.066095 -0.997813
0.283531 0.469022 -0.836438
0.492460 0.214214 -0.843561
0.259579 -0.090414 -0.961480
0.497815 -0.028135 -0.866827
0.723974 0.278216 -0.631235
0.823181 0.078328 -0.562350
0.705493 -0.022669 -0.708354
0.858578 0.046541 -0.510565
0.936437 0.000794 -0.350834
0.925484 -0.059923 -0.374018
0.956420 0.093108 -0.276751
0.956016 0.095899 -0.277195
0.962411 -0.226920 0.149240
0.876429 -0.286962 0.386684
0.523472 -0.400622 0.751984
0.000001 -0.444804 0.895628
-0.523472 -0.400622 0.751984
-0.876429 -0.286961 0.386685
-0.985652 -0.147839 -0.081448
-0.832101 0.025942 -0.554017
-0.500812 0.144739 -0.853369
0.000001 0.199121 -0.979975
0.500811 0.144740 -0.853369
0.832101 0.025940 -0.554018
0.950113 -0.060409 -0.305999
0.964611 0.052449 0.258409
0.830612 0.015613 0.556633
0.478286 -0.030259 0.877683
-0.000001 -0.049215 0.998788
-0.478284 -0.030259 0.877684
-0.830611 0.015613 0.556635
-0.995733 0.089709 -0.021615
-0.820739 0.153632 -0.550259
-0.462118 0.190550 -0.866105
-0.000001 0.205827 -0.978588
0.462119 0.190549 -0.866105
0.820740 0.153631 -0.550257
0.947194 0.119500 -0.297562
0.951494 0.219564 0.215523
0.847901 0.224310 0.480363
0.501548 0.228071 0.834526
-0.000001 0.229430 0.973325
-0.501545 0.228071 0.834528
-0.847899 0.224309 0.480367
-0.978455 0.203079 -0.037212
-0.838719 0.148964 -0.523793
-0.486092 0.095231 -0.868703
-0.000001 0.073102 -0.997324
0.486096 0.095232 -0.868701
0.838721 0.148966 -0.523790
0.941748 0.173326 -0.288216
-0.960049 0.096736 0.262579
0.000002 0.342350 0.939572
-0.831060 0.546967 0.100829
-0.480072 0.877055 -0.017466
0.000000 0.998150 -0.060800
0.480075 0.877054 -0.017466
0.831060 0.546967 0.100828
0.960049 0.096736 0.262579
0.832907 -0.354347 0.425094
0.481916 -0.686153 0.544933
0.000000 -0.808105 0.589039
-0.481913 -0.686154 0.544933
-0.832906 -0.354347 0.425095
132
0 0 1 2 0 1 2 1
0 3 4 5 3 4 5 1
0 0 2 6 6 2 7 1
0 3 7 4 8 9 4 1
0 0 6 8 10 7 11 1
0 3 9 7 12 13 9 1
0 0 8 10 14 11 15 1
0 3 11 9 16 17 13 1
0 0 10 12 18 15 19 1
0 3 13 11 20 21 17 1
0 0 12 14 22 19 23 1
0 3 15 13 24 25 21 1
0 0 14 16 26 23 27 1
0 3 17 15 28 29 25 1
0 0 16 18 30 27 31 1
0 3 19 17 32 33 29 1
0 0 18 20 34 31 35 1
0 3 21 19 36 37 33 1
0 0 20 22 38 35 39 1
0 3 23 21 40 41 37 1
0 0 22 24 42 39 43 1
0 3 25 23 44 45 41 1
0 0 24 1 46 43 47 1
0 3 5 25 48 49 45 1
0 1 26 27 1 50 51 1
0 1 27 2 1 51 2 1
0 2 27 6 2 51 7 1
0 27 28 6 51 52 7 1
0 6 28 29 7 52 53 1
0 6 29 8 7 53 11 1
0 8 29 10 11 53 15 1
0 29 30 10 53 54 15 1
0 10 30 31 15 54 55 1
0 10 31 12 15 55 19 1
0 12 31 14 19 55 23 1
0 31 32 14 55 56 23 1
0 14 32 33 23 56 57 1
0 14 33 16 23 57 27 1
0 16 33 18 27 57 31 1
0 33 34 18 57 58 31 1
0 18 34 35 31 58 59 1
0 18 35 20 31 59 35 1
0 20 35 22 35 59 39 1
0 35 36 22 59 60 39 1
0 22 36 37 39 60 61 1
0 22 37 24 39 61 43 1
0 24 37 1 43 61 47 1
0 37 26 1 61 62 47 1
0 26 38 27 50 63 51 1
0 38 39 27 63 64 51 1
0 27 39 40 51 64 65 1
0 27 40 28 51 65 52 1
0 28 40 29 52 65 53 1
0 40 41 29 65 66 53 1
0 29 41 42 53 66 67 1
0 29 42 30 53 67 54 1
0 30 42 31 54 67 55 1
0 42 43 31 67 68 55 1
0 31 43 44 55 68 69 1
0 31 44 32 55 69 56 1
0 32 44 33 56 69 57 1
0 44 45 33 69 70 57 1
0 33 45 46 57 70 71 1
0 33 46 34 57 71 58 1
0 34 46 35 58 71 59 1
0 46 47 35 71 72 59 1
0 35 47 48 59 72 73 1
0 35 48 36 59 73 60 1
0 36 48 37 60 73 61 1
0 48 49 37 73 74 61 1
0 37 49 38 61 74 75 1
0 37 38 26 61 75 62 1
0 38 50 51 63 76 77 1
0 38 51 39 63 77 64 1
0 39 51 40 64 77 65 1
0 51 52 40 77 78 65 1
0 40 52 53 65 78 79 1
0 40 53 41 65 79 66 1
0 41 53 42 66 79 67 1
0 53 54 42 79 80 67 1
0 42 54 55 67 80 81 1
0 42 55 43 67 81 68 1
0 43 55 44 68 81 69 1
0 55 56 44 81 82 69 1
0 44 56 57 69 82 83 1
0 44 57 45 69 83 70 1
0 45 57 46 70 83 71 1
0 57 58 46 83 84 71 1
0 46 58 59 71 84 85 1
0 46 59 47 71 85 72 1
0 47 59 48 72 85 73 1
0 59 60 48 85 86 73 1
0 48 60 61 73 86 87 1
0 48 61 49 73 87 74 1
0 49 61 38 74 87 75 1
0 61 50 38 87 88 75 1
0 50 5 51 76 5 77 1
0 5 4 51 5 4 77 1
0 51 4 7 77 4 9 1
0 51 7 52 77 9 78 1
0 52 7 53 78 9 79 1
0 7 9 53 9 13 79 1
0 53 9 11 79 13 17 1
0 53 11 54 79 17 80 1
0 54 11 55 80 17 81 1
0 11 13 55 17 21 81 1
0 55 13 15 81 21 25 1
0 55 15 56 81 25 82 1
0 56 15 57 82 25 83 1
0 15 17 57 25 29 83 1
0 57 17 19 83 29 33 1
0 57 19 58 83 33 84 1
0 58 19 59 84 33 85 1
0 19 21 59 33 37 85 1
0 59 21 23 85 37 41 1
0 59 23 60 85 41 86 1
0 60 23 61 86 41 87 1
0 23 25 61 41 45 87 1
0 61 25 5 87 45 49 1
0 61 5 50 87 49 88 1
0 62 63 64 89 90 91 2
0 64 63 65 91 90 92 2
0 65 63 66 92 90 93 2
0 66 63 67 93 90 94 2
0 67 63 68 94 90 95 2
0 68 63 69 95 90 96 2
0 69 63 70 96 90 97 2
0 70 63 71 97 90 98 2
0 71 63 72 98 90 99 2
0 72 63 73 99 90 100 2
0 73 63 74 100 90 101 2
0 74 63 62 101 90 89 2
"hose" 0 3
232
0 0.882506 4.730320 -0.018089 0.068622 0.006243 -1
0 0.939130 4.731396 -0.309642 0.068622 0.006243 -1
0 1.076608 4.716471 -0.242463 0.068622 0.006243 -1
0 1.449556 4.423098 -3.269267 0.068622 0.006243 -1
0 1.720607 4.414923 -3.390409 0.068622 0.006243 -1
0 1.532393 4.333818 -3.175444 0.068622 0.006243 -1
0 1.017721 5.823298 -0.253011 0.073395 0.102452 -1
0 1.152734 5.796230 -0.184638 0.068622 0.102452 -1
0 1.076608 4.716471 -0.242463 0.068622 0.121693 -1
0 0.939130 4.731396 -0.309642 0.073395 0.121693 -1
0 1.370145 6.462069 -0.488055 0.068622 0.083210 -1
0 1.263281 6.566829 -0.523292 0.073395 0.083210 -1
0 1.898618 6.974321 -1.087684 0.073395 0.063968 -1
0 1.997561 6.864532 -1.045355 0.068622 0.063968 -1
0 2.166394 6.806819 -1.395500 0.068622 0.044727 -1
0 2.084980 6.912485 -1.471942 0.073395 0.044727 -1
0 1.883118 6.091670 -2.667964 0.073395 0.025485 -1
0 1.965962 6.002398 -2.574141 0.068622 0.025485 -1
0 1.449556 4.423098 -3.269267 0.073395 0.006243 -1
0 0.786478 4.746029 -0.298702 0.068622 0.006243 -1
0 1.439341 4.510179 -3.395554 0.068622 0.006243 -1
0 0.786478 4.746029 -0.298702 0.078167 0.121693 -1
0 0.871808 5.871110 -0.245331 0.078167 0.102452 -1
0 1.187440 6.696220 -0.489501 0.078167 0.083210 -1
0 1.844416 7.117477 -1.073267 0.078167 0.063968 -1
0 2.078686 7.044345 -1.550742 0.078167 0.044727 -1
0 1.872905 6.178754 -2.794252 0.078167 0.025485 -1
0 1.439341 4.510179 -3.395554 0.078167 0.006243 -1
0 0.659561 4.756456 -0.212572 0.068622 0.006243 -1
0 1.504495 4.571742 -3.520463 0.068622 0.006243 -1
0 0.754090 5.926858 -0.163663 0.082939 0.102452 -1
0 0.659561 4.756456 -0.212572 0.082939 0.121693 -1
0 1.162940 6.815578 -0.395741 0.082939 0.083210 -1
0 1.849477 7.255603 -1.005984 0.082939 0.063968 -1
0 2.149182 7.167066 -1.610775 0.082939 0.044727 -1
0 1.938059 6.240316 -2.919155 0.082939 0.025485 -1
0 1.504495 4.571742 -3.520463 0.082939 0.006243 -1
0 0.592379 4.759879 -0.074330 0.068622 0.006243 -1
0 1.627555 4.591287 -3.610513 0.068622 0.006243 -1
0 0.592379 4.759879 -0.074330 0.087712 0.121693 -1
0 0.696109 5.975600 -0.029879 0.087712 0.102452 -1
0 1.196344 6.892910 -0.267131 0.087712 0.083210 -1
0 1.912444 7.351726 -0.903845 0.087712 0.063968 -1
0 2.277592 7.247770 -1.635975 0.087712 0.044727 -1
0 2.061121 6.259861 -3.009212 0.087712 0.025485 -1
0 1.627555 4.591287 -3.610513 0.087712 0.006243 -1
0 0.602936 4.755386 0.078982 0.068622 0.006243 -1
0 1.775551 4.563576 -3.641589 0.068622 0.006243 -1
0 0.713404 6.004283 0.120167 0.092484 0.102452 -1
0 0.602936 4.755386 0.078982 0.092484 0.121693 -1
0 1.278714 6.907505 -0.138141 0.092484 0.083210 -1
0 2.016447 7.380073 -0.794224 0.092484 0.063968 -1
0 2.429498 7.264827 -1.619569 0.092484 0.044727 -1
0 2.209110 6.232151 -3.040281 0.092484 0.025485 -1
0 1.775551 4.563576 -3.641589 0.092484 0.006243 -1
0 0.688404 4.744174 0.206281 0.068622 0.006243 -1
0 1.908820 4.496031 -3.605362 0.068622 0.006243 -1
0 0.688404 4.744174 0.206281 0.097256 0.121693 -1
0 0.801336 6.005215 0.246272 0.097256 0.102452 -1
0 1.387960 6.855443 -0.043328 0.097256 0.083210 -1
0 2.133615 7.333045 -0.706500 0.097256 0.063968 -1
0 2.564201 7.213674 -1.565959 0.097256 0.044727 -1
0 2.342388 6.164609 -3.004065 0.097256 0.025485 -1
0 1.908820 4.496031 -3.605362 0.097256 0.006243 -1
0 0.825881 4.729254 0.273463 0.068622 0.006243 -1
0 1.991664 4.406760 -3.511540 0.068622 0.006243 -1
0 0.936347 5.978147 0.314647 0.102028 0.102452 -1
0 0.825881 4.729254 0.273463 0.102028 0.121693 -1
0 1.494823 6.750680 -0.008091 0.102028 0.083210 -1
0 2.232559 7.223255 -0.664170 0.102028 0.063968 -1
0 2.645607 7.108009 -1.489518 0.102028 0.044727 -1
0 2.425223 6.075331 -2.910230 0.102028 0.025485 -1
0 1.991664 4.406760 -3.511540 0.102028 0.006243 -1
0 0.978530 4.714613 0.262519 0.068622 0.006243 -1
0 2.001875 4.319669 -3.385256 0.068622 0.006243 -1
0 0.978530 4.714613 0.262519 0.106801 0.121693 -1
0 1.082262 5.930335 0.306970 0.106801 0.102452 -1
0 1.570665 6.621292 -0.041876 0.106801 0.083210 -1
0 2.286762 7.080114 -0.678586 0.106801 0.063968 -1
0 2.651906 6.976150 -1.410718 0.106801 0.044727 -1
0 2.435436 5.988244 -2.783955 0.106801 0.025485 -1
0 2.001875 4.319669 -3.385256 0.106801 0.006243 -1
0 1.105448 4.704190 0.176388 0.068622 0.006243 -1
0 1.936720 4.258103 -3.260358 0.068622 0.006243 -1
0 1.199979 5.874590 0.225299 0.111573 0.102452 -1
0 1.105448 4.704190 0.176388 0.111573 0.121693 -1
0 1.595164 6.501937 -0.135634 0.111573 0.083210 -1
0 2.281699 6.941972 -0.745875 0.111573 0.063968 -1
0 2.581407 6.853429 -1.350671 0.111573 0.044727 -1
0 2.370281 5.926677 -2.659050 0.111573 0.025485 -1
0 1.936720 4.258103 -3.260358 0.111573 0.006243 -1
0 1.172631 4.700764 0.038149 0.068622 0.006243 -1
0 1.813657 4.238557 -3.170298 0.068622 0.006243 -1
0 1.172631 4.700764 0.038149 0.116345 0.121693 -1
0 1.257960 5.825849 0.091518 0.116345 0.102452 -1
0 1.561756 6.424605 -0.264245 0.116345 0.083210 -1
0 2.218734 6.845850 -0.848014 0.116345 0.063968 -1
0 2.453004 6.772724 -1.325484 0.116345 0.044727 -1
0 2.247221 5.907133 -2.568995 0.116345 0.025485 -1
0 1.813657 4.238557 -3.170298 0.116345 0.006243 -1
0 1.162075 4.705262 -0.115163 0.068622 0.006243 -1
0 1.665667 4.266282 -3.139214 0.068622 0.006243 -1
0 1.240669 5.797161 -0.058532 0.121117 0.102452 -1
0 1.162075 4.705262 -0.115163 0.121117 0.121693 -1
0 1.479394 6.410012 -0.393238 0.121117 0.083210 -1
0 2.114732 6.817502 -0.957632 0.121117 0.063968 -1
0 2.301096 6.755661 -1.341890 0.121117 0.044727 -1
0 2.099231 5.934848 -2.537920 0.121117 0.025485 -1
0 1.665667 4.266282 -3.139214 0.121117 0.006243 -1
0 1.076608 4.716471 -0.242463 0.125890 0.121693 -1
0 1.152734 5.796230 -0.184638 0.125890 0.102452 -1
0 1.370145 6.462069 -0.488055 0.125890 0.083210 -1
0 1.997561 6.864532 -1.045355 0.125890 0.063968 -1
0 2.166394 6.806819 -1.395500 0.125890 0.044727 -1
0 1.965962 6.002398 -2.574141 0.125890 0.025485 -1
0 1.532393 4.333818 -3.175444 0.125890 0.006243 -1
0 1.718916 4.423634 -3.382604 0.068622 0.006243 -1
0 1.654778 4.598765 -3.613742 0.068622 0.006243 -1
0 1.524424 4.590580 -3.532647 0.068622 0.006243 -1
0 -3.198355 2.984437 0.270750 0.068622 0.006243 -1
0 -3.184131 2.799720 0.382813 0.068622 0.006243 -1
0 -3.101094 2.938674 0.239018 0.068622 0.006243 -1
0 -0.287668 2.600801 -4.581974 0.073395 0.102452 -1
0 -0.384396 2.631750 -4.466552 0.068622 0.102452 -1
0 1.524424 4.590580 -3.532647 0.068622 0.121693 -1
0 1.654778 4.598765 -3.613742 0.073395 0.121693 -1
0 -1.839620 1.997779 -4.025988 0.068622 0.083210 -1
0 -1.879663 1.950947 -4.166839 0.073395 0.083210 -1
0 -2.910176 1.725166 -3.215200 0.073395 0.063968 -1
0 -2.786825 1.772398 -3.136527 0.068622 0.063968 -1
0 -3.292433 1.779533 -1.366671 0.068622 0.044727 -1
0 -3.442016 1.804482 -1.391943 0.073395 0.044727 -1
0 -3.539348 2.450310 -0.554187 0.073395 0.025485 -1
0 -3.390645 2.411699 -0.548558 0.068622 0.025485 -1
0 -3.198355 2.984437 0.270750 0.073395 0.006243 -1
0 1.802320 4.560022 -3.632911 0.068622 0.006243 -1
0 -3.291799 2.980709 0.332519 0.068622 0.006243 -1
0 1.802320 4.560022 -3.632911 0.078167 0.121693 -1
0 -0.185175 2.507418 -4.648385 0.078167 0.102452 -1
0 -1.893997 1.838505 -4.270701 0.078167 0.083210 -1
0 -3.002197 1.611624 -3.262956 0.078167 0.063968 -1
0 -3.587422 1.754546 -1.390581 0.078167 0.044727 -1
0 -3.682365 2.437683 -0.499186 0.078167 0.025485 -1
0 -3.291799 2.980709 0.332519 0.078167 0.006243 -1
0 1.927507 4.484738 -3.585010 0.068622 0.006243 -1
0 -3.356401 2.928487 0.407761 0.068622 0.006243 -1
0 -0.104368 2.376629 -4.647988 0.082939 0.102452 -1
0 1.927507 4.484738 -3.585010 0.082939 0.121693 -1
0 -1.878788 1.690581 -4.309745 0.082939 0.083210 -1
0 -3.038206 1.462229 -3.267002 0.082939 0.063968 -1
0 -3.689673 1.643120 -1.362957 0.082939 0.044727 -1
0 -3.781348 2.377218 -0.398285 0.082939 0.025485 -1
0 -3.356401 2.928487 0.407761 0.082939 0.006243 -1
0 1.996806 4.393077 -3.482870 0.068622 0.006243 -1
0 -3.374834 2.841757 0.476306 0.068622 0.006243 -1
0 1.996806 4.393077 -3.482870 0.087712 0.121693 -1
0 -0.066910 2.243476 -4.580890 0.087712 0.102452 -1
0 -1.838097 1.546816 -4.273515 0.087712 0.083210 -1
0 -3.008572 1.316975 -3.226260 0.087712 0.063968 -1
0 -3.721385 1.500047 -1.316459 0.087712 0.044727 -1
0 -3.809801 2.285111 -0.278527 0.087712 0.025485 -1
0 -3.374834 2.841757 0.476306 0.087712 0.006243 -1
0 1.991647 4.309602 -3.353870 0.068622 0.006243 -1
0 -3.342180 2.743762 0.519808 0.068622 0.006243 -1
0 -0.082830 2.143631 -4.465070 0.092484 0.102452 -1
0 1.991647 4.309602 -3.353870 0.092484 0.121693 -1
0 -1.782846 1.445732 -4.171703 0.092484 0.083210 -1
0 -2.921226 1.214797 -3.151648 0.092484 0.063968 -1
0 -3.674054 1.363674 -1.263564 0.092484 0.044727 -1
0 -3.760068 2.186035 -0.171997 0.092484 0.025485 -1
0 -3.342180 2.743762 0.519808 0.092484 0.006243 -1
0 1.913406 4.256686 -3.232567 0.068622 0.006243 -1
0 -3.267174 2.660767 0.526598 0.068622 0.006243 -1
0 1.913406 4.256686 -3.232567 0.097256 0.121693 -1
0 -0.147866 2.103858 -4.331569 0.097256 0.102452 -1
0 -1.727827 1.414415 -4.031609 0.097256 0.083210 -1
0 -2.799582 1.183081 -3.063149 0.097256 0.063968 -1
0 -3.560366 1.270532 -1.218440 0.097256 0.044727 -1
0 -3.645519 2.106547 -0.107227 0.097256 0.025485 -1
0 -3.267174 2.660767 0.526598 0.097256 0.006243 -1
0 1.783053 4.248497 -3.151466 0.068622 0.006243 -1
0 -3.169912 2.615001 0.494864 0.068622 0.006243 -1
0 -0.244591 2.134807 -4.216142 0.102028 0.102452 -1
0 1.783053 4.248497 -3.151466 0.102028 0.121693 -1
0 -1.687776 1.461247 -3.890754 0.102028 0.083210 -1
0 -2.676224 1.230310 -2.984481 0.102028 0.063968 -1
0 -3.410789 1.245593 -1.193170 0.102028 0.044727 -1
0 -3.496806 2.067948 -0.101601 0.102028 0.025485 -1
0 -3.169912 2.615001 0.494864 0.102028 0.006243 -1
0 1.635519 4.287247 -3.132299 0.068622 0.006243 -1
0 -3.076460 2.618729 0.433099 0.068622 0.006243 -1
0 1.635519 4.287247 -3.132299 0.106801 0.121693 -1
0 -0.347087 2.228191 -4.149730 0.106801 0.102452 -1
0 -1.673443 1.573685 -3.786891 0.106801 0.083210 -1
0 -2.584224 1.343840 -2.936720 0.106801 0.063968 -1
0 -3.265386 1.295522 -1.194535 0.106801 0.044727 -1
0 -3.353797 2.080577 -0.156598 0.106801 0.025485 -1
0 -3.076460 2.618729 0.433099 0.106801 0.006243 -1
0 1.510325 4.362529 -3.180207 0.068622 0.006243 -1
0 -3.011863 2.670954 0.357864 0.068622 0.006243 -1
0 -0.427892 2.358975 -4.150129 0.111573 0.102452 -1
0 1.510325 4.362529 -3.180207 0.111573 0.121693 -1
0 -1.688652 1.721604 -3.747843 0.111573 0.083210 -1
0 -2.548203 1.493247 -2.932672 0.111573 0.063968 -1
0 -3.163129 1.406950 -1.222171 0.111573 0.044727 -1
0 -3.254799 2.141049 -0.257494 0.111573 0.025485 -1
0 -3.011863 2.670954 0.357864 0.111573 0.006243 -1
0 1.441028 4.454193 -3.282340 0.068622 0.006243 -1
0 -2.993417 2.757684 0.289313 0.068622 0.006243 -1
0 1.441028 4.454193 -3.282340 0.116345 0.121693 -1
0 -0.465354 2.492130 -4.217227 0.116345 0.102452 -1
0 -1.729340 1.865373 -3.784083 0.116345 0.083210 -1
0 -2.577834 1.638502 -2.973413 0.116345 0.063968 -1
0 -3.131414 1.550022 -1.268651 0.116345 0.044727 -1
0 -3.226359 2.233156 -0.377258 0.116345 0.025485 -1
0 -2.993417 2.757684 0.289313 0.116345 0.006243 -1
0 1.446183 4.537664 -3.411343 0.068622 0.006243 -1
0 -3.026086 2.855673 0.245802 0.068622 0.006243 -1
0 -0.449430 2.591981 -4.333041 0.121117 0.102452 -1
0 1.446183 4.537664 -3.411343 0.121117 0.121693 -1
0 -1.784600 1.966458 -3.885890 0.121117 0.083210 -1
0 -2.665184 1.740680 -3.048024 0.121117 0.063968 -1
0 -3.178745 1.686395 -1.321547 0.121117 0.044727 -1
0 -3.276077 2.332218 -0.483786 0.121117 0.025485 -1
0 -3.026086 2.855673 0.245802 0.121117 0.006243 -1
0 1.524424 4.590580 -3.532647 0.125890 0.121693 -1
0 -0.384396 2.631750 -4.466552 0.125890 0.102452 -1
0 -1.839620 1.997779 -4.025988 0.125890 0.083210 -1
0 -2.786825 1.772398 -3.136527 0.125890 0.063968 -1
0 -3.292433 1.779533 -1.366671 0.125890 0.044727 -1
0 -3.390645 2.411699 -0.548558 0.125890 0.025485 -1
0 -3.101094 2.938674 0.239018 0.125890 0.006243 -1
234
-0.097011 -0.995029 -0.022498
-0.097009 -0.995029 -0.022512
-0.097010 -0.995029 -0.022505
-0.262600 -0.804138 -0.533294
-0.262574 -0.804135 -0.533311
-0.262576 -0.804143 -0.533299
0.054631 -0.138455 -0.988861
0.400160 -0.238895 -0.884760
0.447276 0.015274 -0.894266
0.193750 0.036900 -0.980357
-0.082942 -0.510264 -0.856009
-0.390885 -0.306670 -0.867849
-0.670757 -0.459718 -0.582017
-0.526752 -0.674270 -0.517583
-0.817837 -0.567753 0.093806
-0.934810 -0.354598 -0.019778
-0.932400 -0.045263 0.358583
-0.822240 -0.205052 0.530918
-0.764679 -0.033221 0.643554
-0.895975 0.075071 0.437713
-0.097006 -0.995029 -0.022506
-0.262586 -0.804152 -0.533280
-0.310778 0.069113 -0.947967
-0.334288 -0.032914 -0.941896
-0.628387 0.027751 -0.777406
-0.808838 0.034476 -0.587020
-0.962167 0.130236 -0.239316
-0.959656 0.277411 -0.045855
-0.962038 0.268194 -0.050553
-0.097013 -0.995029 -0.022506
-0.262566 -0.804137 -0.533313
-0.798284 0.172752 -0.576975
-0.750655 0.087991 -0.654809
-0.822118 0.439514 -0.361868
-0.727974 0.527858 -0.437515
-0.735946 0.565462 -0.372339
-0.745753 0.510134 -0.428505
-0.762481 0.385408 -0.519696
-0.097014 -0.995029 -0.022493
-0.262551 -0.804129 -0.533332
-0.979650 0.090544 -0.179133
-0.943786 0.257274 -0.207554
-0.742095 0.669530 -0.032014
-0.450506 0.877024 -0.166953
-0.295516 0.859482 -0.417086
-0.305401 0.624633 -0.718723
-0.365010 0.398126 -0.841584
-0.097020 -0.995028 -0.022489
-0.262566 -0.804125 -0.533331
-0.857453 0.327906 0.396549
-0.942391 0.072588 0.326542
-0.438784 0.747022 0.499427
-0.061079 0.986409 0.152534
0.189575 0.918007 -0.348316
0.195376 0.561335 -0.804196
0.122600 0.308124 -0.943413
-0.097011 -0.995029 -0.022489
-0.262563 -0.804132 -0.533322
-0.654732 0.033851 0.755103
-0.601974 0.313670 0.734329
-0.116726 0.647425 0.753137
0.345423 0.833564 0.431108
0.648336 0.738027 -0.187019
0.657396 0.346295 -0.669261
0.583513 0.136852 -0.800490
-0.097022 -0.995028 -0.022482
-0.262552 -0.804136 -0.533322
-0.057282 0.158581 0.985683
-0.191783 -0.015396 0.981317
0.370953 0.292416 0.881412
0.664356 0.460006 0.589088
0.932285 0.360379 0.031158
0.932848 0.046392 -0.357271
0.895969 -0.075061 -0.437727
-0.097020 -0.995028 -0.022496
-0.262554 -0.804126 -0.533336
0.312442 -0.060914 0.947982
0.345362 0.063441 0.936323
0.622856 -0.022795 0.782004
0.806848 -0.035350 0.589700
0.961040 -0.126279 0.245875
0.960903 -0.272482 0.049189
0.962038 -0.268193 0.050552
-0.097001 -0.995030 -0.022497
-0.262564 -0.804127 -0.533330
0.798876 -0.163533 0.578839
0.750652 -0.087993 0.654812
0.807879 -0.456128 0.373201
0.727320 -0.528146 0.438256
0.735949 -0.565456 0.372342
0.745811 -0.510272 0.428240
0.762486 -0.385406 0.519689
-0.097007 -0.995029 -0.022500
-0.262616 -0.804130 -0.533298
0.980502 -0.082255 0.178466
0.957836 -0.208970 0.197184
0.753445 -0.656658 0.033486
0.448235 -0.877706 0.169464
0.292440 -0.862168 0.413698
0.303089 -0.631351 0.713816
0.365026 -0.398126 0.841577
-0.097002 -0.995030 -0.022503
-0.262599 -0.804149 -0.533279
0.864971 -0.297583 -0.404066
0.944040 -0.051051 -0.325856
0.431746 -0.751267 -0.499192
0.057166 -0.987930 -0.143964
-0.189726 -0.918460 0.347038
-0.196104 -0.569586 0.798195
-0.122583 -0.308122 0.943416
0.824353 -0.028927 -0.565337
0.794319 -0.253653 -0.552012
0.327612 -0.717370 -0.614858
-0.157236 -0.942404 -0.295215
-0.442731 -0.852106 0.279114
-0.446910 -0.475355 0.757832
-0.362554 -0.231147 0.902843
0.279137 0.801066 0.529505
0.279132 0.801067 0.529506
0.279125 0.801072 0.529502
0.468902 0.484242 0.738675
0.468899 0.484207 0.738699
0.468907 0.484214 0.738690
-0.340202 0.640912 -0.688110
-0.455593 0.687054 -0.566031
-0.428750 0.694908 -0.577301
-0.216543 0.588147 -0.779226
-0.400790 0.877049 -0.264861
-0.476701 0.782282 -0.400988
-0.403685 0.883524 -0.237535
-0.306137 0.947815 -0.089034
0.083792 0.939139 -0.333163
-0.052362 0.933277 -0.355319
-0.034018 0.819728 -0.571742
0.224054 0.777187 -0.588030
0.201619 0.780403 -0.591879
-0.068529 0.850122 -0.522108
0.279141 0.801069 0.529499
0.468929 0.484225 0.738669
0.155834 0.312969 -0.936892
-0.074801 0.230928 -0.970091
-0.500822 0.348000 -0.792511
-0.755885 0.461716 -0.464172
-0.624992 0.658562 -0.419144
-0.507651 0.740794 -0.439903
-0.491958 0.816953 -0.300941
0.279133 0.801072 0.529499
0.468900 0.484201 0.738703
0.201885 -0.114161 -0.972733
0.544188 -0.104789 -0.832393
-0.431274 -0.073026 -0.899261
-0.823391 0.038970 -0.566135
-0.869121 0.357928 -0.341346
-0.867324 0.471429 -0.159700
-0.829595 0.555396 0.057518
0.279137 0.801063 0.529510
0.468890 0.484181 0.738722
0.722571 -0.410941 -0.555894
0.434777 -0.535073 -0.724338
-0.219294 -0.579455 -0.784947
-0.682477 -0.548139 -0.483496
-0.962318 -0.218771 -0.161505
-0.982688 0.085107 0.164566
-0.906517 0.221958 0.359113
0.279143 0.801059 0.529513
0.468887 0.484183 0.738723
0.535288 -0.788430 -0.303059
0.744620 -0.659123 -0.105341
0.029251 -0.872583 -0.487590
-0.417699 -0.852137 -0.315264
-0.823543 -0.566952 0.018517
-0.814794 -0.345827 0.465310
-0.724480 -0.252662 0.641320
0.279136 0.801061 0.529514
0.468875 0.484196 0.738722
0.574793 -0.734148 0.361440
0.508123 -0.807561 0.299426
0.292376 -0.956217 0.012882
0.076983 -0.996877 -0.017600
-0.343997 -0.902864 0.257882
-0.451838 -0.636894 0.624666
-0.388794 -0.566210 0.726805
0.279159 0.801054 0.529511
0.468888 0.484197 0.738713
0.346979 -0.642835 0.682912
0.213791 -0.595247 0.774580
0.491871 -0.776299 0.394237
0.403143 -0.884165 0.236067
0.055753 -0.939063 0.339194
0.059238 -0.778307 0.625083
0.137651 -0.766386 0.627459
0.279143 0.801071 0.529494
0.468907 0.484192 0.738705
-0.155338 -0.312813 0.937026
0.096025 -0.212515 0.972428
0.536251 -0.333615 0.775330
0.759328 -0.460897 0.459342
0.624295 -0.665328 0.409383
0.525511 -0.696525 0.488561
0.545076 -0.730846 0.410798
0.279121 0.801068 0.529510
0.468898 0.484180 0.738718
-0.155807 0.131079 0.979052
-0.537363 0.115413 0.835417
0.487734 0.085313 0.868814
0.830539 -0.041358 0.555422
0.872962 -0.365051 0.323536
0.883543 -0.417265 0.212700
0.881606 -0.468703 0.055567
0.279142 0.801061 0.529510
0.468886 0.484236 0.738689
-0.710825 0.420742 0.563653
-0.397428 0.550697 0.734019
0.253107 0.582317 0.772557
0.671750 0.549353 0.496954
0.959567 0.223945 0.170530
0.994433 -0.014785 -0.104329
0.962397 -0.119256 -0.244070
0.279136 0.801076 0.529491
0.468919 0.484240 0.738665
-0.518567 0.798112 0.306766
-0.737549 0.666174 0.110606
-0.020896 0.873854 0.485740
0.406264 0.852921 0.327834
0.823346 0.567407 -0.012266
0.829550 0.398655 -0.391051
0.793352 0.332164 -0.510156
-0.681651 0.721623 -0.120883
-0.540585 0.841192 -0.012755
-0.172153 0.956012 0.237496
0.128401 0.976435 0.173460
0.568275 0.809288 -0.148716
0.666661 0.561329 -0.490381
0.643124 0.502805 -0.577563
336
0 0 1 2 0 1 2 2
0 3 4 5 3 4 5 2
0 6 7 8 6 7 8 1
0 9 6 8 9 6 8 1
0 6 10 7 6 10 7 1
0 6 11 10 6 11 10 1
0 12 13 10 12 13 10 1
0 11 12 10 11 12 10 1
0 12 14 13 12 14 13 1
0 12 15 14 12 15 14 1
0 16 17 14 16 17 14 1
0 15 16 14 15 16 14 1
0 16 5 17 16 18 17 1
0 16 18 5 16 19 18 1
0 0 19 1 0 20 1 2
0 20 4 3 21 4 3 2
0 21 6 9 22 6 9 1
0 21 22 6 22 23 6 1
0 23 11 6 24 11 6 1
0 22 23 6 23 24 6 1
0 23 12 11 24 12 11 1
0 23 24 12 24 25 12 1
0 25 15 12 26 15 12 1
0 24 25 12 25 26 12 1
0 25 16 15 26 16 15 1
0 25 26 16 26 27 16 1
0 27 18 16 28 19 16 1
0 26 27 16 27 28 16 1
0 0 28 19 0 29 20 2
0 29 4 20 30 4 21 2
0 30 22 21 31 23 22 1
0 31 30 21 32 31 22 1
0 30 23 22 31 24 23 1
0 30 32 23 31 33 24 1
0 33 24 23 34 25 24 1
0 32 33 23 33 34 24 1
0 33 25 24 34 26 25 1
0 33 34 25 34 35 26 1
0 35 26 25 36 27 26 1
0 34 35 25 35 36 26 1
0 35 27 26 36 28 27 1
0 35 36 27 36 37 28 1
0 0 37 28 0 38 29 2
0 38 4 29 39 4 30 2
0 39 30 31 40 31 32 1
0 39 40 30 40 41 31 1
0 41 32 30 42 33 31 1
0 40 41 30 41 42 31 1
0 41 33 32 42 34 33 1
0 41 42 33 42 43 34 1
0 43 34 33 44 35 34 1
0 42 43 33 43 44 34 1
0 43 35 34 44 36 35 1
0 43 44 35 44 45 36 1
0 45 36 35 46 37 36 1
0 44 45 35 45 46 36 1
0 0 46 37 0 47 38 2
0 47 4 38 48 4 39 2
0 48 40 39 49 41 40 1
0 49 48 39 50 49 40 1
0 48 41 40 49 42 41 1
0 48 50 41 49 51 42 1
0 51 42 41 52 43 42 1
0 50 51 41 51 52 42 1
0 51 43 42 52 44 43 1
0 51 52 43 52 53 44 1
0 53 44 43 54 45 44 1
0 52 53 43 53 54 44 1
0 53 45 44 54 46 45 1
0 53 54 45 54 55 46 1
0 0 55 46 0 56 47 2
0 56 4 47 57 4 48 2
0 57 48 49 58 49 50 1
0 57 58 48 58 59 49 1
0 59 50 48 60 51 49 1
0 58 59 48 59 60 49 1
0 59 51 50 60 52 51 1
0 59 60 51 60 61 52 1
0 61 52 51 62 53 52 1
0 60 61 51 61 62 52 1
0 61 53 52 62 54 53 1
0 61 62 53 62 63 54 1
0 63 54 53 64 55 54 1
0 62 63 53 63 64 54 1
0 0 64 55 0 65 56 2
0 65 4 56 66 4 57 2
0 66 58 57 67 59 58 1
0 67 66 57 68 67 58 1
0 66 59 58 67 60 59 1
0 66 68 59 67 69 60 1
0 69 60 59 70 61 60 1
0 68 69 59 69 70 60 1
0 69 61 60 70 62 61 1
0 69 70 61 70 71 62 1
0 71 62 61 72 63 62 1
0 70 71 61 71 72 62 1
0 71 63 62 72 64 63 1
0 71 72 63 72 73 64 1
0 0 73 64 0 74 65 2
0 74 4 65 75 4 66 2
0 75 66 67 76 67 68 1
0 75 76 66 76 77 67 1
0 77 68 66 78 69 67 1
0 76 77 66 77 78 67 1
0 77 69 68 78 70 69 1
0 77 78 69 78 79 70 1
0 79 70 69 80 71 70 1
0 78 79 69 79 80 70 1
0 79 71 70 80 72 71 1
0 79 80 71 80 81 72 1
0 81 72 71 82 73 72 1
0 80 81 71 81 82 72 1
0 0 82 73 0 83 74 2
0 83 4 74 84 4 75 2
0 84 76 75 85 77 76 1
0 85 84 75 86 85 76 1
0 84 77 76 85 78 77 1
0 84 86 77 85 87 78 1
0 87 78 77 88 79 78 1
0 86 87 77 87 88 78 1
0 87 79 78 88 80 79 1
0 87 88 79 88 89 80 1
0 89 80 79 90 81 80 1
0 88 89 79 89 90 80 1
0 89 81 80 90 82 81 1
0 89 90 81 90 91 82 1
0 0 91 82 0 92 83 2
0 92 4 83 93 4 84 2
0 93 84 85 94 85 86 1
0 93 94 84 94 95 85 1
0 95 86 84 96 87 85 1
0 94 95 84 95 96 85 1
0 95 87 86 96 88 87 1
0 95 96 87 96 97 88 1
0 97 88 87 98 89 88 1
0 96 97 87 97 98 88 1
0 97 89 88 98 90 89 1
0 97 98 89 98 99 90 1
0 99 90 89 100 91 90 1
0 98 99 89 99 100 90 1
0 0 100 91 0 101 92 2
0 101 4 92 102 4 93 2
0 102 94 93 103 95 94 1
0 103 102 93 104 103 94 1
0 102 95 94 103 96 95 1
0 102 104 95 103 105 96 1
0 105 96 95 106 97 96 1
0 104 105 95 105 106 96 1
0 105 97 96 106 98 97 1
0 105 106 97 106 107 98 1
0 107 98 97 108 99 98 1
0 106 107 97 107 108 98 1
0 107 99 98 108 100 99 1
0 107 108 99 108 109 100 1
0 0 2 100 0 2 101 2
0 5 4 101 5 4 102 2
0 109 102 103 110 103 104 1
0 109 110 102 110 111 103 1
0 111 104 102 112 105 103 1
0 110 111 102 111 112 103 1
0 111 105 104 112 106 105 1
0 111 112 105 112 113 106 1
0 113 106 105 114 107 106 1
0 112 113 105 113 114 106 1
0 113 107 106 114 108 107 1
0 113 114 107 114 115 108 1
0 115 108 107 116 109 108 1
0 114 115 107 115 116 108 1
0 116 117 118 117 118 119 2
0 119 120 121 120 121 122 2
0 122 123 124 123 124 125 1
0 125 122 124 126 123 125 1
0 122 126 123 123 127 124 1
0 122 127 126 123 128 127 1
0 128 129 126 129 130 127 1
0 127 128 126 128 129 127 1
0 128 130 129 129 131 130 1
0 128 131 130 129 132 131 1
0 132 133 130 133 134 131 1
0 131 132 130 132 133 131 1
0 132 121 133 133 135 134 1
0 132 134 121 133 136 135 1
0 116 135 117 117 137 118 2
0 136 120 119 138 121 120 2
0 137 122 125 139 123 126 1
0 137 138 122 139 140 123 1
0 139 127 122 141 128 123 1
0 138 139 122 140 141 123 1
0 139 128 127 141 129 128 1
0 139 140 128 141 142 129 1
0 141 131 128 143 132 129 1
0 140 141 128 142 143 129 1
0 141 132 131 143 133 132 1
0 141 142 132 143 144 133 1
0 143 134 132 145 136 133 1
0 142 143 132 144 145 133 1
0 116 144 135 117 146 137 2
0 145 120 136 147 121 138 2
0 146 138 137 148 140 139 1
0 147 146 137 149 148 139 1
0 146 139 138 148 141 140 1
0 146 148 139 148 150 141 1
0 149 140 139 151 142 141 1
0 148 149 139 150 151 141 1
0 149 141 140 151 143 142 1
0 149 150 141 151 152 143 1
0 151 142 141 153 144 143 1
0 150 151 141 152 153 143 1
0 151 143 142 153 145 144 1
0 151 152 143 153 154 145 1
0 116 153 144 117 155 146 2
0 154 120 145 156 121 147 2
0 155 146 147 157 148 149 1
0 155 156 146 157 158 148 1
0 157 148 146 159 150 148 1
0 156 157 146 158 159 148 1
0 157 149 148 159 151 150 1
0 157 158 149 159 160 151 1
0 159 150 149 161 152 151 1
0 158 159 149 160 161 151 1
0 159 151 150 161 153 152 1
0 159 160 151 161 162 153 1
0 161 152 151 163 154 153 1
0 160 161 151 162 163 153 1
0 116 162 153 117 164 155 2
0 163 120 154 165 121 156 2
0 164 156 155 166 158 157 1
0 165 164 155 167 166 157 1
0 164 157 156 166 159 158 1
0 164 166 157 166 168 159 1
0 167 158 157 169 160 159 1
0 166 167 157 168 169 159 1
0 167 159 158 169 161 160 1
0 167 168 159 169 170 161 1
0 169 160 159 171 162 161 1
0 168 169 159 170 171 161 1
0 169 161 160 171 163 162 1
0 169 170 161 171 172 163 1
0 116 171 162 117 173 164 2
0 172 120 163 174 121 165 2
0 173 164 165 175 166 167 1
0 173 174 164 175 176 166 1
0 175 166 164 177 168 166 1
0 174 175 164 176 177 166 1
0 175 167 166 177 169 168 1
0 175 176 167 177 178 169 1
0 177 168 167 179 170 169 1
0 176 177 167 178 179 169 1
0 177 169 168 179 171 170 1
0 177 178 169 179 180 171 1
0 179 170 169 181 172 171 1
0 178 179 169 180 181 171 1
0 116 180 171 117 182 173 2
0 181 120 172 183 121 174 2
0 182 174 173 184 176 175 1
0 183 182 173 185 184 175 1
0 182 175 174 184 177 176 1
0 182 184 175 184 186 177 1
0 185 176 175 187 178 177 1
0 184 185 175 186 187 177 1
0 185 177 176 187 179 178 1
0 185 186 177 187 188 179 1
0 187 178 177 189 180 179 1
0 186 187 177 188 189 179 1
0 187 179 178 189 181 180 1
0 187 188 179 189 190 181 1
0 116 189 180 117 191 182 2
0 190 120 181 192 121 183 2
0 191 182 183 193 184 185 1
0 191 192 182 193 194 184 1
0 193 184 182 195 186 184 1
0 192 193 182 194 195 184 1
0 193 185 184 195 187 186 1
0 193 194 185 195 196 187 1
0 195 186 185 197 188 187 1
0 194 195 185 196 197 187 1
0 195 187 186 197 189 188 1
0 195 196 187 197 198 189 1
0 197 188 187 199 190 189 1
0 196 197 187 198 199 189 1
0 116 198 189 117 200 191 2
0 199 120 190 201 121 192 2
0 200 192 191 202 194 193 1
0 201 200 191 203 202 193 1
0 200 193 192 202 195 194 1
0 200 202 193 202 204 195 1
0 203 194 193 205 196 195 1
0 202 203 193 204 205 195 1
0 203 195 194 205 197 196 1
0 203 204 195 205 206 197 1
0 205 196 195 207 198 197 1
0 204 205 195 206 207 197 1
0 205 197 196 207 199 198 1
0 205 206 197 207 208 199 1
0 116 207 198 117 209 200 2
0 208 120 199 210 121 201 2
0 209 200 201 211 202 203 1
0 209 210 200 211 212 202 1
0 211 202 200 213 204 202 1
0 210 211 200 212 213 202 1
0 211 203 202 213 205 204 1
0 211 212 203 213 214 205 1
0 213 204 203 215 206 205 1
0 212 213 203 214 215 205 1
0 213 205 204 215 207 206 1
0 213 214 205 215 216 207 1
0 215 206 205 217 208 207 1
0 214 215 205 216 217 207 1
0 116 216 207 117 218 209 2
0 217 120 208 219 121 210 2
0 218 210 209 220 212 211 1
0 219 218 209 221 220 211 1
0 218 211 210 220 213 212 1
0 218 220 211 220 222 213 1
0 221 212 211 223 214 213 1
0 220 221 211 222 223 213 1
0 221 213 212 223 215 214 1
0 221 222 213 223 224 215 1
0 223 214 213 225 216 215 1
0 222 223 213 224 225 215 1
0 223 215 214 225 217 216 1
0 223 224 215 225 226 217 1
0 116 118 216 117 119 218 2
0 121 120 217 122 121 219 2
0 225 218 219 227 220 221 1
0 225 226 218 227 228 220 1
0 227 220 218 229 222 220 1
0 226 227 218 228 229 220 1
0 227 221 220 229 223 222 1
0 227 228 221 229 230 223 1
0 229 222 221 231 224 223 1
0 228 229 221 230 231 223 1
0 229 223 222 231 225 224 1
0 229 230 223 231 232 225 1
0 231 224 223 233 226 225 1
0 230 231 223 232 233 225 1
"tanks" 0 4
48
0 1.557692 1.485411 -1.598039 0.733697 0.193683 -1
0 1.557692 6.028425 -1.598039 0.733697 0.082012 -1
0 1.349001 6.028425 -0.819193 0.726589 0.082012 -1
0 1.349001 1.485411 -0.819193 0.726589 0.193683 -1
0 0.778846 1.485411 -0.249038 0.707168 0.193683 -1
0 0.778846 6.028425 -0.249038 0.707168 0.082012 -1
0 0.000000 6.028425 -0.040346 0.680640 0.082012 -1
0 0.000000 1.485411 -0.040346 0.680640 0.193683 -1
0 -0.778846 1.485411 -0.249038 0.654111 0.193683 -1
0 -0.778846 6.028425 -0.249038 0.654111 0.082012 -1
0 -1.349001 6.028425 -0.819193 0.634691 0.082012 -1
0 -1.349001 1.485411 -0.819193 0.634691 0.193683 -1
0 -1.557692 1.485411 -1.598039 0.627583 0.193683 -1
0 -1.557692 6.028425 -1.598039 0.627583 0.082012 -1
0 -1.349001 6.028425 -2.376884 0.634691 0.082012 -1
0 -1.349001 1.485411 -2.376884 0.634691 0.193683 -1
0 -0.778846 1.485411 -2.947039 0.654111 0.193683 -1
0 -0.778846 6.028425 -2.947039 0.654111 0.082012 -1
0 0.000000 6.028425 -3.155730 0.680640 0.082012 -1
0 0.000000 1.485411 -3.155730 0.680640 0.193683 -1
0 0.778846 1.485411 -2.947039 0.707168 0.193683 -1
0 0.778846 6.028425 -2.947039 0.707168 0.082012 -1
0 1.349001 6.028425 -2.376884 0.726589 0.082012 -1
0 1.349001 1.485411 -2.376884 0.726589 0.193683 -1
0 1.557692 1.485411 1.580533 0.733697 0.193683 -1
0 1.557692 6.028425 1.580533 0.733697 0.082012 -1
0 1.349001 6.028425 2.359380 0.726589 0.082012 -1
0 1.349001 1.485411 2.359380 0.726589 0.193683 -1
0 0.778846 1.485411 2.929535 0.707168 0.193683 -1
0 0.778846 6.028425 2.929535 0.707168 0.082012 -1
0 0.000000 6.028425 3.138226 0.680640 0.082012 -1
0 0.000000 1.485411 3.138226 0.680640 0.193683 -1
0 -0.778846 1.485411 2.929535 0.654111 0.193683 -1
0 -0.778846 6.028425 2.929535 0.654111 0.082012 -1
0 -1.349001 6.028425 2.359380 0.634691 0.082012 -1
0 -1.349001 1.485411 2.359380 0.634691 0.193683 -1
0 -1.557692 1.485411 1.580533 0.627583 0.193683 -1
0 -1.557692 6.028425 1.580533 0.627583 0.082012 -1
0 -1.349001 6.028425 0.801687 0.634691 0.082012 -1
0 -1.349001 1.485411 0.801687 0.634691 0.193683 -1
0 -0.778846 1.485411 0.231531 0.654111 0.193683 -1
0 -0.778846 6.028425 0.231531 0.654111 0.082012 -1
0 0.000000 6.028425 0.022840 0.680640 0.082012 -1
0 0.000000 1.485411 0.022840 0.680640 0.193683 -1
0 0.778846 1.485411 0.231531 0.707168 0.193683 -1
0 0.778846 6.028425 0.231531 0.707168 0.082012 -1
0 1.349001 6.028425 0.801687 0.726589 0.082012 -1
0 1.349001 1.485411 0.801687 0.726589 0.193683 -1
33
0.965926 0.000000 0.258819
0.866025 0.000000 0.500000
0.866025 0.000000 0.500000
0.500000 -0.000000 0.866025
0.500000 0.000000 0.866025
0.000000 -0.000000 1.000000
0.000000 -0.000000 1.000000
-0.500000 -0.000000 0.866025
-0.500000 0.000000 0.866025
-0.866025 0.000000 0.500000
-0.866025 0.000000 0.500000
-1.000000 0.000000 -0.000000
-1.000000 0.000000 -0.000000
-0.866025 0.000000 -0.500000
-0.500000 0.000000 -0.866025
0.000000 0.000000 -1.000000
0.500000 0.000000 -0.866025
0.866025 0.000000 -0.500000
0.965926 0.000000 -0.258819
0.965926 0.000000 0.258819
0.866026 0.000000 0.500000
0.500000 0.000000 0.866025
0.000000 0.000000 1.000000
-0.500000 0.000000 0.866025
-0.866026 0.000000 0.500000
-1.000000 0.000000 -0.000000
-0.866026 0.000000 -0.500000
-0.866026 0.000000 -0.500000
-0.500000 0.000000 -0.866026
-0.500000 0.000000 -0.866025
0.500000 0.000000 -0.866025
0.866026 0.000000 -0.500000
0.965926 0.000000 -0.258819
48
0 0 1 2 0 0 1 1
0 0 2 3 0 1 2 1
0 3 2 4 2 1 3 1
0 2 5 4 1 4 3 1
0 4 5 6 3 4 5 1
0 4 6 7 3 5 6 1
0 7 6 8 6 5 7 1
0 6 9 8 5 8 7 1
0 8 9 10 7 8 9 1
0 8 10 11 7 9 10 1
0 11 10 12 10 9 11 1
0 10 13 12 9 12 11 1
0 12 13 14 11 12 13 1
0 12 14 15 11 13 13 1
0 15 14 16 13 13 14 1
0 14 17 16 13 14 14 1
0 16 17 18 14 14 15 1
0 16 18 19 14 15 15 1
0 19 18 20 15 15 16 1
0 18 21 20 15 16 16 1
0 20 21 22 16 16 17 1
0 20 22 23 16 17 17 1
0 23 22 0 17 17 18 1
0 22 1 0 17 18 18 1
0 24 25 26 19 19 20 1
0 24 26 27 19 20 20 1
0 27 26 28 20 20 21 1
0 26 29 28 20 21 21 1
0 28 29 30 21 21 22 1
0 28 30 31 21 22 22 1
0 31 30 32 22 22 23 1
0 30 33 32 22 23 23 1
0 32 33 34 23 23 24 1
0 32 34 35 23 24 24 1
0 35 34 36 24 24 25 1
0 34 37 36 24 25 25 1
0 36 37 38 25 25 26 1
0 36 38 39 25 26 27 1
0 39 38 40 27 26 28 1
0 38 41 40 26 29 28 1
0 40 41 42 28 29 15 1
0 40 42 43 28 15 15 1
0 43 42 44 15 15 30 1
0 42 45 44 15 30 30 1
0 44 45 46 30 30 31 1
0 44 46 47 30 31 31 1
0 47 46 24 31 31 32 1
0 46 25 24 31 32 32 1
"tanktips" 0 5
100
0 1.093945 0.652338 -1.598020 0.734744 0.088140 -1
0 1.557692 1.485670 -1.598039 0.753361 0.066648 -1
0 1.349001 1.485670 -0.819193 0.744984 0.066648 -1
0 0.947384 0.652338 -1.034218 0.728858 0.088140 -1
0 1.557692 6.028425 -1.598039 0.711893 0.130823 -1
0 1.094488 6.861758 -1.597972 0.699855 0.128709 -1
0 1.349001 6.028425 -0.819193 0.706470 0.130823 -1
0 0.947854 6.861758 -1.038860 0.696045 0.128709 -1
0 0.546972 0.652338 -0.621485 0.712782 0.088140 -1
0 0.778846 1.485670 -0.249038 0.722095 0.066648 -1
0 0.547244 6.861758 -0.629561 0.685632 0.128709 -1
0 0.778846 6.028425 -0.249038 0.691653 0.130823 -1
0 0.000000 1.485670 -0.040346 0.690828 0.066648 -1
0 0.000000 0.652338 -0.470414 0.690828 0.088140 -1
0 0.000000 6.028425 -0.040346 0.671412 0.130823 -1
0 0.000000 6.861758 -0.479749 0.671412 0.128709 -1
0 -0.546972 0.652338 -0.621485 0.668868 0.088140 -1
0 -0.778846 1.485670 -0.249038 0.659556 0.066648 -1
0 -0.547244 6.861758 -0.629561 0.657189 0.128709 -1
0 -0.778846 6.028425 -0.249038 0.651170 0.130823 -1
0 -1.349001 1.485670 -0.819193 0.636669 0.066648 -1
0 -0.947384 0.652338 -1.034218 0.652789 0.088140 -1
0 -1.349001 6.028425 -0.819193 0.636352 0.130823 -1
0 -0.947854 6.861758 -1.038860 0.646777 0.128709 -1
0 -1.093945 0.652338 -1.598020 0.646906 0.088140 -1
0 -1.557692 1.485670 -1.598039 0.628289 0.066648 -1
0 -1.094488 6.861758 -1.597972 0.642967 0.128709 -1
0 -1.557692 6.028425 -1.598039 0.630929 0.130823 -1
0 -1.349001 1.485670 -2.376884 0.636669 0.066648 -1
0 -0.947384 0.652338 -2.161822 0.652789 0.088140 -1
0 -1.349001 6.028425 -2.376884 0.636352 0.130823 -1
0 -0.947854 6.861758 -2.157082 0.646777 0.128709 -1
0 -0.546972 0.652338 -2.574553 0.668868 0.088140 -1
0 -0.778846 1.485670 -2.947039 0.659556 0.066648 -1
0 -0.547244 6.861758 -2.566378 0.657189 0.128709 -1
0 -0.778846 6.028425 -2.947039 0.651170 0.130823 -1
0 0.000000 1.485670 -3.155730 0.690828 0.066648 -1
0 0.000000 0.652338 -2.725621 0.690828 0.088140 -1
0 0.000000 6.028425 -3.155730 0.671412 0.130823 -1
0 0.000000 6.861758 -2.716192 0.671412 0.128709 -1
0 0.546972 0.652338 -2.574553 0.712782 0.088140 -1
0 0.778846 1.485670 -2.947039 0.722095 0.066648 -1
0 0.547244 6.861758 -2.566378 0.685632 0.128709 -1
0 0.778846 6.028425 -2.947039 0.691653 0.130823 -1
0 1.349001 1.485670 -2.376884 0.744984 0.066648 -1
0 0.947384 0.652338 -2.161822 0.728858 0.088140 -1
0 1.349001 6.028425 -2.376884 0.706470 0.130823 -1
0 0.947854 6.861758 -2.157082 0.696045 0.128709 -1
0 1.093945 0.652338 1.580552 0.734744 0.088140 -1
0 0.947384 0.652338 2.144355 0.728858 0.088140 -1
0 0.000000 1.244219 1.581205 0.690828 0.072878 -1
0 1.557692 1.485670 1.580532 0.753361 0.066648 -1
0 1.349001 1.485670 2.359380 0.744984 0.066648 -1
0 0.546972 0.652338 2.557087 0.712782 0.088140 -1
0 0.778846 1.485670 2.929535 0.722095 0.066648 -1
0 0.000000 0.652338 2.708158 0.690828 0.088140 -1
0 0.000000 1.485670 3.138226 0.690828 0.066648 -1
0 -0.546972 0.652338 2.557087 0.668868 0.088140 -1
0 -0.778846 1.485670 2.929535 0.659556 0.066648 -1
0 -0.947384 0.652338 2.144355 0.652789 0.088140 -1
0 -1.349001 1.485670 2.359380 0.636669 0.066648 -1
0 -1.093945 0.652338 1.580552 0.646906 0.088140 -1
0 -1.557692 1.485670 1.580532 0.628289 0.066648 -1
0 -0.947384 0.652338 1.016749 0.652789 0.088140 -1
0 -1.349001 1.485670 0.801686 0.636669 0.066648 -1
0 -0.546972 0.652338 0.604017 0.668868 0.088140 -1
0 -0.778846 1.485670 0.231531 0.659556 0.066648 -1
0 0.000000 0.652338 0.452950 0.690828 0.088140 -1
0 0.000000 1.485670 0.022840 0.690828 0.066648 -1
0 0.546972 0.652338 0.604017 0.712782 0.088140 -1
0 0.778846 1.485670 0.231531 0.722095 0.066648 -1
0 0.947384 0.652338 1.016749 0.728858 0.088140 -1
0 1.349001 1.485670 0.801686 0.744984 0.066648 -1
0 0.000000 1.244219 -1.597367 0.690828 0.072878 -1
0 0.000000 7.402431 -1.595725 0.671412 0.127338 -1
0 1.094488 6.861758 1.580600 0.699855 0.128709 -1
0 0.000000 7.402431 1.582847 0.671412 0.127338 -1
0 0.947854 6.861758 2.139712 0.696045 0.128709 -1
0 1.557692 6.028425 1.580533 0.711893 0.130823 -1
0 1.349001 6.028425 2.359380 0.706470 0.130823 -1
0 0.547244 6.861758 2.549011 0.685632 0.128709 -1
0 0.778846 6.028425 2.929535 0.691653 0.130823 -1
0 0.000000 6.861758 2.698823 0.671412 0.128709 -1
0 0.000000 6.028425 3.138226 0.671412 0.130823 -1
0 -0.547244 6.861758 2.549011 0.657189 0.128709 -1
0 -0.778846 6.028425 2.929535 0.651170 0.130823 -1
0 -0.947854 6.861758 2.139712 0.646777 0.128709 -1
0 -1.349001 6.028425 2.359380 0.636352 0.130823 -1
0 -1.094488 6.861758 1.580600 0.642967 0.128709 -1
0 -1.557692 6.028425 1.580533 0.630929 0.130823 -1
0 -0.947854 6.861758 1.021489 0.646777 0.128709 -1
0 -1.349001 6.028425 0.801687 0.636352 0.130823 -1
0 -0.547244 6.861758 0.612192 0.657189 0.128709 -1
0 -0.778846 6.028425 0.231531 0.651170 0.130823 -1
0 0.000000 6.861758 0.462379 0.671412 0.128709 -1
0 0.000000 6.028425 0.022840 0.671412 0.130823 -1
0 0.547244 6.861758 0.612192 0.685632 0.128709 -1
0 0.778846 6.028425 0.231531 0.691653 0.130823 -1
0 0.947854 6.861758 1.021489 0.696045 0.128709 -1
0 1.349001 6.028425 0.801687 0.706470 0.130823 -1
154
0.852743 -0.471350 0.225074
0.850800 -0.473464 0.227971
0.762501 -0.478607 0.435347
0.764710 -0.479592 0.430361
0.851029 0.473022 0.228033
0.852410 0.471521 0.225975
0.761035 0.480409 0.435927
0.762615 0.481087 0.432405
0.445713 -0.466981 0.763720
0.442109 -0.465649 0.766623
0.443253 0.472257 0.761905
0.440712 0.471327 0.763953
0.000000 -0.460506 0.887657
0.000000 -0.458610 0.888638
0.000000 0.467735 0.883869
0.000000 0.466417 0.884565
-0.445713 -0.466981 0.763720
-0.442109 -0.465649 0.766623
-0.443253 0.472257 0.761905
-0.440712 0.471327 0.763953
-0.762501 -0.478607 0.435347
-0.764710 -0.479592 0.430361
-0.761035 0.480409 0.435927
-0.762615 0.481087 0.432405
-0.875197 -0.483767 0.000000
-0.873807 -0.486272 0.000000
-0.875037 0.484056 0.000002
-0.874050 0.485836 0.000002
-0.762494 -0.478623 -0.435342
-0.764703 -0.479607 -0.430356
-0.761011 0.480464 -0.435910
-0.762590 0.481141 -0.432389
-0.445705 -0.467009 -0.763708
-0.442102 -0.465677 -0.766610
-0.443229 0.472353 -0.761860
-0.440688 0.471425 -0.763907
-0.000000 -0.460539 -0.887640
0.000000 -0.458645 -0.888620
0.000000 0.467848 -0.883809
0.000000 0.466529 -0.884506
0.445705 -0.467009 -0.763708
0.442102 -0.465677 -0.766610
0.443229 0.472353 -0.761860
0.440688 0.471425 -0.763907
0.762494 -0.478623 -0.435342
0.764703 -0.479607 -0.430356
0.761011 0.480464 -0.435910
0.762590 0.481141 -0.432389
0.852739 -0.471358 -0.225073
0.850796 -0.473472 -0.227970
0.852395 0.471549 -0.225972
0.851015 0.473051 -0.228029
-0.475865 -0.879518 -0.000015
-0.412789 -0.880931 -0.231443
0.000000 -1.000000 -0.000125
0.852743 -0.471350 0.225073
0.850801 -0.473464 0.227971
0.762501 -0.478607 0.435347
0.764710 -0.479592 0.430361
-0.239047 -0.883849 -0.402079
0.445713 -0.466981 0.763720
0.442109 -0.465649 0.766623
-0.000000 -0.885323 -0.464976
0.000000 -0.460506 0.887657
0.000000 -0.458610 0.888638
0.239047 -0.883849 -0.402079
-0.445713 -0.466981 0.763720
-0.442109 -0.465649 0.766623
0.412789 -0.880931 -0.231443
-0.762501 -0.478607 0.435347
-0.764710 -0.479592 0.430361
0.475865 -0.879518 -0.000015
-0.875197 -0.483767 0.000000
-0.873807 -0.486272 0.000000
0.412616 -0.881045 0.231316
-0.762494 -0.478623 -0.435342
-0.764703 -0.479607 -0.430356
0.238872 -0.884043 0.401757
-0.445705 -0.467009 -0.763708
-0.442102 -0.465677 -0.766610
0.000000 -0.885544 0.464555
-0.000000 -0.460539 -0.887640
0.000000 -0.458645 -0.888620
-0.238872 -0.884043 0.401757
0.445705 -0.467009 -0.763708
0.442102 -0.465677 -0.766610
-0.412616 -0.881045 0.231316
0.762494 -0.478623 -0.435342
0.764703 -0.479607 -0.430356
0.852739 -0.471358 -0.225073
0.850796 -0.473472 -0.227970
-0.412789 -0.880931 -0.231443
-0.000000 -1.000000 -0.000125
0.442902 0.896570 0.000049
-0.000000 1.000000 0.000415
0.384194 0.897320 0.217283
-0.239047 -0.883849 -0.402079
0.222331 0.899054 0.377188
0.000000 -0.885323 -0.464976
0.000000 0.899943 0.436009
0.239047 -0.883849 -0.402079
-0.222331 0.899054 0.377188
0.412789 -0.880931 -0.231443
-0.384194 0.897320 0.217283
-0.442902 0.896570 0.000049
0.412616 -0.881045 0.231317
-0.383616 0.897670 -0.216857
0.238872 -0.884043 0.401757
-0.221751 0.899652 -0.376103
0.000000 -0.885544 0.464556
0.000000 0.900628 -0.434591
-0.238872 -0.884043 0.401757
0.221751 0.899652 -0.376103
-0.412616 -0.881045 0.231317
0.383616 0.897670 -0.216857
0.442902 0.896570 0.000049
0.000000 1.000000 0.000416
0.384194 0.897320 0.217283
0.851030 0.473022 0.228032
0.852410 0.471521 0.225975
0.761035 0.480409 0.435927
0.762615 0.481087 0.432405
0.222331 0.899054 0.377188
0.443253 0.472257 0.761905
0.440712 0.471327 0.763953
0.000000 0.899943 0.436008
0.000000 0.467735 0.883869
0.000000 0.466417 0.884565
-0.222331 0.899054 0.377188
-0.443253 0.472257 0.761905
-0.440712 0.471327 0.763953
-0.384194 0.897320 0.217283
-0.761035 0.480409 0.435927
-0.762615 0.481087 0.432405
-0.442902 0.896570 0.000049
-0.875037 0.484056 0.000002
-0.874050 0.485836 0.000002
-0.383616 0.897670 -0.216857
-0.761011 0.480464 -0.435909
-0.762590 0.481141 -0.432388
-0.221751 0.899652 -0.376102
-0.443229 0.472354 -0.761860
-0.440688 0.471425 -0.763907
0.000000 0.900628 -0.434591
0.000000 0.467848 -0.883809
0.000000 0.466529 -0.884506
0.221751 0.899652 -0.376102
0.443229 0.472354 -0.761860
0.440688 0.471425 -0.763907
0.383616 0.897670 -0.216857
0.761011 0.480464 -0.435909
0.762590 0.481141 -0.432388
0.852395 0.471549 -0.225971
0.851015 0.473051 -0.228029
144
0 0 1 2 0 1 2 1
0 0 2 3 0 2 3 1
0 4 5 6 4 5 6 1
0 5 7 6 5 7 6 1
0 3 2 8 3 2 8 1
0 2 9 8 2 9 8 1
0 6 7 10 6 7 10 1
0 6 10 11 6 10 11 1
0 8 9 12 8 9 12 1
0 8 12 13 8 12 13 1
0 11 10 14 11 10 14 1
0 10 15 14 10 15 14 1
0 13 12 16 13 12 16 1
0 12 17 16 12 17 16 1
0 14 15 18 14 15 18 1
0 14 18 19 14 18 19 1
0 16 17 20 16 17 20 1
0 16 20 21 16 20 21 1
0 19 18 22 19 18 22 1
0 18 23 22 18 23 22 1
0 21 20 24 21 20 24 1
0 20 25 24 20 25 24 1
0 22 23 26 22 23 26 1
0 22 26 27 22 26 27 1
0 24 25 28 24 25 28 1
0 24 28 29 24 28 29 1
0 27 26 30 27 26 30 1
0 26 31 30 26 31 30 1
0 29 28 32 29 28 32 1
0 28 33 32 28 33 32 1
0 30 31 34 30 31 34 1
0 30 34 35 30 34 35 1
0 32 33 36 32 33 36 1
0 32 36 37 32 36 37 1
0 35 34 38 35 34 38 1
0 34 39 38 34 39 38 1
0 37 36 40 37 36 40 1
0 36 41 40 36 41 40 1
0 38 39 42 38 39 42 1
0 38 42 43 38 42 43 1
0 40 41 44 40 41 44 1
0 40 44 45 40 44 45 1
0 43 42 46 43 42 46 1
0 42 47 46 42 47 46 1
0 45 44 0 45 44 48 1
0 44 1 0 44 49 48 1
0 46 47 5 46 47 50 1
0 46 5 4 46 50 51 1
0 48 49 50 52 53 54 2
0 48 51 52 55 56 57 1
0 48 52 49 55 57 58 1
0 49 53 50 53 59 54 2
0 49 52 53 58 57 60 1
0 52 54 53 57 61 60 1
0 53 55 50 59 62 54 2
0 53 54 56 60 61 63 1
0 53 56 55 60 63 64 1
0 55 57 50 62 65 54 2
0 55 56 57 64 63 66 1
0 56 58 57 63 67 66 1
0 57 59 50 65 68 54 2
0 57 58 60 66 67 69 1
0 57 60 59 66 69 70 1
0 59 61 50 68 71 54 2
0 59 60 61 70 69 72 1
0 60 62 61 69 73 72 1
0 61 63 50 71 74 54 2
0 61 62 64 72 73 75 1
0 61 64 63 72 75 76 1
0 63 65 50 74 77 54 2
0 63 64 65 76 75 78 1
0 64 66 65 75 79 78 1
0 65 67 50 77 80 54 2
0 65 66 68 78 79 81 1
0 65 68 67 78 81 82 1
0 67 69 50 80 83 54 2
0 67 68 69 82 81 84 1
0 68 70 69 81 85 84 1
0 69 71 50 83 86 54 2
0 69 70 72 84 85 87 1
0 69 72 71 84 87 88 1
0 71 48 50 86 52 54 2
0 71 72 48 88 87 89 1
0 72 51 48 87 90 89 1
0 0 3 73 52 91 92 2
0 5 74 7 93 94 95 2
0 3 8 73 91 96 92 2
0 7 74 10 95 94 97 2
0 8 13 73 96 98 92 2
0 10 74 15 97 94 99 2
0 13 16 73 98 100 92 2
0 15 74 18 99 94 101 2
0 16 21 73 100 102 92 2
0 18 74 23 101 94 103 2
0 21 24 73 102 71 92 2
0 23 74 26 103 94 104 2
0 24 29 73 71 105 92 2
0 26 74 31 104 94 106 2
0 29 32 73 105 107 92 2
0 31 74 34 106 94 108 2
0 32 37 73 107 109 92 2
0 34 74 39 108 94 110 2
0 37 40 73 109 111 92 2
0 39 74 42 110 94 112 2
0 40 45 73 111 113 92 2
0 42 74 47 112 94 114 2
0 45 0 73 113 52 92 2
0 47 74 5 114 94 93 2
0 75 76 77 115 116 117 2
0 78 75 79 118 119 120 1
0 75 77 79 119 121 120 1
0 77 76 80 117 116 122 2
0 79 77 80 120 121 123 1
0 79 80 81 120 123 124 1
0 80 76 82 122 116 125 2
0 81 80 83 124 123 126 1
0 80 82 83 123 127 126 1
0 82 76 84 125 116 128 2
0 83 82 84 126 127 129 1
0 83 84 85 126 129 130 1
0 84 76 86 128 116 131 2
0 85 84 87 130 129 132 1
0 84 86 87 129 133 132 1
0 86 76 88 131 116 134 2
0 87 86 88 132 133 135 1
0 87 88 89 132 135 136 1
0 88 76 90 134 116 137 2
0 89 88 91 136 135 138 1
0 88 90 91 135 139 138 1
0 90 76 92 137 116 140 2
0 91 90 92 138 139 141 1
0 91 92 93 138 141 142 1
0 92 76 94 140 116 143 2
0 93 92 95 142 141 144 1
0 92 94 95 141 145 144 1
0 94 76 96 143 116 146 2
0 95 94 96 144 145 147 1
0 95 96 97 144 147 148 1
0 96 76 98 146 116 149 2
0 97 96 99 148 147 150 1
0 96 98 99 147 151 150 1
0 98 76 75 149 116 115 2
0 99 98 75 150 151 152 1
0 99 75 78 150 152 153 1
"holder" 0 0
16
0 -1.214286 4.945693 1.279567 0.400055 0.151484 -1
0 -1.214286 2.517120 1.279567 0.400055 0.188627 -1
0 1.214286 4.945693 1.279567 0.445779 0.151484 -1
0 1.214286 2.517120 1.279567 0.445779 0.188627 -1
0 1.214286 4.945693 -1.149005 0.445779 0.151484 -1
0 1.214286 2.517120 -1.149005 0.445779 0.188627 -1
0 -1.214286 4.945693 -1.149005 0.400055 0.151484 -1
0 -1.214286 2.517120 -1.149005 0.400055 0.188627 -1
0 -0.930070 4.864317 3.322085 0.443167 0.323302 -1
0 -0.930070 1.791902 3.322085 0.443167 0.370291 -1
0 0.930070 4.864317 3.322085 0.478188 0.323302 -1
0 0.930070 1.791902 3.322085 0.478188 0.370291 -1
0 0.930070 4.864317 -3.328014 0.478188 0.323302 -1
0 0.930070 1.791902 -3.328014 0.478188 0.370291 -1
0 -0.930070 4.864317 -3.328014 0.443167 0.323302 -1
0 -0.930070 1.791902 -3.328014 0.443167 0.370291 -1
6
0.000000 0.000000 1.000000
1.000000 0.000000 0.000000
0.000000 0.000000 -1.000000
-1.000000 0.000000 0.000000
0.000000 1.000000 0.000000
0.000000 -1.000000 0.000000
24
0 0 1 2 0 0 0 1
0 1 3 2 0 0 0 1
0 2 3 4 1 1 1 2
0 3 5 4 1 1 1 2
0 4 5 6 2 2 2 1
0 5 7 6 2 2 2 1
0 6 7 0 3 3 3 2
0 7 1 0 3 3 3 2
0 6 0 4 4 4 4 3
0 0 2 4 4 4 4 3
0 1 7 3 5 5 5 3
0 7 5 3 5 5 5 3
0 8 9 10 0 0 0 1
0 9 11 10 0 0 0 1
0 10 11 12 1 1 1 2
0 11 13 12 1 1 1 2
0 12 13 14 2 2 2 1
0 13 15 14 2 2 2 1
0 14 15 8 3 3 3 2
0 15 9 8 3 3 3 2
0 14 8 12 4 4 4 3
0 8 10 12 4 4 4 3
0 9 15 11 5 5 5 3
0 15 13 11 5 5 5 3

Materials: 6
"backpck"
0.450980 0.525490 0.274510 1.000000
0.521569 0.443137 0.196078 1.000000
0.478431 0.552941 0.247059 1.000000
0.000000 0.000000 0.000000 1.000000
19.000000
1.000000
".\weapons1.bmp"
""
"gun"
0.160784 0.411765 0.152941 1.000000
0.290196 0.403922 0.219608 1.000000
0.368627 0.525490 0.192157 1.000000
0.000000 0.000000 0.000000 1.000000
4.000000
1.000000
".\weapons1.bmp"
""
"flames"
0.800000 0.800000 0.800000 1.000000
0.800000 0.800000 0.800000 1.000000
0.662745 0.768628 0.960784 1.000000
0.000000 0.000000 0.000000 1.000000
0.000000
1.000000
".\weapons1.bmp"
""
"hose"
0.800000 0.800000 0.800000 1.000000
0.800000 0.800000 0.800000 1.000000
0.305882 0.305882 0.305882 1.000000
0.000000 0.000000 0.000000 1.000000
29.000000
1.000000
".\weapons1.bmp"
""
"tanks"
0.800000 0.800000 0.800000 1.000000
0.800000 0.800000 0.800000 1.000000
0.639216 0.760784 0.745098 1.000000
0.000000 0.000000 0.000000 1.000000
10.000000
1.000000
".\weapons1.bmp"
""
"tops"
0.800000 0.800000 0.800000 1.000000
0.800000 0.800000 0.800000 1.000000
0.537255 0.615686 0.639216 1.000000
0.000000 0.000000 0.000000 1.000000
4.000000
1.000000
".\weapons1.bmp"
""

Bones: 0
GroupComments: 0
MaterialComments: 0
BoneComments: 0
ModelComment: 0
