// MilkShape 3D ASCII

Frames: 30
Frame: 1

Meshes: 3
"main" 0 0
134
0 4.577189 -2.153408 -0.874139 0.563141 0.312710 -1
0 4.732242 -1.998843 0.102152 0.560903 0.312700 -1
0 3.391886 -3.389246 0.022481 0.580703 0.313038 -1
0 -2.291272 4.465458 -0.831106 0.550351 0.250916 -1
0 -3.476573 3.229628 0.065509 0.567914 0.251244 -1
0 -2.136204 4.620018 0.145181 0.548113 0.250906 -1
0 4.577189 -2.153408 -0.874139 0.935429 0.037531 -1
0 3.937557 -0.979207 -1.078708 0.876544 0.017480 -1
0 4.128994 -0.788383 0.126589 0.876796 0.003618 -1
0 4.732242 -1.998843 0.102152 0.935633 0.026303 -1
0 3.937557 -0.979207 -1.078708 0.557313 0.304377 -1
0 3.218077 0.330663 -1.304730 0.550848 0.295054 -1
0 4.128994 -0.788383 0.126589 0.554549 0.304365 -1
0 3.449717 0.561567 0.153679 0.547504 0.295039 -1
0 1.822460 2.030806 -1.428816 0.545296 0.280856 -1
0 2.077261 2.284801 0.175432 0.541618 0.280840 -1
0 0.072715 3.361738 -1.285019 0.544991 0.266757 -1
0 0.304361 3.592630 0.173387 0.541647 0.266741 -1
0 -1.131600 3.905751 -1.046947 0.547874 0.258771 -1
0 -0.940158 4.096575 0.158350 0.545110 0.258759 -1
0 -1.131600 3.905751 -1.046947 0.933337 0.017574 -1
0 -2.291272 4.465458 -0.831106 0.876847 0.038699 -1
0 -0.940158 4.096575 0.158350 0.933589 0.003713 -1
0 -2.136204 4.620018 0.145181 0.877053 0.027472 -1
0 4.528156 -2.216823 1.057095 0.563970 0.312780 -1
0 -2.340291 4.402041 1.100125 0.551180 0.250987 -1
0 4.528156 -2.216823 1.057095 0.935830 0.041613 -1
0 3.877046 -1.057503 1.305528 0.877039 0.022520 -1
0 3.144848 0.235928 1.580193 0.552086 0.295160 -1
0 3.877046 -1.057503 1.305528 0.558335 0.304464 -1
0 1.741911 1.926606 1.744601 0.546658 0.280972 -1
0 -0.000510 3.267000 1.599900 0.546229 0.266862 -1
0 -1.192114 3.827462 1.337288 0.548898 0.258858 -1
0 -2.340291 4.402041 1.100125 0.877251 0.042783 -1
0 -1.192114 3.827462 1.337288 0.933834 0.022615 -1
0 4.019624 -2.748960 1.734805 0.571520 0.312930 -1
0 -2.848838 3.869914 1.777839 0.558731 0.251136 -1
0 3.249196 -1.714454 2.142216 0.877212 0.069121 -1
0 4.019624 -2.748960 1.734805 0.935970 0.079360 -1
0 3.249196 -1.714454 2.142216 0.567658 0.304649 -1
0 2.385155 -0.558976 2.592586 0.563365 0.295383 -1
0 0.906255 1.052205 2.858236 0.559065 0.281218 -1
0 -0.760202 2.472086 2.612292 0.557508 0.267085 -1
0 -1.819961 3.170503 2.173977 0.558219 0.259043 -1
0 -1.819961 3.170503 2.173977 0.934005 0.069217 -1
0 -2.848838 3.869914 1.777839 0.877390 0.080529 -1
0 3.342867 -3.452660 1.953709 0.581532 0.313108 -1
0 -3.525589 3.166208 1.996741 0.568742 0.251315 -1
0 3.342867 -3.452660 1.953709 0.936014 0.129429 -1
0 2.413702 -2.583215 2.412460 0.877265 0.130934 -1
0 1.374211 -1.610184 2.919582 0.578321 0.295650 -1
0 2.413702 -2.583215 2.412460 0.580017 0.304869 -1
0 -0.205791 -0.104131 3.217932 0.575516 0.281512 -1
0 -1.771151 1.420886 2.939294 0.572463 0.267352 -1
0 -2.655449 2.301741 2.444220 0.570579 0.259263 -1
0 -3.525589 3.166208 1.996741 0.877432 0.130598 -1
0 -2.655449 2.301741 2.444220 0.934058 0.131029 -1
0 2.679252 -4.139361 1.655136 0.591321 0.313268 -1
0 -4.189205 2.479507 1.698166 0.578531 0.251475 -1
0 1.594426 -3.430998 2.043857 0.877186 0.191397 -1
0 2.679252 -4.139361 1.655136 0.935949 0.178404 -1
0 1.594426 -3.430998 2.043857 0.592103 0.305066 -1
0 0.382883 -2.635991 2.473566 0.592943 0.295888 -1
0 -1.296255 -1.232524 2.727315 0.591600 0.281773 -1
0 -2.762478 0.395065 2.493276 0.587086 0.267590 -1
0 -3.474734 1.453966 2.075621 0.582663 0.259460 -1
0 -3.474734 1.453966 2.075621 0.933975 0.191492 -1
0 -4.189205 2.479507 1.698166 0.877368 0.179572 -1
0 2.206583 -4.625077 0.919098 0.598265 0.313366 -1
0 -4.661874 1.993806 0.962133 0.585475 0.251572 -1
0 2.206583 -4.625077 0.919098 0.935795 0.213163 -1
0 1.010886 -4.030633 1.135164 0.876994 0.234309 -1
0 -0.323202 -3.361567 1.374053 0.603316 0.296034 -1
0 1.010886 -4.030633 1.135164 0.600674 0.305187 -1
0 -2.072939 -2.030647 1.517842 0.603011 0.281934 -1
0 -3.468565 -0.330495 1.393762 0.597460 0.267736 -1
0 -4.058275 0.854322 1.166924 0.591236 0.259581 -1
0 -4.661874 1.993806 0.962133 0.877214 0.214331 -1
0 -4.058275 0.854322 1.166924 0.933786 0.234404 -1
0 2.051524 -4.779637 -0.057191 0.600503 0.313376 -1
0 -4.816941 1.839233 -0.014160 0.587714 0.251582 -1
0 0.819450 -4.221470 -0.070132 0.876743 0.248171 -1
0 2.051524 -4.779637 -0.057191 0.935589 0.224390 -1
0 0.819450 -4.221470 -0.070132 0.603438 0.305200 -1
0 -0.554843 -3.592458 -0.084354 0.606660 0.296049 -1
0 -2.327749 -2.284636 -0.086401 0.606688 0.281951 -1
0 -3.700201 -0.561398 -0.064649 0.600803 0.267752 -1
0 -4.249707 0.663493 -0.038372 0.593999 0.259594 -1
0 -4.249707 0.663493 -0.038372 0.933535 0.248266 -1
0 -4.816941 1.839233 -0.014160 0.877009 0.225559 -1
0 2.255604 -4.561652 -1.012133 0.597436 0.313296 -1
0 -4.612860 2.057214 -0.969099 0.584647 0.251502 -1
0 2.255604 -4.561652 -1.012133 0.935392 0.209079 -1
0 1.071403 -3.952346 -1.249074 0.876498 0.229268 -1
0 -0.249973 -3.266822 -1.510873 0.602078 0.295929 -1
0 1.071403 -3.952346 -1.249074 0.599653 0.305100 -1
0 -1.992390 -1.926438 -1.655574 0.601650 0.281819 -1
0 -3.395333 -0.235765 -1.491164 0.596222 0.267631 -1
0 -3.997757 0.932611 -1.217311 0.590212 0.259494 -1
0 -4.612860 2.057214 -0.969099 0.876811 0.210248 -1
0 -3.997757 0.932611 -1.217311 0.933289 0.229364 -1
0 2.764159 -4.029517 -1.689849 0.589885 0.313146 -1
0 -4.104299 2.589343 -1.646821 0.577095 0.251352 -1
0 1.699241 -3.295389 -2.085763 0.876327 0.182668 -1
0 2.764159 -4.029517 -1.689849 0.935252 0.171333 -1
0 1.699241 -3.295389 -2.085763 0.590330 0.304916 -1
0 0.509717 -2.471909 -2.523271 0.590799 0.295706 -1
0 -1.156734 -1.052031 -2.769214 0.589243 0.281573 -1
0 -2.635644 0.559149 -2.503563 0.584944 0.267408 -1
0 -3.369904 1.589564 -2.054006 0.580891 0.259309 -1
0 -3.369904 1.589564 -2.054006 0.933120 0.182763 -1
0 -4.104299 2.589343 -1.646821 0.876673 0.172502 -1
0 3.440904 -3.325831 -1.908753 0.579875 0.312968 -1
0 -3.427545 3.293049 -1.865719 0.567085 0.251174 -1
0 3.440904 -3.325831 -1.908753 0.935210 0.121264 -1
0 2.534745 -2.426636 -2.356010 0.876274 0.120854 -1
0 1.520662 -1.420713 -2.850266 0.575844 0.295439 -1
0 2.534745 -2.426636 -2.356010 0.577971 0.304695 -1
0 -0.044689 0.104293 -3.128913 0.572792 0.281280 -1
0 -1.624697 1.610347 -2.830567 0.569989 0.267141 -1
0 -2.534419 2.458331 -2.324251 0.568532 0.259089 -1
0 -3.427545 3.293049 -1.865719 0.876628 0.122432 -1
0 -2.534419 2.458331 -2.324251 0.933065 0.120948 -1
0 4.104517 -2.639117 -1.610180 0.570085 0.312808 -1
0 -2.763938 3.979761 -1.567147 0.557296 0.251014 -1
0 3.354024 -1.578850 -1.987405 0.876353 0.060391 -1
0 4.104517 -2.639117 -1.610180 0.935274 0.072289 -1
0 3.354024 -1.578850 -1.987405 0.565887 0.304498 -1
0 2.511997 -0.394903 -2.404256 0.561221 0.295201 -1
0 1.045774 1.232689 -2.638295 0.556707 0.281017 -1
0 -0.633369 2.636165 -2.384546 0.555364 0.266903 -1
0 -1.715135 3.306110 -1.955642 0.556447 0.258892 -1
0 -1.715135 3.306110 -1.955642 0.933144 0.060485 -1
0 -2.763938 3.979761 -1.567147 0.876694 0.073458 -1
110
0.720065 -0.693892 -0.004509
0.720067 -0.693890 -0.004503
0.720065 -0.693892 -0.004509
-0.720060 0.693897 0.004517
-0.720063 0.693894 0.004509
-0.720060 0.693897 0.004509
0.819105 0.369789 -0.438547
0.818190 0.371465 -0.438839
0.893826 0.446854 0.037362
0.894689 0.445126 0.037332
0.763948 0.460338 -0.452187
0.841971 0.538109 0.039042
0.613222 0.639360 -0.463871
0.693448 0.719327 0.041222
0.409876 0.794843 -0.447466
0.487464 0.872179 0.041014
0.312621 0.846418 -0.431098
0.387458 0.921016 0.040078
0.325007 0.840537 -0.433436
0.400234 0.915530 0.040222
0.720070 -0.693887 -0.004509
-0.720061 0.693896 0.004504
0.795213 0.338876 0.502793
0.794281 0.340529 0.503148
0.739284 0.428428 0.519528
0.587864 0.606550 0.535269
0.385353 0.763112 0.518810
0.288967 0.815810 0.500951
0.301225 0.809770 0.503524
0.720068 -0.693889 -0.004512
-0.720065 0.693892 0.004509
0.546228 0.080979 0.833713
0.547330 0.079508 0.833132
0.483406 0.160684 0.860523
0.324762 0.331248 0.885892
0.130907 0.496867 0.857897
0.043535 0.558994 0.828028
0.054502 0.551597 0.832328
0.720062 -0.693895 -0.004508
-0.720065 0.693892 0.004511
0.217464 -0.263492 0.939831
0.216138 -0.262251 0.940483
0.142898 -0.193378 0.970662
-0.025357 -0.032811 0.999140
-0.207694 0.144785 0.967420
-0.283070 0.219386 0.933671
-0.273828 0.210195 0.938529
0.720063 -0.693894 -0.004507
-0.720061 0.693896 0.004513
-0.107546 -0.597196 0.794852
-0.105996 -0.598208 0.794299
-0.191001 -0.538889 0.820437
-0.368681 -0.388076 0.844672
-0.539723 -0.198795 0.818034
-0.603341 -0.112023 0.789577
-0.595790 -0.122958 0.793672
0.720063 -0.693894 -0.004509
-0.720061 0.693897 0.004511
-0.336393 -0.834958 0.435529
-0.338097 -0.834108 0.435838
-0.428826 -0.783279 0.450092
-0.613221 -0.639360 0.463874
-0.776220 -0.441812 0.449761
-0.831461 -0.346434 0.434346
-0.825109 -0.358609 0.436573
0.720062 -0.693895 -0.004511
-0.720062 0.693895 0.004508
-0.413733 -0.909503 -0.040368
-0.411971 -0.910303 -0.040352
-0.506852 -0.861051 -0.041143
-0.693446 -0.719328 -0.041223
-0.853808 -0.519147 -0.038720
-0.906297 -0.421033 -0.036829
-0.900340 -0.433604 -0.037087
0.720062 -0.693895 -0.004510
-0.720060 0.693897 0.004504
-0.312497 -0.804048 -0.505818
-0.314190 -0.803175 -0.506157
-0.404166 -0.751369 -0.521627
-0.587862 -0.606551 -0.535270
-0.751695 -0.410081 -0.516515
-0.807802 -0.315831 -0.497701
-0.801326 -0.327844 -0.500394
0.720061 -0.693896 -0.004509
-0.720063 0.693895 0.004504
-0.066140 -0.543623 -0.836720
-0.064619 -0.544673 -0.836155
-0.148287 -0.483626 -0.862622
-0.324762 -0.331250 -0.885891
-0.497252 -0.143838 -0.855600
-0.562370 -0.059015 -0.824777
-0.554597 -0.069672 -0.829197
0.720066 -0.693891 -0.004509
-0.720069 0.693888 0.004507
0.265245 -0.201676 -0.942853
0.263949 -0.200391 -0.943490
0.192219 -0.129563 -0.972762
0.025358 0.032808 -0.999140
-0.158650 0.208244 -0.965124
-0.235765 0.280596 -0.930420
-0.226271 0.271729 -0.935396
0.720066 -0.693891 -0.004511
-0.720066 0.693891 0.004512
0.587639 0.134553 -0.797857
0.588712 0.133037 -0.797320
0.526120 0.215951 -0.822534
0.368683 0.388077 -0.844671
0.173382 0.551825 -0.815738
0.084507 0.612006 -0.786325
0.095692 0.604887 -0.790541
168
0 0 1 2 0 1 2 2
0 3 4 5 3 4 5 2
0 6 7 8 6 7 8 1
0 6 8 9 6 8 9 1
0 10 11 12 7 10 8 1
0 11 13 12 10 11 8 1
0 11 14 15 10 12 13 1
0 11 15 13 10 13 11 1
0 14 16 15 12 14 13 1
0 16 17 15 14 15 13 1
0 16 18 19 14 16 17 1
0 16 19 17 14 17 15 1
0 20 21 22 16 18 17 1
0 21 23 22 18 19 17 1
0 1 24 2 1 20 2 2
0 5 4 25 5 4 21 2
0 9 8 26 9 8 22 1
0 8 27 26 8 23 22 1
0 12 13 28 8 11 24 1
0 12 28 29 8 24 23 1
0 13 15 28 11 13 24 1
0 15 30 28 13 25 24 1
0 15 17 31 13 15 26 1
0 15 31 30 13 26 25 1
0 17 19 31 15 17 26 1
0 19 32 31 17 27 26 1
0 22 23 33 17 19 28 1
0 22 33 34 17 28 27 1
0 24 35 2 20 29 2 2
0 25 4 36 21 4 30 2
0 26 27 37 22 23 31 1
0 26 37 38 22 31 32 1
0 29 28 39 23 24 31 1
0 28 40 39 24 33 31 1
0 28 30 41 24 25 34 1
0 28 41 40 24 34 33 1
0 30 31 41 25 26 34 1
0 31 42 41 26 35 34 1
0 31 32 43 26 27 36 1
0 31 43 42 26 36 35 1
0 34 33 44 27 28 36 1
0 33 45 44 28 37 36 1
0 35 46 2 29 38 2 2
0 36 4 47 30 4 39 2
0 38 37 48 32 31 40 1
0 37 49 48 31 41 40 1
0 39 40 50 31 33 42 1
0 39 50 51 31 42 41 1
0 40 41 50 33 34 42 1
0 41 52 50 34 43 42 1
0 41 42 53 34 35 44 1
0 41 53 52 34 44 43 1
0 42 43 53 35 36 44 1
0 43 54 53 36 45 44 1
0 44 45 55 36 37 46 1
0 44 55 56 36 46 45 1
0 46 57 2 38 47 2 2
0 47 4 58 39 4 48 2
0 48 49 59 40 41 49 1
0 48 59 60 40 49 50 1
0 51 50 61 41 42 49 1
0 50 62 61 42 51 49 1
0 50 52 63 42 43 52 1
0 50 63 62 42 52 51 1
0 52 53 63 43 44 52 1
0 53 64 63 44 53 52 1
0 53 54 65 44 45 54 1
0 53 65 64 44 54 53 1
0 56 55 66 45 46 54 1
0 55 67 66 46 55 54 1
0 57 68 2 47 56 2 2
0 58 4 69 48 4 57 2
0 60 59 70 50 49 58 1
0 59 71 70 49 59 58 1
0 61 62 72 49 51 60 1
0 61 72 73 49 60 59 1
0 62 63 72 51 52 60 1
0 63 74 72 52 61 60 1
0 63 64 75 52 53 62 1
0 63 75 74 52 62 61 1
0 64 65 75 53 54 62 1
0 65 76 75 54 63 62 1
0 66 67 77 54 55 64 1
0 66 77 78 54 64 63 1
0 68 79 2 56 65 2 2
0 69 4 80 57 4 66 2
0 70 71 81 58 59 67 1
0 70 81 82 58 67 68 1
0 73 72 83 59 60 67 1
0 72 84 83 60 69 67 1
0 72 74 85 60 61 70 1
0 72 85 84 60 70 69 1
0 74 75 85 61 62 70 1
0 75 86 85 62 71 70 1
0 75 76 87 62 63 72 1
0 75 87 86 62 72 71 1
0 78 77 88 63 64 72 1
0 77 89 88 64 73 72 1
0 79 90 2 65 74 2 2
0 80 4 91 66 4 75 2
0 82 81 92 68 67 76 1
0 81 93 92 67 77 76 1
0 83 84 94 67 69 78 1
0 83 94 95 67 78 77 1
0 84 85 94 69 70 78 1
0 85 96 94 70 79 78 1
0 85 86 97 70 71 80 1
0 85 97 96 70 80 79 1
0 86 87 97 71 72 80 1
0 87 98 97 72 81 80 1
0 88 89 99 72 73 82 1
0 88 99 100 72 82 81 1
0 90 101 2 74 83 2 2
0 91 4 102 75 4 84 2
0 92 93 103 76 77 85 1
0 92 103 104 76 85 86 1
0 95 94 105 77 78 85 1
0 94 106 105 78 87 85 1
0 94 96 107 78 79 88 1
0 94 107 106 78 88 87 1
0 96 97 107 79 80 88 1
0 97 108 107 80 89 88 1
0 97 98 109 80 81 90 1
0 97 109 108 80 90 89 1
0 100 99 110 81 82 90 1
0 99 111 110 82 91 90 1
0 101 112 2 83 92 2 2
0 102 4 113 84 4 93 2
0 104 103 114 86 85 94 1
0 103 115 114 85 95 94 1
0 105 106 116 85 87 96 1
0 105 116 117 85 96 95 1
0 106 107 116 87 88 96 1
0 107 118 116 88 97 96 1
0 107 108 119 88 89 98 1
0 107 119 118 88 98 97 1
0 108 109 119 89 90 98 1
0 109 120 119 90 99 98 1
0 110 111 121 90 91 100 1
0 110 121 122 90 100 99 1
0 112 123 2 92 101 2 2
0 113 4 124 93 4 102 2
0 114 115 125 94 95 103 1
0 114 125 126 94 103 104 1
0 117 116 127 95 96 103 1
0 116 128 127 96 105 103 1
0 116 118 129 96 97 106 1
0 116 129 128 96 106 105 1
0 118 119 129 97 98 106 1
0 119 130 129 98 107 106 1
0 119 120 131 98 99 108 1
0 119 131 130 98 108 107 1
0 122 121 132 99 100 108 1
0 121 133 132 100 109 108 1
0 123 0 2 101 0 2 2
0 124 4 3 102 4 3 2
0 126 125 6 104 103 6 1
0 125 7 6 103 7 6 1
0 127 128 11 103 105 10 1
0 127 11 10 103 10 7 1
0 128 129 11 105 106 10 1
0 129 14 11 106 12 10 1
0 129 130 16 106 107 14 1
0 129 16 14 106 14 12 1
0 130 131 16 107 108 14 1
0 131 18 16 108 16 14 1
0 132 133 21 108 109 18 1
0 132 21 20 108 18 16 1
"rings" 0 1
148
0 -2.581230 4.598804 -0.765559 0.677331 0.125198 -1
0 -3.026908 4.140824 -1.459572 0.674355 0.102313 -1
0 -3.282551 3.032381 0.077244 0.672648 0.152988 -1
0 -2.098340 4.659426 -0.965263 0.680555 0.118613 -1
0 -2.648566 4.094031 -1.822063 0.676881 0.090360 -1
0 -2.160804 4.193652 -0.768202 0.680138 0.125111 -1
0 -2.606476 3.735669 -1.462209 0.677162 0.102226 -1
0 -3.652621 3.493350 -1.741094 0.670177 0.093030 -1
0 -3.421049 3.294657 -2.169619 0.671723 0.078900 -1
0 -3.232193 3.088187 -1.743732 0.672984 0.092943 -1
0 -4.290722 2.829833 -1.534698 0.665917 0.099836 -1
0 -4.208821 2.475502 -1.914804 0.666463 0.087302 -1
0 -3.870298 2.424682 -1.537330 0.668723 0.099749 -1
0 -4.770242 2.328085 -0.895674 0.662715 0.120907 -1
0 -4.800805 1.856064 -1.125892 0.662511 0.113316 -1
0 -4.349803 1.922927 -0.898315 0.665522 0.120820 -1
0 -4.962679 2.122544 0.004728 0.661430 0.150597 -1
0 -5.038395 1.602324 -0.014282 0.660924 0.149970 -1
0 -4.542235 1.717389 0.002090 0.664237 0.150510 -1
0 -4.816464 2.268296 0.925269 0.662406 0.180951 -1
0 -4.857885 1.782240 1.122188 0.662130 0.187445 -1
0 -4.396029 1.863136 0.922632 0.665213 0.180864 -1
0 -4.370784 2.726264 1.619279 0.665382 0.203836 -1
0 -4.307676 2.347650 1.978989 0.665803 0.215697 -1
0 -3.950350 2.321109 1.616638 0.668189 0.203749 -1
0 -3.745058 3.373747 1.900794 0.669560 0.213119 -1
0 -3.535161 3.147011 2.326553 0.670961 0.227158 -1
0 -3.324626 2.968599 1.898162 0.672367 0.213032 -1
0 -3.106959 4.037276 1.694398 0.673820 0.206313 -1
0 -2.747395 3.966175 2.071740 0.676221 0.218755 -1
0 -2.686527 3.632107 1.691763 0.676627 0.206226 -1
0 -2.627458 4.539011 1.055377 0.677022 0.185241 -1
0 -2.155398 4.585587 1.282831 0.680174 0.192742 -1
0 -2.207017 4.133858 1.052751 0.679829 0.185155 -1
0 -2.435017 4.744540 0.154979 0.678307 0.155551 -1
0 -1.917843 4.839341 0.171209 0.681760 0.156087 -1
0 -2.014592 4.339397 0.152343 0.681114 0.155465 -1
0 -0.609361 3.771955 -1.190208 0.690497 0.111195 -1
0 -2.265086 2.045647 0.062260 0.679441 0.152494 -1
0 -0.392747 3.987863 0.173547 0.691943 0.156164 -1
0 -0.241034 3.417010 -1.192518 0.692956 0.111119 -1
0 -0.294093 3.733876 -1.291551 0.692602 0.107854 -1
0 -0.060148 3.967063 0.181304 0.694163 0.156420 -1
0 -0.024424 3.632919 0.171245 0.694402 0.156088 -1
0 -0.677840 3.683363 1.507488 0.690040 0.200149 -1
0 -0.309508 3.328414 1.505179 0.692499 0.200073 -1
0 -0.368032 3.638208 1.621960 0.692108 0.203924 -1
0 -1.388225 2.940033 2.454173 0.685297 0.231366 -1
0 -1.135261 2.835404 2.644384 0.686985 0.237638 -1
0 -1.019890 2.585092 2.451865 0.687756 0.231290 -1
0 -2.333561 1.957061 2.759951 0.678985 0.241449 -1
0 -1.965232 1.602117 2.757644 0.681444 0.241373 -1
0 -2.156229 1.773801 2.974619 0.680169 0.248527 -1
0 -3.260548 0.997824 2.342880 0.672795 0.227696 -1
0 -3.157370 0.737818 2.524188 0.673484 0.233675 -1
0 -2.892226 0.642873 2.340574 0.675254 0.227620 -1
0 -3.920816 0.319337 1.314724 0.668387 0.193794 -1
0 -3.552480 -0.035613 1.312414 0.670846 0.193717 -1
0 -3.870455 0.005054 1.413772 0.668723 0.197059 -1
0 -4.137414 0.103421 -0.049038 0.666941 0.148824 -1
0 -4.104391 -0.228129 -0.059089 0.667161 0.148493 -1
0 -3.769088 -0.251526 -0.051348 0.669400 0.148748 -1
0 -3.852340 0.407917 -1.382983 0.668843 0.104839 -1
0 -3.484012 0.052975 -1.385291 0.671303 0.104763 -1
0 -3.796505 0.100729 -1.499746 0.669217 0.100989 -1
0 -3.141953 1.151244 -2.329677 0.673586 0.073622 -1
0 -3.029286 0.903518 -2.522173 0.674339 0.067275 -1
0 -2.773625 0.796301 -2.331983 0.676046 0.073546 -1
0 -2.196616 2.134223 -2.635454 0.679899 0.063540 -1
0 -1.828289 1.779280 -2.637761 0.682358 0.063463 -1
0 -2.008321 1.965142 -2.852413 0.681156 0.056385 -1
0 -1.269619 3.093471 -2.218377 0.686088 0.077292 -1
0 -1.007166 3.001129 -2.401975 0.687841 0.071238 -1
0 -0.901294 2.738522 -2.220686 0.688548 0.077216 -1
0 3.679442 -0.359213 -1.214606 0.719133 0.110391 -1
0 2.023712 -2.085516 0.037866 0.708077 0.151690 -1
0 3.019182 -1.037694 -2.242768 0.714725 0.076488 -1
0 3.311111 -0.004270 -1.212295 0.716673 0.110467 -1
0 3.629084 -0.044941 -1.313658 0.718796 0.107125 -1
0 2.916011 -0.777696 -2.424080 0.714036 0.070509 -1
0 2.650848 -0.682745 -2.240463 0.712265 0.076564 -1
0 2.092191 -1.996932 -2.659842 0.708535 0.062736 -1
0 1.723859 -1.641992 -2.657537 0.706075 0.062811 -1
0 1.914851 -1.813673 -2.874512 0.707351 0.055657 -1
0 1.146847 -2.979915 -2.354065 0.702223 0.072818 -1
0 0.893889 -2.875291 -2.544275 0.700534 0.066546 -1
0 0.778518 -2.624962 -2.351756 0.699764 0.072894 -1
0 0.436470 -3.723246 -1.407371 0.697480 0.104035 -1
0 0.068134 -3.368291 -1.405063 0.695020 0.104110 -1
0 0.126671 -3.678093 -1.521844 0.695411 0.100260 -1
0 0.151391 -4.027740 -0.073433 0.695576 0.148020 -1
0 -0.181218 -4.006943 -0.081193 0.693355 0.147764 -1
0 -0.216945 -3.672787 -0.071126 0.693117 0.148096 -1
0 0.367996 -3.811831 1.290328 0.697023 0.192989 -1
0 -0.000341 -3.456873 1.292638 0.694563 0.193065 -1
0 0.052717 -3.773755 1.391672 0.694918 0.196331 -1
0 1.028248 -3.133346 2.318495 0.701431 0.226892 -1
0 0.765803 -3.041003 2.502090 0.699679 0.232946 -1
0 0.659921 -2.778399 2.320799 0.698972 0.226968 -1
0 1.955249 -2.174098 2.735570 0.707620 0.240645 -1
0 1.586910 -1.819156 2.737875 0.705161 0.240721 -1
0 1.766950 -2.005020 2.952519 0.706363 0.247798 -1
0 2.900578 -1.191122 2.429790 0.713932 0.230562 -1
0 2.787920 -0.943398 2.622286 0.713180 0.236909 -1
0 2.532252 -0.836173 2.432095 0.711473 0.230638 -1
0 3.610969 -0.447798 1.483102 0.718675 0.199346 -1
0 3.242639 -0.092849 1.485407 0.716216 0.199422 -1
0 3.555134 -0.140611 1.599861 0.718303 0.203195 -1
0 3.896052 -0.143306 0.149158 0.720579 0.155360 -1
0 3.863024 0.188252 0.159206 0.720358 0.155691 -1
0 3.527717 0.211650 0.151467 0.718120 0.155436 -1
0 4.724226 -2.446643 -0.818862 0.726109 0.123440 -1
0 4.870431 -2.300901 0.101680 0.727085 0.153794 -1
0 3.190311 -3.210738 0.029163 0.715867 0.151403 -1
0 4.765639 -1.960598 -1.015778 0.726385 0.116947 -1
0 4.946154 -1.780668 0.120690 0.727590 0.154421 -1
0 4.303796 -2.041493 -0.816224 0.723302 0.123527 -1
0 4.450003 -1.895743 0.104314 0.724278 0.153881 -1
0 4.677999 -2.506436 1.002083 0.725800 0.183484 -1
0 4.708568 -2.034411 1.232302 0.726004 0.191076 -1
0 4.257562 -2.101281 1.004726 0.722993 0.183571 -1
0 4.198502 -3.008186 1.641099 0.722598 0.204555 -1
0 4.116594 -2.653858 2.021210 0.722052 0.217089 -1
0 3.778054 -2.603025 1.643734 0.719791 0.204642 -1
0 3.560387 -3.671704 1.847496 0.718338 0.211361 -1
0 3.328811 -3.473012 2.276027 0.716791 0.225492 -1
0 3.139949 -3.266541 1.850137 0.715530 0.211448 -1
0 2.934668 -4.319195 1.565981 0.714160 0.202078 -1
0 2.556326 -4.272375 1.928470 0.711634 0.214031 -1
0 2.514223 -3.914018 1.568618 0.711353 0.202165 -1
0 2.488991 -4.777161 0.871971 0.711184 0.179194 -1
0 2.006100 -4.837771 1.071664 0.707960 0.185779 -1
0 2.068559 -4.372005 0.874608 0.708377 0.179281 -1
0 2.342782 -4.922909 -0.048573 0.710208 0.148840 -1
0 1.825591 -5.017693 -0.064804 0.706754 0.148304 -1
0 1.922353 -4.517746 -0.045928 0.707401 0.148927 -1
0 2.535219 -4.717374 -0.948976 0.711493 0.119150 -1
0 2.063160 -4.763955 -1.176424 0.708340 0.111650 -1
0 2.114774 -4.312193 -0.946344 0.708686 0.119236 -1
0 3.014726 -4.215620 -1.587998 0.714694 0.098079 -1
0 2.655152 -4.144518 -1.965333 0.712294 0.085636 -1
0 2.594295 -3.810465 -1.585364 0.711888 0.098165 -1
0 3.652821 -3.552104 -1.794399 0.718955 0.091273 -1
0 3.442926 -3.325368 -2.220153 0.717554 0.077234 -1
0 3.232391 -3.146949 -1.791763 0.716148 0.091360 -1
0 4.278543 -2.904617 -1.512872 0.723133 0.100556 -1
0 4.215433 -2.525997 -1.872588 0.722711 0.088695 -1
0 3.858109 -2.499455 -1.510234 0.720326 0.100643 -1
196
-0.871775 0.468092 0.144560
-0.797835 0.544073 0.259701
-0.720063 0.693894 0.004508
-0.227840 0.936479 -0.266638
0.630620 0.622230 -0.463841
0.386142 0.371027 -0.844532
-0.370350 0.790050 -0.488530
0.937820 -0.234167 -0.256240
0.804733 -0.370910 -0.463497
-0.694026 0.651491 0.306409
-0.570400 0.583019 -0.578560
0.042930 0.015856 -0.998952
0.617888 -0.564271 -0.547552
-0.588162 0.761572 0.272164
-0.307073 -0.348103 -0.885737
-0.774415 0.370867 -0.512581
0.427355 -0.762409 -0.485901
-0.508605 0.844817 0.166145
-0.927732 0.210435 -0.308269
-0.570093 -0.623322 -0.535223
0.284148 -0.912239 -0.295093
-0.476681 0.878916 0.016759
-0.675658 -0.736056 -0.041324
-0.989262 0.144727 -0.020359
0.226659 -0.973621 -0.026216
-0.500937 0.854738 -0.135964
-0.942512 0.191327 0.273979
-0.595451 -0.656118 0.463625
0.270340 -0.930094 0.248678
-0.574876 0.778759 -0.251101
-0.350993 -0.404896 0.844312
-0.800008 0.337773 0.495879
0.403419 -0.793334 0.455933
-0.678694 0.671330 -0.297809
-0.599949 0.544784 0.585894
-0.007769 -0.049742 0.998732
0.590281 -0.599983 0.539990
-0.784561 0.561245 -0.263568
0.342244 0.314211 0.885517
-0.395928 0.756931 0.519900
0.780828 -0.401837 0.478367
-0.864107 0.478010 -0.157559
-0.242587 0.917365 0.315583
0.605284 0.589417 0.534994
0.924019 -0.252023 0.287531
-0.896032 0.443915 -0.008171
0.710824 0.702168 0.041102
-0.181073 0.983080 0.027685
0.981483 -0.190640 0.018650
-0.720063 0.693894 0.004511
-0.720063 0.693894 0.004508
-0.720061 0.693896 0.004509
0.932537 0.044137 -0.358366
0.610549 0.641928 -0.463851
0.690776 0.721892 0.041235
0.994015 0.105408 0.028693
0.000478 0.936605 -0.350387
0.061582 0.997512 0.034321
-0.720062 0.693895 0.004507
0.913105 0.018983 0.407283
0.585192 0.609113 0.535287
-0.018843 0.911614 0.410615
-0.720063 0.693894 0.004509
0.322085 0.333819 0.885904
0.711487 -0.191968 0.675969
-0.219231 0.701929 0.677668
-0.720063 0.693895 0.004509
0.443188 -0.470948 0.762753
-0.028036 -0.030225 0.999150
-0.485906 0.424649 0.763917
-0.720063 0.693894 0.004509
-0.371351 -0.385494 0.844685
0.180107 -0.743194 0.644378
-0.747399 0.154065 0.646265
-0.720064 0.693893 0.004506
-0.007291 -0.935756 0.352573
-0.615885 -0.636783 0.463889
-0.933652 -0.037327 0.356231
-0.720065 0.693892 0.004507
-0.696120 -0.716742 -0.041205
-0.068776 -0.997036 -0.034486
-0.994758 -0.098216 -0.028474
-0.720064 0.693893 0.004508
0.012139 -0.910615 -0.413078
-0.590532 -0.603970 -0.535249
-0.914338 -0.012336 -0.404764
-0.720064 0.693893 0.004507
-0.327430 -0.328672 -0.885869
0.213758 -0.699650 -0.681761
-0.713944 0.197334 -0.671821
-0.720064 0.693893 0.004507
0.482054 -0.420667 -0.768547
0.022682 0.035385 -0.999116
-0.447282 0.474623 -0.758071
-0.720064 0.693893 0.004507
0.366007 0.390652 -0.844648
0.745148 -0.148429 -0.650171
-0.185799 0.745218 -0.640414
0.720061 -0.693896 -0.004510
0.720063 -0.693894 -0.004508
0.720062 -0.693895 -0.004507
0.007299 0.935755 -0.352575
0.615893 0.636777 -0.463886
0.371362 0.385489 -0.844683
-0.180090 0.743192 -0.644386
0.933654 0.037320 -0.356226
0.747410 -0.154084 -0.646248
0.720062 -0.693895 -0.004507
-0.443186 0.470946 -0.762756
0.028030 0.030230 -0.999150
0.485910 -0.424653 -0.763912
0.720066 -0.693891 -0.004509
-0.322080 -0.333828 -0.885903
-0.711484 0.191961 -0.675975
0.219242 -0.701933 -0.677660
0.720067 -0.693890 -0.004508
-0.913103 -0.019000 -0.407287
-0.585179 -0.609128 -0.535283
0.018852 -0.911617 -0.410609
0.720066 -0.693891 -0.004508
-0.690768 -0.721899 -0.041237
-0.994015 -0.105413 -0.028692
-0.061570 -0.997513 -0.034318
0.720067 -0.693890 -0.004509
-0.932536 -0.044140 0.358369
-0.610547 -0.641929 0.463853
-0.000471 -0.936605 0.350387
0.720065 -0.693892 -0.004508
-0.366000 -0.390653 0.844650
-0.745143 0.148416 0.650180
0.185797 -0.745216 0.640416
0.720064 -0.693893 -0.004511
-0.482042 0.420654 0.768561
-0.022679 -0.035389 0.999116
0.447278 -0.474620 0.758076
0.720063 -0.693894 -0.004509
0.327438 0.328662 0.885870
-0.213744 0.699644 0.681771
0.713950 -0.197350 0.671809
0.720060 -0.693897 -0.004506
-0.012123 0.910612 0.413085
0.590539 0.603963 0.535251
0.914337 0.012336 0.404765
0.720060 -0.693898 -0.004509
0.696121 0.716741 0.041204
0.068778 0.997036 0.034484
0.994756 0.098229 0.028474
0.500940 -0.854736 0.135962
0.476683 -0.878915 -0.016760
0.720064 -0.693893 -0.004510
0.942513 -0.191324 -0.273979
0.595444 0.656124 -0.463624
0.675654 0.736060 0.041319
0.989261 -0.144737 0.020361
-0.270345 0.930094 -0.248675
-0.226681 0.973616 0.026211
0.508611 -0.844813 -0.166150
0.927735 -0.210436 0.308261
0.570093 0.623321 0.535224
-0.284152 0.912237 0.295096
0.588161 -0.761570 -0.272170
0.307080 0.348098 0.885737
0.774418 -0.370861 0.512581
-0.427334 0.762406 0.485925
0.694024 -0.651493 -0.306411
0.570392 -0.583019 0.578569
-0.042927 -0.015860 0.998952
-0.617878 0.564268 0.547566
0.797834 -0.544072 -0.259705
-0.386149 -0.371023 0.844530
0.370320 -0.790047 0.488559
-0.804732 0.370897 0.463511
0.871776 -0.468092 -0.144559
0.227806 -0.936483 0.266653
-0.630626 -0.622221 0.463845
-0.937820 0.234163 0.256243
0.896034 -0.443910 0.008173
-0.710835 -0.702157 -0.041096
0.181037 -0.983087 -0.027683
-0.981478 0.190664 -0.018646
0.864110 -0.478007 0.157555
0.242581 -0.917364 -0.315590
-0.605273 -0.589425 -0.534999
-0.924017 0.252026 -0.287533
0.784561 -0.561246 0.263566
-0.342247 -0.314204 -0.885518
0.395919 -0.756927 -0.519913
-0.780828 0.401854 -0.478353
0.678693 -0.671331 0.297808
0.599946 -0.544784 -0.585897
0.007767 0.049740 -0.998732
-0.590283 0.599982 -0.539989
0.574878 -0.778757 0.251101
0.350996 0.404902 -0.844308
0.800011 -0.337769 -0.495877
-0.403417 0.793337 -0.455928
240
0 0 1 2 0 1 2 2
0 0 3 4 3 4 5 1
0 0 4 1 3 5 6 1
0 3 5 4 4 7 5 1
0 5 6 4 7 8 5 1
0 1 7 2 1 9 2 2
0 1 4 7 6 5 10 1
0 4 8 7 5 11 10 1
0 4 6 9 5 8 12 1
0 4 9 8 5 12 11 1
0 7 10 2 9 13 2 2
0 7 8 11 10 11 14 1
0 7 11 10 10 14 15 1
0 8 9 11 11 12 14 1
0 9 12 11 12 16 14 1
0 10 13 2 13 17 2 2
0 10 11 13 15 14 18 1
0 11 14 13 14 19 18 1
0 11 12 15 14 16 20 1
0 11 15 14 14 20 19 1
0 13 16 2 17 21 2 2
0 13 14 17 18 19 22 1
0 13 17 16 18 22 23 1
0 14 15 17 19 20 22 1
0 15 18 17 20 24 22 1
0 16 19 2 21 25 2 2
0 16 17 19 23 22 26 1
0 17 20 19 22 27 26 1
0 17 18 21 22 24 28 1
0 17 21 20 22 28 27 1
0 19 22 2 25 29 2 2
0 19 20 23 26 27 30 1
0 19 23 22 26 30 31 1
0 20 21 23 27 28 30 1
0 21 24 23 28 32 30 1
0 22 25 2 29 33 2 2
0 22 23 25 31 30 34 1
0 23 26 25 30 35 34 1
0 23 24 27 30 32 36 1
0 23 27 26 30 36 35 1
0 25 28 2 33 37 2 2
0 25 26 29 34 35 38 1
0 25 29 28 34 38 39 1
0 26 27 29 35 36 38 1
0 27 30 29 36 40 38 1
0 28 31 2 37 41 2 2
0 28 29 31 39 38 42 1
0 29 32 31 38 43 42 1
0 29 30 33 38 40 44 1
0 29 33 32 38 44 43 1
0 31 34 2 41 45 2 2
0 31 32 35 42 43 46 1
0 31 35 34 42 46 47 1
0 32 33 35 43 44 46 1
0 33 36 35 44 48 46 1
0 34 0 2 45 0 2 2
0 34 35 0 47 46 3 1
0 35 3 0 46 4 3 1
0 35 36 5 46 48 7 1
0 35 5 3 46 7 4 1
0 37 38 39 49 50 51 2
0 40 41 42 52 53 54 1
0 40 42 43 52 54 55 1
0 41 37 42 53 56 54 1
0 37 39 42 56 57 54 1
0 39 38 44 51 50 58 2
0 43 42 45 55 54 59 1
0 42 46 45 54 60 59 1
0 42 39 44 54 57 61 1
0 42 44 46 54 61 60 1
0 44 38 47 58 50 62 2
0 45 46 48 59 60 63 1
0 45 48 49 59 63 64 1
0 46 44 48 60 61 63 1
0 44 47 48 61 65 63 1
0 47 38 50 62 50 66 2
0 49 48 51 64 63 67 1
0 48 52 51 63 68 67 1
0 48 47 50 63 65 69 1
0 48 50 52 63 69 68 1
0 50 38 53 66 50 70 2
0 51 52 54 67 68 71 1
0 51 54 55 67 71 72 1
0 52 50 54 68 69 71 1
0 50 53 54 69 73 71 1
0 53 38 56 70 50 74 2
0 55 54 57 72 71 75 1
0 54 58 57 71 76 75 1
0 54 53 56 71 73 77 1
0 54 56 58 71 77 76 1
0 56 38 59 74 50 78 2
0 57 58 60 75 76 79 1
0 57 60 61 75 79 80 1
0 58 56 60 76 77 79 1
0 56 59 60 77 81 79 1
0 59 38 62 78 50 82 2
0 61 60 63 80 79 83 1
0 60 64 63 79 84 83 1
0 60 59 62 79 81 85 1
0 60 62 64 79 85 84 1
0 62 38 65 82 50 86 2
0 63 64 66 83 84 87 1
0 63 66 67 83 87 88 1
0 64 62 66 84 85 87 1
0 62 65 66 85 89 87 1
0 65 38 68 86 50 90 2
0 67 66 69 88 87 91 1
0 66 70 69 87 92 91 1
0 66 65 68 87 89 93 1
0 66 68 70 87 93 92 1
0 68 38 71 90 50 94 2
0 69 70 72 91 92 95 1
0 69 72 73 91 95 96 1
0 70 68 72 92 93 95 1
0 68 71 72 93 97 95 1
0 71 38 37 94 50 49 2
0 73 72 40 96 95 52 1
0 72 41 40 95 53 52 1
0 72 71 37 95 97 56 1
0 72 37 41 95 56 53 1
0 74 75 76 98 99 100 2
0 77 78 79 101 102 103 1
0 77 79 80 101 103 104 1
0 78 74 79 102 105 103 1
0 74 76 79 105 106 103 1
0 76 75 81 100 99 107 2
0 80 79 82 104 103 108 1
0 79 83 82 103 109 108 1
0 79 76 81 103 106 110 1
0 79 81 83 103 110 109 1
0 81 75 84 107 99 111 2
0 82 83 85 108 109 112 1
0 82 85 86 108 112 113 1
0 83 81 85 109 110 112 1
0 81 84 85 110 114 112 1
0 84 75 87 111 99 115 2
0 86 85 88 113 112 116 1
0 85 89 88 112 117 116 1
0 85 84 87 112 114 118 1
0 85 87 89 112 118 117 1
0 87 75 90 115 99 119 2
0 88 89 91 116 117 120 1
0 88 91 92 116 120 121 1
0 89 87 91 117 118 120 1
0 87 90 91 118 122 120 1
0 90 75 93 119 99 123 2
0 92 91 94 121 120 124 1
0 91 95 94 120 125 124 1
0 91 90 93 120 122 126 1
0 91 93 95 120 126 125 1
0 93 75 96 123 99 127 2
0 94 95 97 124 125 128 1
0 94 97 98 124 128 129 1
0 95 93 97 125 126 128 1
0 93 96 97 126 130 128 1
0 96 75 99 127 99 131 2
0 98 97 100 129 128 132 1
0 97 101 100 128 133 132 1
0 97 96 99 128 130 134 1
0 97 99 101 128 134 133 1
0 99 75 102 131 99 135 2
0 100 101 103 132 133 136 1
0 100 103 104 132 136 137 1
0 101 99 103 133 134 136 1
0 99 102 103 134 138 136 1
0 102 75 105 135 99 139 2
0 104 103 106 137 136 140 1
0 103 107 106 136 141 140 1
0 103 102 105 136 138 142 1
0 103 105 107 136 142 141 1
0 105 75 108 139 99 143 2
0 106 107 109 140 141 144 1
0 106 109 110 140 144 145 1
0 107 105 109 141 142 144 1
0 105 108 109 142 146 144 1
0 108 75 74 143 99 98 2
0 110 109 77 145 144 101 1
0 109 78 77 144 102 101 1
0 109 108 74 144 146 105 1
0 109 74 78 144 105 102 1
0 111 112 113 147 148 149 2
0 111 114 115 150 151 152 1
0 111 115 112 150 152 153 1
0 114 116 115 151 154 152 1
0 116 117 115 154 155 152 1
0 112 118 113 148 156 149 2
0 112 115 118 153 152 157 1
0 115 119 118 152 158 157 1
0 115 117 120 152 155 159 1
0 115 120 119 152 159 158 1
0 118 121 113 156 160 149 2
0 118 119 122 157 158 161 1
0 118 122 121 157 161 162 1
0 119 120 122 158 159 161 1
0 120 123 122 159 163 161 1
0 121 124 113 160 164 149 2
0 121 122 124 162 161 165 1
0 122 125 124 161 166 165 1
0 122 123 126 161 163 167 1
0 122 126 125 161 167 166 1
0 124 127 113 164 168 149 2
0 124 125 128 165 166 169 1
0 124 128 127 165 169 170 1
0 125 126 128 166 167 169 1
0 126 129 128 167 171 169 1
0 127 130 113 168 172 149 2
0 127 128 130 170 169 173 1
0 128 131 130 169 174 173 1
0 128 129 132 169 171 175 1
0 128 132 131 169 175 174 1
0 130 133 113 172 176 149 2
0 130 131 134 173 174 177 1
0 130 134 133 173 177 178 1
0 131 132 134 174 175 177 1
0 132 135 134 175 179 177 1
0 133 136 113 176 180 149 2
0 133 134 136 178 177 181 1
0 134 137 136 177 182 181 1
0 134 135 138 177 179 183 1
0 134 138 137 177 183 182 1
0 136 139 113 180 184 149 2
0 136 137 140 181 182 185 1
0 136 140 139 181 185 186 1
0 137 138 140 182 183 185 1
0 138 141 140 183 187 185 1
0 139 142 113 184 188 149 2
0 139 140 142 186 185 189 1
0 140 143 142 185 190 189 1
0 140 141 144 185 187 191 1
0 140 144 143 185 191 190 1
0 142 145 113 188 192 149 2
0 142 143 146 189 190 193 1
0 142 146 145 189 193 194 1
0 143 144 146 190 191 193 1
0 144 147 146 191 195 193 1
0 145 111 113 192 147 149 2
0 145 146 111 194 193 150 1
0 146 114 111 193 151 150 1
0 146 147 116 193 195 154 1
0 146 116 114 193 154 151 1
"tops" 0 2
50
0 -4.007851 3.727459 0.076454 0.150829 0.193134 -1
0 -3.434280 4.072595 0.102339 0.195511 0.194262 -1
0 -3.486187 4.020851 -0.224492 0.191467 0.180020 -1
0 -3.502600 3.999614 0.422013 0.190189 0.208191 -1
0 -3.672854 3.821499 0.648893 0.176925 0.218078 -1
0 -3.899399 3.585909 0.722172 0.159277 0.221271 -1
0 -4.121556 3.356026 0.622222 0.141971 0.216916 -1
0 -4.279788 3.193433 0.375826 0.129644 0.206179 -1
0 -4.331707 3.141680 0.048996 0.125600 0.191938 -1
0 -4.263384 3.214655 -0.270687 0.130922 0.178007 -1
0 -4.093134 3.392807 -0.497558 0.144185 0.168122 -1
0 -3.866585 3.628383 -0.570839 0.161833 0.164928 -1
0 -3.644423 3.858252 -0.470892 0.179140 0.169284 -1
0 -2.854635 3.995027 -0.446356 0.240666 0.170353 -1
0 -2.764739 4.084661 0.119725 0.247669 0.195019 -1
0 -2.883060 3.958260 0.673427 0.238452 0.219147 -1
0 -3.177932 3.649714 1.066387 0.215481 0.236270 -1
0 -3.570336 3.241677 1.193314 0.184912 0.241801 -1
0 -3.955110 2.843515 1.020192 0.154937 0.234257 -1
0 -4.229168 2.561879 0.593415 0.133587 0.215660 -1
0 -4.319096 2.472263 0.027331 0.126582 0.190993 -1
0 -4.200754 2.598656 -0.526371 0.135801 0.166866 -1
0 -3.905876 2.907201 -0.919326 0.158773 0.149743 -1
0 -3.513490 3.315229 -1.046255 0.189340 0.144212 -1
0 -3.128705 3.713404 -0.873134 0.219316 0.151756 -1
0 3.913061 -3.903306 0.024552 0.215693 0.175521 -1
0 4.185018 -3.369289 -0.274820 0.228425 0.168531 -1
0 4.236931 -3.317537 0.052000 0.230856 0.176162 -1
0 4.168610 -3.390516 0.371686 0.227657 0.183627 -1
0 3.998358 -3.568649 0.598561 0.219686 0.188924 -1
0 3.771799 -3.804223 0.671841 0.209079 0.190635 -1
0 3.549655 -4.034113 0.571887 0.198678 0.188301 -1
0 3.391418 -4.196704 0.325489 0.191270 0.182548 -1
0 3.339514 -4.248449 -0.001335 0.188840 0.174917 -1
0 3.407830 -4.175472 -0.321017 0.192038 0.167452 -1
0 3.578063 -3.997328 -0.547894 0.200008 0.162155 -1
0 3.804625 -3.761767 -0.621171 0.210615 0.160444 -1
0 4.026777 -3.531876 -0.521223 0.221016 0.162778 -1
0 4.134402 -2.737736 -0.492412 0.226055 0.163450 -1
0 4.224319 -2.648108 0.073667 0.230265 0.176668 -1
0 4.105966 -2.774489 0.627372 0.224724 0.189597 -1
0 3.811107 -3.083053 1.020335 0.210919 0.198773 -1
0 3.418705 -3.491070 1.147258 0.192547 0.201736 -1
0 3.033919 -3.889244 0.974134 0.174532 0.197694 -1
0 2.759856 -4.170882 0.547356 0.161701 0.187728 -1
0 2.669937 -4.260492 -0.018725 0.157491 0.174511 -1
0 2.788269 -4.134094 -0.572427 0.163032 0.161582 -1
0 3.083162 -3.825564 -0.965386 0.176838 0.152407 -1
0 3.475537 -3.417520 -1.092310 0.195208 0.149443 -1
0 3.860343 -3.019364 -0.919191 0.213225 0.153485 -1
50
-0.720059 0.693898 0.004512
-0.278829 0.960029 0.024459
-0.238106 0.935127 -0.262378
-0.252637 0.916316 0.310708
-0.462507 0.766685 0.445288
-0.604388 0.549565 0.576796
-0.808009 0.408280 0.424769
-0.941568 0.201664 0.269781
-0.969825 0.243234 -0.016623
-0.927022 0.220485 -0.303342
-0.786133 0.436584 -0.437480
-0.575291 0.587219 -0.569398
-0.440622 0.794999 -0.416928
-0.075561 0.942752 -0.324821
-0.018847 0.999299 0.032341
-0.093508 0.919554 0.381677
-0.279520 0.724890 0.629606
-0.527100 0.467455 0.709684
-0.769859 0.216242 0.600464
-0.942769 0.038547 0.331210
-0.999501 -0.017991 -0.025952
-0.924835 0.061756 -0.375321
-0.738798 0.256417 -0.623240
-0.491238 0.513844 -0.703313
-0.248468 0.765074 -0.594076
0.720059 -0.693899 -0.004513
0.941567 -0.201679 -0.269774
0.969822 -0.243246 0.016624
0.927022 -0.220490 0.303339
0.786120 -0.436608 0.437480
0.575291 -0.587214 0.569403
0.440637 -0.794986 0.416936
0.238101 -0.935130 0.262372
0.278826 -0.960030 -0.024450
0.252648 -0.916307 -0.310724
0.462515 -0.766680 -0.445289
0.604376 -0.549586 -0.576789
0.808009 -0.408291 -0.424759
0.942773 -0.038551 -0.331200
0.999501 0.017994 0.025963
0.924837 -0.061732 0.375320
0.738798 -0.256427 0.623235
0.491227 -0.513859 0.703310
0.248463 -0.765064 0.594090
0.075561 -0.942755 0.324812
0.018817 -0.999300 -0.032346
0.093467 -0.919558 -0.381677
0.279525 -0.724887 -0.629607
0.527079 -0.467443 -0.709708
0.769852 -0.216252 -0.600469
72
0 0 1 2 0 1 2 1
0 0 3 1 0 3 1 1
0 0 4 3 0 4 3 1
0 0 5 4 0 5 4 1
0 0 6 5 0 6 5 1
0 0 7 6 0 7 6 1
0 0 8 7 0 8 7 1
0 0 9 8 0 9 8 1
0 0 10 9 0 10 9 1
0 0 11 10 0 11 10 1
0 0 12 11 0 12 11 1
0 0 2 12 0 2 12 1
0 13 2 14 13 2 14 1
0 2 1 14 2 1 14 1
0 14 1 3 14 1 3 1
0 14 3 15 14 3 15 1
0 15 3 16 15 3 16 1
0 3 4 16 3 4 16 1
0 16 4 5 16 4 5 1
0 16 5 17 16 5 17 1
0 17 5 18 17 5 18 1
0 5 6 18 5 6 18 1
0 18 6 7 18 6 7 1
0 18 7 19 18 7 19 1
0 19 7 20 19 7 20 1
0 7 8 20 7 8 20 1
0 20 8 9 20 8 9 1
0 20 9 21 20 9 21 1
0 21 9 22 21 9 22 1
0 9 10 22 9 10 22 1
0 22 10 11 22 10 11 1
0 22 11 23 22 11 23 1
0 23 11 24 23 11 24 1
0 11 12 24 11 12 24 1
0 24 12 2 24 12 2 1
0 24 2 13 24 2 13 1
0 25 26 27 25 26 27 1
0 25 27 28 25 27 28 1
0 25 28 29 25 28 29 1
0 25 29 30 25 29 30 1
0 25 30 31 25 30 31 1
0 25 31 32 25 31 32 1
0 25 32 33 25 32 33 1
0 25 33 34 25 33 34 1
0 25 34 35 25 34 35 1
0 25 35 36 25 35 36 1
0 25 36 37 25 36 37 1
0 25 37 26 25 37 26 1
0 26 38 39 26 38 39 1
0 26 39 27 26 39 27 1
0 27 39 28 27 39 28 1
0 39 40 28 39 40 28 1
0 28 40 41 28 40 41 1
0 28 41 29 28 41 29 1
0 29 41 30 29 41 30 1
0 41 42 30 41 42 30 1
0 30 42 43 30 42 43 1
0 30 43 31 30 43 31 1
0 31 43 32 31 43 32 1
0 43 44 32 43 44 32 1
0 32 44 45 32 44 45 1
0 32 45 33 32 45 33 1
0 33 45 34 33 45 34 1
0 45 46 34 45 46 34 1
0 34 46 47 34 46 47 1
0 34 47 35 34 47 35 1
0 35 47 36 35 47 36 1
0 47 48 36 47 48 36 1
0 36 48 49 36 48 49 1
0 36 49 37 36 49 37 1
0 37 49 26 37 49 26 1
0 49 38 26 49 38 26 1

Materials: 3
"main"
0.800000 0.800000 0.800000 1.000000
0.800000 0.800000 0.800000 1.000000
0.000000 1.000000 0.000000 1.000000
0.000000 0.000000 0.000000 1.000000
0.000000
1.000000
".\weapons1.bmp"
""
"rings"
0.800000 0.800000 0.800000 1.000000
0.800000 0.800000 0.800000 1.000000
0.709804 0.768628 0.807843 1.000000
0.000000 0.000000 0.000000 1.000000
8.000000
1.000000
".\weapons1.bmp"
""
"tops"
0.800000 0.800000 0.800000 1.000000
0.800000 0.800000 0.800000 1.000000
0.729412 1.000000 0.458824 1.000000
0.000000 0.000000 0.000000 1.000000
0.000000
1.000000
".\weapons1.bmp"
""

Bones: 0
GroupComments: 0
MaterialComments: 0
BoneComments: 0
ModelComment: 0
