// MilkShape 3D ASCII

Frames: 30
Frame: 1

Meshes: 9
"moab" 0 0
89
0 0.000000 6.172083 0.000000 0.060547 0.257813 -1
0 0.146763 5.226743 -0.735512 0.062625 0.266345 -1
0 -0.145874 5.226743 -0.735690 0.058481 0.266345 -1
0 0.417056 5.226743 -0.623358 0.066453 0.266345 -1
0 0.623856 5.226743 -0.416304 0.069382 0.266345 -1
0 0.735680 5.226743 -0.145871 0.070966 0.266345 -1
0 0.735503 5.226743 0.146769 0.070963 0.266345 -1
0 0.623353 5.226743 0.417066 0.069375 0.266345 -1
0 0.416302 5.226743 0.623868 0.066443 0.266345 -1
0 0.145874 5.226743 0.735691 0.062613 0.266345 -1
0 -0.146763 5.226743 0.735513 0.058468 0.266345 -1
0 -0.417056 5.226743 0.623359 0.054640 0.266345 -1
0 -0.623856 5.226743 0.416305 0.051712 0.266345 -1
0 -0.735680 5.226743 0.145872 0.050128 0.266345 -1
0 -0.735503 5.226743 -0.146769 0.050130 0.266345 -1
0 -0.623352 5.226743 -0.417065 0.051719 0.266345 -1
0 -0.416302 5.226743 -0.623867 0.054651 0.266345 -1
0 -0.215281 4.370072 -1.085733 0.057498 0.274078 -1
0 -0.614382 4.370072 -0.920702 0.051846 0.274078 -1
0 -0.919949 4.370072 -0.615502 0.047518 0.274078 -1
0 -1.085461 4.370072 -0.216599 0.045174 0.274078 -1
0 -1.085722 4.370072 0.215278 0.045171 0.274078 -1
0 -0.920693 4.370072 0.614382 0.047508 0.274078 -1
0 -0.615498 4.370072 0.919953 0.051830 0.274078 -1
0 -0.216596 4.370072 1.085470 0.057479 0.274078 -1
0 0.215281 4.370072 1.085734 0.063596 0.274078 -1
0 0.614383 4.370072 0.920703 0.069248 0.274078 -1
0 0.919950 4.370072 0.615503 0.073575 0.274078 -1
0 1.085461 4.370072 0.216599 0.075919 0.274078 -1
0 1.085723 4.370072 -0.215278 0.075923 0.274078 -1
0 0.920693 4.370072 -0.614381 0.073586 0.274078 -1
0 0.615497 4.370072 -0.919952 0.069264 0.274078 -1
0 0.216596 4.370072 -1.085469 0.063614 0.274078 -1
0 -0.614382 -4.668167 -0.920702 0.051846 0.355658 -1
0 -0.215281 -4.668167 -1.085734 0.057498 0.355658 -1
0 -0.175620 -5.445467 -0.885709 0.058060 0.362674 -1
0 -0.501194 -5.445467 -0.751082 0.053449 0.362674 -1
0 -0.919949 -4.668167 -0.615502 0.047518 0.355658 -1
0 -0.750465 -5.445466 -0.502110 0.049919 0.362674 -1
0 -1.085461 -4.668167 -0.216599 0.045174 0.355658 -1
0 -0.885485 -5.445465 -0.176696 0.048006 0.362674 -1
0 -1.085722 -4.668167 0.215278 0.045171 0.355658 -1
0 -0.885698 -5.445466 0.175617 0.048003 0.362674 -1
0 -0.920693 -4.668167 0.614382 0.047508 0.355658 -1
0 -0.751072 -5.445465 0.501195 0.049910 0.362674 -1
0 -0.615498 -4.668167 0.919953 0.051830 0.355658 -1
0 -0.502102 -5.445465 0.750471 0.053436 0.362674 -1
0 -0.216597 -4.668167 1.085470 0.057479 0.355658 -1
0 -0.176692 -5.445466 0.885495 0.058045 0.362674 -1
0 0.215280 -4.668167 1.085734 0.063596 0.355658 -1
0 0.175619 -5.445465 0.885710 0.063034 0.362674 -1
0 0.614383 -4.668167 0.920702 0.069248 0.355658 -1
0 0.501194 -5.445465 0.751083 0.067645 0.362674 -1
0 0.919949 -4.668167 0.615503 0.073575 0.355658 -1
0 0.750465 -5.445466 0.502110 0.071175 0.362674 -1
0 1.085461 -4.668167 0.216599 0.075919 0.355658 -1
0 0.885485 -5.445467 0.176696 0.073087 0.362674 -1
0 1.085723 -4.668167 -0.215278 0.075923 0.355658 -1
0 0.885698 -5.445466 -0.175617 0.073090 0.362674 -1
0 0.920693 -4.668167 -0.614381 0.073586 0.355658 -1
0 0.751072 -5.445467 -0.501194 0.071184 0.362674 -1
0 0.615497 -4.668167 -0.919952 0.069264 0.355658 -1
0 0.502102 -5.445467 -0.750470 0.067658 0.362674 -1
0 0.216596 -4.668167 -1.085469 0.063614 0.355658 -1
0 0.176691 -5.445466 -0.885494 0.063049 0.362674 -1
0 0.000536 -5.945465 -0.885601 0.060554 0.367187 -1
0 -0.501194 -5.945465 -0.751082 0.053449 0.367187 -1
0 -0.750465 -5.945466 -0.502109 0.049919 0.367188 -1
0 -0.885591 -5.945465 -0.000539 0.048005 0.367187 -1
0 -0.751072 -5.945465 0.501195 0.049910 0.367187 -1
0 -0.502102 -5.945466 0.750471 0.053436 0.367188 -1
0 -0.000536 -5.945467 0.885602 0.060539 0.367188 -1
0 0.501194 -5.945467 0.751082 0.067645 0.367188 -1
0 0.750465 -5.945466 0.502110 0.071175 0.367188 -1
0 0.885591 -5.945467 0.000540 0.073089 0.367188 -1
0 0.751072 -5.945467 -0.501194 0.071184 0.367188 -1
0 0.502102 -5.945466 -0.750470 0.067658 0.367188 -1
0 3.585668 -2.906327 -0.079178 0.111328 0.339756 -1
0 3.585518 -2.906327 0.082634 0.111326 0.339756 -1
0 3.585518 -4.668167 0.082635 0.111326 0.355658 -1
0 3.585668 -4.668167 -0.079179 0.111328 0.355658 -1
0 1.085723 -2.106270 -0.215278 0.075923 0.332534 -1
0 1.085461 -2.106270 0.216600 0.075919 0.332534 -1
0 -3.585667 -2.906327 0.079179 0.009766 0.339756 -1
0 -3.585518 -2.906327 -0.082634 0.009768 0.339756 -1
0 -3.585518 -4.668167 -0.082634 0.009768 0.355658 -1
0 -3.585668 -4.668167 0.079179 0.009766 0.355658 -1
0 -1.085722 -2.106270 0.215279 0.045171 0.332534 -1
0 -1.085461 -2.106270 -0.216599 0.045174 0.332534 -1
89
-0.000000 1.000000 -0.000000
0.207379 0.483681 -0.850322
-0.133815 0.483681 -0.864954
0.516999 0.483680 -0.706234
0.747907 0.483679 -0.454631
0.864955 0.483679 -0.133816
0.850325 0.483679 0.207369
0.706241 0.483680 0.516988
0.454636 0.483681 0.747903
0.133815 0.483681 0.864954
-0.207378 0.483681 0.850322
-0.516999 0.483680 0.706233
-0.747907 0.483679 0.454631
-0.864956 0.483679 0.133817
-0.850325 0.483679 -0.207371
-0.706241 0.483680 -0.516989
-0.454637 0.483681 -0.747903
-0.239130 0.383816 -0.891909
-0.562251 0.383815 -0.732503
-0.799768 0.383815 -0.461580
-0.915529 0.383815 -0.120388
-0.891910 0.383815 0.239129
-0.732509 0.383815 0.562242
-0.461591 0.383815 0.799762
-0.120395 0.383815 0.915528
0.239130 0.383816 0.891909
0.562250 0.383815 0.732503
0.799770 0.383815 0.461578
0.915529 0.383815 0.120388
0.891910 0.383816 -0.239129
0.732509 0.383815 -0.562243
0.461591 0.383815 -0.799763
0.120395 0.383815 -0.915528
-0.482563 -0.253235 -0.838454
-0.124961 -0.253235 -0.959300
-0.228741 -0.180344 -0.956637
-0.529935 -0.151454 -0.834405
-0.766694 -0.253235 -0.589960
-0.823712 -0.128008 -0.552370
-0.695823 -0.693318 -0.187459
-0.974482 -0.142955 -0.173058
-0.845824 -0.521960 0.110181
-0.956637 -0.180343 0.228738
-0.838459 -0.253235 0.482555
-0.834410 -0.151454 0.529927
-0.589971 -0.253236 0.766685
-0.552382 -0.128007 0.823704
-0.251664 -0.253235 0.934097
-0.173067 -0.142955 0.974480
0.124962 -0.253235 0.959300
0.228740 -0.180343 0.956637
0.482562 -0.253235 0.838454
0.529935 -0.151455 0.834404
0.766694 -0.253235 0.589960
0.823712 -0.128008 0.552370
0.695823 -0.693318 0.187460
0.974482 -0.142955 0.173058
0.845824 -0.521960 -0.110182
0.956637 -0.180343 -0.228739
0.838458 -0.253235 -0.482556
0.834410 -0.151453 -0.529927
0.589971 -0.253235 -0.766686
0.552382 -0.128007 -0.823704
0.251664 -0.253234 -0.934097
0.173067 -0.142955 -0.974480
-0.097714 -0.058083 -0.993518
-0.574769 -0.000000 -0.818316
-0.886502 -0.031147 -0.461676
-0.993518 -0.058081 0.097716
-0.818322 0.000000 0.574760
-0.461689 -0.031147 0.886495
0.097714 -0.058083 0.993518
0.574769 -0.000001 0.818315
0.886501 -0.031146 0.461677
0.993518 -0.058081 -0.097716
0.818322 0.000000 -0.574760
0.461688 -0.031147 -0.886495
0.924198 0.381912 0.000858
0.645428 0.763821 0.000560
0.894427 -0.447214 0.000830
0.447213 -0.894427 0.000415
0.304793 0.952419 0.000234
0.304798 0.952417 0.000185
-0.924198 0.381912 -0.000854
-0.645428 0.763821 -0.000556
-0.894427 -0.447213 -0.000827
-0.447214 -0.894427 -0.000415
-0.304793 0.952419 -0.000232
-0.304798 0.952417 -0.000184
120
0 0 1 2 0 1 2 1
0 0 3 1 0 3 1 1
0 0 4 3 0 4 3 1
0 0 5 4 0 5 4 1
0 0 6 5 0 6 5 1
0 0 7 6 0 7 6 1
0 0 8 7 0 8 7 1
0 0 9 8 0 9 8 1
0 0 10 9 0 10 9 1
0 0 11 10 0 11 10 1
0 0 12 11 0 12 11 1
0 0 13 12 0 13 12 1
0 0 14 13 0 14 13 1
0 0 15 14 0 15 14 1
0 0 16 15 0 16 15 1
0 0 2 16 0 2 16 1
0 16 2 17 16 2 17 1
0 18 16 17 18 16 17 1
0 15 16 18 15 16 18 1
0 19 15 18 19 15 18 1
0 14 15 19 14 15 19 1
0 20 14 19 20 14 19 1
0 13 14 20 13 14 20 1
0 21 13 20 21 13 20 1
0 12 13 21 12 13 21 1
0 22 12 21 22 12 21 1
0 11 12 22 11 12 22 1
0 23 11 22 23 11 22 1
0 10 11 23 10 11 23 1
0 24 10 23 24 10 23 1
0 9 10 24 9 10 24 1
0 25 9 24 25 9 24 1
0 8 9 25 8 9 25 1
0 26 8 25 26 8 25 1
0 7 8 26 7 8 26 1
0 27 7 26 27 7 26 1
0 6 7 27 6 7 27 1
0 28 6 27 28 6 27 1
0 5 6 28 5 6 28 1
0 29 5 28 29 5 28 1
0 4 5 29 4 5 29 1
0 30 4 29 30 4 29 1
0 3 4 30 3 4 30 1
0 31 3 30 31 3 30 1
0 1 3 31 1 3 31 1
0 32 1 31 32 1 31 1
0 2 1 32 2 1 32 1
0 17 2 32 17 2 32 1
0 33 34 35 33 34 35 1
0 36 33 35 36 33 35 1
0 37 33 36 37 33 36 1
0 38 37 36 38 37 36 1
0 39 37 38 39 37 38 1
0 40 39 38 40 39 38 1
0 41 39 40 41 39 40 1
0 42 41 40 42 41 40 1
0 43 41 42 43 41 42 1
0 44 43 42 44 43 42 1
0 45 43 44 45 43 44 1
0 46 45 44 46 45 44 1
0 47 45 46 47 45 46 1
0 48 47 46 48 47 46 1
0 49 47 48 49 47 48 1
0 50 49 48 50 49 48 1
0 51 49 50 51 49 50 1
0 52 51 50 52 51 50 1
0 53 51 52 53 51 52 1
0 54 53 52 54 53 52 1
0 55 53 54 55 53 54 1
0 56 55 54 56 55 54 1
0 57 55 56 57 55 56 1
0 58 57 56 58 57 56 1
0 59 57 58 59 57 58 1
0 60 59 58 60 59 58 1
0 61 59 60 61 59 60 1
0 62 61 60 62 61 60 1
0 63 61 62 63 61 62 1
0 64 63 62 64 63 62 1
0 34 63 64 34 63 64 1
0 35 34 64 35 34 64 1
0 36 35 65 36 35 65 1
0 66 36 65 66 36 65 1
0 38 36 66 38 36 66 1
0 67 38 66 67 38 66 1
0 40 38 67 40 38 67 1
0 68 40 67 68 40 67 1
0 44 42 68 44 42 68 1
0 69 44 68 69 44 68 1
0 46 44 69 46 44 69 1
0 70 46 69 70 46 69 1
0 48 46 70 48 46 70 1
0 71 48 70 71 48 70 1
0 52 50 71 52 50 71 1
0 72 52 71 72 52 71 1
0 54 52 72 54 52 72 1
0 73 54 72 73 54 72 1
0 56 54 73 56 54 73 1
0 74 56 73 74 56 73 1
0 60 58 74 60 58 74 1
0 75 60 74 75 60 74 1
0 62 60 75 62 60 75 1
0 76 62 75 76 62 75 1
0 64 62 76 64 62 76 1
0 65 64 76 65 64 76 1
0 77 78 79 77 78 79 1
0 80 77 79 80 77 79 1
0 81 82 78 81 82 78 1
0 77 81 78 77 81 78 1
0 55 57 80 55 57 80 1
0 79 55 80 79 55 80 1
0 83 84 85 83 84 85 1
0 86 83 85 86 83 85 1
0 87 88 84 87 88 84 1
0 83 87 84 83 87 84 1
0 39 41 86 39 41 86 1
0 85 39 86 85 39 86 1
0 71 50 48 71 50 48 1
0 68 42 40 68 42 40 1
0 65 35 64 65 35 64 1
0 74 58 56 74 58 56 1
"fuselage" 0 0
48
0 -0.614382 4.370072 -0.920702 0.155391 0.253046 -1
0 -0.215281 4.370072 -1.085733 0.175565 0.253046 -1
0 -0.215281 -2.106270 -1.085733 0.175565 0.339130 -1
0 -0.614382 -2.106270 -0.920702 0.155391 0.339130 -1
0 -0.919949 4.370072 -0.615502 0.139946 0.253046 -1
0 -0.919949 -2.106270 -0.615502 0.139946 0.339130 -1
0 -1.085461 4.370072 -0.216599 0.131580 0.253046 -1
0 -1.085461 -2.106270 -0.216599 0.131580 0.339130 -1
0 -1.085722 4.370072 0.215278 0.131567 0.253046 -1
0 -1.085722 -2.106270 0.215279 0.131567 0.339130 -1
0 -0.920693 4.370072 0.614382 0.139908 0.253046 -1
0 -0.920693 -2.106270 0.614382 0.139908 0.339130 -1
0 -0.615498 4.370072 0.919953 0.155335 0.253046 -1
0 -0.615498 -2.106270 0.919953 0.155335 0.339130 -1
0 -0.216596 4.370072 1.085470 0.175498 0.253046 -1
0 -0.216596 -2.106270 1.085470 0.175498 0.339130 -1
0 0.215281 4.370072 1.085734 0.197328 0.253046 -1
0 0.215280 -2.106270 1.085734 0.197328 0.339130 -1
0 0.614383 4.370072 0.920703 0.217502 0.253046 -1
0 0.614383 -2.106270 0.920703 0.217502 0.339130 -1
0 0.919950 4.370072 0.615503 0.232947 0.253046 -1
0 0.919949 -2.106270 0.615503 0.232947 0.339130 -1
0 1.085461 4.370072 0.216599 0.241313 0.253046 -1
0 1.085461 -2.106270 0.216600 0.241313 0.339130 -1
0 1.085723 4.370072 -0.215278 0.241326 0.253046 -1
0 1.085723 -2.106270 -0.215278 0.241326 0.339130 -1
0 0.920693 4.370072 -0.614381 0.232985 0.253046 -1
0 0.920693 -2.106270 -0.614381 0.232985 0.339130 -1
0 0.615497 4.370072 -0.919952 0.217558 0.253046 -1
0 0.615497 -2.106270 -0.919952 0.217558 0.339130 -1
0 0.216596 4.370072 -1.085469 0.197395 0.253046 -1
0 0.216596 -2.106270 -1.085469 0.197395 0.339130 -1
0 -0.215281 -4.668167 -1.085734 0.175565 0.373183 -1
0 -0.614382 -4.668167 -0.920702 0.155391 0.373183 -1
0 -0.919949 -4.668167 -0.615502 0.139946 0.373183 -1
0 -1.085461 -4.668167 -0.216599 0.131580 0.373183 -1
0 -1.085722 -4.668167 0.215278 0.131567 0.373183 -1
0 -0.920693 -4.668167 0.614382 0.139908 0.373183 -1
0 -0.615498 -4.668167 0.919953 0.155335 0.373183 -1
0 -0.216597 -4.668167 1.085470 0.175498 0.373183 -1
0 0.215280 -4.668167 1.085734 0.197328 0.373183 -1
0 0.614383 -4.668167 0.920702 0.217502 0.373183 -1
0 0.919949 -4.668167 0.615503 0.232947 0.373183 -1
0 1.085461 -4.668167 0.216599 0.241313 0.373183 -1
0 1.085723 -4.668167 -0.215278 0.241326 0.373183 -1
0 0.920693 -4.668167 -0.614381 0.232985 0.373183 -1
0 0.615497 -4.668167 -0.919952 0.217558 0.373183 -1
0 0.216596 -4.668167 -1.085469 0.197395 0.373183 -1
48
-0.498822 0.000000 -0.866705
-0.129172 0.000000 -0.991622
-0.194494 0.000000 -0.980904
-0.555070 0.000000 -0.831804
-0.792526 0.000000 -0.609838
-0.831136 0.000000 -0.556070
-0.965573 0.000000 -0.260132
-0.972114 -0.000000 -0.234509
-0.991622 0.000000 0.129174
-0.956840 -0.000000 0.290617
-0.866709 0.000000 0.498814
-0.831810 -0.000000 0.555061
-0.609849 0.000000 0.792517
-0.556081 0.000000 0.831128
-0.260142 0.000000 0.965570
-0.195691 0.000000 0.980666
0.129171 -0.000000 0.991622
0.194494 -0.000000 0.980904
0.498821 -0.000000 0.866705
0.555070 -0.000000 0.831804
0.792527 -0.000000 0.609837
0.831136 -0.000000 0.556069
0.965573 -0.000000 0.260132
0.972114 -0.000000 0.234510
0.991622 0.000000 -0.129174
0.956839 0.000000 -0.290618
0.866708 0.000000 -0.498816
0.831809 0.000000 -0.555062
0.609849 0.000000 -0.792518
0.556080 0.000000 -0.831128
0.260142 0.000000 -0.965570
0.195691 0.000000 -0.980666
-0.258965 0.000000 -0.965887
-0.608886 0.000000 -0.793258
-0.866104 0.000000 -0.499865
-0.923649 0.000000 -0.383239
-0.924113 -0.000000 0.382120
-0.793266 0.000000 0.608875
-0.499876 0.000000 0.866097
-0.130382 0.000000 0.991464
0.258965 -0.000000 0.965887
0.608885 -0.000000 0.793258
0.866104 -0.000000 0.499864
0.923650 -0.000000 0.383238
0.924112 0.000000 -0.382122
0.793265 0.000000 -0.608877
0.499876 0.000000 -0.866097
0.130383 0.000000 -0.991464
60
0 0 1 2 0 1 2 1
0 3 0 2 3 0 2 1
0 4 0 3 4 0 3 1
0 5 4 3 5 4 3 1
0 6 4 5 6 4 5 1
0 7 6 5 7 6 5 1
0 8 6 7 8 6 7 1
0 9 8 7 9 8 7 1
0 10 8 9 10 8 9 1
0 11 10 9 11 10 9 1
0 12 10 11 12 10 11 1
0 13 12 11 13 12 11 1
0 14 12 13 14 12 13 1
0 15 14 13 15 14 13 1
0 16 14 15 16 14 15 1
0 17 16 15 17 16 15 1
0 18 16 17 18 16 17 1
0 19 18 17 19 18 17 1
0 20 18 19 20 18 19 1
0 21 20 19 21 20 19 1
0 22 20 21 22 20 21 1
0 23 22 21 23 22 21 1
0 24 22 23 24 22 23 1
0 25 24 23 25 24 23 1
0 26 24 25 26 24 25 1
0 27 26 25 27 26 25 1
0 28 26 27 28 26 27 1
0 29 28 27 29 28 27 1
0 30 28 29 30 28 29 1
0 31 30 29 31 30 29 1
0 1 30 31 1 30 31 1
0 2 1 31 2 1 31 1
0 3 2 32 3 2 32 1
0 33 3 32 33 3 32 1
0 5 3 33 5 3 33 1
0 34 5 33 34 5 33 1
0 7 5 34 7 5 34 1
0 35 7 34 35 7 34 1
0 11 9 36 11 9 36 1
0 37 11 36 37 11 36 1
0 13 11 37 13 11 37 1
0 38 13 37 38 13 37 1
0 15 13 38 15 13 38 1
0 39 15 38 39 15 38 1
0 17 15 39 17 15 39 1
0 40 17 39 40 17 39 1
0 19 17 40 19 17 40 1
0 41 19 40 41 19 40 1
0 21 19 41 21 19 41 1
0 42 21 41 42 21 41 1
0 23 21 42 23 21 42 1
0 43 23 42 43 23 42 1
0 27 25 44 27 25 44 1
0 45 27 44 45 27 44 1
0 29 27 45 29 27 45 1
0 46 29 45 46 29 45 1
0 31 29 46 31 29 46 1
0 47 31 46 47 31 46 1
0 2 31 47 2 31 47 1
0 32 2 47 32 2 47 1
"wing-left" 0 0
8
0 -1.085461 -2.106270 -0.216599 0.110937 0.362500 -1
0 -1.085461 -4.668167 -0.216599 0.110937 0.478125 -1
0 -3.585518 -4.668167 -0.082634 0.012506 0.478125 -1
0 -3.585518 -2.906327 -0.082634 0.012506 0.398609 -1
0 -1.085722 -4.668167 0.215278 0.110927 0.478125 -1
0 -1.085722 -2.106270 0.215279 0.110927 0.362500 -1
0 -3.585667 -2.906327 0.079179 0.012500 0.398609 -1
0 -3.585668 -4.668167 0.079179 0.012500 0.478125 -1
5
-0.053508 0.000000 -0.998567
-0.053508 0.000000 -0.998567
-0.054360 -0.000000 0.998521
-0.054361 -0.000000 0.998521
-0.054360 0.000000 0.998521
4
0 0 1 2 0 1 0 1
0 3 0 2 0 0 0 1
0 4 5 6 2 3 2 1
0 7 4 6 4 2 2 1
"wing-right" 0 0
8
0 1.085461 -2.106270 0.216600 0.012500 0.362500 -1
0 1.085461 -4.668167 0.216599 0.012500 0.478125 -1
0 3.585518 -4.668167 0.082635 0.110932 0.478125 -1
0 3.585518 -2.906327 0.082634 0.110932 0.398609 -1
0 1.085723 -4.668167 -0.215278 0.012510 0.478125 -1
0 1.085723 -2.106270 -0.215278 0.012510 0.362500 -1
0 3.585668 -2.906327 -0.079178 0.110937 0.398609 -1
0 3.585668 -4.668167 -0.079179 0.110937 0.478125 -1
6
0.053508 0.000000 0.998567
0.053508 -0.000000 0.998567
0.053509 0.000001 0.998567
0.054360 0.000000 -0.998521
0.054361 0.000000 -0.998521
0.054360 0.000001 -0.998521
4
0 0 1 2 0 1 0 1
0 3 0 2 2 0 0 1
0 4 5 6 3 4 3 1
0 7 4 6 5 3 3 1
"fin-1" 0 0
12
0 2.652292 -5.945466 1.769374 0.244912 0.493643 -1
0 1.766164 -5.945466 2.654437 0.128918 0.493891 -1
0 1.766164 -6.172083 2.654437 0.128918 0.493891 -1
0 2.652292 -6.172083 1.769374 0.244912 0.493643 -1
0 0.885591 -5.945467 0.000540 0.245662 0.377165 -1
0 0.750465 -5.945466 0.502110 0.206211 0.394145 -1
0 0.750466 -6.172083 0.502110 0.206211 0.394145 -1
0 0.885591 -6.172083 0.000540 0.245662 0.377165 -1
0 0.501194 -5.945467 0.751082 0.175129 0.394100 -1
0 0.501194 -6.172083 0.751082 0.175129 0.394100 -1
0 -0.000536 -5.945467 0.885602 0.129668 0.377824 -1
0 -0.000536 -6.172083 0.885602 0.129668 0.377824 -1
11
0.816497 0.577350 0.000491
-0.000258 0.904534 0.426401
-0.000492 -0.577351 0.816496
0.426402 -0.904534 0.000257
0.500302 0.707106 -0.499699
-0.000001 1.000000 -0.000000
0.000000 -1.000000 0.000000
0.632837 -0.447214 -0.632074
-0.000001 1.000000 0.000000
-0.632837 0.447214 0.632073
-0.500302 -0.707107 0.499698
14
0 0 1 2 0 1 2 1
0 3 0 2 3 0 2 1
0 4 5 0 4 5 0 1
0 6 7 3 6 7 3 1
0 5 8 1 5 8 1 1
0 0 5 1 0 5 1 1
0 9 6 3 6 6 3 1
0 2 9 3 2 6 3 1
0 8 10 1 8 9 1 1
0 11 9 2 10 6 2 1
0 10 11 2 9 10 2 1
0 1 10 2 1 9 2 1
0 7 4 0 7 4 0 1
0 3 7 0 3 7 0 1
"fin-2" 0 0
12
0 1.769384 -5.945466 -2.652288 0.244374 0.494783 -1
0 2.654439 -5.945466 -1.766147 0.129675 0.494906 -1
0 2.654439 -6.172083 -1.766147 0.129675 0.494906 -1
0 1.769384 -6.172083 -2.652288 0.244374 0.494783 -1
0 0.000536 -5.945465 -0.885601 0.244239 0.380457 -1
0 0.502102 -5.945466 -0.750470 0.202334 0.390631 -1
0 0.502102 -6.172083 -0.750470 0.202334 0.390631 -1
0 0.000536 -6.172083 -0.885601 0.244239 0.380457 -1
0 0.751072 -5.945467 -0.501194 0.170437 0.390665 -1
0 0.751072 -6.172083 -0.501194 0.170437 0.390665 -1
0 0.885591 -5.945467 0.000540 0.129541 0.380145 -1
0 0.885591 -6.172083 0.000540 0.129541 0.380145 -1
11
0.000500 0.577351 -0.816496
0.426402 0.904534 0.000262
0.816497 -0.577350 0.000500
0.000261 -0.904534 -0.426401
-0.499694 0.707107 -0.500305
0.000001 1.000000 0.000001
0.000000 -1.000000 0.000000
-0.632069 -0.447214 -0.632842
0.000000 1.000000 0.000001
0.632069 0.447214 0.632842
0.499694 -0.707107 0.500306
14
0 0 1 2 0 1 2 1
0 3 0 2 3 0 2 1
0 4 5 0 4 5 0 1
0 6 7 3 6 7 3 1
0 5 8 1 5 8 1 1
0 0 5 1 0 5 1 1
0 9 6 3 6 6 3 1
0 2 9 3 2 6 3 1
0 8 10 1 8 9 1 1
0 11 9 2 10 6 2 1
0 7 4 0 7 4 0 1
0 3 7 0 3 7 0 1
0 10 11 2 9 10 2 1
0 1 10 2 1 9 2 1
"fin-3" 0 0
12
0 -2.652292 -5.945466 -1.769374 0.245060 0.495582 -1
0 -1.766164 -5.945466 -2.654436 0.130602 0.495377 -1
0 -1.766164 -6.172083 -2.654437 0.130602 0.495377 -1
0 -2.652292 -6.172083 -1.769374 0.245060 0.495582 -1
0 -0.885591 -5.945465 -0.000539 0.244763 0.379036 -1
0 -0.750465 -5.945466 -0.502109 0.204762 0.390112 -1
0 -0.750465 -6.172083 -0.502109 0.204762 0.390112 -1
0 -0.885591 -6.172083 -0.000539 0.244763 0.379036 -1
0 -0.501194 -5.945465 -0.751082 0.173424 0.390179 -1
0 -0.501194 -6.172083 -0.751082 0.173424 0.390179 -1
0 0.000536 -5.945465 -0.885601 0.130304 0.378832 -1
0 0.000536 -6.172083 -0.885601 0.130304 0.378832 -1
11
-0.816496 0.577351 -0.000492
0.000256 0.904535 -0.426400
0.000492 -0.577350 -0.816497
-0.426402 -0.904534 -0.000257
-0.500301 0.707107 0.499697
-0.000001 1.000000 -0.000000
0.000000 -1.000000 0.000000
-0.632837 -0.447214 0.632074
-0.000001 1.000000 0.000000
0.632837 0.447215 -0.632073
0.500302 -0.707107 -0.499698
14
0 0 1 2 0 1 2 1
0 3 0 2 3 0 2 1
0 4 5 0 4 5 0 1
0 6 7 3 6 7 3 1
0 5 8 1 5 8 1 1
0 0 5 1 0 5 1 1
0 9 6 3 6 6 3 1
0 2 9 3 2 6 3 1
0 8 10 1 8 9 1 1
0 11 9 2 10 6 2 1
0 7 4 0 7 4 0 1
0 3 7 0 3 7 0 1
0 10 11 2 9 10 2 1
0 1 10 2 1 9 2 1
"fin-4" 1 0
12
1 -1.769385 -5.945466 2.652287 0.244693 0.495841 -1
1 -2.654440 -5.945466 1.766146 0.130092 0.495820 -1
1 -2.654440 -6.172083 1.766147 0.130092 0.495820 -1
1 -1.769384 -6.172083 2.652288 0.244693 0.495841 -1
1 -0.000536 -5.945467 0.885602 0.244802 0.379871 -1
1 -0.502102 -5.945466 0.750471 0.207026 0.391310 -1
1 -0.502102 -6.172083 0.750471 0.207026 0.391310 -1
1 -0.000536 -6.172083 0.885602 0.244802 0.379871 -1
1 -0.751072 -5.945465 0.501195 0.177250 0.391427 -1
1 -0.751072 -6.172083 0.501195 0.177250 0.391427 -1
1 -0.885591 -5.945465 -0.000539 0.130201 0.379850 -1
1 -0.885591 -6.172083 -0.000539 0.130201 0.379850 -1
11
-0.000500 0.577352 0.816495
-0.426401 0.904534 -0.000260
-0.816497 -0.577350 -0.000500
-0.000261 -0.904534 0.426402
0.499695 0.707106 0.500306
0.000001 1.000000 0.000001
0.000000 -1.000000 0.000000
0.632069 -0.447211 0.632843
0.000000 1.000000 0.000001
-0.632069 0.447212 -0.632843
-0.499694 -0.707107 -0.500306
14
1 0 1 2 0 1 2 1
1 3 0 2 3 0 2 1
1 4 5 0 4 5 0 1
1 6 7 3 6 7 3 1
1 5 8 1 5 8 1 1
1 0 5 1 0 5 1 1
1 9 6 3 6 6 3 1
1 2 9 3 2 6 3 1
1 8 10 1 8 9 1 1
1 11 9 2 10 6 2 1
1 7 4 0 7 4 0 1
1 3 7 0 3 7 0 1
1 10 11 2 9 10 2 1
1 1 10 2 1 9 2 1
"bottom" 0 0
12
0 -0.750465 -6.172083 -0.502109 0.127940 0.384858 -1
0 -0.501194 -6.172083 -0.751082 0.129039 0.386066 -1
0 0.000536 -6.172083 -0.885601 0.131252 0.386719 -1
0 -0.885591 -6.172083 -0.000539 0.127344 0.382425 -1
0 -0.751072 -6.172083 0.501195 0.127937 0.379990 -1
0 -0.502102 -6.172083 0.750471 0.129035 0.378781 -1
0 -0.000536 -6.172083 0.885602 0.131248 0.378125 -1
0 0.501194 -6.172083 0.751082 0.133461 0.378778 -1
0 0.750466 -6.172083 0.502110 0.134560 0.379986 -1
0 0.885591 -6.172083 0.000540 0.135156 0.382419 -1
0 0.751072 -6.172083 -0.501194 0.134563 0.384854 -1
0 0.502102 -6.172083 -0.750470 0.133465 0.386063 -1
1
0.000000 -1.000000 0.000000
10
0 0 1 2 0 0 0 1
0 3 0 2 0 0 0 1
0 4 3 2 0 0 0 1
0 5 4 2 0 0 0 1
0 6 5 2 0 0 0 1
0 7 6 2 0 0 0 1
0 8 7 2 0 0 0 1
0 9 8 2 0 0 0 1
0 10 9 2 0 0 0 1
0 11 10 2 0 0 0 1

Materials: 1
"moab"
0.800000 0.800000 0.800000 1.000000
0.800000 0.800000 0.800000 1.000000
0.500000 0.500000 0.500000 1.000000
0.000000 0.000000 0.000000 1.000000
0.128000
1.000000
".\weapons1.bmp"
""

Bones: 0
GroupComments: 0
MaterialComments: 0
BoneComments: 0
ModelComment: 0
