// MilkShape 3D ASCII

Frames: 30
Frame: 1

Meshes: 7
"body" 0 0
112
1 -1.593680 1.800942 0.940116 0.236826 0.587922 -1
1 -1.385807 3.300942 0.854012 0.222155 0.549026 -1
1 -1.499988 3.300942 0.279987 0.230214 0.549026 -1
1 -1.724988 1.800942 0.279988 0.246094 0.587922 -1
1 -1.219747 1.800942 1.499746 0.210436 0.587922 -1
1 -1.060648 3.300942 1.340647 0.199207 0.549026 -1
1 -0.660116 1.800942 1.873680 0.170939 0.587922 -1
1 -0.574013 3.300942 1.665806 0.164862 0.549026 -1
1 0.000013 1.800943 2.004987 0.124349 0.587922 -1
1 0.000013 3.300942 1.779986 0.124349 0.549026 -1
1 0.660142 1.800942 1.873679 0.077759 0.587922 -1
1 0.574038 3.300942 1.665806 0.083836 0.549026 -1
1 1.219772 1.800942 1.499746 0.038262 0.587922 -1
1 1.060673 3.300942 1.340646 0.049491 0.549026 -1
1 1.593704 1.800942 0.940115 0.011871 0.587922 -1
1 1.385832 3.300942 0.854011 0.026542 0.549026 -1
1 1.725012 1.800942 0.279987 0.002604 0.587922 -1
1 1.500012 3.300942 0.279986 0.018484 0.549026 -1
1 1.593704 1.800942 -0.380143 0.011871 0.587922 -1
1 1.385831 3.300942 -0.294040 0.026542 0.549026 -1
1 1.219771 1.800941 -0.939773 0.038262 0.587922 -1
1 1.060672 3.300942 -0.780674 0.049491 0.549026 -1
1 0.660140 1.800941 -1.313705 0.077759 0.587922 -1
1 0.574037 3.300942 -1.105833 0.083836 0.549026 -1
1 0.000011 1.800941 -1.445012 0.124349 0.587922 -1
1 0.000011 3.300939 -1.220013 0.124349 0.549026 -1
1 -0.660118 1.800941 -1.313704 0.170939 0.587922 -1
1 -0.574014 3.300942 -1.105833 0.164862 0.549026 -1
1 -1.219748 1.800941 -0.939771 0.210436 0.587922 -1
1 -1.060649 3.300942 -0.780673 0.199207 0.549026 -1
1 -1.593680 1.800942 -0.380141 0.236827 0.587922 -1
1 -1.385807 3.300942 -0.294038 0.222156 0.549026 -1
1 -1.103213 4.050942 -0.176984 0.202211 0.529578 -1
1 -1.194110 4.050942 0.279986 0.208626 0.529578 -1
1 -0.844360 4.050942 -0.564386 0.183942 0.529578 -1
1 -0.456960 4.050942 -0.823239 0.156601 0.529578 -1
1 0.000012 4.050942 -0.914136 0.124349 0.529578 -1
1 0.456983 4.050942 -0.823240 0.092097 0.529578 -1
1 0.844384 4.050942 -0.564387 0.064756 0.529578 -1
1 1.103237 4.050942 -0.176985 0.046487 0.529578 -1
1 1.194135 4.050942 0.279986 0.040072 0.529578 -1
1 1.103238 4.050942 0.736957 0.046487 0.529578 -1
1 0.844385 4.050942 1.124358 0.064756 0.529578 -1
1 0.456984 4.050942 1.383211 0.092097 0.529578 -1
1 0.000013 4.050942 1.474109 0.124349 0.529578 -1
1 -0.456958 4.050942 1.383212 0.156600 0.529578 -1
1 -0.844360 4.050942 1.124359 0.183942 0.529578 -1
1 -1.103213 4.050942 0.736957 0.202211 0.529578 -1
1 -0.538026 4.800942 0.057124 0.162322 0.510130 -1
1 -0.582355 4.800942 0.279986 0.165451 0.510130 -1
1 -0.411784 4.800942 -0.131810 0.153412 0.510130 -1
1 -0.222851 4.800942 -0.258052 0.140078 0.510130 -1
1 0.000012 4.800942 -0.302382 0.124349 0.510130 -1
1 0.222875 4.800942 -0.258052 0.108620 0.510130 -1
1 0.411808 4.800942 -0.131811 0.095286 0.510130 -1
1 0.538050 4.800942 0.057123 0.086376 0.510130 -1
1 0.582380 4.800942 0.279986 0.083247 0.510130 -1
1 0.538050 4.800942 0.502849 0.086376 0.510130 -1
1 0.411809 4.800942 0.691782 0.095286 0.510130 -1
1 0.222875 4.800942 0.818024 0.108620 0.510130 -1
1 0.000012 4.800942 0.862354 0.124349 0.510130 -1
1 -0.222850 4.800942 0.818024 0.140078 0.510130 -1
1 -0.411784 4.800942 0.691782 0.153412 0.510130 -1
1 -0.538025 4.800942 0.502849 0.162322 0.510130 -1
1 -0.114135 5.040942 0.327267 0.132405 0.503906 -1
1 -0.087352 5.040942 0.367350 0.130515 0.503906 -1
1 -0.047269 5.040942 0.394133 0.127686 0.503906 -1
1 0.000012 5.040942 0.403538 0.124349 0.503906 -1
1 0.047294 5.040942 0.394133 0.121012 0.503906 -1
1 0.087377 5.040942 0.367350 0.118183 0.503906 -1
1 0.114159 5.040942 0.327267 0.116293 0.503906 -1
1 0.123564 5.040942 0.279986 0.115629 0.503906 -1
1 0.114159 5.040942 0.232704 0.116293 0.503906 -1
1 0.087377 5.040942 0.192621 0.118183 0.503906 -1
1 0.047294 5.040942 0.165839 0.121012 0.503906 -1
1 0.000012 5.040942 0.156434 0.124349 0.503906 -1
1 -0.047270 5.040942 0.165839 0.127686 0.503906 -1
1 -0.087352 5.040942 0.192621 0.130515 0.503906 -1
1 -0.114135 5.040942 0.232705 0.132405 0.503906 -1
1 -0.123540 5.040942 0.279986 0.133069 0.503906 -1
1 -1.593680 -0.599058 0.940117 0.236826 0.650156 -1
1 -1.724988 -0.599058 0.279988 0.246094 0.650156 -1
1 -1.219747 -0.599058 1.499747 0.210436 0.650156 -1
1 -0.660116 -0.599058 1.873681 0.170939 0.650156 -1
1 0.000013 -0.599058 2.004988 0.124349 0.650156 -1
1 0.660142 -0.599058 1.873680 0.077759 0.650156 -1
1 1.219772 -0.599058 1.499746 0.038262 0.650156 -1
1 1.593704 -0.599058 0.940116 0.011871 0.650156 -1
1 1.725012 -0.599058 0.279987 0.002604 0.650156 -1
1 1.593704 -0.599059 -0.380142 0.011871 0.650156 -1
1 1.219771 -0.599059 -0.939772 0.038262 0.650156 -1
1 0.660140 -0.599059 -1.313704 0.077759 0.650156 -1
1 0.000011 -0.599059 -1.445012 0.124349 0.650156 -1
1 -0.660118 -0.599059 -1.313704 0.170939 0.650156 -1
1 -1.219748 -0.599059 -0.939771 0.210436 0.650156 -1
1 -1.593680 -0.599059 -0.380140 0.236827 0.650156 -1
1 -1.052810 -4.349058 0.709083 0.206910 0.747396 -1
1 -1.139555 -4.349058 0.272990 0.213712 0.747396 -1
1 -0.805783 -4.349058 1.078785 0.187538 0.747396 -1
1 -0.436082 -4.349058 1.325811 0.158547 0.747396 -1
1 0.000011 -4.349058 1.412556 0.124349 0.747396 -1
1 0.436104 -4.349058 1.325811 0.090151 0.747396 -1
1 0.805806 -4.349058 1.078784 0.061160 0.747396 -1
1 1.052832 -4.349058 0.709083 0.041788 0.747396 -1
1 1.139576 -4.349058 0.272990 0.034986 0.747396 -1
1 1.052832 -4.349058 -0.163103 0.041788 0.747396 -1
1 0.805805 -4.349058 -0.532805 0.061160 0.747396 -1
1 0.436103 -4.349058 -0.779831 0.090151 0.747396 -1
1 0.000010 -4.349058 -0.866575 0.124349 0.747396 -1
1 -0.436083 -4.349058 -0.779831 0.158547 0.747396 -1
1 -0.807918 -4.349058 -0.532035 0.187706 0.747396 -1
1 -1.052811 -4.349058 -0.163102 0.206910 0.747396 -1
112
-0.921184 0.074392 0.381950
-0.890071 0.265000 0.370876
-0.964246 0.265000 0.002030
-0.997229 0.074392 0.000354
-0.704897 0.074392 0.705398
-0.680390 0.265000 0.683260
-0.381296 0.074392 0.921455
-0.367126 0.265001 0.891624
0.000355 0.074392 0.997229
0.002030 0.265001 0.964246
0.381950 0.074392 0.921184
0.370876 0.265001 0.890070
0.705398 0.074392 0.704897
0.683260 0.265000 0.680390
0.921455 0.074392 0.381296
0.891624 0.265000 0.367126
0.997229 0.074392 -0.000354
0.964246 0.265000 -0.002030
0.921184 0.074392 -0.381950
0.890071 0.265000 -0.370876
0.704897 0.074392 -0.705398
0.680390 0.265000 -0.683260
0.381295 0.074391 -0.921455
0.367125 0.265000 -0.891625
-0.000355 0.074391 -0.997229
-0.002030 0.264999 -0.964247
-0.381950 0.074391 -0.921184
-0.370876 0.265000 -0.890071
-0.705398 0.074391 -0.704897
-0.683261 0.265000 -0.680390
-0.921455 0.074392 -0.381295
-0.891624 0.265000 -0.367126
-0.796138 0.510784 -0.324443
-0.859695 0.510784 0.004923
-0.611377 0.510784 -0.604415
-0.333539 0.510784 -0.792371
-0.004922 0.510783 -0.859695
0.324443 0.510784 -0.796139
0.604415 0.510784 -0.611377
0.792371 0.510784 -0.333539
0.859695 0.510784 -0.004923
0.796138 0.510784 0.324443
0.611377 0.510784 0.604415
0.333539 0.510784 0.792371
0.004923 0.510784 0.859695
-0.324443 0.510784 0.796138
-0.604415 0.510784 0.611377
-0.792371 0.510784 0.333539
-0.587373 0.775333 -0.232061
-0.631467 0.775333 0.010381
-0.453856 0.775333 -0.439174
-0.251243 0.775333 -0.579427
-0.010381 0.775333 -0.631467
0.232061 0.775333 -0.587373
0.439174 0.775333 -0.453855
0.579427 0.775333 -0.251243
0.631467 0.775333 -0.010381
0.587372 0.775333 0.232061
0.453855 0.775333 0.439174
0.251243 0.775333 0.579427
0.010381 0.775333 0.631467
-0.232061 0.775333 0.587372
-0.439174 0.775333 0.453855
-0.579427 0.775333 0.251243
-0.074476 0.996544 0.036798
-0.234274 0.934631 0.267547
-0.091768 0.958191 0.271014
0.018930 0.958191 0.285502
0.126746 0.958191 0.256526
0.215266 0.958191 0.188495
0.271014 0.958191 0.091768
0.285502 0.958191 -0.018930
0.256526 0.958191 -0.126746
0.188495 0.958191 -0.215266
0.091768 0.958191 -0.271014
-0.018930 0.958191 -0.285502
-0.126746 0.958191 -0.256525
-0.215266 0.958191 -0.188495
-0.271014 0.958191 -0.091768
-0.354840 0.934631 0.023527
-0.921231 -0.077776 0.381163
-0.996997 -0.077433 -0.000388
-0.705227 -0.078058 0.704671
-0.381874 -0.078235 0.920897
-0.000392 -0.078281 0.996931
0.381153 -0.078189 0.921200
0.704682 -0.077973 0.705226
0.920943 -0.077665 0.381879
0.997007 -0.077313 0.000377
0.921282 -0.076970 -0.381202
0.705288 -0.076688 -0.704761
0.381905 -0.076510 -0.921029
0.000373 -0.076464 -0.997072
-0.381027 -0.076535 -0.921391
-0.705113 -0.076682 -0.704937
-0.920984 -0.077081 -0.381899
-0.935804 -0.154494 0.316863
-0.985937 -0.153798 -0.065381
-0.743239 -0.155103 0.650799
-0.437580 -0.155531 0.885626
-0.065351 -0.155713 0.985638
0.316818 -0.155622 0.935632
0.650792 -0.155272 0.743210
0.885747 -0.154715 0.437626
0.985901 -0.154037 0.065359
0.935969 -0.153341 -0.316938
0.743508 -0.152732 -0.651052
0.437796 -0.152303 -0.886080
0.065388 -0.152121 -0.986197
-0.316607 -0.152208 -0.936265
-0.651512 -0.152428 -0.743167
-0.886431 -0.152953 -0.436859
206
1 0 1 2 0 1 2 1
1 0 2 3 0 2 3 1
1 4 5 1 4 5 1 1
1 4 1 0 4 1 0 1
1 6 7 5 6 7 5 1
1 6 5 4 6 5 4 1
1 8 9 7 8 9 7 1
1 8 7 6 8 7 6 1
1 10 11 9 10 11 9 1
1 10 9 8 10 9 8 1
1 12 13 11 12 13 11 1
1 12 11 10 12 11 10 1
1 14 15 13 14 15 13 1
1 14 13 12 14 13 12 1
1 16 17 15 16 17 15 1
1 16 15 14 16 15 14 1
1 18 19 17 18 19 17 1
1 18 17 16 18 17 16 1
1 20 21 19 20 21 19 1
1 20 19 18 20 19 18 1
1 22 23 21 22 23 21 1
1 22 21 20 22 21 20 1
1 24 25 23 24 25 23 1
1 24 23 22 24 23 22 1
1 26 27 25 26 27 25 1
1 26 25 24 26 25 24 1
1 28 29 27 28 29 27 1
1 28 27 26 28 27 26 1
1 30 31 29 30 31 29 1
1 30 29 28 30 29 28 1
1 3 2 31 3 2 31 1
1 3 31 30 3 31 30 1
1 32 31 2 32 31 2 1
1 32 2 33 32 2 33 1
1 34 29 31 34 29 31 1
1 34 31 32 34 31 32 1
1 35 27 29 35 27 29 1
1 35 29 34 35 29 34 1
1 36 25 27 36 25 27 1
1 36 27 35 36 27 35 1
1 37 23 25 37 23 25 1
1 37 25 36 37 25 36 1
1 38 21 23 38 21 23 1
1 38 23 37 38 23 37 1
1 39 19 21 39 19 21 1
1 39 21 38 39 21 38 1
1 40 17 19 40 17 19 1
1 40 19 39 40 19 39 1
1 41 15 17 41 15 17 1
1 41 17 40 41 17 40 1
1 42 13 15 42 13 15 1
1 42 15 41 42 15 41 1
1 43 11 13 43 11 13 1
1 43 13 42 43 13 42 1
1 44 9 11 44 9 11 1
1 44 11 43 44 11 43 1
1 45 7 9 45 7 9 1
1 45 9 44 45 9 44 1
1 46 5 7 46 5 7 1
1 46 7 45 46 7 45 1
1 47 1 5 47 1 5 1
1 47 5 46 47 5 46 1
1 33 2 1 33 2 1 1
1 33 1 47 33 1 47 1
1 48 32 33 48 32 33 1
1 48 33 49 48 33 49 1
1 50 34 32 50 34 32 1
1 50 32 48 50 32 48 1
1 51 35 34 51 35 34 1
1 51 34 50 51 34 50 1
1 52 36 35 52 36 35 1
1 52 35 51 52 35 51 1
1 53 37 36 53 37 36 1
1 53 36 52 53 36 52 1
1 54 38 37 54 38 37 1
1 54 37 53 54 37 53 1
1 55 39 38 55 39 38 1
1 55 38 54 55 38 54 1
1 56 40 39 56 40 39 1
1 56 39 55 56 39 55 1
1 57 41 40 57 41 40 1
1 57 40 56 57 40 56 1
1 58 42 41 58 42 41 1
1 58 41 57 58 41 57 1
1 59 43 42 59 43 42 1
1 59 42 58 59 42 58 1
1 60 44 43 60 44 43 1
1 60 43 59 60 43 59 1
1 61 45 44 61 45 44 1
1 61 44 60 61 44 60 1
1 62 46 45 62 46 45 1
1 62 45 61 62 45 61 1
1 63 47 46 63 47 46 1
1 63 46 62 63 46 62 1
1 49 33 47 49 33 47 1
1 49 47 63 49 47 63 1
1 64 65 66 64 65 66 1
1 64 66 67 64 66 67 1
1 64 67 68 64 67 68 1
1 64 68 69 64 68 69 1
1 64 69 70 64 69 70 1
1 64 70 71 64 70 71 1
1 64 71 72 64 71 72 1
1 64 72 73 64 72 73 1
1 64 73 74 64 73 74 1
1 64 74 75 64 74 75 1
1 64 75 76 64 75 76 1
1 64 76 77 64 76 77 1
1 64 77 78 64 77 78 1
1 64 78 79 64 78 79 1
1 78 48 49 78 48 49 1
1 78 49 79 78 49 79 1
1 77 50 48 77 50 48 1
1 77 48 78 77 48 78 1
1 76 51 50 76 51 50 1
1 76 50 77 76 50 77 1
1 75 52 51 75 52 51 1
1 75 51 76 75 51 76 1
1 74 53 52 74 53 52 1
1 74 52 75 74 52 75 1
1 73 54 53 73 54 53 1
1 73 53 74 73 53 74 1
1 72 55 54 72 55 54 1
1 72 54 73 72 54 73 1
1 71 56 55 71 56 55 1
1 71 55 72 71 55 72 1
1 70 57 56 70 57 56 1
1 70 56 71 70 56 71 1
1 69 58 57 69 58 57 1
1 69 57 70 69 57 70 1
1 68 59 58 68 59 58 1
1 68 58 69 68 58 69 1
1 67 60 59 67 60 59 1
1 67 59 68 67 59 68 1
1 66 61 60 66 61 60 1
1 66 60 67 66 60 67 1
1 65 62 61 65 62 61 1
1 65 61 66 65 61 66 1
1 64 63 62 64 63 62 1
1 64 62 65 64 62 65 1
1 79 49 63 79 49 63 1
1 79 63 64 79 63 64 1
1 80 0 3 80 0 3 1
1 80 3 81 80 3 81 1
1 82 4 0 82 4 0 1
1 82 0 80 82 0 80 1
1 83 6 4 83 6 4 1
1 83 4 82 83 4 82 1
1 84 8 6 84 8 6 1
1 84 6 83 84 6 83 1
1 85 10 8 85 10 8 1
1 85 8 84 85 8 84 1
1 86 12 10 86 12 10 1
1 86 10 85 86 10 85 1
1 87 14 12 87 14 12 1
1 87 12 86 87 12 86 1
1 88 16 14 88 16 14 1
1 88 14 87 88 14 87 1
1 89 18 16 89 18 16 1
1 89 16 88 89 16 88 1
1 90 20 18 90 20 18 1
1 90 18 89 90 18 89 1
1 91 22 20 91 22 20 1
1 91 20 90 91 20 90 1
1 92 24 22 92 24 22 1
1 92 22 91 92 22 91 1
1 93 26 24 93 26 24 1
1 93 24 92 93 24 92 1
1 94 28 26 94 28 26 1
1 94 26 93 94 26 93 1
1 95 30 28 95 30 28 1
1 95 28 94 95 28 94 1
1 81 3 30 81 3 30 1
1 81 30 95 81 30 95 1
1 96 80 81 96 80 81 1
1 96 81 97 96 81 97 1
1 98 82 80 98 82 80 1
1 98 80 96 98 80 96 1
1 99 83 82 99 83 82 1
1 99 82 98 99 82 98 1
1 100 84 83 100 84 83 1
1 100 83 99 100 83 99 1
1 101 85 84 101 85 84 1
1 101 84 100 101 84 100 1
1 102 86 85 102 86 85 1
1 102 85 101 102 85 101 1
1 103 87 86 103 87 86 1
1 103 86 102 103 86 102 1
1 104 88 87 104 88 87 1
1 104 87 103 104 87 103 1
1 105 89 88 105 89 88 1
1 105 88 104 105 88 104 1
1 106 90 89 106 90 89 1
1 106 89 105 106 89 105 1
1 107 91 90 107 91 90 1
1 107 90 106 107 90 106 1
1 108 92 91 108 92 91 1
1 108 91 107 108 91 107 1
1 109 93 92 109 93 92 1
1 109 92 108 109 92 108 1
1 110 94 93 110 94 93 1
1 110 93 109 110 93 109 1
1 111 95 94 111 95 94 1
1 111 94 110 111 94 110 1
1 97 81 95 97 81 95 1
1 97 95 111 97 95 111 1
"pipe1" 0 0
10
1 -0.504132 -4.689894 -0.782420 0.234868 0.747396 -1
1 -0.548896 -4.657401 -0.806044 0.244792 0.701660 -1
1 -0.044476 -4.656672 -1.761011 0.132970 0.700634 -1
1 0.000288 -4.689168 -1.737386 0.123047 0.746374 -1
1 -0.504132 -4.624944 -0.782380 0.234868 0.655974 -1
1 0.000288 -4.624215 -1.737346 0.123047 0.654948 -1
1 0.045052 -4.656672 -1.761011 0.113124 0.700634 -1
1 0.549472 -4.657401 -0.806045 0.001302 0.701660 -1
1 0.504707 -4.689894 -0.782420 0.011226 0.747396 -1
1 0.504707 -4.624944 -0.782380 0.011226 0.655974 -1
10
-0.041910 -0.998859 -0.022898
-0.784629 0.461393 -0.414094
-0.784621 -0.460780 -0.414792
0.463112 -0.858922 0.218589
0.766020 0.499189 0.404998
-0.463070 0.858618 0.219868
0.784628 0.461396 -0.414094
0.784620 -0.460780 -0.414792
-0.766080 -0.499687 0.404269
0.041924 0.998892 -0.021382
12
1 0 1 2 0 1 2 1
1 0 2 3 0 2 3 1
1 4 0 3 4 0 3 1
1 4 3 5 4 3 5 1
1 1 4 5 1 4 5 1
1 1 5 2 1 5 2 1
1 3 6 7 3 6 7 1
1 3 7 8 3 7 8 1
1 5 3 8 5 3 8 1
1 5 8 9 5 8 9 1
1 6 5 9 6 5 9 1
1 6 9 7 6 9 7 1
"pipe2" 0 0
10
1 -0.504529 -5.140596 -0.783686 0.234872 0.747396 -1
1 -0.549275 -5.108103 -0.807344 0.244792 0.701660 -1
1 -0.044134 -5.107374 -1.761928 0.132810 0.700634 -1
1 0.000613 -5.139870 -1.738270 0.122891 0.746374 -1
1 -0.504529 -5.075643 -0.783645 0.234872 0.655970 -1
1 0.000613 -5.074917 -1.738230 0.122891 0.654948 -1
1 0.045394 -5.107374 -1.761861 0.112963 0.700634 -1
1 0.549092 -5.108103 -0.806514 0.001302 0.701660 -1
1 0.504310 -5.140596 -0.782923 0.011229 0.747396 -1
1 0.504310 -5.075646 -0.782883 0.011229 0.655974 -1
10
-0.041893 -0.998859 -0.022930
-0.784325 0.461371 -0.414694
-0.784307 -0.460780 -0.415385
0.462947 -0.858921 0.218939
0.765716 0.499186 0.405577
-0.463250 0.858612 0.219510
0.784942 0.461392 -0.413501
0.784934 -0.460780 -0.414199
-0.766386 -0.499688 0.403689
0.041944 0.998892 -0.021352
12
1 0 1 2 0 1 2 1
1 0 2 3 0 2 3 1
1 4 0 3 4 0 3 1
1 4 3 5 4 3 5 1
1 1 4 5 1 4 5 1
1 1 5 2 1 5 2 1
1 3 6 7 3 6 7 1
1 3 7 8 3 7 8 1
1 5 3 8 5 3 8 1
1 5 8 9 5 8 9 1
1 6 5 9 6 5 9 1
1 6 9 7 6 9 7 1
"pipe3" 0 0
10
1 -0.504132 -5.592255 -0.782977 0.234868 0.747396 -1
1 -0.548896 -5.559759 -0.806602 0.244792 0.701658 -1
1 -0.044476 -5.559033 -1.761568 0.132970 0.700636 -1
1 0.000288 -5.591526 -1.737943 0.123047 0.746370 -1
1 -0.504132 -5.527302 -0.782937 0.234868 0.655974 -1
1 0.000288 -5.526573 -1.737904 0.123047 0.654948 -1
1 0.045052 -5.559033 -1.761568 0.113123 0.700636 -1
1 0.549472 -5.559759 -0.806602 0.001302 0.701658 -1
1 0.504707 -5.592255 -0.782977 0.011226 0.747396 -1
1 0.504707 -5.527302 -0.782937 0.011226 0.655974 -1
10
-0.041909 -0.998859 -0.022898
-0.784637 0.461375 -0.414099
-0.784619 -0.460782 -0.414793
0.463117 -0.858918 0.218591
0.766019 0.499191 0.404997
-0.463078 0.858616 0.219858
0.784637 0.461375 -0.414099
0.784619 -0.460782 -0.414793
-0.766082 -0.499685 0.404268
0.041944 0.998891 -0.021394
12
1 0 1 2 0 1 2 1
1 0 2 3 0 2 3 1
1 4 0 3 4 0 3 1
1 4 3 5 4 3 5 1
1 1 4 5 1 4 5 1
1 1 5 2 1 5 2 1
1 3 6 7 3 6 7 1
1 3 7 8 3 7 8 1
1 5 3 8 5 3 8 1
1 5 8 9 5 8 9 1
1 6 5 9 6 5 9 1
1 6 9 7 6 9 7 1
"tip1" 0 0
32
1 -0.502450 4.965864 0.199450 0.090307 0.717448 -1
1 -0.502450 4.515864 0.199450 0.090307 0.748698 -1
1 -0.582000 4.515864 0.166500 0.154297 0.748698 -1
1 -0.582000 4.965864 0.166500 0.154297 0.717448 -1
1 -0.469500 4.965864 0.279000 0.063802 0.717448 -1
1 -0.469500 4.515864 0.279000 0.063802 0.748698 -1
1 -0.502450 4.965864 0.358550 0.090307 0.717448 -1
1 -0.502450 4.515864 0.358550 0.090307 0.748698 -1
1 -0.582000 4.965864 0.391500 0.154297 0.717448 -1
1 -0.582000 4.515864 0.391500 0.154297 0.748698 -1
1 -0.661550 4.965864 0.358549 0.218286 0.717448 -1
1 -0.661550 4.515864 0.358549 0.218286 0.748698 -1
1 -0.694500 4.965864 0.279000 0.244792 0.717448 -1
1 -0.694500 4.515864 0.279000 0.244792 0.748698 -1
1 -0.661550 4.965864 0.199450 0.218286 0.717448 -1
1 -0.661550 4.515864 0.199450 0.218286 0.748698 -1
1 -0.536892 4.965864 0.233892 0.118012 0.717448 -1
1 -0.582000 4.965864 0.215208 0.154297 0.717448 -1
1 -0.518208 4.965864 0.279000 0.102982 0.717448 -1
1 -0.536892 4.965864 0.324108 0.118012 0.717448 -1
1 -0.582000 4.965864 0.342792 0.154297 0.717448 -1
1 -0.627108 4.965864 0.324108 0.190582 0.717448 -1
1 -0.645792 4.965864 0.279000 0.205611 0.717448 -1
1 -0.627108 4.965864 0.233892 0.190582 0.717448 -1
1 -0.592667 5.865864 0.268333 0.162877 0.654948 -1
1 -0.597085 5.865864 0.279000 0.166431 0.654948 -1
1 -0.592667 5.865864 0.289666 0.162877 0.654948 -1
1 -0.582000 5.865864 0.294085 0.154297 0.654948 -1
1 -0.571334 5.865864 0.289666 0.145717 0.654948 -1
1 -0.566915 5.865864 0.279000 0.142163 0.654948 -1
1 -0.571334 5.865864 0.268333 0.145717 0.654948 -1
1 -0.582000 5.865864 0.263915 0.154297 0.654948 -1
32
0.411786 0.731307 -0.543712
0.336909 -0.906303 -0.255161
0.128795 -0.336557 -0.932814
-0.093286 0.731307 -0.675639
0.675639 0.731307 -0.093286
0.932814 -0.336557 0.128795
0.543712 0.731307 0.411786
0.491167 -0.581523 0.648526
0.093286 0.731307 0.675639
-0.111270 -0.581522 0.805885
-0.411786 0.731307 0.543712
-0.648526 -0.581522 0.491167
-0.675639 0.731307 0.093286
-0.805885 -0.581522 -0.111269
-0.543712 0.731307 -0.411786
-0.491167 -0.581522 -0.648526
0.529042 0.748044 -0.400680
0.090769 0.748045 -0.657412
0.657410 0.748045 0.090774
0.400676 0.748045 0.529044
-0.090770 0.748045 0.657412
-0.529045 0.748045 0.400674
-0.657412 0.748044 -0.090767
-0.400676 0.748045 -0.529044
-0.329783 0.910418 -0.249763
-0.916086 0.380511 0.126485
-0.478527 0.609755 0.631832
0.108405 0.609754 0.785142
0.631831 0.609753 0.478530
0.785141 0.609756 -0.108406
0.478522 0.609753 -0.631837
-0.126484 0.380512 -0.916085
60
1 0 1 2 0 1 2 1
1 0 2 3 0 2 3 1
1 4 5 1 4 5 1 1
1 4 1 0 4 1 0 1
1 6 7 5 6 7 5 1
1 6 5 4 6 5 4 1
1 8 9 7 8 9 7 1
1 8 7 6 8 7 6 1
1 10 11 9 10 11 9 1
1 10 9 8 10 9 8 1
1 12 13 11 12 13 11 1
1 12 11 10 12 11 10 1
1 14 15 13 14 15 13 1
1 14 13 12 14 13 12 1
1 3 2 15 3 2 15 1
1 3 15 14 3 15 14 1
1 1 5 7 1 5 7 1
1 1 7 9 1 7 9 1
1 1 9 11 1 9 11 1
1 1 11 13 1 11 13 1
1 1 13 15 1 13 15 1
1 1 15 2 1 15 2 1
1 16 0 3 16 0 3 1
1 16 3 17 16 3 17 1
1 18 4 0 18 4 0 1
1 18 0 16 18 0 16 1
1 19 6 4 19 6 4 1
1 19 4 18 19 4 18 1
1 20 8 6 20 8 6 1
1 20 6 19 20 6 19 1
1 21 10 8 21 10 8 1
1 21 8 20 21 8 20 1
1 22 12 10 22 12 10 1
1 22 10 21 22 10 21 1
1 23 14 12 23 14 12 1
1 23 12 22 23 12 22 1
1 17 3 14 17 3 14 1
1 17 14 23 17 14 23 1
1 24 25 26 24 25 26 1
1 24 26 27 24 26 27 1
1 24 27 28 24 27 28 1
1 24 28 29 24 28 29 1
1 24 29 30 24 29 30 1
1 24 30 31 24 30 31 1
1 30 16 17 30 16 17 1
1 30 17 31 30 17 31 1
1 29 18 16 29 18 16 1
1 29 16 30 29 16 30 1
1 28 19 18 28 19 18 1
1 28 18 29 28 18 29 1
1 27 20 19 27 20 19 1
1 27 19 28 27 19 28 1
1 26 21 20 26 21 20 1
1 26 20 27 26 20 27 1
1 25 22 21 25 22 21 1
1 25 21 26 25 21 26 1
1 24 23 22 24 23 22 1
1 24 22 25 24 22 25 1
1 31 17 23 31 17 23 1
1 31 23 24 31 23 24 1
"tip2" 0 0
32
1 0.661550 4.965864 0.199450 0.026315 0.716146 -1
1 0.661550 4.515864 0.199450 0.026315 0.747396 -1
1 0.582000 4.515864 0.166500 0.089844 0.747396 -1
1 0.582000 4.965864 0.166500 0.089844 0.716146 -1
1 0.694500 4.965864 0.279000 0.000000 0.716146 -1
1 0.694500 4.515864 0.279000 0.000000 0.747396 -1
1 0.661550 4.965864 0.358550 0.026315 0.716146 -1
1 0.661550 4.515864 0.358550 0.026315 0.747396 -1
1 0.582000 4.965864 0.391500 0.089844 0.716146 -1
1 0.582000 4.515864 0.391500 0.089844 0.747396 -1
1 0.502450 4.965864 0.358549 0.153373 0.716146 -1
1 0.502450 4.515864 0.358549 0.153373 0.747396 -1
1 0.469500 4.965864 0.279000 0.179688 0.716146 -1
1 0.469500 4.515864 0.279000 0.179688 0.747396 -1
1 0.502450 4.965864 0.199450 0.153373 0.716146 -1
1 0.502450 4.515864 0.199450 0.153373 0.747396 -1
1 0.627108 4.965864 0.233892 0.053820 0.716146 -1
1 0.582000 4.965864 0.215208 0.089844 0.716146 -1
1 0.645792 4.965864 0.279000 0.038899 0.716146 -1
1 0.627108 4.965864 0.324108 0.053820 0.716146 -1
1 0.582000 4.965864 0.342792 0.089844 0.716146 -1
1 0.536892 4.965864 0.324108 0.125867 0.716146 -1
1 0.518208 4.965864 0.279000 0.140789 0.716146 -1
1 0.536892 4.965864 0.233892 0.125867 0.716146 -1
1 0.571334 5.865864 0.268333 0.098362 0.653646 -1
1 0.566915 5.865864 0.279000 0.101890 0.653646 -1
1 0.571334 5.865864 0.289666 0.098362 0.653646 -1
1 0.582000 5.865864 0.294085 0.089844 0.653646 -1
1 0.592667 5.865864 0.289666 0.081325 0.653646 -1
1 0.597085 5.865864 0.279000 0.077797 0.653646 -1
1 0.592667 5.865864 0.268333 0.081325 0.653646 -1
1 0.582000 5.865864 0.263915 0.089844 0.653646 -1
32
0.411786 0.731307 -0.543712
0.336909 -0.906303 -0.255161
0.128795 -0.336557 -0.932814
-0.093286 0.731307 -0.675639
0.675639 0.731307 -0.093286
0.932814 -0.336557 0.128795
0.543712 0.731307 0.411786
0.491167 -0.581522 0.648526
0.093286 0.731307 0.675639
-0.111270 -0.581522 0.805885
-0.411786 0.731307 0.543712
-0.648526 -0.581522 0.491167
-0.675639 0.731307 0.093286
-0.805885 -0.581522 -0.111269
-0.543712 0.731307 -0.411786
-0.491167 -0.581523 -0.648526
0.529042 0.748044 -0.400679
0.090769 0.748045 -0.657411
0.657411 0.748045 0.090773
0.400676 0.748045 0.529044
-0.090769 0.748045 0.657412
-0.529045 0.748045 0.400675
-0.657412 0.748045 -0.090768
-0.400676 0.748045 -0.529044
-0.329783 0.910418 -0.249763
-0.916085 0.380512 0.126485
-0.478526 0.609754 0.631833
0.108406 0.609754 0.785142
0.631832 0.609753 0.478528
0.785141 0.609755 -0.108406
0.478523 0.609753 -0.631836
-0.126484 0.380512 -0.916085
60
1 0 1 2 0 1 2 1
1 0 2 3 0 2 3 1
1 4 5 1 4 5 1 1
1 4 1 0 4 1 0 1
1 6 7 5 6 7 5 1
1 6 5 4 6 5 4 1
1 8 9 7 8 9 7 1
1 8 7 6 8 7 6 1
1 10 11 9 10 11 9 1
1 10 9 8 10 9 8 1
1 12 13 11 12 13 11 1
1 12 11 10 12 11 10 1
1 14 15 13 14 15 13 1
1 14 13 12 14 13 12 1
1 3 2 15 3 2 15 1
1 3 15 14 3 15 14 1
1 1 5 7 1 5 7 1
1 1 7 9 1 7 9 1
1 1 9 11 1 9 11 1
1 1 11 13 1 11 13 1
1 1 13 15 1 13 15 1
1 1 15 2 1 15 2 1
1 16 0 3 16 0 3 1
1 16 3 17 16 3 17 1
1 18 4 0 18 4 0 1
1 18 0 16 18 0 16 1
1 19 6 4 19 6 4 1
1 19 4 18 19 4 18 1
1 20 8 6 20 8 6 1
1 20 6 19 20 6 19 1
1 21 10 8 21 10 8 1
1 21 8 20 21 8 20 1
1 22 12 10 22 12 10 1
1 22 10 21 22 10 21 1
1 23 14 12 23 14 12 1
1 23 12 22 23 12 22 1
1 17 3 14 17 3 14 1
1 17 14 23 17 14 23 1
1 24 25 26 24 25 26 1
1 24 26 27 24 26 27 1
1 24 27 28 24 27 28 1
1 24 28 29 24 28 29 1
1 24 29 30 24 29 30 1
1 24 30 31 24 30 31 1
1 30 16 17 30 16 17 1
1 30 17 31 30 17 31 1
1 29 18 16 29 18 16 1
1 29 16 30 29 16 30 1
1 28 19 18 28 19 18 1
1 28 18 29 28 18 29 1
1 27 20 19 27 20 19 1
1 27 19 28 27 19 28 1
1 26 21 20 26 21 20 1
1 26 20 27 26 20 27 1
1 25 22 21 25 22 21 1
1 25 21 26 25 21 26 1
1 24 23 22 24 23 22 1
1 24 22 25 24 22 25 1
1 31 17 23 31 17 23 1
1 31 23 24 31 23 24 1
"tailsection" 0 0
102
1 -1.136740 -4.349058 0.743848 0.361220 0.251302 -1
1 -1.052810 -4.349058 0.709083 0.357527 0.251302 -1
1 -1.139555 -4.349058 0.272990 0.361344 0.251302 -1
1 -1.230400 -4.349058 0.272990 0.365342 0.251302 -1
1 -0.870021 -4.349058 1.143023 0.349484 0.251302 -1
1 -0.805783 -4.349058 1.078785 0.346657 0.251302 -1
1 -0.470847 -4.349058 1.409742 0.331918 0.251302 -1
1 -0.436082 -4.349058 1.325811 0.330388 0.251302 -1
1 0.000011 -4.349058 1.503401 0.311198 0.251302 -1
1 0.000011 -4.349058 1.412556 0.311198 0.251302 -1
1 0.470869 -4.349058 1.409742 0.290478 0.251302 -1
1 0.436104 -4.349058 1.325811 0.292008 0.251302 -1
1 0.870043 -4.349058 1.143022 0.272912 0.251302 -1
1 0.805806 -4.349058 1.078784 0.275739 0.251302 -1
1 1.136763 -4.349058 0.743848 0.261175 0.251302 -1
1 1.052832 -4.349058 0.709083 0.264869 0.251302 -1
1 1.230422 -4.349058 0.272990 0.257054 0.251302 -1
1 1.139576 -4.349058 0.272990 0.261052 0.251302 -1
1 1.136762 -4.349058 -0.197868 0.261175 0.251302 -1
1 1.052832 -4.349058 -0.163103 0.264869 0.251302 -1
1 0.870042 -4.349058 -0.597042 0.272912 0.251302 -1
1 0.805805 -4.349058 -0.532805 0.275739 0.251302 -1
1 0.470868 -4.349058 -0.863762 0.290478 0.251302 -1
1 0.436103 -4.349058 -0.779831 0.292008 0.251302 -1
1 -0.870022 -4.349058 -0.597041 0.349484 0.251302 -1
1 -0.807918 -4.349058 -0.532035 0.346751 0.251302 -1
1 -0.436083 -4.349058 -0.779831 0.330388 0.251302 -1
1 -0.470848 -4.349058 -0.863761 0.331918 0.251302 -1
1 -1.136741 -4.349058 -0.197867 0.361221 0.251302 -1
1 -1.052811 -4.349058 -0.163102 0.357527 0.251302 -1
1 0.096278 -5.840058 -0.939461 0.306962 0.338541 -1
1 0.000011 -5.840061 0.272991 0.311198 0.338542 -1
1 -0.096258 -5.840058 -0.939461 0.315434 0.338541 -1
1 0.000010 -5.840058 -0.941220 0.311198 0.338541 -1
1 -1.331518 -5.840058 -0.003128 0.369792 0.338541 -1
1 -1.183571 -5.339058 0.037562 0.363281 0.309228 -1
1 -1.136741 -5.339058 -0.197866 0.361221 0.309228 -1
1 -1.136741 -5.840058 -0.197866 0.361221 0.338541 -1
1 -1.003381 -5.339058 -0.397454 0.355352 0.309228 -1
1 -1.128805 -5.840058 -0.492521 0.360871 0.338541 -1
1 -0.870022 -5.339058 -0.597041 0.349484 0.309228 -1
1 -0.870022 -5.840058 -0.597041 0.349484 0.338541 -1
1 -0.670435 -5.339058 -0.730401 0.340701 0.309228 -1
1 -0.754240 -5.840058 -0.867086 0.344389 0.338541 -1
1 -0.470848 -5.339058 -0.863761 0.331918 0.309228 -1
1 -0.470848 -5.840058 -0.863760 0.331918 0.338541 -1
1 0.470868 -5.840058 -0.863761 0.290478 0.338541 -1
1 0.470868 -5.339058 -0.863761 0.290478 0.309228 -1
1 0.670455 -5.339058 -0.730402 0.281695 0.309228 -1
1 0.754261 -5.840058 -0.867087 0.278007 0.338541 -1
1 0.870042 -5.339058 -0.597042 0.272912 0.309228 -1
1 0.870042 -5.840058 -0.597042 0.272912 0.338541 -1
1 1.003402 -5.339058 -0.397455 0.267044 0.309228 -1
1 1.128826 -5.840058 -0.492522 0.261525 0.338541 -1
1 1.136762 -5.339058 -0.197868 0.261175 0.309228 -1
1 1.136762 -5.840058 -0.197868 0.261175 0.338541 -1
1 1.183592 -5.339058 0.037561 0.259115 0.309228 -1
1 1.331540 -5.840058 -0.003129 0.252604 0.338541 -1
1 1.230422 -5.339058 0.272990 0.257054 0.309228 -1
1 1.230422 -5.840058 0.272990 0.257054 0.338541 -1
1 1.183592 -5.339058 0.508419 0.259115 0.309228 -1
1 1.331540 -5.840058 0.526586 0.252604 0.338541 -1
1 1.136763 -5.339058 0.743849 0.261175 0.309228 -1
1 1.136763 -5.840058 0.743849 0.261175 0.338541 -1
1 1.003403 -5.339058 0.943435 0.267044 0.309228 -1
1 1.128827 -5.840058 1.015979 0.261525 0.338541 -1
1 0.870043 -5.339058 1.143022 0.272912 0.309228 -1
1 0.870043 -5.840058 1.143023 0.272912 0.338541 -1
1 0.670456 -5.339058 1.276382 0.281695 0.309228 -1
1 0.754262 -5.840058 1.390545 0.278007 0.338541 -1
1 0.470869 -5.339058 1.409742 0.290478 0.309228 -1
1 0.470869 -5.840058 1.409742 0.290478 0.338541 -1
1 0.235440 -5.339058 1.456572 0.300838 0.309228 -1
1 0.264869 -5.840058 1.593258 0.299543 0.338541 -1
1 0.000011 -5.339058 1.503402 0.311198 0.309228 -1
1 0.000011 -5.840058 1.503402 0.311198 0.338541 -1
1 -0.235418 -5.339058 1.456572 0.321558 0.309228 -1
1 -0.264846 -5.840058 1.593258 0.322853 0.338541 -1
1 -0.470847 -5.339058 1.409742 0.331918 0.309228 -1
1 -0.470847 -5.840058 1.409743 0.331918 0.338541 -1
1 -0.670434 -5.339058 1.276383 0.340701 0.309228 -1
1 -0.754239 -5.840058 1.390546 0.344389 0.338541 -1
1 -0.870021 -5.339058 1.143023 0.349484 0.309228 -1
1 -0.870021 -5.840058 1.143023 0.349484 0.338541 -1
1 -1.003381 -5.339058 0.943436 0.355352 0.309228 -1
1 -1.128805 -5.840058 1.015980 0.360871 0.338541 -1
1 -1.136740 -5.339058 0.743849 0.361220 0.309228 -1
1 -1.136740 -5.840058 0.743849 0.361220 0.338541 -1
1 -1.183570 -5.339058 0.508420 0.363281 0.309228 -1
1 -1.331518 -5.840058 0.526587 0.369792 0.338541 -1
1 -1.230400 -5.339058 0.272991 0.365342 0.309228 -1
1 -1.230400 -5.840058 0.272991 0.365342 0.338541 -1
1 -0.096258 -4.349058 -0.939462 0.315434 0.251302 -1
1 0.000010 -4.349058 -0.866575 0.311198 0.251302 -1
1 0.000010 -4.349058 -0.941221 0.311198 0.251302 -1
1 0.096278 -4.349058 -0.939462 0.306962 0.251302 -1
1 0.096276 -5.840061 -2.019461 0.306962 0.338542 -1
1 0.000009 -5.840061 -2.021220 0.311198 0.338542 -1
1 0.000009 -4.349061 -2.021221 0.311198 0.251302 -1
1 0.096276 -4.349061 -2.019462 0.306962 0.251302 -1
1 -0.096259 -5.840061 -2.019461 0.315434 0.338542 -1
1 -0.096259 -4.349061 -2.019462 0.315434 0.251302 -1
87
-0.733895 0.607444 0.303989
0.000000 1.000000 0.000000
-0.794363 0.607444 0.000000
-0.561699 0.607444 0.561699
-0.303989 0.607444 0.733895
0.000000 0.607444 0.794363
0.303990 0.607444 0.733895
0.561700 0.607444 0.561699
0.733895 0.607444 0.303989
0.794363 0.607444 -0.000000
0.733895 0.607444 -0.303990
0.561699 0.607444 -0.561699
0.311190 0.713070 -0.628245
-0.561700 0.607444 -0.561699
-0.367375 0.561209 -0.741673
-0.733896 0.607444 -0.303989
0.473726 -0.790806 -0.387569
-0.000000 -1.000000 0.000000
-0.251604 -0.901050 -0.353278
-0.000000 -1.000000 0.000002
-0.852218 -0.488728 -0.186736
-0.989857 0.091591 -0.108598
-0.888135 0.060499 -0.455583
-0.755291 -0.527990 -0.388281
-0.873779 0.093879 -0.477175
-0.717054 -0.487794 -0.497886
-0.644717 0.062018 -0.761901
-0.549992 -0.528202 -0.646925
-0.626152 0.095857 -0.773786
-0.474662 -0.486798 -0.733296
-0.286652 0.052367 -0.956603
-0.066068 -0.709077 -0.702029
0.220981 -0.517552 -0.826624
0.347384 -0.000000 -0.937723
0.472256 0.097551 -0.876047
0.485809 -0.484814 -0.727286
0.759208 0.063064 -0.647785
0.640015 -0.527131 -0.559029
0.771911 0.096403 -0.628378
0.725237 -0.484837 -0.488840
0.948459 0.061881 -0.310799
0.804884 -0.526605 -0.273583
0.954149 0.094550 -0.284008
0.856475 -0.485261 -0.175988
0.995520 0.060348 0.072791
0.848640 -0.526169 0.054370
0.990220 0.092260 0.104656
0.858258 -0.486031 0.164822
0.893174 0.058694 0.445864
0.763258 -0.525901 0.375320
0.873904 0.089886 0.477716
0.728595 -0.487029 0.481614
0.656078 0.057169 0.752525
0.560557 -0.525829 0.639750
0.622937 0.087809 0.777328
0.486103 -0.488089 0.724895
0.319010 0.056007 0.946095
0.271030 -0.525930 0.806189
0.276312 0.086369 0.957179
0.167788 -0.489031 0.855977
-0.067686 0.055388 0.996168
-0.060720 -0.526158 0.848216
-0.112158 0.085796 0.989980
-0.176703 -0.489701 0.853796
-0.445169 0.055412 0.893731
-0.383118 -0.526471 0.758979
-0.482697 0.086172 0.871538
-0.493319 -0.490007 0.718700
-0.754972 0.056076 0.653355
-0.645971 -0.526840 0.552414
-0.779022 0.087417 0.620873
-0.732689 -0.489921 0.472381
-0.948469 0.057279 0.311651
-0.808631 -0.527244 0.261018
-0.956786 0.089324 0.276736
-0.858314 -0.489471 0.153998
-0.995194 0.058834 -0.078274
-0.846610 -0.527647 -0.069573
-0.473726 0.790806 -0.387568
-0.000000 1.000000 -0.000002
0.251603 0.901049 -0.353279
0.344117 -0.663978 -0.663865
0.000000 -0.832094 -0.554634
-0.000000 0.600063 -0.799953
0.818981 0.405785 -0.405720
-0.673400 -0.330660 -0.661208
-0.414446 0.814021 -0.406945
186
1 0 1 2 0 1 1 1
1 0 2 3 0 1 2 1
1 4 5 1 3 1 1 1
1 4 1 0 3 1 0 1
1 6 7 5 4 1 1 1
1 6 5 4 4 1 3 1
1 8 9 7 5 1 1 1
1 8 7 6 5 1 4 1
1 10 11 9 6 1 1 1
1 10 9 8 6 1 5 1
1 12 13 11 7 1 1 1
1 12 11 10 7 1 6 1
1 14 15 13 8 1 1 1
1 14 13 12 8 1 7 1
1 16 17 15 9 1 1 1
1 16 15 14 9 1 8 1
1 18 19 17 10 1 1 1
1 18 17 16 10 1 9 1
1 20 21 19 11 1 1 1
1 20 19 18 11 1 10 1
1 22 23 21 12 1 1 1
1 22 21 20 12 1 11 1
1 24 25 26 13 1 1 1
1 24 26 27 13 1 14 1
1 28 29 25 15 1 1 1
1 28 25 24 15 1 13 1
1 3 2 29 2 1 1 1
1 3 29 28 2 1 15 1
1 30 31 32 16 17 18 1
1 30 32 33 16 18 19 1
1 34 35 36 20 21 22 1
1 34 36 37 20 22 23 1
1 37 36 38 23 22 24 1
1 37 38 39 23 24 25 1
1 39 38 40 25 24 26 1
1 39 40 41 25 26 27 1
1 41 40 42 27 26 28 1
1 41 42 43 27 28 29 1
1 43 42 44 29 28 30 1
1 43 44 45 29 30 31 1
1 46 47 48 32 33 34 1
1 46 48 49 32 34 35 1
1 49 48 50 35 34 36 1
1 49 50 51 35 36 37 1
1 51 50 52 37 36 38 1
1 51 52 53 37 38 39 1
1 53 52 54 39 38 40 1
1 53 54 55 39 40 41 1
1 55 54 56 41 40 42 1
1 55 56 57 41 42 43 1
1 57 56 58 43 42 44 1
1 57 58 59 43 44 45 1
1 59 58 60 45 44 46 1
1 59 60 61 45 46 47 1
1 61 60 62 47 46 48 1
1 61 62 63 47 48 49 1
1 63 62 64 49 48 50 1
1 63 64 65 49 50 51 1
1 65 64 66 51 50 52 1
1 65 66 67 51 52 53 1
1 67 66 68 53 52 54 1
1 67 68 69 53 54 55 1
1 69 68 70 55 54 56 1
1 69 70 71 55 56 57 1
1 71 70 72 57 56 58 1
1 71 72 73 57 58 59 1
1 73 72 74 59 58 60 1
1 73 74 75 59 60 61 1
1 75 74 76 61 60 62 1
1 75 76 77 61 62 63 1
1 77 76 78 63 62 64 1
1 77 78 79 63 64 65 1
1 79 78 80 65 64 66 1
1 79 80 81 65 66 67 1
1 81 80 82 67 66 68 1
1 81 82 83 67 68 69 1
1 83 82 84 69 68 70 1
1 83 84 85 69 70 71 1
1 85 84 86 71 70 72 1
1 85 86 87 71 72 73 1
1 87 86 88 73 72 74 1
1 87 88 89 73 74 75 1
1 89 88 90 75 74 76 1
1 89 90 91 75 76 77 1
1 91 90 35 77 76 21 1
1 91 35 34 77 21 20 1
1 48 47 22 34 33 12 1
1 48 20 50 34 11 36 1
1 48 22 20 34 12 11 1
1 52 50 20 38 36 11 1
1 52 18 54 38 10 40 1
1 52 20 18 38 11 10 1
1 56 54 18 42 40 10 1
1 56 16 58 42 9 44 1
1 56 18 16 42 10 9 1
1 60 58 16 46 44 9 1
1 60 14 62 46 8 48 1
1 60 16 14 46 9 8 1
1 64 62 14 50 48 8 1
1 64 12 66 50 7 52 1
1 64 14 12 50 8 7 1
1 68 66 12 54 52 7 1
1 68 10 70 54 6 56 1
1 68 12 10 54 7 6 1
1 72 70 10 58 56 6 1
1 72 8 74 58 5 60 1
1 72 10 8 58 6 5 1
1 76 6 78 62 4 64 1
1 76 8 6 62 5 4 1
1 76 74 8 62 60 5 1
1 80 4 82 66 3 68 1
1 80 6 4 66 4 3 1
1 80 78 6 66 64 4 1
1 84 0 86 70 0 72 1
1 84 4 0 70 3 0 1
1 84 82 4 70 68 3 1
1 88 3 90 74 2 76 1
1 88 0 3 74 0 2 1
1 88 86 0 74 72 0 1
1 35 90 3 21 76 2 1
1 35 28 36 21 15 22 1
1 35 3 28 21 2 15 1
1 38 36 28 24 22 15 1
1 38 24 40 24 13 26 1
1 38 28 24 24 15 13 1
1 42 40 24 28 26 13 1
1 42 27 44 28 14 30 1
1 42 24 27 28 13 14 1
1 92 93 94 78 1 79 1
1 92 26 93 78 1 1 1
1 92 27 26 78 14 1 1
1 95 94 93 80 79 1 1
1 95 23 22 80 1 12 1
1 95 93 23 80 1 1 1
1 45 44 32 31 30 18 1
1 92 44 27 78 30 14 1
1 92 32 44 78 18 30 1
1 30 47 46 16 33 32 1
1 95 22 47 80 12 33 1
1 95 47 30 80 33 16 1
1 96 97 98 81 82 83 1
1 96 98 99 81 83 84 1
1 100 101 98 85 86 83 1
1 100 98 97 85 83 82 1
1 98 94 95 83 79 80 1
1 98 95 99 83 80 84 1
1 96 30 33 81 16 19 1
1 96 33 97 81 19 82 1
1 99 95 30 84 80 16 1
1 99 30 96 84 16 81 1
1 101 92 94 86 78 79 1
1 101 94 98 86 79 83 1
1 100 32 92 85 18 78 1
1 100 92 101 85 78 86 1
1 97 33 32 82 19 18 1
1 97 32 100 82 18 85 1
1 32 31 45 18 17 31 1
1 31 43 45 17 29 31 1
1 43 31 41 29 17 27 1
1 31 39 41 17 25 27 1
1 39 31 37 25 17 23 1
1 31 34 37 17 20 23 1
1 34 31 91 20 17 77 1
1 31 89 91 17 75 77 1
1 89 31 87 75 17 73 1
1 31 85 87 17 71 73 1
1 85 31 83 71 17 69 1
1 31 81 83 17 67 69 1
1 81 31 79 67 17 65 1
1 31 77 79 17 63 65 1
1 77 31 75 63 17 61 1
1 31 73 75 17 59 61 1
1 73 31 71 59 17 57 1
1 31 69 71 17 55 57 1
1 69 31 67 55 17 53 1
1 31 65 67 17 51 53 1
1 65 31 63 51 17 49 1
1 31 61 63 17 47 49 1
1 61 31 59 47 17 45 1
1 31 57 59 17 43 45 1
1 57 31 55 43 17 41 1
1 31 53 55 17 39 41 1
1 53 31 51 39 17 37 1
1 31 49 51 17 35 37 1
1 49 31 46 35 17 32 1
1 31 30 46 17 16 32 1

Materials: 1
"weapons1"
0.800000 0.800000 0.800000 1.000000
0.800000 0.800000 0.800000 1.000000
1.000000 1.000000 1.000000 1.000000
0.000000 0.000000 0.000000 1.000000
0.128000
1.000000
".\weapons1.bmp"
""

Bones: 0
GroupComments: 0
MaterialComments: 0
BoneComments: 0
ModelComment: 0
