// MilkShape 3D ASCII

Frames: 30
Frame: 1

Meshes: 1
"Mesh1" 1 0
740
1 -3.976891 40.221264 -3.976951 0.345696 0.891817 -1
1 -7.335270 36.641762 -4.461949 0.317203 0.880395 -1
1 -4.512751 36.266163 -4.512849 0.314213 0.889994 -1
1 -6.770820 40.592964 -3.926549 0.348656 0.882315 -1
1 -6.770820 40.592964 -3.926549 0.025488 0.918696 -1
1 -3.976891 40.221264 3.976891 0.003255 0.891817 -1
1 -3.976891 40.221264 -3.976951 0.003255 0.918868 -1
1 -6.770820 40.592964 3.926530 0.025488 0.891988 -1
1 -7.335270 36.641762 -4.461949 0.340779 0.804638 -1
1 -6.770820 40.592964 3.926530 0.372263 0.833166 -1
1 -6.770820 40.592964 -3.926549 0.372263 0.806459 -1
1 -7.335270 36.641762 4.461870 0.340779 0.834987 -1
1 -4.512751 36.266163 -4.512849 0.003330 0.804465 -1
1 -7.335270 36.641762 4.461870 0.025791 0.834987 -1
1 -7.335270 36.641762 -4.461949 0.025791 0.804638 -1
1 -4.512751 36.266163 4.512751 0.003330 0.835161 -1
1 -4.512751 36.266163 -4.512849 0.340848 0.920690 -1
1 -3.976891 40.221264 3.976891 0.372332 0.891817 -1
1 -4.512751 36.266163 4.512751 0.340848 0.889994 -1
1 -3.976891 40.221264 -3.976951 0.372332 0.918868 -1
1 -3.926530 40.592964 -6.770850 0.375291 0.928369 -1
1 -4.461870 36.641762 -7.335349 0.343837 0.930290 -1
1 -4.461870 36.641762 -7.335349 0.222439 0.834987 -1
1 4.512849 36.266163 -4.512849 0.199978 0.804465 -1
1 -4.512751 36.266163 -4.512849 0.199978 0.835161 -1
1 4.461949 36.641762 -7.335349 0.222439 0.804638 -1
1 -3.926530 40.592964 -6.770850 0.344208 0.833166 -1
1 4.461949 36.641762 -7.335349 0.312724 0.804638 -1
1 -4.461870 36.641762 -7.335349 0.312724 0.834987 -1
1 3.926549 40.592964 -6.770850 0.344208 0.806459 -1
1 -3.926530 40.592964 -6.770850 0.222137 0.891988 -1
1 3.976951 40.221264 -3.976951 0.199902 0.918868 -1
1 3.926549 40.592964 -6.770850 0.222137 0.918696 -1
1 -3.976891 40.221264 -3.976951 0.199902 0.891817 -1
1 -3.445540 44.142963 -6.263749 0.403550 0.926645 -1
1 -3.445540 44.142963 -3.445550 0.403550 0.917061 -1
1 -3.273911 45.409763 -3.445550 0.413635 0.917061 -1
1 -2.964550 47.693062 -5.756549 0.431811 0.924920 -1
1 -6.263680 44.142963 -6.263749 0.372497 0.841115 -1
1 -2.964550 47.693062 -5.756549 0.400785 0.829895 -1
1 -3.445540 44.142963 -6.263749 0.372497 0.831531 -1
1 -5.756540 47.693062 -5.756549 0.400785 0.839391 -1
1 -6.263680 44.142963 -3.445550 0.400553 0.808094 -1
1 -5.756540 47.693062 -5.756549 0.428841 0.800234 -1
1 -6.263680 44.142963 -6.263749 0.400553 0.798509 -1
1 -5.756540 47.693062 -2.964650 0.428841 0.809730 -1
1 -6.263680 44.142963 -3.445550 0.376915 0.884039 -1
1 -3.445540 45.409763 -3.273950 0.386999 0.893625 -1
1 -5.756540 47.693062 -2.964650 0.405175 0.885765 -1
1 -3.445540 44.142963 -3.445550 0.376915 0.893625 -1
1 -6.263680 44.142963 -6.263749 0.174139 0.841115 -1
1 -3.445540 44.142963 -3.445550 0.151909 0.831531 -1
1 -6.263680 44.142963 -3.445550 0.151909 0.841115 -1
1 -3.445540 44.142963 -6.263749 0.174139 0.831531 -1
1 -6.770820 40.592964 -6.770850 0.344208 0.842840 -1
1 -7.335270 36.641762 -7.335349 0.312724 0.844759 -1
1 -7.898740 32.697361 -7.898749 0.281293 0.846676 -1
1 -4.996280 32.697361 -7.898749 0.281293 0.836805 -1
1 -4.996280 32.697361 -4.996350 0.312439 0.922335 -1
1 -4.996280 32.697361 -7.898749 0.312439 0.932206 -1
1 -4.996280 32.697361 -4.996350 0.285804 0.888350 -1
1 -7.898740 32.697361 -4.996350 0.285804 0.878479 -1
1 -7.335270 36.641762 -7.335349 0.340779 0.794866 -1
1 -7.898740 32.697361 -4.996350 0.309348 0.802820 -1
1 -7.898740 32.697361 -7.898749 0.309348 0.792949 -1
1 -8.462200 28.753063 -5.530749 0.277917 0.801002 -1
1 -8.462200 28.753063 -8.462251 0.277917 0.791033 -1
1 -5.530690 28.753063 -8.462251 0.249863 0.838623 -1
1 -8.462200 28.753063 -8.462251 0.249863 0.848592 -1
1 -7.898740 32.697361 -7.898749 0.187037 0.878479 -1
1 -4.996280 32.697361 -4.996350 0.164142 0.888350 -1
1 -4.996280 32.697361 -7.898749 0.187037 0.888350 -1
1 -7.898740 32.697361 -4.996350 0.164142 0.878479 -1
1 -5.530690 28.753063 -5.530749 0.254405 0.886533 -1
1 -8.462200 28.753063 -5.530749 0.254405 0.876563 -1
1 -7.898740 32.697361 4.996280 0.309348 0.836805 -1
1 -8.462200 28.753063 5.530690 0.277917 0.838623 -1
1 -5.530690 28.753063 -5.530749 0.168357 0.838623 -1
1 -8.462200 28.753063 5.530690 0.081100 0.848592 -1
1 -8.462200 28.753063 -5.530749 0.168357 0.848592 -1
1 -5.530690 28.753063 5.530690 0.081100 0.838623 -1
1 -5.530690 28.753063 -5.530749 0.281040 0.924152 -1
1 -4.996280 32.697361 4.996280 0.312439 0.888350 -1
1 -5.530690 28.753063 5.530690 0.281040 0.886533 -1
1 -5.530690 28.753063 -8.462251 0.281040 0.934122 -1
1 -6.065100 24.808764 -6.065150 0.249643 0.925970 -1
1 -6.065100 24.808764 -9.025750 0.249643 0.936038 -1
1 -6.065100 24.808764 -9.025750 0.195928 0.884715 -1
1 -9.025670 24.808764 -6.065150 0.172573 0.874646 -1
1 -6.065100 24.808764 -6.065150 0.172573 0.884715 -1
1 -9.025670 24.808764 -9.025750 0.195928 0.874646 -1
1 -6.065100 24.808764 -9.025750 0.218433 0.840440 -1
1 -9.025670 24.808764 -9.025750 0.218433 0.850509 -1
1 -6.598240 20.873762 -9.587850 0.187078 0.842254 -1
1 -9.587800 20.873762 -9.587850 0.187078 0.852421 -1
1 -7.132650 16.929363 -10.151349 0.155647 0.844070 -1
1 -10.151270 16.929363 -10.151349 0.155647 0.854337 -1
1 -7.666930 12.986063 -10.714650 0.124224 0.845888 -1
1 -10.714601 12.986063 -10.714650 0.124224 0.856253 -1
1 -8.201340 9.041664 -11.278150 0.092795 0.847705 -1
1 -11.278060 9.041664 -11.278150 0.092795 0.858169 -1
1 -11.841530 5.097363 -11.841550 0.061365 0.860086 -1
1 -8.735750 5.097363 -11.841550 0.061365 0.849523 -1
1 8.201350 9.041664 -11.278150 0.092795 0.791920 -1
1 8.735749 5.097363 -11.841550 0.061365 0.790102 -1
1 11.278150 9.041664 -11.278150 0.092795 0.781456 -1
1 11.841550 5.097363 -11.841550 0.061365 0.779540 -1
1 11.278150 9.041664 -11.278150 0.092795 0.943699 -1
1 11.841550 5.097363 -8.735749 0.061365 0.935053 -1
1 11.841550 5.097363 -11.841550 0.061365 0.945615 -1
1 11.278150 9.041664 -8.201350 0.092795 0.933235 -1
1 10.714650 12.986063 -10.714650 0.124224 0.941783 -1
1 10.714650 12.986063 -7.666949 0.124224 0.931418 -1
1 10.151349 16.929363 -10.151349 0.155647 0.939867 -1
1 10.151349 16.929363 -7.132649 0.155647 0.929600 -1
1 9.587850 20.873762 -9.587850 0.187078 0.937950 -1
1 9.587850 20.873762 -6.598250 0.187078 0.927783 -1
1 9.025750 24.808764 -9.025750 0.218433 0.936038 -1
1 9.025750 24.808764 -6.065150 0.218433 0.925970 -1
1 8.462251 28.753063 -8.462251 0.249863 0.934122 -1
1 8.462251 28.753063 -5.530749 0.249863 0.924152 -1
1 7.898749 32.697361 -7.898749 0.281293 0.932206 -1
1 7.898749 32.697361 -4.996350 0.281293 0.922335 -1
1 7.335349 36.641762 -7.335349 0.312724 0.930290 -1
1 7.335349 36.641762 -4.461949 0.312724 0.920517 -1
1 6.770850 40.592964 -6.770850 0.344208 0.928369 -1
1 6.770850 40.592964 -3.926549 0.344208 0.918696 -1
1 6.263749 44.142963 -6.263749 0.372497 0.926645 -1
1 6.263749 44.142963 -3.445550 0.372497 0.917061 -1
1 5.756549 47.693062 -5.756549 0.400785 0.924920 -1
1 5.756549 47.693062 -2.964650 0.400785 0.915425 -1
1 5.564149 49.040161 -5.564149 0.411520 0.924266 -1
1 5.756549 47.693062 2.964550 0.400785 0.895260 -1
1 5.564149 49.040161 5.564090 0.411520 0.886419 -1
1 5.756549 47.693062 5.756540 0.400785 0.885765 -1
1 5.564149 49.040161 5.564090 0.439575 0.924266 -1
1 2.964650 47.693062 5.756540 0.428841 0.915425 -1
1 5.756549 47.693062 5.756540 0.428841 0.924920 -1
1 -5.564090 49.040161 5.564090 0.439575 0.886419 -1
1 -5.756540 47.693062 5.756540 0.428841 0.885765 -1
1 -2.964550 47.693062 5.756540 0.428841 0.895260 -1
1 -5.756540 47.693062 5.756540 0.079318 0.839391 -1
1 -2.964550 47.693062 2.964550 0.101344 0.829895 -1
1 -2.964550 47.693062 5.756540 0.079318 0.829895 -1
1 -5.756540 47.693062 2.964550 0.101344 0.839391 -1
1 -5.564090 49.040161 5.564090 0.439575 0.838736 -1
1 -5.756540 47.693062 2.964550 0.428841 0.829895 -1
1 -5.756540 47.693062 5.756540 0.428841 0.839391 -1
1 -5.564090 49.040161 -5.564149 0.439575 0.800889 -1
1 5.564149 49.040161 5.564090 0.080838 0.924266 -1
1 -5.564090 49.040161 -5.564149 0.168620 0.886419 -1
1 -5.564090 49.040161 5.564090 0.080838 0.886419 -1
1 5.564149 49.040161 -5.564149 0.168620 0.924266 -1
1 2.782050 50.348564 -2.782050 0.094947 0.914804 -1
1 5.564149 49.040161 5.564090 0.070695 0.886419 -1
1 5.564149 49.040161 -5.564149 0.070695 0.924266 -1
1 2.782050 50.348564 2.782030 0.094947 0.895881 -1
1 2.782050 50.348564 -2.782050 0.146674 0.914804 -1
1 1.391049 50.348564 -1.391049 0.135702 0.910073 -1
1 2.782050 50.348564 2.782030 0.102783 0.914804 -1
1 -1.391050 50.348564 -1.391049 0.135702 0.900612 -1
1 -2.782030 50.348564 -2.782050 0.146674 0.895881 -1
1 -1.391050 50.348564 1.391050 0.113755 0.900612 -1
1 -2.782030 50.348564 2.782030 0.102783 0.895881 -1
1 -2.782030 50.348564 2.782030 0.274464 0.895881 -1
1 5.564149 49.040161 5.564090 0.250213 0.924266 -1
1 2.782050 50.348564 2.782030 0.274464 0.914804 -1
1 -5.564090 49.040161 5.564090 0.250213 0.886419 -1
1 -2.782030 50.348564 2.782030 0.274464 0.829274 -1
1 -5.564090 49.040161 -5.564149 0.250213 0.800889 -1
1 -5.564090 49.040161 5.564090 0.250213 0.838736 -1
1 -2.782030 50.348564 -2.782050 0.274464 0.810351 -1
1 -2.782030 50.348564 -2.782050 0.094947 0.829274 -1
1 5.564149 49.040161 -5.564149 0.070695 0.800889 -1
1 -5.564090 49.040161 -5.564149 0.070695 0.838736 -1
1 2.782050 50.348564 -2.782050 0.094947 0.810351 -1
1 5.756549 47.693062 -5.756549 0.400785 0.800234 -1
1 -5.564090 49.040161 -5.564149 0.411520 0.838736 -1
1 5.564149 49.040161 -5.564149 0.411520 0.800889 -1
1 2.964650 47.693062 -5.756549 0.400785 0.809730 -1
1 -2.964550 47.693062 -5.756549 0.170138 0.829895 -1
1 2.964650 47.693062 -5.756549 0.170138 0.809730 -1
1 -2.964550 47.693062 -2.964650 0.148116 0.829895 -1
1 -5.756540 47.693062 -2.964650 0.148116 0.839391 -1
1 -5.756540 47.693062 -5.756549 0.170138 0.839391 -1
1 -3.273911 45.409763 -3.273950 0.413635 0.916477 -1
1 -2.964550 47.693062 -2.964650 0.431811 0.915425 -1
1 -3.445540 45.409763 -3.273950 0.150555 0.831531 -1
1 -3.273911 45.409763 -3.445550 0.151909 0.830947 -1
1 -3.273911 45.409763 -3.273950 0.150555 0.830947 -1
1 -3.445540 45.409763 -3.445550 0.151909 0.831531 -1
1 -3.445540 45.409763 -3.445550 0.407241 0.917061 -1
1 -3.445540 45.409763 -3.273950 0.407241 0.916477 -1
1 -3.445540 44.142963 -3.445550 0.397248 0.917061 -1
1 -3.445540 45.409763 3.273911 0.407241 0.894208 -1
1 -3.445540 44.142963 3.445540 0.397248 0.893625 -1
1 -3.445540 44.142963 3.445540 0.403550 0.831531 -1
1 -5.756540 47.693062 2.964550 0.431811 0.839391 -1
1 -3.445540 45.409763 3.273911 0.413635 0.831531 -1
1 -6.263680 44.142963 3.445540 0.403550 0.841115 -1
1 -3.445540 44.142963 6.263680 0.075319 0.831531 -1
1 -6.263680 44.142963 3.445540 0.097549 0.841115 -1
1 -3.445540 44.142963 3.445540 0.097549 0.831531 -1
1 -6.263680 44.142963 6.263680 0.075319 0.841115 -1
1 -6.263680 44.142963 6.263680 0.400553 0.884039 -1
1 -3.445540 44.142963 6.263680 0.400553 0.893625 -1
1 -6.263680 44.142963 3.445540 0.400553 0.831531 -1
1 -6.263680 44.142963 6.263680 0.400553 0.841115 -1
1 -6.770820 40.592964 -6.770850 0.372263 0.796785 -1
1 -6.770820 40.592964 3.926530 0.375291 0.842840 -1
1 -3.976891 40.221264 3.976891 0.372332 0.833338 -1
1 -3.445540 44.142963 6.263680 0.403550 0.884039 -1
1 -3.445540 44.142963 3.445540 0.403550 0.893625 -1
1 -3.926530 40.592964 6.770820 0.375291 0.882315 -1
1 -6.770820 40.592964 6.770820 0.372263 0.882315 -1
1 -3.926530 40.592964 6.770820 0.372263 0.891988 -1
1 -6.770820 40.592964 6.770820 0.372263 0.842840 -1
1 -7.335270 36.641762 7.335270 0.340779 0.844759 -1
1 -7.898740 32.697361 7.898740 0.309348 0.846676 -1
1 -8.462200 28.753063 8.462200 0.277917 0.848592 -1
1 -9.025670 24.808764 6.065100 0.246488 0.840440 -1
1 -9.025670 24.808764 9.025670 0.246488 0.850509 -1
1 -9.587800 20.873762 6.598240 0.215133 0.842254 -1
1 -9.587800 20.873762 9.587800 0.215133 0.852421 -1
1 -10.151270 16.929363 7.132650 0.183702 0.844070 -1
1 -10.151270 16.929363 10.151270 0.183702 0.854337 -1
1 -10.714601 12.986063 7.666930 0.152280 0.845888 -1
1 -10.714601 12.986063 10.714601 0.152280 0.856253 -1
1 -11.278060 9.041664 8.201340 0.120849 0.847705 -1
1 -11.278060 9.041664 11.278060 0.120849 0.858169 -1
1 -11.278060 9.041664 11.278060 0.035764 0.866986 -1
1 -8.201340 9.041664 8.201340 0.060034 0.877449 -1
1 -11.278060 9.041664 8.201340 0.060034 0.866986 -1
1 -8.201340 9.041664 11.278060 0.035764 0.877449 -1
1 -7.666930 12.986063 10.714601 0.152280 0.879267 -1
1 -11.278060 9.041664 11.278060 0.120849 0.866986 -1
1 -8.201340 9.041664 11.278060 0.120849 0.877449 -1
1 -10.714601 12.986063 10.714601 0.152280 0.868902 -1
1 -10.151270 16.929363 10.151270 0.183702 0.870818 -1
1 -7.132650 16.929363 10.151270 0.183702 0.881084 -1
1 7.132649 16.929363 10.151270 0.183702 0.929600 -1
1 7.666949 12.986063 10.714601 0.152280 0.931418 -1
1 -7.666930 12.986063 7.666930 0.064249 0.845888 -1
1 7.666949 12.986063 10.714601 0.040208 0.793738 -1
1 -7.666930 12.986063 10.714601 0.040208 0.845888 -1
1 7.666949 12.986063 7.666930 0.064249 0.793738 -1
1 -7.132650 16.929363 7.132650 0.186918 0.844070 -1
1 7.666949 12.986063 7.666930 0.155527 0.793738 -1
1 -7.666930 12.986063 7.666930 0.155527 0.845888 -1
1 7.132649 16.929363 7.132650 0.186918 0.795555 -1
1 -7.132650 16.929363 7.132650 0.068465 0.881084 -1
1 7.132649 16.929363 10.151270 0.044653 0.929600 -1
1 7.132649 16.929363 7.132650 0.068465 0.929600 -1
1 -7.132650 16.929363 10.151270 0.044653 0.881084 -1
1 -10.151270 16.929363 7.132650 0.068465 0.870818 -1
1 -10.151270 16.929363 10.151270 0.044653 0.870818 -1
1 -6.598240 20.873762 9.587800 0.215133 0.882902 -1
1 -9.587800 20.873762 9.587800 0.215133 0.872734 -1
1 -6.065100 24.808764 9.025670 0.246488 0.884715 -1
1 -9.025670 24.808764 9.025670 0.246488 0.874646 -1
1 -5.530690 28.753063 8.462200 0.277917 0.886533 -1
1 -8.462200 28.753063 8.462200 0.277917 0.876563 -1
1 -4.996280 32.697361 7.898740 0.309348 0.888350 -1
1 -7.898740 32.697361 7.898740 0.309348 0.878479 -1
1 -4.461870 36.641762 7.335270 0.340779 0.890167 -1
1 -7.335270 36.641762 7.335270 0.340779 0.880395 -1
1 3.926549 40.592964 6.770820 0.372263 0.918696 -1
1 4.461949 36.641762 7.335270 0.340779 0.920517 -1
1 -4.461870 36.641762 7.335270 0.025791 0.890167 -1
1 4.512849 36.266163 4.512751 0.003330 0.920690 -1
1 4.461949 36.641762 7.335270 0.025791 0.920517 -1
1 -4.512751 36.266163 4.512751 0.003330 0.889994 -1
1 -4.461870 36.641762 7.335270 0.343837 0.880395 -1
1 -7.335270 36.641762 4.461870 0.343837 0.844759 -1
1 -4.512751 36.266163 4.512751 0.340848 0.835161 -1
1 4.512849 36.266163 4.512751 0.340848 0.804465 -1
1 3.976951 40.221264 3.976891 0.372332 0.806287 -1
1 -3.926530 40.592964 6.770820 0.025488 0.833166 -1
1 3.976951 40.221264 3.976891 0.003255 0.806287 -1
1 -3.976891 40.221264 3.976891 0.003255 0.833338 -1
1 3.926549 40.592964 6.770820 0.025488 0.806459 -1
1 4.512849 36.266163 4.512751 0.314213 0.835161 -1
1 3.926549 40.592964 6.770820 0.348656 0.842840 -1
1 3.976951 40.221264 3.976891 0.345696 0.833338 -1
1 4.461949 36.641762 7.335270 0.317203 0.844759 -1
1 4.996350 32.697361 4.996280 0.285804 0.836805 -1
1 4.996350 32.697361 7.898740 0.285804 0.846676 -1
1 4.996350 32.697361 7.898740 0.062421 0.922335 -1
1 7.898749 32.697361 4.996280 0.085316 0.932206 -1
1 4.996350 32.697361 4.996280 0.085316 0.922335 -1
1 7.898749 32.697361 7.898740 0.062421 0.932206 -1
1 5.530749 28.753063 8.462200 0.277917 0.924152 -1
1 7.898749 32.697361 7.898740 0.309348 0.932206 -1
1 4.996350 32.697361 7.898740 0.309348 0.922335 -1
1 8.462251 28.753063 8.462200 0.277917 0.934122 -1
1 6.065150 24.808764 9.025670 0.246488 0.925970 -1
1 9.025750 24.808764 9.025670 0.246488 0.936038 -1
1 6.598250 20.873762 9.587800 0.215133 0.927783 -1
1 9.587850 20.873762 9.587800 0.215133 0.937950 -1
1 10.151349 16.929363 10.151270 0.183702 0.939867 -1
1 10.714650 12.986063 10.714601 0.152280 0.941783 -1
1 8.201350 9.041664 11.278060 0.120849 0.933235 -1
1 11.278150 9.041664 11.278060 0.120849 0.943699 -1
1 8.735749 5.097363 11.841530 0.089419 0.935053 -1
1 11.841550 5.097363 11.841530 0.089419 0.945615 -1
1 9.430749 -0.031767 12.574250 0.048547 0.937417 -1
1 12.574250 -0.031767 12.574250 0.048547 0.948107 -1
1 12.574250 -0.031767 9.430680 0.020494 0.873269 -1
1 11.841550 5.097363 11.841530 0.061365 0.865070 -1
1 12.574250 -0.031767 12.574250 0.020494 0.862577 -1
1 11.841550 5.097363 8.735750 0.061365 0.875632 -1
1 12.574250 -0.031767 9.430680 0.051901 0.777047 -1
1 8.735749 5.097363 8.735750 0.092731 0.790102 -1
1 11.841550 5.097363 8.735750 0.092731 0.779540 -1
1 9.430749 -0.031767 9.430680 0.051901 0.787739 -1
1 9.430749 -0.031767 9.430680 0.025266 0.851886 -1
1 8.735749 5.097363 11.841530 0.066096 0.860086 -1
1 8.735749 5.097363 8.735750 0.066096 0.849523 -1
1 9.430749 -0.031767 12.574250 0.025266 0.862577 -1
1 8.201350 9.041664 11.278060 0.097494 0.858169 -1
1 8.201350 9.041664 8.201340 0.097494 0.847705 -1
1 7.666949 12.986063 10.714601 0.128894 0.856253 -1
1 7.666949 12.986063 7.666930 0.128894 0.845888 -1
1 7.132649 16.929363 10.151270 0.160283 0.854337 -1
1 7.132649 16.929363 7.132650 0.160283 0.844070 -1
1 10.151349 16.929363 7.132650 0.068465 0.939867 -1
1 10.151349 16.929363 10.151270 0.044653 0.939867 -1
1 10.151349 16.929363 7.132650 0.155647 0.881084 -1
1 9.587850 20.873762 9.587800 0.187078 0.872734 -1
1 10.151349 16.929363 10.151270 0.155647 0.870818 -1
1 9.587850 20.873762 6.598240 0.187078 0.882902 -1
1 10.151349 16.929363 7.132650 0.186918 0.785288 -1
1 6.598250 20.873762 6.598240 0.218318 0.797373 -1
1 9.587850 20.873762 6.598240 0.218318 0.787205 -1
1 10.714650 12.986063 7.666930 0.155527 0.783372 -1
1 10.714650 12.986063 7.666930 0.124224 0.879267 -1
1 10.714650 12.986063 10.714601 0.124224 0.868902 -1
1 11.278150 9.041664 8.201340 0.092795 0.877449 -1
1 11.278150 9.041664 11.278060 0.092795 0.866986 -1
1 8.735749 5.097363 11.841530 0.031319 0.790102 -1
1 11.841550 5.097363 8.735750 0.055819 0.779540 -1
1 11.841550 5.097363 11.841530 0.031319 0.779540 -1
1 8.735749 5.097363 8.735750 0.055819 0.790102 -1
1 -8.735750 5.097363 8.735750 0.055819 0.849523 -1
1 -8.735750 5.097363 11.841530 0.031319 0.849523 -1
1 -8.735750 5.097363 11.841530 0.089419 0.875632 -1
1 8.201350 9.041664 11.278060 0.035764 0.933235 -1
1 8.201350 9.041664 8.201340 0.060034 0.933235 -1
1 11.278150 9.041664 11.278060 0.035764 0.943699 -1
1 11.278150 9.041664 8.201340 0.060034 0.943699 -1
1 8.201350 9.041664 8.201340 0.124129 0.791920 -1
1 11.278150 9.041664 8.201340 0.124129 0.781456 -1
1 11.841550 5.097363 -8.735749 0.193640 0.779540 -1
1 8.735749 5.097363 -8.735749 0.193640 0.790102 -1
1 8.735749 5.097363 -8.735749 0.066096 0.790102 -1
1 8.201350 9.041664 -8.201350 0.097494 0.791920 -1
1 8.201350 9.041664 -8.201350 0.189425 0.933235 -1
1 11.278150 9.041664 -8.201350 0.189425 0.943699 -1
1 11.278150 9.041664 -8.201350 0.097494 0.943699 -1
1 8.735749 5.097363 -8.735749 0.066096 0.935053 -1
1 11.841550 5.097363 -8.735749 0.066096 0.945615 -1
1 8.201350 9.041664 -8.201350 0.097494 0.933235 -1
1 10.714650 12.986063 -7.666949 0.128894 0.941783 -1
1 7.666949 12.986063 -7.666949 0.128894 0.931418 -1
1 7.132649 16.929363 -7.132649 0.160283 0.929600 -1
1 10.151349 16.929363 -7.132649 0.160283 0.939867 -1
1 10.714650 12.986063 -7.666949 0.185209 0.783372 -1
1 10.714650 12.986063 7.666930 0.064249 0.783372 -1
1 7.666949 12.986063 -7.666949 0.185209 0.793738 -1
1 7.666949 12.986063 -7.666949 0.128894 0.793738 -1
1 7.132649 16.929363 -7.132649 0.160283 0.795555 -1
1 7.132649 16.929363 -7.132649 0.180994 0.929600 -1
1 10.151349 16.929363 -7.132649 0.180994 0.939867 -1
1 7.132649 16.929363 -10.151349 0.204806 0.929600 -1
1 10.151349 16.929363 -10.151349 0.204806 0.939867 -1
1 7.132649 16.929363 -10.151349 0.155647 0.795555 -1
1 9.587850 20.873762 -9.587850 0.187078 0.787205 -1
1 10.151349 16.929363 -10.151349 0.155647 0.785288 -1
1 6.598250 20.873762 -9.587850 0.187078 0.797373 -1
1 6.598250 20.873762 -9.587850 0.191684 0.787205 -1
1 7.132649 16.929363 -10.151349 0.160283 0.785288 -1
1 6.598250 20.873762 -6.598250 0.191684 0.797373 -1
1 9.587850 20.873762 -6.598250 0.191684 0.937950 -1
1 6.598250 20.873762 -6.598250 0.191684 0.927783 -1
1 9.025750 24.808764 -6.065150 0.223007 0.936038 -1
1 6.065150 24.808764 -6.065150 0.223007 0.925970 -1
1 6.065150 24.808764 -6.065150 0.172573 0.925970 -1
1 9.025750 24.808764 6.065100 0.076886 0.936038 -1
1 9.025750 24.808764 -6.065150 0.172573 0.936038 -1
1 6.065150 24.808764 6.065100 0.076886 0.925970 -1
1 6.065150 24.808764 6.065100 0.223007 0.840440 -1
1 6.065150 24.808764 -6.065150 0.223007 0.799185 -1
1 6.598250 20.873762 6.598240 0.191684 0.842254 -1
1 9.587850 20.873762 -6.598250 0.176779 0.787205 -1
1 6.598250 20.873762 6.598240 0.072680 0.797373 -1
1 6.598250 20.873762 -6.598250 0.176779 0.797373 -1
1 9.587850 20.873762 6.598240 0.072680 0.787205 -1
1 9.025750 24.808764 6.065100 0.218433 0.884715 -1
1 9.025750 24.808764 9.025670 0.218433 0.874646 -1
1 6.598250 20.873762 9.587800 0.049097 0.797373 -1
1 9.587850 20.873762 9.587800 0.049097 0.787205 -1
1 6.065150 24.808764 9.025670 0.223007 0.850509 -1
1 6.598250 20.873762 9.587800 0.191684 0.852421 -1
1 9.025750 24.808764 9.025670 0.053531 0.936038 -1
1 6.065150 24.808764 9.025670 0.053531 0.925970 -1
1 8.462251 28.753063 8.462200 0.249863 0.876563 -1
1 8.462251 28.753063 5.530690 0.249863 0.886533 -1
1 9.025750 24.808764 6.065100 0.249643 0.789116 -1
1 5.530749 28.753063 5.530690 0.281040 0.801002 -1
1 8.462251 28.753063 5.530690 0.281040 0.791033 -1
1 6.065150 24.808764 6.065100 0.249643 0.799185 -1
1 -6.065100 24.808764 6.065100 0.249643 0.840440 -1
1 -6.598240 20.873762 6.598240 0.218318 0.842254 -1
1 -6.598240 20.873762 9.587800 0.049097 0.842254 -1
1 -6.598240 20.873762 6.598240 0.072680 0.842254 -1
1 -6.065100 24.808764 6.065100 0.076886 0.884715 -1
1 -6.065100 24.808764 9.025670 0.053531 0.884715 -1
1 5.530749 28.753063 8.462200 0.254405 0.848592 -1
1 5.530749 28.753063 5.530690 0.254405 0.838623 -1
1 8.462251 28.753063 5.530690 0.081100 0.791033 -1
1 5.530749 28.753063 8.462200 0.057976 0.801002 -1
1 5.530749 28.753063 5.530690 0.081100 0.801002 -1
1 8.462251 28.753063 8.462200 0.057976 0.791033 -1
1 7.898749 32.697361 7.898740 0.281293 0.878479 -1
1 7.898749 32.697361 4.996280 0.281293 0.888350 -1
1 4.996350 32.697361 4.996280 0.312439 0.802820 -1
1 7.898749 32.697361 4.996280 0.312439 0.792949 -1
1 8.462251 28.753063 -5.530749 0.168357 0.791033 -1
1 5.530749 28.753063 -5.530749 0.168357 0.801002 -1
1 5.530749 28.753063 -5.530749 0.254405 0.801002 -1
1 4.996350 32.697361 -4.996350 0.285804 0.802820 -1
1 4.996350 32.697361 -4.996350 0.164142 0.922335 -1
1 7.898749 32.697361 -4.996350 0.164142 0.932206 -1
1 4.996350 32.697361 -4.996350 0.285804 0.922335 -1
1 8.462251 28.753063 -5.530749 0.254405 0.934122 -1
1 7.898749 32.697361 -4.996350 0.285804 0.932206 -1
1 5.530749 28.753063 -5.530749 0.254405 0.924152 -1
1 4.996350 32.697361 -7.898749 0.285804 0.792949 -1
1 5.530749 28.753063 -8.462251 0.254405 0.791033 -1
1 4.996350 32.697361 -7.898749 0.281293 0.802820 -1
1 8.462251 28.753063 -8.462251 0.249863 0.791033 -1
1 5.530749 28.753063 -8.462251 0.249863 0.801002 -1
1 7.898749 32.697361 -7.898749 0.281293 0.792949 -1
1 7.335349 36.641762 -7.335349 0.312724 0.794866 -1
1 6.770850 40.592964 -6.770850 0.344208 0.796785 -1
1 6.263749 44.142963 -6.263749 0.372497 0.798509 -1
1 3.445550 44.142963 -6.263749 0.372497 0.808094 -1
1 3.976951 40.221264 -3.976951 0.345696 0.806287 -1
1 3.445550 44.142963 -6.263749 0.376915 0.798509 -1
1 3.926549 40.592964 -6.770850 0.348656 0.796785 -1
1 3.445550 44.142963 -3.445550 0.376915 0.808094 -1
1 6.770850 40.592964 -3.926549 0.348656 0.928369 -1
1 3.445550 44.142963 -3.445550 0.376915 0.917061 -1
1 3.976951 40.221264 -3.976951 0.345696 0.918868 -1
1 6.263749 44.142963 -3.445550 0.376915 0.926645 -1
1 3.445550 44.142963 -6.263749 0.174139 0.808094 -1
1 6.263749 44.142963 -3.445550 0.151909 0.798509 -1
1 3.445550 44.142963 -3.445550 0.151909 0.808094 -1
1 6.263749 44.142963 -6.263749 0.174139 0.798509 -1
1 2.964650 47.693062 -5.756549 0.405175 0.800234 -1
1 3.273950 45.409763 -3.445550 0.386999 0.808094 -1
1 3.273950 45.409763 -3.273950 0.386999 0.808678 -1
1 2.964650 47.693062 -2.964650 0.405175 0.809730 -1
1 2.964650 47.693062 -2.964650 0.405175 0.915425 -1
1 3.273950 45.409763 -3.273950 0.386999 0.916477 -1
1 3.445550 45.409763 -3.273950 0.386999 0.917061 -1
1 3.273950 45.409763 -3.273950 0.150555 0.808678 -1
1 3.445550 45.409763 -3.445550 0.151909 0.808094 -1
1 3.445550 45.409763 -3.273950 0.150555 0.808094 -1
1 3.273950 45.409763 -3.445550 0.151909 0.808678 -1
1 3.273950 45.409763 3.273911 0.098903 0.808678 -1
1 -3.273911 45.409763 3.445540 0.097549 0.830947 -1
1 -3.445540 44.142963 -3.445550 0.397248 0.893625 -1
1 3.273950 45.409763 -3.445550 0.407241 0.916477 -1
1 -3.273911 45.409763 -3.445550 0.407241 0.894208 -1
1 3.445550 44.142963 -3.445550 0.397248 0.917061 -1
1 3.445550 45.409763 -3.445550 0.407241 0.917061 -1
1 3.445550 44.142963 -3.445550 0.397248 0.808094 -1
1 3.445550 45.409763 -3.273950 0.407241 0.808678 -1
1 3.445550 45.409763 -3.445550 0.407241 0.808094 -1
1 3.445550 45.409763 3.273911 0.407241 0.830947 -1
1 3.445550 44.142963 3.445540 0.397248 0.831531 -1
1 3.445550 44.142963 3.445540 0.097549 0.808094 -1
1 6.263749 44.142963 3.445540 0.097549 0.798509 -1
1 6.263749 44.142963 3.445540 0.372497 0.893625 -1
1 5.756549 47.693062 -2.964650 0.405175 0.924920 -1
1 5.756549 47.693062 2.964550 0.101344 0.800234 -1
1 2.964650 47.693062 -2.964650 0.148116 0.809730 -1
1 5.756549 47.693062 -2.964650 0.148116 0.800234 -1
1 2.964650 47.693062 2.964550 0.101344 0.809730 -1
1 -2.964550 47.693062 5.756540 0.431811 0.885765 -1
1 -3.273911 45.409763 3.445540 0.413635 0.893625 -1
1 -2.964550 47.693062 2.964550 0.431811 0.895260 -1
1 3.445550 44.142963 6.263680 0.400553 0.917061 -1
1 6.263749 44.142963 6.263680 0.400553 0.926645 -1
1 6.770850 40.592964 6.770820 0.372263 0.928369 -1
1 7.335349 36.641762 7.335270 0.340779 0.930290 -1
1 7.335349 36.641762 7.335270 0.312724 0.880395 -1
1 7.335349 36.641762 4.461870 0.312724 0.890167 -1
1 7.335349 36.641762 4.461870 0.343837 0.794866 -1
1 4.512849 36.266163 4.512751 0.199978 0.889994 -1
1 7.335349 36.641762 -4.461949 0.222439 0.920517 -1
1 7.335349 36.641762 4.461870 0.222439 0.890167 -1
1 4.512849 36.266163 -4.512849 0.199978 0.920690 -1
1 4.512849 36.266163 -4.512849 0.314213 0.804465 -1
1 6.770850 40.592964 3.926530 0.222137 0.833166 -1
1 3.976951 40.221264 -3.976951 0.199902 0.806287 -1
1 3.976951 40.221264 3.976891 0.199902 0.833338 -1
1 6.770850 40.592964 -3.926549 0.222137 0.806459 -1
1 6.770850 40.592964 3.926530 0.344208 0.891988 -1
1 6.770850 40.592964 6.770820 0.344208 0.882315 -1
1 6.770850 40.592964 3.926530 0.375291 0.796785 -1
1 3.445550 44.142963 3.445540 0.403550 0.808094 -1
1 6.263749 44.142963 3.445540 0.403550 0.798509 -1
1 3.445550 45.409763 3.273911 0.413635 0.808094 -1
1 5.756549 47.693062 2.964550 0.431811 0.800234 -1
1 2.964650 47.693062 2.964550 0.431811 0.809730 -1
1 3.273950 45.409763 3.273911 0.413635 0.808678 -1
1 3.445550 45.409763 3.445540 0.407241 0.831531 -1
1 3.273950 45.409763 3.445540 0.407241 0.808678 -1
1 3.445550 45.409763 3.445540 0.407241 0.808094 -1
1 3.445550 44.142963 3.445540 0.397248 0.808094 -1
1 3.273950 45.409763 3.445540 0.097549 0.808678 -1
1 3.445550 45.409763 3.273911 0.098903 0.808094 -1
1 3.445550 45.409763 3.445540 0.097549 0.808094 -1
1 3.273950 45.409763 3.445540 0.386999 0.831531 -1
1 2.964650 47.693062 2.964550 0.405175 0.829895 -1
1 3.273950 45.409763 3.273911 0.386999 0.830947 -1
1 2.964650 47.693062 5.756540 0.405175 0.839391 -1
1 3.445550 44.142963 3.445540 0.376915 0.831531 -1
1 3.445550 44.142963 6.263680 0.376915 0.841115 -1
1 3.445550 44.142963 6.263680 0.075319 0.808094 -1
1 6.263749 44.142963 6.263680 0.075319 0.798509 -1
1 6.263749 44.142963 6.263680 0.372497 0.884039 -1
1 2.964650 47.693062 5.756540 0.079318 0.809730 -1
1 5.756549 47.693062 5.756540 0.079318 0.800234 -1
1 -3.445540 44.142963 3.445540 0.397248 0.831531 -1
1 -3.273911 45.409763 3.445540 0.407241 0.830947 -1
1 -3.273911 45.409763 3.273911 0.413635 0.894208 -1
1 -3.445540 45.409763 3.445540 0.097549 0.831531 -1
1 -3.273911 45.409763 3.273911 0.098903 0.830947 -1
1 -3.445540 45.409763 3.273911 0.098903 0.831531 -1
1 -3.445540 45.409763 3.445540 0.407241 0.893625 -1
1 -3.445540 45.409763 3.445540 0.407241 0.831531 -1
1 -3.273911 45.409763 3.273911 0.413635 0.830947 -1
1 -2.964550 47.693062 2.964550 0.431811 0.829895 -1
1 -2.964550 47.693062 -2.964650 0.405175 0.895260 -1
1 -3.273911 45.409763 -3.273950 0.386999 0.894208 -1
1 7.335349 36.641762 -4.461949 0.317203 0.930290 -1
1 4.512849 36.266163 -4.512849 0.314213 0.920690 -1
1 4.461949 36.641762 -7.335349 0.317203 0.794866 -1
1 4.996350 32.697361 -7.898749 0.187037 0.922335 -1
1 7.898749 32.697361 -7.898749 0.187037 0.932206 -1
1 -5.530690 28.753063 -8.462251 0.191483 0.838623 -1
1 5.530749 28.753063 -8.462251 0.191483 0.801002 -1
1 8.462251 28.753063 -8.462251 0.191483 0.791033 -1
1 6.065150 24.808764 -9.025750 0.223007 0.789116 -1
1 9.025750 24.808764 -9.025750 0.218433 0.789116 -1
1 6.065150 24.808764 -9.025750 0.218433 0.799185 -1
1 6.598250 20.873762 -9.587850 0.200362 0.797373 -1
1 9.587850 20.873762 -9.587850 0.200362 0.787205 -1
1 -6.598240 20.873762 -6.598250 0.191684 0.882902 -1
1 -6.065100 24.808764 -6.065150 0.223007 0.884715 -1
1 6.065150 24.808764 -9.025750 0.195928 0.925970 -1
1 9.025750 24.808764 -9.025750 0.195928 0.936038 -1
1 -6.598240 20.873762 -9.587850 0.200362 0.842254 -1
1 -6.598240 20.873762 -6.598250 0.176779 0.842254 -1
1 -6.598240 20.873762 -6.598250 0.218318 0.927783 -1
1 -6.598240 20.873762 -9.587850 0.218318 0.937950 -1
1 -6.065100 24.808764 6.065100 0.249643 0.884715 -1
1 -6.598240 20.873762 6.598240 0.218318 0.882902 -1
1 -6.065100 24.808764 9.025670 0.249643 0.874646 -1
1 -6.598240 20.873762 9.587800 0.218318 0.872734 -1
1 -9.587800 20.873762 9.587800 0.049097 0.852421 -1
1 -9.587800 20.873762 6.598240 0.072680 0.852421 -1
1 -9.587800 20.873762 6.598240 0.218318 0.852421 -1
1 -9.025670 24.808764 6.065100 0.249643 0.850509 -1
1 -9.587800 20.873762 -6.598250 0.215133 0.797373 -1
1 -9.025670 24.808764 -6.065150 0.246488 0.799185 -1
1 -9.025670 24.808764 6.065100 0.076886 0.874646 -1
1 -9.025670 24.808764 9.025670 0.053531 0.874646 -1
1 -5.530690 28.753063 8.462200 0.281040 0.876563 -1
1 -8.462200 28.753063 5.530690 0.281040 0.848592 -1
1 -5.530690 28.753063 5.530690 0.281040 0.838623 -1
1 -4.996280 32.697361 4.996280 0.312439 0.836805 -1
1 -7.898740 32.697361 4.996280 0.312439 0.846676 -1
1 -4.996280 32.697361 7.898740 0.312439 0.878479 -1
1 -5.530690 28.753063 8.462200 0.057976 0.838623 -1
1 -4.996280 32.697361 4.996280 0.085316 0.888350 -1
1 -4.996280 32.697361 7.898740 0.062421 0.888350 -1
1 -7.898740 32.697361 7.898740 0.062421 0.878479 -1
1 -7.898740 32.697361 4.996280 0.085316 0.878479 -1
1 -8.462200 28.753063 8.462200 0.057976 0.848592 -1
1 -9.587800 20.873762 -6.598250 0.191684 0.872734 -1
1 -9.025670 24.808764 -6.065150 0.223007 0.874646 -1
1 -10.151270 16.929363 -7.132649 0.160283 0.870818 -1
1 -7.132650 16.929363 -7.132649 0.160283 0.881084 -1
1 -7.132650 16.929363 -10.151349 0.204806 0.881084 -1
1 -10.151270 16.929363 -7.132649 0.180994 0.870818 -1
1 -7.132650 16.929363 -7.132649 0.180994 0.881084 -1
1 -10.151270 16.929363 -10.151349 0.204806 0.870818 -1
1 -10.151270 16.929363 -7.132649 0.183702 0.795555 -1
1 -9.587800 20.873762 -9.587850 0.215133 0.787205 -1
1 -10.151270 16.929363 -10.151349 0.183702 0.785288 -1
1 -9.025670 24.808764 -9.025750 0.246488 0.789116 -1
1 -10.714601 12.986063 -7.666949 0.152280 0.793738 -1
1 -10.714601 12.986063 -10.714650 0.152280 0.783372 -1
1 -11.278060 9.041664 -8.201350 0.120849 0.791920 -1
1 -11.278060 9.041664 -11.278150 0.120849 0.781456 -1
1 -11.841530 5.097363 -8.735749 0.089419 0.790102 -1
1 -11.841530 5.097363 -11.841550 0.089419 0.779540 -1
1 -12.574250 -0.031767 -9.430749 0.048547 0.787739 -1
1 -12.574250 -0.031767 -12.574250 0.048547 0.777047 -1
1 -9.430680 -0.031767 -12.574250 0.020494 0.851886 -1
1 -12.574250 -0.031767 -12.574250 0.020494 0.862577 -1
1 -8.735750 5.097363 -11.841550 0.218139 0.849523 -1
1 -11.841530 5.097363 -8.735749 0.193640 0.860086 -1
1 -11.841530 5.097363 -11.841550 0.218139 0.860086 -1
1 -8.735750 5.097363 -8.735749 0.193640 0.849523 -1
1 -8.201340 9.041664 -11.278150 0.124129 0.943699 -1
1 -8.735750 5.097363 -8.735749 0.092731 0.935053 -1
1 -8.735750 5.097363 -11.841550 0.092731 0.945615 -1
1 -8.201340 9.041664 -8.201350 0.124129 0.933235 -1
1 -7.666930 12.986063 -10.714650 0.155527 0.941783 -1
1 -7.666930 12.986063 -7.666949 0.155527 0.931418 -1
1 -7.132650 16.929363 -10.151349 0.186918 0.939867 -1
1 -7.132650 16.929363 -7.132649 0.186918 0.929600 -1
1 7.666949 12.986063 -10.714650 0.128894 0.783372 -1
1 10.714650 12.986063 -10.714650 0.124224 0.783372 -1
1 7.666949 12.986063 -10.714650 0.124224 0.793738 -1
1 11.278150 9.041664 -11.278150 0.213694 0.943699 -1
1 8.201350 9.041664 -11.278150 0.213694 0.933235 -1
1 8.201350 9.041664 -11.278150 0.097494 0.781456 -1
1 8.735749 5.097363 -11.841550 0.066096 0.779540 -1
1 9.430749 -0.031767 -9.430749 0.025266 0.787739 -1
1 9.430749 -0.031767 -12.574250 0.025266 0.777047 -1
1 12.574250 -0.031767 -12.574250 0.020494 0.777047 -1
1 9.430749 -0.031767 -12.574250 0.020494 0.787739 -1
1 12.574250 -0.031767 -9.430749 0.020494 0.937417 -1
1 12.574250 -0.031767 -12.574250 0.020494 0.948107 -1
1 9.430749 -0.031767 -9.430749 0.025266 0.937417 -1
1 12.574250 -0.031767 -9.430749 0.025266 0.948107 -1
1 8.735749 5.097363 -11.841550 0.218139 0.790102 -1
1 -9.430680 -0.031767 -9.430749 0.051901 0.937417 -1
1 -9.430680 -0.031767 -12.574250 0.051901 0.948107 -1
1 -8.735750 5.097363 -8.735749 0.066096 0.875632 -1
1 -12.574250 -0.031767 -9.430749 0.025266 0.862577 -1
1 -9.430680 -0.031767 -9.430749 0.025266 0.873269 -1
1 -11.841530 5.097363 -8.735749 0.066096 0.865070 -1
1 -8.201340 9.041664 -8.201350 0.097494 0.877449 -1
1 -11.278060 9.041664 -8.201350 0.097494 0.866986 -1
1 -7.666930 12.986063 -7.666949 0.128894 0.879267 -1
1 -10.714601 12.986063 -7.666949 0.128894 0.868902 -1
1 -7.666930 12.986063 -7.666949 0.185209 0.845888 -1
1 -10.714601 12.986063 7.666930 0.064249 0.856253 -1
1 -10.714601 12.986063 -7.666949 0.185209 0.856253 -1
1 -7.132650 16.929363 7.132650 0.186918 0.881084 -1
1 -7.666930 12.986063 7.666930 0.155527 0.879267 -1
1 -7.666930 12.986063 -10.714650 0.209251 0.845888 -1
1 7.666949 12.986063 -10.714650 0.209251 0.793738 -1
1 10.714650 12.986063 -10.714650 0.209251 0.783372 -1
1 -8.201340 9.041664 -11.278150 0.213694 0.877449 -1
1 -8.201340 9.041664 -8.201350 0.189425 0.877449 -1
1 -11.278060 9.041664 -8.201350 0.189425 0.866986 -1
1 -11.278060 9.041664 -11.278150 0.213694 0.866986 -1
1 -8.735750 5.097363 8.735750 0.092731 0.849523 -1
1 -11.278060 9.041664 8.201340 0.124129 0.858169 -1
1 -8.201340 9.041664 8.201340 0.124129 0.847705 -1
1 -11.841530 5.097363 8.735750 0.092731 0.860086 -1
1 -11.841530 5.097363 11.841530 0.031319 0.860086 -1
1 -11.841530 5.097363 8.735750 0.055819 0.860086 -1
1 -8.735750 5.097363 11.841530 0.092731 0.865070 -1
1 -9.430680 -0.031767 9.430680 0.051901 0.873269 -1
1 -8.735750 5.097363 8.735750 0.092731 0.875632 -1
1 -9.430680 -0.031767 12.574250 0.051901 0.862577 -1
1 -12.574250 -0.031767 12.574250 0.048547 0.862577 -1
1 -9.430680 -0.031767 12.574250 0.048547 0.873269 -1
1 -11.841530 5.097363 11.841530 0.089419 0.865070 -1
1 -11.841530 5.097363 8.735750 0.089419 0.849523 -1
1 -11.841530 5.097363 11.841530 0.089419 0.860086 -1
1 -8.201340 9.041664 8.201340 0.124129 0.877449 -1
1 -8.201340 9.041664 11.278060 0.124129 0.866986 -1
1 -7.666930 12.986063 10.714601 0.155527 0.868902 -1
1 -10.714601 12.986063 7.666930 0.155527 0.856253 -1
1 -10.151270 16.929363 7.132650 0.186918 0.854337 -1
1 -10.714601 12.986063 -10.714650 0.209251 0.856253 -1
1 -9.587800 20.873762 -6.598250 0.176779 0.852421 -1
1 -7.132650 16.929363 10.151270 0.186918 0.870818 -1
1 -10.714601 12.986063 10.714601 0.040208 0.856253 -1
1 -9.430680 -0.031767 9.430680 0.051901 0.851886 -1
1 -12.574250 -0.031767 9.430680 0.051901 0.862577 -1
1 -12.574250 -0.031767 9.430680 0.048547 0.851886 -1
1 5.756549 47.693062 -5.756549 0.170138 0.800234 -1
1 -3.445540 45.409763 -3.445550 0.407241 0.893625 -1
1 10.714650 12.986063 10.714601 0.040208 0.783372 -1
1 1.391049 50.348564 1.391050 0.113755 0.910073 -1
1 1.391049 50.348564 -1.391049 0.446200 0.910073 -1
1 1.391049 50.947262 1.391050 0.450922 0.900612 -1
1 1.391049 50.348564 1.391050 0.446200 0.900612 -1
1 1.391049 50.947262 -1.391049 0.450922 0.910073 -1
1 1.391049 50.348564 -1.391049 0.446200 0.815082 -1
1 -1.391050 50.947262 -1.391049 0.450922 0.824543 -1
1 1.391049 50.947262 -1.391049 0.450922 0.815082 -1
1 -1.391050 50.348564 -1.391049 0.446200 0.824543 -1
1 -1.391050 50.348564 1.391050 0.446200 0.824543 -1
1 -1.391050 50.947262 -1.391049 0.450922 0.815082 -1
1 -1.391050 50.348564 -1.391049 0.446200 0.815082 -1
1 -1.391050 50.947262 1.391050 0.450922 0.824543 -1
1 -1.391050 50.348564 1.391050 0.446200 0.900612 -1
1 1.391049 50.947262 1.391050 0.450922 0.910073 -1
1 -1.391050 50.947262 1.391050 0.450922 0.900612 -1
1 1.391049 50.348564 1.391050 0.446200 0.910073 -1
1 -0.173850 50.947262 0.173850 0.123358 0.904751 -1
1 -1.391050 50.947262 1.391050 0.113755 0.900612 -1
1 1.391049 50.947262 1.391050 0.113755 0.910073 -1
1 -1.391050 50.947262 -1.391049 0.135702 0.900612 -1
1 -0.173850 50.947262 -0.173950 0.126102 0.904751 -1
1 1.391049 50.947262 -1.391049 0.135702 0.910073 -1
1 0.173950 50.947262 -0.173950 0.126102 0.905934 -1
1 -0.173850 63.531765 -0.173950 0.550192 0.820404 -1
1 0.173950 50.947262 -0.173950 0.450922 0.819221 -1
1 -0.173850 50.947262 -0.173950 0.450922 0.820404 -1
1 0.173950 63.531765 -0.173950 0.550192 0.819221 -1
1 -0.173850 63.531765 -0.173950 0.126102 0.904751 -1
1 0.173950 63.531765 0.173850 0.123358 0.905934 -1
1 0.173950 63.531765 -0.173950 0.126102 0.905934 -1
1 -0.173850 63.531765 0.173850 0.123358 0.904751 -1
1 -0.173850 63.531765 -0.173950 0.550192 0.819221 -1
1 -0.173850 50.947262 0.173850 0.450922 0.820404 -1
1 -0.173850 63.531765 0.173850 0.550192 0.820404 -1
1 -0.173850 50.947262 -0.173950 0.450922 0.819221 -1
1 -0.173850 50.947262 0.173850 0.450922 0.904751 -1
1 0.173950 63.531765 0.173850 0.550192 0.905934 -1
1 -0.173850 63.531765 0.173850 0.550192 0.904751 -1
1 0.173950 50.947262 0.173850 0.450922 0.905934 -1
1 0.173950 50.947262 0.173850 0.123358 0.905934 -1
1 0.173950 50.947262 -0.173950 0.450922 0.905934 -1
1 0.173950 63.531765 0.173850 0.550192 0.904751 -1
1 0.173950 50.947262 0.173850 0.450922 0.904751 -1
1 0.173950 63.531765 -0.173950 0.550192 0.905934 -1
387
0.000007 -0.134273 0.990944
0.000005 -0.134264 0.990946
0.000002 -0.134265 0.990945
0.000008 -0.134274 0.990944
0.131877 0.991266 0.000000
-0.989950 0.141419 0.000000
-0.989950 0.141420 0.000000
-0.989950 0.141420 0.000000
-0.989950 0.141419 0.000000
-0.131909 -0.991262 0.000000
-0.131909 -0.991262 0.000000
0.990946 -0.134260 -0.000001
0.990946 -0.134261 -0.000000
0.990946 -0.134260 0.000001
0.990946 -0.134261 0.000000
0.990946 -0.134261 -0.000001
0.990946 -0.134260 -0.000002
0.000000 -0.991262 -0.131910
0.000000 0.141426 -0.989949
0.000000 0.141419 -0.989950
0.000000 0.141423 -0.989949
0.000000 0.991266 0.131878
0.000000 0.991266 0.131878
0.990946 -0.134261 0.000000
0.990946 -0.134258 0.000000
0.990946 -0.134258 0.000000
0.990946 -0.134261 0.000001
0.000000 0.141425 -0.989949
0.000000 0.141433 -0.989948
0.000000 0.141424 -0.989949
0.000000 0.141412 -0.989951
-0.989950 0.141418 0.000000
-0.989950 0.141420 0.000000
-0.989950 0.141419 0.000000
-0.989949 0.141422 0.000000
0.000000 -0.134245 0.990948
0.000000 -0.134235 0.990950
0.000000 -0.134236 0.990949
0.000003 -0.134252 0.990947
0.000000 -1.000000 0.000000
0.000000 0.141421 -0.989950
0.000000 0.141416 -0.989950
0.000000 0.141415 -0.989950
0.000000 0.141422 -0.989949
0.990946 -0.134261 -0.000001
0.990946 -0.134261 0.000000
0.000001 -0.134258 0.990946
0.000000 -0.134259 0.990946
-0.989950 0.141418 0.000000
-0.989950 0.141418 0.000000
-0.989950 0.141418 0.000000
-0.989950 0.141419 0.000000
-0.989950 0.141420 0.000000
0.000000 0.141429 -0.989948
0.000000 0.141428 -0.989948
0.000000 1.000000 0.000000
0.000000 -0.134260 0.990946
0.000000 -0.134260 0.990946
-0.989950 0.141418 0.000000
-0.989950 0.141419 0.000000
0.990946 -0.134262 0.000000
0.990946 -0.134261 0.000001
0.990946 -0.134263 0.000000
0.990946 -0.134262 0.000000
0.990946 -0.134261 0.000000
0.990946 -0.134261 0.000000
0.000000 0.141418 -0.989950
0.000000 0.141416 -0.989950
0.000000 0.141414 -0.989951
0.000000 0.141420 -0.989950
0.000000 0.141419 -0.989950
0.000000 0.141418 -0.989950
0.000000 0.141417 -0.989950
0.000000 0.141421 -0.989949
0.000000 0.141412 -0.989951
0.000000 0.141414 -0.989950
0.000000 0.141410 -0.989951
0.000000 0.141407 -0.989952
0.000000 0.141412 -0.989951
0.000000 0.141408 -0.989951
0.000000 0.141411 -0.989951
0.989951 0.141411 0.000000
0.989952 0.141406 0.000000
0.989951 0.141411 0.000000
0.989950 0.141414 0.000000
0.989949 0.141421 0.000000
0.989950 0.141417 0.000000
0.989950 0.141418 0.000000
0.989950 0.141420 0.000000
0.989950 0.141420 0.000000
0.989951 0.141413 0.000000
0.989950 0.141417 0.000000
0.989950 0.141419 0.000000
0.989948 0.141428 0.000000
0.989948 0.141429 0.000000
0.989950 0.141419 0.000000
0.989950 0.141415 0.000000
0.989951 0.141411 0.000000
0.989949 0.141425 0.000000
0.989949 0.141424 0.000000
0.989950 0.141421 0.000000
0.989950 0.141418 0.000000
0.989948 0.141429 0.000000
0.989950 0.141419 0.000000
0.989951 0.141412 0.000000
0.989954 0.141391 0.000000
0.000000 0.141427 0.989949
0.000000 0.141423 0.989949
0.000000 0.141420 0.989950
0.000000 0.141422 0.989949
0.000000 0.141417 0.989950
-0.989949 0.141427 0.000000
-0.989949 0.141422 0.000000
-0.989949 0.141427 0.000000
0.425579 0.904921 0.000000
0.425579 0.904921 0.000000
0.000000 0.904919 0.425584
-0.425584 0.904919 0.000000
-0.425584 0.904919 0.000000
0.000000 0.904921 -0.425579
0.000000 0.904921 -0.425579
0.000000 0.141391 -0.989954
0.000000 0.141416 -0.989950
0.990946 -0.134260 0.000000
0.990946 -0.134262 0.000000
1.000000 0.000000 0.000000
0.000001 -0.134260 -0.990946
0.000002 -0.134260 -0.990946
0.000002 -0.134258 -0.990946
0.000000 -0.134262 -0.990946
0.000000 0.141418 0.989950
0.000000 0.141419 0.989950
-0.989950 0.141418 0.000000
-0.989950 0.141419 0.000000
-0.989950 0.141420 0.000000
-0.000000 -0.134263 -0.990946
-0.000001 -0.134260 -0.990946
0.990946 -0.134262 0.000000
0.990946 -0.134259 -0.000002
0.990946 -0.134261 0.000001
0.000000 0.141420 0.989950
0.000000 0.141420 0.989950
-0.989950 0.141420 0.000000
-0.989950 0.141418 0.000000
-0.989950 0.141419 0.000000
-0.989950 0.141419 0.000000
-0.989950 0.141418 0.000000
-0.989950 0.141418 0.000000
-0.989950 0.141420 0.000000
-0.989950 0.141420 0.000000
-0.989950 0.141420 0.000000
-0.989950 0.141417 0.000000
-0.989950 0.141419 0.000000
-0.989950 0.141419 0.000000
0.000000 0.141420 0.989950
0.000000 0.141417 0.989950
0.000000 0.141419 0.989950
0.000000 0.141418 0.989950
0.000000 0.141420 0.989950
0.000000 0.141420 0.989950
0.000000 0.141420 0.989950
0.000000 -0.134262 -0.990946
0.000000 -0.134262 -0.990946
0.000000 0.141418 0.989950
0.000000 0.141418 0.989950
0.000000 0.141419 0.989950
0.000000 0.141420 0.989950
0.000000 0.141420 0.989950
0.000000 0.141419 0.989950
0.000000 0.141418 0.989950
0.000000 0.141418 0.989950
0.000000 0.141419 0.989950
0.000000 0.141419 0.989950
0.000000 0.141420 0.989950
0.000000 0.141419 0.989950
0.000000 -0.991262 0.131909
0.990946 -0.134260 0.000002
-0.000001 -0.134260 -0.990946
-0.000002 -0.134260 -0.990946
0.000001 -0.134259 -0.990946
0.000001 -0.134261 -0.990946
0.000000 0.991266 -0.131877
-0.990945 -0.134267 -0.000005
-0.990945 -0.134271 -0.000010
-0.990945 -0.134270 -0.000005
-0.990946 -0.134262 -0.000002
-0.990946 -0.134258 -0.000001
-0.990946 -0.134259 0.000000
0.000000 0.141419 0.989950
0.000000 0.141418 0.989950
0.000000 0.141418 0.989950
0.000000 0.141420 0.989950
0.000000 0.141419 0.989950
0.000000 0.141419 0.989950
0.000000 0.141418 0.989950
0.000000 0.141418 0.989950
0.000000 0.141417 0.989950
0.000000 0.141419 0.989950
0.000000 0.141420 0.989950
0.000000 0.141420 0.989950
0.000000 0.141419 0.989950
0.000000 0.141419 0.989950
0.989950 0.141415 0.000000
0.989952 0.141407 0.000000
0.000000 -0.134260 -0.990946
0.000000 -0.134261 -0.990946
0.000000 -0.134262 -0.990946
-0.990944 -0.134273 0.000000
-0.990945 -0.134269 0.000000
-0.990946 -0.134263 0.000000
-0.990946 -0.134259 0.000000
-0.990946 -0.134259 0.000000
-0.990946 -0.134261 0.000000
-0.990945 -0.134266 0.000000
-0.990946 -0.134265 0.000000
-0.990946 -0.134264 0.000000
0.989950 0.141419 0.000000
0.989951 0.141414 0.000000
0.000000 -0.134262 -0.990946
0.000000 -0.134260 -0.990946
0.000000 -0.134259 -0.990946
0.000000 -0.134261 -0.990946
0.989950 0.141417 0.000000
0.989951 0.141412 0.000000
0.989951 0.141411 0.000000
0.000000 0.141420 0.989950
0.000000 -0.134262 -0.990946
0.000000 -0.134260 -0.990946
-0.990946 -0.134262 0.000000
-0.990946 -0.134258 0.000000
0.000000 -0.134259 0.990946
0.000000 -0.134263 0.990946
0.000000 -0.134269 0.990945
0.000000 -0.134259 0.990946
0.000000 -0.134263 0.990946
0.000000 -0.134265 0.990946
0.000000 -0.134265 0.990946
0.000000 -0.134263 0.990946
-0.990945 -0.134266 0.000000
-0.990946 -0.134263 0.000000
0.000000 0.141418 -0.989950
0.000000 0.141420 -0.989950
0.000000 0.141414 -0.989951
-0.990947 -0.134254 0.000000
-0.990947 -0.134251 0.000000
0.000000 -0.134254 0.990947
0.000000 -0.134252 0.990947
0.000000 -0.134255 0.990947
0.000000 -0.134253 0.990947
-0.990947 -0.134254 0.000000
-0.990947 -0.134255 0.000000
-0.990947 -0.134252 0.000000
0.989950 0.141418 0.000000
-0.990947 -0.134253 0.000000
-0.990947 -0.134254 0.000000
0.989948 0.141429 0.000000
0.000000 -0.134261 -0.990946
0.000000 -0.134262 -0.990946
0.000000 -0.134262 -0.990946
0.000000 -0.134261 -0.990946
0.000000 -0.134260 -0.990946
-0.990946 -0.134260 0.000000
-0.990946 -0.134260 0.000000
0.989950 0.141417 0.000000
0.000000 -0.134262 -0.990946
0.000001 -0.134261 -0.990946
-0.990946 -0.134260 0.000000
-0.990946 -0.134258 0.000001
0.000000 -0.134258 0.990946
0.000000 -0.134260 0.990946
-0.000001 -0.134257 0.990947
0.000000 -0.134260 0.990946
0.000000 0.141422 -0.989949
0.000000 0.141429 -0.989948
0.000000 0.141429 -0.989948
0.000000 0.141410 -0.989951
0.000000 0.141421 -0.989950
0.000000 0.141421 -0.989950
0.000000 0.141427 -0.989949
-0.990945 -0.134271 0.000007
-0.990946 -0.134259 0.000005
-0.990945 -0.134271 0.000010
-0.990948 -0.134244 0.000001
-0.000008 -0.134274 0.990944
-0.000003 -0.134249 0.990948
-0.000005 -0.134272 0.990945
0.000000 -0.134250 0.990947
-0.990950 -0.134235 0.000001
-0.990950 -0.134234 0.000001
-0.990950 -0.134235 0.000000
-0.990949 -0.134236 0.000000
0.000000 -0.134236 0.990949
0.000000 -0.134235 0.990950
-0.000001 -0.134235 0.990950
0.000000 0.000000 1.000000
-1.000000 0.000000 0.000000
0.989949 0.141427 0.000000
-0.000001 -0.134235 0.990950
0.990946 -0.134259 -0.000002
0.990946 -0.134259 -0.000002
0.990946 -0.134262 0.000000
0.000000 0.141418 0.989950
0.000000 0.141419 0.989950
0.000000 0.141420 0.989950
0.000000 0.141418 0.989950
0.989949 0.141424 0.000000
0.000002 -0.134260 -0.990946
0.131910 -0.991262 0.000000
-0.990945 -0.134267 0.000004
-0.131878 0.991266 0.000000
0.989949 0.141423 0.000000
0.000000 -0.134263 -0.990946
0.000000 -0.134260 -0.990946
-0.000001 -0.134260 -0.990946
-0.000000 -0.134259 -0.990946
-0.000001 -0.134261 -0.990946
0.000000 -0.134262 -0.990946
0.000000 -0.134259 -0.990946
0.000000 0.000000 -1.000000
-0.990950 -0.134235 -0.000001
-0.990949 -0.134236 0.000000
-0.990950 -0.134235 0.000000
-0.990950 -0.134235 -0.000001
-0.990948 -0.134244 -0.000001
-0.990946 -0.134259 -0.000005
0.990946 -0.134259 0.000000
0.000000 -0.134260 -0.990946
0.000000 -0.134262 -0.990946
0.000000 -0.134235 0.990950
-0.000006 -0.134268 0.990945
-0.000002 -0.134262 0.990946
-0.990946 -0.134262 0.000002
0.000000 0.141422 -0.989949
0.000000 0.141415 -0.989950
0.000000 -0.134254 0.990947
0.990946 -0.134260 0.000000
0.990946 -0.134259 0.000000
0.990946 -0.134261 0.000000
0.990946 -0.134260 0.000000
0.990946 -0.134259 0.000000
0.000000 -0.134261 -0.990946
-0.989950 0.141418 0.000000
-0.989950 0.141420 0.000000
0.000000 -0.134263 -0.990946
-0.000000 -0.134262 -0.990946
0.000000 -0.134261 -0.990946
0.000000 -0.134252 0.990947
-0.989950 0.141420 0.000000
-0.989950 0.141420 0.000000
-0.989950 0.141418 0.000000
-0.989950 0.141421 0.000000
-0.989950 0.141420 0.000000
-0.989950 0.141419 0.000000
-0.989950 0.141419 0.000000
0.000000 0.141415 -0.989950
0.990946 -0.134262 0.000000
0.990946 -0.134261 0.000000
0.990946 -0.134261 0.000000
0.990946 -0.134261 0.000000
0.990946 -0.134263 0.000000
0.990946 -0.134262 0.000000
0.990946 -0.134261 0.000000
0.000000 0.141420 -0.989950
-0.990945 -0.134269 0.000000
0.000000 0.141415 -0.989950
0.989950 0.141415 0.000000
0.000000 -0.134273 0.990944
0.990946 -0.134260 0.000000
0.000000 -0.134265 0.990945
0.000000 -0.134264 0.990946
0.000000 -0.134259 0.990946
0.000000 -0.134258 0.990946
0.000000 -0.134265 0.990945
0.990946 -0.134262 0.000000
0.990946 -0.134263 0.000000
0.000000 -0.134262 -0.990946
0.000000 -0.134261 -0.990946
0.000000 -0.134261 -0.990946
0.000000 -0.134261 -0.990946
0.990946 -0.134260 0.000000
-0.439219 0.188234 0.878439
0.000000 0.141420 0.989950
-0.989950 0.141420 0.000000
0.990946 -0.134261 0.000000
0.990946 -0.134261 0.000000
0.000000 -0.134261 -0.990946
0.000000 -0.134260 -0.990946
762
1 0 1 2 0 1 2 1
1 1 0 3 1 0 3 1
1 4 5 6 4 4 4 1
1 5 4 7 4 4 4 1
1 8 9 10 5 6 7 1
1 9 8 11 6 5 8 1
1 12 13 14 9 9 9 1
1 13 12 15 9 9 10 1
1 16 17 18 11 12 13 1
1 17 16 19 12 11 14 1
1 16 20 19 11 15 14 1
1 20 16 21 15 11 16 1
1 22 23 24 17 17 17 1
1 23 22 25 17 17 17 1
1 26 27 28 18 19 19 1
1 27 26 29 19 18 20 1
1 30 31 32 21 21 22 1
1 31 30 33 21 21 21 1
1 34 19 20 23 14 15 1
1 19 34 35 14 23 24 1
1 34 36 35 23 25 24 1
1 36 34 37 25 23 26 1
1 38 39 40 27 28 29 1
1 39 38 41 28 27 30 1
1 42 43 44 31 32 33 1
1 43 42 45 32 31 34 1
1 46 47 48 35 36 37 1
1 47 46 49 36 35 38 1
1 50 51 52 39 39 39 1
1 51 50 53 39 39 39 1
1 40 54 38 29 40 27 1
1 54 40 26 40 29 18 1
1 28 54 26 19 40 18 1
1 54 28 55 40 19 41 1
1 28 56 55 19 42 41 1
1 56 28 57 42 19 43 1
1 21 58 59 16 44 45 1
1 58 21 16 44 16 11 1
1 1 60 2 1 46 2 1
1 60 1 61 46 1 47 1
1 62 63 8 48 49 5 1
1 63 62 64 49 48 50 1
1 64 65 63 50 51 49 1
1 65 64 66 51 50 52 1
1 56 67 68 42 53 54 1
1 67 56 57 53 42 43 1
1 69 70 71 55 55 55 1
1 70 69 72 55 55 55 1
1 61 73 60 47 56 46 1
1 73 61 74 56 47 57 1
1 65 75 63 51 58 49 1
1 75 65 76 58 51 59 1
1 77 78 79 39 39 39 1
1 78 77 80 39 39 39 1
1 81 82 83 60 61 62 1
1 82 81 58 61 60 44 1
1 81 59 58 60 45 44 1
1 59 81 84 45 60 63 1
1 85 84 81 64 63 60 1
1 84 85 86 63 64 65 1
1 87 88 89 55 55 55 1
1 88 87 90 55 55 55 1
1 68 91 92 54 66 67 1
1 91 68 67 66 54 53 1
1 93 92 91 68 67 66 1
1 92 93 94 67 68 69 1
1 95 94 93 70 69 68 1
1 94 95 96 69 70 71 1
1 97 96 95 72 71 70 1
1 96 97 98 71 72 73 1
1 99 98 97 74 73 72 1
1 98 99 100 73 74 75 1
1 99 101 100 74 76 75 1
1 101 99 102 76 74 77 1
1 103 102 99 78 77 74 1
1 102 103 104 77 78 79 1
1 105 104 103 80 79 78 1
1 104 105 106 79 80 76 1
1 107 108 109 81 82 83 1
1 108 107 110 82 81 84 1
1 111 110 107 85 84 81 1
1 110 111 112 84 85 86 1
1 113 112 111 87 86 85 1
1 112 113 114 86 87 88 1
1 115 114 113 89 88 87 1
1 114 115 116 88 89 90 1
1 117 116 115 91 90 89 1
1 116 117 118 90 91 92 1
1 119 118 117 93 92 91 1
1 118 119 120 92 93 94 1
1 121 120 119 95 94 93 1
1 120 121 122 94 95 96 1
1 123 122 121 97 96 95 1
1 122 123 124 96 97 98 1
1 125 124 123 99 98 97 1
1 124 125 126 98 99 100 1
1 127 126 125 101 100 99 1
1 126 127 128 100 101 102 1
1 129 128 127 103 102 101 1
1 128 129 130 102 103 104 1
1 131 130 129 105 104 103 1
1 131 132 130 105 104 104 1
1 133 132 131 105 104 105 1
1 132 133 134 104 105 103 1
1 135 136 137 106 107 108 1
1 138 136 135 106 107 106 1
1 139 136 138 109 107 106 1
1 136 139 140 107 109 110 1
1 141 142 143 39 39 39 1
1 142 141 144 39 39 39 1
1 145 146 147 111 112 32 1
1 146 145 148 112 111 113 1
1 149 150 151 55 55 55 1
1 150 149 152 55 55 55 1
1 153 154 155 114 114 115 1
1 154 153 156 114 114 114 1
1 157 158 159 55 55 55 1
1 157 160 158 55 55 55 1
1 161 160 157 55 55 55 1
1 160 161 162 55 55 55 1
1 163 162 161 55 55 55 1
1 162 163 159 55 55 55 1
1 164 165 166 116 116 116 1
1 165 164 167 116 116 116 1
1 168 169 170 117 117 118 1
1 169 168 171 117 117 117 1
1 172 173 174 119 119 120 1
1 173 172 175 119 119 119 1
1 176 177 178 30 121 121 1
1 179 177 176 122 121 30 1
1 179 41 177 122 30 121 1
1 41 179 39 30 122 28 1
1 142 180 181 39 39 39 1
1 142 182 180 39 39 39 1
1 144 182 142 39 39 39 1
1 182 144 183 39 39 39 1
1 146 148 45 112 113 34 1
1 45 148 43 34 113 32 1
1 184 182 183 39 39 39 1
1 182 184 180 39 39 39 1
1 185 37 186 123 26 124 1
1 37 185 36 26 123 25 1
1 36 185 35 25 123 24 1
1 187 188 189 39 39 39 1
1 188 187 190 39 39 39 1
1 191 192 193 125 125 125 1
1 194 193 192 125 125 125 1
1 193 194 195 125 125 125 1
1 196 197 198 126 127 128 1
1 197 196 199 127 126 129 1
1 200 201 202 39 39 39 1
1 201 200 203 39 39 39 1
1 140 204 205 110 130 131 1
1 204 140 139 130 110 109 1
1 147 206 207 32 132 133 1
1 206 147 146 132 32 112 1
1 146 42 206 112 31 132 1
1 42 146 45 31 112 34 1
1 52 202 201 39 39 39 1
1 202 52 51 39 39 39 1
1 3 49 46 3 38 35 1
1 49 3 0 38 3 0 1
1 44 10 42 33 7 31 1
1 10 44 208 7 33 134 1
1 208 8 10 134 5 7 1
1 8 208 62 5 134 48 1
1 196 209 199 126 135 129 1
1 209 196 210 135 126 136 1
1 211 17 212 137 12 138 1
1 17 211 213 12 137 139 1
1 205 214 215 131 140 141 1
1 214 205 204 140 131 130 1
1 207 9 216 133 6 142 1
1 9 207 206 6 133 132 1
1 11 216 9 8 142 6 1
1 216 11 217 142 8 143 1
1 75 217 11 58 143 8 1
1 217 75 218 143 58 50 1
1 76 218 75 59 50 58 1
1 218 76 219 50 59 52 1
1 220 219 76 144 52 59 1
1 219 220 221 52 144 145 1
1 222 221 220 146 145 144 1
1 221 222 223 145 146 147 1
1 224 223 222 148 147 146 1
1 223 224 225 147 148 149 1
1 226 225 224 150 149 148 1
1 225 226 227 149 150 151 1
1 228 227 226 152 151 150 1
1 227 228 229 151 152 153 1
1 230 231 232 55 55 55 1
1 231 230 233 55 55 55 1
1 234 235 236 154 155 156 1
1 235 234 237 155 154 157 1
1 234 238 237 154 158 157 1
1 238 234 239 158 154 159 1
1 234 240 239 154 160 159 1
1 240 234 241 160 154 160 1
1 242 243 244 39 39 39 1
1 243 242 245 39 39 39 1
1 246 247 248 161 162 162 1
1 247 246 249 162 161 161 1
1 250 251 252 55 55 55 1
1 251 250 253 55 55 55 1
1 254 253 250 55 55 55 1
1 253 254 255 55 55 55 1
1 256 238 239 163 158 159 1
1 238 256 257 158 163 164 1
1 258 257 256 165 164 163 1
1 257 258 259 164 165 166 1
1 260 259 258 167 166 165 1
1 259 260 261 166 167 168 1
1 262 261 260 169 168 167 1
1 261 262 263 168 169 170 1
1 264 263 262 171 170 169 1
1 263 264 265 170 171 172 1
1 215 265 264 141 172 171 1
1 265 215 214 172 141 140 1
1 264 266 215 171 173 141 1
1 266 264 267 173 171 174 1
1 268 269 270 175 175 175 1
1 269 268 271 175 175 175 1
1 18 213 272 13 139 176 1
1 213 18 17 139 13 12 1
1 273 210 274 177 136 178 1
1 210 273 209 136 177 135 1
1 210 275 274 136 179 178 1
1 275 210 276 179 136 180 1
1 277 278 279 181 181 181 1
1 278 277 280 181 181 181 1
1 281 282 283 182 183 184 1
1 282 281 284 183 182 185 1
1 285 284 281 186 185 182 1
1 284 285 286 185 186 187 1
1 287 288 289 55 55 55 1
1 288 287 290 55 55 55 1
1 291 292 293 188 189 190 1
1 292 291 294 189 188 191 1
1 295 294 291 192 191 188 1
1 294 295 296 191 192 193 1
1 297 296 295 194 193 192 1
1 296 297 298 193 194 195 1
1 240 298 297 160 195 194 1
1 298 240 299 195 160 159 1
1 241 299 240 160 159 160 1
1 299 241 300 159 160 196 1
1 301 300 241 197 196 160 1
1 300 301 302 196 197 174 1
1 303 302 301 198 174 197 1
1 302 303 304 174 198 199 1
1 305 304 303 200 199 198 1
1 304 305 306 199 200 201 1
1 307 308 309 202 83 202 1
1 308 307 310 83 202 203 1
1 311 312 313 204 205 206 1
1 312 311 314 205 204 204 1
1 315 316 317 207 208 209 1
1 316 315 318 208 207 207 1
1 319 317 316 210 209 208 1
1 317 319 320 209 210 211 1
1 321 320 319 212 211 210 1
1 320 321 322 211 212 213 1
1 323 322 321 214 213 212 1
1 322 323 324 213 214 215 1
1 251 325 252 55 55 55 1
1 325 251 326 55 55 55 1
1 327 328 329 216 89 87 1
1 328 327 330 89 216 217 1
1 331 332 333 218 219 220 1
1 332 331 249 219 218 161 1
1 331 247 249 218 162 161 1
1 247 331 334 162 218 221 1
1 329 335 327 87 222 216 1
1 335 329 336 222 87 85 1
1 336 337 335 85 223 222 1
1 337 336 338 223 85 224 1
1 338 310 337 224 203 223 1
1 310 338 308 203 224 83 1
1 339 340 341 39 39 39 1
1 340 339 342 39 39 39 1
1 339 343 342 39 39 39 1
1 343 339 344 39 39 39 1
1 301 345 303 197 225 198 1
1 345 301 236 225 197 156 1
1 346 231 233 55 55 55 1
1 231 346 347 55 55 55 1
1 348 347 346 55 55 55 1
1 347 348 349 55 55 55 1
1 313 350 351 206 226 227 1
1 350 313 312 226 206 205 1
1 342 352 340 39 39 39 1
1 352 342 353 39 39 39 1
1 320 354 317 211 228 209 1
1 354 320 355 228 211 229 1
1 349 356 347 55 55 55 1
1 356 349 357 55 55 55 1
1 337 108 110 223 82 84 1
1 108 337 310 82 223 203 1
1 358 359 360 230 231 232 1
1 359 358 361 231 230 233 1
1 362 361 358 234 233 230 1
1 361 362 363 233 234 235 1
1 362 364 363 234 236 235 1
1 364 362 365 236 234 237 1
1 327 112 114 216 86 88 1
1 112 327 335 86 216 222 1
1 245 366 367 39 39 39 1
1 366 245 368 39 39 39 1
1 324 369 322 215 238 213 1
1 369 324 370 238 215 239 1
1 325 371 252 55 55 55 1
1 371 325 372 55 55 55 1
1 372 373 371 55 55 55 1
1 373 372 374 55 55 55 1
1 375 376 377 70 240 241 1
1 376 375 378 240 70 242 1
1 370 379 380 239 243 214 1
1 379 370 381 243 239 244 1
1 364 382 383 236 245 246 1
1 382 364 365 245 236 237 1
1 384 383 382 247 246 245 1
1 383 384 385 246 247 248 1
1 386 387 388 55 55 55 1
1 387 386 389 55 55 55 1
1 381 390 391 244 249 250 1
1 390 381 392 249 244 251 1
1 393 394 395 39 39 39 1
1 394 393 396 39 39 39 1
1 116 397 330 90 252 217 1
1 397 116 118 252 90 92 1
1 398 330 397 91 217 252 1
1 330 398 328 217 91 89 1
1 399 396 400 39 39 39 1
1 396 399 394 39 39 39 1
1 401 392 402 253 251 254 1
1 392 401 390 251 253 249 1
1 403 389 404 55 55 55 1
1 389 403 387 55 55 55 1
1 397 405 398 252 93 91 1
1 405 397 406 93 252 255 1
1 407 408 409 256 257 258 1
1 408 407 410 257 256 259 1
1 407 332 410 256 219 259 1
1 332 407 333 219 256 220 1
1 332 411 410 219 259 259 1
1 411 332 412 259 219 260 1
1 394 413 414 39 39 39 1
1 413 394 399 39 39 39 1
1 324 402 392 215 254 251 1
1 402 324 323 254 215 214 1
1 295 256 297 192 163 194 1
1 256 295 258 163 192 165 1
1 404 415 416 55 55 55 1
1 415 404 389 55 55 55 1
1 417 390 401 261 249 253 1
1 390 417 418 249 261 262 1
1 419 420 421 39 39 39 1
1 420 419 422 39 39 39 1
1 406 423 405 255 95 93 1
1 423 406 424 95 255 263 1
1 409 425 426 258 264 265 1
1 425 409 408 264 258 257 1
1 421 427 419 39 39 39 1
1 427 421 428 39 39 39 1
1 285 429 418 186 266 262 1
1 429 285 430 266 186 267 1
1 288 431 289 55 55 55 1
1 431 288 432 55 55 55 1
1 424 120 122 263 94 96 1
1 120 424 406 94 263 255 1
1 433 434 435 268 269 270 1
1 434 433 436 269 268 271 1
1 437 429 430 187 266 267 1
1 429 437 438 266 187 261 1
1 439 440 441 272 273 274 1
1 440 439 442 273 272 275 1
1 27 442 439 19 275 272 1
1 442 27 443 275 19 276 1
1 29 443 27 20 276 19 1
1 443 29 444 276 20 277 1
1 29 445 444 20 240 277 1
1 445 29 446 240 20 278 1
1 447 448 449 279 280 281 1
1 448 447 450 280 279 282 1
1 451 452 453 283 284 285 1
1 452 451 454 284 283 286 1
1 455 456 457 39 39 39 1
1 456 455 458 39 39 39 1
1 446 176 445 278 30 240 1
1 176 446 179 30 278 122 1
1 450 459 448 282 287 280 1
1 460 459 450 288 287 282 1
1 461 459 460 289 287 288 1
1 459 461 462 287 289 290 1
1 463 464 465 291 292 293 1
1 465 464 452 293 292 284 1
1 466 467 468 39 39 39 1
1 467 466 469 39 39 39 1
1 450 461 460 282 289 288 1
1 470 469 466 39 39 39 1
1 471 469 470 39 39 39 1
1 189 469 471 39 39 39 1
1 469 189 188 39 39 39 1
1 472 473 474 294 294 294 1
1 473 472 475 294 294 294 1
1 53 457 51 39 39 39 1
1 457 53 455 39 39 39 1
1 40 179 446 29 122 278 1
1 179 40 39 122 29 28 1
1 473 475 476 294 294 294 1
1 477 478 479 295 295 295 1
1 477 480 478 295 295 295 1
1 480 477 481 295 295 295 1
1 456 482 457 39 39 39 1
1 482 456 483 39 39 39 1
1 128 132 484 102 104 296 1
1 132 128 130 104 102 104 1
1 485 452 454 297 284 286 1
1 452 485 465 284 297 293 1
1 465 485 463 293 297 291 1
1 486 487 488 39 39 39 1
1 489 487 486 39 39 39 1
1 489 181 487 39 39 39 1
1 143 181 489 39 39 39 1
1 142 181 143 39 39 39 1
1 490 491 492 298 299 300 1
1 490 212 491 298 138 299 1
1 212 490 211 138 298 137 1
1 493 140 205 301 110 131 1
1 140 493 136 110 301 107 1
1 493 137 136 301 108 107 1
1 137 493 494 108 301 302 1
1 266 494 493 173 302 301 1
1 494 266 495 302 173 303 1
1 267 495 266 174 303 173 1
1 495 267 496 303 174 304 1
1 293 496 267 190 304 174 1
1 496 293 292 304 190 189 1
1 424 497 423 263 97 95 1
1 497 424 498 97 263 305 1
1 426 275 499 265 179 306 1
1 275 426 425 179 265 264 1
1 500 501 502 307 307 307 1
1 501 500 503 307 307 307 1
1 283 504 281 184 308 182 1
1 504 283 447 308 184 279 1
1 505 506 507 309 309 309 1
1 506 505 508 309 309 309 1
1 509 124 126 310 98 100 1
1 124 509 498 98 310 305 1
1 510 498 509 99 305 310 1
1 498 510 497 305 99 97 1
1 499 276 511 306 180 311 1
1 276 499 275 180 306 179 1
1 512 511 276 312 311 180 1
1 511 512 513 311 312 313 1
1 514 513 512 314 313 312 1
1 513 514 515 313 314 315 1
1 515 514 516 315 314 316 1
1 516 514 517 316 314 317 1
1 514 512 517 314 312 317 1
1 480 481 518 295 295 295 1
1 519 520 521 318 318 318 1
1 522 523 524 39 39 39 1
1 523 522 470 39 39 39 1
1 525 526 527 319 320 321 1
1 526 525 528 320 319 322 1
1 529 528 525 323 322 319 1
1 528 529 530 322 323 324 1
1 483 531 482 39 39 39 1
1 531 483 532 39 39 39 1
1 533 509 484 101 310 296 1
1 509 533 510 310 101 99 1
1 484 134 533 296 103 101 1
1 134 484 132 103 296 104 1
1 534 486 535 39 39 39 1
1 486 534 489 39 39 39 1
1 534 143 489 39 39 39 1
1 531 202 482 39 39 39 1
1 202 531 200 39 39 39 1
1 536 519 521 318 318 318 1
1 519 536 537 318 318 318 1
1 538 491 212 325 299 138 1
1 492 491 538 300 299 325 1
1 539 540 471 39 39 39 1
1 540 539 541 39 39 39 1
1 194 542 195 125 125 125 1
1 537 536 543 318 318 318 1
1 544 196 198 326 126 128 1
1 198 197 544 128 127 326 1
1 544 197 545 326 127 327 1
1 541 189 540 39 39 39 1
1 189 541 187 39 39 39 1
1 546 47 547 291 36 328 1
1 48 47 546 37 36 291 1
1 47 49 547 36 38 328 1
1 540 189 471 39 39 39 1
1 522 471 470 39 39 39 1
1 527 529 525 321 323 319 1
1 283 530 529 184 324 323 1
1 530 283 282 324 184 183 1
1 470 466 523 39 39 39 1
1 523 466 468 39 39 39 1
1 453 548 451 285 329 283 1
1 548 453 549 329 285 330 1
1 453 2 549 285 2 330 1
1 2 453 0 2 285 0 1
1 449 504 447 281 308 279 1
1 504 449 550 308 281 331 1
1 550 430 504 331 267 308 1
1 430 550 437 267 331 187 1
1 432 551 431 55 55 55 1
1 551 432 552 55 55 55 1
1 71 431 551 55 55 55 1
1 431 71 70 55 55 55 1
1 60 436 433 46 271 268 1
1 436 60 73 271 46 56 1
1 553 428 77 39 39 39 1
1 428 553 554 39 39 39 1
1 57 441 67 43 274 53 1
1 441 57 439 274 43 272 1
1 555 428 554 39 39 39 1
1 428 555 427 39 39 39 1
1 436 384 434 271 247 269 1
1 384 436 385 247 271 248 1
1 438 391 429 261 250 266 1
1 391 438 556 250 261 253 1
1 441 557 558 274 332 333 1
1 557 441 440 332 274 273 1
1 376 558 557 240 333 332 1
1 558 376 378 333 240 242 1
1 393 559 560 39 39 39 1
1 559 393 395 39 39 39 1
1 381 556 379 244 253 243 1
1 556 381 391 253 244 250 1
1 385 561 383 248 248 246 1
1 561 385 562 248 248 334 1
1 386 87 89 55 55 55 1
1 87 386 563 55 55 55 1
1 388 563 386 55 55 55 1
1 563 388 564 55 55 55 1
1 378 91 558 242 66 333 1
1 91 378 93 66 242 68 1
1 395 565 559 39 39 39 1
1 565 395 566 39 39 39 1
1 86 567 568 65 335 336 1
1 567 86 85 335 65 64 1
1 569 567 85 337 335 64 1
1 567 569 570 335 337 338 1
1 571 570 569 65 338 337 1
1 570 571 572 338 65 339 1
1 573 414 413 39 39 39 1
1 414 573 574 39 39 39 1
1 575 411 412 220 259 260 1
1 411 575 576 259 220 340 1
1 220 577 222 144 341 146 1
1 577 220 578 341 144 342 1
1 579 89 88 55 55 55 1
1 89 579 415 55 55 55 1
1 580 415 579 55 55 55 1
1 415 580 416 55 55 55 1
1 569 581 571 337 63 65 1
1 581 569 83 63 337 62 1
1 411 582 583 259 257 343 1
1 582 411 576 257 259 340 1
1 582 584 583 257 344 343 1
1 584 582 585 344 257 345 1
1 273 584 585 177 344 345 1
1 584 273 274 344 177 178 1
1 272 82 18 176 61 13 1
1 82 272 586 61 176 45 1
1 586 83 82 45 62 61 1
1 83 586 581 62 45 63 1
1 260 293 262 167 190 169 1
1 293 260 291 190 167 188 1
1 80 420 587 39 39 39 1
1 420 80 421 39 39 39 1
1 584 408 583 344 257 343 1
1 408 584 425 257 344 264 1
1 588 287 289 55 55 55 1
1 287 588 589 55 55 55 1
1 588 590 589 55 55 55 1
1 590 588 591 55 55 55 1
1 70 591 588 55 55 55 1
1 591 70 72 55 55 55 1
1 418 286 285 262 187 186 1
1 286 418 417 187 262 261 1
1 592 80 587 39 39 39 1
1 80 592 78 39 39 39 1
1 593 562 594 346 334 247 1
1 562 593 561 334 346 248 1
1 595 561 593 237 248 346 1
1 561 595 596 248 237 236 1
1 597 598 599 55 55 55 1
1 598 597 600 55 55 55 1
1 601 602 603 347 147 149 1
1 602 601 577 147 347 341 1
1 577 604 602 341 145 147 1
1 604 577 578 145 341 342 1
1 578 66 604 342 52 145 1
1 66 578 65 52 342 51 1
1 562 74 594 334 57 247 1
1 74 562 73 57 334 56 1
1 603 605 601 149 348 347 1
1 605 603 606 348 149 151 1
1 606 607 605 151 349 348 1
1 607 606 608 349 151 153 1
1 608 609 607 153 350 349 1
1 609 608 610 350 153 351 1
1 610 611 609 351 352 350 1
1 611 610 612 352 351 353 1
1 101 613 614 76 354 354 1
1 613 101 102 354 76 77 1
1 615 616 617 39 39 39 1
1 616 615 618 39 39 39 1
1 619 620 621 45 355 356 1
1 620 619 622 355 45 357 1
1 623 622 619 358 357 45 1
1 622 623 624 357 358 359 1
1 625 624 623 360 359 358 1
1 624 625 626 359 360 361 1
1 371 597 599 55 55 55 1
1 597 371 373 55 55 55 1
1 380 369 370 214 238 239 1
1 369 380 627 238 214 212 1
1 375 628 629 70 362 72 1
1 628 375 377 362 70 241 1
1 628 103 629 362 78 72 1
1 103 628 105 78 362 80 1
1 356 630 631 55 55 55 1
1 630 356 357 55 55 55 1
1 632 354 355 210 228 229 1
1 354 632 633 228 210 363 1
1 633 634 354 363 207 228 1
1 634 633 635 207 363 207 1
1 104 636 637 79 354 364 1
1 636 104 106 354 79 76 1
1 109 638 639 83 202 365 1
1 638 109 108 202 83 82 1
1 360 640 641 232 366 366 1
1 640 360 359 366 232 231 1
1 618 642 353 39 39 39 1
1 642 618 615 39 39 39 1
1 643 621 620 367 356 355 1
1 621 643 644 356 367 367 1
1 645 646 647 368 366 366 1
1 646 645 648 366 368 369 1
1 649 648 645 370 369 368 1
1 648 649 650 369 370 371 1
1 651 650 649 372 371 370 1
1 650 651 652 371 372 234 1
1 653 654 655 39 39 39 1
1 654 653 242 39 39 39 1
1 624 656 657 359 373 374 1
1 656 624 626 373 359 361 1
1 651 364 596 372 236 236 1
1 364 651 363 236 372 235 1
1 658 368 653 39 39 39 1
1 368 658 659 39 39 39 1
1 95 629 97 70 72 72 1
1 629 95 375 72 70 70 1
1 660 368 659 39 39 39 1
1 368 660 366 39 39 39 1
1 627 355 369 212 229 238 1
1 355 627 632 229 212 210 1
1 661 356 631 55 55 55 1
1 356 661 662 55 55 55 1
1 661 663 662 55 55 55 1
1 663 661 664 55 55 55 1
1 232 662 663 55 55 55 1
1 662 232 231 55 55 55 1
1 665 666 667 375 376 377 1
1 666 665 668 376 375 378 1
1 343 669 670 39 39 39 1
1 669 343 344 39 39 39 1
1 671 672 673 356 379 373 1
1 672 671 674 379 356 379 1
1 345 675 676 225 380 200 1
1 675 345 677 380 225 381 1
1 236 677 345 156 381 225 1
1 677 236 235 381 156 155 1
1 229 678 679 153 382 351 1
1 678 229 228 382 153 152 1
1 228 609 678 152 350 382 1
1 609 228 607 350 152 349 1
1 616 343 670 39 39 39 1
1 343 616 618 39 39 39 1
1 620 680 673 355 383 373 1
1 680 620 622 383 355 357 1
1 645 361 649 368 233 370 1
1 361 645 359 233 368 231 1
1 350 665 667 226 375 377 1
1 665 350 312 375 226 205 1
1 681 673 680 384 373 383 1
1 673 681 671 373 384 356 1
1 680 682 681 383 358 384 1
1 682 680 657 358 383 374 1
1 667 683 248 377 385 162 1
1 683 667 666 385 377 376 1
1 683 246 248 385 161 162 1
1 246 683 684 161 385 218 1
1 224 605 226 148 348 150 1
1 605 224 601 348 148 347 1
1 250 598 254 55 55 55 1
1 598 250 599 55 55 55 1
1 595 651 596 237 372 236 1
1 651 595 652 372 237 234 1
1 655 658 653 39 39 39 1
1 658 655 685 39 39 39 1
1 575 246 684 220 161 218 1
1 246 575 412 161 220 260 1
1 574 566 414 39 39 39 1
1 566 574 686 39 39 39 1
1 572 656 570 339 373 338 1
1 656 572 687 373 339 360 1
1 687 657 656 360 374 373 1
1 657 687 682 374 360 358 1
1 688 242 244 39 39 39 1
1 242 688 654 39 39 39 1
1 689 668 665 386 378 375 1
1 668 689 690 378 386 386 1
1 691 679 678 352 351 382 1
1 679 691 675 351 352 380 1
1 568 626 625 336 361 360 1
1 626 568 567 361 336 335 1
1 435 549 433 270 330 268 1
1 549 435 548 330 270 329 1
1 692 487 181 39 39 39 1
1 487 692 488 39 39 39 1
1 474 693 472 294 294 294 1
1 367 243 245 39 39 39 1
1 243 367 694 39 39 39 1
1 351 247 334 227 162 221 1
1 247 351 350 162 227 226 1
1 162 159 695 55 55 55 1
1 695 159 158 55 55 55 1
1 696 697 698 125 125 125 1
1 697 696 699 125 125 125 1
1 700 701 702 318 318 318 1
1 701 700 703 318 318 318 1
1 704 705 706 295 295 295 1
1 705 704 707 295 295 295 1
1 708 709 710 294 294 294 1
1 709 708 711 294 294 294 1
1 712 713 714 55 55 55 1
1 713 712 715 55 55 55 1
1 716 715 712 55 55 55 1
1 715 716 717 55 55 55 1
1 717 716 718 55 55 55 1
1 719 720 721 318 318 318 1
1 720 719 722 318 318 318 1
1 723 724 725 55 55 55 1
1 724 723 726 55 55 55 1
1 727 728 729 295 295 295 1
1 728 727 730 295 295 295 1
1 731 732 733 294 294 294 1
1 732 731 734 294 294 294 1
1 712 714 735 55 55 55 1
1 735 714 718 55 55 55 1
1 717 718 714 55 55 55 1
1 736 737 738 125 125 125 1
1 737 736 739 125 125 125 1

Materials: 1
"Material01"
0.200000 0.200000 0.200000 1.000000
1.000000 1.000000 1.000000 1.000000
0.000000 0.000000 0.000000 1.000000
0.113725 0.113725 0.113725 1.000000
0.000000
1.000000
"powerplant.png"
""

Bones: 0
GroupComments: 0
MaterialComments: 0
BoneComments: 0
ModelComment: 0
