// MilkShape 3D ASCII

Frames: 30
Frame: 1

Meshes: 5
"cokpit" 1 2
136
1 -1.791787 17.682615 38.585941 -0.687027 -28.909401 -1
1 0.000089 17.491470 32.396164 -1.896830 -23.067301 -1
1 -3.025008 15.691315 34.431686 1.339070 -24.988501 -1
1 -1.791787 17.682615 38.585941 0.455967 -28.971500 -1
1 0.000089 18.385527 38.585941 -1.325440 -28.971500 -1
1 0.000089 17.491470 32.396164 -1.023290 -23.191700 -1
1 0.000096 18.926790 42.912701 -1.508350 -32.996399 -1
1 0.000089 18.385527 38.585941 -1.325440 -28.965200 -1
1 -1.791787 17.682615 38.585941 0.455967 -28.965200 -1
1 0.000096 18.926790 42.912701 1.988730 -32.974602 -1
1 1.791584 17.682615 38.585941 0.024849 -28.943399 -1
1 0.000089 18.385527 38.585941 1.805770 -28.943399 -1
1 1.747188 18.132118 42.912701 0.440519 -32.942001 -1
1 1.791584 17.682615 38.585941 0.231016 -28.921499 -1
1 0.000096 18.926790 42.912701 2.216820 -32.942001 -1
1 3.435553 15.631783 38.585941 -0.470946 -28.835501 -1
1 1.791584 17.682615 38.585941 1.961510 -28.835501 -1
1 1.747188 18.132118 42.912701 2.311700 -32.846100 -1
1 3.435553 15.631783 38.585941 -0.470946 -28.852100 -1
1 3.025387 15.691315 34.431686 -0.190543 -24.998800 -1
1 1.791584 17.682615 38.585941 1.961510 -28.852100 -1
1 3.772460 14.580421 37.297482 -0.584946 -27.674101 -1
1 3.025387 15.691315 34.431686 0.633404 -25.012501 -1
1 3.435553 15.631783 38.585941 0.431771 -28.870800 -1
1 3.772460 14.580421 37.297482 -0.233114 -27.477600 -1
1 3.435553 15.631783 38.585941 0.788598 -28.670000 -1
1 3.349680 15.812561 42.912701 0.971946 -32.674301 -1
1 3.435553 15.631783 38.585941 -0.230396 -28.716400 -1
1 1.747188 18.132118 42.912701 2.561430 -32.720699 -1
1 3.349680 15.812561 42.912701 -0.047648 -32.720699 -1
1 3.262844 15.228165 47.239265 -0.446928 -36.254200 -1
1 3.349680 15.812561 42.912701 -0.047648 -32.232700 -1
1 1.747188 18.132118 42.912701 2.561430 -32.232700 -1
1 3.932964 13.502832 47.239265 -1.440730 -36.407398 -1
1 3.349680 15.812561 42.912701 0.747234 -32.394100 -1
1 3.262844 15.228165 47.239265 0.272202 -36.407398 -1
1 3.932964 13.502832 47.239265 -1.132020 -36.653500 -1
1 3.772460 14.580421 37.297482 -0.131504 -27.452000 -1
1 3.349680 15.812561 42.912701 1.071960 -32.648998 -1
1 3.932964 13.502832 47.239265 -1.440730 -35.141300 -1
1 3.262844 15.228165 47.239265 0.272202 -35.141300 -1
1 2.372144 13.502832 53.799271 -0.917689 -41.359798 -1
1 2.372144 13.502832 53.799271 -1.427310 -40.870201 -1
1 3.262844 15.228165 47.239265 -0.739399 -34.576401 -1
1 1.367652 14.986212 53.105099 0.221247 -40.204300 -1
1 1.367652 14.986212 53.105099 0.318253 -40.077400 -1
1 3.262844 15.228165 47.239265 -0.544313 -34.433800 -1
1 1.702023 17.339630 47.239265 1.885730 -34.433800 -1
1 3.262844 15.228165 47.239265 -0.544313 -36.090302 -1
1 1.747188 18.132118 42.912701 2.450540 -32.058701 -1
1 1.702023 17.339630 47.239265 1.885730 -36.090302 -1
1 1.702023 17.339630 47.239265 0.175049 -35.559200 -1
1 1.747188 18.132118 42.912701 0.440519 -31.496899 -1
1 0.000096 18.926790 42.912701 2.216820 -31.496899 -1
1 1.702023 17.339630 47.239265 0.086532 -35.435299 -1
1 0.000096 18.926790 42.912701 2.110690 -31.364201 -1
1 0.000096 18.063303 47.239265 1.797980 -35.435299 -1
1 -1.701649 17.339630 47.239265 0.387866 -35.398899 -1
1 0.000096 18.063303 47.239265 -1.323580 -35.398899 -1
1 0.000096 18.926790 42.912701 -1.636290 -31.327801 -1
1 -1.367466 14.986212 53.105099 0.955483 -38.560501 -1
1 0.000096 18.063303 47.239265 -1.323580 -32.730701 -1
1 -1.701649 17.339630 47.239265 0.387866 -32.730701 -1
1 -1.367466 14.986212 53.105099 1.115740 -37.986401 -1
1 0.000096 15.411674 53.105099 -0.209741 -37.986401 -1
1 0.000096 18.063303 47.239265 -0.938697 -32.073799 -1
1 0.000096 13.833277 56.037571 0.224179 -39.705200 -1
1 0.000096 15.411674 53.105099 -0.209741 -36.653999 -1
1 -1.367466 14.986212 53.105099 1.115740 -36.653999 -1
1 0.000096 13.833277 56.037571 0.268057 -39.775200 -1
1 1.367652 14.986212 53.105099 -0.623468 -36.723999 -1
1 0.000096 15.411674 53.105099 0.701985 -36.723999 -1
1 0.672913 13.944129 55.152073 -0.150883 -37.331100 -1
1 1.481817 13.831627 54.389126 -0.774283 -36.505798 -1
1 2.372144 13.502832 53.799271 -1.588190 -35.867901 -1
1 1.367652 14.986212 53.105099 0.023536 -35.117100 -1
1 0.000096 13.833277 56.037571 0.240255 -38.288502 -1
1 1.367652 14.986212 53.105099 -0.623468 -38.047100 -1
1 0.000096 18.063303 47.239265 1.430960 -32.134499 -1
1 0.000096 15.411674 53.105099 0.701985 -38.047100 -1
1 1.367652 14.986212 53.105099 -0.481064 -38.633999 -1
1 1.702023 17.339630 47.239265 0.086532 -32.804199 -1
1 0.000096 18.063303 47.239265 1.797980 -32.804199 -1
1 0.000096 13.833277 56.037571 0.140796 -38.109501 -1
1 -1.367466 14.986212 53.105099 0.357791 -34.938099 -1
1 -2.372343 13.502832 53.799271 1.969820 -35.688801 -1
1 -1.481642 13.831627 54.389126 1.155500 -36.326801 -1
1 -0.673309 13.944129 55.152073 0.532400 -37.151901 -1
1 -2.372343 13.502832 53.799271 1.760700 -40.765999 -1
1 -1.367466 14.986212 53.105099 0.111860 -40.099998 -1
1 -3.263247 15.228165 47.239265 1.073190 -34.472198 -1
1 -1.367466 14.986212 53.105099 -0.011464 -39.963501 -1
1 -1.701649 17.339630 47.239265 -1.578680 -34.319698 -1
1 -3.263247 15.228165 47.239265 0.851665 -34.319698 -1
1 -3.263247 15.228165 47.239265 0.851665 -36.041801 -1
1 -1.701649 17.339630 47.239265 -1.578680 -36.041801 -1
1 -1.747008 18.132118 42.912701 -2.143410 -32.010201 -1
1 -1.701649 17.339630 47.239265 0.294216 -35.523201 -1
1 0.000096 18.926790 42.912701 -1.747550 -31.460899 -1
1 -1.747008 18.132118 42.912701 0.028767 -31.460899 -1
1 -1.747008 18.132118 42.912701 0.028767 -32.961102 -1
1 0.000096 18.926790 42.912701 -1.747550 -32.961102 -1
1 -1.791787 17.682615 38.585941 0.238730 -28.940701 -1
1 -3.435189 15.631783 38.585941 0.792776 -28.858101 -1
1 -1.747008 18.132118 42.912701 -1.989910 -32.868801 -1
1 -1.791787 17.682615 38.585941 -1.639360 -28.858101 -1
1 -3.435189 15.631783 38.585941 0.524003 -28.719999 -1
1 -3.350087 15.812561 42.912701 0.341533 -32.724201 -1
1 -1.747008 18.132118 42.912701 -2.267820 -32.724201 -1
1 -3.772860 14.580421 37.297482 0.389348 -27.475000 -1
1 -3.350087 15.812561 42.912701 -0.815741 -32.671600 -1
1 -3.435189 15.631783 38.585941 -0.632521 -28.667400 -1
1 -3.933361 13.502832 47.239265 1.270670 -36.646801 -1
1 -3.350087 15.812561 42.912701 -0.933311 -32.642200 -1
1 -3.772860 14.580421 37.297482 0.270163 -27.445200 -1
1 -3.933361 13.502832 47.239265 1.627520 -36.375000 -1
1 -3.263247 15.228165 47.239265 -0.085400 -36.375000 -1
1 -3.350087 15.812561 42.912701 -0.560442 -32.361698 -1
1 -2.372343 13.502832 53.799271 1.104500 -41.255600 -1
1 -3.263247 15.228165 47.239265 -0.085400 -35.037201 -1
1 -3.933361 13.502832 47.239265 1.627520 -35.037201 -1
1 -3.263247 15.228165 47.239265 0.740767 -36.214699 -1
1 -1.747008 18.132118 42.912701 -2.267820 -32.193199 -1
1 -3.350087 15.812561 42.912701 0.341533 -32.193199 -1
1 -3.772860 14.580421 37.297482 0.791960 -27.714100 -1
1 -3.435189 15.631783 38.585941 -0.224915 -28.910801 -1
1 -3.025008 15.691315 34.431686 -0.426688 -25.052500 -1
1 -3.435189 15.631783 38.585941 0.792776 -28.879400 -1
1 -1.791787 17.682615 38.585941 -1.639360 -28.879400 -1
1 -3.025008 15.691315 34.431686 0.512415 -25.026100 -1
1 1.791584 17.682615 38.585941 1.096800 -28.847900 -1
1 3.025387 15.691315 34.431686 -0.929675 -24.927099 -1
1 0.000089 17.491470 32.396164 2.306230 -23.005899 -1
1 1.791584 17.682615 38.585941 0.024849 -28.946400 -1
1 0.000089 17.491470 32.396164 1.503540 -23.166599 -1
1 0.000089 18.385527 38.585941 1.805770 -28.946400 -1
32
-0.563303 0.818487 -0.113004
0.000006 0.981735 -0.190253
-0.780391 0.613859 -0.119020
0.000036 0.991042 -0.133551
0.000005 0.999219 0.039502
0.563268 0.818510 -0.113010
0.696775 0.716251 0.038583
0.860087 0.508368 -0.042569
0.780466 0.613766 -0.119015
0.946520 0.321923 -0.021560
0.908173 0.417130 0.034992
0.838102 0.517070 0.173850
0.938929 0.329363 0.099664
0.834311 0.494826 0.243046
0.526142 0.744035 0.411809
0.565806 0.792156 0.228807
-0.000012 0.941842 0.336055
-0.565740 0.792199 0.228822
-0.515905 0.761467 0.392440
0.000001 0.896404 0.443238
0.513290 0.755610 0.406924
0.576709 0.632615 0.516918
-0.576579 -0.631718 -0.518159
-0.834460 0.494364 0.243478
0.576333 -0.632551 -0.517416
0.576512 -0.632256 -0.517577
-0.838026 0.517181 0.173884
-0.696724 0.716300 0.038595
-0.859949 0.508597 -0.042620
-0.908071 0.417357 0.034922
-0.946357 0.322398 -0.021622
-0.938929 0.329359 0.099673
48
1 0 1 2 0 1 2 1
1 3 4 5 0 3 1 1
1 6 7 8 4 3 0 1
1 9 10 11 4 5 3 1
1 12 13 14 6 5 4 1
1 15 16 17 7 5 6 1
1 18 19 20 7 8 5 1
1 21 22 23 9 8 7 1
1 24 25 26 9 7 10 1
1 27 28 29 7 6 10 1
1 30 31 32 11 10 6 1
1 33 34 35 12 10 11 1
1 36 37 38 12 9 10 1
1 39 40 41 12 11 13 1
1 42 43 44 13 11 14 1
1 45 46 47 14 11 15 1
1 48 49 50 11 6 15 1
1 51 52 53 15 6 4 1
1 54 55 56 15 4 16 1
1 57 58 59 17 16 4 1
1 60 61 62 18 16 17 1
1 63 64 65 18 19 16 1
1 66 67 68 20 19 18 1
1 69 70 71 20 14 19 1
1 72 73 74 21 22 13 1
1 72 74 75 21 13 14 1
1 72 75 76 21 14 20 1
1 77 78 79 14 16 19 1
1 80 81 82 14 15 16 1
1 83 84 85 20 18 23 1
1 83 85 86 20 23 24 1
1 83 86 87 20 24 25 1
1 88 89 90 23 18 26 1
1 91 92 93 18 17 26 1
1 94 95 96 26 17 27 1
1 97 98 99 17 4 27 1
1 100 101 102 27 4 0 1
1 103 104 105 28 27 0 1
1 106 107 108 28 29 27 1
1 109 110 111 30 29 28 1
1 112 113 114 31 29 30 1
1 115 116 117 31 26 29 1
1 118 119 120 23 26 31 1
1 121 122 123 26 27 29 1
1 124 125 126 30 28 2 1
1 127 128 129 28 0 2 1
1 130 131 132 5 8 1 1
1 133 134 135 5 1 3 1
"hull" 0 0
437
0 0.000072 0.040363 -17.336859 0.287390 0.724107 -1
0 0.000072 0.040363 -17.336590 0.287392 0.724107 -1
0 -0.822972 0.040363 24.056875 0.486144 0.728072 -1
0 -0.823546 0.040363 24.056875 0.486144 0.728074 -1
0 -2.649928 0.040363 24.056875 0.486144 0.736726 -1
0 -8.232206 0.040363 24.056875 0.486144 0.763170 -1
0 -8.232206 0.040363 22.328764 0.477847 0.763170 -1
0 -8.232222 0.040363 -8.741889 0.328660 0.769017 -1
0 -8.232222 0.040363 -17.336859 0.287390 0.769017 -1
0 0.823715 0.040363 24.056875 0.486144 0.720271 -1
0 0.823138 0.040363 24.056875 0.486144 0.720274 -1
0 8.232364 0.040363 -17.336859 0.287390 0.679196 -1
0 8.232364 0.040363 -8.741889 0.328660 0.679196 -1
0 8.232378 0.040363 22.328764 0.477847 0.685175 -1
0 8.232378 0.040363 24.056875 0.486144 0.685175 -1
0 0.823138 0.040871 24.064432 0.486181 0.720274 -1
0 0.000089 0.669746 33.584415 0.531892 0.724173 -1
0 -0.822972 0.040871 24.064432 0.486181 0.728072 -1
0 0.619024 1.142455 40.736038 0.566230 0.721241 -1
0 0.000089 1.142455 40.736038 0.566230 0.724173 -1
0 -0.618070 1.142200 40.736038 0.566230 0.727101 -1
0 0.668067 1.093314 40.218864 0.563747 0.721009 -1
0 0.000096 1.756895 47.239265 0.597456 0.724106 -1
0 0.823723 0.939289 38.585941 0.555906 0.720271 -1
0 0.906100 1.235864 40.034332 0.562861 0.719881 -1
0 1.317440 2.711046 47.239265 0.597456 0.716920 -1
0 0.823715 0.276638 27.876144 0.504483 0.720271 -1
0 1.368805 1.055068 27.541962 0.502878 0.717689 -1
0 6.982866 9.281929 24.056875 0.389775 0.406562 -1
0 1.368805 1.055068 27.541962 0.373364 0.379967 -1
0 0.823715 0.040363 24.056875 0.389775 0.377385 -1
0 2.034075 2.029983 27.134504 0.375283 0.383119 -1
0 3.097298 4.270333 38.585941 0.555906 0.709501 -1
0 2.034075 2.029983 27.134504 0.500922 0.714537 -1
0 3.097298 4.270333 38.585941 0.321358 0.388155 -1
0 3.723798 4.900064 47.239265 0.597456 0.703792 -1
0 4.914564 6.645597 38.585941 0.555906 0.700892 -1
0 4.914564 6.645597 38.585941 0.321358 0.396764 -1
0 6.982866 9.281929 38.585941 0.321358 0.406562 -1
0 7.567703 9.208192 38.080200 0.323740 0.409332 -1
0 3.957567 3.240276 33.379906 0.345873 0.392231 -1
0 2.634789 1.720842 28.108362 0.370697 0.385964 -1
0 2.713493 1.375123 28.050993 0.505323 0.711319 -1
0 2.634789 1.720842 28.108362 0.505598 0.711692 -1
0 3.957567 3.240276 33.379906 0.530909 0.705426 -1
0 3.887597 2.988494 33.126362 0.529692 0.705757 -1
0 4.309965 3.259932 23.005470 0.481096 0.703756 -1
0 3.961450 2.784220 32.834831 0.528292 0.705407 -1
0 4.165183 2.665166 32.558418 0.526965 0.704442 -1
0 9.522389 1.623634 27.769144 0.503969 0.679064 -1
0 8.994948 2.396459 18.404617 0.459005 0.681563 -1
0 13.542890 7.847712 32.207741 0.525281 0.660019 -1
0 13.903830 8.407527 32.047829 0.524514 0.658309 -1
0 9.219405 1.496374 -8.741889 0.328660 0.673811 -1
0 12.165826 5.843282 16.913006 0.451843 0.666542 -1
0 15.671074 5.843282 5.301072 0.396088 0.638614 -1
0 17.080879 6.942719 9.590029 0.416681 0.643258 -1
0 15.730761 5.546726 -17.336859 0.287390 0.638288 -1
0 14.876496 6.107084 -33.082207 0.211788 0.642949 -1
0 10.689709 2.773310 -33.270088 0.210886 0.665790 -1
0 8.837543 1.291560 -32.196888 0.216040 0.675894 -1
0 11.688566 5.767918 -48.940678 0.135643 0.660341 -1
0 8.933101 4.701803 -46.721558 0.146299 0.675373 -1
0 8.933101 4.701803 -46.721558 0.723068 0.422283 -1
0 12.739376 10.103360 -64.197609 0.805362 0.443048 -1
0 11.688566 5.767918 -48.940678 0.733518 0.437316 -1
0 8.933093 6.551662 -52.627728 0.750880 0.422283 -1
0 8.933093 10.103360 -60.609390 0.788465 0.422283 -1
0 8.933093 11.325668 -52.627728 0.750880 0.422283 -1
0 8.933101 11.961958 -45.381695 0.716759 0.422283 -1
0 11.465637 10.725436 -57.901051 0.775712 0.436099 -1
0 5.964787 11.938465 -52.809574 0.751736 0.406090 -1
0 4.912807 11.429454 -55.921112 0.766389 0.400351 -1
0 1.338736 11.325668 -53.120483 0.753201 0.380853 -1
0 2.634774 11.938465 -53.013870 0.752699 0.387923 -1
0 6.033604 12.346443 -45.801769 0.718737 0.406465 -1
0 2.812917 12.285830 -46.267559 0.720930 0.388895 -1
0 0.000065 11.514650 -46.675022 0.722849 0.373550 -1
0 0.000061 10.103360 -61.937210 0.794718 0.373550 -1
0 1.338732 10.103360 -60.739464 0.789078 0.380853 -1
0 1.338736 6.551662 -53.120483 0.753201 0.380853 -1
0 0.000065 7.088547 -53.587238 0.755398 0.373550 -1
0 -1.338603 6.551662 -53.120483 0.753201 0.366247 -1
0 -1.338603 6.551662 -53.120483 0.115574 0.731409 -1
0 0.000065 7.088547 -53.587238 0.113333 0.724106 -1
0 0.000065 6.300966 -53.120483 0.115574 0.724106 -1
0 1.338736 6.551662 -53.120483 0.115574 0.716804 -1
0 1.060190 5.812151 -52.696568 0.117609 0.718323 -1
0 1.317411 4.835614 -50.270996 0.129256 0.716920 -1
0 2.634774 4.770078 -53.013870 0.116085 0.709733 -1
0 4.912807 6.250177 -55.921112 0.102126 0.697305 -1
0 8.933093 6.551662 -52.627728 0.117940 0.675373 -1
0 5.964787 4.770078 -52.809574 0.117067 0.691567 -1
0 6.038457 3.490408 -46.983257 0.145042 0.691164 -1
0 2.817753 3.561977 -47.273815 0.143647 0.708734 -1
0 1.408719 4.231565 -47.400963 0.143036 0.716421 -1
0 1.043317 4.250675 -50.109913 0.130029 0.718415 -1
0 0.000065 4.055151 -50.109913 0.130029 0.724107 -1
0 -1.060058 5.812151 -52.696568 0.117609 0.729890 -1
0 -1.043191 4.250675 -50.109913 0.130029 0.729798 -1
0 -1.115116 3.701231 -47.504681 0.142539 0.730190 -1
0 -1.115115 2.167066 -40.721375 0.175109 0.730190 -1
0 0.000065 1.241878 -34.054394 0.207121 0.724107 -1
0 1.115433 2.167066 -40.721375 0.175109 0.718021 -1
0 1.115432 3.701231 -47.504681 0.142539 0.718021 -1
0 1.408720 2.545561 -39.928913 0.178914 0.716421 -1
0 2.824349 0.454895 -32.460144 0.214775 0.708699 -1
0 0.000072 1.529150 -32.584118 0.214180 0.724107 -1
0 -2.824204 0.454895 -32.460144 0.214775 0.739514 -1
0 -5.944293 0.370998 -32.323586 0.215431 0.756536 -1
0 -8.837386 1.291560 -32.196888 0.216040 0.772319 -1
0 -10.689361 2.773310 -33.270088 0.210886 0.782422 -1
0 -11.688433 5.767918 -48.940678 0.135643 0.787872 -1
0 -8.932962 4.701803 -46.721558 0.146299 0.772840 -1
0 -12.739256 10.103360 -64.197609 0.805362 0.304051 -1
0 -8.932962 4.701803 -46.721558 0.723068 0.324816 -1
0 -11.688433 5.767918 -48.940678 0.733518 0.309784 -1
0 -8.932962 6.551662 -52.627728 0.750880 0.324816 -1
0 -8.932971 10.103360 -60.609390 0.788465 0.324816 -1
0 -8.932962 11.325668 -52.627728 0.750880 0.324816 -1
0 -11.465522 10.725436 -57.901051 0.775712 0.311000 -1
0 -8.932962 11.961958 -45.381695 0.716759 0.324816 -1
0 -11.688433 11.595477 -48.940678 0.733518 0.309784 -1
0 -10.701196 11.726789 -47.665569 0.727514 0.315170 -1
0 -13.877493 11.012171 -48.630890 0.732060 0.297841 -1
0 -15.542608 10.103360 -66.686531 0.817083 0.288757 -1
0 -15.934546 10.502053 -47.253860 0.725575 0.286619 -1
0 -15.974087 10.492225 -47.227291 0.725450 0.286404 -1
0 -16.125872 10.040010 -40.997189 0.696112 0.285575 -1
0 -16.055883 10.070324 -41.235249 0.697233 0.285957 -1
0 -17.080713 6.942719 9.590038 0.457899 0.292569 -1
0 -17.051451 8.821789 8.146683 0.464696 0.292708 -1
0 -16.947359 9.388504 2.982919 0.489012 0.281094 -1
0 -16.593992 10.022177 -14.546461 0.571557 0.283021 -1
0 -16.483892 10.127763 -20.003262 0.597253 0.283622 -1
0 -16.327852 10.084690 -27.743546 0.633702 0.284474 -1
0 -16.503275 7.587189 -32.995358 0.658432 0.283516 -1
0 -17.080713 6.942719 9.590038 0.416681 0.805087 -1
0 -16.503275 7.587189 -32.995358 0.212205 0.814140 -1
0 -15.730621 5.546726 -17.336859 0.287390 0.809925 -1
0 -14.876356 6.107084 -33.082207 0.211788 0.805264 -1
0 -15.670916 5.843282 5.301079 0.396088 0.809599 -1
0 -9.219059 1.496374 -8.741889 0.328660 0.774401 -1
0 -12.165656 5.843282 16.913021 0.451843 0.781803 -1
0 -13.903643 8.407527 32.047836 0.524514 0.790037 -1
0 -9.522220 1.623634 27.769154 0.503969 0.769281 -1
0 -9.377994 1.464155 20.844906 0.470722 0.768598 -1
0 -13.542505 7.847712 32.207748 0.525281 0.788326 -1
0 -8.994590 2.396459 18.404625 0.459005 0.766782 -1
0 -4.309611 3.259932 23.005470 0.481096 0.744589 -1
0 -4.164998 2.665166 32.558418 0.526965 0.743903 -1
0 -3.168655 0.957317 27.721649 0.503741 0.739184 -1
0 -3.961271 2.784220 32.834831 0.528292 0.742938 -1
0 -2.903284 1.103683 27.913363 0.504662 0.737927 -1
0 -2.713323 1.375123 28.050993 0.505323 0.737027 -1
0 -2.634621 1.720842 28.108362 0.505598 0.736654 -1
0 -3.957398 3.240276 33.379906 0.530909 0.742920 -1
0 -3.887427 2.988494 33.126362 0.529692 0.742588 -1
0 -7.567518 9.208192 38.080200 0.553478 0.760022 -1
0 -7.912757 8.957514 26.609200 0.498400 0.761657 -1
0 -7.664824 9.197823 37.996674 0.553077 0.760483 -1
0 -13.318626 8.481266 33.111629 0.529622 0.787265 -1
0 -14.777483 8.292287 31.989870 0.524235 0.794176 -1
0 -7.570805 9.209843 38.086220 0.553507 0.760037 -1
0 -14.777483 8.292287 31.989870 0.352419 0.303480 -1
0 -7.570805 9.209843 38.086220 0.323712 0.337619 -1
0 -6.982494 9.281929 38.585941 0.321358 0.340406 -1
0 -6.284086 10.686672 38.585941 0.321358 0.343714 -1
0 -6.665377 8.793119 47.239265 0.280610 0.337187 -1
0 -5.781645 7.423332 47.239265 0.280610 0.342008 -1
0 -4.914206 6.645597 38.585941 0.321358 0.350204 -1
0 -6.982504 9.281929 24.056875 0.389775 0.340406 -1
0 -7.567518 9.208192 38.080200 0.323740 0.337635 -1
0 -3.957398 3.240276 33.379906 0.345873 0.354737 -1
0 -2.634621 1.720842 28.108362 0.370697 0.361002 -1
0 -0.823546 0.040363 24.056875 0.389775 0.369582 -1
0 -1.368637 1.055068 27.541962 0.373364 0.367000 -1
0 -2.033906 2.029983 27.134504 0.375283 0.363848 -1
0 -3.097122 4.270333 38.585941 0.321358 0.358812 -1
0 -0.823539 0.939289 38.585941 0.555906 0.728074 -1
0 -3.097122 4.270333 38.585941 0.555906 0.738845 -1
0 -1.368637 1.055068 27.541962 0.502878 0.730657 -1
0 -0.823546 0.276638 27.876144 0.504483 0.728074 -1
0 -1.317255 2.711046 47.239265 0.597456 0.731293 -1
0 -0.905925 1.235864 40.034332 0.562861 0.728465 -1
0 -3.723614 4.900064 47.239265 0.597456 0.744421 -1
0 -1.128849 3.785905 58.970428 0.653783 0.730266 -1
0 0.000096 3.260475 58.970428 0.653783 0.724106 -1
0 1.129026 3.785905 58.970428 0.653783 0.717948 -1
0 3.175031 5.246328 58.970428 0.653783 0.706786 -1
0 4.845189 7.182485 58.970428 0.653783 0.697675 -1
0 5.781825 7.423332 47.239265 0.597456 0.692565 -1
0 5.781825 7.423332 47.239265 0.280610 0.405092 -1
0 6.665553 8.793119 47.239265 0.280610 0.409913 -1
0 6.284255 10.686672 38.585941 0.321358 0.403253 -1
0 14.777654 8.292287 31.989870 0.352419 0.443487 -1
0 7.570981 9.209843 38.086220 0.323712 0.409348 -1
0 7.665003 9.197823 37.996674 0.553077 0.687863 -1
0 14.777654 8.292287 31.989870 0.524235 0.654169 -1
0 7.570981 9.209843 38.086220 0.553507 0.688308 -1
0 13.318814 8.481266 33.111629 0.529622 0.661080 -1
0 7.912930 8.957514 26.609200 0.498400 0.686688 -1
0 7.567703 9.208192 38.080200 0.553478 0.688324 -1
0 4.309965 3.259932 23.005470 0.474864 0.952161 -1
0 12.806471 8.298299 22.295424 0.604527 0.881408 -1
0 7.912930 8.957514 26.609200 0.529848 0.872151 -1
0 8.994948 2.396459 18.404617 0.546360 0.964287 -1
0 12.806471 8.298299 22.295424 0.477687 0.663507 -1
0 13.673903 8.149738 32.468273 0.526532 0.659397 -1
0 13.590768 8.386224 32.805943 0.528154 0.659792 -1
0 15.622602 9.137209 12.684139 0.431538 0.650167 -1
0 17.051807 8.821789 8.146675 0.409751 0.643396 -1
0 16.947517 9.388504 2.982909 0.489012 0.466005 -1
0 13.598514 11.302198 1.748329 0.494825 0.447735 -1
0 15.622602 9.137209 12.684139 0.443329 0.447490 -1
0 17.051807 8.821789 8.146675 0.464696 0.454260 -1
0 16.594135 10.022177 -14.546461 0.571557 0.464078 -1
0 16.484043 10.127763 -20.003262 0.597253 0.463477 -1
0 13.877639 11.412510 -23.505224 0.613744 0.449258 -1
0 16.327988 10.084690 -27.743546 0.633702 0.462626 -1
0 13.877632 11.012171 -48.630890 0.732060 0.449258 -1
0 13.877632 11.194108 -37.209805 0.678278 0.449258 -1
0 16.056026 10.070324 -41.235249 0.697233 0.461142 -1
0 15.934675 10.502053 -47.253860 0.725575 0.460480 -1
0 15.542720 10.103360 -66.686531 0.817083 0.458342 -1
0 14.618678 8.641283 -48.620628 0.732011 0.453301 -1
0 16.503613 7.587189 -32.995373 0.658432 0.463584 -1
0 17.080879 6.942719 9.590029 0.457899 0.454398 -1
0 16.503613 7.587189 -32.995373 0.212205 0.634073 -1
0 14.618678 8.641283 -48.620628 0.137180 0.644356 -1
0 13.877632 7.463205 -48.747204 0.136572 0.648398 -1
0 13.877632 7.463205 -48.747204 0.732607 0.449258 -1
0 15.974216 10.492225 -47.227291 0.725450 0.460696 -1
0 16.126194 10.040010 -40.997189 0.696112 0.461525 -1
0 11.688566 11.595477 -48.940678 0.733518 0.437316 -1
0 10.701330 11.726789 -47.665569 0.727514 0.431930 -1
0 10.440614 12.146398 -37.185162 0.678162 0.430507 -1
0 10.440614 12.146555 -37.183357 0.678153 0.430507 -1
0 10.689709 12.410355 -23.806705 0.615163 0.431867 -1
0 8.837543 12.853846 -22.085209 0.607056 0.421762 -1
0 13.297477 11.461088 -30.246723 0.645489 0.446093 -1
0 13.297477 11.461129 -30.247059 0.645490 0.446093 -1
0 8.784630 12.770279 1.748329 0.494825 0.421473 -1
0 5.944633 13.129644 -22.288929 0.608016 0.405980 -1
0 2.824350 13.104523 -22.507931 0.609047 0.388957 -1
0 0.000072 12.567658 -22.706181 0.609981 0.373550 -1
0 -2.812778 12.285830 -46.267559 0.720930 0.358204 -1
0 -2.634644 11.938465 -53.013870 0.752699 0.359176 -1
0 -6.033476 12.346443 -45.801769 0.718737 0.340634 -1
0 -5.964646 11.938465 -52.809574 0.751736 0.341010 -1
0 -4.912683 11.429454 -55.921112 0.766389 0.346749 -1
0 -1.338603 11.325668 -53.120483 0.753201 0.366247 -1
0 -1.338608 10.103360 -60.739464 0.789078 0.366247 -1
0 -0.902273 6.551662 -46.391621 0.721515 0.368627 -1
0 -0.902273 11.325668 -46.391621 0.721515 0.368627 -1
0 -8.932962 6.551662 -52.627728 0.117940 0.772840 -1
0 -8.496621 6.551662 -45.899647 0.150245 0.770460 -1
0 -0.902273 6.551662 -46.391621 0.147883 0.729029 -1
0 -4.912683 6.250177 -55.921112 0.102126 0.750908 -1
0 -5.964646 4.770078 -52.809574 0.117067 0.756647 -1
0 -2.634644 4.770078 -53.013870 0.116085 0.738480 -1
0 -1.317286 4.835614 -50.270996 0.129256 0.731293 -1
0 -1.408397 4.231565 -47.400963 0.143036 0.731790 -1
0 -1.408397 2.545561 -39.928913 0.178914 0.731790 -1
0 -2.817623 3.561977 -47.273815 0.143647 0.739478 -1
0 -6.038309 3.490408 -46.983257 0.145042 0.757049 -1
0 -8.496621 6.551662 -45.899647 0.719198 0.327196 -1
0 -8.496621 11.325668 -45.899647 0.719198 0.327196 -1
0 -8.837386 12.853846 -22.085184 0.607056 0.325337 -1
0 -10.440463 12.146555 -37.183350 0.678153 0.316592 -1
0 -10.440463 12.146398 -37.185143 0.678162 0.316592 -1
0 -10.689361 12.410355 -23.806705 0.615163 0.315234 -1
0 -13.297314 11.461129 -30.247059 0.645490 0.301007 -1
0 -13.297314 11.461088 -30.246723 0.645489 0.301007 -1
0 -13.877493 11.412510 -23.505224 0.613744 0.297841 -1
0 -13.877291 11.194108 -37.209805 0.678278 0.297842 -1
0 -13.598352 11.302198 1.748337 0.494825 0.299364 -1
0 -15.622454 9.137209 12.684153 0.443329 0.299477 -1
0 -15.622454 9.137209 12.684153 0.431538 0.798179 -1
0 -17.051451 8.821789 8.146683 0.409751 0.804948 -1
0 -13.590582 8.386224 32.805943 0.528154 0.788554 -1
0 -13.673738 8.149738 32.468273 0.526532 0.788948 -1
0 -12.806307 8.298299 22.295433 0.477687 0.784838 -1
0 -12.806307 8.298299 22.295433 0.487094 0.883361 -1
0 -4.309611 3.259932 23.005470 0.616760 0.954114 -1
0 -7.912757 8.957514 26.609200 0.561773 0.874104 -1
0 -8.994590 2.396459 18.404625 0.545263 0.966240 -1
0 -13.275593 10.979409 15.443886 0.430334 0.310595 -1
0 -9.806785 11.218090 31.549650 0.354492 0.327027 -1
0 -4.795191 12.402175 38.585941 0.321358 0.350768 -1
0 -7.150173 12.137832 32.333347 0.350802 0.339612 -1
0 -4.897331 12.598789 33.727852 0.344235 0.350284 -1
0 -4.058391 14.076700 36.390877 0.331695 0.354258 -1
0 -3.772860 14.579720 37.297482 0.327426 0.355610 -1
0 -3.173109 15.526213 33.379906 0.345873 0.358452 -1
0 -3.025008 15.690611 34.431686 0.340921 0.359153 -1
0 0.000085 17.296329 31.338940 0.355484 0.373484 -1
0 0.000089 17.490768 32.396164 0.350506 0.373484 -1
0 3.025387 15.690611 34.431686 0.340921 0.387815 -1
0 3.173286 15.526213 33.379906 0.345873 0.388516 -1
0 3.773038 14.579720 37.297482 0.327426 0.391357 -1
0 4.058562 14.076700 36.390877 0.331695 0.392709 -1
0 4.897507 12.598789 33.727852 0.344235 0.396683 -1
0 3.933542 13.502131 47.239265 0.280610 0.395009 -1
0 4.244263 12.702009 47.239265 0.280610 0.396704 -1
0 4.555191 11.902430 47.239265 0.280610 0.398399 -1
0 2.407033 12.864218 54.428471 0.246756 0.386681 -1
0 3.660419 11.787734 53.105099 0.252988 0.393519 -1
0 2.441925 12.226299 55.058258 0.243791 0.386871 -1
0 1.203853 12.372669 57.042442 0.234447 0.380117 -1
0 0.000096 12.254156 58.970428 0.225369 0.373550 -1
0 1.163333 12.130717 58.970428 0.225369 0.379896 -1
0 2.281996 11.765886 58.970428 0.225369 0.385999 -1
0 1.948788 11.026923 64.449539 0.199568 0.384181 -1
0 0.000097 11.449651 64.449539 0.199568 0.373550 -1
0 -1.163153 12.130717 58.970428 0.225369 0.367204 -1
0 -1.948605 11.026923 64.449539 0.199568 0.362919 -1
0 -2.281819 11.765886 58.970428 0.225369 0.361101 -1
0 -2.441741 12.226299 55.058258 0.243791 0.360228 -1
0 -1.203660 12.372669 57.042442 0.234447 0.366983 -1
0 -2.406849 12.864218 54.428471 0.246756 0.360419 -1
0 0.000096 13.832576 56.037571 0.239179 0.373550 -1
0 -2.372343 13.502131 53.799271 0.249719 0.360607 -1
0 -1.481642 13.830928 54.389126 0.246942 0.365466 -1
0 -0.673309 13.943435 55.152073 0.243349 0.369876 -1
0 -3.933361 13.502131 47.239265 0.280610 0.352091 -1
0 -4.244086 12.702009 47.239265 0.280610 0.350395 -1
0 -3.660231 11.787734 53.105099 0.252988 0.353581 -1
0 -4.554816 11.902430 47.239265 0.280610 0.348700 -1
0 -5.101645 11.402143 47.239265 0.280610 0.345718 -1
0 -5.998358 10.183647 47.239265 0.280610 0.340825 -1
0 -5.508521 8.296108 58.970428 0.225369 0.343498 -1
0 -6.665377 8.793119 47.239265 0.597456 0.760470 -1
0 -5.781645 7.423332 47.239265 0.597456 0.755648 -1
0 -5.508521 8.296108 58.970428 0.653783 0.754158 -1
0 -4.844990 7.182485 58.970428 0.653783 0.750538 -1
0 -4.914206 6.645597 38.585941 0.555906 0.747452 -1
0 -3.174656 5.246328 58.970428 0.653783 0.741426 -1
0 -1.886391 4.901149 64.449539 0.680092 0.734398 -1
0 0.000097 4.081923 64.449539 0.680092 0.724106 -1
0 1.886572 4.901149 64.449539 0.680092 0.713815 -1
0 3.486351 6.253454 64.449539 0.680092 0.705087 -1
0 4.672472 8.030680 64.449539 0.680092 0.698617 -1
0 5.508693 8.296108 58.970428 0.653783 0.694054 -1
0 6.665553 8.793119 47.239265 0.597456 0.687744 -1
0 5.998528 10.183647 47.239265 0.280610 0.406274 -1
0 5.508693 8.296108 58.970428 0.225369 0.403602 -1
0 4.795357 12.402175 38.585941 0.321358 0.396199 -1
0 9.806955 11.218090 31.549644 0.354492 0.419940 -1
0 7.150551 12.137832 32.333347 0.350802 0.407356 -1
0 10.187086 12.356293 17.697296 0.419722 0.421741 -1
0 13.275764 10.979409 15.443875 0.430334 0.436372 -1
0 6.547495 13.181533 19.305214 0.412151 0.404500 -1
0 0.656039 13.566042 1.748337 0.494825 0.377128 -1
0 -0.655882 13.566042 1.748337 0.494825 0.369971 -1
0 0.000080 13.985477 9.990505 0.456013 0.373484 -1
0 -6.547328 13.181533 19.305214 0.412151 0.342467 -1
0 -8.784474 12.770279 1.748337 0.494825 0.325626 -1
0 -5.944293 13.129644 -22.288921 0.608016 0.341120 -1
0 -2.824197 13.104523 -22.507931 0.609047 0.358142 -1
0 -10.186899 12.356293 17.697304 0.419722 0.325226 -1
0 -4.420097 14.141695 24.525967 0.387566 0.352544 -1
0 -1.977496 15.455212 24.847742 0.386051 0.364115 -1
0 0.000084 15.383665 20.954618 0.404384 0.373484 -1
0 1.977859 15.455212 24.847742 0.386051 0.382853 -1
0 4.420265 14.141695 24.525967 0.387566 0.394422 -1
0 5.101826 11.402143 47.239265 0.280610 0.401382 -1
0 4.957607 9.404265 58.970428 0.225369 0.400595 -1
0 4.216544 10.375898 58.970428 0.225369 0.396552 -1
0 3.312660 11.173291 58.970428 0.225369 0.391622 -1
0 3.591603 9.824824 64.449539 0.199568 0.393143 -1
0 4.672472 8.030680 64.449539 0.199568 0.399040 -1
0 3.852717 7.820941 68.791428 0.179122 0.394568 -1
0 2.936223 9.326166 68.716599 0.179474 0.389568 -1
0 1.605885 10.348587 68.685608 0.179620 0.382310 -1
0 0.000097 10.754923 68.685974 0.179618 0.373550 -1
0 -1.605691 10.348587 68.685608 0.179620 0.364790 -1
0 -3.591413 9.824824 64.449539 0.199568 0.353956 -1
0 -2.936031 9.326166 68.716599 0.179474 0.357532 -1
0 -3.852514 7.820941 68.791428 0.179122 0.352532 -1
0 -4.672275 8.030680 64.449539 0.199568 0.348060 -1
0 -4.957422 9.404265 58.970428 0.225369 0.346504 -1
0 -4.216356 10.375898 58.970428 0.225369 0.350547 -1
0 -4.672275 8.030680 64.449539 0.680092 0.749596 -1
0 -3.485962 6.253454 64.449539 0.680092 0.743125 -1
0 -2.705544 6.596984 68.712334 0.700560 0.738867 -1
0 -1.413406 5.552732 68.655937 0.700289 0.731818 -1
0 0.000097 4.707270 68.623184 0.700132 0.724106 -1
0 1.413601 5.552732 68.655937 0.700289 0.716395 -1
0 2.705736 6.596984 68.712334 0.700560 0.709346 -1
0 3.852717 7.820941 68.791428 0.700939 0.703089 -1
0 2.275999 7.622698 72.884964 0.720595 0.711690 -1
0 2.275999 7.622698 72.884964 0.159845 0.385966 -1
0 1.729174 8.526043 72.794846 0.160270 0.382983 -1
0 0.951474 9.145389 72.759338 0.160437 0.378740 -1
0 0.000097 9.494945 72.763245 0.160419 0.373550 -1
0 -0.951282 9.145389 72.759338 0.160437 0.368360 -1
0 -1.728984 8.526043 72.794846 0.160270 0.364117 -1
0 -2.275805 7.622698 72.884964 0.159845 0.361134 -1
0 -3.852514 7.820941 68.791428 0.700939 0.745125 -1
0 -2.275805 7.622698 72.884964 0.720595 0.736523 -1
0 -1.745453 6.713869 72.760902 0.719999 0.733629 -1
0 -0.966590 6.077602 72.700233 0.719708 0.729380 -1
0 0.000097 5.714940 72.688820 0.719653 0.724106 -1
0 0.966789 6.077602 72.700233 0.719708 0.718833 -1
0 1.745650 6.713869 72.760902 0.719999 0.714584 -1
0 0.000104 7.444092 76.580200 0.738338 0.724106 -1
0 2.275999 7.622698 72.884964 0.159261 0.388615 -1
0 1.729174 8.526043 72.794846 0.159911 0.385092 -1
0 0.000104 7.444092 76.580200 0.132623 0.373953 -1
0 0.951474 9.145389 72.759338 0.160167 0.380082 -1
0 0.000097 9.494945 72.763245 0.160139 0.373953 -1
0 -0.951282 9.145389 72.759338 0.160167 0.367824 -1
0 -1.728984 8.526043 72.794846 0.159911 0.362814 -1
0 -2.275805 7.622698 72.884964 0.159261 0.359291 -1
0 -3.312477 11.173291 58.970428 0.225369 0.355478 -1
0 2.372728 13.502131 53.799271 0.249719 0.386493 -1
0 1.481817 13.830928 54.389126 0.246942 0.381633 -1
0 0.673499 13.943435 55.152073 0.243349 0.377223 -1
0 -0.667896 1.093314 40.218864 0.563747 0.727337 -1
0 0.618250 1.142200 40.736038 0.566230 0.721244 -1
0 -0.618854 1.142455 40.736038 0.566230 0.727105 -1
0 -13.877493 7.463205 -48.747204 0.136572 0.799815 -1
0 -13.877493 7.463205 -48.747204 0.732607 0.297841 -1
0 -14.618551 8.641283 -48.620617 0.732011 0.293798 -1
0 -14.618551 8.641283 -48.620617 0.137180 0.803858 -1
0 5.944633 0.370998 -32.323586 0.215431 0.691676 -1
0 0.902397 6.551662 -46.391621 0.147883 0.719184 -1
0 8.496754 6.551662 -45.899647 0.150245 0.677753 -1
0 0.902397 11.325668 -46.391621 0.721515 0.378472 -1
0 0.902397 6.551662 -46.391621 0.721515 0.378472 -1
0 8.496754 11.325668 -45.899647 0.719198 0.419903 -1
0 8.496754 6.551662 -45.899647 0.719198 0.419903 -1
0 9.378373 1.464155 20.844906 0.470722 0.679746 -1
0 3.169014 0.957317 27.721649 0.503741 0.709161 -1
0 2.650098 0.040363 24.056875 0.486144 0.711619 -1
0 2.903451 1.103683 27.913363 0.504662 0.710419 -1
429
0.000000 -0.999809 -0.019538
0.000000 -1.000000 0.000000
0.000000 -0.999640 0.026843
0.273022 -0.935900 0.222600
-0.268269 -0.958678 0.094705
-0.372697 -0.927953 0.000000
-0.419474 -0.907665 0.013663
-0.077714 -0.986096 0.146882
0.000000 -0.999750 0.022369
0.557668 -0.827429 -0.066086
0.468441 -0.883495 -0.000000
0.468443 -0.883494 -0.000000
0.381262 -0.914616 0.134599
-0.037989 -0.997267 0.063366
0.033618 -0.997065 0.068787
0.003545 -0.997806 0.066110
0.000000 -0.997824 0.065932
0.000254 -0.925420 0.378944
0.071196 -0.994332 0.078961
0.202457 -0.972968 0.111109
-0.109376 -0.985811 0.127333
0.551608 -0.829806 0.084566
0.713888 -0.692909 0.101196
0.626892 -0.774153 0.087717
0.455011 -0.888788 0.054965
0.827624 -0.560275 0.033616
0.513889 -0.850311 0.113530
0.829216 -0.558671 0.016976
0.045617 -0.030401 0.998496
0.829214 -0.558675 0.016937
0.802658 -0.595534 0.032854
0.831639 -0.554437 0.031255
0.813479 -0.581345 0.017025
0.721725 -0.691560 0.029299
0.784553 -0.619826 -0.017070
0.789245 -0.614041 -0.006856
0.788987 -0.613824 0.026837
-0.893579 -0.447546 0.034913
-0.859434 0.508718 0.050783
-0.837856 0.536328 0.101730
-0.840794 -0.374373 0.391038
-0.878793 -0.265824 0.396308
-0.079303 -0.871373 0.484169
-0.173036 -0.784146 0.595965
0.939690 0.335278 0.067612
0.321986 -0.737033 0.594228
0.724196 -0.076961 0.685286
0.853528 -0.462047 0.240839
-0.600162 0.793841 0.098092
-0.888650 0.257575 0.379416
0.767638 -0.624923 0.142137
0.829384 -0.558670 -0.003176
0.993547 -0.033051 -0.108501
0.860331 -0.484446 -0.158566
0.915446 -0.396731 0.067548
0.675033 -0.737396 -0.024025
0.677078 -0.731146 -0.083615
0.610031 -0.788031 -0.082874
0.403441 -0.903490 -0.144708
0.471769 -0.868205 -0.153801
0.374519 -0.899673 -0.224331
0.070951 -0.957252 -0.280418
0.158749 -0.082957 -0.983828
0.398273 -0.889182 -0.225241
-0.862355 -0.462221 -0.206628
-0.939996 0.078656 -0.331995
-0.832512 0.449438 -0.323926
0.007932 0.995800 -0.091216
-0.307020 0.939019 -0.154862
0.114741 0.986170 -0.119593
-0.068769 0.898899 -0.432725
0.507449 0.784966 -0.355420
-0.176645 0.973291 -0.146630
0.058739 0.997241 -0.045379
-0.122857 0.991621 -0.039921
0.000000 0.997148 -0.075467
0.000001 0.175043 -0.984561
0.934906 0.081232 -0.345474
0.857877 -0.486780 -0.164596
0.000000 -0.940570 -0.339599
-0.745577 -0.624002 -0.233959
0.090905 0.148274 -0.984759
-0.000000 -0.509835 -0.860272
-0.000000 -0.622130 -0.782914
-0.090616 -0.167929 -0.981626
0.410989 -0.709483 -0.572470
0.411981 -0.839770 -0.353635
-0.326366 -0.879324 -0.346806
-0.035301 -0.534131 -0.844664
0.504087 0.742429 -0.441243
0.292226 -0.895867 -0.334704
0.186509 -0.959863 -0.209470
-0.200502 -0.958651 -0.201957
0.322785 -0.923959 -0.205206
0.652019 -0.706648 -0.274809
0.000000 -0.936340 -0.351094
-0.410988 -0.709482 -0.572471
-0.652026 -0.706652 -0.274781
-0.664849 -0.728231 -0.166299
-0.579362 -0.810933 -0.082015
-0.000002 -0.998327 -0.057828
0.579340 -0.810950 -0.082010
0.664841 -0.728235 -0.166317
0.305073 -0.938444 -0.162029
-0.218641 -0.964964 -0.145055
0.001929 -0.998024 -0.062798
0.186763 -0.973432 -0.132475
-0.095528 -0.987702 -0.123768
-0.403451 -0.903486 -0.144705
-0.610041 -0.788025 -0.082871
-0.471786 -0.868197 -0.153792
-0.374518 -0.899673 -0.224330
-0.815596 -0.052639 -0.576222
-0.070951 -0.957252 -0.280418
-0.398274 -0.889182 -0.225241
0.772064 -0.587786 -0.241711
0.939996 0.078656 -0.331996
0.656070 0.727393 -0.201175
-0.485900 0.873932 0.011964
-0.249722 0.967499 -0.039809
-0.228255 0.972900 -0.036957
0.000000 0.000000 0.000000
-0.236272 0.971520 -0.017985
-0.963758 0.256644 -0.072833
-0.397483 0.917291 0.024181
-0.228122 0.973415 0.020598
-0.198589 0.977849 0.066139
-0.275784 0.960334 0.041261
-0.992326 0.122747 -0.014924
-0.857711 0.512654 0.038968
-0.860647 0.508815 0.019844
-0.781884 0.623424 -0.000294
-0.449182 0.893416 -0.006542
0.529770 0.848104 0.007883
-0.811179 -0.581002 -0.066521
-0.711116 -0.688050 0.144574
-0.750387 -0.657107 -0.071624
-0.694836 -0.718403 -0.033166
-0.677086 -0.731138 -0.083616
-0.311543 -0.940070 0.138597
-0.721377 -0.691834 0.031330
-0.638681 -0.767382 0.056670
-0.672502 -0.723461 0.156032
-0.855637 -0.481777 0.189145
-0.841944 -0.539540 -0.005110
0.888614 0.257701 0.379416
0.600163 0.793841 0.098088
-0.939691 0.335277 0.067598
-0.724201 -0.076961 0.685281
0.059309 -0.939930 0.336175
-0.321923 -0.737044 0.594249
0.466856 -0.788096 0.401185
0.840794 -0.374373 0.391038
0.878795 -0.265820 0.396307
0.079298 -0.871380 0.484158
0.173046 -0.784151 0.595955
-0.606919 -0.794118 0.032029
-0.145525 -0.988982 0.027143
0.118112 -0.992995 0.003365
0.058824 -0.995779 0.070454
-0.096626 -0.995065 0.022556
0.122205 -0.992493 0.004916
-0.576102 0.797707 0.178243
0.604500 -0.468826 -0.644035
-0.791861 -0.610256 0.023323
-0.766497 0.579521 0.276835
-0.975573 0.211141 0.060643
-0.814349 -0.580260 -0.011621
-0.789256 -0.614026 -0.006857
-0.307422 -0.937372 0.163788
0.893568 -0.447568 0.034924
0.859440 0.508707 0.050792
0.837864 0.536315 0.101737
-0.045623 -0.030404 0.998496
-0.831720 -0.554315 0.031246
0.186777 -0.272252 -0.943924
-0.813491 -0.581328 0.017024
-0.513687 -0.852642 0.095534
-0.783110 -0.621426 0.023823
-0.825554 -0.563247 0.034840
-0.479044 -0.876116 0.054204
-0.634167 -0.769009 0.080355
-0.721728 -0.691556 0.029300
-0.514620 -0.852070 0.095621
0.000002 -0.992205 0.124618
0.514609 -0.852077 0.095620
0.666436 -0.741821 0.074595
0.806520 -0.586283 0.076150
0.813505 -0.580410 0.036538
0.814349 -0.580260 -0.011603
0.975565 0.211173 0.060656
0.766478 0.579549 0.276829
0.582468 0.791643 0.184477
-0.595752 -0.499306 -0.629106
-0.118125 -0.992993 0.003351
0.096611 -0.995067 0.022539
-0.122235 -0.992489 0.004881
-0.058829 -0.995779 0.070449
0.145528 -0.988982 0.027143
0.606921 -0.794116 0.032034
0.446379 -0.669005 0.594288
0.443239 -0.662338 0.604026
0.449453 -0.675573 0.584460
-0.894240 -0.439512 0.084639
-0.083341 -0.757610 0.647365
0.237777 -0.717360 0.654872
0.914656 0.366073 0.171448
0.933108 0.228019 0.278059
0.793182 0.607927 0.035880
0.422085 0.906190 0.025762
0.563713 0.823200 0.067591
0.857706 0.512664 0.038941
0.854943 0.518713 -0.002921
0.776896 0.629569 -0.008667
0.075389 0.997019 0.016401
0.727967 0.685383 -0.017708
0.262220 0.964837 -0.018158
0.360571 0.932613 -0.014860
0.256161 0.965466 0.047511
0.227867 0.973474 0.020604
0.893976 0.434859 -0.108193
0.318473 -0.940702 -0.116853
0.811227 -0.580935 -0.066523
0.998996 0.040823 -0.018459
0.750347 -0.657152 -0.071624
0.766242 -0.632032 -0.115793
0.703947 -0.702180 -0.106781
0.739368 -0.652524 -0.165973
0.218157 0.975256 0.035810
0.198049 0.977957 0.066154
-0.072756 0.996992 -0.026727
0.045529 0.996688 -0.067384
0.371849 0.927187 -0.045306
0.446941 0.893343 -0.046702
0.383491 0.923485 -0.010515
0.143728 0.989402 -0.020620
-0.840800 0.535954 0.076218
-0.195911 0.980330 0.023924
0.217894 0.975964 0.004027
0.043889 0.998858 -0.018877
-0.095611 0.994940 -0.030867
0.000000 0.999263 -0.038381
0.122858 0.991621 -0.039921
0.176644 0.973291 -0.146630
-0.058738 0.997241 -0.045379
-0.114741 0.986170 -0.119592
0.068769 0.898900 -0.432724
-0.908021 0.290763 -0.301588
-0.934906 0.081232 -0.345473
-0.997904 0.000000 0.064709
-0.705625 -0.707107 0.045756
-0.711917 0.323795 -0.623162
0.000000 1.000000 0.000000
0.035301 -0.534132 -0.844664
-0.292226 -0.895867 -0.334703
0.309841 -0.872940 -0.376794
-0.240678 -0.911089 -0.334650
-0.490691 -0.849258 -0.194891
-0.508456 -0.852278 -0.122864
0.204430 -0.959918 -0.191745
-0.186506 -0.959864 -0.209469
0.997904 0.000000 -0.064718
0.446276 -0.894427 -0.028943
-0.273728 0.961798 -0.004243
-0.302463 0.952030 -0.046424
-0.020397 0.997320 -0.070262
-0.315159 0.949000 0.008583
-0.528334 0.848413 0.032525
-0.528362 0.848396 0.032533
-0.290165 0.956959 -0.005738
-0.320859 0.947126 -0.001227
-0.426927 0.903584 0.035636
-0.593638 0.802422 0.060926
-0.914651 0.366097 0.171423
-0.933108 0.228078 0.278011
-0.237811 -0.717348 0.654872
0.083255 -0.757634 0.647347
0.894290 -0.439411 0.084642
-0.446373 -0.669013 0.594284
-0.443233 -0.662345 0.604022
-0.449446 -0.675581 0.584456
-0.497351 0.866143 0.049385
-0.478934 0.859549 0.178320
-0.696470 0.710159 0.102973
-0.283037 0.956464 0.071182
-0.613443 0.786817 0.067876
-0.919597 0.387942 0.061986
-0.862302 0.504814 0.039972
-0.692495 0.720885 -0.027847
-0.643074 0.763142 -0.063797
-0.000003 0.991121 -0.132965
-0.000015 0.983505 -0.180881
0.643156 0.763068 -0.063861
0.720794 0.692687 -0.025311
0.855870 0.516976 0.014930
0.896977 0.441465 0.023258
0.659689 0.749867 0.050097
0.923964 0.360215 0.128589
0.898239 0.421993 0.122837
0.836319 0.541892 0.083207
0.756820 0.544502 0.361581
0.739430 0.647347 0.184893
0.559160 0.795290 0.234212
0.464478 0.836726 0.290087
-0.000001 0.955467 0.295097
0.225010 0.964431 0.138722
0.402716 0.905347 0.134784
0.380704 0.910132 0.163473
0.000001 0.987394 0.158280
-0.225009 0.964431 0.138722
-0.380705 0.910132 0.163473
-0.402717 0.905347 0.134784
-0.559159 0.795290 0.234211
-0.464478 0.836725 0.290088
-0.756795 0.544546 0.361567
-0.000016 0.792484 0.609892
-0.732423 0.512926 0.447730
-0.576340 0.632540 0.517422
-0.576524 0.632237 0.517588
-0.869895 0.339249 0.358041
-0.780613 0.412590 0.469482
-0.752138 0.628357 0.198633
-0.788665 0.560555 0.252561
-0.736643 0.669859 0.092987
-0.846237 0.526616 0.080982
-0.890590 0.437633 0.123803
-0.838794 -0.541156 0.059790
-0.813502 -0.580414 0.036535
-0.850552 -0.520583 0.074528
-0.806498 -0.586311 0.076156
-0.784568 -0.619808 -0.017080
-0.666444 -0.741814 0.074597
-0.547371 -0.824093 0.145793
0.000001 -0.987149 0.159803
0.547347 -0.824108 0.145799
0.737894 -0.662011 0.131354
0.835500 -0.537220 0.115476
0.850559 -0.520572 0.074527
0.838795 -0.541155 0.059790
0.846239 0.526614 0.080981
0.890592 0.437628 0.123802
0.696491 0.710139 0.102970
0.478942 0.859543 0.178324
0.283039 0.956463 0.071186
0.337286 0.940249 0.046592
0.497353 0.866142 0.049385
0.297027 0.954848 -0.006255
0.025364 0.999304 -0.027341
-0.025364 0.999304 -0.027341
-0.000000 0.997188 -0.074942
-0.297027 0.954849 -0.006254
-0.217896 0.975964 0.004027
-0.043887 0.998858 -0.018877
0.095611 0.994940 -0.030867
-0.337281 0.940250 0.046592
-0.617552 0.786091 0.026285
-0.413528 0.905921 -0.091109
-0.000005 0.987486 -0.157706
0.413534 0.905919 -0.091105
0.617565 0.786080 0.026290
0.727550 0.679245 0.096423
0.835649 0.532349 0.135259
0.725441 0.675467 0.132213
0.581541 0.802413 0.133952
0.725864 0.665640 0.173333
0.857429 0.485532 0.170508
0.827105 0.510440 0.235263
0.707697 0.647161 0.283457
0.433992 0.866746 0.245770
0.000000 0.977286 0.211922
-0.433992 0.866746 0.245770
-0.725865 0.665639 0.173333
-0.707698 0.647160 0.283457
-0.827107 0.510437 0.235263
-0.857429 0.485533 0.170510
-0.835647 0.532353 0.135260
-0.725441 0.675467 0.132213
-0.835470 -0.537266 0.115476
-0.737887 -0.662021 0.131344
-0.679256 -0.708326 0.192058
-0.498565 -0.849296 0.173577
-0.000000 -0.980858 0.194723
0.498565 -0.849296 0.173577
0.679248 -0.708331 0.192065
0.748890 -0.636456 0.184628
0.768001 -0.566610 0.298543
0.794676 0.507397 0.333224
0.694980 0.638346 0.330934
0.499023 0.805509 0.319581
0.000000 0.949250 0.314522
-0.499023 0.805509 0.319580
-0.694981 0.638345 0.330934
-0.794679 0.507393 0.333223
-0.748878 -0.636474 0.184613
-0.768000 -0.566610 0.298544
-0.703717 -0.639492 0.309567
-0.500527 -0.825902 0.259534
-0.000001 -0.961586 0.274505
0.500527 -0.825902 0.259534
0.703719 -0.639491 0.309566
0.000000 -0.863861 0.503730
0.731433 0.490065 0.474176
0.644194 0.605496 0.467321
0.000000 0.828725 0.559656
0.430382 0.779913 0.454430
0.000000 0.880898 0.473307
-0.430381 0.779913 0.454432
-0.644194 0.605495 0.467323
-0.731433 0.490062 0.474179
-0.593098 0.794259 0.131862
0.732447 0.512890 0.447734
0.576279 0.632644 0.517362
0.576539 0.632217 0.517596
-0.264317 -0.957565 0.114919
0.000100 -0.870038 0.492985
0.005442 -0.928437 0.371450
-0.703940 -0.702187 -0.106778
-0.739366 -0.652526 -0.165973
-0.318474 -0.940702 -0.116852
-0.766260 -0.632012 -0.115790
0.095534 -0.987702 -0.123768
0.705625 -0.707107 0.045757
0.997904 0.000000 0.064710
-0.892552 -0.447214 -0.057885
-0.997904 0.000000 -0.064718
0.842443 -0.538762 -0.005113
-0.050763 -0.945053 0.322953
0.000000 -0.970095 0.242725
-0.466809 -0.788128 0.401179
696
0 0 1 2 0 1 2 1
0 0 2 3 0 2 3 1
0 0 3 4 0 3 1 1
0 0 4 5 0 1 4 1
0 0 5 6 0 4 1 1
0 0 6 7 0 1 5 1
0 0 7 8 0 5 6 1
0 9 10 1 7 8 1 1
0 9 1 0 7 1 0 1
0 9 0 11 7 0 9 1
0 9 11 12 7 9 10 1
0 9 12 13 7 10 11 1
0 9 13 14 7 11 12 1
0 2 1 10 2 1 8 1
0 15 16 17 13 14 15 1
0 15 17 2 13 15 2 1
0 15 2 10 13 2 8 1
0 9 18 19 7 16 17 1
0 9 19 20 7 17 18 1
0 9 20 16 7 18 14 1
0 9 16 15 7 14 13 1
0 19 21 22 17 19 20 1
0 19 22 20 17 20 18 1
0 21 23 24 19 21 22 1
0 21 24 25 19 22 23 1
0 21 25 22 19 23 20 1
0 21 9 26 19 7 24 1
0 21 26 23 19 24 21 1
0 9 27 26 7 25 24 1
0 28 29 30 26 27 28 1
0 29 28 31 27 26 29 1
0 32 27 33 30 25 31 1
0 34 31 28 32 29 26 1
0 32 23 26 30 21 24 1
0 32 26 27 30 24 25 1
0 32 25 24 30 23 22 1
0 32 24 23 30 22 21 1
0 25 32 35 23 30 33 1
0 32 36 35 30 34 33 1
0 34 28 37 32 26 35 1
0 28 38 37 26 36 35 1
0 38 28 39 36 26 37 1
0 39 28 40 37 26 38 1
0 40 28 41 38 26 39 1
0 41 28 30 39 26 28 1
0 42 43 9 40 41 7 1
0 42 44 43 40 42 41 1
0 45 44 42 43 42 40 1
0 45 46 44 43 44 42 1
0 47 46 45 45 44 43 1
0 48 46 47 46 44 45 1
0 49 46 48 47 44 46 1
0 49 50 46 47 48 44 1
0 49 51 50 47 49 48 1
0 49 52 51 47 50 49 1
0 53 54 52 51 52 50 1
0 53 52 49 51 50 47 1
0 11 55 56 9 53 54 1
0 11 56 52 9 54 50 1
0 11 52 54 9 50 52 1
0 11 54 53 9 52 51 1
0 55 11 57 53 9 55 1
0 55 57 56 53 55 54 1
0 57 11 58 55 9 56 1
0 11 59 58 9 57 56 1
0 60 59 11 58 57 9 1
0 60 61 59 58 59 57 1
0 62 61 60 60 59 58 1
0 63 64 65 61 62 63 1
0 66 64 63 64 62 61 1
0 67 64 66 65 62 64 1
0 68 64 67 66 62 65 1
0 64 68 69 62 66 67 1
0 64 69 70 62 67 68 1
0 68 71 69 66 69 67 1
0 68 72 71 66 70 69 1
0 73 72 68 71 70 66 1
0 74 72 73 72 70 71 1
0 71 72 74 69 70 72 1
0 71 74 75 69 72 73 1
0 75 74 76 73 72 74 1
0 76 74 77 74 72 75 1
0 74 73 77 72 71 75 1
0 73 78 77 71 76 75 1
0 79 78 73 77 76 71 1
0 80 78 79 78 76 77 1
0 81 78 80 79 76 78 1
0 78 81 82 76 79 80 1
0 83 84 85 81 82 83 1
0 84 86 85 82 84 83 1
0 85 86 87 83 84 85 1
0 87 86 88 85 84 86 1
0 88 86 89 86 84 87 1
0 86 90 89 84 88 87 1
0 91 90 86 89 88 84 1
0 92 90 91 90 88 89 1
0 89 90 92 87 88 90 1
0 93 89 92 91 87 90 1
0 94 89 93 92 87 91 1
0 95 88 89 93 86 87 1
0 95 89 94 93 87 92 1
0 96 88 95 94 86 93 1
0 96 87 88 94 85 86 1
0 97 87 96 95 85 94 1
0 97 85 87 95 83 85 1
0 85 97 98 83 95 96 1
0 98 97 99 96 95 97 1
0 97 100 99 95 98 97 1
0 97 101 100 95 99 98 1
0 97 102 101 95 100 99 1
0 102 97 103 100 95 101 1
0 103 97 104 101 95 102 1
0 104 97 96 102 95 94 1
0 104 96 95 102 94 93 1
0 104 95 105 102 93 103 1
0 105 95 94 103 93 92 1
0 106 107 105 104 105 103 1
0 106 105 94 104 103 92 1
0 0 107 106 0 105 104 1
0 107 0 108 105 0 106 1
0 108 0 109 106 0 107 1
0 109 0 8 107 0 6 1
0 109 8 110 107 6 108 1
0 111 110 8 109 108 6 1
0 112 110 111 110 108 109 1
0 112 113 110 110 111 108 1
0 114 115 116 112 113 114 1
0 114 117 115 112 115 113 1
0 114 118 117 112 116 115 1
0 114 119 118 112 117 116 1
0 119 114 120 117 112 118 1
0 119 120 121 117 118 119 1
0 121 120 114 119 118 112 1
0 121 114 122 119 112 120 1
0 121 122 123 119 120 121 1
0 114 124 122 112 122 120 1
0 125 124 114 123 122 112 1
0 124 125 126 122 123 124 1
0 127 126 125 125 124 123 1
0 128 129 126 126 127 124 1
0 128 126 127 126 124 125 1
0 124 126 129 122 124 127 1
0 125 130 131 123 128 129 1
0 125 131 132 123 129 130 1
0 125 132 133 123 130 131 1
0 125 133 134 123 131 132 1
0 125 134 135 123 132 133 1
0 125 135 129 123 133 127 1
0 125 129 126 123 127 124 1
0 136 130 125 134 128 123 1
0 137 138 139 135 136 137 1
0 140 139 138 138 137 136 1
0 8 139 140 6 137 138 1
0 8 141 137 6 139 135 1
0 8 137 139 6 135 137 1
0 141 8 142 139 6 140 1
0 141 142 143 139 140 141 1
0 141 143 144 139 141 142 1
0 141 144 137 139 142 135 1
0 7 142 8 5 140 6 1
0 5 142 7 4 140 5 1
0 5 7 6 4 5 1 1
0 145 142 5 143 140 4 1
0 143 142 145 141 140 143 1
0 143 145 144 141 143 142 1
0 145 142 146 143 140 144 1
0 144 145 147 142 143 145 1
0 147 145 148 145 143 146 1
0 148 145 149 146 143 147 1
0 149 145 150 147 143 148 1
0 151 150 145 149 148 143 1
0 151 152 150 149 150 148 1
0 151 153 152 149 151 150 1
0 3 153 151 3 151 149 1
0 3 154 153 3 152 151 1
0 155 154 3 153 152 3 1
0 156 154 155 154 152 153 1
0 156 157 154 154 155 152 1
0 149 157 156 147 155 154 1
0 149 152 157 147 150 155 1
0 149 150 152 147 148 150 1
0 153 157 152 151 155 150 1
0 157 153 154 155 151 152 1
0 158 149 156 156 147 154 1
0 158 159 149 156 157 147 1
0 160 159 158 158 157 156 1
0 159 160 161 157 158 159 1
0 160 162 161 158 160 159 1
0 162 160 163 160 158 161 1
0 164 165 166 162 163 164 1
0 164 166 167 162 164 165 1
0 167 166 168 165 164 166 1
0 166 169 168 164 167 166 1
0 166 170 169 164 168 167 1
0 166 171 170 164 169 168 1
0 171 166 172 169 164 170 1
0 171 172 173 169 170 171 1
0 171 173 174 169 171 172 1
0 171 174 175 169 172 173 1
0 176 171 175 174 169 173 1
0 171 176 177 169 174 175 1
0 176 178 171 174 176 169 1
0 176 171 177 174 169 175 1
0 179 180 181 177 178 179 1
0 179 181 182 177 179 180 1
0 183 180 179 181 178 177 1
0 183 179 184 181 177 121 1
0 180 183 185 178 181 182 1
0 183 186 185 181 183 182 1
0 183 187 186 181 184 183 1
0 22 187 183 20 184 181 1
0 187 22 25 184 20 23 1
0 187 25 188 184 23 185 1
0 188 25 35 185 23 33 1
0 188 35 189 185 33 186 1
0 35 190 189 33 187 186 1
0 35 191 190 33 188 187 1
0 36 191 35 34 188 33 1
0 37 38 192 35 36 189 1
0 192 38 193 189 36 190 1
0 38 194 193 36 191 190 1
0 38 195 194 36 192 191 1
0 196 195 38 193 192 36 1
0 197 198 199 194 195 196 1
0 198 197 200 195 194 197 1
0 197 201 200 194 198 197 1
0 201 197 202 198 194 199 1
0 201 202 46 198 199 44 1
0 46 202 44 44 199 42 1
0 203 204 205 200 200 201 1
0 203 206 204 200 202 200 1
0 51 207 50 49 203 48 1
0 208 207 51 204 203 49 1
0 208 209 207 204 205 203 1
0 208 52 209 204 50 205 1
0 51 52 208 49 50 204 1
0 209 52 200 205 50 197 1
0 52 198 200 50 195 197 1
0 52 56 198 50 54 195 1
0 56 210 198 54 206 195 1
0 211 210 56 207 206 54 1
0 212 213 214 208 209 210 1
0 212 214 215 208 210 211 1
0 216 213 212 212 209 208 1
0 217 218 213 213 214 209 1
0 217 213 216 213 209 212 1
0 219 220 221 215 216 217 1
0 219 221 218 215 217 214 1
0 219 218 217 215 214 213 1
0 222 220 219 218 216 215 1
0 223 220 222 219 216 218 1
0 224 220 223 220 216 219 1
0 220 224 64 216 220 62 1
0 64 224 225 62 220 221 1
0 225 224 226 221 220 222 1
0 227 226 224 223 222 220 1
0 228 56 57 224 54 55 1
0 57 58 228 55 56 224 1
0 58 229 228 56 225 224 1
0 230 229 58 226 225 56 1
0 231 64 225 227 62 221 1
0 65 64 231 63 62 227 1
0 59 61 230 57 59 226 1
0 59 230 58 57 226 56 1
0 227 224 223 223 220 219 1
0 227 223 222 223 219 218 1
0 227 222 219 223 218 215 1
0 227 219 217 223 215 213 1
0 227 217 216 223 213 212 1
0 227 216 212 223 212 208 1
0 227 212 215 223 208 211 1
0 223 232 224 219 228 220 1
0 222 233 232 218 229 228 1
0 222 232 223 218 228 219 1
0 220 64 234 216 62 230 1
0 70 69 235 68 67 231 1
0 70 235 234 68 231 230 1
0 70 234 64 68 230 62 1
0 235 69 236 231 67 232 1
0 235 236 234 231 232 230 1
0 237 236 69 233 232 67 1
0 238 234 236 234 230 232 1
0 238 236 237 234 232 233 1
0 238 237 239 234 233 235 1
0 234 238 218 230 234 214 1
0 234 218 240 230 214 236 1
0 234 240 241 230 236 237 1
0 218 238 213 214 234 209 1
0 213 238 242 209 234 238 1
0 242 238 239 238 234 235 1
0 239 243 242 235 239 238 1
0 239 75 243 235 73 239 1
0 69 75 239 67 73 235 1
0 69 71 75 67 69 73 1
0 69 239 237 67 235 233 1
0 75 76 243 73 74 239 1
0 243 76 244 239 74 240 1
0 244 76 245 240 74 241 1
0 76 77 245 74 75 241 1
0 77 246 245 75 242 241 1
0 247 246 77 243 242 75 1
0 247 248 246 243 244 242 1
0 247 249 248 243 245 244 1
0 250 249 247 246 245 243 1
0 250 119 249 246 117 245 1
0 250 251 119 246 247 117 1
0 250 247 251 246 243 247 1
0 251 247 77 247 243 75 1
0 78 251 77 76 247 75 1
0 78 252 251 76 248 247 1
0 78 82 252 76 80 248 1
0 251 252 82 247 248 80 1
0 251 82 253 247 80 249 1
0 251 253 254 247 249 250 1
0 83 255 256 81 251 252 1
0 83 256 257 81 252 252 1
0 258 255 83 253 251 81 1
0 258 259 255 253 254 251 1
0 258 260 259 253 255 254 1
0 258 83 260 253 81 255 1
0 83 261 260 81 256 255 1
0 83 98 261 81 96 256 1
0 83 85 98 81 83 96 1
0 98 99 261 96 97 256 1
0 261 99 262 256 97 257 1
0 99 100 262 97 98 257 1
0 262 100 263 257 98 258 1
0 100 101 263 98 99 258 1
0 263 101 107 258 99 105 1
0 101 102 107 99 100 105 1
0 102 103 107 100 101 105 1
0 103 105 107 101 103 105 1
0 103 104 105 101 102 103 1
0 107 108 264 105 106 259 1
0 107 264 263 105 259 258 1
0 264 108 109 259 106 107 1
0 264 109 265 259 107 260 1
0 265 109 110 260 107 108 1
0 265 110 113 260 108 111 1
0 259 265 113 254 260 111 1
0 260 265 259 255 260 254 1
0 260 264 265 255 259 260 1
0 261 262 264 256 257 259 1
0 261 264 260 256 259 255 1
0 262 263 264 257 258 259 1
0 259 113 255 254 111 251 1
0 266 117 119 261 115 117 1
0 266 119 267 261 117 262 1
0 119 117 118 117 115 116 1
0 251 254 267 247 250 262 1
0 251 267 119 247 262 117 1
0 249 119 121 245 117 119 1
0 249 121 248 245 119 244 1
0 248 121 268 244 119 263 1
0 268 121 269 263 119 264 1
0 270 269 121 265 264 119 1
0 122 271 268 120 266 263 1
0 122 268 269 120 263 264 1
0 122 269 270 120 264 265 1
0 271 122 272 266 120 267 1
0 271 272 273 266 267 268 1
0 271 273 274 266 268 269 1
0 122 124 275 120 122 270 1
0 122 275 272 120 270 267 1
0 124 135 134 122 133 132 1
0 124 134 274 122 132 269 1
0 124 274 275 122 269 270 1
0 124 129 135 122 127 133 1
0 274 134 133 269 132 131 1
0 274 133 276 269 131 271 1
0 276 133 132 271 131 130 1
0 276 132 131 271 130 129 1
0 276 131 277 271 129 272 1
0 278 279 137 273 274 135 1
0 278 137 162 273 135 160 1
0 137 144 162 135 142 160 1
0 162 144 161 160 142 159 1
0 144 280 161 142 275 159 1
0 144 281 280 142 276 275 1
0 144 147 281 142 145 276 1
0 282 281 147 277 276 145 1
0 280 281 282 275 276 277 1
0 282 161 280 277 159 275 1
0 282 159 161 277 157 159 1
0 283 284 285 278 278 279 1
0 286 284 283 280 278 278 1
0 282 147 148 277 145 146 1
0 277 164 287 272 162 281 1
0 287 164 288 281 162 282 1
0 288 164 167 282 162 165 1
0 289 288 167 283 282 165 1
0 288 289 290 282 283 284 1
0 290 289 291 284 283 285 1
0 292 291 289 286 285 283 1
0 293 294 291 287 288 285 1
0 293 291 292 287 285 286 1
0 293 295 294 287 289 288 1
0 295 296 294 289 290 288 1
0 295 297 296 289 291 290 1
0 297 298 296 291 292 290 1
0 296 298 299 290 292 293 1
0 298 300 299 292 294 293 1
0 299 300 301 293 294 295 1
0 299 301 302 293 295 296 1
0 300 303 301 294 297 295 1
0 301 303 304 295 297 298 1
0 301 304 305 295 298 299 1
0 306 304 303 300 298 297 1
0 304 306 307 298 300 301 1
0 307 306 308 301 300 302 1
0 308 306 309 302 300 303 1
0 310 309 306 304 303 300 1
0 311 309 310 305 303 304 1
0 311 308 309 305 302 303 1
0 308 311 312 302 305 306 1
0 312 311 313 306 305 307 1
0 313 311 314 307 305 308 1
0 314 311 310 308 305 304 1
0 315 314 310 309 308 304 1
0 315 316 314 309 310 308 1
0 315 317 316 309 311 310 1
0 315 318 317 309 312 311 1
0 318 315 319 312 309 313 1
0 319 315 310 313 309 304 1
0 319 310 320 313 304 314 1
0 321 320 310 315 314 304 1
0 320 321 322 314 315 316 1
0 321 323 322 315 317 316 1
0 323 321 324 317 315 318 1
0 320 322 325 314 316 319 1
0 326 320 325 320 314 319 1
0 320 326 327 314 320 321 1
0 326 328 327 320 322 321 1
0 325 292 328 319 286 322 1
0 325 328 326 319 322 320 1
0 325 293 292 319 287 286 1
0 292 289 328 286 283 322 1
0 289 329 328 283 323 322 1
0 289 330 329 283 324 323 1
0 289 167 330 283 165 324 1
0 167 168 330 165 166 324 1
0 330 168 331 324 166 325 1
0 332 333 334 326 327 328 1
0 334 333 335 328 327 329 1
0 333 185 335 327 182 329 1
0 333 336 185 327 330 182 1
0 336 180 185 330 178 182 1
0 171 178 170 169 176 168 1
0 335 185 337 329 182 331 1
0 185 186 337 182 183 331 1
0 186 338 337 183 332 331 1
0 186 339 338 183 333 332 1
0 187 339 186 184 333 183 1
0 339 187 188 333 184 185 1
0 339 188 340 333 185 334 1
0 340 188 189 334 185 186 1
0 340 189 341 334 186 335 1
0 189 190 341 186 187 335 1
0 190 342 341 187 336 335 1
0 190 343 342 187 337 336 1
0 191 343 190 188 337 187 1
0 191 344 343 188 338 337 1
0 193 345 346 190 339 340 1
0 193 194 345 190 191 339 1
0 194 347 345 191 341 339 1
0 348 347 194 342 341 191 1
0 347 348 349 341 342 343 1
0 348 350 349 342 344 343 1
0 348 351 350 342 345 344 1
0 195 351 348 192 345 342 1
0 195 214 351 192 210 345 1
0 214 213 351 210 209 345 1
0 213 242 351 209 238 345 1
0 351 242 350 345 238 344 1
0 350 242 352 344 238 346 1
0 242 353 352 238 347 346 1
0 242 243 353 238 239 347 1
0 243 244 353 239 240 347 1
0 244 245 353 240 241 347 1
0 354 353 245 348 347 241 1
0 353 354 355 347 348 349 1
0 354 356 355 348 350 349 1
0 354 357 356 348 351 350 1
0 358 357 354 352 351 348 1
0 358 268 357 352 263 351 1
0 248 268 358 244 263 352 1
0 246 248 358 242 244 352 1
0 246 358 359 242 352 353 1
0 359 358 354 353 352 348 1
0 245 359 354 241 353 348 1
0 246 359 245 242 353 241 1
0 271 357 268 266 351 263 1
0 271 276 357 266 271 351 1
0 271 274 276 266 269 271 1
0 357 276 287 351 271 281 1
0 276 277 287 271 272 281 1
0 357 287 360 351 281 354 1
0 287 288 360 281 282 354 1
0 360 288 290 354 282 284 1
0 360 290 356 354 284 350 1
0 356 290 291 350 284 285 1
0 356 291 361 350 285 355 1
0 294 361 291 288 355 285 1
0 361 294 362 355 288 356 1
0 362 294 296 356 288 290 1
0 363 362 296 357 356 290 1
0 356 362 363 350 356 357 1
0 356 361 362 350 355 356 1
0 355 356 363 349 350 357 1
0 352 355 363 346 349 357 1
0 352 353 355 346 347 349 1
0 364 352 363 358 346 357 1
0 365 352 364 359 346 358 1
0 302 352 365 296 346 359 1
0 349 352 302 343 346 296 1
0 349 350 352 343 344 346 1
0 347 349 302 341 343 296 1
0 302 301 347 296 295 341 1
0 347 301 305 341 295 299 1
0 366 347 305 360 341 299 1
0 345 347 366 339 341 360 1
0 345 366 367 339 360 361 1
0 367 366 368 361 360 362 1
0 368 366 369 362 360 363 1
0 307 369 366 301 363 360 1
0 307 366 305 301 360 299 1
0 369 307 308 363 301 302 1
0 369 308 312 363 302 306 1
0 313 369 312 307 363 306 1
0 370 369 313 364 363 307 1
0 368 369 370 362 363 364 1
0 367 368 370 361 362 364 1
0 367 370 371 361 364 365 1
0 371 370 372 365 364 366 1
0 372 370 373 366 364 367 1
0 373 370 374 367 364 368 1
0 374 370 313 368 364 307 1
0 374 313 375 368 307 369 1
0 313 314 375 307 308 369 1
0 314 316 375 308 310 369 1
0 316 376 375 310 370 369 1
0 377 376 316 371 370 310 1
0 377 378 376 371 372 370 1
0 377 379 378 371 373 372 1
0 377 380 379 371 374 373 1
0 377 381 380 371 375 374 1
0 382 381 377 376 375 371 1
0 329 381 382 323 375 376 1
0 329 330 381 323 324 375 1
0 330 331 381 324 325 375 1
0 331 380 381 325 374 375 1
0 334 335 383 328 329 377 1
0 383 335 384 377 329 378 1
0 335 337 384 329 331 378 1
0 337 338 384 331 332 378 1
0 338 385 384 332 379 378 1
0 338 386 385 332 380 379 1
0 338 339 386 332 333 380 1
0 339 387 386 333 381 380 1
0 387 339 388 381 333 382 1
0 339 340 388 333 334 382 1
0 388 340 389 382 334 383 1
0 389 340 341 383 334 335 1
0 341 390 389 335 384 383 1
0 341 342 390 335 336 384 1
0 389 390 391 383 384 385 1
0 372 373 392 366 367 386 1
0 392 373 393 386 367 387 1
0 393 373 394 387 367 388 1
0 373 374 394 367 368 388 1
0 394 374 395 388 368 389 1
0 395 374 375 389 368 369 1
0 376 395 375 370 389 369 1
0 376 396 395 370 390 389 1
0 376 378 396 370 372 390 1
0 378 397 396 372 391 390 1
0 378 398 397 372 392 391 1
0 378 379 398 372 373 392 1
0 399 385 400 393 379 394 1
0 399 384 385 393 378 379 1
0 383 384 399 377 378 393 1
0 400 385 401 394 379 395 1
0 385 402 401 379 396 395 1
0 402 385 386 396 379 380 1
0 386 403 402 380 397 396 1
0 387 403 386 381 397 380 1
0 403 387 388 397 381 382 1
0 403 388 404 397 382 398 1
0 389 404 388 383 398 382 1
0 404 389 405 398 383 399 1
0 389 391 405 383 385 399 1
0 405 391 406 399 385 400 1
0 407 408 409 401 402 403 1
0 408 410 409 402 404 403 1
0 409 410 411 403 404 405 1
0 412 409 411 406 403 405 1
0 412 413 409 406 407 403 1
0 413 414 409 407 408 403 1
0 400 401 406 394 395 400 1
0 402 406 401 396 400 395 1
0 403 406 402 397 400 396 1
0 406 403 404 400 397 398 1
0 406 404 405 400 398 399 1
0 329 382 415 323 376 409 1
0 415 382 377 409 376 371 1
0 415 377 316 409 371 310 1
0 415 316 317 409 310 311 1
0 318 415 317 312 409 311 1
0 327 415 318 321 409 312 1
0 415 327 328 409 321 322 1
0 415 328 329 409 322 323 1
0 320 327 318 314 321 312 1
0 320 318 319 314 312 313 1
0 371 346 367 365 340 361 1
0 346 345 367 340 339 361 1
0 305 304 307 299 298 301 1
0 365 299 302 359 293 296 1
0 299 365 364 293 359 358 1
0 299 364 296 293 358 290 1
0 364 363 296 358 357 290 1
0 357 360 356 351 354 350 1
0 195 348 194 192 342 191 1
0 306 321 310 300 315 304 1
0 321 306 416 315 300 410 1
0 416 306 303 410 300 297 1
0 417 321 416 411 315 410 1
0 321 417 418 315 411 412 1
0 275 274 273 270 269 268 1
0 275 273 272 270 268 267 1
0 121 123 122 119 121 120 1
0 121 122 270 119 120 265 1
0 218 221 241 214 217 237 1
0 218 241 240 214 237 236 1
0 220 234 241 216 230 237 1
0 220 241 221 216 237 217 1
0 200 207 209 197 203 205 1
0 201 207 200 198 203 197 1
0 179 419 22 177 413 20 1
0 179 22 183 177 20 181 1
0 179 183 184 177 181 121 1
0 3 419 179 3 413 177 1
0 3 179 182 3 177 180 1
0 181 3 182 179 3 180 1
0 419 19 420 413 17 414 1
0 419 420 22 413 414 20 1
0 421 3 17 415 3 15 1
0 421 17 16 415 15 14 1
0 421 16 420 415 14 414 1
0 421 420 19 415 414 17 1
0 20 17 16 18 15 14 1
0 420 16 15 414 14 13 1
0 3 151 5 3 149 4 1
0 5 151 145 4 149 143 1
0 111 8 140 109 6 138 1
0 422 111 140 416 109 138 1
0 112 111 422 110 109 416 1
0 114 116 423 112 114 417 1
0 114 423 424 112 417 418 1
0 425 422 140 419 416 138 1
0 425 140 138 419 138 136 1
0 125 424 136 123 418 134 1
0 125 114 424 123 112 418 1
0 0 106 426 0 104 420 1
0 106 94 426 104 92 420 1
0 426 94 93 420 92 91 1
0 426 93 60 420 91 58 1
0 60 93 62 58 91 60 1
0 93 92 62 91 90 60 1
0 62 92 91 60 90 89 1
0 11 426 60 9 420 58 1
0 0 426 11 0 420 9 1
0 91 86 427 89 84 252 1
0 91 427 428 89 252 252 1
0 80 73 429 78 71 421 1
0 80 429 430 78 421 422 1
0 79 73 80 77 71 78 1
0 429 73 68 421 71 66 1
0 429 68 431 421 66 423 1
0 66 432 431 64 424 423 1
0 66 431 68 64 423 66 1
0 66 68 67 64 66 65 1
0 53 12 11 51 10 9 1
0 53 14 13 51 12 11 1
0 53 13 12 51 11 10 1
0 53 49 14 51 47 12 1
0 53 49 433 51 47 425 1
0 434 14 49 426 12 47 1
0 434 9 435 426 7 427 1
0 434 435 14 426 427 12 1
0 436 9 434 428 7 426 1
0 42 9 436 40 7 428 1
0 436 45 42 428 43 40 1
0 45 436 47 43 428 45 1
0 436 434 47 428 426 45 1
0 47 434 48 45 426 46 1
0 48 434 49 46 426 47 1
"stabalizers" 0 0
60
0 13.878597 11.200480 -37.204277 0.215206 0.193047 -1
0 14.303693 14.680631 -37.220139 0.215279 0.176898 -1
0 13.878597 11.200535 -37.203972 0.215205 0.193047 -1
0 13.878581 11.018607 -48.625099 0.267273 0.193891 -1
0 13.789618 13.914907 -49.130833 0.269579 0.180452 -1
0 12.867130 13.458858 -56.227783 0.301933 0.182568 -1
0 12.257685 10.795219 -57.185764 0.306300 0.194928 -1
0 11.466405 10.731835 -57.895054 0.309534 0.195222 -1
0 11.466228 10.731874 -57.895237 0.309535 0.195222 -1
0 12.514906 13.851555 -50.114563 0.274063 0.180746 -1
0 22.764135 33.678963 -40.697029 0.231129 0.088741 -1
0 23.369329 33.811157 -46.714169 0.258561 0.088127 -1
0 23.728117 33.590958 -40.697029 0.231129 0.089149 -1
0 23.417971 33.959637 -43.750610 0.245051 0.087438 -1
0 23.417971 33.959637 -40.598148 0.230679 0.087438 -1
0 23.417971 33.943165 -37.435860 0.216262 0.087515 -1
0 22.764135 33.673531 -39.570827 0.225995 0.088766 -1
0 12.698484 14.683359 -37.177547 0.215085 0.176886 -1
0 10.441189 12.152987 -37.177547 0.215085 0.188628 -1
0 10.702103 11.732985 -47.659569 0.262871 0.190576 -1
0 11.466038 10.732027 -57.892895 0.309524 0.195221 -1
0 10.441189 12.152911 -37.177048 0.215082 0.188628 -1
0 11.014004 12.152987 -31.944759 0.191229 0.188628 -1
0 13.702785 15.292887 -27.697792 0.171867 0.174057 -1
0 23.322981 33.849922 -36.027874 0.209843 0.087947 -1
0 23.728117 33.590958 -39.574104 0.226010 0.089149 -1
0 13.298052 11.467546 -30.241261 0.183463 0.191808 -1
0 12.134785 11.913222 -26.245531 0.165246 0.189740 -1
0 11.014182 12.152863 -31.943813 0.191224 0.188628 -1
0 13.298234 11.467470 -30.242592 0.183469 0.191808 -1
0 -13.878601 11.200535 -37.203972 0.215205 0.193047 -1
0 -14.303699 14.680631 -37.220139 0.215279 0.176898 -1
0 -13.878601 11.200480 -37.204277 0.215206 0.193047 -1
0 -13.878611 11.018607 -48.625099 0.267273 0.193891 -1
0 -13.789633 13.914907 -49.130833 0.269579 0.180452 -1
0 -12.867128 13.458858 -56.227783 0.301933 0.182568 -1
0 -12.257697 10.795219 -57.185764 0.306300 0.194928 -1
0 -11.466432 10.731835 -57.895054 0.309534 0.195222 -1
0 -11.466237 10.731874 -57.895237 0.309535 0.195222 -1
0 -12.514915 13.851555 -50.114563 0.274063 0.180746 -1
0 -22.764147 33.678963 -40.697029 0.231129 0.088741 -1
0 -23.369322 33.811157 -46.714169 0.258561 0.088127 -1
0 -23.728121 33.590958 -40.697029 0.231129 0.089149 -1
0 -23.417978 33.959637 -43.750610 0.245051 0.087438 -1
0 -23.417978 33.959637 -40.598148 0.230679 0.087438 -1
0 -23.417978 33.943165 -37.435860 0.216262 0.087515 -1
0 -22.764147 33.673531 -39.570827 0.225995 0.088766 -1
0 -12.698492 14.683359 -37.177547 0.215085 0.176886 -1
0 -10.441193 12.152987 -37.177547 0.215085 0.188628 -1
0 -10.702106 11.732985 -47.659569 0.262871 0.190576 -1
0 -11.466046 10.732027 -57.892895 0.309524 0.195221 -1
0 -10.441193 12.152911 -37.177048 0.215082 0.188628 -1
0 -11.013999 12.152987 -31.944759 0.191229 0.188628 -1
0 -13.702799 15.292887 -27.697792 0.171867 0.174057 -1
0 -23.322992 33.849922 -36.027874 0.209843 0.087947 -1
0 -23.728121 33.590958 -39.574104 0.226010 0.089149 -1
0 -13.298044 11.467546 -30.241261 0.183463 0.191808 -1
0 -12.134795 11.913222 -26.245531 0.165246 0.189740 -1
0 -11.014190 12.152863 -31.943813 0.191224 0.188628 -1
0 -13.298235 11.467470 -30.242592 0.183469 0.191808 -1
60
0.992560 -0.121186 0.011753
0.979402 -0.199546 0.030866
0.956293 0.289457 0.041454
0.994127 -0.062356 -0.088448
0.976833 -0.047151 -0.208744
0.679163 0.436782 -0.589881
0.869596 -0.021552 -0.493293
0.691179 0.083836 -0.717805
-0.575694 0.636241 -0.513589
-0.700444 0.664819 -0.259603
-0.576593 0.772509 -0.266027
0.579026 0.668051 -0.467371
0.887458 0.176268 -0.425850
0.211093 0.977415 0.009975
0.344335 0.913983 -0.214634
0.123187 0.991813 0.033651
-0.762101 0.646599 0.033337
-0.802616 0.595156 0.039966
-0.759320 0.650671 0.007798
-0.801445 0.592643 -0.080370
-0.827118 0.551249 -0.109548
-0.743155 0.662952 0.090641
-0.806891 0.579052 0.116726
-0.309386 0.672911 0.671915
0.366570 0.896905 0.247361
0.998573 -0.021770 0.048774
0.983870 0.115012 0.137009
0.097848 0.354239 0.930022
-0.863121 0.461363 0.205345
0.334322 0.942423 -0.008265
-0.953890 0.297392 0.040633
-0.979402 -0.199546 0.030866
-0.992560 -0.121187 0.011754
-0.994127 -0.062352 -0.088449
-0.976833 -0.047148 -0.208745
-0.669078 0.444369 -0.595710
-0.869598 -0.021549 -0.493290
-0.674991 0.100218 -0.730988
0.575488 0.636042 -0.514066
0.700370 0.664884 -0.259637
0.576594 0.772509 -0.266026
-0.579066 0.668014 -0.467375
-0.887459 0.176263 -0.425850
-0.211100 0.977414 0.009975
-0.344338 0.913982 -0.214635
-0.123186 0.991813 0.033651
0.762102 0.646598 0.033337
0.802615 0.595156 0.039966
0.759319 0.650672 0.007798
0.801445 0.592644 -0.080370
0.826865 0.551594 -0.109720
0.743154 0.662953 0.090641
0.808724 0.575740 0.120371
0.311035 0.666417 0.677603
-0.366567 0.896907 0.247359
-0.998573 -0.021771 0.048773
-0.983289 0.119477 0.137360
-0.097850 0.354238 0.930022
0.864856 0.455692 0.210638
-0.301785 0.953308 -0.011395
98
0 0 1 2 0 1 2 1
0 1 0 3 1 0 3 1
0 1 3 4 1 3 4 1
0 4 3 5 4 3 5 1
0 5 3 6 5 3 6 1
0 5 6 7 5 6 7 1
0 5 7 8 5 7 8 1
0 9 5 8 9 5 8 1
0 5 9 4 5 9 4 1
0 10 5 9 10 5 9 1
0 11 5 10 11 5 10 1
0 11 12 5 11 12 5 1
0 11 12 10 11 12 10 1
0 13 12 11 13 12 11 1
0 14 12 13 14 12 13 1
0 10 14 12 10 14 12 1
0 14 10 15 14 10 15 1
0 13 10 14 13 10 14 1
0 11 10 13 11 10 13 1
0 13 10 12 13 10 12 1
0 9 10 12 9 10 12 1
0 10 9 16 10 9 16 1
0 16 9 17 16 9 17 1
0 17 9 18 17 9 18 1
0 9 19 18 9 19 18 1
0 19 9 20 19 9 20 1
0 8 20 9 8 20 9 1
0 18 21 17 18 21 17 1
0 22 17 21 22 17 21 1
0 23 17 22 23 17 22 1
0 16 17 23 16 17 23 1
0 24 16 23 24 16 23 1
0 16 24 15 16 24 15 1
0 15 24 25 15 24 25 1
0 24 23 25 24 23 25 1
0 25 23 1 25 23 1 1
0 23 26 1 23 26 1 1
0 23 27 26 23 27 26 1
0 27 23 28 27 23 28 1
0 22 28 23 22 28 23 1
0 26 29 2 26 29 2 1
0 26 2 1 26 2 1 1
0 25 1 4 25 1 4 1
0 25 4 12 25 4 12 1
0 9 12 4 9 12 4 1
0 12 4 5 12 4 5 1
0 14 25 12 14 25 12 1
0 14 15 25 14 15 25 1
0 16 15 10 16 15 10 1
0 30 31 32 30 31 32 1
0 33 32 31 33 32 31 1
0 34 33 31 34 33 31 1
0 35 33 34 35 33 34 1
0 36 33 35 36 33 35 1
0 37 36 35 37 36 35 1
0 38 37 35 38 37 35 1
0 38 35 39 38 35 39 1
0 34 39 35 34 39 35 1
0 39 35 40 39 35 40 1
0 40 35 41 40 35 41 1
0 35 42 41 35 42 41 1
0 40 42 41 40 42 41 1
0 41 42 43 41 42 43 1
0 43 42 44 43 42 44 1
0 42 44 40 42 44 40 1
0 45 40 44 45 40 44 1
0 44 40 43 44 40 43 1
0 43 40 41 43 40 41 1
0 42 40 43 42 40 43 1
0 42 40 39 42 40 39 1
0 46 39 40 46 39 40 1
0 47 39 46 47 39 46 1
0 48 39 47 48 39 47 1
0 48 49 39 48 49 39 1
0 50 39 49 50 39 49 1
0 39 50 38 39 50 38 1
0 47 51 48 47 51 48 1
0 51 47 52 51 47 52 1
0 52 47 53 52 47 53 1
0 53 47 46 53 47 46 1
0 53 46 54 53 46 54 1
0 45 54 46 45 54 46 1
0 55 54 45 55 54 45 1
0 55 53 54 55 53 54 1
0 31 53 55 31 53 55 1
0 31 56 53 31 56 53 1
0 56 57 53 56 57 53 1
0 58 53 57 58 53 57 1
0 53 58 52 53 58 52 1
0 30 59 56 30 59 56 1
0 31 30 56 31 30 56 1
0 34 31 55 34 31 55 1
0 42 34 55 42 34 55 1
0 34 42 39 34 42 39 1
0 35 34 42 35 34 42 1
0 42 55 44 42 55 44 1
0 55 45 44 55 45 44 1
0 40 45 46 40 45 46 1
"wings" 0 0
40
0 49.744423 9.606463 -39.321896 0.264415 0.472039 -1
0 13.670224 8.560101 30.965094 0.431269 0.662872 -1
0 18.275663 8.560101 -63.884594 0.150338 0.653107 -1
0 38.422760 8.560101 -56.791409 0.196650 0.498378 -1
0 49.744423 9.606463 -50.035580 0.218065 0.472039 -1
0 51.774189 9.606463 -39.570736 0.263339 0.461435 -1
0 11.509463 9.606463 33.915798 0.444035 0.673476 -1
0 15.386938 9.606463 -66.835297 0.137572 0.663710 -1
0 39.360630 9.606463 -58.961872 0.187260 0.493250 -1
0 51.774189 9.606463 -51.462925 0.211890 0.461435 -1
0 13.670224 10.652825 30.965094 0.447637 0.434784 -1
0 11.509463 9.606463 33.915798 0.434871 0.424180 -1
0 51.774189 9.606463 -39.570736 0.615567 0.636221 -1
0 49.744423 9.606463 -39.321896 0.614491 0.625617 -1
0 18.275663 10.652825 -63.884594 0.728569 0.444550 -1
0 15.386938 9.606463 -66.835297 0.741334 0.433946 -1
0 38.422760 10.652825 -56.791409 0.682256 0.599278 -1
0 39.360630 9.606463 -58.961872 0.691646 0.604406 -1
0 49.744423 9.606463 -50.035580 0.660841 0.625617 -1
0 51.774189 9.606463 -51.462925 0.667016 0.636221 -1
0 -18.275654 8.560101 -63.884594 0.150338 0.653107 -1
0 -13.670219 8.560101 30.965101 0.431269 0.662872 -1
0 -49.744431 9.606463 -39.321877 0.264415 0.472039 -1
0 -38.422771 8.560101 -56.791370 0.196650 0.498378 -1
0 -49.744431 9.606463 -50.035572 0.218065 0.472039 -1
0 -11.509458 9.606463 33.915810 0.444035 0.673476 -1
0 -51.774178 9.606463 -39.570713 0.263339 0.461435 -1
0 -15.386942 9.606463 -66.835297 0.137572 0.663710 -1
0 -39.360634 9.606463 -58.961857 0.187260 0.493250 -1
0 -51.774178 9.606463 -51.462894 0.211890 0.461435 -1
0 -51.774178 9.606463 -39.570713 0.615567 0.636221 -1
0 -11.509458 9.606463 33.915810 0.434871 0.424180 -1
0 -13.670219 10.652825 30.965101 0.447637 0.434784 -1
0 -49.744431 9.606463 -39.321877 0.614491 0.625617 -1
0 -15.386942 9.606463 -66.835297 0.741334 0.433946 -1
0 -18.275654 10.652825 -63.884594 0.728569 0.444550 -1
0 -38.422771 10.652825 -56.791370 0.682256 0.599278 -1
0 -39.360634 9.606463 -58.961857 0.691646 0.604406 -1
0 -49.744431 9.606463 -50.035572 0.660841 0.625617 -1
0 -51.774178 9.606463 -51.462894 0.667016 0.636221 -1
39
0.015831 -0.999819 0.010515
0.145288 -0.976652 0.158247
-0.087694 -0.986284 -0.139838
0.094430 -0.988306 -0.119723
0.047339 -0.998599 0.023640
0.170355 -0.981248 0.090170
0.003503 -0.986428 0.164157
-0.046370 -0.991431 -0.122127
0.101693 -0.964450 -0.243914
0.052939 -0.996998 -0.056505
0.145288 0.976652 0.158247
0.005828 0.961975 0.273077
0.290788 0.944326 0.153916
0.015829 0.999868 -0.003583
-0.120349 0.992369 -0.026834
-0.012978 0.952780 -0.303385
0.118491 0.968182 -0.220416
0.136566 0.961097 -0.240086
0.031504 0.999489 0.005442
0.000000 1.000000 0.000000
0.087694 -0.986284 -0.139837
-0.145289 -0.976652 0.158247
-0.015831 -0.999819 0.010515
-0.094430 -0.988307 -0.119721
-0.047339 -0.998599 0.023640
-0.003503 -0.986428 0.164157
-0.170355 -0.981248 0.090170
0.046371 -0.991431 -0.122127
-0.101693 -0.964451 -0.243913
-0.052939 -0.996998 -0.056504
-0.290788 0.944326 0.153916
-0.005827 0.961975 0.273077
-0.145289 0.976652 0.158247
-0.015829 0.999868 -0.003583
0.012978 0.952780 -0.303384
0.120350 0.992369 -0.026833
-0.118490 0.968183 -0.220414
-0.136565 0.961098 -0.240085
-0.031503 0.999489 0.005444
58
0 0 1 2 0 1 2 1
0 0 2 3 0 2 3 1
0 0 3 4 0 3 4 1
0 5 6 1 5 6 1 1
0 5 1 0 5 1 0 1
0 5 6 7 5 6 7 1
0 5 7 8 5 7 8 1
0 5 8 9 5 8 9 1
0 10 11 12 10 11 12 1
0 10 12 13 10 12 13 1
0 14 15 11 14 15 11 1
0 14 11 10 14 11 10 1
0 15 14 16 15 14 16 1
0 15 16 17 15 16 17 1
0 14 10 13 14 10 13 1
0 14 13 18 14 13 18 1
0 14 18 16 14 18 16 1
0 18 13 12 18 13 12 1
0 18 12 19 18 12 19 1
0 9 5 0 9 5 0 1
0 9 0 4 9 0 4 1
0 3 8 9 3 8 9 1
0 3 9 4 3 9 4 1
0 2 7 8 2 7 8 1
0 2 8 3 2 8 3 1
0 6 7 2 6 7 2 1
0 6 2 1 6 2 1 1
0 17 16 18 17 16 18 1
0 17 18 19 17 18 19 1
0 20 21 22 20 21 22 1
0 23 20 22 23 20 22 1
0 24 23 22 24 23 22 1
0 21 25 26 21 25 26 1
0 22 21 26 22 21 26 1
0 27 25 26 27 25 26 1
0 28 27 26 28 27 26 1
0 29 28 26 29 28 26 1
0 30 31 32 30 31 32 1
0 33 30 32 33 30 32 1
0 31 34 35 31 34 35 1
0 32 31 35 32 31 35 1
0 36 35 34 36 35 34 1
0 37 36 34 37 36 34 1
0 33 32 35 33 32 35 1
0 38 33 35 38 33 35 1
0 36 38 35 36 38 35 1
0 30 33 38 30 33 38 1
0 39 30 38 19 30 38 1
0 22 26 29 22 26 29 1
0 24 22 29 24 22 29 1
0 29 28 23 29 28 23 1
0 24 29 23 24 29 23 1
0 28 27 20 28 27 20 1
0 23 28 20 23 28 20 1
0 20 27 25 20 27 25 1
0 21 20 25 21 20 25 1
0 38 36 37 38 36 37 1
0 39 38 37 19 38 37 1
"thrust" 0 1
8
0 0.902394 6.551662 -46.964436 0.858040 0.943749 -1
0 0.902394 11.325668 -46.964436 0.858040 0.872945 -1
0 8.496754 11.325668 -46.472477 0.927999 0.872945 -1
0 8.496754 6.551662 -46.472477 0.927999 0.943749 -1
0 -8.496756 11.325668 -46.472477 0.927999 0.872945 -1
0 -0.902408 11.325668 -46.964436 0.858040 0.872945 -1
0 -0.902408 6.551662 -46.964436 0.858040 0.943749 -1
0 -8.496756 6.551662 -46.472477 0.927999 0.943749 -1
2
0.064644 0.000000 -0.997908
-0.064644 0.000000 -0.997908
4
0 0 1 2 0 0 0 1
0 0 2 3 0 0 0 1
0 4 5 6 1 1 1 1
0 7 4 6 1 1 1 1

Materials: 3
"f22"
0.200000 0.200000 0.200000 1.000000
1.000000 1.000000 1.000000 1.000000
0.000000 0.000000 0.000000 1.000000
0.160784 0.160784 0.160784 1.000000
0.000000
1.000000
"f22.jpg"
""
"flame"
1.000000 0.000000 0.000000 1.000000
1.000000 1.000000 0.000000 1.000000
1.000000 1.000000 1.000000 1.000000
1.000000 0.000000 0.000000 1.000000
128.000000
1.000000
"f22.jpg"
""
"cockpit"
0.200000 0.200000 0.200000 1.000000
0.090196 0.090196 0.090196 1.000000
0.000000 0.000000 0.000000 1.000000
0.066667 0.066667 0.000000 1.000000
0.000000
1.000000
"sphere_cockpit.png"
""

Bones: 0
GroupComments: 0
MaterialComments: 0
BoneComments: 0
ModelComment: 0
