// MilkShape 3D ASCII

Frames: 30
Frame: 1

Meshes: 7
"hull" 0 0
85
1 2.644363 14.437092 -17.430624 0.558096 0.064398 -1
1 2.217988 14.193062 -17.430624 0.547537 0.064398 -1
1 0.000716 14.657462 -17.519514 0.492625 0.062759 -1
1 1.706516 14.464632 28.511692 0.534870 0.927714 -1
1 0.000749 14.662963 32.411701 0.492626 0.999627 -1
1 1.431405 14.245003 28.499577 0.528057 0.927492 -1
1 2.380031 14.437089 16.286619 0.551550 0.702297 -1
1 1.996293 14.193062 16.286625 0.542047 0.702297 -1
1 2.380031 14.437091 23.394957 0.551550 0.833367 -1
1 1.996293 14.193063 23.394957 0.542047 0.833367 -1
1 2.142102 14.464995 26.260866 0.545658 0.886212 -1
1 1.796739 14.245369 26.260866 0.537105 0.886212 -1
1 2.217988 14.193062 -17.430624 0.824540 0.583632 -1
1 0.627017 13.669560 -10.356548 0.811300 0.613207 -1
1 0.000716 14.657462 -17.519514 0.806088 0.583261 -1
1 1.431405 14.245003 28.499577 0.517994 0.378301 -1
1 0.000749 14.662963 32.411701 0.494824 0.411859 -1
1 0.000749 13.669559 26.480377 0.494824 0.360983 -1
1 1.996293 14.193062 16.286625 0.822695 0.728265 -1
1 1.996293 14.193062 16.286625 0.527143 0.273546 -1
1 0.564420 13.669559 16.292974 0.503953 0.273599 -1
1 0.627017 13.669560 -10.356548 0.504967 0.037483 -1
1 1.996293 14.193063 23.394957 0.527143 0.334516 -1
1 1.796739 14.245369 26.260866 0.523910 0.359099 -1
1 0.222252 13.669560 -10.356548 0.807932 0.613207 -1
1 0.200131 13.669559 16.292974 0.498053 0.273599 -1
1 0.222252 13.669560 -10.356548 0.498413 0.037483 -1
1 -0.220820 13.669560 -10.356548 0.804244 0.613207 -1
1 -0.220820 13.669560 -10.356548 0.491236 0.037483 -1
1 -0.198634 13.669559 16.292974 0.491596 0.273599 -1
1 0.000716 15.406560 -17.852850 0.492625 0.056613 -1
1 0.434105 15.510142 -17.597294 0.503358 0.061325 -1
1 0.000749 15.495340 28.499571 0.492626 0.927492 -1
1 0.280386 15.359875 28.499575 0.499551 0.927492 -1
1 0.000716 15.660661 -20.352848 0.492625 0.010515 -1
1 0.000749 16.515659 16.286629 0.492626 0.702297 -1
1 0.390799 16.365143 16.286627 0.502285 0.702297 -1
1 0.000749 16.515657 23.394960 0.492626 0.833367 -1
1 0.390799 16.365143 23.394958 0.502285 0.833367 -1
1 0.000749 16.564796 26.260868 0.492626 0.886212 -1
1 0.351794 16.429333 26.260872 0.501320 0.886212 -1
1 1.434080 15.291604 -13.245440 0.528123 0.141569 -1
1 0.511671 14.976894 28.499577 0.505279 0.927492 -1
1 1.290777 15.291606 16.286627 0.524574 0.702297 -1
1 1.290777 15.291607 23.394957 0.524574 0.833367 -1
1 1.161774 15.169259 26.260866 0.521379 0.886212 -1
1 2.217988 14.740538 -17.430626 0.547537 0.064398 -1
1 1.431405 14.737734 28.499573 0.528057 0.927492 -1
1 1.996293 14.740540 16.286621 0.542047 0.702297 -1
1 1.996293 14.740540 23.394958 0.542047 0.833367 -1
1 1.796739 14.738102 26.260868 0.537105 0.886212 -1
1 -2.216556 14.193062 -17.430624 0.437712 0.064398 -1
1 -2.642931 14.437092 -17.430624 0.427153 0.064398 -1
1 -1.429908 14.245003 28.499577 0.457194 0.927492 -1
1 -1.705019 14.464632 28.511692 0.450381 0.927714 -1
1 -1.994796 14.193062 16.286625 0.443205 0.702297 -1
1 -2.378533 14.437089 16.286619 0.433701 0.702297 -1
1 -2.378533 14.437091 23.394957 0.433701 0.833367 -1
1 -1.994796 14.193063 23.394957 0.443205 0.833367 -1
1 -1.795242 14.245369 26.260866 0.448147 0.886212 -1
1 -2.140605 14.464995 26.260866 0.439593 0.886212 -1
1 -0.625586 13.669560 -10.356548 0.800876 0.613207 -1
1 -2.216556 14.193062 -17.430624 0.787635 0.583632 -1
1 -1.429908 14.245003 28.499577 0.471655 0.378301 -1
1 -1.994796 14.193062 16.286625 0.789481 0.728265 -1
1 -0.625586 13.669560 -10.356548 0.484682 0.037483 -1
1 -0.562923 13.669559 16.292974 0.485696 0.273599 -1
1 -1.994796 14.193062 16.286625 0.462507 0.273546 -1
1 -1.994796 14.193063 23.394957 0.462507 0.334516 -1
1 -1.795242 14.245369 26.260866 0.465739 0.359099 -1
1 -0.432673 15.510142 -17.597294 0.481892 0.061325 -1
1 -0.278888 15.359875 28.499575 0.485700 0.927492 -1
1 -0.389301 16.365143 16.286627 0.482966 0.702297 -1
1 -0.389301 16.365143 23.394958 0.482966 0.833367 -1
1 -0.350296 16.429333 26.260872 0.483932 0.886212 -1
1 -1.432648 15.291604 -13.245440 0.457126 0.141569 -1
1 -0.510173 14.976894 28.499577 0.479972 0.927492 -1
1 -1.289279 15.291606 16.286627 0.460677 0.702297 -1
1 -1.289279 15.291607 23.394957 0.460677 0.833367 -1
1 -1.160276 15.169259 26.260866 0.463872 0.886212 -1
1 -2.216556 14.740538 -17.430626 0.437712 0.064398 -1
1 -1.429908 14.737734 28.499573 0.457194 0.927492 -1
1 -1.994796 14.740540 16.286621 0.443205 0.702297 -1
1 -1.994796 14.740540 23.394958 0.443205 0.833367 -1
1 -1.795242 14.738102 26.260868 0.448147 0.886212 -1
107
0.033697 0.001102 -0.999431
0.029298 -0.051191 -0.998259
-0.000000 0.061166 -0.998128
0.914439 -0.044833 0.402233
0.000000 0.916045 0.401075
0.588058 -0.752910 0.295490
0.873956 -0.485961 0.006511
0.921564 0.388212 0.003365
0.526747 -0.850020 0.001869
0.496730 -0.867899 0.003266
0.881722 -0.470166 0.038865
0.536425 -0.843537 0.026355
0.928071 0.351592 0.122749
0.556603 -0.827164 0.077418
0.884615 -0.437225 0.162143
0.618013 -0.779689 0.100726
-0.199109 -0.972994 -0.116784
-0.100060 -0.986798 -0.127348
0.000000 -0.991397 -0.130889
0.161417 -0.973329 0.163017
0.000000 -0.986263 0.165184
0.321015 -0.947072 0.002111
0.313827 -0.949457 0.006609
0.174370 -0.984667 0.005029
0.116039 -0.993245 0.000273
0.281736 -0.959295 0.019454
0.000000 -0.999826 0.018668
0.309947 -0.949703 0.044700
0.310505 -0.949228 0.050516
0.000000 -0.990623 -0.136625
0.000000 -1.000000 -0.000000
0.000000 -1.000000 -0.000000
0.000000 -1.000000 -0.000000
0.000000 -0.406549 -0.913629
0.738853 -0.423358 -0.524276
-0.000000 0.978105 0.208110
0.663842 0.726651 0.176898
0.000015 -0.440528 -0.897739
0.000001 0.999929 -0.011903
0.636769 0.769569 -0.047843
0.581584 0.813426 -0.009890
0.000000 0.999963 -0.008572
0.594159 0.804339 0.003783
-0.000000 0.976659 0.214796
0.624852 0.759712 0.179990
-0.000000 0.902327 0.431053
0.615703 0.702641 0.356659
0.791265 0.507765 -0.340697
0.591097 0.794194 0.140928
0.630583 0.776122 -0.000935
0.405916 0.913908 0.001970
0.694442 0.718883 0.030945
0.677088 0.725217 0.124950
0.576631 0.782570 0.234692
0.004132 0.677098 -0.735881
0.479154 0.856564 0.191597
0.600362 0.799719 0.003879
0.617919 0.786239 0.002031
0.611190 0.791132 0.023595
0.589988 0.804455 0.069037
0.540330 0.832467 0.122645
0.000000 -0.994874 -0.101119
-0.029298 -0.051191 -0.998259
-0.033697 0.001102 -0.999431
-0.588058 -0.752910 0.295490
-0.914439 -0.044832 0.402233
-0.526748 -0.850019 0.001869
-0.921564 0.388211 0.003366
-0.873956 -0.485961 0.006513
-0.496730 -0.867899 0.003267
-0.881722 -0.470165 0.038865
-0.536426 -0.843536 0.026355
-0.556603 -0.827163 0.077418
-0.928071 0.351592 0.122749
-0.884615 -0.437225 0.162143
-0.618013 -0.779689 0.100726
0.100060 -0.986798 -0.127348
0.199109 -0.972994 -0.116784
-0.161417 -0.973329 0.163018
-0.321017 -0.947071 0.002111
-0.116039 -0.993245 0.000273
-0.174369 -0.984667 0.005029
-0.313827 -0.949457 0.006609
-0.281736 -0.959295 0.019454
-0.309946 -0.949703 0.044700
-0.310505 -0.949228 0.050516
-0.738853 -0.423358 -0.524276
-0.663842 0.726651 0.176898
-0.636767 0.769570 -0.047842
-0.581584 0.813426 -0.009889
-0.594159 0.804339 0.003783
-0.624853 0.759712 0.179990
-0.615703 0.702641 0.356659
-0.791265 0.507765 -0.340697
-0.591097 0.794194 0.140928
-0.630583 0.776122 -0.000935
-0.405918 0.913907 0.001971
-0.694442 0.718883 0.030945
-0.677088 0.725217 0.124950
-0.576631 0.782571 0.234692
-0.004132 0.677098 -0.735881
-0.479154 0.856564 0.191597
-0.600363 0.799718 0.003880
-0.617919 0.786239 0.002032
-0.611190 0.791132 0.023595
-0.589987 0.804456 0.069037
-0.540330 0.832468 0.122645
134
1 0 1 2 0 1 2 2
1 3 4 5 3 4 5 2
1 0 6 7 6 7 8 1
1 0 7 1 6 8 9 1
1 6 8 7 7 10 8 1
1 8 9 7 10 11 8 1
1 8 10 11 10 12 13 1
1 8 11 9 10 13 11 1
1 10 3 11 12 14 13 1
1 3 5 11 14 15 13 1
1 12 13 14 16 17 18 2
1 15 16 17 19 20 20 2
1 12 18 13 21 21 21 1
1 19 20 21 22 23 24 1
1 19 22 17 22 25 26 1
1 19 17 20 22 26 23 1
1 22 23 17 25 27 26 1
1 23 15 17 27 28 26 1
1 13 24 14 17 29 18 2
1 21 20 25 24 23 30 1
1 21 25 26 24 30 31 1
1 20 17 25 23 26 30 1
1 24 27 14 29 29 18 2
1 26 25 28 31 30 31 1
1 25 29 28 30 32 31 1
1 25 17 29 30 26 32 1
1 30 31 2 33 34 2 2
1 32 4 33 35 4 36 2
1 34 35 31 37 38 39 1
1 35 36 31 38 40 39 1
1 35 37 38 38 41 42 1
1 35 38 36 38 42 40 1
1 37 39 38 41 43 42 1
1 39 40 38 43 44 42 1
1 39 32 33 43 45 46 1
1 39 33 40 43 46 44 1
1 31 41 2 34 47 2 2
1 33 4 42 36 4 48 2
1 31 36 43 39 40 49 1
1 31 43 41 39 49 50 1
1 36 38 43 40 42 49 1
1 38 44 43 42 51 49 1
1 38 40 45 42 44 52 1
1 38 45 44 42 52 51 1
1 40 33 45 44 46 52 1
1 33 42 45 46 53 52 1
1 41 46 2 47 54 2 2
1 42 4 47 48 4 55 2
1 41 43 46 50 49 56 1
1 43 48 46 49 57 56 1
1 43 44 49 49 51 58 1
1 43 49 48 49 58 57 1
1 44 45 49 51 52 58 1
1 45 50 49 52 59 58 1
1 45 42 47 52 53 60 1
1 45 47 50 52 60 59 1
1 46 0 2 54 0 2 2
1 47 4 3 55 4 3 2
1 46 48 6 56 57 7 1
1 46 6 0 56 7 6 1
1 48 49 6 57 58 7 1
1 49 8 6 58 10 7 1
1 49 50 10 58 59 12 1
1 49 10 8 58 12 10 1
1 50 47 10 59 60 12 1
1 47 3 10 60 14 12 1
1 30 34 31 61 37 39 1
1 2 51 52 2 62 63 2
1 53 4 54 64 4 65 2
1 55 56 52 66 67 68 1
1 51 55 52 69 66 68 1
1 55 57 56 66 70 67 1
1 55 58 57 66 71 70 1
1 59 60 57 72 73 70 1
1 58 59 57 71 72 70 1
1 59 54 60 72 74 73 1
1 59 53 54 72 75 74 1
1 14 61 62 18 76 77 2
1 17 16 63 20 20 78 2
1 61 64 62 79 79 79 1
1 65 66 67 80 81 82 1
1 17 68 67 26 83 82 1
1 66 17 67 81 26 82 1
1 17 69 68 26 84 83 1
1 17 63 69 26 85 84 1
1 14 27 61 18 29 76 2
1 29 66 65 32 81 80 1
1 28 29 65 31 32 80 1
1 29 17 66 32 26 81 1
1 14 24 27 18 29 29 2
1 26 29 28 31 32 31 1
1 26 25 29 31 30 32 1
1 25 17 29 30 26 32 1
1 2 70 30 2 86 33 2
1 71 4 32 87 4 35 2
1 70 35 34 88 38 37 1
1 70 72 35 88 89 38 1
1 73 37 35 90 41 38 1
1 72 73 35 89 90 38 1
1 73 39 37 90 43 41 1
1 73 74 39 90 91 43 1
1 71 32 39 92 45 43 1
1 74 71 39 91 92 43 1
1 2 75 70 2 93 86 2
1 76 4 71 94 4 87 2
1 77 72 70 95 89 88 1
1 75 77 70 96 95 88 1
1 77 73 72 95 90 89 1
1 77 78 73 95 97 90 1
1 79 74 73 98 91 90 1
1 78 79 73 97 98 90 1
1 79 71 74 98 92 91 1
1 79 76 71 98 99 92 1
1 2 80 75 2 100 93 2
1 81 4 76 101 4 94 2
1 80 77 75 102 95 96 1
1 80 82 77 102 103 95 1
1 83 78 77 104 97 95 1
1 82 83 77 103 104 95 1
1 83 79 78 104 98 97 1
1 83 84 79 104 105 98 1
1 81 76 79 106 99 98 1
1 84 81 79 105 106 98 1
1 2 52 80 2 63 100 2
1 54 4 81 65 4 101 2
1 56 82 80 67 103 102 1
1 52 56 80 68 67 102 1
1 56 83 82 67 104 103 1
1 56 57 83 67 70 104 1
1 60 84 83 73 105 104 1
1 57 60 83 70 73 104 1
1 60 81 84 73 106 105 1
1 60 54 81 73 74 106 1
1 70 34 30 88 37 61 1
"hull2" 0 0
62
1 7.550017 14.432683 -7.696803 0.541799 0.236779 -1
1 7.180677 14.432683 -4.647834 0.539538 0.273504 -1
1 0.003795 13.442682 3.247649 0.495597 0.368605 -1
1 7.550017 14.621633 -7.696804 0.669871 0.315359 -1
1 0.003795 15.881633 -4.585690 0.492304 0.389044 -1
1 7.180677 14.621634 -4.647833 0.661181 0.387572 -1
1 7.550017 14.432683 -7.696803 0.669871 0.315359 -1
1 7.180677 14.432683 -4.647834 0.661181 0.387572 -1
1 4.320874 14.432683 1.361942 0.522029 0.345891 -1
1 4.320874 14.621635 1.361942 0.593887 0.529911 -1
1 4.320874 14.432683 1.361942 0.593887 0.529911 -1
1 3.542463 14.432683 3.544762 0.517263 0.372183 -1
1 3.542463 14.621634 3.544762 0.575571 0.581610 -1
1 3.542463 14.432683 3.544762 0.575571 0.581610 -1
1 1.677869 14.432683 12.836865 0.505847 0.476501 -1
1 1.677869 14.621633 12.836865 0.531696 0.786736 -1
1 1.677869 14.432683 12.836865 0.531696 0.786736 -1
1 0.003519 14.432682 13.319777 0.495596 0.482318 -1
1 0.003519 14.621634 13.319777 0.492297 0.798173 -1
1 0.003519 14.432682 13.319777 0.492297 0.798173 -1
1 -1.670830 14.432683 12.836865 0.485345 0.476501 -1
1 -1.670830 14.621633 12.836865 0.452899 0.786736 -1
1 -1.670830 14.432683 12.836865 0.452899 0.786736 -1
1 -3.534874 14.432683 3.544762 0.473932 0.372183 -1
1 -3.534874 14.621634 3.544762 0.409036 0.581610 -1
1 -3.534874 14.432683 3.544762 0.409036 0.581610 -1
1 -4.313283 14.432683 1.361942 0.469166 0.345891 -1
1 -4.313283 14.621635 1.361942 0.390720 0.529911 -1
1 -4.313283 14.432683 1.361942 0.390720 0.529911 -1
1 -7.173097 14.432683 -4.647834 0.451658 0.273504 -1
1 -7.173097 14.621634 -4.647833 0.323426 0.387572 -1
1 -7.173097 14.432683 -4.647834 0.323426 0.387572 -1
1 -7.542428 14.432683 -7.696803 0.449396 0.236779 -1
1 -7.542428 14.621633 -7.696804 0.314736 0.315359 -1
1 -7.542428 14.432683 -7.696803 0.314736 0.315359 -1
1 -5.035481 14.432683 -10.745774 0.464745 0.200055 -1
1 -5.035481 14.621634 -10.745775 0.373726 0.243145 -1
1 -5.035481 14.432683 -10.745774 0.373726 0.243145 -1
1 -3.384981 14.432683 -17.659250 0.474850 0.116783 -1
1 -3.384981 14.621634 -17.659250 0.412563 0.079402 -1
1 -3.384981 14.432683 -17.659250 0.412563 0.079402 -1
1 -2.458296 14.432682 -18.175417 0.480524 0.110565 -1
1 -2.458296 14.621635 -18.175413 0.434369 0.067177 -1
1 -2.458296 14.432682 -18.175417 0.434369 0.067177 -1
1 -1.284113 14.432684 -17.599096 0.487712 0.117507 -1
1 -1.284113 14.621634 -17.599092 0.461998 0.080827 -1
1 -1.284113 14.432684 -17.599096 0.461998 0.080827 -1
1 0.003795 14.432682 -18.081999 0.495597 0.111691 -1
1 0.003795 14.621635 -18.082001 0.492304 0.069390 -1
1 0.003795 14.432682 -18.081999 0.492304 0.069390 -1
1 1.291704 14.432684 -17.599096 0.503483 0.117507 -1
1 1.291704 14.621634 -17.599092 0.522609 0.080827 -1
1 1.291704 14.432684 -17.599096 0.522609 0.080827 -1
1 2.465887 14.432682 -18.175417 0.510672 0.110565 -1
1 2.465887 14.621635 -18.175413 0.550239 0.067177 -1
1 2.465887 14.432682 -18.175417 0.550239 0.067177 -1
1 3.392572 14.432683 -17.659250 0.516345 0.116783 -1
1 3.392572 14.621634 -17.659250 0.572044 0.079402 -1
1 3.392572 14.432683 -17.659250 0.572044 0.079402 -1
1 5.043069 14.432683 -10.745774 0.526450 0.200055 -1
1 5.043069 14.621634 -10.745775 0.610881 0.243145 -1
1 5.043069 14.432683 -10.745774 0.610881 0.243145 -1
81
0.108595 -0.993972 -0.015035
0.217168 -0.973220 0.075372
-0.000000 -0.999836 0.018133
0.148405 0.988109 -0.040217
-0.000001 0.999906 -0.013695
0.173122 0.983544 0.051673
0.959998 -0.000001 -0.280005
0.959998 -0.000002 -0.280005
0.960404 -0.000001 0.278612
0.960404 -0.000001 0.278612
0.268394 -0.956758 0.112152
0.182333 0.980346 0.075339
0.923631 -0.000001 0.383284
0.923631 -0.000001 0.383284
0.263001 -0.962020 0.073129
0.214131 0.975087 0.057914
0.963693 0.000000 0.267013
0.963693 0.000001 0.267013
0.147644 -0.986114 0.076032
0.129153 0.989857 0.059177
0.735754 0.000000 0.677249
0.735754 0.000000 0.677249
0.000000 -0.995204 0.097820
0.000000 0.997533 0.070196
-0.000000 0.000000 1.000000
-0.147645 -0.986114 0.076023
-0.129164 0.989856 0.059171
-0.735774 0.000000 0.677228
-0.735774 0.000000 0.677228
-0.263002 -0.962020 0.073122
-0.214141 0.975085 0.057909
-0.963701 0.000000 0.266985
-0.963701 0.000001 0.266985
-0.268394 -0.956758 0.112152
-0.182333 0.980346 0.075339
-0.923630 -0.000001 0.383284
-0.923630 -0.000001 0.383284
-0.217167 -0.973220 0.075372
-0.173122 0.983544 0.051673
-0.960404 -0.000001 0.278611
-0.960404 -0.000001 0.278611
-0.108595 -0.993972 -0.015035
-0.148405 0.988109 -0.040217
-0.959998 -0.000002 -0.280007
-0.959998 -0.000001 -0.280007
-0.088509 -0.995329 -0.038544
-0.156617 0.984933 -0.073340
-0.895497 -0.000002 -0.445067
-0.895497 -0.000002 -0.445067
-0.070799 -0.996851 -0.035728
-0.118591 0.990829 -0.064754
-0.797008 0.000004 -0.603969
-0.797008 0.000000 -0.603969
-0.000079 -0.998934 -0.046154
0.001471 0.995704 -0.092585
-0.025957 0.000015 -0.999663
-0.025957 0.000020 -0.999663
0.003311 -0.998859 -0.047640
0.007406 0.995247 -0.097096
0.048757 0.000012 -0.998811
0.048758 0.000020 -0.998811
-0.000000 -0.998925 -0.046364
-0.000000 0.995670 -0.092954
-0.000000 0.000005 -1.000000
-0.000000 -0.000010 -1.000000
-0.003311 -0.998859 -0.047640
-0.007406 0.995247 -0.097096
-0.048757 0.000012 -0.998811
-0.048758 0.000020 -0.998811
0.000079 -0.998934 -0.046154
-0.001471 0.995704 -0.092585
0.025957 0.000015 -0.999663
0.025957 0.000020 -0.999663
0.070799 -0.996851 -0.035728
0.118591 0.990829 -0.064754
0.797008 0.000004 -0.603969
0.797008 0.000000 -0.603968
0.088509 -0.995329 -0.038543
0.156617 0.984933 -0.073340
0.895497 -0.000002 -0.445067
0.895497 -0.000002 -0.445067
80
1 0 1 2 0 1 2 2
1 3 4 5 3 4 5 2
1 6 3 7 6 7 8 1
1 3 5 7 7 9 8 1
1 1 8 2 1 10 2 2
1 5 4 9 5 4 11 2
1 7 5 9 8 9 12 1
1 7 9 10 8 12 13 1
1 8 11 2 10 14 2 2
1 9 4 12 11 4 15 2
1 10 9 13 13 12 16 1
1 9 12 13 12 17 16 1
1 11 14 2 14 18 2 2
1 12 4 15 15 4 19 2
1 13 12 15 16 17 20 1
1 13 15 16 16 20 21 1
1 14 17 2 18 22 2 2
1 15 4 18 19 4 23 2
1 16 15 19 21 20 24 1
1 15 18 19 20 24 24 1
1 17 20 2 22 25 2 2
1 18 4 21 23 4 26 2
1 19 18 21 24 24 27 1
1 19 21 22 24 27 28 1
1 20 23 2 25 29 2 2
1 21 4 24 26 4 30 2
1 22 21 25 28 27 31 1
1 21 24 25 27 32 31 1
1 23 26 2 29 33 2 2
1 24 4 27 30 4 34 2
1 25 24 27 31 32 35 1
1 25 27 28 31 35 36 1
1 26 29 2 33 37 2 2
1 27 4 30 34 4 38 2
1 28 27 31 36 35 39 1
1 27 30 31 35 40 39 1
1 29 32 2 37 41 2 2
1 30 4 33 38 4 42 2
1 31 30 33 39 40 43 1
1 31 33 34 39 43 44 1
1 32 35 2 41 45 2 2
1 33 4 36 42 4 46 2
1 34 33 37 44 43 47 1
1 33 36 37 43 48 47 1
1 35 38 2 45 49 2 2
1 36 4 39 46 4 50 2
1 37 36 39 47 48 51 1
1 37 39 40 47 51 52 1
1 38 41 2 49 53 2 2
1 39 4 42 50 4 54 2
1 40 39 43 52 51 55 1
1 39 42 43 51 56 55 1
1 41 44 2 53 57 2 2
1 42 4 45 54 4 58 2
1 43 42 45 55 56 59 1
1 43 45 46 55 59 60 1
1 44 47 2 57 61 2 2
1 45 4 48 58 4 62 2
1 46 45 49 60 59 63 1
1 45 48 49 59 64 63 1
1 47 50 2 61 65 2 2
1 48 4 51 62 4 66 2
1 49 48 51 63 64 67 1
1 49 51 52 63 67 68 1
1 50 53 2 65 69 2 2
1 51 4 54 66 4 70 2
1 52 51 55 68 67 71 1
1 51 54 55 67 72 71 1
1 53 56 2 69 73 2 2
1 54 4 57 70 4 74 2
1 55 54 57 71 72 75 1
1 55 57 58 71 75 76 1
1 56 59 2 73 77 2 2
1 57 4 60 74 4 78 2
1 58 57 61 76 75 79 1
1 57 60 61 75 80 79 1
1 59 0 2 77 0 2 2
1 60 4 3 78 4 3 2
1 61 60 3 79 80 7 1
1 61 3 6 79 7 6 1
"cockpit" 0 2
66
1 0.383060 16.104691 26.287617 0.000000 0.000000 -1
1 0.784113 15.487123 26.287613 0.000000 1.000000 -1
1 0.529319 16.199669 26.287615 1.000000 0.000000 -1
1 0.930371 15.582106 26.287611 1.000000 1.000000 -1
1 0.529319 16.199669 26.287615 0.000000 0.000000 -1
1 0.930371 15.582106 26.287611 0.000000 1.000000 -1
1 0.529319 16.199671 25.027615 1.000000 0.000000 -1
1 0.930371 15.582106 25.027613 1.000000 1.000000 -1
1 0.529319 16.199671 25.027615 0.000000 0.000000 -1
1 0.930371 15.582106 25.027613 0.000000 1.000000 -1
1 0.383060 16.104691 25.027617 1.000000 0.000000 -1
1 0.784113 15.487122 25.027615 1.000000 1.000000 -1
1 0.383060 16.104691 25.027617 0.000000 0.000000 -1
1 0.784113 15.487122 25.027615 0.000000 1.000000 -1
1 0.383060 16.104691 26.287617 1.000000 0.000000 -1
1 0.784113 15.487123 26.287613 1.000000 1.000000 -1
1 0.383060 16.104691 26.287617 0.000000 1.000000 -1
1 0.529319 16.199669 26.287615 1.000000 1.000000 -1
1 0.784113 15.487123 26.287613 0.000000 0.000000 -1
1 0.930371 15.582106 26.287611 1.000000 0.000000 -1
1 -0.527887 16.199669 26.287615 1.000000 0.000000 -1
1 -0.782681 15.487123 26.287613 0.000000 1.000000 -1
1 -0.381628 16.104691 26.287617 0.000000 0.000000 -1
1 -0.928940 15.582106 26.287611 1.000000 1.000000 -1
1 -0.527887 16.199671 25.027615 1.000000 0.000000 -1
1 -0.928940 15.582106 26.287611 0.000000 1.000000 -1
1 -0.527887 16.199669 26.287615 0.000000 0.000000 -1
1 -0.928940 15.582106 25.027613 1.000000 1.000000 -1
1 -0.381628 16.104691 25.027617 1.000000 0.000000 -1
1 -0.928940 15.582106 25.027613 0.000000 1.000000 -1
1 -0.527887 16.199671 25.027615 0.000000 0.000000 -1
1 -0.782681 15.487122 25.027615 1.000000 1.000000 -1
1 -0.381628 16.104691 26.287617 1.000000 0.000000 -1
1 -0.782681 15.487122 25.027615 0.000000 1.000000 -1
1 -0.381628 16.104691 25.027617 0.000000 0.000000 -1
1 -0.782681 15.487123 26.287613 1.000000 1.000000 -1
1 -0.381628 16.104691 26.287617 0.000000 1.000000 -1
1 -0.527887 16.199669 26.287615 1.000000 1.000000 -1
1 -0.928940 15.582106 26.287611 1.000000 0.000000 -1
1 -0.782681 15.487123 26.287613 0.000000 0.000000 -1
1 0.000716 15.172484 29.233067 0.000000 0.000000 -1
1 0.000716 15.172484 29.233067 0.000000 1.000000 -1
1 0.000716 15.172484 29.233067 1.000000 0.000000 -1
1 0.000716 15.172484 29.233067 1.000000 1.000000 -1
1 0.529319 16.199669 26.320332 1.000000 0.000000 -1
1 0.930371 15.582108 26.320332 1.000000 1.000000 -1
1 0.529319 16.199669 26.320332 0.000000 0.000000 -1
1 0.930371 15.582108 26.320332 0.000000 1.000000 -1
1 0.383060 16.104692 26.320332 1.000000 0.000000 -1
1 0.784113 15.487123 26.320332 1.000000 1.000000 -1
1 0.383060 16.104692 26.320332 0.000000 0.000000 -1
1 0.784113 15.487123 26.320332 0.000000 1.000000 -1
1 -0.527887 16.199669 26.320332 1.000000 0.000000 -1
1 -0.928940 15.582108 26.320332 1.000000 1.000000 -1
1 -0.381628 16.104692 26.320332 1.000000 0.000000 -1
1 -0.928940 15.582108 26.320332 0.000000 1.000000 -1
1 -0.527887 16.199669 26.320332 0.000000 0.000000 -1
1 -0.782681 15.487123 26.320332 1.000000 1.000000 -1
1 -0.782681 15.487123 26.320332 0.000000 1.000000 -1
1 -0.381628 16.104692 26.320332 0.000000 0.000000 -1
1 0.384052 15.896565 27.174042 0.501320 0.886212 -1
1 -0.055842 15.448812 28.434021 0.499551 0.927492 -1
1 0.752043 15.478091 27.168249 0.521379 0.886212 -1
1 -0.750611 15.478091 27.168249 0.521379 0.886212 -1
1 0.057274 15.448812 28.434021 0.499551 0.927492 -1
1 -0.382621 15.896565 27.174042 0.501320 0.886212 -1
52
0.000012 0.000002 1.000000
0.000012 0.000002 1.000000
0.000012 0.000002 1.000000
0.838669 0.544641 0.000001
0.838670 0.544640 0.000000
0.838670 0.544640 0.000000
-0.000011 -0.000004 -1.000000
-0.000011 -0.000004 -1.000000
-0.000011 -0.000004 -1.000000
-0.838671 -0.544638 0.000000
-0.838671 -0.544638 0.000000
-0.838671 -0.544639 0.000000
-0.544633 0.838674 0.000000
-0.544629 0.838677 0.000001
-0.544626 0.838679 0.000001
0.544647 -0.838665 0.000001
0.544649 -0.838664 0.000000
0.544651 -0.838663 0.000000
-0.000012 0.000002 1.000000
-0.000012 0.000002 1.000000
-0.000012 0.000002 1.000000
-0.838669 0.544641 0.000000
-0.838669 0.544642 0.000001
-0.838670 0.544640 0.000000
0.000011 -0.000004 -1.000000
0.000011 -0.000004 -1.000000
0.000011 -0.000004 -1.000000
0.838671 -0.544638 0.000000
0.838671 -0.544638 0.000000
0.838671 -0.544639 0.000000
0.544629 0.838677 0.000001
0.544633 0.838674 0.000000
0.544626 0.838679 0.000001
-0.544647 -0.838666 0.000000
-0.544645 -0.838667 0.000001
-0.544648 -0.838664 0.000000
0.000000 0.000000 0.000000
0.000001 0.845288 0.534311
0.792991 0.514978 0.325520
0.000000 0.000000 -1.000000
-0.806683 -0.523864 -0.273551
0.000000 -0.886425 -0.462872
-0.534355 0.822880 0.193216
0.000000 0.973523 0.228588
0.543806 -0.837353 0.055808
0.000002 -0.997786 0.066500
-0.792990 0.514979 0.325521
0.806683 -0.523864 -0.273551
0.534355 0.822880 0.193216
-0.543804 -0.837355 0.055807
0.675613 0.587952 0.444814
-0.675614 0.587951 0.444814
50
1 0 1 2 0 1 1 1
1 1 3 2 1 2 1 1
1 4 5 6 3 4 4 2
1 5 7 6 4 5 4 2
1 8 9 10 6 7 7 1
1 9 11 10 7 8 7 1
1 12 13 14 9 10 10 2
1 13 15 14 10 11 10 2
1 12 16 6 12 13 13 3
1 16 17 6 13 14 13 3
1 18 13 19 15 16 16 3
1 13 7 19 16 17 16 3
1 20 21 22 18 18 19 1
1 20 23 21 18 20 18 1
1 24 25 26 21 21 22 2
1 24 27 25 21 23 21 2
1 28 29 30 24 24 25 1
1 28 31 29 24 26 24 1
1 32 33 34 27 27 28 2
1 32 35 33 27 29 27 2
1 24 36 34 30 30 31 3
1 24 37 36 30 32 30 3
1 38 33 39 33 33 34 3
1 38 27 33 33 35 33 3
1 40 41 42 36 36 36 1
1 41 43 42 36 36 36 1
1 40 41 44 36 37 38 2
1 41 45 44 37 38 38 2
1 46 47 48 39 39 39 1
1 47 49 48 39 39 39 1
1 50 51 42 40 40 41 2
1 51 43 42 40 36 41 2
1 50 41 44 42 43 42 3
1 41 43 44 43 36 42 3
1 40 51 42 36 44 45 3
1 51 45 42 44 44 45 3
1 42 41 40 36 36 36 1
1 42 43 41 36 36 36 1
1 52 41 40 46 37 36 2
1 52 53 41 46 46 37 2
1 54 55 56 39 39 39 1
1 54 57 55 39 39 39 1
1 42 58 59 41 47 47 2
1 42 43 58 41 36 47 2
1 52 41 59 48 43 48 3
1 52 43 41 48 36 43 3
1 42 58 40 45 49 36 3
1 42 53 58 45 49 49 3
1 60 61 62 50 50 50 1
1 63 64 65 51 51 51 1
"turbines" 0 0
182
1 7.808412 14.965938 -15.521109 0.183398 0.871881 -1
1 7.445296 13.755594 -15.521109 0.169387 0.916454 -1
1 5.907115 14.965939 -10.909991 0.110038 0.871881 -1
1 7.808412 14.965938 -15.521109 0.745124 0.116025 -1
1 8.254395 14.965938 -12.617965 0.755255 0.188529 -1
1 7.806104 13.471684 -12.617969 0.745072 0.188529 -1
1 7.445296 13.755594 -15.521109 0.736876 0.116025 -1
1 8.254393 14.965938 -9.714845 0.755255 0.261033 -1
1 7.806104 13.471685 -9.714844 0.745072 0.261033 -1
1 8.254393 14.965937 -6.811718 0.755255 0.333537 -1
1 7.806102 13.471685 -6.811716 0.745072 0.333537 -1
1 8.041004 14.965939 1.850411 0.750407 0.549868 -1
1 7.633467 13.607529 1.850412 0.741150 0.549868 -1
1 8.041004 14.965939 1.850411 0.553972 0.151100 -1
1 7.847013 14.965938 2.471906 0.553967 0.151100 -1
1 7.476526 13.731018 2.471906 0.553958 0.151138 -1
1 7.633467 13.607529 1.850412 0.553962 0.151142 -1
1 7.321301 14.965938 2.278598 0.553954 0.151100 -1
1 7.051214 14.065683 2.278597 0.553948 0.151128 -1
1 6.494649 13.007561 -15.521111 0.132708 0.944002 -1
1 6.494649 13.007561 -15.521111 0.715281 0.116025 -1
1 6.632465 12.548191 -12.617969 0.718412 0.188529 -1
1 6.632465 12.548190 -9.714843 0.718412 0.261033 -1
1 6.632465 12.548189 -6.811717 0.718412 0.333537 -1
1 6.566524 12.767986 1.850404 0.716914 0.549868 -1
1 6.566524 12.767986 1.850404 0.553937 0.151169 -1
1 6.506578 12.967799 2.471907 0.553935 0.151162 -1
1 6.344123 13.509295 2.278597 0.553931 0.151145 -1
1 5.319583 13.007561 -15.521111 0.087369 0.944002 -1
1 5.181767 12.548191 -12.617969 0.685459 0.188529 -1
1 5.319583 13.007561 -15.521111 0.688590 0.116025 -1
1 5.181766 12.548190 -9.714843 0.685459 0.261033 -1
1 5.181766 12.548189 -6.811717 0.685459 0.333537 -1
1 5.247706 12.767986 1.850404 0.686956 0.549868 -1
1 5.307651 12.967799 2.471907 0.553907 0.151162 -1
1 5.247706 12.767986 1.850404 0.553906 0.151169 -1
1 5.470106 13.509295 2.278597 0.553911 0.151145 -1
1 4.368934 13.755594 -15.521109 0.050690 0.916454 -1
1 4.368934 13.755594 -15.521109 0.666995 0.116025 -1
1 4.008126 13.471684 -12.617969 0.658799 0.188529 -1
1 4.008126 13.471685 -9.714844 0.658799 0.261033 -1
1 4.008126 13.471685 -6.811716 0.658799 0.333537 -1
1 4.180762 13.607529 1.850404 0.662720 0.549868 -1
1 4.180762 13.607529 1.850404 0.553880 0.151142 -1
1 4.337703 13.731018 2.471906 0.553884 0.151138 -1
1 4.763012 14.065683 2.278597 0.553894 0.151128 -1
1 4.005818 14.965938 -15.521109 0.036680 0.871881 -1
1 3.559834 14.965938 -12.617965 0.648616 0.188529 -1
1 4.005818 14.965938 -15.521109 0.658747 0.116025 -1
1 3.559834 14.965938 -9.714845 0.648616 0.261033 -1
1 3.559834 14.965937 -6.811718 0.648616 0.333537 -1
1 3.773224 14.965938 1.850405 0.653463 0.549868 -1
1 3.967213 14.965938 2.471906 0.553875 0.151100 -1
1 3.773224 14.965938 1.850405 0.553871 0.151100 -1
1 4.492927 14.965938 2.278598 0.553888 0.151100 -1
1 4.368934 16.176281 -15.521112 0.050690 0.827308 -1
1 4.368934 16.176281 -15.521112 0.666995 0.116025 -1
1 4.008126 16.460186 -12.617966 0.658799 0.188529 -1
1 4.008126 16.460188 -9.714843 0.658799 0.261033 -1
1 4.008126 16.460186 -6.811704 0.658799 0.333537 -1
1 4.180762 16.324347 1.850404 0.662720 0.549868 -1
1 4.180762 16.324347 1.850404 0.553880 0.151057 -1
1 4.337703 16.200855 2.471906 0.553884 0.151061 -1
1 4.763012 15.866193 2.278597 0.553894 0.151072 -1
1 5.319583 16.924313 -15.521111 0.087369 0.799760 -1
1 5.181767 17.265255 -12.617965 0.685459 0.188529 -1
1 5.319583 16.924313 -15.521111 0.688590 0.116025 -1
1 5.181766 17.660019 -7.603729 0.685459 0.313757 -1
1 5.181766 17.660019 -4.700594 0.685459 0.386261 -1
1 5.247706 17.163887 1.850405 0.686956 0.549868 -1
1 5.307651 16.964075 2.471906 0.553907 0.151037 -1
1 5.247706 17.163887 1.850405 0.553906 0.151031 -1
1 5.470106 16.422579 2.278598 0.553911 0.151054 -1
1 6.494649 16.924313 -15.521111 0.132708 0.799760 -1
1 6.494649 16.924313 -15.521111 0.715281 0.116025 -1
1 6.632465 17.265255 -12.617965 0.718412 0.188529 -1
1 6.632465 17.660019 -7.603729 0.718412 0.313757 -1
1 6.632465 17.660019 -4.700594 0.718412 0.386261 -1
1 6.566524 17.163887 1.850405 0.716914 0.549868 -1
1 6.566524 17.163887 1.850405 0.553937 0.151031 -1
1 6.506578 16.964075 2.471906 0.553935 0.151037 -1
1 6.344123 16.422579 2.278598 0.553931 0.151054 -1
1 7.445296 16.176281 -15.521112 0.169387 0.827308 -1
1 7.806104 16.460186 -12.617966 0.745072 0.188529 -1
1 7.445296 16.176281 -15.521112 0.736876 0.116025 -1
1 7.806104 16.460188 -9.714843 0.745072 0.261033 -1
1 7.806102 16.460186 -6.811704 0.745072 0.333537 -1
1 7.633467 16.324347 1.850412 0.741150 0.549868 -1
1 7.476526 16.200855 2.471906 0.553958 0.151061 -1
1 7.633467 16.324347 1.850412 0.553962 0.151057 -1
1 7.051214 15.866193 2.278597 0.553948 0.151072 -1
1 -5.905684 14.965939 -10.909991 0.110038 0.871881 -1
1 -7.443865 13.755594 -15.521109 0.169387 0.916454 -1
1 -7.806981 14.965938 -15.521109 0.183398 0.871881 -1
1 -7.804672 13.471684 -12.617969 0.745072 0.188529 -1
1 -8.252964 14.965938 -12.617965 0.755255 0.188529 -1
1 -7.806981 14.965938 -15.521109 0.745124 0.116025 -1
1 -7.443865 13.755594 -15.521109 0.736876 0.116025 -1
1 -8.252962 14.965938 -9.714845 0.755255 0.261033 -1
1 -7.804672 13.471685 -9.714844 0.745072 0.261033 -1
1 -7.804670 13.471685 -6.811716 0.745072 0.333537 -1
1 -8.252962 14.965937 -6.811718 0.755255 0.333537 -1
1 -8.039574 14.965939 1.850411 0.750407 0.549868 -1
1 -7.632036 13.607529 1.850412 0.741150 0.549868 -1
1 -7.475094 13.731018 2.471906 0.551089 0.150794 -1
1 -7.845582 14.965938 2.471906 0.551090 0.150794 -1
1 -8.039574 14.965939 1.850411 0.551090 0.150758 -1
1 -7.632036 13.607529 1.850412 0.551089 0.150758 -1
1 -7.319869 14.965938 2.278598 0.551088 0.150783 -1
1 -7.049783 14.065683 2.278597 0.551087 0.150783 -1
1 -6.493217 13.007561 -15.521111 0.132708 0.944002 -1
1 -6.493217 13.007561 -15.521111 0.715281 0.116025 -1
1 -6.631034 12.548191 -12.617969 0.718412 0.188529 -1
1 -6.631034 12.548190 -9.714843 0.718412 0.261033 -1
1 -6.631034 12.548189 -6.811717 0.718412 0.333537 -1
1 -6.565093 12.767986 1.850404 0.716914 0.549868 -1
1 -6.565093 12.767986 1.850404 0.551086 0.150758 -1
1 -6.505147 12.967799 2.471907 0.551086 0.150794 -1
1 -6.342692 13.509295 2.278597 0.551085 0.150783 -1
1 -5.318151 13.007561 -15.521111 0.087369 0.944002 -1
1 -5.180336 12.548191 -12.617969 0.685459 0.188529 -1
1 -5.318151 13.007561 -15.521111 0.688590 0.116025 -1
1 -5.180334 12.548190 -9.714843 0.685459 0.261033 -1
1 -5.180334 12.548189 -6.811717 0.685459 0.333537 -1
1 -5.246274 12.767986 1.850404 0.686956 0.549868 -1
1 -5.306219 12.967799 2.471907 0.551082 0.150794 -1
1 -5.246274 12.767986 1.850404 0.551082 0.150758 -1
1 -5.468674 13.509295 2.278597 0.551082 0.150783 -1
1 -4.367502 13.755594 -15.521109 0.050690 0.916454 -1
1 -4.367502 13.755594 -15.521109 0.666995 0.116025 -1
1 -4.006694 13.471684 -12.617969 0.658799 0.188529 -1
1 -4.006694 13.471685 -9.714844 0.658799 0.261033 -1
1 -4.006694 13.471685 -6.811716 0.658799 0.333537 -1
1 -4.179329 13.607529 1.850404 0.662720 0.549868 -1
1 -4.179329 13.607529 1.850404 0.551078 0.150758 -1
1 -4.336271 13.731018 2.471906 0.551079 0.150794 -1
1 -4.761580 14.065683 2.278597 0.551080 0.150783 -1
1 -4.004386 14.965938 -15.521109 0.036680 0.871881 -1
1 -3.558402 14.965938 -12.617965 0.648616 0.188529 -1
1 -4.004386 14.965938 -15.521109 0.658747 0.116025 -1
1 -3.558402 14.965938 -9.714845 0.648616 0.261033 -1
1 -3.558402 14.965937 -6.811718 0.648616 0.333537 -1
1 -3.771792 14.965938 1.850405 0.653463 0.549868 -1
1 -3.965781 14.965938 2.471906 0.551077 0.150794 -1
1 -3.771792 14.965938 1.850405 0.551077 0.150758 -1
1 -4.491494 14.965938 2.278598 0.551079 0.150783 -1
1 -4.367502 16.176281 -15.521112 0.050690 0.827308 -1
1 -4.367502 16.176281 -15.521112 0.666995 0.116025 -1
1 -4.006694 16.460186 -12.617966 0.658799 0.188529 -1
1 -4.006694 16.460188 -9.714843 0.658799 0.261033 -1
1 -4.006694 16.460186 -6.811704 0.658799 0.333537 -1
1 -4.179329 16.324347 1.850404 0.662720 0.549868 -1
1 -4.179329 16.324347 1.850404 0.551078 0.150758 -1
1 -4.336271 16.200855 2.471906 0.551079 0.150794 -1
1 -4.761580 15.866193 2.278597 0.551080 0.150783 -1
1 -5.318151 16.924313 -15.521111 0.087369 0.799760 -1
1 -5.180336 17.265255 -12.617965 0.685459 0.188529 -1
1 -5.318151 16.924313 -15.521111 0.688590 0.116025 -1
1 -5.180334 17.660019 -7.603729 0.685459 0.313757 -1
1 -5.180334 17.660019 -4.700594 0.685459 0.386261 -1
1 -5.246274 17.163887 1.850405 0.686956 0.549868 -1
1 -5.306219 16.964075 2.471906 0.551082 0.150794 -1
1 -5.246274 17.163887 1.850405 0.551082 0.150758 -1
1 -5.468674 16.422579 2.278598 0.551082 0.150783 -1
1 -6.493217 16.924313 -15.521111 0.132708 0.799760 -1
1 -6.493217 16.924313 -15.521111 0.715281 0.116025 -1
1 -6.631034 17.265255 -12.617965 0.718412 0.188529 -1
1 -6.631034 17.660019 -7.603729 0.718412 0.313757 -1
1 -6.631034 17.660019 -4.700594 0.718412 0.386261 -1
1 -6.565093 17.163887 1.850405 0.716914 0.549868 -1
1 -6.565093 17.163887 1.850405 0.551086 0.150758 -1
1 -6.505147 16.964075 2.471906 0.551086 0.150794 -1
1 -6.342692 16.422579 2.278598 0.551085 0.150783 -1
1 -7.443865 16.176281 -15.521112 0.169387 0.827308 -1
1 -7.804672 16.460186 -12.617966 0.745072 0.188529 -1
1 -7.443865 16.176281 -15.521112 0.736876 0.116025 -1
1 -7.804672 16.460188 -9.714843 0.745072 0.261033 -1
1 -7.804670 16.460186 -6.811704 0.745072 0.333537 -1
1 -7.632036 16.324347 1.850412 0.741150 0.549868 -1
1 -7.475094 16.200855 2.471906 0.551089 0.150794 -1
1 -7.632036 16.324347 1.850412 0.551089 0.150758 -1
1 -7.049783 15.866193 2.278597 0.551087 0.150783 -1
181
-0.924494 -0.000001 -0.381196
-0.761657 0.517534 -0.389919
-0.000000 -0.000001 -1.000000
0.988405 0.000000 -0.151840
0.997094 0.000001 -0.076177
0.824092 -0.561032 -0.078202
0.816567 -0.555816 -0.155840
1.000000 0.000000 0.000000
0.826581 -0.562817 0.000000
0.999924 0.000000 0.012315
0.826516 -0.562771 0.012647
0.999697 0.000000 0.024627
0.826319 -0.562634 0.025292
0.954579 0.000000 0.297958
0.425969 -0.000000 0.904738
0.350559 -0.240024 0.905261
0.787446 -0.535492 0.305249
-0.345116 -0.000000 0.938560
-0.279878 0.188101 0.941428
-0.299807 0.863746 -0.405040
0.322945 -0.932302 -0.162851
0.326161 -0.941772 -0.081756
0.327201 -0.944955 -0.000000
0.327175 -0.944871 0.013231
0.327090 -0.944623 0.026459
0.310632 -0.895775 0.317954
0.137517 -0.399414 0.906398
-0.107323 0.305554 0.946107
0.299807 0.863747 -0.405040
-0.326161 -0.941772 -0.081757
-0.322945 -0.932302 -0.162850
-0.327201 -0.944955 -0.000000
-0.327174 -0.944871 0.013231
-0.327090 -0.944623 0.026459
-0.137517 -0.399414 0.906398
-0.310633 -0.895775 0.317953
0.107324 0.305554 0.946107
0.761657 0.517534 -0.389919
-0.816567 -0.555817 -0.155840
-0.824091 -0.561033 -0.078202
-0.826580 -0.562819 -0.000000
-0.826516 -0.562772 0.012647
-0.826319 -0.562635 0.025292
-0.787447 -0.535493 0.305245
-0.350560 -0.240025 0.905260
0.279879 0.188102 0.941427
0.924494 -0.000001 -0.381196
-0.997094 0.000000 -0.076177
-0.988405 -0.000000 -0.151840
-1.000000 0.000000 0.000000
-0.999924 0.000000 0.012315
-0.999697 0.000000 0.024627
-0.425971 -0.000000 0.904737
-0.954581 -0.000000 0.297953
0.345115 0.000000 0.938560
0.761657 -0.517535 -0.389918
-0.808221 0.570028 -0.147809
-0.805272 0.587707 -0.078344
-0.843991 0.536302 -0.007674
-0.865283 0.501127 0.012560
-0.848412 0.528122 0.035834
-0.787447 0.535493 0.305246
-0.350559 0.240024 0.905261
0.279879 -0.188102 0.941427
0.299807 -0.863747 -0.405040
-0.316635 0.943784 -0.094945
-0.324533 0.937511 -0.125506
-0.370325 0.928164 -0.037033
-0.376092 0.926005 0.032689
-0.326403 0.942279 0.074648
-0.137518 0.399415 0.906398
-0.310632 0.895776 0.317952
0.107322 -0.305552 0.946108
-0.299807 -0.863747 -0.405040
0.308361 0.941844 -0.133580
0.294642 0.950346 -0.100146
0.364634 0.930673 -0.029848
0.403867 0.914104 0.036125
0.372909 0.925743 0.062761
0.310632 0.895775 0.317953
0.137518 0.399415 0.906397
-0.107323 -0.305553 0.946107
-0.761657 -0.517534 -0.389918
0.823959 0.560543 -0.082966
0.816567 0.555817 -0.155839
0.861330 0.508045 0.000000
0.857675 0.513925 0.016581
0.826319 0.562635 0.025292
0.350559 0.240024 0.905261
0.787445 0.535492 0.305251
-0.279879 -0.188102 0.941427
0.000000 -0.000001 -1.000000
0.761657 0.517534 -0.389919
-0.824092 -0.561032 -0.078202
-0.997094 0.000000 -0.076177
-0.988405 0.000000 -0.151839
-0.816567 -0.555817 -0.155840
-1.000000 0.000000 0.000000
-0.826581 -0.562818 0.000000
-0.826516 -0.562771 0.012647
-0.999924 0.000000 0.012315
-0.999697 0.000000 0.024627
-0.826319 -0.562634 0.025292
-0.350559 -0.240024 0.905261
-0.425969 -0.000000 0.904738
-0.954579 0.000000 0.297959
-0.787446 -0.535492 0.305250
0.345116 -0.000000 0.938560
0.279879 0.188101 0.941428
0.299807 0.863747 -0.405040
-0.322945 -0.932302 -0.162851
-0.326161 -0.941772 -0.081757
-0.327201 -0.944955 -0.000000
-0.327175 -0.944871 0.013231
-0.327090 -0.944623 0.026459
-0.310632 -0.895775 0.317954
-0.137517 -0.399414 0.906398
0.107323 0.305554 0.946107
-0.299807 0.863747 -0.405040
0.326161 -0.941772 -0.081757
0.322945 -0.932302 -0.162850
0.327201 -0.944955 -0.000000
0.327174 -0.944871 0.013231
0.327090 -0.944623 0.026459
0.137517 -0.399414 0.906398
0.310633 -0.895775 0.317953
-0.107324 0.305554 0.946107
-0.761657 0.517534 -0.389919
0.816567 -0.555817 -0.155840
0.824091 -0.561033 -0.078202
0.826580 -0.562819 -0.000000
0.826516 -0.562772 0.012647
0.826319 -0.562635 0.025292
0.787447 -0.535493 0.305246
0.350560 -0.240025 0.905260
-0.279879 0.188102 0.941427
-0.924494 -0.000001 -0.381196
0.997094 0.000000 -0.076177
0.988405 -0.000000 -0.151840
1.000000 0.000000 0.000000
0.999924 0.000000 0.012315
0.999697 0.000000 0.024627
0.425971 -0.000000 0.904737
0.954581 -0.000000 0.297953
-0.345115 0.000000 0.938560
-0.761657 -0.517535 -0.389918
0.808221 0.570028 -0.147809
0.805272 0.587707 -0.078344
0.843991 0.536302 -0.007674
0.865283 0.501127 0.012560
0.848412 0.528122 0.035834
0.787447 0.535493 0.305246
0.350559 0.240024 0.905261
-0.279879 -0.188102 0.941427
-0.299807 -0.863747 -0.405040
0.316635 0.943784 -0.094945
0.324533 0.937511 -0.125506
0.370325 0.928164 -0.037033
0.376092 0.926005 0.032689
0.326403 0.942279 0.074648
0.137517 0.399415 0.906398
0.310632 0.895776 0.317952
-0.107322 -0.305552 0.946108
0.299807 -0.863747 -0.405040
-0.308361 0.941844 -0.133580
-0.294642 0.950346 -0.100146
-0.364634 0.930672 -0.029848
-0.403867 0.914104 0.036125
-0.372909 0.925743 0.062761
-0.310632 0.895775 0.317954
-0.137518 0.399415 0.906397
0.107323 -0.305553 0.946107
0.761657 -0.517535 -0.389918
-0.823959 0.560543 -0.082966
-0.816567 0.555817 -0.155839
-0.861330 0.508046 0.000000
-0.857675 0.513925 0.016581
-0.826319 0.562635 0.025292
-0.350558 0.240024 0.905261
-0.787445 0.535492 0.305252
0.279880 -0.188102 0.941427
260
1 0 1 2 0 1 2 2
1 3 4 5 3 4 5 1
1 3 5 6 3 5 6 1
1 4 7 5 4 7 5 1
1 7 8 5 7 8 5 1
1 7 9 10 7 9 10 1
1 7 10 8 7 10 8 1
1 9 11 10 9 11 10 1
1 11 12 10 11 12 10 1
1 13 14 15 13 14 15 1
1 13 15 16 13 15 16 1
1 14 17 15 14 17 15 1
1 17 18 15 17 18 15 1
1 1 19 2 1 19 2 2
1 6 5 20 6 5 20 1
1 5 21 20 5 21 20 1
1 5 8 22 5 8 22 1
1 5 22 21 5 22 21 1
1 8 10 22 8 10 22 1
1 10 23 22 10 23 22 1
1 10 12 24 10 12 24 1
1 10 24 23 10 24 23 1
1 16 15 25 16 15 25 1
1 15 26 25 15 26 25 1
1 15 18 27 15 18 27 1
1 15 27 26 15 27 26 1
1 19 28 2 19 28 2 2
1 20 21 29 20 21 29 1
1 20 29 30 20 29 30 1
1 21 22 29 21 22 29 1
1 22 31 29 22 31 29 1
1 22 23 32 22 23 32 1
1 22 32 31 22 32 31 1
1 23 24 32 23 24 32 1
1 24 33 32 24 33 32 1
1 25 26 34 25 26 34 1
1 25 34 35 25 34 35 1
1 26 27 34 26 27 34 1
1 27 36 34 27 36 34 1
1 28 37 2 28 37 2 2
1 30 29 38 30 29 38 1
1 29 39 38 29 39 38 1
1 29 31 40 29 31 40 1
1 29 40 39 29 40 39 1
1 31 32 40 31 32 40 1
1 32 41 40 32 41 40 1
1 32 33 42 32 33 42 1
1 32 42 41 32 42 41 1
1 35 34 43 35 34 43 1
1 34 44 43 34 44 43 1
1 34 36 45 34 36 45 1
1 34 45 44 34 45 44 1
1 37 46 2 37 46 2 2
1 38 39 47 38 39 47 1
1 38 47 48 38 47 48 1
1 39 40 47 39 40 47 1
1 40 49 47 40 49 47 1
1 40 41 50 40 41 50 1
1 40 50 49 40 50 49 1
1 41 42 50 41 42 50 1
1 42 51 50 42 51 50 1
1 43 44 52 43 44 52 1
1 43 52 53 43 52 53 1
1 44 45 52 44 45 52 1
1 45 54 52 45 54 52 1
1 46 55 2 46 55 2 2
1 48 47 56 48 47 56 1
1 47 57 56 47 57 56 1
1 47 49 58 47 49 58 1
1 47 58 57 47 58 57 1
1 49 50 58 49 50 58 1
1 50 59 58 50 59 58 1
1 50 51 60 50 51 60 1
1 50 60 59 50 60 59 1
1 53 52 61 53 52 61 1
1 52 62 61 52 62 61 1
1 52 54 63 52 54 63 1
1 52 63 62 52 63 62 1
1 55 64 2 55 64 2 2
1 56 57 65 56 57 65 1
1 56 65 66 56 65 66 1
1 57 58 65 57 58 65 1
1 58 67 65 58 67 65 1
1 58 59 68 58 59 68 1
1 58 68 67 58 68 67 1
1 59 60 68 59 60 68 1
1 60 69 68 60 69 68 1
1 61 62 70 61 62 70 1
1 61 70 71 61 70 71 1
1 62 63 70 62 63 70 1
1 63 72 70 63 72 70 1
1 64 73 2 64 73 2 2
1 66 65 74 66 65 74 1
1 65 75 74 65 75 74 1
1 65 67 76 65 67 76 1
1 65 76 75 65 76 75 1
1 67 68 76 67 68 76 1
1 68 77 76 68 77 76 1
1 68 69 78 68 69 78 1
1 68 78 77 68 78 77 1
1 71 70 79 71 70 79 1
1 70 80 79 70 80 79 1
1 70 72 81 70 72 81 1
1 70 81 80 70 81 80 1
1 73 82 2 73 82 2 2
1 74 75 83 74 75 83 1
1 74 83 84 74 83 84 1
1 75 76 83 75 76 83 1
1 76 85 83 76 85 83 1
1 76 77 86 76 77 86 1
1 76 86 85 76 86 85 1
1 77 78 86 77 78 86 1
1 78 87 86 78 87 86 1
1 79 80 88 79 80 88 1
1 79 88 89 79 88 89 1
1 80 81 88 80 81 88 1
1 81 90 88 81 90 88 1
1 82 0 2 82 0 2 2
1 84 83 3 84 83 3 1
1 83 4 3 83 4 3 1
1 83 85 7 83 85 7 1
1 83 7 4 83 7 4 1
1 85 86 7 85 86 7 1
1 86 9 7 86 9 7 1
1 86 87 11 86 87 11 1
1 86 11 9 86 11 9 1
1 89 88 13 89 88 13 1
1 88 14 13 88 14 13 1
1 88 90 17 88 90 17 1
1 88 17 14 88 17 14 1
1 91 92 93 91 92 46 2
1 94 95 96 93 94 95 1
1 97 94 96 96 93 95 1
1 94 98 95 93 97 94 1
1 94 99 98 93 98 97 1
1 100 101 98 99 100 97 1
1 99 100 98 98 99 97 1
1 100 102 101 99 101 100 1
1 100 103 102 99 102 101 1
1 104 105 106 103 104 105 1
1 107 104 106 106 103 105 1
1 104 108 105 103 107 104 1
1 104 109 108 103 108 107 1
1 91 110 92 91 109 92 2
1 111 94 97 110 93 96 1
1 111 112 94 110 111 93 1
1 113 99 94 112 98 93 1
1 112 113 94 111 112 93 1
1 113 100 99 112 99 98 1
1 113 114 100 112 113 99 1
1 115 103 100 114 102 99 1
1 114 115 100 113 114 99 1
1 116 104 107 115 103 106 1
1 116 117 104 115 116 103 1
1 118 109 104 117 108 103 1
1 117 118 104 116 117 103 1
1 91 119 110 91 118 109 2
1 120 112 111 119 111 110 1
1 121 120 111 120 119 110 1
1 120 113 112 119 112 111 1
1 120 122 113 119 121 112 1
1 123 114 113 122 113 112 1
1 122 123 113 121 122 112 1
1 123 115 114 122 114 113 1
1 123 124 115 122 123 114 1
1 125 117 116 124 116 115 1
1 126 125 116 125 124 115 1
1 125 118 117 124 117 116 1
1 125 127 118 124 126 117 1
1 91 128 119 91 127 118 2
1 129 120 121 128 119 120 1
1 129 130 120 128 129 119 1
1 131 122 120 130 121 119 1
1 130 131 120 129 130 119 1
1 131 123 122 130 122 121 1
1 131 132 123 130 131 122 1
1 133 124 123 132 123 122 1
1 132 133 123 131 132 122 1
1 134 125 126 133 124 125 1
1 134 135 125 133 134 124 1
1 136 127 125 135 126 124 1
1 135 136 125 134 135 124 1
1 91 137 128 91 136 127 2
1 138 130 129 137 129 128 1
1 139 138 129 138 137 128 1
1 138 131 130 137 130 129 1
1 138 140 131 137 139 130 1
1 141 132 131 140 131 130 1
1 140 141 131 139 140 130 1
1 141 133 132 140 132 131 1
1 141 142 133 140 141 132 1
1 143 135 134 142 134 133 1
1 144 143 134 143 142 133 1
1 143 136 135 142 135 134 1
1 143 145 136 142 144 135 1
1 91 146 137 91 145 136 2
1 147 138 139 146 137 138 1
1 147 148 138 146 147 137 1
1 149 140 138 148 139 137 1
1 148 149 138 147 148 137 1
1 149 141 140 148 140 139 1
1 149 150 141 148 149 140 1
1 151 142 141 150 141 140 1
1 150 151 141 149 150 140 1
1 152 143 144 151 142 143 1
1 152 153 143 151 152 142 1
1 154 145 143 153 144 142 1
1 153 154 143 152 153 142 1
1 91 155 146 91 154 145 2
1 156 148 147 155 147 146 1
1 157 156 147 156 155 146 1
1 156 149 148 155 148 147 1
1 156 158 149 155 157 148 1
1 159 150 149 158 149 148 1
1 158 159 149 157 158 148 1
1 159 151 150 158 150 149 1
1 159 160 151 158 159 150 1
1 161 153 152 160 152 151 1
1 162 161 152 161 160 151 1
1 161 154 153 160 153 152 1
1 161 163 154 160 162 153 1
1 91 164 155 91 163 154 2
1 165 156 157 164 155 156 1
1 165 166 156 164 165 155 1
1 167 158 156 166 157 155 1
1 166 167 156 165 166 155 1
1 167 159 158 166 158 157 1
1 167 168 159 166 167 158 1
1 169 160 159 168 159 158 1
1 168 169 159 167 168 158 1
1 170 161 162 169 160 161 1
1 170 171 161 169 170 160 1
1 172 163 161 171 162 160 1
1 171 172 161 170 171 160 1
1 91 173 164 91 172 163 2
1 174 166 165 173 165 164 1
1 175 174 165 174 173 164 1
1 174 167 166 173 166 165 1
1 174 176 167 173 175 166 1
1 177 168 167 176 167 166 1
1 176 177 167 175 176 166 1
1 177 169 168 176 168 167 1
1 177 178 169 176 177 168 1
1 179 171 170 178 170 169 1
1 180 179 170 179 178 169 1
1 179 172 171 178 171 170 1
1 179 181 172 178 180 171 1
1 91 93 173 91 46 172 2
1 96 174 175 95 173 174 1
1 96 95 174 95 94 173 1
1 98 176 174 97 175 173 1
1 95 98 174 94 97 173 1
1 98 177 176 97 176 175 1
1 98 101 177 97 100 176 1
1 102 178 177 101 177 176 1
1 101 102 177 100 101 176 1
1 106 179 180 105 178 179 1
1 106 105 179 105 104 178 1
1 108 181 179 107 180 178 1
1 105 108 179 104 107 178 1
"wings" 0 0
40
1 13.487000 14.127501 -11.537732 0.903886 0.196587 -1
1 10.284458 14.127500 -7.169222 0.828582 0.260552 -1
1 10.486057 14.127501 -14.075914 0.833323 0.159423 -1
1 13.487000 14.422838 -11.537735 0.903886 0.196587 -1
1 10.486057 14.422838 -14.075916 0.833323 0.159423 -1
1 10.284458 14.422839 -7.169222 0.828582 0.260552 -1
1 8.019458 14.127501 -0.329723 0.775323 0.360697 -1
1 8.019458 14.422838 -0.329724 0.775323 0.360697 -1
1 4.203109 14.127499 0.262870 0.685586 0.369374 -1
1 4.203109 14.422838 0.262869 0.685586 0.369374 -1
1 7.518108 14.127500 -6.058111 0.763534 0.276821 -1
1 7.518108 14.422838 -6.058111 0.763534 0.276821 -1
1 6.561283 14.127500 -9.693672 0.741036 0.223589 -1
1 6.561283 14.422838 -9.693672 0.741036 0.223589 -1
1 7.518108 14.127501 -13.329236 0.763534 0.170356 -1
1 7.518108 14.422839 -13.329237 0.763534 0.170356 -1
1 8.939537 14.127500 -16.571680 0.796957 0.122880 -1
1 8.939537 14.422838 -16.571678 0.796957 0.122880 -1
1 14.413016 14.275168 -16.526728 0.925661 0.123538 -1
1 15.213992 14.275169 -13.823492 0.944495 0.163119 -1
1 -10.484627 14.127501 -14.075914 0.833323 0.159423 -1
1 -10.283027 14.127500 -7.169222 0.828582 0.260552 -1
1 -13.485566 14.127501 -11.537732 0.903886 0.196587 -1
1 -10.283027 14.422839 -7.169222 0.828582 0.260552 -1
1 -10.484627 14.422838 -14.075916 0.833323 0.159423 -1
1 -13.485566 14.422838 -11.537735 0.903886 0.196587 -1
1 -8.018028 14.127501 -0.329723 0.775323 0.360697 -1
1 -8.018028 14.422838 -0.329724 0.775323 0.360697 -1
1 -4.201677 14.127499 0.262870 0.685586 0.369374 -1
1 -4.201677 14.422838 0.262869 0.685586 0.369374 -1
1 -7.516677 14.127500 -6.058111 0.763534 0.276821 -1
1 -7.516677 14.422838 -6.058111 0.763534 0.276821 -1
1 -6.559852 14.127500 -9.693672 0.741036 0.223589 -1
1 -6.559852 14.422838 -9.693672 0.741036 0.223589 -1
1 -7.516677 14.127501 -13.329236 0.763534 0.170356 -1
1 -7.516677 14.422839 -13.329237 0.763534 0.170356 -1
1 -8.938107 14.127500 -16.571680 0.796957 0.122880 -1
1 -8.938107 14.422838 -16.571678 0.796957 0.122880 -1
1 -14.411584 14.275168 -16.526728 0.925661 0.123538 -1
1 -15.212559 14.275169 -13.823492 0.944495 0.163119 -1
73
0.016652 -0.999667 -0.019688
-0.000001 -1.000000 -0.000000
0.011517 -0.999900 -0.008196
0.016652 0.999667 -0.019688
0.011517 0.999900 -0.008196
-0.000000 1.000000 -0.000000
0.802205 0.000006 0.597049
0.803640 0.000004 0.595116
0.888745 0.000002 0.458402
0.888745 0.000000 0.458402
-0.000000 -1.000000 -0.000000
-0.000000 1.000000 -0.000000
0.646145 0.000002 0.763214
0.646145 0.000002 0.763214
0.915929 0.000000 0.401341
0.000000 0.000000 0.000000
-0.813346 0.000002 0.581781
-0.813346 0.000001 0.581781
0.937810 0.000000 0.347149
-0.993641 -0.000000 -0.112592
-0.993641 0.000000 -0.112592
0.000000 -1.000000 -0.000000
0.000000 1.000000 0.000000
-1.000000 -0.000000 0.000000
-1.000000 0.000000 0.000000
0.000000 -1.000000 0.000000
0.000000 1.000000 0.000000
-0.944328 0.000000 -0.329005
-0.944328 -0.000001 -0.329005
0.013554 -0.999873 -0.008398
0.013554 0.999873 -0.008399
-0.711102 0.000003 -0.703089
-0.543597 0.000005 -0.839346
0.913525 -0.000001 -0.406783
0.008212 0.000006 -0.999966
0.799981 -0.000000 -0.600025
0.797872 0.000006 0.602827
-0.011517 -0.999900 -0.008196
0.000001 -1.000000 -0.000000
-0.016652 -0.999667 -0.019688
0.000000 1.000000 -0.000000
-0.011517 0.999900 -0.008196
-0.016652 0.999667 -0.019688
-0.888745 0.000002 0.458402
-0.803640 0.000004 0.595116
-0.802205 0.000006 0.597049
-0.888745 0.000000 0.458402
0.000000 -1.000000 -0.000000
0.000000 1.000000 -0.000000
-0.646145 0.000002 0.763214
-0.646145 0.000002 0.763214
-0.915929 0.000000 0.401341
0.813346 0.000002 0.581781
0.813346 0.000001 0.581781
-0.937810 0.000000 0.347149
0.993641 -0.000000 -0.112592
0.993641 0.000000 -0.112592
-0.000000 -1.000000 -0.000000
-0.000000 1.000000 0.000000
1.000000 -0.000000 0.000000
1.000000 0.000000 0.000000
-0.000000 -1.000000 0.000000
-0.000000 1.000000 0.000000
0.944328 0.000000 -0.329005
0.944328 -0.000001 -0.329005
-0.013554 -0.999873 -0.008398
-0.013554 0.999873 -0.008399
0.711102 0.000003 -0.703089
0.543597 0.000005 -0.839346
-0.913525 -0.000001 -0.406783
-0.008212 0.000006 -0.999966
-0.799981 -0.000000 -0.600025
-0.797871 0.000006 0.602828
80
1 0 1 2 0 1 2 2
1 3 4 5 3 4 5 2
1 0 3 1 6 7 8 1
1 3 5 1 7 9 8 1
1 1 6 2 1 10 2 2
1 5 4 7 5 4 11 2
1 1 5 7 8 9 12 1
1 1 7 6 8 12 13 1
1 6 8 2 10 14 2 2
1 7 4 9 11 4 15 2
1 6 7 8 13 12 16 1
1 7 9 8 12 17 16 1
1 8 10 2 14 18 2 2
1 9 4 11 15 4 15 2
1 8 9 11 16 17 19 1
1 8 11 10 16 19 20 1
1 10 12 2 18 21 2 2
1 11 4 13 15 4 22 2
1 10 11 12 20 19 23 1
1 11 13 12 19 24 23 1
1 12 14 2 21 25 2 2
1 13 4 15 22 4 26 2
1 12 13 15 23 24 27 1
1 12 15 14 23 27 28 1
1 14 16 2 25 29 2 2
1 15 4 17 26 4 30 2
1 14 15 16 28 27 31 1
1 15 17 16 27 32 31 1
1 16 18 2 29 33 2 2
1 17 4 18 30 4 33 2
1 16 17 18 31 32 34 1
1 16 18 18 31 34 34 1
1 18 19 2 33 35 2 2
1 18 4 19 33 4 35 2
1 18 18 19 34 34 36 1
1 18 19 19 34 36 36 1
1 19 0 2 35 0 2 2
1 19 4 3 35 4 3 2
1 19 19 3 36 36 7 1
1 19 3 0 36 7 6 1
1 20 21 22 37 38 39 2
1 23 24 25 40 41 42 2
1 21 25 22 43 44 45 1
1 21 23 25 43 46 44 1
1 20 26 21 37 47 38 2
1 27 24 23 48 41 40 2
1 27 23 21 49 46 43 1
1 26 27 21 50 49 43 1
1 20 28 26 37 51 47 2
1 29 24 27 15 41 48 2
1 28 27 26 52 49 50 1
1 28 29 27 52 53 49 1
1 20 30 28 37 54 51 2
1 31 24 29 15 41 15 2
1 31 29 28 55 53 52 1
1 30 31 28 56 55 52 1
1 20 32 30 37 57 54 2
1 33 24 31 58 41 15 2
1 32 31 30 59 55 56 1
1 32 33 31 59 60 55 1
1 20 34 32 37 61 57 2
1 35 24 33 62 41 58 2
1 35 33 32 63 60 59 1
1 34 35 32 64 63 59 1
1 20 36 34 37 65 61 2
1 37 24 35 66 41 62 2
1 36 35 34 67 63 64 1
1 36 37 35 67 68 63 1
1 20 38 36 37 69 65 2
1 38 24 37 69 41 66 2
1 38 37 36 70 68 67 1
1 38 38 36 70 70 67 1
1 20 39 38 37 71 69 2
1 39 24 38 71 41 69 2
1 39 38 38 72 70 70 1
1 39 39 38 72 72 70 1
1 20 22 39 37 39 71 2
1 25 24 39 42 41 71 2
1 25 39 39 44 72 72 1
1 22 25 39 45 44 72 1
"turbine2" 0 1
22
1 7.321301 14.965938 2.278598 0.734059 0.560562 -1
1 5.748111 14.503081 8.445271 0.701935 0.714571 -1
1 7.051214 14.065683 2.278597 0.727924 0.560562 -1
1 6.344123 13.509295 2.278597 0.711862 0.560562 -1
1 5.470106 13.509295 2.278597 0.692009 0.560562 -1
1 4.763012 14.065683 2.278597 0.675947 0.560562 -1
1 4.492927 14.965938 2.278598 0.669812 0.560562 -1
1 4.763012 15.866193 2.278597 0.675947 0.560562 -1
1 5.470106 16.422579 2.278598 0.692009 0.560562 -1
1 6.344123 16.422579 2.278598 0.711862 0.560562 -1
1 7.051214 15.866193 2.278597 0.727924 0.560562 -1
1 -7.049783 14.065683 2.278597 0.727924 0.560562 -1
1 -5.746679 14.503081 8.445271 0.701935 0.714571 -1
1 -7.319869 14.965938 2.278598 0.734059 0.560562 -1
1 -6.342692 13.509295 2.278597 0.711862 0.560562 -1
1 -5.468674 13.509295 2.278597 0.692009 0.560562 -1
1 -4.761580 14.065683 2.278597 0.675947 0.560562 -1
1 -4.491494 14.965938 2.278598 0.669812 0.560562 -1
1 -4.761580 15.866193 2.278597 0.675947 0.560562 -1
1 -5.468674 16.422579 2.278598 0.692009 0.560562 -1
1 -6.342692 16.422579 2.278598 0.711862 0.560562 -1
1 -7.049783 15.866193 2.278597 0.727924 0.560562 -1
22
0.968991 -0.001445 0.247092
-0.012507 -0.034780 0.999317
0.807572 -0.551210 0.209748
0.321122 -0.929610 0.180847
-0.322895 -0.931985 0.164750
-0.814362 -0.555065 0.169461
-0.979924 -0.001191 0.199367
-0.801819 0.543566 0.248239
-0.314265 0.902326 0.295034
0.311412 0.898380 0.309736
0.792808 0.537964 0.286445
-0.807573 -0.551210 0.209748
0.012507 -0.034780 0.999317
-0.968991 -0.001445 0.247092
-0.321122 -0.929610 0.180847
0.322895 -0.931985 0.164750
0.814362 -0.555066 0.169461
0.979924 -0.001191 0.199368
0.801818 0.543566 0.248240
0.314265 0.902326 0.295034
-0.311412 0.898380 0.309736
-0.792808 0.537963 0.286445
20
1 0 1 2 0 1 2 2
1 2 1 3 2 1 3 2
1 3 1 4 3 1 4 2
1 4 1 5 4 1 5 2
1 5 1 6 5 1 6 2
1 6 1 7 6 1 7 2
1 7 1 8 7 1 8 2
1 8 1 9 8 1 9 2
1 9 1 10 9 1 10 2
1 10 1 0 10 1 0 2
1 11 12 13 11 12 13 2
1 14 12 11 14 12 11 2
1 15 12 14 15 12 14 2
1 16 12 15 16 12 15 2
1 17 12 16 17 12 16 2
1 18 12 17 18 12 17 2
1 19 12 18 19 12 18 2
1 20 12 19 20 12 19 2
1 21 12 20 21 12 20 2
1 13 12 21 13 12 21 2
"flaps" 0 0
16
1 4.944086 19.795074 -8.393484 0.526822 0.335478 -1
1 5.942960 16.178276 -1.655667 0.574716 0.396206 -1
1 5.146471 19.834244 -8.393487 0.536526 0.335478 -1
1 6.145349 16.217438 -1.655666 0.584420 0.396206 -1
1 5.146471 19.654242 -13.982051 0.536526 0.285108 -1
1 6.145349 16.892439 -15.330961 0.584420 0.272951 -1
1 4.944086 19.615078 -13.982050 0.526822 0.285108 -1
1 5.942960 16.853277 -15.330963 0.574716 0.272951 -1
1 -5.145038 19.834244 -8.393487 0.536526 0.335478 -1
1 -5.941529 16.178276 -1.655667 0.574716 0.396206 -1
1 -4.942653 19.795074 -8.393484 0.526822 0.335478 -1
1 -6.143918 16.217438 -1.655666 0.584420 0.396206 -1
1 -5.145038 19.654242 -13.982051 0.536526 0.285108 -1
1 -6.143918 16.892439 -15.330961 0.584420 0.272951 -1
1 -4.942653 19.615078 -13.982050 0.526822 0.285108 -1
1 -5.941529 16.853277 -15.330963 0.574716 0.272951 -1
36
-0.166121 0.858370 0.485392
-0.166108 0.858372 0.485392
-0.166095 0.858375 0.485392
0.967662 0.252118 -0.008120
0.956158 0.292823 0.004161
0.942798 0.332960 0.016435
-0.080102 0.413917 -0.906783
-0.080093 0.413921 -0.906783
-0.080084 0.413924 -0.906782
-0.938579 -0.344886 0.011108
-0.948065 -0.318073 -0.001627
-0.956630 -0.290952 -0.014361
-0.189891 0.981296 -0.031606
-0.189905 0.981294 -0.031606
-0.189918 0.981291 -0.031606
0.189751 -0.980638 -0.048403
0.189751 -0.980638 -0.048403
0.189751 -0.980638 -0.048403
0.166108 0.858372 0.485392
0.166121 0.858370 0.485392
0.166095 0.858375 0.485392
-0.956157 0.292824 0.004161
-0.967662 0.252119 -0.008120
-0.942797 0.332961 0.016435
0.080093 0.413921 -0.906783
0.080102 0.413917 -0.906783
0.080084 0.413924 -0.906782
0.948065 -0.318074 -0.001627
0.938579 -0.344886 0.011108
0.956630 -0.290953 -0.014361
0.189905 0.981294 -0.031606
0.189891 0.981296 -0.031606
0.189918 0.981291 -0.031606
-0.189751 -0.980638 -0.048403
-0.189751 -0.980638 -0.048403
-0.189751 -0.980638 -0.048403
24
1 0 1 2 0 1 1 1
1 1 3 2 1 2 1 1
1 2 3 4 3 4 4 2
1 3 5 4 4 5 4 2
1 4 5 6 6 7 7 1
1 5 7 6 7 8 7 1
1 6 7 0 9 10 10 2
1 7 1 0 10 11 10 2
1 6 0 4 12 13 13 3
1 0 2 4 13 14 13 3
1 1 7 3 15 16 16 3
1 7 5 3 16 17 16 3
1 8 9 10 18 18 19 1
1 8 11 9 18 20 18 1
1 12 11 8 21 21 22 2
1 12 13 11 21 23 21 2
1 14 13 12 24 24 25 1
1 14 15 13 24 26 24 1
1 10 15 14 27 27 28 2
1 10 9 15 27 29 27 2
1 12 10 14 30 30 31 3
1 12 8 10 30 32 30 3
1 11 15 9 33 33 34 3
1 11 13 15 33 35 33 3

Materials: 3
"hull"
0.200000 0.200000 0.200000 1.000000
0.501961 0.501961 0.501961 1.000000
0.000000 0.000000 0.000000 1.000000
0.576471 0.576471 0.576471 1.000000
0.000000
1.000000
"sr712.jpg"
""
"titanium"
0.200000 0.200000 0.200000 1.000000
0.800000 0.800000 0.800000 1.000000
0.000000 0.000000 0.000000 1.000000
0.211765 0.211765 0.211765 1.000000
0.000000
1.000000
"sphere_chrome.jpg"
""
"bay"
0.200000 0.200000 0.200000 1.000000
0.274510 0.000000 0.000000 1.000000
0.000000 0.000000 0.000000 1.000000
0.317647 0.000000 0.000000 1.000000
0.000000
1.000000
"sphere_chrome.jpg"
""

Bones: 0
GroupComments: 0
MaterialComments: 0
BoneComments: 0
ModelComment: 0
