// MilkShape 3D ASCII

Frames: 30
Frame: 1

Meshes: 1
"turret" 0 0
267
1 8.770436 72.331284 -50.211815 0.246550 -0.145541 -1
1 -14.301564 49.771217 35.425751 0.345920 -0.096544 -1
1 -9.533691 72.331284 -50.211815 0.246550 -0.145541 -1
1 13.690885 49.771217 35.425751 0.345920 -0.096544 -1
1 13.690885 67.600006 35.533386 0.346045 -0.135265 -1
1 13.690885 45.749969 235.635101 0.578236 -0.087810 -1
1 -14.301564 67.600006 35.533386 0.346045 -0.135265 -1
1 -14.301564 45.749969 235.635101 0.578236 -0.087810 -1
1 -0.496123 68.919373 -58.692078 0.236710 -0.138131 -1
1 11.635844 68.919373 -58.692078 0.236710 -0.138131 -1
1 6.897028 46.170387 49.291016 0.362009 -0.088723 -1
1 8.011269 49.923470 -38.229225 0.260454 -0.096874 -1
1 5.569860 73.029068 -48.611748 0.248406 -0.147057 -1
1 3.852933 48.067406 53.551636 0.366953 -0.092843 -1
1 -0.496123 73.664841 -47.052391 0.250216 -0.148438 -1
1 -0.305339 48.761681 55.111053 0.368763 -0.094351 -1
1 -6.562108 73.029068 -48.611748 0.248406 -0.147057 -1
1 -4.463611 48.067406 53.551636 0.366953 -0.092843 -1
1 -7.507707 46.170387 49.291016 0.362009 -0.088723 -1
1 -12.628092 68.919373 -58.692078 0.236710 -0.138131 -1
1 -8.621948 49.923470 -38.229225 0.260454 -0.096874 -1
1 -11.002684 56.403286 -121.127655 0.164261 -0.110948 -1
1 -7.507707 47.332047 -44.049126 0.253701 -0.091246 -1
1 -4.463611 49.169876 -186.478882 0.088430 -0.095238 -1
1 -4.463611 45.435158 -48.309731 0.248757 -0.087126 -1
1 -0.305339 48.475601 -188.038422 0.086621 -0.093730 -1
1 -0.305339 44.740944 -49.869026 0.246948 -0.085619 -1
1 3.852933 49.169876 -186.478882 0.088430 -0.095238 -1
1 3.852933 45.435158 -48.309731 0.248757 -0.087126 -1
1 10.010500 56.403286 -121.127655 0.164261 -0.110948 -1
1 6.897028 47.332047 -44.049126 0.253701 -0.091246 -1
1 64.701630 15.676624 118.711060 0.442562 -0.022495 -1
1 27.778570 12.495504 118.711060 0.442562 -0.015586 -1
1 27.778570 15.676624 118.711060 0.442562 -0.022495 -1
1 64.701630 12.495504 118.711060 0.442562 -0.015586 -1
1 70.519806 15.676624 135.887512 0.462493 -0.022495 -1
1 70.519806 12.495504 135.887512 0.462493 -0.015586 -1
1 27.778570 15.676624 157.009857 0.487002 -0.022495 -1
1 27.778570 12.495504 157.009857 0.487002 -0.015586 -1
1 -28.389238 15.676624 118.711060 0.442562 -0.022495 -1
1 -28.389238 12.495504 118.711060 0.442562 -0.015586 -1
1 -65.312317 15.676624 118.711060 0.442562 -0.022495 -1
1 -65.312317 12.495504 118.711060 0.442562 -0.015586 -1
1 -71.130493 15.676624 135.887512 0.462493 -0.022495 -1
1 -71.130493 12.495504 135.887512 0.462493 -0.015586 -1
1 -28.389238 15.676624 157.009857 0.487002 -0.022495 -1
1 -28.389238 12.495504 157.009857 0.487002 -0.015586 -1
1 64.701630 13.001104 -257.953644 0.005494 -0.016684 -1
1 27.778570 9.878418 -257.346680 0.006198 -0.009902 -1
1 27.778570 13.001104 -257.953644 0.005494 -0.016684 -1
1 64.701630 9.878418 -257.346680 0.006198 -0.009902 -1
1 70.519806 16.278547 -241.092712 0.025058 -0.023802 -1
1 70.519806 13.155857 -240.485657 0.025763 -0.017020 -1
1 27.778570 20.308947 -220.358185 0.049118 -0.032556 -1
1 27.778570 17.186258 -219.751129 0.049822 -0.025774 -1
1 -28.389238 13.001104 -257.953644 0.005494 -0.016684 -1
1 -28.389238 9.878418 -257.346680 0.006198 -0.009902 -1
1 -65.312317 13.001104 -257.953644 0.005494 -0.016684 -1
1 -65.312317 9.878418 -257.346680 0.006198 -0.009902 -1
1 -71.130493 16.278547 -241.092712 0.025058 -0.023802 -1
1 -71.130493 13.155857 -240.485657 0.025763 -0.017020 -1
1 -28.389238 20.308947 -220.358185 0.049118 -0.032556 -1
1 -28.389238 17.186258 -219.751129 0.049822 -0.025774 -1
1 -0.305339 15.936533 -307.819641 -0.052369 -0.023059 -1
1 1.293509 14.630482 -307.819580 -0.052369 -0.020223 -1
1 1.540805 15.936533 -307.819641 -0.052369 -0.023059 -1
1 0.617733 13.674706 -307.819580 -0.052369 -0.018147 -1
1 -0.305339 13.324369 -307.819366 -0.052369 -0.017386 -1
1 -1.228411 13.674706 -307.819580 -0.052369 -0.018147 -1
1 -1.904187 14.630482 -307.819580 -0.052369 -0.020223 -1
1 -2.151482 15.936533 -307.819641 -0.052369 -0.023059 -1
1 -1.904187 17.242899 -307.819641 -0.052369 -0.025897 -1
1 -1.228411 18.198996 -307.819580 -0.052369 -0.027973 -1
1 -0.305339 18.549204 -307.819458 -0.052369 -0.028734 -1
1 0.617733 18.198996 -307.819580 -0.052369 -0.027973 -1
1 1.293509 17.242899 -307.819641 -0.052369 -0.025897 -1
1 34.486080 14.493329 -64.833771 0.229583 -0.019925 -1
1 0.577605 14.493329 -64.833771 0.229583 -0.019925 -1
1 29.943241 -1.106028 -64.833832 0.229583 0.013955 -1
1 4.146245 9.938129 -292.785706 -0.034924 -0.010032 -1
1 34.486080 14.493329 -220.105377 0.049411 -0.019925 -1
1 29.943241 -1.106028 -220.105377 0.049411 0.013955 -1
1 3.668102 7.253778 -292.785706 -0.034924 -0.004202 -1
1 34.486080 14.493268 -168.348267 0.109468 -0.019925 -1
1 29.943241 -1.106092 -168.348267 0.109468 0.013955 -1
1 34.486080 14.493329 -116.591263 0.169525 -0.019925 -1
1 29.943241 -1.106092 -116.591263 0.169525 0.013955 -1
1 2.361862 5.288660 -292.785645 -0.034924 0.000066 -1
1 -1.206715 5.288660 -292.785645 -0.034924 0.000066 -1
1 -28.788086 -1.106028 -220.105377 0.049411 0.013955 -1
1 -2.513018 7.253778 -292.785706 -0.034924 -0.004202 -1
1 -28.788086 -1.106028 -64.833832 0.229583 0.013955 -1
1 -33.330944 14.493329 -64.833771 0.229583 -0.019925 -1
1 -2.991098 9.938129 -292.785706 -0.034924 -0.010032 -1
1 -33.330944 14.493329 -220.105377 0.049411 -0.019925 -1
1 -28.788086 -1.106092 -168.348267 0.109468 0.013955 -1
1 -33.330944 14.493268 -168.348267 0.109468 -0.019925 -1
1 -28.788086 -1.106092 -116.591263 0.169525 0.013955 -1
1 -33.330944 14.493329 -116.591263 0.169525 -0.019925 -1
1 -28.788086 30.092691 -64.833710 0.229583 -0.053805 -1
1 -28.788086 30.092691 -220.105377 0.049411 -0.053805 -1
1 -2.513018 12.622480 -292.785706 -0.034924 -0.015862 -1
1 -28.788086 30.092691 -168.348267 0.109468 -0.053805 -1
1 -28.788086 30.092627 -116.591202 0.169525 -0.053805 -1
1 -16.376694 46.988434 -83.295212 0.208161 -0.090500 -1
1 -9.727292 14.480020 -338.324158 -0.087765 -0.019896 -1
1 -16.376694 46.988434 -238.567017 0.027989 -0.090500 -1
1 -16.376694 46.988434 -186.809692 0.088046 -0.090500 -1
1 -16.376694 46.988434 -135.052704 0.148103 -0.090500 -1
1 0.577605 51.168274 -83.295273 0.208161 -0.099578 -1
1 0.577605 51.168213 -238.567017 0.027989 -0.099578 -1
1 0.577605 18.679701 -338.324158 -0.087765 -0.029017 -1
1 0.577605 51.168213 -186.809692 0.088046 -0.099578 -1
1 0.577605 51.168213 -135.052765 0.148103 -0.099578 -1
1 17.531851 46.988434 -83.295212 0.208161 -0.090500 -1
1 10.882436 14.480020 -338.324158 -0.087765 -0.019896 -1
1 17.531851 46.988434 -238.567017 0.027989 -0.090500 -1
1 17.531851 46.988434 -186.809692 0.088046 -0.090500 -1
1 17.531851 46.988434 -135.052704 0.148103 -0.090500 -1
1 29.943241 30.092691 -64.833710 0.229583 -0.053805 -1
1 29.943241 30.092691 -220.105377 0.049411 -0.053805 -1
1 3.668102 12.622480 -292.785706 -0.034924 -0.015862 -1
1 29.943241 30.092691 -168.348267 0.109468 -0.053805 -1
1 29.943241 30.092627 -116.591202 0.169525 -0.053805 -1
1 -19.044725 13.672211 -292.882050 -0.035036 -0.018142 -1
1 -10.636732 11.347090 -292.882050 -0.035036 -0.013092 -1
1 -19.044725 12.821136 -287.409210 -0.028686 -0.016293 -1
1 -20.811317 14.552273 -333.828796 -0.082549 -0.020053 -1
1 -20.811317 14.834641 -337.833527 -0.087196 -0.020666 -1
1 -19.044725 14.834705 -294.885376 -0.037361 -0.020666 -1
1 -19.044725 15.997202 -292.882050 -0.035036 -0.023191 -1
1 -20.811317 15.117138 -333.828796 -0.082549 -0.021280 -1
1 -10.636732 18.322260 -292.882050 -0.035036 -0.028241 -1
1 -19.044725 16.848276 -287.409210 -0.028686 -0.025040 -1
1 0.848709 14.508560 -337.833527 -0.087196 -0.019958 -1
1 0.848645 10.807632 -294.885376 -0.037361 -0.011920 -1
1 0.848645 14.834705 -342.457336 -0.092561 -0.020666 -1
1 0.848645 15.160851 -337.833527 -0.087196 -0.021375 -1
1 0.848645 18.861845 -294.885376 -0.037361 -0.029413 -1
1 12.334085 11.347090 -292.882050 -0.035036 -0.013092 -1
1 22.508617 14.552338 -333.828796 -0.082549 -0.020053 -1
1 22.508617 14.834705 -337.833527 -0.087196 -0.020666 -1
1 22.508617 15.117138 -333.828796 -0.082549 -0.021280 -1
1 12.334085 18.322260 -292.882050 -0.035036 -0.028241 -1
1 20.742025 13.672211 -292.882050 -0.035036 -0.018142 -1
1 20.742025 12.821136 -287.409210 -0.028686 -0.016293 -1
1 20.742025 14.834641 -294.885376 -0.037361 -0.020666 -1
1 20.742025 15.997267 -292.882050 -0.035036 -0.023191 -1
1 20.742025 16.848276 -287.409210 -0.028686 -0.025040 -1
1 0.011589 42.464722 -292.882050 -0.035036 -0.080675 -1
1 -1.662395 30.786835 -292.882050 -0.035036 -0.055312 -1
1 -0.601147 42.464722 -287.409210 -0.028686 -0.080675 -1
1 0.645317 44.918289 -333.828796 -0.082549 -0.086004 -1
1 0.848581 44.918358 -337.833527 -0.087196 -0.086004 -1
1 0.848645 42.464722 -294.885376 -0.037361 -0.080675 -1
1 1.685701 42.464722 -292.882050 -0.035036 -0.080675 -1
1 1.051973 44.918289 -333.828796 -0.082549 -0.086004 -1
1 3.359622 30.786835 -292.882050 -0.035036 -0.055312 -1
1 2.298374 42.464722 -287.409210 -0.028686 -0.080675 -1
1 0.613829 14.834641 -337.833527 -0.087196 -0.020666 -1
1 -2.050811 14.834641 -294.885376 -0.037361 -0.020666 -1
1 1.083525 14.834705 -337.833527 -0.087196 -0.020666 -1
1 3.748102 14.834705 -294.885376 -0.037361 -0.020666 -1
1 -1.662395 8.882582 -295.882050 -0.038517 -0.007739 -1
1 0.645381 2.124759 -331.873169 -0.080280 0.006938 -1
1 0.848645 2.334415 -335.872375 -0.084921 0.006482 -1
1 1.051973 2.124888 -331.873138 -0.080280 0.006938 -1
1 3.359686 8.882582 -295.882050 -0.038517 -0.007739 -1
1 0.011653 2.432171 -290.854095 -0.032683 0.006270 -1
1 -0.601083 2.145680 -285.388763 -0.026341 0.006892 -1
1 0.848581 2.536953 -292.854675 -0.035004 0.006043 -1
1 1.685701 2.432106 -290.854095 -0.032683 0.006270 -1
1 2.298374 2.145680 -285.388763 -0.026341 0.006892 -1
1 -19.533495 45.975700 176.626068 0.509764 -0.088300 -1
1 -16.871222 45.975700 210.989838 0.549639 -0.088300 -1
1 0.338629 50.507347 176.626068 0.509764 -0.098143 -1
1 -9.597564 45.975700 236.145905 0.578829 -0.088300 -1
1 0.338629 45.975700 245.353607 0.589513 -0.088300 -1
1 10.274756 45.975700 236.145905 0.578829 -0.088300 -1
1 17.548426 45.975700 210.989838 0.549639 -0.088300 -1
1 20.210762 45.975700 176.626068 0.509764 -0.088300 -1
1 -16.568758 -0.227819 235.720490 0.578336 0.012047 -1
1 -34.010433 16.683794 132.989655 0.459130 -0.024683 -1
1 -29.408310 -0.227819 132.989655 0.459130 0.012047 -1
1 -34.080959 16.683794 245.353607 0.589513 -0.024683 -1
1 -19.533495 16.683794 295.665680 0.647894 -0.024683 -1
1 -16.871222 -0.227819 279.717255 0.629387 0.012047 -1
1 0.338629 -0.227819 295.665680 0.647894 0.012047 -1
1 0.338629 16.683794 314.081024 0.669262 -0.024683 -1
1 20.210762 16.683794 295.665680 0.647894 -0.024683 -1
1 17.548426 -0.227819 279.717255 0.629387 0.012047 -1
1 17.349003 -0.227819 235.720490 0.578336 0.012047 -1
1 34.758209 16.683794 245.353607 0.589513 -0.024683 -1
1 34.687744 16.683794 132.989655 0.459130 -0.024683 -1
1 30.085514 -0.227819 132.989655 0.459130 0.012047 -1
1 -29.469559 33.595474 236.145905 0.578829 -0.061412 -1
1 -29.408310 33.595474 132.989655 0.459130 -0.061412 -1
1 -16.871222 33.595474 279.717255 0.629387 -0.061412 -1
1 0.338629 33.595474 295.665680 0.647894 -0.061412 -1
1 17.548426 33.595474 279.717255 0.629387 -0.061412 -1
1 30.146826 33.595474 236.145905 0.578829 -0.061412 -1
1 30.085514 33.595474 132.989655 0.459130 -0.061412 -1
1 0.577605 14.493329 209.628143 0.548059 -0.019925 -1
1 11.857092 -1.106092 210.053436 0.548552 0.013955 -1
1 23.574923 14.493329 209.628143 0.548059 -0.019925 -1
1 29.943241 -1.106028 -100.915489 0.187715 0.013955 -1
1 0.577605 14.493329 -100.915558 0.187715 -0.019925 -1
1 34.486080 14.493329 -100.915558 0.187715 -0.019925 -1
1 29.943241 -1.106028 157.870819 0.488002 0.013955 -1
1 34.486080 14.493329 157.870819 0.488002 -0.019925 -1
1 34.486080 14.493394 106.113464 0.427944 -0.019925 -1
1 29.943241 -1.106028 106.113464 0.427944 0.013955 -1
1 29.943241 -1.106028 54.356232 0.367886 0.013955 -1
1 34.486080 14.493329 54.356232 0.367886 -0.019925 -1
1 34.486080 14.493268 2.599007 0.307829 -0.019925 -1
1 29.943241 -1.106092 2.599007 0.307829 0.013955 -1
1 29.943241 -1.106092 -49.158043 0.247772 0.013955 -1
1 34.486080 14.493329 -49.158043 0.247772 -0.019925 -1
1 -22.419765 14.493329 209.628143 0.548059 -0.019925 -1
1 -10.804988 -1.106092 210.053436 0.548552 0.013955 -1
1 -33.330944 14.493329 -100.915558 0.187715 -0.019925 -1
1 -28.788086 -1.106028 -100.915489 0.187715 0.013955 -1
1 -28.788086 -1.106028 157.870819 0.488002 0.013955 -1
1 -33.330944 14.493329 157.870819 0.488002 -0.019925 -1
1 -33.330944 14.493394 106.113464 0.427944 -0.019925 -1
1 -28.788086 -1.106028 106.113464 0.427944 0.013955 -1
1 -28.788086 -1.106028 54.356232 0.367886 0.013955 -1
1 -33.330944 14.493329 54.356232 0.367886 -0.019925 -1
1 -33.330944 14.493268 2.599007 0.307829 -0.019925 -1
1 -28.788086 -1.106092 2.599007 0.307829 0.013955 -1
1 -28.788086 -1.106092 -49.158043 0.247772 0.013955 -1
1 -33.330944 14.493329 -49.158043 0.247772 -0.019925 -1
1 -19.338741 30.092691 209.628082 0.548059 -0.053805 -1
1 -28.788086 30.092691 -100.915619 0.187715 -0.053805 -1
1 -28.788086 30.092691 157.870819 0.488002 -0.053805 -1
1 -28.788086 30.092691 106.113464 0.427944 -0.053805 -1
1 -28.788086 30.092691 54.356171 0.367886 -0.053805 -1
1 -28.788086 30.092691 2.599007 0.307829 -0.053805 -1
1 -28.788086 30.092627 -49.158119 0.247772 -0.053805 -1
1 -16.376694 41.512276 209.628082 0.548059 -0.078606 -1
1 -16.376694 46.988434 -82.454056 0.209137 -0.090500 -1
1 -16.376694 46.988434 176.332428 0.509423 -0.090500 -1
1 -16.376694 46.988434 124.575012 0.449366 -0.090500 -1
1 -16.376694 46.988434 72.817749 0.389309 -0.090500 -1
1 -16.376694 46.988434 21.060547 0.329252 -0.090500 -1
1 -16.376694 46.988434 -30.696541 0.269194 -0.090500 -1
1 0.577605 45.691986 209.627960 0.548058 -0.087684 -1
1 0.577605 51.168274 -82.453995 0.209137 -0.099578 -1
1 0.577605 51.168213 176.332428 0.509423 -0.099578 -1
1 0.577605 51.168274 124.575012 0.449366 -0.099578 -1
1 0.577605 51.168213 72.817749 0.389309 -0.099578 -1
1 0.577605 51.168213 21.060547 0.329252 -0.099578 -1
1 0.577605 49.937492 39.457367 0.350599 -0.096905 -1
1 17.531851 41.512276 209.628082 0.548059 -0.078606 -1
1 17.531851 46.988434 -82.454056 0.209137 -0.090500 -1
1 17.531851 46.988434 176.332428 0.509423 -0.090500 -1
1 17.531851 46.988434 124.575012 0.449366 -0.090500 -1
1 17.531851 46.988434 72.817749 0.389309 -0.090500 -1
1 17.531851 46.988434 21.060547 0.329252 -0.090500 -1
1 17.531851 46.988434 -30.696541 0.269194 -0.090500 -1
1 20.493898 30.092691 209.628082 0.548059 -0.053805 -1
1 29.943241 30.092691 -100.915619 0.187715 -0.053805 -1
1 29.943241 30.092691 157.870819 0.488002 -0.053805 -1
1 29.943241 30.092691 106.113464 0.427944 -0.053805 -1
1 29.943241 30.092691 54.356171 0.367886 -0.053805 -1
1 29.943241 30.092691 2.599007 0.307829 -0.053805 -1
1 29.943241 30.092627 -49.158119 0.247772 -0.053805 -1
308
0.895046 -0.435015 -0.098261
0.000000 -0.967008 -0.254745
-0.947106 0.305222 0.099143
0.999590 0.000173 -0.028647
0.446205 0.819404 -0.359830
1.000000 0.000000 0.000000
0.000000 0.994091 0.108549
-0.725751 0.587184 -0.358469
-0.958345 -0.282470 -0.042252
-0.694658 -0.715090 -0.078084
-0.974804 0.223020 0.004479
0.000000 0.998481 0.055095
0.000000 0.998481 0.055095
0.000000 -0.999798 -0.020081
0.000497 0.961629 -0.274353
0.000000 0.958192 -0.286125
0.829969 0.533868 0.161668
0.974766 -0.220869 -0.032375
0.998175 -0.056617 0.021012
0.005044 0.924923 -0.380121
0.364450 0.902319 0.230209
0.484019 0.848142 0.215362
0.000000 0.925999 -0.377527
-0.000102 0.970948 0.239290
-0.000065 0.971553 0.236824
-0.005337 0.924859 -0.380272
-0.370705 0.899612 0.230815
-0.485113 0.847114 0.216941
-0.830558 0.532297 0.163812
-0.997740 -0.062206 0.025399
-0.971076 -0.236902 -0.029805
-0.159269 0.972799 -0.168210
-0.872762 -0.487546 -0.024197
-0.923447 -0.383712 -0.003287
-0.106677 0.983122 -0.148630
-0.462563 -0.886184 -0.026723
-0.370495 -0.928495 -0.025097
0.000061 0.987739 -0.156116
0.000000 -0.999635 -0.027020
0.000000 -0.999635 -0.027020
0.110056 0.982822 -0.148150
0.469504 -0.882522 -0.026850
0.370495 -0.928495 -0.025097
0.162567 0.972365 -0.167567
0.880361 -0.473558 -0.026599
0.932600 -0.360879 -0.004800
0.000000 0.000000 -1.000000
0.947139 0.000000 -0.320824
0.443043 0.000000 0.896501
-1.000000 0.000000 0.000000
0.000000 1.000000 0.000000
0.000000 -1.000000 0.000000
-0.947139 0.000000 -0.320824
-0.443043 0.000000 0.896501
0.000000 -0.190802 -0.981629
0.947139 -0.061218 -0.314928
0.947139 -0.061214 -0.314929
0.947140 -0.061222 -0.314926
0.443047 0.171078 0.880024
0.443047 0.171078 0.880024
0.443047 0.171078 0.880024
0.000000 0.981627 -0.190810
0.000000 0.981627 -0.190810
0.000000 0.981627 -0.190810
-0.000000 -0.981627 0.190809
0.000000 -0.981627 0.190809
-0.000001 -0.981627 0.190809
-0.947139 -0.061214 -0.314929
-0.947139 -0.061218 -0.314928
-0.947140 -0.061222 -0.314926
-0.443047 0.171078 0.880024
-0.443047 0.171078 0.880024
-0.443047 0.171078 0.880024
-0.000000 0.981627 -0.190810
-0.000000 0.981627 -0.190810
0.000000 0.981627 -0.190810
0.000000 -0.981627 0.190809
0.000000 -0.981627 0.190809
0.000001 -0.981627 0.190809
-0.000000 0.000010 1.000000
-0.000012 0.000032 1.000000
0.000000 0.000023 1.000000
0.000084 0.000061 1.000000
0.000000 0.000105 1.000000
-0.000084 0.000061 1.000000
0.000012 0.000032 1.000000
0.000000 0.000023 1.000000
-0.000017 -0.000020 1.000000
-0.000069 -0.000055 1.000000
0.000000 -0.000070 1.000000
0.000069 -0.000055 1.000000
0.000017 -0.000020 1.000000
0.000000 -0.000004 1.000000
-0.000000 0.273619 0.961838
0.000000 -0.000004 1.000000
0.926854 -0.001114 -0.375421
0.980412 -0.000832 -0.196955
0.926493 -0.308344 -0.215720
0.867935 -0.348528 -0.353861
1.000000 -0.000000 0.000000
0.960115 -0.279604 -0.000000
1.000000 0.000001 -0.000000
0.960115 -0.279604 0.000000
1.000000 0.000001 -0.000000
0.960115 -0.279604 0.000000
0.782377 -0.520067 -0.342661
-0.782366 -0.520085 -0.342659
-0.926493 -0.308345 -0.215719
-0.867935 -0.348528 -0.353860
-0.926854 -0.001114 -0.375419
-0.980412 -0.000832 -0.196955
-0.960115 -0.279605 -0.000000
-1.000000 -0.000000 0.000000
-0.960115 -0.279605 0.000000
-1.000000 0.000001 -0.000000
-0.960115 -0.279606 0.000000
-1.000000 0.000001 -0.000000
0.166854 0.314097 0.934614
-0.960270 0.246216 -0.131376
-0.869776 -0.448050 -0.206740
-0.896729 0.442579 0.000000
-0.896729 0.442579 -0.000000
-0.896729 0.442579 -0.000001
0.103718 0.531671 0.840576
-0.780281 0.545260 -0.306354
-0.588369 0.796293 -0.140497
-0.555923 0.831234 0.000000
-0.555923 0.831234 0.000000
-0.555924 0.831233 -0.000001
0.000000 0.449629 0.893216
0.000001 0.987269 -0.159060
0.000001 0.950845 -0.309667
0.000000 1.000000 0.000000
0.000000 1.000000 -0.000000
0.000000 1.000000 -0.000001
-0.103719 0.531671 0.840576
0.780282 0.545259 -0.306354
0.588369 0.796293 -0.140497
0.555923 0.831234 0.000000
0.555924 0.831233 0.000000
0.555924 0.831233 -0.000001
-0.166854 0.314097 0.934614
0.960269 0.246218 -0.131377
0.869779 -0.448042 -0.206744
0.896730 0.442579 0.000000
0.896730 0.442579 -0.000000
0.896730 0.442579 -0.000001
-0.886491 -0.461945 -0.027223
-0.153091 -0.984972 -0.079957
-0.263589 -0.953179 -0.148228
-0.414216 -0.909191 -0.042388
-0.999553 0.000067 -0.029910
-0.999155 -0.000000 0.041098
-0.886468 0.461988 -0.027219
-0.414249 0.909176 -0.042393
-0.153090 0.984972 -0.079957
-0.263582 0.953180 -0.148228
0.000001 -0.997171 -0.075173
-0.000000 -0.996308 -0.085854
-0.000003 -0.077883 -0.996963
-0.000001 0.997170 -0.075179
-0.000000 0.996308 -0.085855
0.153093 -0.984972 -0.079957
0.414216 -0.909191 -0.042389
0.999553 0.000038 -0.029906
0.414227 0.909186 -0.042391
0.153088 0.984973 -0.079955
0.886493 -0.461941 -0.027224
0.263591 -0.953178 -0.148228
0.999155 0.000006 0.041098
0.886477 0.461972 -0.027218
0.263578 0.953183 -0.148217
-0.481565 0.876372 -0.008253
-0.995012 0.080995 -0.058230
-0.983858 0.141033 -0.110152
-0.953997 0.298294 -0.030180
0.000066 1.000000 -0.000797
-0.000000 0.998372 0.057037
0.481573 0.876367 -0.008238
0.953961 0.298409 -0.030182
0.995012 0.080994 -0.058226
0.983860 0.141028 -0.110141
-0.998433 -0.010300 -0.054997
-0.998017 -0.011320 -0.061920
0.998433 -0.010299 -0.055006
0.998017 -0.011318 -0.061919
-0.982916 -0.172377 -0.064508
-0.929634 -0.365465 -0.047080
0.000061 -0.998640 -0.052145
0.929588 -0.365581 -0.047081
0.982918 -0.172369 -0.064504
-0.394768 -0.917438 -0.049655
-0.933316 -0.337575 -0.122333
-0.000022 -0.999989 0.004708
0.394786 -0.917431 -0.049642
0.933325 -0.337553 -0.122318
-0.572976 0.819243 0.023226
-0.399756 0.914072 0.068321
0.000000 0.999028 0.044087
-0.289785 0.945251 0.150086
0.000000 0.988381 0.151996
0.289785 0.945251 0.150086
0.399754 0.914073 0.068321
0.572976 0.819243 0.023226
-0.863847 -0.497714 0.077774
-0.991516 -0.125807 0.032690
-0.957969 -0.260690 0.119729
-0.959041 -0.250568 0.132123
-0.879604 -0.022470 0.475176
-0.845844 -0.430370 0.315165
0.000000 -0.736541 0.676393
-0.000000 -0.000001 1.000000
0.879467 -0.022537 0.475425
0.845017 -0.431228 0.316209
0.864237 -0.496967 0.078221
0.959384 -0.249229 0.132165
0.991604 -0.125181 0.032410
0.958078 -0.260726 0.118782
-0.812267 0.572116 0.113603
-0.891508 0.453004 -0.000529
-0.578122 0.748294 0.325318
0.000000 0.889777 0.456396
0.578121 0.748294 0.325318
0.812266 0.572117 0.113603
0.891507 0.453006 -0.000530
-0.000000 0.006816 0.999977
0.000000 0.027253 0.999629
0.000000 0.013630 0.999907
0.000000 -0.000004 -1.000000
-0.000000 0.273620 -0.961838
0.000000 -0.000004 -1.000000
0.925953 -0.358450 0.118848
0.994600 -0.000000 0.103785
0.968933 -0.102520 0.225076
0.773759 -0.573914 0.268179
1.000000 0.000001 0.000000
0.960116 -0.279603 0.000000
0.960115 -0.279604 0.000000
1.000000 -0.000000 0.000000
1.000000 -0.000000 -0.000000
0.960115 -0.279604 0.000000
0.960115 -0.279604 -0.000000
1.000000 0.000001 0.000000
1.000000 0.000001 0.000000
0.960115 -0.279604 -0.000000
0.000000 0.013630 0.999907
0.000000 0.027253 0.999629
0.000000 -0.000004 -1.000000
0.000000 -0.000004 -1.000000
-0.969096 -0.101614 0.224783
-0.926332 -0.357534 0.118649
-0.776329 -0.570733 0.267537
-0.994600 -0.000000 0.103786
-1.000000 0.000001 0.000000
-0.960115 -0.279604 0.000000
-0.960115 -0.279605 0.000000
-1.000000 -0.000000 0.000000
-1.000000 -0.000000 -0.000000
-0.960115 -0.279605 0.000000
-0.960115 -0.279605 -0.000000
-1.000000 0.000001 0.000000
-1.000000 0.000001 0.000000
-0.960115 -0.279606 -0.000000
-0.000001 0.000002 1.000000
0.166854 0.314098 -0.934614
-0.921573 0.379682 0.080896
-0.959841 0.219079 0.175239
-0.896729 0.442580 0.000000
-0.896729 0.442580 -0.000000
-0.896729 0.442579 -0.000000
-0.896729 0.442579 0.000000
-0.896729 0.442579 0.000001
0.000002 0.000003 1.000000
0.103719 0.531673 -0.840575
-0.636538 0.754166 0.161408
-0.571060 0.818285 0.065580
-0.555923 0.831234 -0.000000
-0.555923 0.831234 0.000000
-0.643240 0.765579 -0.011470
-0.526711 0.850044 0.000000
-0.541498 0.840698 0.002624
-0.000000 0.000006 1.000000
0.000000 0.449630 -0.893215
0.000000 0.996678 0.081447
0.000000 0.986743 0.162293
0.000000 1.000000 -0.000000
0.000000 1.000000 -0.000000
-0.000000 0.031484 -0.999504
0.000000 0.999611 -0.027882
0.000000 0.999949 0.010095
-0.000002 0.000003 1.000000
-0.103719 0.531673 -0.840575
0.636539 0.754166 0.161408
0.571060 0.818285 0.065580
0.555924 0.831233 -0.000000
0.555923 0.831234 0.000000
0.643240 0.765578 -0.011470
0.526711 0.850044 0.000000
0.541498 0.840698 0.002624
0.000001 0.000002 1.000000
-0.166854 0.314097 -0.934614
0.921574 0.379682 0.080896
0.959841 0.219079 0.175239
0.896729 0.442580 0.000000
0.896729 0.442579 -0.000000
0.896730 0.442579 -0.000000
0.896730 0.442579 0.000000
0.896730 0.442579 0.000001
400
1 0 1 2 0 1 2 1
1 0 3 1 0 1 1 1
1 4 3 0 3 3 4 2
1 4 5 3 3 5 3 2
1 6 5 4 6 6 6 1
1 6 7 5 6 6 6 1
1 2 7 6 7 8 9 2
1 2 1 7 7 10 8 2
1 4 2 6 11 11 11 3
1 4 0 2 11 12 11 3
1 3 7 1 13 13 13 3
1 3 5 7 13 13 13 3
1 8 0 9 14 4 15 2
1 10 11 9 16 17 18 1
1 0 10 9 0 16 18 1
1 8 12 0 14 19 4 2
1 12 10 0 20 16 0 1
1 12 13 10 20 21 16 1
1 8 14 12 14 22 19 2
1 15 13 12 23 21 20 1
1 14 15 12 24 23 20 1
1 8 16 14 14 25 22 2
1 16 15 14 26 23 24 1
1 16 17 15 26 27 23 1
1 8 2 16 14 7 25 2
1 18 17 16 28 27 26 1
1 2 18 16 2 28 26 1
1 8 19 2 14 15 7 2
1 19 18 2 29 28 2 1
1 19 20 18 29 30 28 1
1 8 21 19 14 31 15 2
1 22 20 19 32 30 29 1
1 21 22 19 33 32 29 1
1 8 23 21 14 34 31 2
1 23 22 21 35 32 33 1
1 23 24 22 35 36 32 1
1 8 25 23 14 37 34 2
1 26 24 23 38 36 35 1
1 25 26 23 39 38 35 1
1 8 27 25 14 40 37 2
1 27 26 25 41 38 39 1
1 27 28 26 41 42 38 1
1 8 29 27 14 43 40 2
1 30 28 27 44 42 41 1
1 29 30 27 45 44 41 1
1 8 9 29 14 15 43 2
1 9 30 29 18 44 45 1
1 9 11 30 18 17 44 1
1 31 32 33 46 46 46 1
1 31 34 32 46 46 46 1
1 35 34 31 47 47 47 2
1 35 36 34 47 47 47 2
1 37 36 35 48 48 48 1
1 37 38 36 48 48 48 1
1 33 38 37 49 49 49 2
1 33 32 38 49 49 49 2
1 35 33 37 50 50 50 3
1 35 31 33 50 50 50 3
1 34 38 32 51 51 51 3
1 34 36 38 51 51 51 3
1 39 40 41 46 46 46 1
1 40 42 41 46 46 46 1
1 41 42 43 52 52 52 2
1 42 44 43 52 52 52 2
1 43 44 45 53 53 53 1
1 44 46 45 53 53 53 1
1 45 46 39 5 5 5 2
1 46 40 39 5 5 5 2
1 45 39 43 50 50 50 3
1 39 41 43 50 50 50 3
1 40 46 42 51 51 51 3
1 46 44 42 51 51 51 3
1 47 48 49 54 54 54 1
1 47 50 48 54 54 54 1
1 51 50 47 55 55 56 2
1 51 52 50 55 57 55 2
1 53 52 51 58 58 59 1
1 53 54 52 58 60 58 1
1 49 54 53 49 49 49 2
1 49 48 54 49 49 49 2
1 51 49 53 61 61 62 3
1 51 47 49 61 63 61 3
1 50 54 48 64 64 65 3
1 50 52 54 64 66 64 3
1 55 56 57 54 54 54 1
1 56 58 57 54 54 54 1
1 57 58 59 67 68 68 2
1 58 60 59 68 69 68 2
1 59 60 61 70 71 71 1
1 60 62 61 71 72 71 1
1 61 62 55 5 5 5 2
1 62 56 55 5 5 5 2
1 61 55 59 73 74 74 3
1 55 57 59 74 75 74 3
1 56 62 58 76 77 77 3
1 62 60 58 77 78 77 3
1 63 64 65 79 80 81 2
1 63 66 64 79 82 80 2
1 63 67 66 79 83 82 2
1 63 68 67 79 84 83 2
1 63 69 68 79 85 84 2
1 63 70 69 79 86 85 2
1 63 71 70 79 87 86 2
1 63 72 71 79 88 87 2
1 63 73 72 79 89 88 2
1 63 74 73 79 90 89 2
1 63 75 74 79 91 90 2
1 63 65 75 79 81 91 2
1 76 77 78 92 93 94 2
1 79 80 81 95 96 97 1
1 79 81 82 95 97 98 1
1 80 83 81 96 99 97 1
1 83 84 81 99 100 97 1
1 83 85 86 99 101 102 1
1 83 86 84 99 102 100 1
1 85 76 86 101 103 102 1
1 76 78 86 103 104 102 1
1 82 81 87 98 97 105 1
1 88 89 90 106 107 108 1
1 91 77 92 94 93 92 2
1 90 89 93 108 107 109 1
1 89 94 93 107 110 109 1
1 89 95 96 107 111 112 1
1 89 96 94 107 112 110 1
1 95 97 96 111 113 112 1
1 97 98 96 113 114 112 1
1 97 91 92 113 115 116 1
1 97 92 98 113 116 114 1
1 92 77 99 92 93 117 2
1 93 94 100 109 110 118 1
1 93 100 101 109 118 119 1
1 94 96 100 110 112 118 1
1 96 102 100 112 120 118 1
1 96 98 103 112 114 121 1
1 96 103 102 112 121 120 1
1 98 92 103 114 116 121 1
1 92 99 103 116 122 121 1
1 99 77 104 117 93 123 2
1 101 100 105 119 118 124 1
1 100 106 105 118 125 124 1
1 100 102 107 118 120 126 1
1 100 107 106 118 126 125 1
1 102 103 107 120 121 126 1
1 103 108 107 121 127 126 1
1 103 99 104 121 122 128 1
1 103 104 108 121 128 127 1
1 104 77 109 123 93 129 2
1 105 106 110 124 125 130 1
1 105 110 111 124 130 131 1
1 106 107 110 125 126 130 1
1 107 112 110 126 132 130 1
1 107 108 113 126 127 133 1
1 107 113 112 126 133 132 1
1 108 104 113 127 128 133 1
1 104 109 113 128 134 133 1
1 109 77 114 129 93 135 2
1 111 110 115 131 130 136 1
1 110 116 115 130 137 136 1
1 110 112 117 130 132 138 1
1 110 117 116 130 138 137 1
1 112 113 117 132 133 138 1
1 113 118 117 133 139 138 1
1 113 109 114 133 134 140 1
1 113 114 118 133 140 139 1
1 114 77 119 135 93 141 2
1 115 116 120 136 137 142 1
1 115 120 121 136 142 143 1
1 116 117 120 137 138 142 1
1 117 122 120 138 144 142 1
1 117 118 123 138 139 145 1
1 117 123 122 138 145 144 1
1 118 114 123 139 140 145 1
1 114 119 123 140 146 145 1
1 119 77 76 141 93 92 2
1 121 120 79 143 142 95 1
1 120 80 79 142 96 95 1
1 120 122 83 142 144 99 1
1 120 83 80 142 99 96 1
1 122 123 83 144 145 99 1
1 123 85 83 145 101 99 1
1 123 119 76 145 146 103 1
1 123 76 85 145 103 101 1
1 124 125 126 147 148 149 1
1 124 127 125 147 150 148 1
1 128 127 124 151 150 147 1
1 129 128 124 152 151 147 1
1 130 128 129 153 151 152 1
1 130 131 128 153 154 151 1
1 132 131 130 155 154 153 1
1 133 132 130 156 155 153 1
1 134 135 125 157 158 148 1
1 127 134 125 150 157 148 1
1 128 134 127 151 157 150 1
1 128 136 134 151 159 157 1
1 137 136 128 160 159 151 1
1 131 137 128 154 160 151 1
1 132 137 131 155 160 154 1
1 132 138 137 155 161 160 1
1 134 139 135 157 162 158 1
1 134 140 139 157 163 162 1
1 141 140 134 164 163 157 1
1 136 141 134 159 164 157 1
1 137 141 136 160 164 159 1
1 137 142 141 160 165 164 1
1 143 142 137 166 165 160 1
1 138 143 137 161 166 160 1
1 144 145 139 167 168 162 1
1 140 144 139 163 167 162 1
1 141 144 140 164 167 163 1
1 141 146 144 164 169 167 1
1 147 146 141 170 169 164 1
1 142 147 141 165 170 164 1
1 143 147 142 166 170 165 1
1 143 148 147 166 171 170 1
1 149 150 151 172 173 174 1
1 149 152 150 172 175 173 1
1 153 152 149 176 175 172 1
1 154 153 149 177 176 172 1
1 155 153 154 178 176 177 1
1 155 156 153 178 179 176 1
1 157 156 155 180 179 178 1
1 158 157 155 181 180 178 1
1 159 160 150 182 183 173 1
1 152 159 150 175 182 173 1
1 153 159 152 176 182 175 1
1 153 136 159 176 159 182 1
1 161 136 153 184 159 176 1
1 156 161 153 179 184 176 1
1 157 161 156 180 184 179 1
1 157 162 161 180 185 184 1
1 159 163 160 182 186 183 1
1 159 164 163 182 187 186 1
1 165 164 159 188 187 182 1
1 136 165 159 159 188 182 1
1 161 165 136 184 188 159 1
1 161 166 165 184 189 188 1
1 167 166 161 190 189 184 1
1 162 167 161 185 190 184 1
1 168 169 163 191 192 186 1
1 164 168 163 187 191 186 1
1 165 168 164 188 191 187 1
1 165 170 168 188 193 191 1
1 171 170 165 194 193 188 1
1 166 171 165 189 194 188 1
1 167 171 166 190 194 189 1
1 167 172 171 190 195 194 1
1 173 174 175 196 197 198 1
1 174 176 175 197 199 198 1
1 176 177 175 199 200 198 1
1 177 178 175 200 201 198 1
1 178 179 175 201 202 198 1
1 179 180 175 202 203 198 1
1 181 182 183 204 205 206 1
1 181 184 182 204 207 205 1
1 185 184 181 208 207 204 1
1 186 185 181 209 208 204 1
1 187 185 186 210 208 209 1
1 187 188 185 210 211 208 1
1 189 188 187 212 211 210 1
1 190 189 187 213 212 210 1
1 191 189 190 214 212 213 1
1 191 192 189 214 215 212 1
1 193 192 191 216 215 214 1
1 194 193 191 217 216 214 1
1 195 196 182 218 219 205 1
1 184 195 182 207 218 205 1
1 185 195 184 208 218 207 1
1 185 197 195 208 220 218 1
1 198 197 185 221 220 208 1
1 188 198 185 211 221 208 1
1 189 198 188 212 221 211 1
1 189 199 198 212 222 221 1
1 200 199 189 223 222 212 1
1 192 200 189 215 223 212 1
1 193 200 192 216 223 215 1
1 193 201 200 216 224 223 1
1 195 173 196 218 196 219 1
1 195 174 173 218 197 196 1
1 176 174 195 199 197 218 1
1 197 176 195 220 199 218 1
1 198 176 197 221 199 220 1
1 198 177 176 221 200 199 1
1 178 177 198 201 200 221 1
1 199 178 198 222 201 221 1
1 200 178 199 223 201 222 1
1 200 179 178 223 202 201 1
1 180 179 200 203 202 223 1
1 201 180 200 224 203 223 1
1 202 203 204 225 226 227 2
1 205 206 207 228 229 230 2
1 208 209 204 231 232 233 1
1 203 208 204 234 231 233 1
1 208 210 209 231 235 232 1
1 208 211 210 231 236 235 1
1 212 213 210 237 238 235 1
1 211 212 210 236 237 235 1
1 212 214 213 237 239 238 1
1 212 215 214 237 240 239 1
1 216 217 214 241 242 239 1
1 215 216 214 240 241 239 1
1 216 207 217 241 243 242 1
1 216 205 207 241 244 243 1
1 202 218 219 225 245 246 2
1 220 206 221 247 229 248 2
1 218 222 219 249 250 251 1
1 218 223 222 249 252 250 1
1 224 225 222 253 254 250 1
1 223 224 222 252 253 250 1
1 224 226 225 253 255 254 1
1 224 227 226 253 256 255 1
1 228 229 226 257 258 255 1
1 227 228 226 256 257 255 1
1 228 230 229 257 259 258 1
1 228 231 230 257 260 259 1
1 220 221 230 261 262 259 1
1 231 220 230 260 261 259 1
1 202 232 218 225 263 245 2
1 233 206 220 264 229 247 2
1 234 223 218 265 252 249 1
1 232 234 218 266 265 249 1
1 234 224 223 265 253 252 1
1 234 235 224 265 267 253 1
1 236 227 224 268 256 253 1
1 235 236 224 267 268 253 1
1 236 228 227 268 257 256 1
1 236 237 228 268 269 257 1
1 238 231 228 270 260 257 1
1 237 238 228 269 270 257 1
1 238 220 231 270 261 260 1
1 238 233 220 270 271 261 1
1 202 239 232 225 272 263 2
1 240 206 233 273 229 264 2
1 239 234 232 274 265 266 1
1 239 241 234 274 275 265 1
1 242 235 234 276 267 265 1
1 241 242 234 275 276 265 1
1 242 236 235 276 268 267 1
1 242 243 236 276 277 268 1
1 244 237 236 278 269 268 1
1 243 244 236 277 278 268 1
1 244 238 237 278 270 269 1
1 244 245 238 278 279 270 1
1 240 233 238 280 271 270 1
1 245 240 238 279 280 270 1
1 202 246 239 225 281 272 2
1 247 206 240 282 229 273 2
1 248 241 239 283 275 274 1
1 246 248 239 284 283 274 1
1 248 242 241 283 276 275 1
1 248 249 242 283 285 276 1
1 250 243 242 286 277 276 1
1 249 250 242 285 286 276 1
1 250 244 243 286 278 277 1
1 250 251 244 286 287 278 1
1 252 245 244 288 279 278 1
1 251 252 244 287 288 278 1
1 252 240 245 288 280 279 1
1 252 247 240 288 289 280 1
1 202 253 246 225 290 281 2
1 254 206 247 291 229 282 2
1 253 248 246 292 283 284 1
1 253 255 248 292 293 283 1
1 256 249 248 294 285 283 1
1 255 256 248 293 294 283 1
1 256 250 249 294 286 285 1
1 256 257 250 294 295 286 1
1 258 251 250 296 287 286 1
1 257 258 250 295 296 286 1
1 258 252 251 296 288 287 1
1 258 259 252 296 297 288 1
1 254 247 252 298 289 288 1
1 259 254 252 297 298 288 1
1 202 260 253 225 299 290 2
1 261 206 254 300 229 291 2
1 262 255 253 301 293 292 1
1 260 262 253 302 301 292 1
1 262 256 255 301 294 293 1
1 262 263 256 301 303 294 1
1 264 257 256 304 295 294 1
1 263 264 256 303 304 294 1
1 264 258 257 304 296 295 1
1 264 265 258 304 305 296 1
1 266 259 258 306 297 296 1
1 265 266 258 305 306 296 1
1 266 254 259 306 298 297 1
1 266 261 254 306 307 298 1
1 202 204 260 225 227 299 2
1 207 206 261 230 229 300 2
1 204 262 260 233 301 302 1
1 204 209 262 233 232 301 1
1 210 263 262 235 303 301 1
1 209 210 262 232 235 301 1
1 210 264 263 235 304 303 1
1 210 213 264 235 238 304 1
1 214 265 264 239 305 304 1
1 213 214 264 238 239 304 1
1 214 266 265 239 306 305 1
1 214 217 266 239 242 306 1
1 207 261 266 243 307 306 1
1 217 207 266 242 243 306 1

Materials: 1
"Material01"
0.200000 0.200000 0.200000 1.000000
0.800000 0.800000 0.800000 1.000000
0.000000 0.000000 0.000000 1.000000
0.501961 0.501961 0.501961 1.000000
0.000000
1.000000
"b2.jpg"
""

Bones: 0
GroupComments: 0
MaterialComments: 0
BoneComments: 0
ModelComment: 0
