// MilkShape 3D ASCII

Frames: 30
Frame: 1

Meshes: 4
"guncentermissilebody" 0 0
76
0 0.000000 18.201847 0.031247 0.000000 0.000000 -1
0 0.359187 15.984451 0.292213 0.000000 0.000000 -1
0 0.443979 15.984451 0.031247 0.000000 0.000000 -1
0 0.397991 0.114887 0.320406 0.000000 0.000000 -1
0 0.000000 0.114887 0.031247 0.000000 0.000000 -1
0 0.491944 0.114887 0.031247 0.000000 0.000000 -1
0 0.440987 15.245321 0.351645 0.100000 0.750000 -1
0 0.545090 15.245321 0.031247 0.000000 0.750000 -1
0 0.443979 15.984451 0.031247 0.000000 1.000000 -1
0 0.359187 15.984451 0.292213 0.100000 1.000000 -1
0 0.603978 14.723581 0.031247 0.000000 0.500000 -1
0 0.488629 14.723581 0.386257 0.100000 0.500000 -1
0 0.488629 1.288801 0.386257 0.100000 0.250000 -1
0 0.603978 1.288801 0.031247 0.000000 0.250000 -1
0 0.397991 0.114887 0.320406 0.100000 0.000000 -1
0 0.137197 15.984451 0.453497 0.000000 0.000000 -1
0 0.152019 0.114887 0.499114 0.000000 0.000000 -1
0 0.137197 15.984451 0.453497 0.200000 1.000000 -1
0 0.168442 15.245321 0.549660 0.200000 0.750000 -1
0 0.186640 14.723581 0.605665 0.200000 0.500000 -1
0 0.186640 1.288801 0.605665 0.200000 0.250000 -1
0 0.152019 0.114887 0.499114 0.200000 0.000000 -1
0 -0.137197 15.984451 0.453497 0.000000 0.000000 -1
0 -0.152019 0.114887 0.499114 0.000000 0.000000 -1
0 -0.168442 15.245321 0.549660 0.300000 0.750000 -1
0 -0.137197 15.984451 0.453497 0.300000 1.000000 -1
0 -0.186639 14.723581 0.605665 0.300000 0.500000 -1
0 -0.186639 1.288801 0.605665 0.300000 0.250000 -1
0 -0.152019 0.114887 0.499114 0.300000 0.000000 -1
0 -0.359187 15.984451 0.292213 0.000000 0.000000 -1
0 -0.397991 0.114887 0.320406 0.000000 0.000000 -1
0 -0.359187 15.984451 0.292213 0.400000 1.000000 -1
0 -0.440987 15.245321 0.351645 0.400000 0.750000 -1
0 -0.488628 14.723581 0.386257 0.400000 0.500000 -1
0 -0.488628 1.288801 0.386257 0.400000 0.250000 -1
0 -0.397991 0.114887 0.320406 0.400000 0.000000 -1
0 -0.443979 15.984451 0.031247 0.000000 0.000000 -1
0 -0.491944 0.114887 0.031247 0.000000 0.000000 -1
0 -0.545090 15.245321 0.031247 0.500000 0.750000 -1
0 -0.443979 15.984451 0.031247 0.500000 1.000000 -1
0 -0.603978 14.723581 0.031247 0.500000 0.500000 -1
0 -0.603978 1.288801 0.031247 0.500000 0.250000 -1
0 -0.491944 0.114887 0.031247 0.500000 0.000000 -1
0 -0.359187 15.984451 -0.229717 0.000000 0.000000 -1
0 -0.397991 0.114887 -0.257910 0.000000 0.000000 -1
0 -0.359187 15.984451 -0.229717 0.600000 1.000000 -1
0 -0.440987 15.245321 -0.289149 0.600000 0.750000 -1
0 -0.488628 14.723581 -0.323761 0.600000 0.500000 -1
0 -0.488628 1.288801 -0.323761 0.600000 0.250000 -1
0 -0.397991 0.114887 -0.257910 0.600000 0.000000 -1
0 -0.137197 15.984451 -0.391002 0.000000 0.000000 -1
0 -0.152019 0.114887 -0.436618 0.000000 0.000000 -1
0 -0.168442 15.245321 -0.487164 0.700000 0.750000 -1
0 -0.137197 15.984451 -0.391002 0.700000 1.000000 -1
0 -0.186639 14.723581 -0.543170 0.700000 0.500000 -1
0 -0.186639 1.288801 -0.543170 0.700000 0.250000 -1
0 -0.152019 0.114887 -0.436618 0.700000 0.000000 -1
0 0.137197 15.984451 -0.391002 0.000000 0.000000 -1
0 0.152019 0.114887 -0.436618 0.000000 0.000000 -1
0 0.137197 15.984451 -0.391002 0.800000 1.000000 -1
0 0.168442 15.245321 -0.487164 0.800000 0.750000 -1
0 0.186640 14.723581 -0.543170 0.800000 0.500000 -1
0 0.186640 1.288801 -0.543170 0.800000 0.250000 -1
0 0.152019 0.114887 -0.436618 0.800000 0.000000 -1
0 0.359187 15.984451 -0.229717 0.000000 0.000000 -1
0 0.397991 0.114887 -0.257910 0.000000 0.000000 -1
0 0.440987 15.245321 -0.289149 0.900000 0.750000 -1
0 0.359187 15.984451 -0.229717 0.900000 1.000000 -1
0 0.488629 14.723581 -0.323761 0.900000 0.500000 -1
0 0.488629 1.288801 -0.323761 0.900000 0.250000 -1
0 0.397991 0.114887 -0.257910 0.900000 0.000000 -1
0 0.443979 15.984451 0.031247 1.000000 1.000000 -1
0 0.545090 15.245321 0.031247 1.000000 0.750000 -1
0 0.603978 14.723581 0.031247 1.000000 0.500000 -1
0 0.603978 1.288801 0.031247 1.000000 0.250000 -1
0 0.491944 0.114887 0.031247 1.000000 0.000000 -1
62
0.000000 1.000000 0.000000
0.793272 0.196329 0.576346
0.980538 0.196329 -0.000001
0.000000 -1.000000 0.000000
0.802788 0.123855 0.583259
0.992300 0.123856 -0.000000
0.990773 0.135535 -0.000000
0.801552 0.135535 0.582362
0.998420 0.056183 -0.000000
0.807739 0.056183 0.586857
0.808101 -0.047566 0.587120
0.998868 -0.047566 -0.000000
0.995477 -0.095004 -0.000000
0.805357 -0.095004 0.585127
0.303002 0.196329 0.932547
0.306165 0.135536 0.942281
0.306637 0.123855 0.943734
0.308529 0.056182 0.949554
0.308667 -0.047566 0.949980
0.307619 -0.095004 0.946755
-0.303002 0.196329 0.932547
-0.306637 0.123855 0.943734
-0.306165 0.135536 0.942281
-0.308529 0.056183 0.949554
-0.308667 -0.047566 0.949980
-0.307618 -0.095004 0.946755
-0.793272 0.196329 0.576346
-0.801552 0.135535 0.582361
-0.802788 0.123855 0.583259
-0.807739 0.056183 0.586857
-0.808101 -0.047566 0.587120
-0.805358 -0.095004 0.585127
-0.980538 0.196329 -0.000001
-0.992300 0.123855 -0.000000
-0.990773 0.135535 -0.000001
-0.998420 0.056184 -0.000000
-0.998868 -0.047566 -0.000000
-0.995477 -0.095005 -0.000001
-0.793272 0.196329 -0.576345
-0.801552 0.135535 -0.582361
-0.802788 0.123855 -0.583260
-0.807739 0.056183 -0.586856
-0.808102 -0.047566 -0.587119
-0.805358 -0.095004 -0.585127
-0.303004 0.196329 -0.932547
-0.306638 0.123855 -0.943734
-0.306166 0.135534 -0.942281
-0.308530 0.056183 -0.949554
-0.308668 -0.047566 -0.949980
-0.307618 -0.095005 -0.946755
0.303004 0.196329 -0.932547
0.306166 0.135535 -0.942281
0.306637 0.123855 -0.943734
0.308530 0.056183 -0.949554
0.308668 -0.047567 -0.949980
0.307619 -0.095005 -0.946755
0.793272 0.196329 -0.576345
0.802788 0.123855 -0.583259
0.801552 0.135535 -0.582361
0.807739 0.056183 -0.586856
0.808101 -0.047566 -0.587120
0.805357 -0.095004 -0.585127
100
0 0 1 2 0 1 2 2
0 3 4 5 3 3 3 2
0 6 7 8 4 5 6 1
0 9 6 8 7 4 6 1
0 6 10 7 4 8 5 1
0 6 11 10 4 9 8 1
0 12 13 10 10 11 8 1
0 11 12 10 9 10 8 1
0 12 5 13 10 12 11 1
0 12 14 5 10 13 12 1
0 0 15 1 0 14 1 2
0 16 4 3 3 3 3 2
0 17 6 9 15 4 7 1
0 17 18 6 15 16 4 1
0 19 11 6 17 9 4 1
0 18 19 6 16 17 4 1
0 19 12 11 17 10 9 1
0 19 20 12 17 18 10 1
0 21 14 12 19 13 10 1
0 20 21 12 18 19 10 1
0 0 22 15 0 20 14 2
0 23 4 16 3 3 3 2
0 24 18 17 21 16 15 1
0 25 24 17 22 21 15 1
0 24 19 18 21 17 16 1
0 24 26 19 21 23 17 1
0 27 20 19 24 18 17 1
0 26 27 19 23 24 17 1
0 27 21 20 24 19 18 1
0 27 28 21 24 25 19 1
0 0 29 22 0 26 20 2
0 30 4 23 3 3 3 2
0 31 24 25 27 21 22 1
0 31 32 24 27 28 21 1
0 33 26 24 29 23 21 1
0 32 33 24 28 29 21 1
0 33 27 26 29 24 23 1
0 33 34 27 29 30 24 1
0 35 28 27 31 25 24 1
0 34 35 27 30 31 24 1
0 0 36 29 0 32 26 2
0 37 4 30 3 3 3 2
0 38 32 31 33 28 27 1
0 39 38 31 34 33 27 1
0 38 33 32 33 29 28 1
0 38 40 33 33 35 29 1
0 41 34 33 36 30 29 1
0 40 41 33 35 36 29 1
0 41 35 34 36 31 30 1
0 41 42 35 36 37 31 1
0 0 43 36 0 38 32 2
0 44 4 37 3 3 3 2
0 45 38 39 39 33 34 1
0 45 46 38 39 40 33 1
0 47 40 38 41 35 33 1
0 46 47 38 40 41 33 1
0 47 41 40 41 36 35 1
0 47 48 41 41 42 36 1
0 49 42 41 43 37 36 1
0 48 49 41 42 43 36 1
0 0 50 43 0 44 38 2
0 51 4 44 3 3 3 2
0 52 46 45 45 40 39 1
0 53 52 45 46 45 39 1
0 52 47 46 45 41 40 1
0 52 54 47 45 47 41 1
0 55 48 47 48 42 41 1
0 54 55 47 47 48 41 1
0 55 49 48 48 43 42 1
0 55 56 49 48 49 43 1
0 0 57 50 0 50 44 2
0 58 4 51 3 3 3 2
0 59 52 53 51 45 46 1
0 59 60 52 51 52 45 1
0 61 54 52 53 47 45 1
0 60 61 52 52 53 45 1
0 61 55 54 53 48 47 1
0 61 62 55 53 54 48 1
0 63 56 55 55 49 48 1
0 62 63 55 54 55 48 1
0 0 64 57 0 56 50 2
0 65 4 58 3 3 3 2
0 66 60 59 57 52 51 1
0 67 66 59 58 57 51 1
0 66 61 60 57 53 52 1
0 66 68 61 57 59 53 1
0 69 62 61 60 54 53 1
0 68 69 61 59 60 53 1
0 69 63 62 60 55 54 1
0 69 70 63 60 61 55 1
0 0 2 64 0 2 56 2
0 5 4 65 3 3 3 2
0 71 66 67 6 57 58 1
0 71 72 66 6 5 57 1
0 73 68 66 8 59 57 1
0 72 73 66 5 8 57 1
0 73 69 68 8 60 59 1
0 73 74 69 8 11 60 1
0 75 70 69 12 61 60 1
0 74 75 69 11 12 60 1
"guncentermissilebox" 0 0
80
0 0.082478 1.171205 -0.755056 1.000000 0.000000 -1
0 -0.169627 0.866224 -0.486558 0.000000 1.000000 -1
0 -0.082807 1.171205 -0.755056 0.000000 0.000000 -1
0 0.169298 0.866224 -0.486558 1.000000 1.000000 -1
0 0.082478 9.703571 -0.755056 1.000000 0.000000 -1
0 0.169298 0.866224 -0.486558 0.000000 1.000000 -1
0 0.082478 1.171205 -0.755056 0.000000 0.000000 -1
0 0.169298 10.008553 -0.486558 1.000000 1.000000 -1
0 -0.082807 9.703571 -0.755056 1.000000 0.000000 -1
0 0.169298 10.008553 -0.486558 0.000000 1.000000 -1
0 0.082478 9.703571 -0.755056 0.000000 0.000000 -1
0 -0.169627 10.008553 -0.486558 1.000000 1.000000 -1
0 -0.082807 1.171205 -0.755056 1.000000 0.000000 -1
0 -0.169627 10.008553 -0.486558 0.000000 1.000000 -1
0 -0.082807 9.703571 -0.755056 0.000000 0.000000 -1
0 -0.169627 0.866224 -0.486558 1.000000 1.000000 -1
0 -0.082807 1.171205 -0.755056 0.000000 1.000000 -1
0 0.082478 1.171205 -0.755056 1.000000 1.000000 -1
0 0.169298 0.866224 -0.486558 1.000000 0.000000 -1
0 -0.169627 0.866224 -0.486558 0.000000 0.000000 -1
0 -0.082478 1.171205 0.821721 1.000000 0.000000 -1
0 0.169627 0.866224 0.553226 0.000000 1.000000 -1
0 0.082807 1.171205 0.821721 0.000000 0.000000 -1
0 -0.169298 0.866224 0.553226 1.000000 1.000000 -1
0 -0.082478 9.703571 0.821721 1.000000 0.000000 -1
0 -0.169298 0.866224 0.553226 0.000000 1.000000 -1
0 -0.082478 1.171205 0.821721 0.000000 0.000000 -1
0 -0.169298 10.008553 0.553226 1.000000 1.000000 -1
0 0.082807 9.703571 0.821721 1.000000 0.000000 -1
0 -0.169298 10.008553 0.553226 0.000000 1.000000 -1
0 -0.082478 9.703571 0.821721 0.000000 0.000000 -1
0 0.169627 10.008553 0.553226 1.000000 1.000000 -1
0 0.082807 1.171205 0.821721 1.000000 0.000000 -1
0 0.169627 10.008553 0.553226 0.000000 1.000000 -1
0 0.082807 9.703571 0.821721 0.000000 0.000000 -1
0 0.169627 0.866224 0.553226 1.000000 1.000000 -1
0 0.082807 1.171205 0.821721 0.000000 1.000000 -1
0 -0.082478 1.171205 0.821721 1.000000 1.000000 -1
0 -0.169298 0.866224 0.553226 1.000000 0.000000 -1
0 0.169627 0.866224 0.553226 0.000000 0.000000 -1
0 -0.788391 1.171205 -0.049143 1.000000 0.000000 -1
0 -0.519893 0.866224 0.202962 0.000000 1.000000 -1
0 -0.788391 1.171205 0.116142 0.000000 0.000000 -1
0 -0.519893 0.866224 -0.135962 1.000000 1.000000 -1
0 -0.788391 9.703571 -0.049143 1.000000 0.000000 -1
0 -0.519893 0.866224 -0.135962 0.000000 1.000000 -1
0 -0.788391 1.171205 -0.049143 0.000000 0.000000 -1
0 -0.519893 10.008553 -0.135962 1.000000 1.000000 -1
0 -0.788391 9.703571 0.116142 1.000000 0.000000 -1
0 -0.519893 10.008553 -0.135962 0.000000 1.000000 -1
0 -0.788391 9.703571 -0.049143 0.000000 0.000000 -1
0 -0.519893 10.008553 0.202962 1.000000 1.000000 -1
0 -0.788391 1.171205 0.116142 1.000000 0.000000 -1
0 -0.519893 10.008553 0.202962 0.000000 1.000000 -1
0 -0.788391 9.703571 0.116142 0.000000 0.000000 -1
0 -0.519893 0.866224 0.202962 1.000000 1.000000 -1
0 -0.788391 1.171205 0.116142 0.000000 1.000000 -1
0 -0.788391 1.171205 -0.049143 1.000000 1.000000 -1
0 -0.519893 0.866224 -0.135962 1.000000 0.000000 -1
0 -0.519893 0.866224 0.202962 0.000000 0.000000 -1
0 0.788387 1.171205 0.115815 1.000000 0.000000 -1
0 0.519890 0.866224 -0.136291 0.000000 1.000000 -1
0 0.788387 1.171205 -0.049471 0.000000 0.000000 -1
0 0.519890 0.866224 0.202633 1.000000 1.000000 -1
0 0.788387 9.703571 0.115815 1.000000 0.000000 -1
0 0.519890 0.866224 0.202633 0.000000 1.000000 -1
0 0.788387 1.171205 0.115815 0.000000 0.000000 -1
0 0.519890 10.008553 0.202633 1.000000 1.000000 -1
0 0.788387 9.703571 -0.049471 1.000000 0.000000 -1
0 0.519890 10.008553 0.202633 0.000000 1.000000 -1
0 0.788387 9.703571 0.115815 0.000000 0.000000 -1
0 0.519890 10.008553 -0.136291 1.000000 1.000000 -1
0 0.788387 1.171205 -0.049471 1.000000 0.000000 -1
0 0.519890 10.008553 -0.136291 0.000000 1.000000 -1
0 0.788387 9.703571 -0.049471 0.000000 0.000000 -1
0 0.519890 0.866224 -0.136291 1.000000 1.000000 -1
0 0.788387 1.171205 -0.049471 0.000000 1.000000 -1
0 0.788387 1.171205 0.115815 1.000000 1.000000 -1
0 0.519890 0.866224 0.202633 1.000000 0.000000 -1
0 0.519890 0.866224 -0.136291 0.000000 0.000000 -1
24
0.000000 -0.660788 -0.750573
0.951494 0.000000 -0.307668
0.000000 0.660787 -0.750573
-0.951494 0.000000 -0.307668
-0.951494 0.000000 -0.307668
0.000000 0.000000 -1.000000
0.000000 0.000000 1.000000
0.000000 -0.660784 0.750577
-0.951493 0.000000 0.307671
0.000000 0.660783 0.750577
0.951493 0.000000 0.307671
-0.750574 -0.660786 0.000000
-0.307666 0.000000 -0.951494
-0.307666 0.000000 -0.951494
-0.750574 0.660786 0.000000
-0.307672 0.000000 0.951492
-0.307672 0.000000 0.951492
-1.000000 0.000000 0.000000
1.000000 0.000000 0.000000
0.750575 -0.660785 0.000000
0.750575 -0.660785 0.000000
0.307667 0.000000 0.951494
0.750575 0.660785 0.000000
0.307673 0.000000 -0.951492
48
0 0 1 2 0 0 0 1
0 0 3 1 0 0 0 1
0 4 5 6 1 1 1 2
0 4 7 5 1 1 1 2
0 8 9 10 2 2 2 1
0 8 11 9 2 2 2 1
0 12 13 14 3 3 3 2
0 12 15 13 3 4 3 2
0 4 16 14 5 5 5 3
0 4 17 16 5 5 5 3
0 18 13 19 6 6 6 3
0 18 7 13 6 6 6 3
0 20 21 22 7 7 7 1
0 20 23 21 7 7 7 1
0 24 25 26 8 8 8 2
0 24 27 25 8 8 8 2
0 28 29 30 9 9 9 1
0 28 31 29 9 9 9 1
0 32 33 34 10 10 10 2
0 32 35 33 10 10 10 2
0 24 36 34 6 6 6 3
0 24 37 36 6 6 6 3
0 38 33 39 5 5 5 3
0 38 27 33 5 5 5 3
0 40 41 42 11 11 11 1
0 40 43 41 11 11 11 1
0 44 45 46 12 12 12 2
0 44 47 45 12 13 12 2
0 48 49 50 14 14 14 1
0 48 51 49 14 14 14 1
0 52 53 54 15 15 16 2
0 52 55 53 15 15 15 2
0 44 56 54 17 17 17 3
0 44 57 56 17 17 17 3
0 58 53 59 18 18 18 3
0 58 47 53 18 18 18 3
0 60 61 62 19 19 20 1
0 60 63 61 19 19 19 1
0 64 65 66 21 21 21 2
0 64 67 65 21 21 21 2
0 68 69 70 22 22 22 1
0 68 71 69 22 22 22 1
0 72 73 74 23 23 23 2
0 72 75 73 23 23 23 2
0 64 76 74 18 18 18 3
0 64 77 76 18 18 18 3
0 78 73 79 17 17 17 3
0 78 67 73 17 17 17 3
"guncentermissilefins" 0 0
96
0 -0.010319 1.914155 0.040875 1.000000 0.000000 -1
0 -0.008706 0.594764 0.042488 0.000000 1.000000 -1
0 -0.010319 0.594764 0.040875 0.000000 0.000000 -1
0 -0.008706 1.914155 0.042488 1.000000 1.000000 -1
0 -1.415628 0.594764 1.446184 1.000000 0.000000 -1
0 -1.414015 1.330822 1.447797 0.000000 1.000000 -1
0 -1.415628 1.330822 1.446184 0.000000 0.000000 -1
0 -1.414015 0.594764 1.447797 1.000000 1.000000 -1
0 -1.415628 0.594764 1.446184 0.000000 1.000000 -1
0 -0.010319 0.594764 0.040875 1.000000 1.000000 -1
0 -0.008706 0.594764 0.042488 1.000000 0.000000 -1
0 -1.414015 0.594764 1.447797 0.000000 0.000000 -1
0 -0.010319 9.872488 0.040875 1.000000 0.000000 -1
0 -0.008706 8.553097 0.042488 0.000000 1.000000 -1
0 -0.010319 8.553097 0.040875 0.000000 0.000000 -1
0 -0.008706 9.872488 0.042488 1.000000 1.000000 -1
0 -1.062075 8.719763 1.092631 1.000000 0.000000 -1
0 -1.060462 9.164154 1.094243 0.000000 1.000000 -1
0 -1.062075 9.164154 1.092631 0.000000 0.000000 -1
0 -1.060462 8.719763 1.094243 1.000000 1.000000 -1
0 -1.062075 8.719763 1.092631 0.000000 1.000000 -1
0 -0.010319 8.553097 0.040875 1.000000 1.000000 -1
0 -0.008706 8.553097 0.042488 1.000000 0.000000 -1
0 -1.060462 8.719763 1.094243 0.000000 0.000000 -1
0 0.008702 0.594764 0.021854 0.000000 0.000000 -1
0 0.010315 0.594764 0.023466 0.000000 1.000000 -1
0 0.008702 1.914155 0.021854 1.000000 0.000000 -1
0 0.010315 1.914155 0.023466 1.000000 1.000000 -1
0 1.414012 1.330822 -1.383456 0.000000 0.000000 -1
0 1.415625 1.330822 -1.381843 0.000000 1.000000 -1
0 1.414012 0.594764 -1.383456 1.000000 0.000000 -1
0 1.415625 0.594764 -1.381843 1.000000 1.000000 -1
0 1.414012 0.594764 -1.383456 0.000000 1.000000 -1
0 0.008702 0.594764 0.021854 1.000000 1.000000 -1
0 1.415625 0.594764 -1.381843 0.000000 0.000000 -1
0 0.010315 0.594764 0.023466 1.000000 0.000000 -1
0 0.008702 8.553097 0.021854 0.000000 0.000000 -1
0 0.010315 8.553097 0.023466 0.000000 1.000000 -1
0 0.008702 9.872488 0.021854 1.000000 0.000000 -1
0 0.010315 9.872488 0.023466 1.000000 1.000000 -1
0 1.060459 9.164154 -1.029903 0.000000 0.000000 -1
0 1.062072 9.164154 -1.028289 0.000000 1.000000 -1
0 1.060459 8.719763 -1.029903 1.000000 0.000000 -1
0 1.062072 8.719763 -1.028289 1.000000 1.000000 -1
0 1.060459 8.719763 -1.029903 0.000000 1.000000 -1
0 0.008702 8.553097 0.021854 1.000000 1.000000 -1
0 1.062072 8.719763 -1.028289 0.000000 0.000000 -1
0 0.010315 8.553097 0.023466 1.000000 0.000000 -1
0 0.008702 1.914155 0.042490 1.000000 0.000000 -1
0 0.010315 0.594764 0.040877 0.000000 1.000000 -1
0 0.008702 0.594764 0.042490 0.000000 0.000000 -1
0 0.010315 1.914155 0.040877 1.000000 1.000000 -1
0 1.414012 0.594764 1.447800 1.000000 0.000000 -1
0 1.415625 1.330822 1.446186 0.000000 1.000000 -1
0 1.414012 1.330822 1.447800 0.000000 0.000000 -1
0 1.415625 0.594764 1.446186 1.000000 1.000000 -1
0 1.414012 0.594764 1.447800 0.000000 1.000000 -1
0 0.008702 0.594764 0.042490 1.000000 1.000000 -1
0 0.010315 0.594764 0.040877 1.000000 0.000000 -1
0 1.415625 0.594764 1.446186 0.000000 0.000000 -1
0 0.008702 9.872488 0.042490 1.000000 0.000000 -1
0 0.010315 8.553097 0.040877 0.000000 1.000000 -1
0 0.008702 8.553097 0.042490 0.000000 0.000000 -1
0 0.010315 9.872488 0.040877 1.000000 1.000000 -1
0 1.060459 8.719763 1.094247 1.000000 0.000000 -1
0 1.062072 9.164154 1.092634 0.000000 1.000000 -1
0 1.060459 9.164154 1.094247 0.000000 0.000000 -1
0 1.062072 8.719763 1.092634 1.000000 1.000000 -1
0 1.060459 8.719763 1.094247 0.000000 1.000000 -1
0 0.008702 8.553097 0.042490 1.000000 1.000000 -1
0 0.010315 8.553097 0.040877 1.000000 0.000000 -1
0 1.062072 8.719763 1.092634 0.000000 0.000000 -1
0 -0.010319 0.594764 0.023469 0.000000 0.000000 -1
0 -0.008705 0.594764 0.021857 0.000000 1.000000 -1
0 -0.010319 1.914155 0.023469 1.000000 0.000000 -1
0 -0.008705 1.914155 0.021857 1.000000 1.000000 -1
0 -1.415629 1.330822 -1.381840 0.000000 0.000000 -1
0 -1.414016 1.330822 -1.383454 0.000000 1.000000 -1
0 -1.415629 0.594764 -1.381840 1.000000 0.000000 -1
0 -1.414016 0.594764 -1.383454 1.000000 1.000000 -1
0 -1.415629 0.594764 -1.381840 0.000000 1.000000 -1
0 -0.010319 0.594764 0.023469 1.000000 1.000000 -1
0 -1.414016 0.594764 -1.383454 0.000000 0.000000 -1
0 -0.008705 0.594764 0.021857 1.000000 0.000000 -1
0 -0.010319 8.553097 0.023469 0.000000 0.000000 -1
0 -0.008705 8.553097 0.021857 0.000000 1.000000 -1
0 -0.010319 9.872488 0.023469 1.000000 0.000000 -1
0 -0.008705 9.872488 0.021857 1.000000 1.000000 -1
0 -1.062075 9.164154 -1.028288 0.000000 0.000000 -1
0 -1.060462 9.164154 -1.029900 0.000000 1.000000 -1
0 -1.062075 8.719763 -1.028288 1.000000 0.000000 -1
0 -1.060462 8.719763 -1.029900 1.000000 1.000000 -1
0 -1.062075 8.719763 -1.028288 0.000000 1.000000 -1
0 -0.010319 8.553097 0.023469 1.000000 1.000000 -1
0 -1.060462 8.719763 -1.029900 0.000000 0.000000 -1
0 -0.008705 8.553097 0.021857 1.000000 0.000000 -1
38
0.707023 0.000000 -0.707190
-0.707002 0.000000 0.707211
-0.707107 0.000000 -0.707107
-0.707107 0.000000 -0.707107
0.707107 0.000000 0.707107
0.707023 0.000000 -0.707190
-0.707028 0.000000 0.707185
-0.707107 0.000000 -0.707107
0.707107 0.000000 0.707107
0.707107 0.000000 0.707107
-0.707023 0.000000 0.707190
0.707028 0.000000 -0.707185
-0.707107 0.000000 -0.707107
-0.707107 0.000000 -0.707107
0.707107 0.000000 0.707107
0.707107 0.000000 0.707107
-0.707023 0.000000 0.707190
0.707211 0.000000 -0.707002
-0.707107 0.000000 -0.707107
-0.707107 0.000000 -0.707107
-0.707232 0.000000 -0.706981
0.707237 0.000000 0.706976
-0.707107 0.000000 0.707107
0.707107 0.000000 -0.707107
-0.707232 0.000000 -0.706981
0.707237 0.000000 0.706976
-0.707107 0.000000 0.707107
-0.707107 0.000000 0.707107
0.707107 0.000000 -0.707107
0.707107 0.000000 -0.707107
0.707023 0.000000 0.707190
-0.707237 0.000000 -0.706976
-0.707107 0.000000 0.707107
0.707107 0.000000 -0.707107
0.707107 0.000000 -0.707107
0.707023 0.000000 0.707190
-0.707002 0.000000 -0.707211
0.707107 0.000000 -0.707107
64
0 0 1 2 0 0 0 2
0 0 3 1 0 0 0 2
0 4 5 6 1 1 1 2
0 4 7 5 1 1 1 2
0 0 8 6 2 2 3 3
0 0 9 8 2 2 2 3
0 10 5 11 4 4 4 3
0 10 3 5 4 4 4 3
0 12 13 14 5 5 5 2
0 12 15 13 5 5 5 2
0 16 17 18 6 6 6 2
0 16 19 17 6 6 6 2
0 12 20 18 2 2 2 3
0 12 21 20 2 7 2 3
0 22 17 23 8 8 8 3
0 22 15 17 8 9 8 3
0 24 25 26 10 10 10 2
0 25 27 26 10 10 10 2
0 28 29 30 11 11 11 2
0 29 31 30 11 11 11 2
0 28 32 26 12 13 13 3
0 32 33 26 13 13 13 3
0 34 29 35 14 15 15 3
0 29 27 35 15 15 15 3
0 36 37 38 16 16 16 2
0 37 39 38 16 16 16 2
0 40 41 42 17 17 17 2
0 41 43 42 17 17 17 2
0 40 44 38 18 19 19 3
0 44 45 38 19 19 19 3
0 46 41 47 8 8 8 3
0 41 39 47 8 9 8 3
0 48 49 50 20 20 20 2
0 48 51 49 20 20 20 2
0 52 53 54 21 21 21 2
0 52 55 53 21 21 21 2
0 48 56 54 22 22 22 3
0 48 57 56 22 22 22 3
0 58 53 59 23 23 23 3
0 58 51 53 23 23 23 3
0 60 61 62 24 24 24 2
0 60 63 61 24 24 24 2
0 64 65 66 25 25 25 2
0 64 67 65 25 25 25 2
0 60 68 66 26 26 26 3
0 60 69 68 26 27 26 3
0 70 65 71 28 28 28 3
0 70 63 65 28 29 28 3
0 72 73 74 30 30 30 2
0 73 75 74 30 30 30 2
0 76 77 78 31 31 31 2
0 77 79 78 31 31 31 2
0 76 80 74 32 22 22 3
0 80 81 74 22 22 22 3
0 82 77 83 33 34 34 3
0 77 75 83 34 34 34 3
0 84 85 86 35 35 35 2
0 85 87 86 35 35 35 2
0 88 89 90 36 36 36 2
0 89 91 90 36 36 36 2
0 88 92 86 26 26 26 3
0 92 93 86 26 27 26 3
0 94 89 95 37 28 28 3
0 89 87 95 28 28 28 3
"Cylinder08" 1 1
14
1 1.406379 -3.538461 0.016219 0.500000 0.234004 -1
1 0.687629 -3.538461 1.261130 1.000000 0.234004 -1
1 -0.031121 -19.769230 0.016219 0.500000 1.000000 -1
1 1.406379 -0.580128 0.016219 0.500000 0.094388 -1
1 -0.031121 1.419872 0.016219 0.500000 0.000000 -1
1 0.687629 -0.580128 1.261130 1.000000 0.094388 -1
1 -0.749871 -3.538461 1.261130 1.000000 0.234004 -1
1 -0.749871 -0.580128 1.261130 1.000000 0.094388 -1
1 -1.468621 -3.538461 0.016219 0.500000 0.234004 -1
1 -1.468621 -0.580128 0.016219 0.500000 0.094388 -1
1 -0.749871 -3.538461 -1.228693 0.000000 0.234004 -1
1 -0.749871 -0.580128 -1.228693 0.000000 0.094388 -1
1 0.687629 -3.538461 -1.228693 0.000000 0.234004 -1
1 0.687629 -0.580128 -1.228693 0.000000 0.094388 -1
22
0.996101 -0.088221 0.000000
0.498050 -0.088221 0.862649
0.000000 -1.000000 0.000000
0.812015 0.583636 0.000000
0.000000 1.000000 0.000000
0.406008 0.583636 0.703226
1.000000 0.000000 0.000000
1.000000 0.000000 0.000000
0.500000 0.000000 0.866025
-0.498050 -0.088221 0.862649
-0.406008 0.583636 0.703226
-0.500000 0.000000 0.866025
-0.996101 -0.088221 0.000000
-0.812015 0.583636 0.000000
-1.000000 0.000000 0.000000
-1.000000 0.000000 0.000000
-0.498051 -0.088221 -0.862649
-0.406008 0.583636 -0.703226
-0.500000 0.000000 -0.866025
0.498051 -0.088221 -0.862649
0.406008 0.583636 -0.703226
0.500000 0.000000 -0.866025
24
1 0 1 2 0 1 2 2
1 3 4 5 3 4 5 2
1 0 3 1 6 7 8 1
1 3 5 1 7 8 8 1
1 1 6 2 1 9 2 2
1 5 4 7 5 4 10 2
1 1 5 7 8 8 11 1
1 1 7 6 8 11 11 1
1 6 8 2 9 12 2 2
1 7 4 9 10 4 13 2
1 6 7 8 11 11 14 1
1 7 9 8 11 15 14 1
1 8 10 2 12 16 2 2
1 9 4 11 13 4 17 2
1 8 9 11 14 15 18 1
1 8 11 10 14 18 18 1
1 10 12 2 16 19 2 2
1 11 4 13 17 4 20 2
1 10 11 12 18 18 21 1
1 11 13 12 18 21 21 1
1 12 0 2 19 0 2 2
1 13 4 3 20 4 3 2
1 12 13 3 21 21 7 1
1 12 3 0 21 7 6 1

Materials: 2
"Material06"
0.800000 0.800000 0.800000 1.000000
0.800000 0.800000 0.800000 1.000000
0.000000 0.000000 0.000000 1.000000
0.000000 0.000000 0.000000 1.000000
0.000000
1.000000
".\white.bmp"
""
"Material03"
0.800000 0.800000 0.800000 1.000000
0.800000 0.800000 0.800000 1.000000
0.000000 0.000000 0.000000 1.000000
0.000000 0.000000 0.000000 1.000000
0.000000
1.000000
".\yellow.bmp"
".\gradient.bmp"

Bones: 0
