// MilkShape 3D ASCII

Frames: 30
Frame: 1

Meshes: 9
"base" 0 0
77
0 13.522962 0.049999 -3.673467 0.000000 0.000000 -1
0 13.522962 0.049999 3.573467 0.000000 0.000000 -1
0 0.000000 0.049999 -0.050000 0.000000 0.000000 -1
0 12.204473 53.050011 -3.320179 0.000000 0.000000 -1
0 0.000000 53.050011 -0.050000 0.000000 0.000000 -1
0 12.204473 53.050011 3.220179 0.000000 0.000000 -1
0 13.522962 0.049999 -3.673467 0.000000 1.000000 -1
0 8.522838 39.983345 -2.333688 -0.001953 0.244792 -1
0 13.522962 0.049999 3.573467 0.083333 1.000000 -1
0 8.522836 39.983345 2.233688 0.081380 0.244792 -1
0 12.204473 46.916679 -3.320179 -0.001953 0.130208 -1
0 12.204473 46.916679 3.220179 0.081380 0.130208 -1
0 12.204473 53.050011 3.220179 0.083333 0.000000 -1
0 9.899495 0.049999 9.849494 0.000000 0.000000 -1
0 8.934294 53.050011 8.884294 0.000000 0.000000 -1
0 6.239150 39.983345 6.189148 0.164714 0.244792 -1
0 9.899495 0.049999 9.849494 0.166667 1.000000 -1
0 8.934294 46.916679 8.884294 0.164714 0.130208 -1
0 8.934294 53.050011 8.884294 0.166667 0.000000 -1
0 3.623467 0.049999 13.472961 0.000000 0.000000 -1
0 3.270179 53.050011 12.154472 0.000000 0.000000 -1
0 3.623467 0.049999 13.472961 0.250000 1.000000 -1
0 2.283688 39.983345 8.472837 0.248047 0.244792 -1
0 3.270179 46.916679 12.154472 0.248047 0.130208 -1
0 3.270179 53.050011 12.154472 0.250000 0.000000 -1
0 -3.623466 0.049999 13.472960 -0.003906 0.000000 -1
0 -3.270179 53.050011 12.154471 -0.003906 0.000000 -1
0 -2.283688 39.983345 8.472836 0.327474 0.244792 -1
0 -3.623466 0.049999 13.472960 0.329427 1.000000 -1
0 -3.270179 46.916679 12.154471 0.327474 0.130208 -1
0 -3.270179 53.050011 12.154471 0.329427 0.000000 -1
0 -9.899494 0.049999 9.849495 0.000000 0.000000 -1
0 -8.934293 53.050011 8.884295 0.000000 0.000000 -1
0 -9.899494 0.049999 9.849495 0.416667 1.000000 -1
0 -6.239148 39.983345 6.189149 0.414714 0.244792 -1
0 -8.934293 46.916679 8.884295 0.414714 0.130208 -1
0 -8.934293 53.050011 8.884295 0.416667 0.000000 -1
0 -13.522962 0.049999 3.573466 0.000000 0.000000 -1
0 -12.204473 53.050011 3.220178 0.000000 0.000000 -1
0 -8.522838 39.983345 2.233687 0.498047 0.244792 -1
0 -13.522962 0.049999 3.573466 0.500000 1.000000 -1
0 -12.204473 46.916679 3.220178 0.498047 0.130208 -1
0 -12.204473 53.050011 3.220178 0.500000 0.000000 -1
0 -13.522961 0.049999 -3.673467 0.000000 0.000000 -1
0 -12.204472 53.050011 -3.320179 0.000000 0.000000 -1
0 -13.522961 0.049999 -3.673467 0.583333 1.000000 -1
0 -8.522836 39.983345 -2.333688 0.581380 0.244792 -1
0 -12.204472 46.916679 -3.320179 0.581380 0.130208 -1
0 -12.204472 53.050011 -3.320179 0.583333 0.000000 -1
0 -9.899495 0.049999 -9.949494 0.000000 0.000000 -1
0 -8.934294 53.050011 -8.984294 0.000000 0.000000 -1
0 -6.239150 39.983345 -6.289149 0.664714 0.244792 -1
0 -9.899495 0.049999 -9.949494 0.666667 1.000000 -1
0 -8.934294 46.916679 -8.984294 0.664714 0.130208 -1
0 -8.934294 53.050011 -8.984294 0.666667 0.000000 -1
0 -3.623466 0.049999 -13.572962 0.000000 0.000000 -1
0 -3.270179 53.050011 -12.254473 0.000000 0.000000 -1
0 -3.623466 0.049999 -13.572962 0.750000 1.000000 -1
0 -2.283687 39.983345 -8.572838 0.748047 0.244792 -1
0 -3.270179 46.916679 -12.254473 0.748047 0.130208 -1
0 -3.270179 53.050011 -12.254473 0.750000 0.000000 -1
0 3.623467 0.049999 -13.572961 0.000000 0.000000 -1
0 3.270179 53.050011 -12.254472 0.000000 0.000000 -1
0 2.283688 39.983345 -8.572836 0.831380 0.244792 -1
0 3.623467 0.049999 -13.572961 0.833333 1.000000 -1
0 3.270179 46.916679 -12.254472 0.831380 0.130208 -1
0 3.270179 53.050011 -12.254472 0.833333 0.000000 -1
0 9.899494 0.049999 -9.949494 0.000000 0.000000 -1
0 8.934294 53.050011 -8.984294 0.000000 0.000000 -1
0 9.899494 0.049999 -9.949494 0.916667 1.000000 -1
0 6.239149 39.983345 -6.289150 0.914714 0.244792 -1
0 8.934294 46.916679 -8.984294 0.914714 0.130208 -1
0 8.934294 53.050011 -8.984294 0.916667 0.000000 -1
0 8.522838 39.983345 -2.333688 0.998047 0.244792 -1
0 13.522962 0.049999 -3.673467 1.000000 1.000000 -1
0 12.204473 46.916679 -3.320179 0.998047 0.130208 -1
0 12.204473 53.050011 -3.320179 1.000000 0.000000 -1
50
0.000000 -1.000000 0.000000
0.000000 1.000000 0.000000
0.957911 0.128553 -0.256672
0.948896 -0.186948 -0.254256
0.957911 0.128553 0.256672
0.948896 -0.186948 0.254256
0.935339 -0.249657 -0.250623
0.935339 -0.249657 0.250623
0.965926 0.000000 -0.258819
0.965926 0.000000 0.258819
0.694640 -0.186948 0.694640
0.701240 0.128553 0.701240
0.684716 -0.249657 0.684716
0.707107 0.000000 0.707107
0.256672 0.128553 0.957911
0.254256 -0.186948 0.948896
0.250623 -0.249657 0.935339
0.258819 0.000000 0.965926
-0.254256 -0.186948 0.948896
-0.256672 0.128553 0.957911
-0.250623 -0.249657 0.935339
-0.258819 0.000000 0.965926
-0.701240 0.128553 0.701240
-0.694640 -0.186948 0.694640
-0.684716 -0.249657 0.684716
-0.707107 0.000000 0.707107
-0.948896 -0.186948 0.254256
-0.957911 0.128553 0.256671
-0.935339 -0.249657 0.250623
-0.965926 0.000000 0.258819
-0.957911 0.128553 -0.256672
-0.948896 -0.186948 -0.254256
-0.935339 -0.249657 -0.250623
-0.965926 0.000000 -0.258819
-0.694640 -0.186948 -0.694640
-0.701240 0.128553 -0.701240
-0.684716 -0.249657 -0.684716
-0.707107 0.000000 -0.707107
-0.256671 0.128553 -0.957911
-0.254256 -0.186948 -0.948896
-0.250623 -0.249657 -0.935339
-0.258819 0.000000 -0.965926
0.254256 -0.186948 -0.948896
0.256672 0.128553 -0.957911
0.250623 -0.249657 -0.935339
0.258819 0.000000 -0.965926
0.701240 0.128553 -0.701240
0.694640 -0.186948 -0.694640
0.684716 -0.249657 -0.684716
0.707107 0.000000 -0.707107
96
0 0 1 2 0 0 0 2
0 3 4 5 1 1 1 2
0 6 7 8 2 3 4 1
0 7 9 8 3 5 4 1
0 7 10 11 3 6 7 1
0 7 11 9 3 7 5 1
0 10 3 11 6 8 7 1
0 3 12 11 8 9 7 1
0 1 13 2 0 0 0 2
0 5 4 14 1 1 1 2
0 8 9 15 4 5 10 1
0 8 15 16 4 10 11 1
0 9 11 15 5 7 10 1
0 11 17 15 7 12 10 1
0 11 12 18 7 9 13 1
0 11 18 17 7 13 12 1
0 13 19 2 0 0 0 2
0 14 4 20 1 1 1 2
0 16 15 21 11 10 14 1
0 15 22 21 10 15 14 1
0 15 17 23 10 12 16 1
0 15 23 22 10 16 15 1
0 17 18 23 12 13 16 1
0 18 24 23 13 17 16 1
0 19 25 2 0 0 0 2
0 20 4 26 1 1 1 2
0 21 22 27 14 15 18 1
0 21 27 28 14 18 19 1
0 22 23 27 15 16 18 1
0 23 29 27 16 20 18 1
0 23 24 30 16 17 21 1
0 23 30 29 16 21 20 1
0 25 31 2 0 0 0 2
0 26 4 32 1 1 1 2
0 28 27 33 19 18 22 1
0 27 34 33 18 23 22 1
0 27 29 35 18 20 24 1
0 27 35 34 18 24 23 1
0 29 30 35 20 21 24 1
0 30 36 35 21 25 24 1
0 31 37 2 0 0 0 2
0 32 4 38 1 1 1 2
0 33 34 39 22 23 26 1
0 33 39 40 22 26 27 1
0 34 35 39 23 24 26 1
0 35 41 39 24 28 26 1
0 35 36 42 24 25 29 1
0 35 42 41 24 29 28 1
0 37 43 2 0 0 0 2
0 38 4 44 1 1 1 2
0 40 39 45 27 26 30 1
0 39 46 45 26 31 30 1
0 39 41 47 26 28 32 1
0 39 47 46 26 32 31 1
0 41 42 47 28 29 32 1
0 42 48 47 29 33 32 1
0 43 49 2 0 0 0 2
0 44 4 50 1 1 1 2
0 45 46 51 30 31 34 1
0 45 51 52 30 34 35 1
0 46 47 51 31 32 34 1
0 47 53 51 32 36 34 1
0 47 48 54 32 33 37 1
0 47 54 53 32 37 36 1
0 49 55 2 0 0 0 2
0 50 4 56 1 1 1 2
0 52 51 57 35 34 38 1
0 51 58 57 34 39 38 1
0 51 53 59 34 36 40 1
0 51 59 58 34 40 39 1
0 53 54 59 36 37 40 1
0 54 60 59 37 41 40 1
0 55 61 2 0 0 0 2
0 56 4 62 1 1 1 2
0 57 58 63 38 39 42 1
0 57 63 64 38 42 43 1
0 58 59 63 39 40 42 1
0 59 65 63 40 44 42 1
0 59 60 66 40 41 45 1
0 59 66 65 40 45 44 1
0 61 67 2 0 0 0 2
0 62 4 68 1 1 1 2
0 64 63 69 43 42 46 1
0 63 70 69 42 47 46 1
0 63 65 71 42 44 48 1
0 63 71 70 42 48 47 1
0 65 66 71 44 45 48 1
0 66 72 71 45 49 48 1
0 67 0 2 0 0 0 2
0 68 4 3 1 1 1 2
0 69 70 73 46 47 3 1
0 69 73 74 46 3 2 1
0 70 71 73 47 48 3 1
0 71 75 73 48 6 3 1
0 71 72 76 48 49 8 1
0 71 76 75 48 8 6 1
"turret" 0 1
54
0 7.500000 65.565430 0.050001 0.000000 0.000000 -1
0 4.500000 65.565430 0.050001 0.200000 0.000000 -1
0 7.500000 64.428375 4.763783 0.000000 0.175250 -1
0 4.500000 64.428375 4.763783 0.200000 0.175250 -1
0 4.422410 64.228302 0.050001 0.205173 0.190966 -1
0 4.422410 63.348469 3.697433 0.205173 0.260074 -1
0 -4.422410 64.228302 0.050001 0.794827 0.190966 -1
0 -4.422410 63.348469 3.697433 0.794827 0.260074 -1
0 -4.500000 65.565430 0.050001 0.800000 0.000000 -1
0 -4.500000 64.428375 4.763783 0.800000 0.175250 -1
0 -7.500000 65.565430 0.050001 1.000000 0.000000 -1
0 -7.500000 64.428375 4.763783 1.000000 0.175250 -1
0 4.500000 61.321884 8.214518 0.200000 0.407539 -1
0 7.500000 61.321884 8.214518 0.000000 0.407539 -1
0 4.422410 60.944725 6.367544 0.205173 0.437164 -1
0 -4.422410 60.944725 6.367544 0.794827 0.437164 -1
0 -4.500000 61.321884 8.214518 0.800000 0.407539 -1
0 -7.500000 61.321884 8.214518 1.000000 0.407539 -1
0 7.500000 57.078312 9.477571 -0.003906 0.721330 -1
0 4.500000 57.078312 9.477571 0.196094 0.721330 -1
0 4.422410 57.661133 7.344877 0.201266 0.675550 -1
0 -4.422410 57.661133 7.344877 0.790921 0.675550 -1
0 -4.500000 57.078312 9.477571 0.796094 0.721330 -1
0 -7.500000 57.078312 9.477571 0.996094 0.721330 -1
0 4.500000 52.834759 9.773502 0.200000 0.999963 -1
0 7.500000 52.834759 9.773502 0.000000 0.999963 -1
0 4.422410 52.834282 7.573856 0.205173 1.000000 -1
0 -4.422410 52.834282 7.573856 0.794827 1.000000 -1
0 -4.500000 52.834759 9.773502 0.800000 0.999963 -1
0 -7.500000 52.834759 9.773502 1.000000 0.999963 -1
0 7.500000 52.834759 -9.673494 0.000000 0.999963 -1
0 4.500000 52.834759 -9.673494 0.200000 0.999963 -1
0 7.500000 57.078312 -9.377571 -0.003906 0.721330 -1
0 4.500000 57.078312 -9.377571 0.196094 0.721330 -1
0 4.422410 52.834282 -7.473857 0.205173 1.000000 -1
0 4.422410 57.661133 -7.244873 0.201266 0.675550 -1
0 -4.422410 52.834282 -7.473857 0.794827 1.000000 -1
0 -4.422410 57.661133 -7.244873 0.790921 0.675550 -1
0 -4.500000 52.834759 -9.673494 0.800000 0.999963 -1
0 -4.500000 57.078312 -9.377571 0.796094 0.721330 -1
0 -7.500000 52.834759 -9.673494 1.000000 0.999963 -1
0 -7.500000 57.078312 -9.377571 0.996094 0.721330 -1
0 4.500000 61.321884 -8.114513 0.200000 0.407539 -1
0 7.500000 61.321884 -8.114513 0.000000 0.407539 -1
0 4.422410 60.944725 -6.267545 0.205173 0.437164 -1
0 -4.422410 60.944725 -6.267545 0.794827 0.437164 -1
0 -4.500000 61.321884 -8.114513 0.800000 0.407539 -1
0 -7.500000 61.321884 -8.114513 1.000000 0.407539 -1
0 7.500000 64.428375 -4.663785 0.000000 0.175250 -1
0 4.500000 64.428375 -4.663785 0.200000 0.175250 -1
0 4.422410 63.348469 -3.597437 0.205173 0.260074 -1
0 -4.422410 63.348469 -3.597437 0.794827 0.260074 -1
0 -4.500000 64.428375 -4.663785 0.800000 0.175250 -1
0 -7.500000 64.428375 -4.663785 1.000000 0.175250 -1
46
0.000000 1.000000 0.000000
-0.695928 0.718111 0.000000
0.000000 0.884758 0.466052
-0.698460 0.633515 0.332885
-0.695928 0.718111 0.000000
-0.698460 0.633514 0.332885
0.695928 0.718111 0.000000
0.698460 0.633514 0.332885
0.695928 0.718111 0.000000
0.698460 0.633515 0.332885
0.000000 0.884758 0.466051
-0.704220 0.380070 0.599684
0.000000 0.534207 0.845354
-0.704220 0.380070 0.599684
0.704220 0.380070 0.599684
0.704220 0.380070 0.599684
0.000000 0.178495 0.983941
-0.695275 0.128447 0.707173
-0.695897 0.120678 0.707930
0.695787 0.120527 0.708063
0.695471 0.128313 0.707004
-0.694184 0.049803 0.718073
0.000000 0.069568 0.997577
-0.694517 0.034093 0.718668
0.694225 0.034378 0.718936
0.694501 0.050053 0.717749
0.000000 0.069566 -0.997577
-0.694184 0.049802 -0.718073
0.000000 0.178495 -0.983941
-0.695275 0.128447 -0.707173
-0.694517 0.034093 -0.718668
-0.695896 0.120677 -0.707930
0.694225 0.034379 -0.718936
0.695787 0.120527 -0.708063
0.694501 0.050052 -0.717749
0.695471 0.128313 -0.707004
-0.704220 0.380070 -0.599684
0.000000 0.534207 -0.845354
-0.704220 0.380070 -0.599684
0.704220 0.380070 -0.599684
0.704220 0.380070 -0.599684
0.000000 0.884757 -0.466052
-0.698460 0.633514 -0.332885
-0.698460 0.633514 -0.332885
0.698460 0.633514 -0.332885
0.698460 0.633514 -0.332885
80
0 0 1 2 0 1 2 1
0 1 3 2 1 3 2 1
0 1 4 5 1 4 5 1
0 1 5 3 1 5 3 1
0 4 6 5 4 6 5 1
0 6 7 5 6 7 5 1
0 6 8 9 6 8 9 1
0 6 9 7 6 9 7 1
0 8 10 9 8 0 9 1
0 10 11 9 0 10 9 1
0 2 3 12 2 3 11 1
0 2 12 13 2 11 12 1
0 3 5 12 3 5 11 1
0 5 14 12 5 13 11 1
0 5 7 15 5 7 14 1
0 5 15 14 5 14 13 1
0 7 9 15 7 9 14 1
0 9 16 15 9 15 14 1
0 9 11 17 9 10 12 1
0 9 17 16 9 12 15 1
0 13 12 18 12 11 16 1
0 12 19 18 11 17 16 1
0 12 14 20 11 13 18 1
0 12 20 19 11 18 17 1
0 14 15 20 13 14 18 1
0 15 21 20 14 19 18 1
0 15 16 22 14 15 20 1
0 15 22 21 14 20 19 1
0 16 17 22 15 12 20 1
0 17 23 22 12 16 20 1
0 18 19 24 16 17 21 1
0 18 24 25 16 21 22 1
0 19 20 24 17 18 21 1
0 20 26 24 18 23 21 1
0 20 21 27 18 19 24 1
0 20 27 26 18 24 23 1
0 21 22 27 19 20 24 1
0 22 28 27 20 25 24 1
0 22 23 29 20 16 22 1
0 22 29 28 20 22 25 1
0 30 31 32 26 27 28 1
0 31 33 32 27 29 28 1
0 31 34 35 27 30 31 1
0 31 35 33 27 31 29 1
0 34 36 35 30 32 31 1
0 36 37 35 32 33 31 1
0 36 38 39 32 34 35 1
0 36 39 37 32 35 33 1
0 38 40 39 34 26 35 1
0 40 41 39 26 28 35 1
0 32 33 42 28 29 36 1
0 32 42 43 28 36 37 1
0 33 35 42 29 31 36 1
0 35 44 42 31 38 36 1
0 35 37 45 31 33 39 1
0 35 45 44 31 39 38 1
0 37 39 45 33 35 39 1
0 39 46 45 35 40 39 1
0 39 41 47 35 28 37 1
0 39 47 46 35 37 40 1
0 43 42 48 37 36 41 1
0 42 49 48 36 42 41 1
0 42 44 50 36 38 43 1
0 42 50 49 36 43 42 1
0 44 45 50 38 39 43 1
0 45 51 50 39 44 43 1
0 45 46 52 39 40 45 1
0 45 52 51 39 45 44 1
0 46 47 52 40 37 45 1
0 47 53 52 37 41 45 1
0 48 49 1 41 42 1 1
0 48 1 0 41 1 0 1
0 49 50 1 42 43 1 1
0 50 4 1 43 4 1 1
0 50 51 6 43 44 6 1
0 50 6 4 43 6 4 1
0 51 52 6 44 45 6 1
0 52 8 6 45 8 6 1
0 52 53 10 45 41 0 1
0 52 10 8 45 0 8 1
"turretside" 0 2
13
0 -11.549999 52.601467 0.050003 0.500000 0.998246 -1
0 -9.799999 52.687881 4.587301 0.158564 0.990975 -1
0 -9.799999 58.550198 4.758966 0.145646 0.497756 -1
0 -7.199997 58.550198 6.455949 0.017947 0.497756 -1
0 -7.199997 52.717422 6.222435 0.035519 0.988490 -1
0 -9.799999 52.687881 -4.487301 0.841437 0.990975 -1
0 -7.199997 52.717422 -6.122419 0.964481 0.988490 -1
0 -9.799999 58.550198 -4.658951 0.854354 0.497756 -1
0 -7.199997 58.550198 -6.355933 0.982053 0.497756 -1
0 -9.799999 61.442993 -2.304476 0.677177 0.254374 -1
0 -7.199997 62.485500 -3.152967 0.741027 0.166664 -1
0 -9.799999 61.442993 2.404480 0.322824 0.254374 -1
0 -7.199997 62.485500 3.252974 0.258974 0.166664 -1
19
-0.993691 -0.112155 -0.000000
-0.636166 -0.726709 0.259205
-0.960141 0.067800 0.271169
-0.368942 -0.719471 0.588424
-0.520805 0.280714 0.806202
-0.524232 0.282952 0.803193
-0.362980 -0.721050 0.590196
-0.636166 -0.726709 -0.259204
-0.368975 -0.719453 -0.588426
-0.364746 -0.717891 -0.592953
-0.960141 0.067800 -0.271169
-0.520819 0.280737 -0.806185
-0.524923 0.278633 -0.804251
-0.981301 0.170382 -0.089546
-0.447980 0.810999 -0.376291
-0.447981 0.810999 -0.376290
-0.981301 0.170383 0.089546
-0.447980 0.810999 0.376290
-0.447981 0.810999 0.376290
18
0 0 1 2 0 1 2 2
0 1 3 2 3 4 5 1
0 1 4 3 3 6 4 1
0 0 5 1 0 7 1 2
0 6 4 1 8 6 3 1
0 5 6 1 9 8 3 1
0 0 7 5 0 10 7 2
0 7 6 5 11 8 9 1
0 7 8 6 11 12 8 1
0 0 9 7 0 13 10 2
0 10 8 7 14 12 11 1
0 9 10 7 15 14 11 1
0 0 11 9 0 16 13 2
0 11 10 9 17 14 15 1
0 11 12 10 17 18 14 1
0 0 2 11 0 2 16 2
0 3 12 11 4 18 17 1
0 2 3 11 5 4 17 1
"gun" 0 4
34
1 3.582469 57.026474 2.571034 0.000000 0.500000 -1
1 2.533188 54.493286 2.571036 0.146447 0.853554 -1
1 0.000000 57.026474 2.571034 0.500000 0.500000 -1
0 1.284265 57.026474 9.145430 0.320757 0.500000 -1
0 0.000000 57.026474 9.145430 0.500000 0.500000 -1
0 0.908112 56.093140 9.145434 0.373256 0.630264 -1
0 3.582469 57.026474 12.454931 0.000000 0.500000 -1
0 2.533188 54.493286 12.454932 0.146447 0.853554 -1
0 1.284265 57.026474 12.351504 0.320757 0.500000 -1
0 0.908112 56.093140 12.351510 0.373256 0.630264 -1
1 0.000000 53.444008 2.571038 0.500000 1.000000 -1
0 0.000000 55.706532 9.145433 0.500000 0.684223 -1
0 0.000000 53.444008 12.454936 0.500000 1.000000 -1
0 0.000000 55.706532 12.351509 0.500000 0.684223 -1
1 -2.533188 54.493286 2.571036 0.853553 0.853554 -1
0 -0.908112 56.093140 9.145434 0.626744 0.630264 -1
0 -2.533188 54.493286 12.454932 0.853553 0.853554 -1
0 -0.908112 56.093140 12.351510 0.626744 0.630264 -1
1 -3.582469 57.026474 2.571034 1.000000 0.500000 -1
0 -1.284265 57.026474 9.145430 0.679243 0.500000 -1
0 -3.582469 57.026474 12.454931 1.000000 0.500000 -1
0 -1.284265 57.026474 12.351504 0.679243 0.500000 -1
1 -2.533188 59.559662 2.571036 0.853553 0.146446 -1
0 -0.908112 57.959808 9.145432 0.626744 0.369736 -1
0 -2.533188 59.559662 12.454932 0.853553 0.146446 -1
0 -0.908112 57.959808 12.351508 0.626744 0.369736 -1
1 0.000000 60.608940 2.571036 0.500000 0.000000 -1
0 0.000000 58.346416 9.145434 0.500000 0.315777 -1
0 0.000000 60.608940 12.454931 0.500000 0.000000 -1
0 0.000000 58.346416 12.351509 0.500000 0.315777 -1
1 2.533188 59.559662 2.571036 0.146447 0.146446 -1
0 0.908112 57.959808 9.145432 0.373256 0.369736 -1
0 2.533188 59.559662 12.454932 0.146447 0.146446 -1
0 0.908112 57.959808 12.351508 0.373256 0.369736 -1
47
0.000000 0.000000 -1.000000
-0.000000 -0.000001 -1.000000
0.000000 -0.000000 -1.000000
0.000000 0.000001 1.000000
0.000000 0.000000 1.000000
-0.000001 0.000004 1.000000
1.000000 0.000000 0.000000
0.660573 0.000000 0.750762
0.707106 -0.707107 0.000000
0.467059 -0.466994 0.750848
-0.697586 0.000001 0.716501
-0.496997 0.487822 0.717652
-1.000000 -0.000000 0.000000
-0.713925 0.700222 0.000000
0.000000 -0.000001 -1.000000
0.000000 0.000003 1.000000
-0.000000 -0.660375 0.750936
0.000000 -1.000000 0.000000
0.000000 0.695123 0.718891
0.000000 1.000000 0.000000
0.000000 -0.000001 -1.000000
0.000001 0.000004 1.000000
-0.707106 -0.707107 0.000000
-0.467059 -0.466994 0.750848
0.496997 0.487822 0.717652
0.713925 0.700222 0.000000
-0.660573 0.000000 0.750762
-1.000000 0.000000 0.000000
0.697586 0.000001 0.716501
1.000000 -0.000000 0.000000
-0.000000 0.000001 -1.000000
-0.000000 -0.000003 1.000000
-0.707106 0.707107 0.000000
-0.467058 0.466994 0.750848
0.496997 -0.487821 0.717652
0.713925 -0.700222 0.000000
0.000000 0.000001 -1.000000
0.000000 -0.000004 1.000000
0.000000 0.660375 0.750936
0.000000 -0.695122 0.718892
0.000000 -1.000000 0.000000
0.000000 0.000001 -1.000000
0.000000 -0.000003 1.000000
0.707106 0.707107 0.000000
0.467058 0.466994 0.750849
-0.496997 -0.487821 0.717652
-0.713925 -0.700222 0.000000
64
0 0 1 2 0 1 2 2
0 3 4 5 3 4 5 2
0 0 6 1 6 7 8 1
0 6 7 1 7 9 8 1
0 6 8 9 7 10 11 1
0 6 9 7 7 11 9 1
0 8 3 9 10 12 11 1
0 3 5 9 12 13 11 1
0 1 10 2 1 14 2 2
0 5 4 11 5 4 15 2
0 1 7 12 8 9 16 1
0 1 12 10 8 16 17 1
0 7 9 12 9 11 16 1
0 9 13 12 11 18 16 1
0 9 5 11 11 13 19 1
0 9 11 13 11 19 18 1
0 10 14 2 14 20 2 2
0 11 4 15 15 4 21 2
0 10 12 14 17 16 22 1
0 12 16 14 16 23 22 1
0 12 13 17 16 18 24 1
0 12 17 16 16 24 23 1
0 13 11 17 18 19 24 1
0 11 15 17 19 25 24 1
0 14 18 2 20 0 2 2
0 15 4 19 21 4 3 2
0 14 16 20 22 23 26 1
0 14 20 18 22 26 27 1
0 16 17 20 23 24 26 1
0 17 21 20 24 28 26 1
0 17 15 19 24 25 29 1
0 17 19 21 24 29 28 1
0 18 22 2 0 30 2 2
0 19 4 23 3 4 31 2
0 18 20 22 27 26 32 1
0 20 24 22 26 33 32 1
0 20 21 25 26 28 34 1
0 20 25 24 26 34 33 1
0 21 19 25 28 29 34 1
0 19 23 25 29 35 34 1
0 22 26 2 30 36 2 2
0 23 4 27 31 4 37 2
0 22 24 28 32 33 38 1
0 22 28 26 32 38 19 1
0 24 25 28 33 34 38 1
0 25 29 28 34 39 38 1
0 25 23 27 34 35 40 1
0 25 27 29 34 40 39 1
0 26 30 2 36 41 2 2
0 27 4 31 37 4 42 2
0 26 28 30 19 38 43 1
0 28 32 30 38 44 43 1
0 28 29 33 38 39 45 1
0 28 33 32 38 45 44 1
0 29 27 33 39 40 45 1
0 27 31 33 40 46 45 1
0 30 0 2 41 0 2 2
0 31 4 3 42 4 3 2
0 30 32 6 43 44 7 1
0 30 6 0 43 7 6 1
0 32 33 6 44 45 7 1
0 33 8 6 45 10 7 1
0 33 31 3 45 46 12 1
0 33 3 8 45 12 10 1
"gunpivot" 0 -1
20
0 -0.500000 57.650002 0.550001 0.000000 0.000000 -1
0 -0.500000 56.850002 0.550001 0.000000 1.000000 -1
0 0.500000 57.650002 0.550001 1.000000 0.000000 -1
0 0.500000 56.850002 0.550001 1.000000 1.000000 -1
0 0.500000 57.650002 0.550001 0.000000 0.000000 -1
0 0.500000 56.850002 0.550001 0.000000 1.000000 -1
0 0.500000 57.650002 -0.449999 1.000000 0.000000 -1
0 0.500000 56.850002 -0.449999 1.000000 1.000000 -1
0 0.500000 57.650002 -0.449999 0.000000 0.000000 -1
0 0.500000 56.850002 -0.449999 0.000000 1.000000 -1
0 -0.500000 57.650002 -0.449999 1.000000 0.000000 -1
0 -0.500000 56.850002 -0.449999 1.000000 1.000000 -1
0 -0.500000 57.650002 -0.449999 0.000000 0.000000 -1
0 -0.500000 56.850002 -0.449999 0.000000 1.000000 -1
0 -0.500000 57.650002 0.550001 1.000000 0.000000 -1
0 -0.500000 56.850002 0.550001 1.000000 1.000000 -1
0 -0.500000 57.650002 0.550001 0.000000 1.000000 -1
0 0.500000 57.650002 0.550001 1.000000 1.000000 -1
0 -0.500000 56.850002 0.550001 0.000000 0.000000 -1
0 0.500000 56.850002 0.550001 1.000000 0.000000 -1
6
0.000000 0.000000 1.000000
1.000000 0.000000 0.000000
0.000000 0.000000 -1.000000
-1.000000 0.000000 0.000000
0.000000 1.000000 0.000000
0.000000 -1.000000 0.000000
12
0 0 1 2 0 0 0 1
0 1 3 2 0 0 0 1
0 4 5 6 1 1 1 2
0 5 7 6 1 1 1 2
0 8 9 10 2 2 2 1
0 9 11 10 2 2 2 1
0 12 13 14 3 3 3 2
0 13 15 14 3 3 3 2
0 12 16 6 4 4 4 3
0 16 17 6 4 4 4 3
0 18 13 19 5 5 5 3
0 13 7 19 5 5 5 3
"turretpivot" 0 -1
20
0 -0.500000 57.650002 0.550001 0.000000 0.000000 -1
0 -0.500000 56.850002 0.550001 0.000000 1.000000 -1
0 0.500000 57.650002 0.550001 1.000000 0.000000 -1
0 0.500000 56.850002 0.550001 1.000000 1.000000 -1
0 0.500000 57.650002 0.550001 0.000000 0.000000 -1
0 0.500000 56.850002 0.550001 0.000000 1.000000 -1
0 0.500000 57.650002 -0.449999 1.000000 0.000000 -1
0 0.500000 56.850002 -0.449999 1.000000 1.000000 -1
0 0.500000 57.650002 -0.449999 0.000000 0.000000 -1
0 0.500000 56.850002 -0.449999 0.000000 1.000000 -1
0 -0.500000 57.650002 -0.449999 1.000000 0.000000 -1
0 -0.500000 56.850002 -0.449999 1.000000 1.000000 -1
0 -0.500000 57.650002 -0.449999 0.000000 0.000000 -1
0 -0.500000 56.850002 -0.449999 0.000000 1.000000 -1
0 -0.500000 57.650002 0.550001 1.000000 0.000000 -1
0 -0.500000 56.850002 0.550001 1.000000 1.000000 -1
0 -0.500000 57.650002 0.550001 0.000000 1.000000 -1
0 0.500000 57.650002 0.550001 1.000000 1.000000 -1
0 -0.500000 56.850002 0.550001 0.000000 0.000000 -1
0 0.500000 56.850002 0.550001 1.000000 0.000000 -1
6
0.000000 0.000000 1.000000
1.000000 0.000000 0.000000
0.000000 0.000000 -1.000000
-1.000000 0.000000 0.000000
0.000000 1.000000 0.000000
0.000000 -1.000000 0.000000
12
0 0 1 2 0 0 0 1
0 1 3 2 0 0 0 1
0 4 5 6 1 1 1 2
0 5 7 6 1 1 1 2
0 8 9 10 2 2 2 1
0 9 11 10 2 2 2 1
0 12 13 14 3 3 3 2
0 13 15 14 3 3 3 2
0 12 16 6 4 4 4 3
0 16 17 6 4 4 4 3
0 18 13 19 5 5 5 3
0 13 7 19 5 5 5 3
"ramp" 0 1
20
0 -5.875000 1.300001 22.400002 0.000000 0.000000 -1
0 -5.875000 0.050001 22.400002 0.000000 1.000000 -1
0 5.875000 1.300001 22.400002 1.000000 0.000000 -1
0 5.875000 0.050001 22.400002 1.000000 1.000000 -1
0 5.875000 1.300001 22.400002 0.000000 0.000000 -1
0 5.875000 0.050001 22.400002 0.000000 1.000000 -1
0 5.875000 10.716668 10.650000 1.000000 0.000000 -1
0 5.875000 0.050001 10.650000 1.000000 1.000000 -1
0 5.875000 10.716668 10.650000 0.000000 0.000000 -1
0 5.875000 0.050001 10.650000 0.000000 1.000000 -1
0 -5.875000 10.716668 10.650000 1.000000 0.000000 -1
0 -5.875000 0.050001 10.650000 1.000000 1.000000 -1
0 -5.875000 10.716668 10.650000 0.000000 0.000000 -1
0 -5.875000 0.050001 10.650000 0.000000 1.000000 -1
0 -5.875000 1.300001 22.400002 1.000000 0.000000 -1
0 -5.875000 0.050001 22.400002 1.000000 1.000000 -1
0 -5.875000 1.300001 22.400002 0.000000 1.000000 -1
0 5.875000 1.300001 22.400002 1.000000 1.000000 -1
0 -5.875000 0.050001 22.400002 0.000000 0.000000 -1
0 5.875000 0.050001 22.400002 1.000000 0.000000 -1
6
0.000000 0.000000 1.000000
1.000000 0.000000 0.000000
0.000000 0.000000 -1.000000
-1.000000 0.000000 0.000000
0.000000 0.780329 0.625370
0.000000 -1.000000 0.000000
12
0 0 1 2 0 0 0 1
0 1 3 2 0 0 0 1
0 4 5 6 1 1 1 2
0 5 7 6 1 1 1 2
0 8 9 10 2 2 2 1
0 9 11 10 2 2 2 1
0 12 13 14 3 3 3 2
0 13 15 14 3 3 3 2
0 12 16 6 4 4 4 3
0 16 17 6 4 4 4 3
0 18 13 19 5 5 5 3
0 13 7 19 5 5 5 3
"turretside" 0 2
13
0 9.799999 58.550198 4.758966 0.145646 0.497756 -1
0 9.799999 52.687881 4.587301 0.158564 0.990975 -1
0 11.549999 52.601467 0.050003 0.500000 0.998246 -1
0 7.199997 58.550198 6.455949 0.017947 0.497756 -1
0 7.199997 52.717422 6.222435 0.035519 0.988490 -1
0 9.799999 52.687881 -4.487301 0.841437 0.990975 -1
0 7.199997 52.717422 -6.122419 0.964481 0.988490 -1
0 9.799999 58.550198 -4.658951 0.854354 0.497756 -1
0 7.199997 58.550198 -6.355933 0.982053 0.497756 -1
0 9.799999 61.442993 -2.304476 0.677177 0.254374 -1
0 7.199997 62.485500 -3.152967 0.741027 0.166664 -1
0 9.799999 61.442993 2.404480 0.322824 0.254374 -1
0 7.199997 62.485500 3.252974 0.258974 0.166664 -1
19
0.960141 0.067800 0.271169
0.636166 -0.726709 0.259205
0.993691 -0.112155 -0.000000
0.524232 0.282952 0.803193
0.520805 0.280714 0.806202
0.368942 -0.719471 0.588424
0.362980 -0.721050 0.590196
0.636166 -0.726709 -0.259204
0.368975 -0.719453 -0.588426
0.364746 -0.717891 -0.592953
0.960141 0.067800 -0.271169
0.520819 0.280737 -0.806185
0.524923 0.278633 -0.804251
0.981301 0.170382 -0.089546
0.447980 0.810999 -0.376291
0.447981 0.810999 -0.376290
0.981301 0.170383 0.089546
0.447980 0.810999 0.376290
0.447981 0.810999 0.376290
18
0 0 1 2 0 1 2 2
0 0 3 1 3 4 5 1
0 3 4 1 4 6 5 1
0 1 5 2 1 7 2 2
0 1 4 6 5 6 8 1
0 1 6 5 5 8 9 1
0 5 7 2 7 10 2 2
0 5 6 7 9 8 11 1
0 6 8 7 8 12 11 1
0 7 9 2 10 13 2 2
0 7 8 10 11 12 14 1
0 7 10 9 11 14 15 1
0 9 11 2 13 16 2 2
0 9 10 11 15 14 17 1
0 10 12 11 14 18 17 1
0 11 0 2 16 0 2 2
0 11 12 3 17 18 4 1
0 11 3 0 17 4 3 1
"turret" 0 3
20
0 7.500000 65.565430 0.050001 0.510417 0.340327 -1
0 7.500000 64.428375 4.763783 0.278119 0.398797 -1
0 7.500000 52.771423 0.050001 0.510417 0.998218 -1
0 -7.500000 65.565430 0.050001 0.510417 0.340327 -1
0 -7.500000 52.771423 0.050001 0.510417 0.998218 -1
0 -7.500000 64.428375 4.763783 0.278119 0.398797 -1
0 7.500000 61.321884 8.214518 0.108065 0.558538 -1
0 -7.500000 61.321884 8.214518 0.108065 0.558538 -1
0 7.500000 57.078312 9.477571 0.045822 0.776750 -1
0 -7.500000 57.078312 9.477571 0.045822 0.776750 -1
0 7.500000 52.834759 9.773502 0.031238 0.994961 -1
0 -7.500000 52.834759 9.773502 0.031238 0.994961 -1
0 7.500000 52.834759 -9.673494 0.989595 0.994961 -1
0 7.500000 57.078312 -9.377571 0.975012 0.776750 -1
0 -7.500000 52.834759 -9.673494 0.989595 0.994961 -1
0 -7.500000 57.078312 -9.377571 0.975012 0.776750 -1
0 7.500000 61.321884 -8.114513 0.912768 0.558538 -1
0 -7.500000 61.321884 -8.114513 0.912768 0.558538 -1
0 7.500000 64.428375 -4.663785 0.742715 0.398797 -1
0 -7.500000 64.428375 -4.663785 0.742715 0.398797 -1
2
1.000000 0.000000 0.000000
-1.000000 0.000000 0.000000
16
0 0 1 2 0 0 0 2
0 3 4 5 1 1 1 2
0 1 6 2 0 0 0 2
0 5 4 7 1 1 1 2
0 6 8 2 0 0 0 2
0 7 4 9 1 1 1 2
0 8 10 2 0 0 0 2
0 9 4 11 1 1 1 2
0 12 13 2 0 0 0 2
0 14 4 15 1 1 1 2
0 13 16 2 0 0 0 2
0 15 4 17 1 1 1 2
0 16 18 2 0 0 0 2
0 17 4 19 1 1 1 2
0 18 0 2 0 0 0 2
0 19 4 3 1 1 1 2

Materials: 5
"Material02"
0.800000 0.800000 0.800000 1.000000
0.800000 0.800000 0.800000 1.000000
0.000000 0.000000 0.000000 1.000000
0.000000 0.000000 0.000000 1.000000
0.000000
1.000000
".\base.jpg"
""
"top"
0.800000 0.800000 0.800000 1.000000
0.800000 0.800000 0.800000 1.000000
0.000000 0.000000 0.000000 1.000000
0.000000 0.000000 0.000000 1.000000
0.000000
1.000000
".\top.jpg"
""
"side"
0.800000 0.800000 0.800000 1.000000
0.800000 0.800000 0.800000 1.000000
0.000000 0.000000 0.000000 1.000000
0.000000 0.000000 0.000000 1.000000
0.000000
1.000000
".\side.jpg"
""
"side2"
0.800000 0.800000 0.800000 1.000000
0.800000 0.800000 0.800000 1.000000
0.000000 0.000000 0.000000 1.000000
0.000000 0.000000 0.000000 1.000000
0.000000
1.000000
".\side2.jpg"
""
"gun"
0.800000 0.800000 0.800000 1.000000
0.800000 0.800000 0.800000 1.000000
0.000000 0.000000 0.000000 1.000000
0.000000 0.000000 0.000000 1.000000
0.000000
1.000000
".\gun.jpg"
""

Bones: 0
