// MilkShape 3D ASCII

Frames: 30
Frame: 1

Meshes: 5
"Sphere" 0 0
50
0 0.000000 5.000000 0.000000 0.632378 0.276042 -1
0 1.534011 4.504844 1.534011 0.666388 0.286658 -1
0 2.169419 4.504844 0.000000 0.680475 0.286658 -1
0 -0.000000 4.504844 2.169419 0.632378 0.286658 -1
0 -1.534011 4.504844 1.534010 0.598369 0.286658 -1
0 -2.169419 4.504844 -0.000001 0.584282 0.286658 -1
0 -1.534010 4.504844 -1.534011 0.598369 0.286658 -1
0 0.000001 4.504844 -2.169419 0.632379 0.286658 -1
0 1.534011 4.504844 -1.534010 0.666388 0.286658 -1
0 2.764192 3.117449 2.764192 0.693662 0.316405 -1
0 3.909158 3.117449 0.000000 0.719046 0.316405 -1
0 -0.000001 3.117449 3.909158 0.632378 0.316405 -1
0 -2.764193 3.117449 2.764191 0.571095 0.316405 -1
0 -3.909158 3.117449 -0.000001 0.545711 0.316405 -1
0 -2.764191 3.117449 -2.764193 0.571095 0.316405 -1
0 0.000002 3.117449 -3.909158 0.632379 0.316405 -1
0 2.764193 3.117449 -2.764191 0.693662 0.316405 -1
0 3.446891 1.112604 3.446891 0.708798 0.359391 -1
0 4.874640 1.112604 0.000000 0.740451 0.359391 -1
0 -0.000001 1.112604 4.874640 0.632378 0.359391 -1
0 -3.446892 1.112604 3.446890 0.555959 0.359391 -1
0 -4.874640 1.112604 -0.000002 0.524306 0.359391 -1
0 -3.446890 1.112604 -3.446892 0.555959 0.359391 -1
0 0.000002 1.112604 -4.874640 0.632379 0.359391 -1
0 3.446892 1.112604 -3.446890 0.708798 0.359391 -1
0 3.446890 -1.112605 3.446891 0.708798 0.407102 -1
0 4.874640 -1.112605 0.000000 0.740451 0.407102 -1
0 -0.000001 -1.112605 4.874640 0.632378 0.407102 -1
0 -3.446892 -1.112605 3.446890 0.555959 0.407102 -1
0 -4.874640 -1.112605 -0.000002 0.524306 0.407102 -1
0 -3.446889 -1.112605 -3.446892 0.555959 0.407102 -1
0 0.000002 -1.112605 -4.874640 0.632379 0.407102 -1
0 3.446892 -1.112605 -3.446890 0.708798 0.407102 -1
0 2.764191 -3.117450 2.764192 0.693662 0.450088 -1
0 3.909157 -3.117450 0.000000 0.719046 0.450088 -1
0 -0.000001 -3.117450 3.909157 0.632378 0.450088 -1
0 -2.764192 -3.117450 2.764191 0.571095 0.450088 -1
0 -3.909157 -3.117450 -0.000001 0.545711 0.450088 -1
0 -2.764190 -3.117450 -2.764193 0.571095 0.450088 -1
0 0.000002 -3.117450 -3.909157 0.632379 0.450088 -1
0 2.764192 -3.117450 -2.764190 0.693662 0.450088 -1
0 1.534009 -4.504845 1.534010 0.666388 0.479835 -1
0 2.169417 -4.504845 0.000000 0.680475 0.479835 -1
0 -0.000000 -4.504845 2.169417 0.632378 0.479835 -1
0 -1.534010 -4.504845 1.534009 0.598369 0.479835 -1
0 -2.169417 -4.504845 -0.000001 0.584282 0.479835 -1
0 -1.534009 -4.504845 -1.534010 0.598369 0.479835 -1
0 0.000001 -4.504845 -2.169417 0.632379 0.479835 -1
0 1.534010 -4.504845 -1.534009 0.666388 0.479835 -1
0 -0.000002 -5.000000 0.000000 0.632378 0.490451 -1
50
0.000000 1.000000 -0.000000
0.370119 0.880496 0.296206
0.471163 0.880496 -0.052265
0.052265 0.880496 0.471163
-0.296206 0.880496 0.370119
-0.471163 0.880496 0.052265
-0.370119 0.880496 -0.296206
-0.052265 0.880496 -0.471163
0.296206 0.880496 -0.370119
0.563726 0.626322 0.538455
0.779360 0.626322 -0.017869
0.017869 0.626322 0.779360
-0.538455 0.626322 0.563726
-0.779360 0.626322 0.017869
-0.563726 0.626322 -0.538455
-0.017869 0.626322 -0.779360
0.538455 0.626322 -0.563726
0.693407 0.224072 0.684820
0.974554 0.224072 -0.006072
0.006071 0.224072 0.974554
-0.684821 0.224072 0.693407
-0.974554 0.224072 0.006071
-0.693407 0.224071 -0.684821
-0.006071 0.224072 -0.974554
0.684821 0.224072 -0.693407
0.684820 -0.224072 0.693407
0.974554 -0.224072 0.006072
-0.006072 -0.224072 0.974554
-0.693407 -0.224072 0.684820
-0.974554 -0.224072 -0.006072
-0.684820 -0.224072 -0.693407
0.006072 -0.224072 -0.974554
0.693407 -0.224072 -0.684820
0.538455 -0.626322 0.563726
0.779360 -0.626322 0.017869
-0.017870 -0.626322 0.779360
-0.563726 -0.626322 0.538455
-0.779360 -0.626322 -0.017870
-0.538455 -0.626322 -0.563726
0.017870 -0.626322 -0.779360
0.563726 -0.626322 -0.538455
0.296205 -0.880497 0.370119
0.471163 -0.880497 0.052265
-0.052265 -0.880497 0.471163
-0.370119 -0.880496 0.296205
-0.471163 -0.880496 -0.052265
-0.296205 -0.880497 -0.370119
0.052265 -0.880496 -0.471163
0.370119 -0.880496 -0.296206
-0.000000 -1.000000 -0.000000
96
0 0 1 2 0 1 2 1
0 0 3 1 0 3 1 1
0 0 4 3 0 4 3 1
0 0 5 4 0 5 4 1
0 0 6 5 0 6 5 1
0 0 7 6 0 7 6 1
0 0 8 7 0 8 7 1
0 0 2 8 0 2 8 1
0 1 9 10 1 9 10 1
0 1 10 2 1 10 2 1
0 3 11 9 3 11 9 1
0 3 9 1 3 9 1 1
0 4 12 11 4 12 11 1
0 4 11 3 4 11 3 1
0 5 13 12 5 13 12 1
0 5 12 4 5 12 4 1
0 6 14 13 6 14 13 1
0 6 13 5 6 13 5 1
0 7 15 14 7 15 14 1
0 7 14 6 7 14 6 1
0 8 16 15 8 16 15 1
0 8 15 7 8 15 7 1
0 2 10 16 2 10 16 1
0 2 16 8 2 16 8 1
0 9 17 18 9 17 18 1
0 9 18 10 9 18 10 1
0 11 19 17 11 19 17 1
0 11 17 9 11 17 9 1
0 12 20 19 12 20 19 1
0 12 19 11 12 19 11 1
0 13 21 20 13 21 20 1
0 13 20 12 13 20 12 1
0 14 22 21 14 22 21 1
0 14 21 13 14 21 13 1
0 15 23 22 15 23 22 1
0 15 22 14 15 22 14 1
0 16 24 23 16 24 23 1
0 16 23 15 16 23 15 1
0 10 18 24 10 18 24 1
0 10 24 16 10 24 16 1
0 17 25 26 17 25 26 1
0 17 26 18 17 26 18 1
0 19 27 25 19 27 25 1
0 19 25 17 19 25 17 1
0 20 28 27 20 28 27 1
0 20 27 19 20 27 19 1
0 21 29 28 21 29 28 1
0 21 28 20 21 28 20 1
0 22 30 29 22 30 29 1
0 22 29 21 22 29 21 1
0 23 31 30 23 31 30 1
0 23 30 22 23 30 22 1
0 24 32 31 24 32 31 1
0 24 31 23 24 31 23 1
0 18 26 32 18 26 32 1
0 18 32 24 18 32 24 1
0 25 33 34 25 33 34 1
0 25 34 26 25 34 26 1
0 27 35 33 27 35 33 1
0 27 33 25 27 33 25 1
0 28 36 35 28 36 35 1
0 28 35 27 28 35 27 1
0 29 37 36 29 37 36 1
0 29 36 28 29 36 28 1
0 30 38 37 30 38 37 1
0 30 37 29 30 37 29 1
0 31 39 38 31 39 38 1
0 31 38 30 31 38 30 1
0 32 40 39 32 40 39 1
0 32 39 31 32 39 31 1
0 26 34 40 26 34 40 1
0 26 40 32 26 40 32 1
0 33 41 42 33 41 42 1
0 33 42 34 33 42 34 1
0 35 43 41 35 43 41 1
0 35 41 33 35 41 33 1
0 36 44 43 36 44 43 1
0 36 43 35 36 43 35 1
0 37 45 44 37 45 44 1
0 37 44 36 37 44 36 1
0 38 46 45 38 46 45 1
0 38 45 37 38 45 37 1
0 39 47 46 39 47 46 1
0 39 46 38 39 46 38 1
0 40 48 47 40 48 47 1
0 40 47 39 40 47 39 1
0 34 42 48 34 42 48 1
0 34 48 40 34 48 40 1
0 41 49 42 41 49 42 1
0 43 49 41 43 49 41 1
0 44 49 43 44 49 43 1
0 45 49 44 45 49 44 1
0 46 49 45 46 49 45 1
0 47 49 46 47 49 46 1
0 48 49 47 48 49 47 1
0 42 49 48 42 49 48 1
"ring1" 0 0
32
0 2.944587 -0.972313 -4.711587 0.922282 0.159431 -1
0 2.651160 -1.335335 -4.711587 0.917737 0.173120 -1
0 -0.146714 -0.181511 -5.099785 0.874402 0.129612 -1
0 0.146714 0.181511 -5.099785 0.878947 0.115924 -1
0 5.316510 -1.950477 -3.606093 0.959020 0.196315 -1
0 5.023082 -2.313499 -3.606093 0.954475 0.210004 -1
0 6.901377 -2.604066 -1.951603 0.983568 0.220961 -1
0 6.607950 -2.967088 -1.951603 0.979023 0.234649 -1
0 7.457908 -2.833576 0.000001 0.992188 0.229615 -1
0 7.164481 -3.196597 0.000001 0.987643 0.243304 -1
0 6.901377 -2.604066 1.951604 0.983568 0.220961 -1
0 6.607950 -2.967088 1.951604 0.979023 0.234649 -1
0 5.316508 -1.950477 3.606094 0.959020 0.196315 -1
0 5.023081 -2.313499 3.606094 0.954475 0.210004 -1
0 2.944586 -0.972312 4.711588 0.922282 0.159431 -1
0 2.651159 -1.335334 4.711588 0.917737 0.173120 -1
0 0.146711 0.181512 5.099785 0.878946 0.115923 -1
0 -0.146716 -0.181510 5.099785 0.874402 0.129612 -1
0 -2.651163 1.335336 4.711586 0.835611 0.072416 -1
0 -2.944590 0.972314 4.711586 0.831066 0.086104 -1
0 -5.023085 2.313500 3.606091 0.798873 0.035532 -1
0 -5.316512 1.950478 3.606091 0.794328 0.049220 -1
0 -6.607952 2.967089 1.951602 0.774325 0.010886 -1
0 -6.901379 2.604066 1.951602 0.769781 0.024575 -1
0 -7.164481 3.196597 -0.000002 0.765706 0.002232 -1
0 -7.457908 2.833576 -0.000002 0.761161 0.015921 -1
0 -6.607949 2.967087 -1.951606 0.774325 0.010886 -1
0 -6.901376 2.604065 -1.951606 0.769781 0.024575 -1
0 -5.023081 2.313498 -3.606094 0.798873 0.035532 -1
0 -5.316508 1.950476 -3.606094 0.794328 0.049220 -1
0 -2.651156 1.335333 -4.711588 0.835611 0.072416 -1
0 -2.944584 0.972311 -4.711588 0.831066 0.086104 -1
32
-0.747914 0.604536 -0.274156
0.747914 -0.604536 0.274156
0.777714 -0.628619 0.000000
-0.777714 0.628619 -0.000000
-0.639414 0.516833 -0.569240
0.639414 -0.516833 0.569239
-0.396364 0.320373 -0.860382
0.396364 -0.320373 0.860382
-0.000000 0.000000 -1.000000
-0.000000 -0.000000 1.000000
0.396362 -0.320376 -0.860382
-0.396362 0.320375 0.860382
0.639415 -0.516832 -0.569239
-0.639414 0.516832 0.569240
0.747916 -0.604533 -0.274155
-0.747916 0.604533 0.274156
0.777714 -0.628618 0.000000
-0.777714 0.628618 0.000000
0.747915 -0.604534 0.274156
-0.747915 0.604534 -0.274156
0.639416 -0.516830 0.569239
-0.639416 0.516830 -0.569240
0.396362 -0.320375 0.860382
-0.396362 0.320374 -0.860382
-0.000002 -0.000001 1.000000
0.000002 0.000001 -1.000000
-0.396362 0.320376 0.860382
0.396362 -0.320376 -0.860381
-0.639416 0.516831 0.569239
0.639416 -0.516830 -0.569239
-0.747916 0.604533 0.274156
0.747916 -0.604533 -0.274155
64
0 0 1 2 0 1 2 1
0 0 2 3 0 2 3 1
0 4 5 1 4 5 1 1
0 4 1 0 4 1 0 1
0 6 7 5 6 7 5 1
0 6 5 4 6 5 4 1
0 8 9 7 8 9 7 1
0 8 7 6 8 7 6 1
0 10 11 9 10 11 9 1
0 10 9 8 10 9 8 1
0 12 13 11 12 13 11 1
0 12 11 10 12 11 10 1
0 14 15 13 14 15 13 1
0 14 13 12 14 13 12 1
0 16 17 15 16 17 15 1
0 16 15 14 16 15 14 1
0 18 19 17 18 19 17 1
0 18 17 16 18 17 16 1
0 20 21 19 20 21 19 1
0 20 19 18 20 19 18 1
0 22 23 21 22 23 21 1
0 22 21 20 22 21 20 1
0 24 25 23 24 25 23 1
0 24 23 22 24 23 22 1
0 26 27 25 26 27 25 1
0 26 25 24 26 25 24 1
0 28 29 27 28 29 27 1
0 28 27 26 28 27 26 1
0 30 31 29 30 31 29 1
0 30 29 28 30 29 28 1
0 3 2 31 3 2 31 1
0 3 31 30 3 31 30 1
0 3 2 1 3 2 1 1
0 3 1 0 3 1 0 1
0 0 1 5 0 1 5 1
0 0 5 4 0 5 4 1
0 4 5 7 4 5 7 1
0 4 7 6 4 7 6 1
0 6 7 9 6 7 9 1
0 6 9 8 6 9 8 1
0 8 9 11 8 9 11 1
0 8 11 10 8 11 10 1
0 10 11 13 10 11 13 1
0 10 13 12 10 13 12 1
0 12 13 15 12 13 15 1
0 12 15 14 12 15 14 1
0 14 15 17 14 15 17 1
0 14 17 16 14 17 16 1
0 16 17 19 16 17 19 1
0 16 19 18 16 19 18 1
0 18 19 21 18 19 21 1
0 18 21 20 18 21 20 1
0 20 21 23 20 21 23 1
0 20 23 22 20 23 22 1
0 22 23 25 22 23 25 1
0 22 25 24 22 25 24 1
0 24 25 27 24 25 27 1
0 24 27 26 24 27 26 1
0 26 27 29 26 27 29 1
0 26 29 28 26 29 28 1
0 28 29 31 28 29 31 1
0 28 31 30 28 31 30 1
0 30 31 2 30 31 2 1
0 30 2 3 30 2 3 1
"ring2" 0 0
32
0 2.656469 1.305674 -4.685227 0.918130 0.072926 -1
0 2.911280 0.990427 -4.685227 0.922107 0.084960 -1
0 0.127406 -0.157624 -5.071253 0.878662 0.128785 -1
0 -0.127406 0.157624 -5.071253 0.874686 0.116751 -1
0 5.016523 2.278944 -3.585918 0.954960 0.035774 -1
0 5.271334 1.963697 -3.585918 0.958937 0.047808 -1
0 6.593462 2.929263 -1.940684 0.979569 0.010949 -1
0 6.848273 2.614016 -1.940684 0.983546 0.022983 -1
0 7.147207 3.157624 0.000001 0.988211 0.002232 -1
0 7.402018 2.842377 0.000001 0.992188 0.014266 -1
0 6.593460 2.929262 1.940686 0.979569 0.010949 -1
0 6.848271 2.614015 1.940686 0.983546 0.022983 -1
0 5.016522 2.278944 3.585919 0.954960 0.035774 -1
0 5.271333 1.963696 3.585919 0.958937 0.047808 -1
0 2.656467 1.305674 4.685228 0.918130 0.072926 -1
0 2.911279 0.990426 4.685228 0.922107 0.084960 -1
0 -0.127408 0.157623 5.071253 0.874686 0.116751 -1
0 0.127403 -0.157625 5.071253 0.878662 0.128785 -1
0 -2.911282 -0.990428 4.685226 0.831242 0.160575 -1
0 -2.656471 -1.305675 4.685226 0.835218 0.172609 -1
0 -5.271337 -1.963698 3.585916 0.794411 0.197728 -1
0 -5.016525 -2.278945 3.585916 0.798388 0.209762 -1
0 -6.848273 -2.614016 1.940683 0.769802 0.222552 -1
0 -6.593462 -2.929263 1.940683 0.773779 0.234586 -1
0 -7.402018 -2.842377 -0.000002 0.761161 0.231270 -1
0 -7.147207 -3.157624 -0.000002 0.765137 0.243304 -1
0 -6.848270 -2.614015 -1.940688 0.769802 0.222552 -1
0 -6.593459 -2.929262 -1.940688 0.773779 0.234586 -1
0 -5.271332 -1.963696 -3.585919 0.794411 0.197728 -1
0 -5.016521 -2.278944 -3.585919 0.798388 0.209762 -1
0 -2.911277 -0.990425 -4.685228 0.831242 0.160575 -1
0 -2.656465 -1.305673 -4.685228 0.835218 0.172609 -1
32
-0.747948 -0.604559 -0.274012
0.747948 0.604559 0.274011
0.777714 0.628619 -0.000000
-0.777714 -0.628619 -0.000000
-0.639529 -0.516926 -0.569026
0.639529 0.516926 0.569026
-0.396517 -0.320497 -0.860265
0.396517 0.320497 0.860265
-0.000000 0.000001 -1.000000
0.000000 -0.000001 1.000000
0.396515 0.320500 -0.860265
-0.396515 -0.320500 0.860265
0.639530 0.516924 -0.569026
-0.639530 -0.516925 0.569026
0.747950 0.604557 -0.274011
-0.747950 -0.604557 0.274011
0.777714 0.628618 0.000001
-0.777714 -0.628618 -0.000000
0.747946 0.604561 0.274012
-0.747946 -0.604561 -0.274012
0.639528 0.516926 0.569026
-0.639528 -0.516926 -0.569027
0.396518 0.320495 0.860265
-0.396518 -0.320495 -0.860265
-0.000001 0.000000 1.000000
0.000001 0.000000 -1.000000
-0.396515 -0.320500 0.860265
0.396516 0.320500 -0.860264
-0.639529 -0.516925 0.569026
0.639529 0.516925 -0.569026
-0.747950 -0.604557 0.274011
0.747950 0.604557 -0.274011
64
0 0 1 2 0 1 2 1
0 0 2 3 0 2 3 1
0 4 5 1 4 5 1 1
0 4 1 0 4 1 0 1
0 6 7 5 6 7 5 1
0 6 5 4 6 5 4 1
0 8 9 7 8 9 7 1
0 8 7 6 8 7 6 1
0 10 11 9 10 11 9 1
0 10 9 8 10 9 8 1
0 12 13 11 12 13 11 1
0 12 11 10 12 11 10 1
0 14 15 13 14 15 13 1
0 14 13 12 14 13 12 1
0 16 17 15 16 17 15 1
0 16 15 14 16 15 14 1
0 18 19 17 18 19 17 1
0 18 17 16 18 17 16 1
0 20 21 19 20 21 19 1
0 20 19 18 20 19 18 1
0 22 23 21 22 23 21 1
0 22 21 20 22 21 20 1
0 24 25 23 24 25 23 1
0 24 23 22 24 23 22 1
0 26 27 25 26 27 25 1
0 26 25 24 26 25 24 1
0 28 29 27 28 29 27 1
0 28 27 26 28 27 26 1
0 30 31 29 30 31 29 1
0 30 29 28 30 29 28 1
0 3 2 31 3 2 31 1
0 3 31 30 3 31 30 1
0 3 2 1 3 2 1 1
0 3 1 0 3 1 0 1
0 0 1 5 0 1 5 1
0 0 5 4 0 5 4 1
0 4 5 7 4 5 7 1
0 4 7 6 4 7 6 1
0 6 7 9 6 7 9 1
0 6 9 8 6 9 8 1
0 8 9 11 8 9 11 1
0 8 11 10 8 11 10 1
0 10 11 13 10 11 13 1
0 10 13 12 10 13 12 1
0 12 13 15 12 13 15 1
0 12 15 14 12 15 14 1
0 14 15 17 14 15 17 1
0 14 17 16 14 17 16 1
0 16 17 19 16 17 19 1
0 16 19 18 16 19 18 1
0 18 19 21 18 19 21 1
0 18 21 20 18 21 20 1
0 20 21 23 20 21 23 1
0 20 23 22 20 23 22 1
0 22 23 25 22 23 25 1
0 22 25 24 22 25 24 1
0 24 25 27 24 25 27 1
0 24 27 26 24 27 26 1
0 26 27 29 26 27 29 1
0 26 29 28 26 29 28 1
0 28 29 31 28 29 31 1
0 28 31 30 28 31 30 1
0 30 31 2 30 31 2 1
0 30 2 3 30 2 3 1
"flare1" 0 0
4
0 0.000000 0.009195 5.100000 0.000000 0.000000 -1
0 0.000000 0.009195 5.100000 0.000000 1.000000 -1
0 0.000000 0.009195 5.100000 1.000000 0.000000 -1
0 0.000000 0.009195 5.100000 1.000000 1.000000 -1
1
0.000000 0.000000 0.000000
12
0 0 1 2 0 0 0 1
0 1 3 2 0 0 0 1
0 0 1 2 0 0 0 2
0 1 3 2 0 0 0 2
0 0 1 2 0 0 0 1
0 1 3 2 0 0 0 1
0 0 1 2 0 0 0 2
0 1 3 2 0 0 0 2
0 0 1 2 0 0 0 3
0 1 3 2 0 0 0 3
0 0 1 2 0 0 0 3
0 1 3 2 0 0 0 3
"flare2" 0 0
4
0 0.000000 0.000587 -5.093096 0.000000 0.000000 -1
0 0.000000 0.000587 -5.093096 0.000000 1.000000 -1
0 0.000000 0.000587 -5.093096 1.000000 0.000000 -1
0 0.000000 0.000587 -5.093096 1.000000 1.000000 -1
1
0.000000 0.000000 0.000000
12
0 0 1 2 0 0 0 1
0 1 3 2 0 0 0 1
0 0 1 2 0 0 0 2
0 1 3 2 0 0 0 2
0 0 1 2 0 0 0 1
0 1 3 2 0 0 0 1
0 0 1 2 0 0 0 2
0 1 3 2 0 0 0 2
0 0 1 2 0 0 0 3
0 1 3 2 0 0 0 3
0 0 1 2 0 0 0 3
0 1 3 2 0 0 0 3

Materials: 1
"objects2"
0.800000 0.800000 0.800000 1.000000
0.800000 0.800000 0.800000 1.000000
1.000000 1.000000 1.000000 1.000000
0.000000 0.000000 0.000000 1.000000
0.128000
1.000000
".\objs2.bmp"
""

Bones: 0
GroupComments: 0
MaterialComments: 0
BoneComments: 0
ModelComment: 0
