// MilkShape 3D ASCII

Frames: 30
Frame: 1

Meshes: 1
"cacti" 0 0
268
0 4.118960 -2.764872 0.092921 0.109215 0.118830 -1
0 3.570509 -2.764872 2.196625 0.103150 0.145653 -1
0 0.025259 -2.764872 0.092921 0.063945 0.118830 -1
0 4.118960 -2.764872 0.092921 0.019501 0.245551 -1
0 1.542060 34.910595 -0.595442 0.044675 0.037155 -1
0 1.048455 34.910595 1.297894 0.049497 0.037155 -1
0 3.570509 -2.764872 2.196625 0.024859 0.245551 -1
0 2.072110 -2.764872 3.736647 0.086580 0.165290 -1
0 2.072110 -2.764872 3.736647 0.039497 0.245551 -1
0 -0.300104 34.910595 2.683914 0.062672 0.037155 -1
0 0.025259 -2.764872 4.300335 0.063945 0.172477 -1
0 -2.142267 34.910595 3.191230 0.080668 0.037155 -1
0 0.025259 -2.764872 4.300335 0.059493 0.245551 -1
0 -2.021590 -2.764872 3.736647 0.041310 0.165290 -1
0 -2.021590 -2.764872 3.736647 0.079489 0.245551 -1
0 -3.984433 34.910595 2.683914 0.098664 0.037155 -1
0 -3.519989 -2.764872 2.196625 0.024740 0.145653 -1
0 -5.332988 34.910595 1.297894 0.111839 0.037155 -1
0 -3.519989 -2.764872 2.196625 0.094127 0.245551 -1
0 -4.068440 -2.764872 0.092921 0.018675 0.118830 -1
0 -4.068440 -2.764872 0.092921 0.099485 0.245551 -1
0 -5.826595 34.910595 -0.595442 0.116661 0.037155 -1
0 -3.519989 -2.764872 -2.010787 0.024740 0.092006 -1
0 -5.332988 34.910595 -2.488778 0.111839 0.037155 -1
0 -3.519989 -2.764872 -2.010787 0.094127 0.245551 -1
0 -2.021590 -2.764872 -3.550804 0.041310 0.072370 -1
0 -2.021590 -2.764872 -3.550804 0.079489 0.245551 -1
0 -3.984433 34.910595 -3.874790 0.098664 0.037155 -1
0 0.025259 -2.764872 -4.114488 0.063945 0.065183 -1
0 -2.142267 34.910595 -4.382109 0.080668 0.037155 -1
0 0.025259 -2.764872 -4.114488 0.059493 0.245551 -1
0 2.072110 -2.764872 -3.550804 0.086580 0.072370 -1
0 2.072110 -2.764872 -3.550804 0.039497 0.245551 -1
0 -0.300104 34.910595 -3.874790 0.062672 0.037155 -1
0 3.570509 -2.764872 -2.010787 0.103150 0.092006 -1
0 1.048455 34.910595 -2.488778 0.049497 0.037155 -1
0 3.570509 -2.764872 -2.010787 0.024859 0.245551 -1
0 -2.140201 39.916161 -0.595442 0.080648 0.009467 -1
0 -0.544280 39.357925 0.366251 0.065057 0.012555 -1
0 -0.297389 39.357925 -0.595442 0.062645 0.012555 -1
0 -1.218796 39.357925 1.070262 0.071646 0.012555 -1
0 -2.140201 39.357925 1.327946 0.080648 0.012555 -1
0 -3.061608 39.357925 1.070262 0.089649 0.012555 -1
0 -3.736123 39.357925 0.366251 0.096239 0.012555 -1
0 -3.983013 39.357925 -0.595442 0.098650 0.012555 -1
0 -3.736123 39.357925 -1.557135 0.096239 0.012555 -1
0 -3.061608 39.357925 -2.261144 0.089649 0.012555 -1
0 -2.140201 39.357925 -2.518830 0.080648 0.012555 -1
0 -1.218796 39.357925 -2.261144 0.071646 0.012555 -1
0 -0.544280 39.357925 -1.557135 0.065057 0.012555 -1
0 1.545423 34.903118 -0.595442 0.044642 0.037196 -1
0 1.051641 37.832821 -0.595442 0.049466 0.020990 -1
0 0.624015 37.832821 1.070262 0.053644 0.020990 -1
0 1.051641 34.903118 1.327946 0.049466 0.037196 -1
0 -0.297389 34.903118 2.735965 0.062645 0.037196 -1
0 -0.544280 37.832821 2.289642 0.065057 0.020990 -1
0 -2.140201 37.832821 2.735965 0.080648 0.020990 -1
0 -2.140201 34.903118 3.251338 0.080648 0.037196 -1
0 -3.983013 34.903118 2.735965 0.098650 0.037196 -1
0 -3.736123 37.832821 2.289642 0.096239 0.020990 -1
0 -4.904418 37.832821 1.070262 0.107652 0.020990 -1
0 -5.332043 34.903118 1.327946 0.111829 0.037196 -1
0 -5.825823 34.903118 -0.595442 0.116653 0.037196 -1
0 -5.332043 37.832821 -0.595442 0.111829 0.020990 -1
0 -4.904418 37.832821 -2.261144 0.107652 0.020990 -1
0 -5.332043 34.903118 -2.518830 0.111829 0.037196 -1
0 -3.983013 34.903118 -3.926844 0.098650 0.037196 -1
0 -3.736123 37.832821 -3.480521 0.096239 0.020990 -1
0 -2.140201 37.832821 -3.926844 0.080648 0.020990 -1
0 -2.140201 34.903118 -4.442214 0.080648 0.037196 -1
0 -0.297389 34.903118 -3.926844 0.062645 0.037196 -1
0 -0.544280 37.832821 -3.480521 0.065057 0.020990 -1
0 0.624015 37.832821 -2.261144 0.053644 0.020990 -1
0 1.051641 34.903118 -2.518830 0.049466 0.037196 -1
0 2.431430 14.515226 -0.595442 0.069178 0.248390 -1
0 5.894658 17.963413 -0.595442 0.023101 0.198547 -1
0 5.688556 18.192852 0.522554 0.025844 0.195231 -1
0 2.153697 14.835404 0.938161 0.072873 0.243763 -1
0 1.394882 15.710126 2.060835 0.082968 0.231118 -1
0 5.125473 18.819679 1.340983 0.033335 0.186170 -1
0 4.356304 19.676022 1.640549 0.043568 0.173792 -1
0 0.358361 16.905045 2.471762 0.096759 0.213846 -1
0 -0.678181 18.099970 2.060835 0.110550 0.196573 -1
0 3.587121 20.532284 1.340983 0.053802 0.161415 -1
0 3.024047 21.159126 0.522554 0.061293 0.152354 -1
0 -1.436981 18.974703 0.938161 0.120645 0.183930 -1
0 -1.714717 19.294889 -0.595442 0.124340 0.179301 -1
0 2.817940 21.388567 -0.595442 0.064035 0.149037 -1
0 3.024047 21.159126 -1.713436 0.061293 0.152354 -1
0 -1.436981 18.974703 -2.129044 0.120645 0.183930 -1
0 -0.678181 18.099970 -3.251716 0.110550 0.196573 -1
0 3.587121 20.532284 -2.531867 0.053802 0.161415 -1
0 4.356304 19.676022 -2.831432 0.043568 0.173792 -1
0 0.358361 16.905045 -3.662642 0.096759 0.213846 -1
0 1.394882 15.710126 -3.251716 0.082968 0.231118 -1
0 5.125473 18.819679 -2.531867 0.033335 0.186170 -1
0 5.688556 18.192852 -1.713436 0.025844 0.195231 -1
0 2.153697 14.835404 -2.129044 0.072873 0.243763 -1
0 5.777490 17.820902 -0.595442 0.024660 0.200608 -1
0 6.346924 20.414801 -0.595442 0.017084 0.163113 -1
0 6.115985 20.604362 0.486777 0.020157 0.160373 -1
0 5.546541 18.010441 0.486777 0.027733 0.197867 -1
0 7.210397 24.548763 -0.595442 0.005596 0.103357 -1
0 6.923482 24.551004 0.486777 0.009413 0.103325 -1
0 4.915595 18.528290 1.279018 0.036127 0.190382 -1
0 5.485033 21.122217 1.279018 0.028551 0.152888 -1
0 6.139613 24.557087 1.279018 0.019842 0.103237 -1
0 4.623140 21.829628 1.568997 0.040018 0.142662 -1
0 4.053694 19.235682 1.568997 0.047594 0.180157 -1
0 5.068825 24.565405 1.568997 0.034089 0.103117 -1
0 3.191804 19.943087 1.279018 0.059061 0.169932 -1
0 4.124848 22.330763 1.279018 0.046648 0.135418 -1
0 3.998025 24.573719 1.279018 0.048335 0.102997 -1
0 3.395002 22.649193 0.486777 0.056358 0.130815 -1
0 2.560851 20.460938 0.486777 0.067456 0.162446 -1
0 3.214151 24.579830 0.486777 0.058764 0.102908 -1
0 2.329911 20.650492 -0.595442 0.070529 0.159706 -1
0 3.127855 22.765739 -0.595442 0.059912 0.129130 -1
0 2.927231 24.582054 -0.595442 0.062581 0.102876 -1
0 3.395002 22.649193 -1.677662 0.056358 0.130815 -1
0 2.560851 20.460938 -1.677662 0.067456 0.162446 -1
0 3.214151 24.579830 -1.677662 0.058764 0.102908 -1
0 3.191804 19.943087 -2.469899 0.059061 0.169932 -1
0 4.124848 22.330763 -2.469899 0.046648 0.135418 -1
0 3.998025 24.573719 -2.469899 0.048335 0.102997 -1
0 4.623140 21.829628 -2.759879 0.040018 0.142662 -1
0 4.053694 19.235682 -2.759879 0.047594 0.180157 -1
0 5.068825 24.565405 -2.759879 0.034089 0.103117 -1
0 4.915595 18.528290 -2.469899 0.036127 0.190382 -1
0 5.485033 21.122217 -2.469899 0.028551 0.152888 -1
0 6.139613 24.557087 -2.469899 0.019842 0.103237 -1
0 6.115985 20.604362 -1.677662 0.020157 0.160373 -1
0 5.546541 18.010441 -1.677662 0.027733 0.197867 -1
0 6.923482 24.551004 -1.677662 0.009413 0.103325 -1
0 5.675025 30.025270 -0.595442 0.026024 0.024195 -1
0 6.614513 29.701660 -0.037961 0.013524 0.028873 -1
0 6.759854 29.701660 -0.595442 0.011590 0.028873 -1
0 6.217440 29.701660 0.370145 0.018807 0.028873 -1
0 5.675025 29.701660 0.519523 0.026024 0.028873 -1
0 5.132608 29.701660 0.370145 0.033240 0.028873 -1
0 4.735531 29.701660 -0.037961 0.038523 0.028873 -1
0 4.590195 29.701660 -0.595442 0.040456 0.028873 -1
0 4.735531 29.701660 -1.152924 0.038523 0.028873 -1
0 5.132608 29.701660 -1.561028 0.033240 0.028873 -1
0 5.675025 29.701660 -1.710406 0.026024 0.028873 -1
0 6.217440 29.701660 -1.561028 0.018807 0.028873 -1
0 6.614513 29.701660 -1.152924 0.013524 0.028873 -1
0 7.230628 24.533731 -0.595442 0.005327 0.103574 -1
0 7.001354 26.493361 -0.595442 0.008378 0.075248 -1
0 6.749619 26.493361 0.370145 0.011727 0.075248 -1
0 6.939948 24.533731 0.519523 0.009194 0.103574 -1
0 6.145799 24.533731 1.335732 0.019760 0.103574 -1
0 6.061863 26.493361 1.077003 0.020877 0.075248 -1
0 5.122375 26.493361 1.335732 0.033376 0.075248 -1
0 5.060969 24.533731 1.634485 0.034193 0.103574 -1
0 3.976140 24.533731 1.335732 0.048626 0.103574 -1
0 4.182881 26.493361 1.077003 0.045876 0.075248 -1
0 3.495131 26.493361 0.370145 0.055026 0.075248 -1
0 3.181990 24.533731 0.519523 0.059192 0.103574 -1
0 2.891311 24.533731 -0.595442 0.063059 0.103574 -1
0 3.243393 26.493361 -0.595442 0.058375 0.075248 -1
0 3.495131 26.493361 -1.561028 0.055026 0.075248 -1
0 3.181990 24.533731 -1.710406 0.059192 0.103574 -1
0 3.976140 24.533731 -2.526615 0.048626 0.103574 -1
0 4.182881 26.493361 -2.267887 0.045876 0.075248 -1
0 5.122375 26.493361 -2.526615 0.033376 0.075248 -1
0 5.060969 24.533731 -2.825368 0.034193 0.103574 -1
0 6.145799 24.533731 -2.526615 0.019760 0.103574 -1
0 6.061863 26.493361 -2.267887 0.020877 0.075248 -1
0 6.749619 26.493361 -1.561028 0.011727 0.075248 -1
0 6.939948 24.533731 -1.710406 0.009194 0.103574 -1
0 -2.601810 11.381291 -4.765501 0.054236 0.253419 -1
0 -5.609272 18.790476 -9.312888 0.013812 0.138380 -1
0 -4.717868 18.976330 -9.413574 0.013001 0.135559 -1
0 -1.380199 11.640640 -4.907590 0.053081 0.249475 -1
0 -0.354366 12.349173 -4.569349 0.060950 0.242191 -1
0 -3.967688 19.484055 -9.159107 0.018824 0.130398 -1
0 -3.559761 20.177689 -8.617698 0.029720 0.124279 -1
0 0.200818 13.317061 -3.841460 0.075736 0.233520 -1
0 0.136579 14.284960 -2.918939 0.093476 0.225786 -1
0 -3.603372 20.871262 -7.934391 0.042770 0.118843 -1
0 -4.086858 21.379004 -7.292293 0.054477 0.115547 -1
0 -0.529844 14.993488 -2.048965 0.109417 0.221059 -1
0 -1.619906 15.252844 -1.464668 0.119288 0.220608 -1
0 -4.880646 21.564863 -6.863445 0.061704 0.115272 -1
0 -5.772058 21.379004 -6.762760 0.062515 0.118093 -1
0 -2.841515 14.993488 -1.322585 0.120443 0.224553 -1
0 -3.867343 14.284960 -1.660807 0.112574 0.231836 -1
0 -6.522235 20.871262 -7.017221 0.056693 0.123254 -1
0 -6.930165 20.177689 -7.558634 0.045796 0.129373 -1
0 -4.422526 13.317061 -2.388711 0.097788 0.240506 -1
0 -4.358295 12.349173 -3.311222 0.080048 0.248242 -1
0 -6.886545 19.484055 -8.241935 0.032746 0.134809 -1
0 -6.403073 18.976330 -8.884040 0.021039 0.138105 -1
0 -3.691863 11.640640 -4.181205 0.064107 0.252968 -1
0 -5.581524 18.675022 -9.219607 0.014782 0.140281 -1
0 -5.716378 20.776094 -9.672945 0.016012 0.111680 -1
0 -4.846054 20.929640 -9.745393 0.015505 0.109400 -1
0 -4.711199 18.828554 -9.292035 0.014276 0.138002 -1
0 -6.159116 27.508411 -11.275376 0.017678 0.019315 -1
0 -5.275524 27.510210 -11.303248 0.017262 0.019158 -1
0 -3.964689 19.248022 -8.977345 0.020672 0.134240 -1
0 -4.099544 21.349110 -9.430696 0.021902 0.105639 -1
0 -4.492797 27.515146 -10.866810 0.023906 0.021195 -1
0 -3.676880 21.922112 -8.813190 0.033487 0.101403 -1
0 -3.542027 19.821022 -8.359839 0.032258 0.130004 -1
0 -4.020668 27.521875 -10.083007 0.035830 0.024880 -1
0 -3.556460 20.394022 -7.604992 0.045928 0.126429 -1
0 -3.777422 22.328041 -8.347816 0.042119 0.098536 -1
0 -3.985626 27.528627 -9.161848 0.049839 0.029224 -1
0 -4.201673 22.585947 -7.579145 0.054783 0.098990 -1
0 -4.004125 20.813465 -6.915060 0.058020 0.124472 -1
0 -4.397075 27.533554 -8.350163 0.062179 0.033066 -1
0 -4.765071 20.967026 -6.474907 0.065294 0.124658 -1
0 -4.954037 22.680349 -7.110171 0.062266 0.100058 -1
0 -5.144769 27.535366 -7.865451 0.069544 0.035374 -1
0 -5.832941 22.585947 -7.066562 0.062563 0.101455 -1
0 -5.635399 20.813465 -6.402473 0.065801 0.126937 -1
0 -6.028361 27.533554 -7.837579 0.069960 0.035531 -1
0 -6.381910 20.394022 -6.717165 0.059405 0.130699 -1
0 -6.602872 22.328041 -7.459992 0.055596 0.102806 -1
0 -6.811082 27.528627 -8.274022 0.063316 0.033494 -1
0 -6.939435 21.922112 -7.788014 0.049049 0.106333 -1
0 -6.804574 19.821022 -7.334669 0.047819 0.134934 -1
0 -7.283221 27.521875 -9.057831 0.051392 0.029809 -1
0 -6.790143 19.248022 -8.089517 0.034149 0.138510 -1
0 -6.924992 21.349110 -8.542866 0.035379 0.109909 -1
0 -7.318255 27.515146 -9.978994 0.037383 0.025464 -1
0 -6.477326 20.929640 -9.232803 0.023286 0.111866 -1
0 -6.342474 18.828554 -8.779450 0.022057 0.140467 -1
0 -6.906802 27.510210 -10.790665 0.025043 0.021623 -1
0 -5.650081 29.452662 -9.564164 0.051160 0.003095 -1
0 -5.452413 29.190544 -10.444139 0.036790 0.002159 -1
0 -5.906991 29.190544 -10.427823 0.037038 0.002238 -1
0 -5.050803 29.190544 -10.224669 0.040122 0.003215 -1
0 -4.809766 29.190544 -9.828214 0.046140 0.005121 -1
0 -4.793890 29.190544 -9.361010 0.053232 0.007368 -1
0 -5.007431 29.190544 -8.948240 0.059497 0.009353 -1
0 -5.393172 29.190544 -8.700510 0.063258 0.010545 -1
0 -5.847749 29.190544 -8.684190 0.063506 0.010623 -1
0 -6.249363 29.190544 -8.903661 0.060174 0.009567 -1
0 -6.490399 29.190544 -9.300121 0.054156 0.007661 -1
0 -6.506273 29.190544 -9.767325 0.047064 0.005414 -1
0 -6.292728 29.190544 -10.180091 0.040799 0.003429 -1
0 -6.163904 27.496216 -11.291485 0.017387 0.019391 -1
0 -6.095065 28.474447 -11.060067 0.024676 0.008202 -1
0 -5.307710 28.474447 -11.088327 0.024247 0.008066 -1
0 -5.254744 27.496216 -11.324112 0.016892 0.019234 -1
0 -4.451519 27.496216 -10.885171 0.023555 0.021345 -1
0 -4.612097 28.474447 -10.708188 0.030018 0.009895 -1
0 -4.194613 28.474447 -10.021512 0.040441 0.013197 -1
0 -3.969453 27.496216 -10.092262 0.035591 0.025158 -1
0 -3.937702 27.496216 -9.157846 0.049775 0.029651 -1
0 -4.167112 28.474447 -9.212285 0.052725 0.017088 -1
0 -4.536976 28.474447 -8.497351 0.063577 0.020526 -1
0 -4.364784 27.496216 -8.332313 0.062306 0.033621 -1
0 -5.136258 27.496216 -7.836846 0.069827 0.036004 -1
0 -5.205103 28.474447 -8.068264 0.070091 0.022590 -1
0 -5.992453 28.474447 -8.040007 0.070519 0.022726 -1
0 -6.045418 27.496216 -7.804217 0.070322 0.036161 -1
0 -6.848647 27.496216 -8.243163 0.063659 0.034050 -1
0 -6.688069 28.474447 -8.420147 0.064749 0.020898 -1
0 -7.105556 28.474447 -9.106823 0.054326 0.017596 -1
0 -7.330714 27.496216 -9.036073 0.051623 0.030237 -1
0 -7.362464 27.496216 -9.970483 0.037439 0.025743 -1
0 -7.133049 28.474447 -9.916042 0.042042 0.013704 -1
0 -6.763188 28.474447 -10.630986 0.031189 0.010266 -1
0 -6.935384 27.496216 -10.796021 0.024908 0.021773 -1
256
0.000000 -1.000000 0.000000
0.997669 0.068236 -0.000079
0.997669 0.068236 -0.000079
0.868942 0.069856 0.489959
0.868942 0.069856 0.489960
0.507975 0.056002 0.859549
0.507975 0.056002 0.859549
-0.000119 0.029419 0.999567
-0.000119 0.029419 0.999567
-0.508896 -0.002460 0.860824
-0.508896 -0.002460 0.860824
-0.870657 -0.030186 0.490964
-0.870657 -0.030186 0.490964
-0.998913 -0.046614 0.000054
-0.998913 -0.046614 0.000054
-0.870069 -0.048093 -0.490578
-0.870069 -0.048093 -0.490578
-0.508532 -0.033893 -0.860376
-0.508532 -0.033893 -0.860376
0.000029 -0.007101 -0.999975
0.000029 -0.007101 -0.999975
0.508665 0.024627 -0.860612
0.508666 0.024627 -0.860612
0.869845 0.052005 -0.490577
0.869845 0.052005 -0.490577
0.000000 1.000000 -0.000000
0.467576 0.845072 0.259281
0.615203 0.788369 -0.000000
0.311271 0.796724 0.518017
0.000000 0.851777 0.523905
-0.311270 0.796724 0.518017
-0.467576 0.845072 0.259280
-0.615203 0.788369 -0.000000
-0.467576 0.845072 -0.259281
-0.311271 0.796723 -0.518018
0.000000 0.851776 -0.523906
0.311271 0.796723 -0.518018
0.467576 0.845072 -0.259281
0.986092 0.166199 -0.000000
0.901558 0.432658 -0.000000
0.786722 0.435858 0.437145
0.861514 0.167894 0.479172
0.506370 0.171420 0.845106
0.461279 0.442463 0.769057
0.000000 0.445872 0.895097
-0.000000 0.173253 0.984877
-0.506370 0.171420 0.845107
-0.461279 0.442463 0.769057
-0.786722 0.435858 0.437145
-0.861514 0.167894 0.479171
-0.986092 0.166198 -0.000000
-0.901558 0.432658 -0.000000
-0.786722 0.435858 -0.437146
-0.861513 0.167894 -0.479172
-0.506369 0.171420 -0.845107
-0.461279 0.442462 -0.769057
0.000000 0.445871 -0.895097
-0.000000 0.173252 -0.984878
0.506369 0.171420 -0.845107
0.461279 0.442462 -0.769057
0.786722 0.435858 -0.437146
0.861513 0.167895 -0.479173
0.705548 -0.708662 -0.000000
0.705566 -0.708644 -0.000000
0.623837 -0.593863 0.508089
0.623811 -0.593878 0.508104
0.408655 -0.289750 0.865474
0.408328 -0.289467 0.865723
0.127959 0.111293 0.985515
0.128621 0.110069 0.985567
-0.145547 0.506738 0.849725
-0.146512 0.508110 0.848739
-0.345681 0.799106 0.491868
-0.345123 0.798617 0.493053
-0.419525 0.907744 -0.000000
-0.419336 0.907831 -0.000000
-0.345681 0.799106 -0.491868
-0.345123 0.798617 -0.493053
-0.145547 0.506737 -0.849725
-0.146512 0.508110 -0.848739
0.127959 0.111293 -0.985515
0.128620 0.110068 -0.985567
0.408655 -0.289750 -0.865475
0.408328 -0.289468 -0.865723
0.623837 -0.593863 -0.508089
0.623811 -0.593877 -0.508104
0.976741 -0.214423 0.000000
0.977821 -0.209443 0.000000
0.860497 -0.181692 0.475954
0.860913 -0.188996 0.472345
0.979291 -0.202460 0.000000
0.853799 -0.174690 0.490418
0.515550 -0.113178 0.849352
0.519381 -0.106445 0.847887
0.511386 -0.098142 0.853728
-0.046882 0.000801 0.998900
-0.000001 0.000000 1.000000
0.000001 -0.000000 1.000000
-0.507981 0.184843 0.841302
-0.589889 0.085439 0.802952
-0.574904 -0.024571 0.817852
-0.859447 0.117571 0.497521
-0.813256 0.310009 0.492452
-0.865162 -0.081043 0.494900
-0.935027 0.354576 0.000000
-0.992278 0.124034 0.000000
-0.994829 -0.101560 0.000000
-0.859447 0.117571 -0.497523
-0.813256 0.310009 -0.492453
-0.865162 -0.081043 -0.494902
-0.507981 0.184843 -0.841302
-0.589888 0.085439 -0.802952
-0.574904 -0.024571 -0.817852
-0.046882 0.000801 -0.998900
-0.000001 0.000000 -1.000000
0.000001 -0.000000 -1.000000
0.515549 -0.113178 -0.849353
0.519380 -0.106445 -0.847888
0.511386 -0.098142 -0.853729
0.860497 -0.181692 -0.475955
0.860912 -0.188996 -0.472346
0.853799 -0.174690 -0.490419
0.000000 1.000000 -0.000000
0.665903 0.645085 0.374752
0.895511 0.445040 0.000000
0.441128 0.502855 0.743332
0.001598 0.701681 0.712490
-0.405874 0.598918 0.690336
-0.582590 0.743094 0.329242
-0.772489 0.635029 0.000000
-0.582590 0.743094 -0.329243
-0.405873 0.598918 -0.690336
0.001598 0.701680 -0.712490
0.441127 0.502855 -0.743333
0.665903 0.645085 -0.374753
0.993225 0.116206 -0.000000
0.995414 0.095657 -0.000000
0.865998 0.109889 0.487824
0.864753 0.121140 0.487368
0.504538 0.134217 0.852894
0.504111 0.148385 0.850796
0.001575 0.198645 0.980070
0.000326 0.150703 0.988579
-0.501703 0.165043 0.849150
-0.492143 0.244301 0.835531
-0.837337 0.273912 0.473116
-0.857752 0.173940 0.483741
-0.984240 0.176837 -0.000000
-0.958865 0.283861 -0.000000
-0.837337 0.273912 -0.473117
-0.857752 0.173940 -0.483741
-0.501703 0.165043 -0.849150
-0.492143 0.244300 -0.835532
0.001575 0.198645 -0.980070
0.000326 0.150703 -0.988579
0.504538 0.134217 -0.852894
0.504111 0.148385 -0.850796
0.865998 0.109889 -0.487824
0.864753 0.121140 -0.487368
-0.246532 -0.577635 -0.778177
-0.246421 -0.577647 -0.778203
0.252818 -0.420196 -0.871504
0.251975 -0.420684 -0.871512
0.653950 -0.146260 -0.742265
0.655160 -0.145148 -0.741416
0.876862 0.166703 -0.450913
0.876345 0.165413 -0.452391
0.886567 0.458902 -0.058379
0.886231 0.459701 -0.057169
0.656341 0.662274 0.361400
0.656708 0.662174 0.360916
0.215132 0.696572 0.684474
0.215023 0.696561 0.684520
-0.295809 0.537229 0.789862
-0.295474 0.537356 0.789901
-0.707685 0.251670 0.660184
-0.708196 0.251152 0.659834
-0.931054 -0.070566 0.357993
-0.930857 -0.069999 0.358616
-0.931057 -0.361931 -0.046254
-0.930967 -0.362113 -0.046629
-0.688836 -0.554197 -0.467302
-0.688803 -0.554193 -0.467356
-0.291564 -0.219595 -0.931004
-0.290802 -0.229609 -0.928824
0.220465 -0.201440 -0.954367
0.214509 -0.192834 -0.957497
-0.290121 -0.238979 -0.926671
0.233407 -0.209555 -0.949530
0.677793 -0.113250 -0.726478
0.679876 -0.118817 -0.723638
0.686822 -0.123399 -0.716274
0.968052 0.009406 -0.250572
0.958194 -0.000237 -0.286120
0.958239 -0.006003 -0.285905
0.957403 0.182121 0.224078
0.949418 0.144923 0.278573
0.961590 0.083967 0.261331
0.734462 0.222910 0.640997
0.722339 0.311776 0.617271
0.737859 0.132284 0.661865
0.278418 0.362394 0.889468
0.288334 0.260799 0.921329
0.294957 0.158336 0.942300
-0.244757 0.228845 0.942191
-0.248070 0.315517 0.915920
-0.235142 0.140586 0.961740
-0.673060 0.184706 0.716152
-0.637156 0.151680 0.755662
-0.656986 0.095253 0.747861
-0.947311 0.015442 0.319943
-0.958192 0.000233 0.286125
-0.958240 0.006003 0.285902
-0.966883 -0.111583 -0.229533
-0.966904 -0.113156 -0.228674
-0.969121 -0.113071 -0.219131
-0.721336 -0.196654 -0.664079
-0.718220 -0.190497 -0.669231
-0.729823 -0.202230 -0.653040
0.000000 1.000000 -0.000000
0.120892 0.851451 -0.510310
-0.179997 0.798922 -0.573867
0.418261 0.796194 -0.437188
0.510131 0.846562 -0.151985
0.594666 0.792759 0.133812
0.391406 0.848697 0.355689
0.179998 0.798921 0.573870
-0.120889 0.851450 0.510312
-0.418262 0.796193 0.437188
-0.510131 0.846562 0.151982
-0.594664 0.792759 -0.133815
-0.391404 0.848698 -0.355688
-0.290100 0.239597 -0.926518
-0.263094 0.475003 -0.839734
0.202561 0.475324 -0.856175
0.223380 0.239814 -0.944770
0.670964 0.237237 -0.702514
0.609270 0.471538 -0.637528
0.847094 0.467523 -0.252694
0.931504 0.234513 -0.278036
0.948372 0.234304 0.213755
0.862532 0.467215 0.194291
0.652495 0.470908 0.593713
0.718403 0.236806 0.654079
0.290102 0.239599 0.926517
0.263094 0.475004 0.839734
-0.202561 0.475324 0.856175
-0.223380 0.239819 0.944769
-0.670963 0.237238 0.702514
-0.609269 0.471537 0.637529
-0.847094 0.467524 0.252691
-0.931504 0.234512 0.278036
-0.948372 0.234306 -0.213755
-0.862531 0.467216 -0.194292
-0.652495 0.470910 -0.593712
-0.718402 0.236807 -0.654080
360
0 0 1 2 0 0 0 2
0 3 4 5 1 2 3 1
0 3 5 6 1 3 4 1
0 1 7 2 0 0 0 2
0 6 5 8 4 3 5 1
0 5 9 8 3 6 5 1
0 7 10 2 0 0 0 2
0 8 9 11 5 6 7 1
0 8 11 12 5 7 8 1
0 10 13 2 0 0 0 2
0 12 11 14 8 7 9 1
0 11 15 14 7 10 9 1
0 13 16 2 0 0 0 2
0 14 15 17 9 10 11 1
0 14 17 18 9 11 12 1
0 16 19 2 0 0 0 2
0 18 17 20 12 11 13 1
0 17 21 20 11 14 13 1
0 19 22 2 0 0 0 2
0 20 21 23 13 14 15 1
0 20 23 24 13 15 16 1
0 22 25 2 0 0 0 2
0 24 23 26 16 15 17 1
0 23 27 26 15 18 17 1
0 25 28 2 0 0 0 2
0 26 27 29 17 18 19 1
0 26 29 30 17 19 20 1
0 28 31 2 0 0 0 2
0 30 29 32 20 19 21 1
0 29 33 32 19 22 21 1
0 31 34 2 0 0 0 2
0 32 33 35 21 22 23 1
0 32 35 36 21 23 24 1
0 34 0 2 0 0 0 2
0 36 35 3 24 23 1 1
0 35 4 3 23 2 1 1
0 37 38 39 25 26 27 1
0 37 40 38 25 28 26 1
0 37 41 40 25 29 28 1
0 37 42 41 25 30 29 1
0 37 43 42 25 31 30 1
0 37 44 43 25 32 31 1
0 37 45 44 25 33 32 1
0 37 46 45 25 34 33 1
0 37 47 46 25 35 34 1
0 37 48 47 25 36 35 1
0 37 49 48 25 37 36 1
0 37 39 49 25 27 37 1
0 50 51 52 38 39 40 1
0 50 52 53 38 40 41 1
0 53 52 54 41 40 42 1
0 52 55 54 40 43 42 1
0 54 55 56 42 43 44 1
0 54 56 57 42 44 45 1
0 57 56 58 45 44 46 1
0 56 59 58 44 47 46 1
0 58 59 60 46 47 48 1
0 58 60 61 46 48 49 1
0 61 60 62 49 48 50 1
0 60 63 62 48 51 50 1
0 62 63 64 50 51 52 1
0 62 64 65 50 52 53 1
0 65 64 66 53 52 54 1
0 64 67 66 52 55 54 1
0 66 67 68 54 55 56 1
0 66 68 69 54 56 57 1
0 69 68 70 57 56 58 1
0 68 71 70 56 59 58 1
0 70 71 72 58 59 60 1
0 70 72 73 58 60 61 1
0 73 72 50 61 60 38 1
0 72 51 50 60 39 38 1
0 51 39 52 39 27 40 1
0 39 38 52 27 26 40 1
0 52 38 40 40 26 28 1
0 52 40 55 40 28 43 1
0 55 40 56 43 28 44 1
0 40 41 56 28 29 44 1
0 56 41 42 44 29 30 1
0 56 42 59 44 30 47 1
0 59 42 60 47 30 48 1
0 42 43 60 30 31 48 1
0 60 43 44 48 31 32 1
0 60 44 63 48 32 51 1
0 63 44 64 51 32 52 1
0 44 45 64 32 33 52 1
0 64 45 46 52 33 34 1
0 64 46 67 52 34 55 1
0 67 46 68 55 34 56 1
0 46 47 68 34 35 56 1
0 68 47 48 56 35 36 1
0 68 48 71 56 36 59 1
0 71 48 72 59 36 60 1
0 48 49 72 36 37 60 1
0 72 49 39 60 37 27 1
0 72 39 51 60 27 39 1
0 74 75 76 62 63 64 1
0 74 76 77 62 64 65 1
0 77 76 78 65 64 66 1
0 76 79 78 64 67 66 1
0 78 79 80 66 67 68 1
0 78 80 81 66 68 69 1
0 81 80 82 69 68 70 1
0 80 83 82 68 71 70 1
0 82 83 84 70 71 72 1
0 82 84 85 70 72 73 1
0 85 84 86 73 72 74 1
0 84 87 86 72 75 74 1
0 86 87 88 74 75 76 1
0 86 88 89 74 76 77 1
0 89 88 90 77 76 78 1
0 88 91 90 76 79 78 1
0 90 91 92 78 79 80 1
0 90 92 93 78 80 81 1
0 93 92 94 81 80 82 1
0 92 95 94 80 83 82 1
0 94 95 96 82 83 84 1
0 94 96 97 82 84 85 1
0 97 96 74 85 84 62 1
0 96 75 74 84 63 62 1
0 98 99 100 86 87 88 1
0 98 100 101 86 88 89 1
0 99 102 100 87 90 88 1
0 102 103 100 90 91 88 1
0 101 100 104 89 88 92 1
0 100 105 104 88 93 92 1
0 100 103 106 88 91 94 1
0 100 106 105 88 94 93 1
0 104 105 107 92 93 95 1
0 104 107 108 92 95 96 1
0 105 106 107 93 94 95 1
0 106 109 107 94 97 95 1
0 108 107 110 96 95 98 1
0 107 111 110 95 99 98 1
0 107 109 112 95 97 100 1
0 107 112 111 95 100 99 1
0 110 111 113 98 99 101 1
0 110 113 114 98 101 102 1
0 111 112 113 99 100 101 1
0 112 115 113 100 103 101 1
0 114 113 116 102 101 104 1
0 113 117 116 101 105 104 1
0 113 115 118 101 103 106 1
0 113 118 117 101 106 105 1
0 116 117 119 104 105 107 1
0 116 119 120 104 107 108 1
0 117 118 119 105 106 107 1
0 118 121 119 106 109 107 1
0 120 119 122 108 107 110 1
0 119 123 122 107 111 110 1
0 119 121 124 107 109 112 1
0 119 124 123 107 112 111 1
0 122 123 125 110 111 113 1
0 122 125 126 110 113 114 1
0 123 124 125 111 112 113 1
0 124 127 125 112 115 113 1
0 126 125 128 114 113 116 1
0 125 129 128 113 117 116 1
0 125 127 130 113 115 118 1
0 125 130 129 113 118 117 1
0 128 129 131 116 117 119 1
0 128 131 132 116 119 120 1
0 129 130 131 117 118 119 1
0 130 133 131 118 121 119 1
0 132 131 98 120 119 86 1
0 131 99 98 119 87 86 1
0 131 133 102 119 121 90 1
0 131 102 99 119 90 87 1
0 134 135 136 122 123 124 1
0 134 137 135 122 125 123 1
0 134 138 137 122 126 125 1
0 134 139 138 122 127 126 1
0 134 140 139 122 128 127 1
0 134 141 140 122 129 128 1
0 134 142 141 122 130 129 1
0 134 143 142 122 131 130 1
0 134 144 143 122 132 131 1
0 134 145 144 122 133 132 1
0 134 146 145 122 134 133 1
0 134 136 146 122 124 134 1
0 147 148 149 135 136 137 1
0 147 149 150 135 137 138 1
0 150 149 151 138 137 139 1
0 149 152 151 137 140 139 1
0 151 152 153 139 140 141 1
0 151 153 154 139 141 142 1
0 154 153 155 142 141 143 1
0 153 156 155 141 144 143 1
0 155 156 157 143 144 145 1
0 155 157 158 143 145 146 1
0 158 157 159 146 145 147 1
0 157 160 159 145 148 147 1
0 159 160 161 147 148 149 1
0 159 161 162 147 149 150 1
0 162 161 163 150 149 151 1
0 161 164 163 149 152 151 1
0 163 164 165 151 152 153 1
0 163 165 166 151 153 154 1
0 166 165 167 154 153 155 1
0 165 168 167 153 156 155 1
0 167 168 169 155 156 157 1
0 167 169 170 155 157 158 1
0 170 169 147 158 157 135 1
0 169 148 147 157 136 135 1
0 148 136 149 136 124 137 1
0 136 135 149 124 123 137 1
0 149 135 137 137 123 125 1
0 149 137 152 137 125 140 1
0 152 137 153 140 125 141 1
0 137 138 153 125 126 141 1
0 153 138 139 141 126 127 1
0 153 139 156 141 127 144 1
0 156 139 157 144 127 145 1
0 139 140 157 127 128 145 1
0 157 140 141 145 128 129 1
0 157 141 160 145 129 148 1
0 160 141 161 148 129 149 1
0 141 142 161 129 130 149 1
0 161 142 143 149 130 131 1
0 161 143 164 149 131 152 1
0 164 143 165 152 131 153 1
0 143 144 165 131 132 153 1
0 165 144 145 153 132 133 1
0 165 145 168 153 133 156 1
0 168 145 169 156 133 157 1
0 145 146 169 133 134 157 1
0 169 146 136 157 134 124 1
0 169 136 148 157 124 136 1
0 171 172 173 159 160 161 1
0 171 173 174 159 161 162 1
0 174 173 175 162 161 163 1
0 173 176 175 161 164 163 1
0 175 176 177 163 164 165 1
0 175 177 178 163 165 166 1
0 178 177 179 166 165 167 1
0 177 180 179 165 168 167 1
0 179 180 181 167 168 169 1
0 179 181 182 167 169 170 1
0 182 181 183 170 169 171 1
0 181 184 183 169 172 171 1
0 183 184 185 171 172 173 1
0 183 185 186 171 173 174 1
0 186 185 187 174 173 175 1
0 185 188 187 173 176 175 1
0 187 188 189 175 176 177 1
0 187 189 190 175 177 178 1
0 190 189 191 178 177 179 1
0 189 192 191 177 180 179 1
0 191 192 193 179 180 181 1
0 191 193 194 179 181 182 1
0 194 193 171 182 181 159 1
0 193 172 171 181 160 159 1
0 195 196 197 183 184 185 1
0 195 197 198 183 185 186 1
0 196 199 197 184 187 185 1
0 199 200 197 187 188 185 1
0 198 197 201 186 185 189 1
0 197 202 201 185 190 189 1
0 197 200 203 185 188 191 1
0 197 203 202 185 191 190 1
0 201 202 204 189 190 192 1
0 201 204 205 189 192 193 1
0 202 203 204 190 191 192 1
0 203 206 204 191 194 192 1
0 205 204 207 193 192 195 1
0 204 208 207 192 196 195 1
0 204 206 209 192 194 197 1
0 204 209 208 192 197 196 1
0 207 208 210 195 196 198 1
0 207 210 211 195 198 199 1
0 208 209 210 196 197 198 1
0 209 212 210 197 200 198 1
0 211 210 213 199 198 201 1
0 210 214 213 198 202 201 1
0 210 212 215 198 200 203 1
0 210 215 214 198 203 202 1
0 213 214 216 201 202 204 1
0 213 216 217 201 204 205 1
0 214 215 216 202 203 204 1
0 215 218 216 203 206 204 1
0 217 216 219 205 204 207 1
0 216 220 219 204 208 207 1
0 216 218 221 204 206 209 1
0 216 221 220 204 209 208 1
0 219 220 222 207 208 210 1
0 219 222 223 207 210 211 1
0 220 221 222 208 209 210 1
0 221 224 222 209 212 210 1
0 223 222 225 211 210 213 1
0 222 226 225 210 214 213 1
0 222 224 227 210 212 215 1
0 222 227 226 210 215 214 1
0 225 226 228 213 214 216 1
0 225 228 229 213 216 217 1
0 226 227 228 214 215 216 1
0 227 230 228 215 218 216 1
0 229 228 195 217 216 183 1
0 228 196 195 216 184 183 1
0 228 230 199 216 218 187 1
0 228 199 196 216 187 184 1
0 231 232 233 219 220 221 1
0 231 234 232 219 222 220 1
0 231 235 234 219 223 222 1
0 231 236 235 219 224 223 1
0 231 237 236 219 225 224 1
0 231 238 237 219 226 225 1
0 231 239 238 219 227 226 1
0 231 240 239 219 228 227 1
0 231 241 240 219 229 228 1
0 231 242 241 219 230 229 1
0 231 243 242 219 231 230 1
0 231 233 243 219 221 231 1
0 244 245 246 232 233 234 1
0 244 246 247 232 234 235 1
0 247 246 248 235 234 236 1
0 246 249 248 234 237 236 1
0 248 249 250 236 237 238 1
0 248 250 251 236 238 239 1
0 251 250 252 239 238 240 1
0 250 253 252 238 241 240 1
0 252 253 254 240 241 242 1
0 252 254 255 240 242 243 1
0 255 254 256 243 242 244 1
0 254 257 256 242 245 244 1
0 256 257 258 244 245 246 1
0 256 258 259 244 246 247 1
0 259 258 260 247 246 248 1
0 258 261 260 246 249 248 1
0 260 261 262 248 249 250 1
0 260 262 263 248 250 251 1
0 263 262 264 251 250 252 1
0 262 265 264 250 253 252 1
0 264 265 266 252 253 254 1
0 264 266 267 252 254 255 1
0 267 266 244 255 254 232 1
0 266 245 244 254 233 232 1
0 245 233 246 233 221 234 1
0 233 232 246 221 220 234 1
0 246 232 234 234 220 222 1
0 246 234 249 234 222 237 1
0 249 234 250 237 222 238 1
0 234 235 250 222 223 238 1
0 250 235 236 238 223 224 1
0 250 236 253 238 224 241 1
0 253 236 254 241 224 242 1
0 236 237 254 224 225 242 1
0 254 237 238 242 225 226 1
0 254 238 257 242 226 245 1
0 257 238 258 245 226 246 1
0 238 239 258 226 227 246 1
0 258 239 240 246 227 228 1
0 258 240 261 246 228 249 1
0 261 240 262 249 228 250 1
0 240 241 262 228 229 250 1
0 262 241 242 250 229 230 1
0 262 242 265 250 230 253 1
0 265 242 266 253 230 254 1
0 242 243 266 230 231 254 1
0 266 243 233 254 231 221 1
0 266 233 245 254 221 233 1

Materials: 1
"burnt"
0.800000 0.800000 0.800000 1.000000
0.800000 0.800000 0.800000 1.000000
0.000000 0.000000 0.000000 1.000000
0.000000 0.000000 0.000000 1.000000
0.000000
1.000000
".\objs1.bmp"
""

Bones: 0
GroupComments: 0
MaterialComments: 0
BoneComments: 0
ModelComment: 0
