// MilkShape 3D ASCII

Frames: 8
Frame: 1

Meshes: 1
"cash" 0 0
24
0 -9.937500 10.000000 5.314434 -0.003125 0.757813 -1
0 -9.937500 0.125000 5.314434 -0.003125 1.000000 -1
1 9.937500 10.000000 5.314434 0.503125 0.757813 -1
0 9.937500 0.125000 5.314434 0.503125 1.000000 -1
1 9.937500 10.000000 5.314434 0.506250 0.759375 -1
1 9.937500 0.125000 5.314434 0.506250 0.998438 -1
1 9.937500 10.000000 -5.248004 0.298438 0.759375 -1
1 9.937500 0.125000 -5.248004 0.298438 0.998438 -1
0 9.937500 10.000000 -5.248004 0.503125 0.757813 -1
0 9.937500 0.125000 -5.248004 0.503125 1.000000 -1
0 -9.937500 10.000000 -5.248004 -0.003125 0.757813 -1
0 -9.937500 0.125000 -5.248004 -0.003125 1.000000 -1
0 -9.937500 10.000000 -5.248004 0.209375 0.759375 -1
0 -9.937500 0.125000 -5.248004 0.209375 0.996875 -1
0 -9.937500 10.000000 5.314434 -0.003125 0.759375 -1
0 -9.937500 0.125000 5.314434 -0.003125 0.996875 -1
0 -9.937500 10.000000 -5.248004 0.001563 0.259375 -1
0 -9.937500 10.000000 5.314434 0.001563 0.509375 -1
0 9.937500 10.000000 -5.248004 0.503125 0.259375 -1
0 9.937500 10.000000 5.314434 0.503125 0.509375 -1
0 -9.937500 0.125000 5.314434 0.003125 0.509375 -1
0 -9.937500 0.125000 -5.248004 0.003125 0.754687 -1
0 9.937500 0.125000 5.314434 0.500000 0.509375 -1
0 9.937500 0.125000 -5.248004 0.500000 0.754687 -1
6
0.000000 0.000000 1.000000
1.000000 0.000000 0.000000
0.000000 0.000000 -1.000000
-1.000000 0.000000 0.000000
0.000000 1.000000 0.000000
0.000000 -1.000000 0.000000
12
0 0 1 2 0 0 0 1
0 1 3 2 0 0 0 1
1 4 5 6 1 1 1 2
1 5 7 6 1 1 1 2
0 8 9 10 2 2 2 1
0 9 11 10 2 2 2 1
0 12 13 14 3 3 3 2
0 13 15 14 3 3 3 2
0 16 17 18 4 4 4 3
0 17 19 18 4 4 4 3
0 20 21 22 5 5 5 3
0 21 23 22 5 5 5 3

Materials: 1
"objects2"
0.800000 0.800000 0.800000 1.000000
0.800000 0.800000 0.800000 1.000000
0.000000 0.000000 0.000000 1.000000
0.000000 0.000000 0.000000 1.000000
0.000000
1.000000
".\objs2.bmp"
""

Bones: 0
GroupComments: 0
MaterialComments: 0
BoneComments: 0
ModelComment: 0
