// MilkShape 3D ASCII

Frames: 30
Frame: 1

Meshes: 1
"barrel" 0 0
50
1 6.000000 -0.000276 -0.000071 0.243750 0.438281 -1
1 5.196152 -0.000276 2.999929 0.236109 0.467578 -1
1 0.000000 -0.000276 -0.000071 0.186719 0.438281 -1
1 6.000000 17.666389 -0.000071 0.243750 0.438281 -1
1 0.000000 17.666389 -0.000071 0.186719 0.438281 -1
1 5.196152 17.666389 2.999929 0.236109 0.467578 -1
1 6.000000 -0.000311 -0.000071 0.239063 0.871875 -1
1 6.000000 17.666389 -0.000071 0.239063 0.503125 -1
1 5.196152 -0.000311 2.999929 0.223467 0.871875 -1
1 5.196152 17.666389 2.999929 0.223467 0.503125 -1
1 3.000000 -0.000276 5.196081 0.215234 0.489025 -1
1 3.000000 17.666389 5.196081 0.215234 0.489025 -1
1 3.000000 17.666389 5.196081 0.180859 0.503125 -1
1 3.000000 -0.000311 5.196081 0.180859 0.871875 -1
1 0.000000 -0.000276 5.999929 0.186719 0.496875 -1
1 0.000000 17.666389 5.999929 0.186719 0.496875 -1
1 0.000000 -0.000311 5.999928 0.122656 0.871875 -1
1 0.000000 17.666389 5.999929 0.122656 0.503125 -1
1 -3.000000 -0.000276 5.196081 0.158203 0.489025 -1
1 -3.000000 17.666389 5.196081 0.158203 0.489025 -1
1 -3.000000 17.666389 5.196081 0.064453 0.503125 -1
1 -3.000000 -0.000311 5.196081 0.064453 0.871875 -1
1 -5.196152 -0.000276 2.999929 0.137328 0.467578 -1
1 -5.196152 17.666389 2.999929 0.137328 0.467578 -1
1 -5.196152 -0.000311 2.999929 0.021845 0.871875 -1
1 -5.196152 17.666389 2.999929 0.021845 0.503125 -1
1 -6.000000 -0.000276 -0.000071 0.129688 0.438281 -1
1 -6.000000 17.666389 -0.000071 0.129688 0.438281 -1
1 -6.000000 17.666389 -0.000071 0.006250 0.503125 -1
1 -6.000000 -0.000311 -0.000071 0.006250 0.871875 -1
1 -5.196152 -0.000276 -3.000071 0.137328 0.408984 -1
1 -5.196152 17.666389 -3.000071 0.137328 0.408984 -1
1 -5.196152 -0.000311 -3.000071 0.021845 0.871875 -1
1 -5.196152 17.666389 -3.000071 0.021845 0.503125 -1
1 -3.000000 -0.000276 -5.196224 0.158203 0.387538 -1
1 -3.000000 17.666389 -5.196224 0.158203 0.387538 -1
1 -3.000000 17.666389 -5.196224 0.064453 0.503125 -1
1 -3.000000 -0.000311 -5.196224 0.064453 0.871875 -1
1 0.000000 -0.000276 -6.000071 0.186719 0.379687 -1
1 0.000000 17.666389 -6.000071 0.186719 0.379687 -1
1 0.000000 -0.000311 -6.000072 0.122656 0.871875 -1
1 0.000000 17.666389 -6.000071 0.122656 0.503125 -1
1 3.000000 -0.000276 -5.196224 0.215234 0.387538 -1
1 3.000000 17.666389 -5.196224 0.215234 0.387538 -1
1 3.000000 17.666389 -5.196224 0.180859 0.503125 -1
1 3.000000 -0.000311 -5.196224 0.180859 0.871875 -1
1 5.196152 -0.000276 -3.000071 0.236109 0.408984 -1
1 5.196152 17.666389 -3.000071 0.236109 0.408984 -1
1 5.196152 -0.000311 -3.000071 0.223467 0.871875 -1
1 5.196152 17.666389 -3.000071 0.223467 0.503125 -1
20
0.000000 -1.000000 0.000000
0.000000 1.000000 0.000000
1.000000 0.000000 -0.000000
0.866025 0.000000 0.500000
0.500000 -0.000000 0.866025
0.500000 0.000000 0.866026
0.000000 -0.000000 1.000000
0.000000 -0.000000 1.000000
-0.500000 -0.000000 0.866025
-0.500000 0.000000 0.866026
-0.866025 0.000000 0.500000
-1.000000 0.000000 -0.000000
-0.866025 0.000000 -0.500000
-0.500000 0.000000 -0.866025
-0.500000 0.000000 -0.866025
0.000000 0.000000 -1.000000
0.000000 0.000000 -1.000000
0.500000 0.000000 -0.866025
0.500000 0.000000 -0.866025
0.866025 0.000000 -0.500000
48
1 0 1 2 0 0 0 2
1 3 4 5 1 1 1 2
1 6 7 8 2 2 3 1
1 7 9 8 2 3 3 1
1 1 10 2 0 0 0 2
1 5 4 11 1 1 1 2
1 8 9 12 3 3 4 1
1 8 12 13 3 4 5 1
1 10 14 2 0 0 0 2
1 11 4 15 1 1 1 2
1 13 12 16 5 4 6 1
1 12 17 16 4 7 6 1
1 14 18 2 0 0 0 2
1 15 4 19 1 1 1 2
1 16 17 20 6 7 8 1
1 16 20 21 6 8 9 1
1 18 22 2 0 0 0 2
1 19 4 23 1 1 1 2
1 21 20 24 9 8 10 1
1 20 25 24 8 10 10 1
1 22 26 2 0 0 0 2
1 23 4 27 1 1 1 2
1 24 25 28 10 10 11 1
1 24 28 29 10 11 11 1
1 26 30 2 0 0 0 2
1 27 4 31 1 1 1 2
1 29 28 32 11 11 12 1
1 28 33 32 11 12 12 1
1 30 34 2 0 0 0 2
1 31 4 35 1 1 1 2
1 32 33 36 12 12 13 1
1 32 36 37 12 13 14 1
1 34 38 2 0 0 0 2
1 35 4 39 1 1 1 2
1 37 36 40 14 13 15 1
1 36 41 40 13 16 15 1
1 38 42 2 0 0 0 2
1 39 4 43 1 1 1 2
1 40 41 44 15 16 17 1
1 40 44 45 15 17 18 1
1 42 46 2 0 0 0 2
1 43 4 47 1 1 1 2
1 45 44 48 18 17 19 1
1 44 49 48 17 19 19 1
1 46 0 2 0 0 0 2
1 47 4 3 1 1 1 2
1 48 49 7 19 19 2 1
1 48 7 6 19 2 2 1

Materials: 1
"objects1"
0.800000 0.800000 0.800000 1.000000
0.800000 0.800000 0.800000 1.000000
0.500000 0.500000 0.500000 1.000000
0.000000 0.000000 0.000000 1.000000
0.000000
1.000000
".\objs1.bmp"
""

Bones: 0
GroupComments: 0
MaterialComments: 0
BoneComments: 0
ModelComment: 0
