// MilkShape 3D ASCII

Frames: 30
Frame: 1

Meshes: 1
"rock2" 0 0
62
0 0.389006 -6.090256 0.000000 0.847621 0.131937 -1
0 12.055672 -5.982560 0.125000 0.944481 0.133076 -1
0 10.251823 -5.982560 3.000000 0.929505 0.159264 -1
0 0.389006 17.909744 0.000000 0.847621 0.131937 -1
0 10.251823 14.802048 3.000000 0.929505 0.159264 -1
0 12.055672 14.802048 0.125000 0.944481 0.133076 -1
0 8.055672 -5.982560 5.196152 0.911272 0.179268 -1
0 8.055672 14.802048 5.196152 0.911272 0.179268 -1
0 0.389006 -5.782559 6.000000 0.847621 0.186590 -1
0 -1.110994 13.802047 6.000000 0.835167 0.186590 -1
0 -2.610994 -5.782559 5.196152 0.822713 0.179268 -1
0 -4.110994 13.802047 5.196152 0.810260 0.179268 -1
0 -4.807147 -5.782559 3.000000 0.804480 0.159264 -1
0 -4.807147 16.302048 3.000000 0.804480 0.159264 -1
0 -5.610994 -5.782559 0.000000 0.797807 0.131937 -1
0 -5.610994 16.302048 0.000000 0.797807 0.131937 -1
0 -3.807147 -5.782559 -3.000000 0.812783 0.104611 -1
0 -3.807147 16.302048 -3.000000 0.812783 0.104611 -1
0 -2.610994 -5.782559 -5.196152 0.822713 0.084607 -1
0 -2.610994 14.302048 -6.496151 0.822713 0.072765 -1
0 0.389006 -5.782559 -6.000000 0.847621 0.077285 -1
0 0.389006 14.302048 -7.299999 0.847621 0.065443 -1
0 8.055672 -5.982560 -5.196152 0.911272 0.084607 -1
0 8.055672 12.802048 -6.496151 0.911272 0.072765 -1
0 10.251823 -5.982560 -3.000000 0.929505 0.104611 -1
0 10.251823 14.802048 -3.000000 0.929505 0.104611 -1
0 17.072975 -1.590256 -1.500000 0.986137 0.118274 -1
0 14.055672 -1.590256 5.196152 0.961086 0.179268 -1
0 10.251823 -4.006922 9.833334 0.929505 0.221507 -1
0 0.389006 -2.506922 11.225638 0.847621 0.234190 -1
0 -4.807147 -2.506922 9.833334 0.804480 0.221507 -1
0 -8.260994 -1.590255 5.196152 0.775805 0.179268 -1
0 -9.653298 -1.590255 0.000000 0.764245 0.131937 -1
0 -7.610994 -0.090256 -5.196152 0.781202 0.084607 -1
0 -4.640480 -4.910612 -10.696969 0.805864 0.034500 -1
0 0.555672 -5.056154 -12.081650 0.849004 0.021887 -1
0 10.418489 -5.102407 -10.540169 0.930889 0.035929 -1
0 15.680672 -1.590256 -6.696152 0.974578 0.070944 -1
0 18.680670 4.409744 -1.500000 0.999485 0.118274 -1
0 15.447976 4.409744 6.000000 0.972645 0.186590 -1
0 11.055672 1.993078 11.225638 0.936179 0.234190 -1
0 0.389006 5.909744 12.000000 0.847621 0.241243 -1
0 -5.610994 5.909744 10.392304 0.797807 0.226599 -1
0 -9.653298 4.409745 6.000000 0.764245 0.186590 -1
0 -11.260994 4.409745 0.000000 0.750898 0.131937 -1
0 -9.003299 5.909744 -6.000000 0.769642 0.077285 -1
0 -5.444328 2.210997 -12.708826 0.799190 0.016175 -1
0 0.555672 2.042946 -14.307722 0.849004 0.001611 -1
0 11.222338 0.719210 -12.552031 0.937562 0.017603 -1
0 17.072975 4.409744 -7.500000 0.986137 0.063621 -1
0 17.072975 10.409744 -1.500000 0.986137 0.118274 -1
0 14.055672 10.409744 5.196152 0.961086 0.179268 -1
0 10.251823 8.743077 6.916667 0.929505 0.194940 -1
0 0.389006 10.243077 8.308971 0.847621 0.207623 -1
0 -4.807147 10.243077 6.916667 0.804480 0.194940 -1
0 -8.260994 10.409739 5.196152 0.775805 0.179268 -1
0 -9.653298 10.409739 0.000000 0.764245 0.131937 -1
0 -7.610994 11.909744 -5.196152 0.781202 0.084607 -1
0 -4.640480 8.323679 -11.951318 0.805864 0.023075 -1
0 0.555672 8.178143 -13.336001 0.849004 0.010462 -1
0 10.418489 6.831899 -11.794523 0.930889 0.024503 -1
0 15.680672 10.409744 -6.696152 0.974578 0.070944 -1
89
0.009169 -0.999941 0.005753
0.462905 -0.851241 0.247199
0.304649 -0.920869 0.243288
0.252561 0.954517 0.158463
0.409614 0.851327 0.327808
0.526793 0.799308 0.289129
0.008372 -0.999930 0.008372
0.186624 -0.940502 0.283951
0.228626 0.946288 0.228626
0.206856 0.667587 0.715219
-0.020679 -0.998474 0.051205
-0.036685 -0.953231 0.300008
-0.041591 0.829254 0.557323
-0.103395 0.688243 0.718074
-0.013722 -0.998594 0.051211
-0.250225 -0.906543 0.339951
-0.143209 0.832971 0.534463
-0.209669 0.591721 0.778399
-0.037489 -0.998594 0.037489
-0.354225 -0.912666 0.203876
0.199190 0.677473 0.708064
-0.372693 0.783255 0.497606
-0.051211 -0.998594 0.013722
-0.523986 -0.847092 -0.088735
-0.258199 0.963611 0.069184
-0.636767 0.770406 -0.031664
-0.051191 -0.998214 -0.030780
-0.405887 -0.883876 -0.232419
-0.255741 0.954437 -0.153772
-0.345183 0.844128 -0.410239
-0.052682 -0.998199 -0.028694
-0.290219 -0.951892 -0.098364
0.018081 0.870520 -0.491801
-0.239127 0.770614 -0.590738
-0.013722 -0.998594 -0.051211
-0.019968 -0.996160 -0.085244
-0.117888 0.890244 -0.439963
0.030500 0.810391 -0.585096
-0.020679 -0.998474 -0.051205
0.156236 -0.981350 -0.111993
0.216589 0.875215 -0.432536
0.193896 0.767147 -0.611465
0.008372 -0.999930 -0.008372
0.234549 -0.955246 -0.180254
0.098989 0.835672 -0.540234
0.274261 0.874539 -0.399953
0.009288 -0.999942 -0.005361
0.388045 -0.908149 -0.157122
0.256050 0.955298 -0.147800
0.459716 0.865125 -0.200547
0.807302 -0.464686 0.363772
0.757086 -0.507536 0.411373
0.433256 -0.665229 0.608079
-0.098743 -0.552731 0.827489
-0.514912 -0.525340 0.677409
-0.777881 -0.491211 0.391936
-0.864981 -0.489241 -0.111581
-0.829906 -0.449689 -0.330208
-0.629381 -0.674906 -0.385203
-0.049895 -0.772194 -0.633425
0.413396 -0.760493 -0.500754
0.723044 -0.595760 -0.349681
0.816079 -0.534977 -0.218667
0.915043 -0.000000 0.403355
0.851480 -0.002043 0.524384
0.438980 0.164735 0.883266
-0.038194 0.299195 0.953427
-0.486788 0.226450 0.843658
-0.876581 0.001845 0.481252
-0.998638 0.000961 -0.052160
-0.911380 -0.000690 -0.411565
-0.634980 -0.042158 -0.771377
-0.054137 -0.073703 -0.995810
0.429267 -0.067774 -0.900631
0.848862 -0.005150 -0.528589
0.965926 -0.000000 -0.258819
0.807302 0.464686 0.363772
0.627872 0.501861 0.594905
0.193847 0.444771 0.874415
-0.023892 0.544612 0.838347
-0.284671 0.550504 0.784798
-0.722071 0.468117 0.509393
-0.907590 0.419837 0.004143
-0.772542 0.468748 -0.428315
-0.482513 0.466511 -0.741316
-0.012734 0.451735 -0.892061
0.318231 0.454702 -0.831850
0.638835 0.556923 -0.530779
0.816079 0.534977 -0.218667
120
0 0 1 2 0 1 2 1
0 3 4 5 3 4 5 1
0 0 2 6 6 2 7 1
0 3 7 4 8 9 4 1
0 0 6 8 10 7 11 1
0 3 9 7 12 13 9 1
0 0 8 10 14 11 15 1
0 3 11 9 16 17 13 1
0 0 10 12 18 15 19 1
0 3 13 11 20 21 17 1
0 0 12 14 22 19 23 1
0 3 15 13 24 25 21 1
0 0 14 16 26 23 27 1
0 3 17 15 28 29 25 1
0 0 16 18 30 27 31 1
0 3 19 17 32 33 29 1
0 0 18 20 34 31 35 1
0 3 21 19 36 37 33 1
0 0 20 22 38 35 39 1
0 3 23 21 40 41 37 1
0 0 22 24 42 39 43 1
0 3 25 23 44 45 41 1
0 0 24 1 46 43 47 1
0 3 5 25 48 49 45 1
0 1 26 27 1 50 51 1
0 1 27 2 1 51 2 1
0 2 27 6 2 51 7 1
0 27 28 6 51 52 7 1
0 6 28 29 7 52 53 1
0 6 29 8 7 53 11 1
0 8 29 10 11 53 15 1
0 29 30 10 53 54 15 1
0 10 30 31 15 54 55 1
0 10 31 12 15 55 19 1
0 12 31 14 19 55 23 1
0 31 32 14 55 56 23 1
0 14 32 33 23 56 57 1
0 14 33 16 23 57 27 1
0 16 33 18 27 57 31 1
0 33 34 18 57 58 31 1
0 18 34 35 31 58 59 1
0 18 35 20 31 59 35 1
0 20 35 22 35 59 39 1
0 35 36 22 59 60 39 1
0 22 36 37 39 60 61 1
0 22 37 24 39 61 43 1
0 24 37 1 43 61 47 1
0 37 26 1 61 62 47 1
0 26 38 27 50 63 51 1
0 38 39 27 63 64 51 1
0 27 39 40 51 64 65 1
0 27 40 28 51 65 52 1
0 28 40 29 52 65 53 1
0 40 41 29 65 66 53 1
0 29 41 42 53 66 67 1
0 29 42 30 53 67 54 1
0 30 42 31 54 67 55 1
0 42 43 31 67 68 55 1
0 31 43 44 55 68 69 1
0 31 44 32 55 69 56 1
0 32 44 33 56 69 57 1
0 44 45 33 69 70 57 1
0 33 45 46 57 70 71 1
0 33 46 34 57 71 58 1
0 34 46 35 58 71 59 1
0 46 47 35 71 72 59 1
0 35 47 48 59 72 73 1
0 35 48 36 59 73 60 1
0 36 48 37 60 73 61 1
0 48 49 37 73 74 61 1
0 37 49 38 61 74 75 1
0 37 38 26 61 75 62 1
0 38 50 51 63 76 77 1
0 38 51 39 63 77 64 1
0 39 51 40 64 77 65 1
0 51 52 40 77 78 65 1
0 40 52 53 65 78 79 1
0 40 53 41 65 79 66 1
0 41 53 42 66 79 67 1
0 53 54 42 79 80 67 1
0 42 54 55 67 80 81 1
0 42 55 43 67 81 68 1
0 43 55 44 68 81 69 1
0 55 56 44 81 82 69 1
0 44 56 57 69 82 83 1
0 44 57 45 69 83 70 1
0 45 57 46 70 83 71 1
0 57 58 46 83 84 71 1
0 46 58 59 71 84 85 1
0 46 59 47 71 85 72 1
0 47 59 48 72 85 73 1
0 59 60 48 85 86 73 1
0 48 60 61 73 86 87 1
0 48 61 49 73 87 74 1
0 49 61 38 74 87 75 1
0 61 50 38 87 88 75 1
0 50 5 51 76 5 77 1
0 5 4 51 5 4 77 1
0 51 4 7 77 4 9 1
0 51 7 52 77 9 78 1
0 52 7 53 78 9 79 1
0 7 9 53 9 13 79 1
0 53 9 11 79 13 17 1
0 53 11 54 79 17 80 1
0 54 11 55 80 17 81 1
0 11 13 55 17 21 81 1
0 55 13 15 81 21 25 1
0 55 15 56 81 25 82 1
0 56 15 57 82 25 83 1
0 15 17 57 25 29 83 1
0 57 17 19 83 29 33 1
0 57 19 58 83 33 84 1
0 58 19 59 84 33 85 1
0 19 21 59 33 37 85 1
0 59 21 23 85 37 41 1
0 59 23 60 85 41 86 1
0 60 23 61 86 41 87 1
0 23 25 61 41 45 87 1
0 61 25 5 87 45 49 1
0 61 5 50 87 49 88 1

Materials: 1
"grey"
0.800000 0.800000 0.800000 1.000000
0.800000 0.800000 0.800000 1.000000
0.000000 0.000000 0.000000 1.000000
0.000000 0.000000 0.000000 1.000000
0.000000
1.000000
".\objs1.bmp"
""

Bones: 0
GroupComments: 0
MaterialComments: 0
BoneComments: 0
ModelComment: 0
