// MilkShape 3D ASCII

Frames: 30
Frame: 1

Meshes: 1
"Sphere04" 0 0
62
0 5.427896 -3.972576 0.000000 0.628530 0.127686 -1
0 21.069714 -3.985149 0.000000 0.690428 0.127686 -1
0 19.741428 -3.726961 5.050000 0.685172 0.152608 -1
0 5.427896 38.427422 0.000000 0.628530 0.127686 -1
0 21.018301 33.378159 6.511913 0.690225 0.159823 -1
0 21.657698 33.130409 0.000000 0.692755 0.127686 -1
0 16.112495 -3.021564 8.746856 0.670811 0.170852 -1
0 16.352390 32.550087 13.784941 0.671761 0.195715 -1
0 6.094562 -2.266289 11.699997 0.631168 0.185426 -1
0 6.094562 36.721130 9.599998 0.631168 0.175062 -1
0 -12.372105 -2.266289 8.746856 0.558092 0.170852 -1
0 -4.205438 35.471130 10.746855 0.590409 0.180722 -1
0 -16.068960 -2.266289 5.050000 0.543462 0.152608 -1
0 -6.637140 35.721130 6.322727 0.580786 0.158889 -1
0 -17.422104 -2.266289 0.000000 0.538107 0.127686 -1
0 -9.922104 35.471130 0.000000 0.567787 0.127686 -1
0 -16.068960 -2.266289 -5.050000 0.543462 0.102765 -1
0 -10.515931 34.221130 -5.413636 0.565437 0.100970 -1
0 -12.372105 -3.066289 -8.746856 0.558092 0.084520 -1
0 -4.872104 35.471130 -8.746856 0.587771 0.084520 -1
0 5.427896 0.733711 -10.099999 0.628530 0.077843 -1
0 5.427896 35.721130 -10.099999 0.628530 0.077843 -1
0 16.112495 -3.821564 -8.746856 0.670811 0.084520 -1
0 19.860769 32.954178 -15.818284 0.685644 0.049623 -1
0 19.741428 -3.726961 -5.050000 0.685172 0.102765 -1
0 23.205376 33.692284 -8.413637 0.698880 0.086165 -1
0 29.738369 1.861935 0.000000 0.724732 0.127686 -1
0 27.437719 2.309137 8.746856 0.715628 0.170852 -1
0 20.732435 3.704670 15.416663 0.689094 0.203768 -1
0 7.761229 -3.015433 19.046089 0.637764 0.221679 -1
0 -6.930172 0.317902 17.249540 0.579626 0.212813 -1
0 -20.472103 -2.205909 8.746856 0.526038 0.170852 -1
0 -22.815819 -2.205909 0.000000 0.516763 0.127686 -1
0 -20.472103 -3.005909 -8.746856 0.526038 0.084520 -1
0 -8.402294 -2.869163 -15.845387 0.573801 0.049489 -1
0 11.844563 -3.791362 -18.372475 0.653922 0.037018 -1
0 23.972710 1.915683 -16.343979 0.701916 0.047028 -1
0 27.437719 2.309137 -8.746856 0.715628 0.084520 -1
0 34.322105 11.259991 0.000000 0.742871 0.127686 -1
0 31.665535 11.776370 10.099999 0.732359 0.177530 -1
0 24.407669 13.187160 17.493711 0.703638 0.214018 -1
0 6.094562 10.827407 24.600000 0.631168 0.249087 -1
0 -9.179860 17.579460 19.984884 0.570724 0.226312 -1
0 -21.575062 19.617449 10.099999 0.521673 0.177530 -1
0 -24.176508 20.363401 0.000000 0.511379 0.127686 -1
0 -21.575062 19.617449 -10.099999 0.521673 0.077843 -1
0 -14.467765 15.258368 -18.660639 0.549798 0.035596 -1
0 16.011230 11.255888 -24.736979 0.670411 0.005609 -1
0 26.209297 10.581341 -22.405012 0.710767 0.017117 -1
0 31.665535 11.776370 -10.099999 0.732359 0.077843 -1
0 29.304947 25.999250 0.000000 0.723017 0.127686 -1
0 26.962658 25.917456 8.746856 0.713748 0.170852 -1
0 20.563414 25.693989 15.149999 0.688425 0.202452 -1
0 6.094562 28.327421 19.493713 0.631168 0.223888 -1
0 -6.143132 26.915232 16.385473 0.582741 0.208549 -1
0 -16.538200 28.680174 8.746856 0.541605 0.170852 -1
0 -18.791121 29.326193 0.000000 0.532690 0.127686 -1
0 -16.538200 28.680174 -8.746856 0.541605 0.084520 -1
0 -10.383104 26.915232 -15.149999 0.565962 0.052921 -1
0 11.677896 28.327421 -20.993711 0.653263 0.024082 -1
0 27.713411 22.193989 -18.649998 0.716719 0.035648 -1
0 32.445984 22.667456 -9.580189 0.735447 0.080408 -1
89
-0.000803 -0.998706 0.050849
0.381361 -0.912668 0.146970
0.231554 -0.943593 0.236675
0.310264 0.950633 -0.005703
0.506031 0.838954 0.200221
0.604236 0.792774 0.080056
-0.036797 -0.987644 0.152332
0.189949 -0.936238 0.295597
0.206670 0.948376 0.240564
0.383951 0.749188 0.539721
-0.031509 -0.988783 0.145996
-0.034279 -0.999045 0.027074
0.321776 0.935804 0.143983
0.065313 0.902918 0.424822
-0.023279 -0.989074 0.145570
-0.056935 -0.988304 0.141468
-0.098629 0.978566 0.180778
-0.258631 0.830622 0.493129
-0.064011 -0.995894 0.064011
-0.039307 -0.998948 0.023621
-0.148054 0.979482 0.136726
-0.347163 0.917734 0.192982
-0.074451 -0.997025 0.019949
-0.007803 -0.999732 0.021815
-0.188784 0.980225 0.059324
-0.459449 0.888203 -0.001419
-0.074451 -0.997025 -0.019949
-0.012652 -0.996443 0.083314
-0.185228 0.961762 -0.201752
-0.391767 0.895337 -0.211874
-0.104226 -0.988487 0.109682
0.035195 -0.996896 0.070432
-0.240806 0.969569 -0.044133
-0.257535 0.848428 -0.462435
0.159337 -0.894845 -0.416970
-0.101531 -0.994723 -0.014766
-0.057352 0.964336 -0.258393
-0.039016 0.899713 -0.434735
-0.315905 -0.860008 -0.400737
0.119158 -0.975903 -0.182795
0.082355 0.962645 -0.257940
0.339331 0.806347 -0.484416
0.019447 -0.999790 0.006495
0.263488 -0.950042 -0.167315
0.174942 0.968795 -0.175590
0.522441 0.850050 -0.066865
-0.000803 -0.998706 -0.050849
0.381361 -0.912668 -0.146970
0.308038 0.943815 0.119692
0.604284 0.791283 0.093343
0.733951 -0.640571 0.225799
0.637053 -0.635751 0.435873
0.491980 -0.587347 0.642634
0.061649 -0.755230 0.652554
-0.261406 -0.632204 0.729373
-0.526952 -0.742175 0.414123
-0.678351 -0.733979 0.033387
-0.546127 -0.785924 -0.289945
-0.211007 -0.777913 -0.591884
0.070044 -0.861336 -0.503185
0.562373 -0.736873 -0.375174
0.703422 -0.654412 -0.277385
0.733951 -0.640571 -0.225799
0.963269 -0.056539 0.262518
0.865322 -0.049107 0.498804
0.543871 -0.034102 0.838476
0.032469 -0.040573 0.998649
-0.420862 0.095922 0.902039
-0.808297 0.207840 0.550870
-0.971522 0.236947 0.000647
-0.848713 0.211298 -0.484809
-0.439634 0.066152 -0.895738
0.002575 -0.084960 -0.996381
0.655378 -0.199825 -0.728388
0.916907 -0.242851 -0.316711
0.975734 -0.158318 -0.151258
0.817374 0.530841 0.223846
0.769756 0.490743 0.408223
0.490818 0.375967 0.785969
0.039556 0.490658 0.870454
-0.362101 0.505119 0.783414
-0.616774 0.639722 0.458634
-0.728827 0.684698 0.000000
-0.640921 0.638716 -0.425750
-0.384301 0.553579 -0.738825
-0.010144 0.503501 -0.863935
0.579358 0.371106 -0.725690
0.896679 0.388581 -0.212066
0.835310 0.543173 0.084967
120
0 0 1 2 0 1 2 1
0 3 4 5 3 4 5 1
0 0 2 6 6 2 7 1
0 3 7 4 8 9 4 1
0 0 6 8 10 7 11 1
0 3 9 7 12 13 9 1
0 0 8 10 14 11 15 1
0 3 11 9 16 17 13 1
0 0 10 12 18 15 19 1
0 3 13 11 20 21 17 1
0 0 12 14 22 19 23 1
0 3 15 13 24 25 21 1
0 0 14 16 26 23 27 1
0 3 17 15 28 29 25 1
0 0 16 18 30 27 31 1
0 3 19 17 32 33 29 1
0 0 18 20 34 31 35 1
0 3 21 19 36 37 33 1
0 0 20 22 38 35 39 1
0 3 23 21 40 41 37 1
0 0 22 24 42 39 43 1
0 3 25 23 44 45 41 1
0 0 24 1 46 43 47 1
0 3 5 25 48 49 45 1
0 1 26 27 1 50 51 1
0 1 27 2 1 51 2 1
0 2 27 6 2 51 7 1
0 27 28 6 51 52 7 1
0 6 28 29 7 52 53 1
0 6 29 8 7 53 11 1
0 8 29 10 11 53 15 1
0 29 30 10 53 54 15 1
0 10 30 31 15 54 55 1
0 10 31 12 15 55 19 1
0 12 31 14 19 55 23 1
0 31 32 14 55 56 23 1
0 14 32 33 23 56 57 1
0 14 33 16 23 57 27 1
0 16 33 18 27 57 31 1
0 33 34 18 57 58 31 1
0 18 34 35 31 58 59 1
0 18 35 20 31 59 35 1
0 20 35 22 35 59 39 1
0 35 36 22 59 60 39 1
0 22 36 37 39 60 61 1
0 22 37 24 39 61 43 1
0 24 37 1 43 61 47 1
0 37 26 1 61 62 47 1
0 26 38 27 50 63 51 1
0 38 39 27 63 64 51 1
0 27 39 40 51 64 65 1
0 27 40 28 51 65 52 1
0 28 40 29 52 65 53 1
0 40 41 29 65 66 53 1
0 29 41 42 53 66 67 1
0 29 42 30 53 67 54 1
0 30 42 31 54 67 55 1
0 42 43 31 67 68 55 1
0 31 43 44 55 68 69 1
0 31 44 32 55 69 56 1
0 32 44 33 56 69 57 1
0 44 45 33 69 70 57 1
0 33 45 46 57 70 71 1
0 33 46 34 57 71 58 1
0 34 46 35 58 71 59 1
0 46 47 35 71 72 59 1
0 35 47 48 59 72 73 1
0 35 48 36 59 73 60 1
0 36 48 37 60 73 61 1
0 48 49 37 73 74 61 1
0 37 49 38 61 74 75 1
0 37 38 26 61 75 62 1
0 38 50 51 63 76 77 1
0 38 51 39 63 77 64 1
0 39 51 40 64 77 65 1
0 51 52 40 77 78 65 1
0 40 52 53 65 78 79 1
0 40 53 41 65 79 66 1
0 41 53 42 66 79 67 1
0 53 54 42 79 80 67 1
0 42 54 55 67 80 81 1
0 42 55 43 67 81 68 1
0 43 55 44 68 81 69 1
0 55 56 44 81 82 69 1
0 44 56 57 69 82 83 1
0 44 57 45 69 83 70 1
0 45 57 46 70 83 71 1
0 57 58 46 83 84 71 1
0 46 58 59 71 84 85 1
0 46 59 47 71 85 72 1
0 47 59 48 72 85 73 1
0 59 60 48 85 86 73 1
0 48 60 61 73 86 87 1
0 48 61 49 73 87 74 1
0 49 61 38 74 87 75 1
0 61 50 38 87 88 75 1
0 50 5 51 76 5 77 1
0 5 4 51 5 4 77 1
0 51 4 7 77 4 9 1
0 51 7 52 77 9 78 1
0 52 7 53 78 9 79 1
0 7 9 53 9 13 79 1
0 53 9 11 79 13 17 1
0 53 11 54 79 17 80 1
0 54 11 55 80 17 81 1
0 11 13 55 17 21 81 1
0 55 13 15 81 21 25 1
0 55 15 56 81 25 82 1
0 56 15 57 82 25 83 1
0 15 17 57 25 29 83 1
0 57 17 19 83 29 33 1
0 57 19 58 83 33 84 1
0 58 19 59 84 33 85 1
0 19 21 59 33 37 85 1
0 59 21 23 85 37 41 1
0 59 23 60 85 41 86 1
0 60 23 61 86 41 87 1
0 23 25 61 41 45 87 1
0 61 25 5 87 45 49 1
0 61 5 50 87 49 88 1

Materials: 1
"Material01"
0.800000 0.800000 0.800000 1.000000
0.800000 0.800000 0.800000 1.000000
0.000000 0.000000 0.000000 1.000000
0.000000 0.000000 0.000000 1.000000
0.000000
1.000000
".\objs1.bmp"
""

Bones: 0
GroupComments: 0
MaterialComments: 0
BoneComments: 0
ModelComment: 0
