// MilkShape 3D ASCII

Frames: 30
Frame: 1

Meshes: 4
"Cylinder01" 0 1
26
0 1.687500 -0.125001 -0.000001 0.967146 3.273857 -1
0 1.107817 19.745121 -0.000001 0.967146 0.297650 -1
0 0.959398 19.745121 0.560290 1.123356 0.297650 -1
0 0.791540 39.625000 -0.000001 0.967146 -2.680022 -1
0 0.843750 -0.125001 1.461417 1.374596 3.273857 -1
0 0.000000 -0.125001 -0.000001 0.967146 3.273857 -1
0 -0.000000 39.625000 -0.000001 0.967146 -2.680022 -1
0 0.395770 39.625000 0.853107 1.204996 -2.680022 -1
0 0.553909 19.745121 0.970454 1.237709 0.297650 -1
0 -0.000000 19.745121 1.120584 1.279570 0.297650 -1
0 -0.843750 -0.125001 1.461417 1.374596 3.273857 -1
0 -0.395770 39.625000 0.853107 1.204996 -2.680022 -1
0 -0.553909 19.745121 0.970454 1.237709 0.297650 -1
0 -0.959398 19.745121 0.560290 1.123356 0.297650 -1
0 -1.687500 -0.125001 -0.000001 0.967146 3.273857 -1
0 -0.791540 39.625000 -0.000001 0.967146 -2.680022 -1
0 -1.107817 19.745121 -0.000001 0.967146 0.297650 -1
0 -0.959398 19.745121 -0.560294 0.810934 0.297650 -1
0 -0.843750 -0.125001 -1.461419 0.559694 3.273857 -1
0 -0.395770 39.625000 -0.853109 0.729296 -2.680022 -1
0 -0.553909 19.745121 -0.970456 0.696579 0.297650 -1
0 -0.000000 19.745121 -1.120585 0.654724 0.297650 -1
0 0.843750 -0.125001 -1.461419 0.559694 3.273857 -1
0 0.395770 39.625000 -0.853109 0.729296 -2.680022 -1
0 0.553909 19.745121 -0.970456 0.696579 0.297650 -1
0 0.959398 19.745121 -0.560294 0.810934 0.297650 -1
26
0.999687 0.025002 0.000000
0.999746 0.022535 0.000000
0.874721 0.020173 0.484208
0.999827 0.018622 0.000000
0.000000 -1.000000 0.000000
0.000000 1.000000 0.000000
0.501811 0.024615 0.864627
0.503633 0.018894 0.863711
0.519799 0.013980 0.854174
-0.000000 0.017314 0.999850
-0.501811 0.024615 0.864627
-0.503633 0.018894 0.863711
-0.519799 0.013980 0.854174
-0.874721 0.020173 0.484208
-0.999687 0.025002 0.000000
-0.999746 0.022535 0.000000
-0.999827 0.018622 0.000000
-0.874720 0.020173 -0.484208
-0.501810 0.024615 -0.864628
-0.503631 0.018894 -0.863712
-0.519798 0.013980 -0.854175
-0.000000 0.017314 -0.999850
0.501810 0.024615 -0.864628
0.503631 0.018894 -0.863712
0.519798 0.013980 -0.854175
0.874720 0.020173 -0.484208
48
0 0 1 2 0 1 2 1
0 1 3 2 1 3 2 1
0 0 4 5 4 4 4 2
0 3 6 7 5 5 5 2
0 0 2 4 0 2 6 1
0 2 8 4 2 7 6 1
0 2 3 7 2 3 8 1
0 2 7 8 2 8 7 1
0 4 8 9 6 7 9 1
0 8 7 9 7 8 9 1
0 4 10 5 4 4 4 2
0 7 6 11 5 5 5 2
0 4 9 10 6 9 10 1
0 9 12 10 9 11 10 1
0 9 7 11 9 8 12 1
0 9 11 12 9 12 11 1
0 10 12 13 10 11 13 1
0 12 11 13 11 12 13 1
0 10 14 5 4 4 4 2
0 11 6 15 5 5 5 2
0 10 13 14 10 13 14 1
0 13 16 14 13 15 14 1
0 13 11 15 13 12 16 1
0 13 15 16 13 16 15 1
0 14 16 17 14 15 17 1
0 16 15 17 15 16 17 1
0 14 18 5 4 4 4 2
0 15 6 19 5 5 5 2
0 14 17 18 14 17 18 1
0 17 20 18 17 19 18 1
0 17 15 19 17 16 20 1
0 17 19 20 17 20 19 1
0 18 20 21 18 19 21 1
0 20 19 21 19 20 21 1
0 18 22 5 4 4 4 2
0 19 6 23 5 5 5 2
0 18 21 22 18 21 22 1
0 21 24 22 21 23 22 1
0 21 19 23 21 20 24 1
0 21 23 24 21 24 23 1
0 22 24 25 22 23 25 1
0 24 23 25 23 24 25 1
0 22 0 5 4 4 4 2
0 23 6 3 5 5 5 2
0 22 25 0 22 25 0 1
0 25 1 0 25 1 0 1
0 25 23 3 25 24 3 1
0 25 3 1 25 3 1 1
"Regroup02" 0 0
108
0 -4.678102 35.806946 -15.852894 0.087234 0.045298 -1
0 -4.678102 38.378376 -8.215736 0.087234 0.496345 -1
0 0.000000 38.235516 -15.852894 0.498724 0.045298 -1
0 -4.678102 37.235519 -0.578572 0.087234 0.947393 -1
0 0.000000 39.664089 -0.578572 0.498724 0.947393 -1
0 0.000000 40.806946 -8.215736 0.498724 0.496345 -1
0 4.678102 35.806946 -15.852894 0.910214 0.045298 -1
0 4.678102 38.378376 -8.215736 0.910214 0.496345 -1
0 4.678102 37.235519 -0.578572 0.910214 0.947393 -1
0 0.000000 38.235516 15.852894 0.498724 0.045298 -1
0 -4.678102 38.378376 8.215736 0.087234 0.496345 -1
0 -4.678102 35.806946 15.852894 0.087234 0.045298 -1
0 0.000000 40.806946 8.215736 0.498724 0.496345 -1
0 0.000000 39.664089 0.578572 0.498724 0.947393 -1
0 -4.678102 37.235519 0.578572 0.087234 0.947393 -1
0 4.678102 35.806946 15.852894 0.910214 0.045298 -1
0 4.678102 38.378376 8.215736 0.910214 0.496345 -1
0 4.678102 37.235519 0.578572 0.910214 0.947393 -1
0 -16.068083 35.806946 -3.875097 0.087234 0.045298 -1
0 -9.454098 38.378376 -0.056513 0.087234 0.496345 -1
0 -13.729018 38.235516 -7.926454 0.498724 0.045298 -1
0 -2.840113 37.235519 3.762074 0.087234 0.947393 -1
0 -0.501059 39.664089 -0.289287 0.498724 0.947393 -1
0 -7.115042 40.806946 -4.107872 0.498724 0.496345 -1
0 -11.389971 35.806946 -11.977819 0.910214 0.045298 -1
0 -4.775990 38.378376 -8.159232 0.910214 0.496345 -1
0 1.837996 37.235519 -4.340646 0.910214 0.947393 -1
0 13.729021 38.235516 7.926453 0.498724 0.045298 -1
0 4.775990 38.378376 8.159233 0.087234 0.496345 -1
0 11.389974 35.806946 11.977818 0.087234 0.045298 -1
0 7.115044 40.806946 4.107873 0.498724 0.496345 -1
0 0.501059 39.664089 0.289286 0.498724 0.947393 -1
0 -1.837996 37.235519 4.340647 0.087234 0.947393 -1
0 16.068085 35.806946 3.875097 0.910214 0.045298 -1
0 9.454098 38.378376 0.056514 0.910214 0.496345 -1
0 2.840112 37.235519 -3.762073 0.910214 0.947393 -1
0 -12.390580 35.806946 10.939551 0.087234 0.045298 -1
0 -5.468948 38.378376 7.711940 0.087234 0.496345 -1
0 -14.367630 38.235516 6.699735 0.498724 0.045298 -1
0 1.452691 37.235519 4.484329 0.087234 0.947393 -1
0 -0.524365 39.664089 0.244517 0.498724 0.947393 -1
0 -7.446000 40.806946 3.472125 0.498724 0.496345 -1
0 -16.344690 35.806946 2.459923 0.910214 0.045298 -1
0 -9.423059 38.378376 -0.767680 0.910214 0.496345 -1
0 -2.501421 37.235519 -3.995295 0.910214 0.947393 -1
0 14.367632 38.235516 -6.699741 0.498724 0.045298 -1
0 9.423060 38.378376 0.767685 0.087234 0.496345 -1
0 16.344692 35.806946 -2.459927 0.087234 0.045298 -1
0 7.446002 40.806946 -3.472124 0.498724 0.496345 -1
0 0.524366 39.664089 -0.244515 0.498724 0.947393 -1
0 2.501423 37.235519 3.995297 0.087234 0.947393 -1
0 12.390582 35.806946 -10.939551 0.910214 0.045298 -1
0 5.468952 38.378376 -7.711943 0.910214 0.496345 -1
0 -1.452688 37.235519 -4.484325 0.910214 0.947393 -1
0 0.000000 38.063103 -15.852894 0.498724 0.045298 -1
0 -4.678102 38.205963 -8.215736 0.087234 0.496345 -1
0 -4.678102 35.634533 -15.852894 0.087234 0.045298 -1
0 0.000000 40.634533 -8.215736 0.498724 0.496345 -1
0 0.000000 39.491676 -0.578572 0.498724 0.947393 -1
0 -4.678102 37.063107 -0.578572 0.087234 0.947393 -1
0 4.678102 35.634533 -15.852894 0.910214 0.045298 -1
0 4.678102 38.205963 -8.215736 0.910214 0.496345 -1
0 4.678102 37.063107 -0.578572 0.910214 0.947393 -1
0 -4.678102 35.634533 15.852894 0.087234 0.045298 -1
0 -4.678102 38.205963 8.215736 0.087234 0.496345 -1
0 0.000000 38.063103 15.852894 0.498724 0.045298 -1
0 -4.678102 37.063107 0.578572 0.087234 0.947393 -1
0 0.000000 39.491676 0.578572 0.498724 0.947393 -1
0 0.000000 40.634533 8.215736 0.498724 0.496345 -1
0 4.678102 35.634533 15.852894 0.910214 0.045298 -1
0 4.678102 38.205963 8.215736 0.910214 0.496345 -1
0 4.678102 37.063107 0.578572 0.910214 0.947393 -1
0 -13.729018 38.063103 -7.926454 0.498724 0.045298 -1
0 -9.454098 38.205963 -0.056513 0.087234 0.496345 -1
0 -16.068083 35.634533 -3.875097 0.087234 0.045298 -1
0 -7.115042 40.634533 -4.107872 0.498724 0.496345 -1
0 -0.501059 39.491676 -0.289287 0.498724 0.947393 -1
0 -2.840113 37.063107 3.762074 0.087234 0.947393 -1
0 -11.389971 35.634533 -11.977819 0.910214 0.045298 -1
0 -4.775990 38.205963 -8.159232 0.910214 0.496345 -1
0 1.837996 37.063107 -4.340646 0.910214 0.947393 -1
0 11.389974 35.634533 11.977818 0.087234 0.045298 -1
0 4.775990 38.205963 8.159233 0.087234 0.496345 -1
0 13.729021 38.063103 7.926453 0.498724 0.045298 -1
0 -1.837996 37.063107 4.340647 0.087234 0.947393 -1
0 0.501059 39.491676 0.289286 0.498724 0.947393 -1
0 7.115044 40.634533 4.107873 0.498724 0.496345 -1
0 16.068085 35.634533 3.875097 0.910214 0.045298 -1
0 9.454098 38.205963 0.056514 0.910214 0.496345 -1
0 2.840112 37.063107 -3.762073 0.910214 0.947393 -1
0 -14.367630 38.063103 6.699735 0.498724 0.045298 -1
0 -5.468948 38.205963 7.711940 0.087234 0.496345 -1
0 -12.390580 35.634533 10.939551 0.087234 0.045298 -1
0 -7.446000 40.634533 3.472125 0.498724 0.496345 -1
0 -0.524365 39.491676 0.244517 0.498724 0.947393 -1
0 1.452691 37.063107 4.484329 0.087234 0.947393 -1
0 -16.344690 35.634533 2.459923 0.910214 0.045298 -1
0 -9.423059 38.205963 -0.767680 0.910214 0.496345 -1
0 -2.501421 37.063107 -3.995295 0.910214 0.947393 -1
0 16.344692 35.634533 -2.459927 0.087234 0.045298 -1
0 9.423060 38.205963 0.767685 0.087234 0.496345 -1
0 14.367632 38.063103 -6.699741 0.498724 0.045298 -1
0 2.501423 37.063107 3.995297 0.087234 0.947393 -1
0 0.524366 39.491676 -0.244515 0.498724 0.947393 -1
0 7.446002 40.634533 -3.472124 0.498724 0.496345 -1
0 12.390582 35.634533 -10.939551 0.910214 0.045298 -1
0 5.468952 38.205963 -7.711943 0.910214 0.496345 -1
0 -1.452688 37.063107 -4.484325 0.910214 0.947393 -1
108
-0.441459 0.850373 -0.286321
-0.455539 0.877495 -0.149953
-0.161837 0.935228 -0.314891
-0.456738 0.879805 0.131658
0.168687 0.974815 0.145875
-0.002932 0.996024 -0.089036
0.441459 0.850373 -0.286321
0.460735 0.887503 -0.007823
0.456738 0.879805 0.131658
-0.161837 0.935228 0.314891
-0.455539 0.877495 0.149953
-0.441459 0.850373 0.286321
-0.002932 0.996024 0.089036
0.168687 0.974815 -0.145875
-0.456738 0.879805 -0.131658
0.441459 0.850373 0.286321
0.460735 0.887503 0.007823
0.456738 0.879805 -0.131658
-0.468690 0.850374 0.239154
-0.357632 0.877496 0.319532
-0.353622 0.935229 -0.017291
-0.114350 0.879805 0.461375
0.210675 0.974815 -0.073150
-0.078573 0.996024 -0.041979
-0.027231 0.850374 -0.525474
0.223593 0.887504 -0.402919
0.342388 0.879805 -0.329718
0.191785 0.935229 0.297600
-0.097906 0.877496 0.469484
0.027232 0.850374 0.525474
0.075641 0.996024 0.047057
-0.041988 0.974815 -0.219025
-0.342388 0.879805 0.329718
0.468690 0.850374 -0.239154
0.237142 0.887504 -0.395096
0.114350 0.879805 -0.461375
-0.072926 0.850374 0.521101
0.056615 0.877496 0.476230
-0.216993 0.935229 0.279752
0.312347 0.879805 0.358304
0.060918 0.974815 -0.214532
-0.079455 0.996024 0.040285
-0.446062 0.850374 -0.279093
-0.201804 0.887504 -0.414261
-0.073704 0.879805 -0.469585
0.353783 0.935229 0.013595
0.328422 0.877496 0.349485
0.446062 0.850374 0.279092
0.081933 0.996024 -0.034971
-0.203498 0.974815 -0.091233
0.073703 0.879805 0.469585
0.072926 0.850374 -0.521101
-0.187624 0.887504 -0.420872
-0.312348 0.879805 -0.358304
0.161837 -0.935228 0.314891
0.455539 -0.877495 0.149953
0.441459 -0.850373 0.286321
0.002932 -0.996024 0.089036
-0.168687 -0.974815 -0.145875
0.456738 -0.879805 -0.131658
-0.441459 -0.850373 0.286321
-0.460735 -0.887503 0.007823
-0.456738 -0.879805 -0.131658
0.441459 -0.850373 -0.286321
0.455539 -0.877495 -0.149953
0.161837 -0.935228 -0.314891
0.456738 -0.879805 0.131658
-0.168687 -0.974815 0.145875
0.002932 -0.996024 -0.089036
-0.441459 -0.850373 -0.286321
-0.460735 -0.887503 -0.007823
-0.456738 -0.879805 0.131658
0.353622 -0.935229 0.017291
0.357632 -0.877496 -0.319532
0.468690 -0.850374 -0.239154
0.078573 -0.996024 0.041979
-0.210675 -0.974815 0.073150
0.114350 -0.879805 -0.461375
0.027231 -0.850374 0.525474
-0.223593 -0.887504 0.402919
-0.342388 -0.879805 0.329718
-0.027232 -0.850374 -0.525474
0.097906 -0.877496 -0.469484
-0.191785 -0.935229 -0.297600
0.342388 -0.879805 -0.329718
0.041988 -0.974815 0.219025
-0.075641 -0.996024 -0.047057
-0.468690 -0.850374 0.239154
-0.237142 -0.887504 0.395096
-0.114350 -0.879805 0.461375
0.216993 -0.935229 -0.279752
-0.056615 -0.877496 -0.476230
0.072926 -0.850374 -0.521101
0.079455 -0.996024 -0.040285
-0.060918 -0.974815 0.214532
-0.312347 -0.879805 -0.358304
0.446062 -0.850374 0.279093
0.201804 -0.887504 0.414261
0.073704 -0.879805 0.469585
-0.446062 -0.850374 -0.279092
-0.328422 -0.877496 -0.349485
-0.353783 -0.935229 -0.013595
-0.073703 -0.879805 -0.469585
0.203498 -0.974815 0.091233
-0.081933 -0.996024 0.034971
-0.072926 -0.850374 0.521101
0.187624 -0.887504 0.420872
0.312348 -0.879805 0.358304
96
0 0 1 2 0 1 2 3
0 3 4 5 3 4 5 3
0 6 2 5 6 2 5 3
0 3 5 1 3 5 1 3
0 1 5 2 1 5 2 3
0 6 5 7 6 5 7 3
0 8 7 4 8 7 4 3
0 4 7 5 4 7 5 3
0 9 10 11 9 10 11 3
0 12 13 14 12 13 14 3
0 12 9 15 12 9 15 3
0 10 12 14 10 12 14 3
0 9 12 10 9 12 10 3
0 16 12 15 16 12 15 3
0 13 16 17 13 16 17 3
0 12 16 13 12 16 13 3
0 18 19 20 18 19 20 3
0 21 22 23 21 22 23 3
0 24 20 23 24 20 23 3
0 21 23 19 21 23 19 3
0 19 23 20 19 23 20 3
0 24 23 25 24 23 25 3
0 26 25 22 26 25 22 3
0 22 25 23 22 25 23 3
0 27 28 29 27 28 29 3
0 30 31 32 30 31 32 3
0 30 27 33 30 27 33 3
0 28 30 32 28 30 32 3
0 27 30 28 27 30 28 3
0 34 30 33 34 30 33 3
0 31 34 35 31 34 35 3
0 30 34 31 30 34 31 3
0 36 37 38 36 37 38 3
0 39 40 41 39 40 41 3
0 42 38 41 42 38 41 3
0 39 41 37 39 41 37 3
0 37 41 38 37 41 38 3
0 42 41 43 42 41 43 3
0 44 43 40 44 43 40 3
0 40 43 41 40 43 41 3
0 45 46 47 45 46 47 3
0 48 49 50 48 49 50 3
0 48 45 51 48 45 51 3
0 46 48 50 46 48 50 3
0 45 48 46 45 48 46 3
0 52 48 51 52 48 51 3
0 49 52 53 49 52 53 3
0 48 52 49 48 52 49 3
0 54 55 56 54 55 56 3
0 57 58 59 57 58 59 3
0 57 54 60 57 54 60 3
0 55 57 59 55 57 59 3
0 54 57 55 54 57 55 3
0 61 57 60 61 57 60 3
0 58 61 62 58 61 62 3
0 57 61 58 57 61 58 3
0 63 64 65 63 64 65 3
0 66 67 68 66 67 68 3
0 69 65 68 69 65 68 3
0 66 68 64 66 68 64 3
0 64 68 65 64 68 65 3
0 69 68 70 69 68 70 3
0 71 70 67 71 70 67 3
0 67 70 68 67 70 68 3
0 72 73 74 72 73 74 3
0 75 76 77 75 76 77 3
0 75 72 78 75 72 78 3
0 73 75 77 73 75 77 3
0 72 75 73 72 75 73 3
0 79 75 78 79 75 78 3
0 76 79 80 76 79 80 3
0 75 79 76 75 79 76 3
0 81 82 83 81 82 83 3
0 84 85 86 84 85 86 3
0 87 83 86 87 83 86 3
0 84 86 82 84 86 82 3
0 82 86 83 82 86 83 3
0 87 86 88 87 86 88 3
0 89 88 85 89 88 85 3
0 85 88 86 85 88 86 3
0 90 91 92 90 91 92 3
0 93 94 95 93 94 95 3
0 93 90 96 93 90 96 3
0 91 93 95 91 93 95 3
0 90 93 91 90 93 91 3
0 97 93 96 97 93 96 3
0 94 97 98 94 97 98 3
0 93 97 94 93 97 94 3
0 99 100 101 99 100 101 3
0 102 103 104 102 103 104 3
0 105 101 104 105 101 104 3
0 102 104 100 102 104 100 3
0 100 104 101 100 104 101 3
0 105 104 106 105 104 106 3
0 107 106 103 107 106 103 3
0 103 106 104 103 106 104 3
"Duplicate09" 0 0
108
0 -12.174771 30.092659 -11.179189 0.087234 0.045298 -1
0 -8.241341 32.664085 -4.632864 0.087234 0.496345 -1
0 -8.164851 32.521225 -13.588593 0.498724 0.045298 -1
0 -4.307908 31.521229 1.913469 0.087234 0.947393 -1
0 -0.297987 37.449791 -0.495933 0.498724 0.947393 -1
0 -4.231420 37.021225 -7.042265 0.498724 0.496345 -1
0 -4.154931 30.092659 -15.997993 0.910214 0.045298 -1
0 -0.221501 32.664085 -9.451668 0.910214 0.496345 -1
0 3.711933 31.521229 -2.905335 0.910214 0.947393 -1
0 8.164851 32.521225 13.588593 0.498724 0.045298 -1
0 0.221500 32.664085 9.451667 0.087234 0.496345 -1
0 4.154930 30.092659 15.997993 0.087234 0.045298 -1
0 4.231418 37.021225 7.042264 0.498724 0.496345 -1
0 0.297987 37.449791 0.495934 0.498724 0.947393 -1
0 -3.711932 31.521229 2.905336 0.087234 0.947393 -1
0 12.174771 30.092659 11.179190 0.910214 0.045298 -1
0 8.241341 32.664085 4.632865 0.910214 0.496345 -1
0 4.307908 31.521229 -1.913469 0.910214 0.947393 -1
0 -15.768872 30.092659 4.954072 0.087234 0.045298 -1
0 -8.132857 32.664085 4.820785 0.087234 0.496345 -1
0 -15.850505 32.521225 0.276669 0.498724 0.045298 -1
0 -0.496842 31.521229 4.687497 0.087234 0.947393 -1
0 -0.578485 37.449791 0.010098 0.498724 0.947393 -1
0 -8.214497 37.021225 0.143384 0.498724 0.496345 -1
0 -15.932162 30.092659 -4.400730 0.910214 0.045298 -1
0 -8.296145 32.664085 -4.534016 0.910214 0.496345 -1
0 -0.660128 31.521229 -4.667301 0.910214 0.947393 -1
0 15.850507 32.521225 -0.276670 0.498724 0.045298 -1
0 8.296146 32.664085 4.534018 0.087234 0.496345 -1
0 15.932164 30.092659 4.400728 0.087234 0.045298 -1
0 8.214499 37.021225 -0.143384 0.498724 0.496345 -1
0 0.578485 37.449791 -0.010097 0.498724 0.947393 -1
0 0.660129 31.521229 4.667302 0.087234 0.947393 -1
0 15.768874 30.092659 -4.954072 0.910214 0.045298 -1
0 8.132860 32.664085 -4.820782 0.910214 0.496345 -1
0 0.496841 31.521229 -4.687494 0.910214 0.947393 -1
0 -4.986522 30.092659 15.758663 0.087234 0.045298 -1
0 -0.715861 32.664085 9.427148 0.087234 0.496345 -1
0 -8.864852 32.521225 13.142685 0.498724 0.045298 -1
0 3.554802 31.521229 3.095632 0.087234 0.947393 -1
0 -0.323534 37.449791 0.479661 0.498724 0.947393 -1
0 -4.594194 37.021225 6.811170 0.498724 0.496345 -1
0 -12.743191 30.092659 10.526715 0.910214 0.045298 -1
0 -8.472528 32.664085 4.195208 0.910214 0.496345 -1
0 -4.201869 31.521229 -2.136311 0.910214 0.947393 -1
0 8.864851 32.521225 -13.142692 0.498724 0.045298 -1
0 8.472531 32.664085 -4.195203 0.087234 0.496345 -1
0 12.743192 30.092659 -10.526718 0.087234 0.045298 -1
0 4.594197 37.021225 -6.811170 0.498724 0.496345 -1
0 0.323536 37.449791 -0.479659 0.498724 0.947393 -1
0 4.201870 31.521229 2.136313 0.087234 0.947393 -1
0 4.986522 30.092659 -15.758663 0.910214 0.045298 -1
0 0.715865 32.664085 -9.427152 0.910214 0.496345 -1
0 -3.554798 31.521229 -3.095630 0.910214 0.947393 -1
0 -8.164851 32.348816 -13.588593 0.498724 0.045298 -1
0 -8.241341 32.491676 -4.632864 0.087234 0.496345 -1
0 -12.174771 29.920242 -11.179189 0.087234 0.045298 -1
0 -4.231420 36.848801 -7.042265 0.498724 0.496345 -1
0 -0.297987 37.277390 -0.495933 0.498724 0.947393 -1
0 -4.307908 31.348816 1.913469 0.087234 0.947393 -1
0 -4.154931 29.920242 -15.997993 0.910214 0.045298 -1
0 -0.221501 32.491676 -9.451668 0.910214 0.496345 -1
0 3.711933 31.348816 -2.905335 0.910214 0.947393 -1
0 4.154930 29.920242 15.997993 0.087234 0.045298 -1
0 0.221500 32.491676 9.451667 0.087234 0.496345 -1
0 8.164851 32.348816 13.588593 0.498724 0.045298 -1
0 -3.711932 31.348816 2.905336 0.087234 0.947393 -1
0 0.297987 37.277390 0.495934 0.498724 0.947393 -1
0 4.231418 36.848801 7.042264 0.498724 0.496345 -1
0 12.174771 29.920242 11.179190 0.910214 0.045298 -1
0 8.241341 32.491676 4.632865 0.910214 0.496345 -1
0 4.307908 31.348816 -1.913469 0.910214 0.947393 -1
0 -15.850505 32.348816 0.276669 0.498724 0.045298 -1
0 -8.132857 32.491676 4.820785 0.087234 0.496345 -1
0 -15.768872 29.920242 4.954072 0.087234 0.045298 -1
0 -8.214497 36.848801 0.143384 0.498724 0.496345 -1
0 -0.578485 37.277390 0.010098 0.498724 0.947393 -1
0 -0.496842 31.348816 4.687497 0.087234 0.947393 -1
0 -15.932162 29.920242 -4.400730 0.910214 0.045298 -1
0 -8.296145 32.491676 -4.534016 0.910214 0.496345 -1
0 -0.660128 31.348816 -4.667301 0.910214 0.947393 -1
0 15.932164 29.920242 4.400728 0.087234 0.045298 -1
0 8.296146 32.491676 4.534018 0.087234 0.496345 -1
0 15.850507 32.348816 -0.276670 0.498724 0.045298 -1
0 0.660129 31.348816 4.667302 0.087234 0.947393 -1
0 0.578485 37.277390 -0.010097 0.498724 0.947393 -1
0 8.214499 36.848801 -0.143384 0.498724 0.496345 -1
0 15.768874 29.920242 -4.954072 0.910214 0.045298 -1
0 8.132860 32.491676 -4.820782 0.910214 0.496345 -1
0 0.496841 31.348816 -4.687494 0.910214 0.947393 -1
0 -8.864852 32.348816 13.142685 0.498724 0.045298 -1
0 -0.715861 32.491676 9.427148 0.087234 0.496345 -1
0 -4.986522 29.920242 15.758663 0.087234 0.045298 -1
0 -4.594194 36.848801 6.811170 0.498724 0.496345 -1
0 -0.323534 37.277390 0.479661 0.498724 0.947393 -1
0 3.554802 31.348816 3.095632 0.087234 0.947393 -1
0 -12.743191 29.920242 10.526715 0.910214 0.045298 -1
0 -8.472528 32.491676 4.195208 0.910214 0.496345 -1
0 -4.201869 31.348816 -2.136311 0.910214 0.947393 -1
0 12.743192 29.920242 -10.526718 0.087234 0.045298 -1
0 8.472531 32.491676 -4.195203 0.087234 0.496345 -1
0 8.864851 32.348816 -13.142692 0.498724 0.045298 -1
0 4.201870 31.348816 2.136313 0.087234 0.947393 -1
0 0.323536 37.277390 -0.479659 0.498724 0.947393 -1
0 4.594197 36.848801 -6.811170 0.498724 0.496345 -1
0 4.986522 29.920242 -15.758663 0.910214 0.045298 -1
0 0.715865 32.491676 -9.427152 0.910214 0.496345 -1
0 -3.554798 31.348816 -3.095630 0.910214 0.947393 -1
108
-0.525869 0.850374 -0.018056
-0.616662 0.774645 0.140191
-0.434137 0.867859 -0.241548
-0.610888 0.676966 0.410528
0.283445 0.945370 -0.161041
-0.190732 0.967077 -0.168474
0.281936 0.760011 -0.585572
0.581692 0.694470 -0.423494
0.717571 0.616809 -0.323478
0.009459 0.867859 0.496721
-0.413287 0.774645 0.478664
-0.230938 0.850374 0.472792
0.059210 0.967077 0.247500
0.275260 0.945370 -0.174663
-0.649270 0.676966 0.346650
0.649390 0.760012 0.025975
0.647010 0.694470 -0.314785
0.622493 0.616809 -0.481714
-0.278572 0.850374 0.446387
-0.186922 0.774646 0.604140
-0.426255 0.867859 0.255200
0.050084 0.676966 0.734308
0.002257 0.945370 -0.325991
-0.241269 0.967077 0.080942
-0.366152 0.760012 -0.536949
-0.075910 0.694470 -0.715506
0.078646 0.616810 -0.783174
0.434902 0.867859 0.240168
0.207892 0.774646 0.597248
0.293981 0.850374 0.436393
0.243946 0.967077 0.072473
-0.013632 0.945370 -0.325714
-0.024427 0.676966 0.735609
0.347190 0.760012 -0.549400
0.050893 0.694470 -0.717720
-0.105930 0.616809 -0.779952
0.205877 0.850375 0.484229
0.387668 0.774646 0.499637
-0.035443 0.867860 0.495544
0.630237 0.676967 0.380155
-0.265742 0.945370 -0.188829
-0.072082 0.967077 0.244062
-0.649859 0.760012 -0.008047
-0.629648 0.694470 -0.348216
-0.596429 0.616810 -0.513632
0.446183 0.867860 -0.218496
0.608479 0.774646 0.172272
0.526092 0.850375 0.009490
0.199288 0.967077 -0.158260
-0.274628 0.945370 -0.175654
0.588564 0.676967 0.441937
-0.250903 0.760013 -0.599524
-0.558730 0.694471 -0.453356
-0.699658 0.616810 -0.360589
0.434137 -0.867859 0.241548
0.616661 -0.774646 -0.140191
0.525870 -0.850373 0.018056
0.190732 -0.967077 0.168474
-0.283444 -0.945370 0.161043
0.610888 -0.676966 -0.410528
-0.281936 -0.760012 0.585572
-0.581691 -0.694470 0.423494
-0.717572 -0.616808 0.323478
0.230939 -0.850373 -0.472793
0.413287 -0.774645 -0.478664
-0.009459 -0.867859 -0.496720
0.649269 -0.676966 -0.346651
-0.275261 -0.945370 0.174661
-0.059210 -0.967077 -0.247501
-0.649390 -0.760012 -0.025975
-0.647010 -0.694470 0.314784
-0.622494 -0.616809 0.481714
0.426255 -0.867860 -0.255199
0.186921 -0.774646 -0.604139
0.278572 -0.850374 -0.446388
0.241269 -0.967077 -0.080942
-0.002255 -0.945370 0.325990
-0.050084 -0.676967 -0.734308
0.366152 -0.760013 0.536948
0.075911 -0.694471 0.715506
-0.078646 -0.616809 0.783174
-0.293981 -0.850374 -0.436394
-0.207891 -0.774646 -0.597248
-0.434902 -0.867859 -0.240168
0.024426 -0.676967 -0.735608
0.013630 -0.945370 0.325713
-0.243947 -0.967077 -0.072473
-0.347190 -0.760013 0.549400
-0.050894 -0.694470 0.717719
0.105930 -0.616809 0.779952
0.035443 -0.867860 -0.495543
-0.387668 -0.774646 -0.499636
-0.205877 -0.850374 -0.484230
0.072082 -0.967077 -0.244062
0.265742 -0.945370 0.188827
-0.630236 -0.676967 -0.380155
0.649858 -0.760013 0.008048
0.629648 -0.694471 0.348214
0.596429 -0.616809 0.513632
-0.526093 -0.850374 -0.009490
-0.608478 -0.774646 -0.172272
-0.446183 -0.867860 0.218496
-0.588564 -0.676967 -0.441936
0.274626 -0.945371 0.175656
-0.199288 -0.967077 0.158261
0.250903 -0.760013 0.599523
0.558729 -0.694471 0.453356
0.699658 -0.616809 0.360589
96
0 0 1 2 0 1 2 3
0 3 4 5 3 4 5 3
0 6 2 5 6 2 5 3
0 3 5 1 3 5 1 3
0 1 5 2 1 5 2 3
0 6 5 7 6 5 7 3
0 8 7 4 8 7 4 3
0 4 7 5 4 7 5 3
0 9 10 11 9 10 11 3
0 12 13 14 12 13 14 3
0 12 9 15 12 9 15 3
0 10 12 14 10 12 14 3
0 9 12 10 9 12 10 3
0 16 12 15 16 12 15 3
0 13 16 17 13 16 17 3
0 12 16 13 12 16 13 3
0 18 19 20 18 19 20 3
0 21 22 23 21 22 23 3
0 24 20 23 24 20 23 3
0 21 23 19 21 23 19 3
0 19 23 20 19 23 20 3
0 24 23 25 24 23 25 3
0 26 25 22 26 25 22 3
0 22 25 23 22 25 23 3
0 27 28 29 27 28 29 3
0 30 31 32 30 31 32 3
0 30 27 33 30 27 33 3
0 28 30 32 28 30 32 3
0 27 30 28 27 30 28 3
0 34 30 33 34 30 33 3
0 31 34 35 31 34 35 3
0 30 34 31 30 34 31 3
0 36 37 38 36 37 38 3
0 39 40 41 39 40 41 3
0 42 38 41 42 38 41 3
0 39 41 37 39 41 37 3
0 37 41 38 37 41 38 3
0 42 41 43 42 41 43 3
0 44 43 40 44 43 40 3
0 40 43 41 40 43 41 3
0 45 46 47 45 46 47 3
0 48 49 50 48 49 50 3
0 48 45 51 48 45 51 3
0 46 48 50 46 48 50 3
0 45 48 46 45 48 46 3
0 52 48 51 52 48 51 3
0 49 52 53 49 52 53 3
0 48 52 49 48 52 49 3
0 54 55 56 54 55 56 3
0 57 58 59 57 58 59 3
0 57 54 60 57 54 60 3
0 55 57 59 55 57 59 3
0 54 57 55 54 57 55 3
0 61 57 60 61 57 60 3
0 58 61 62 58 61 62 3
0 57 61 58 57 61 58 3
0 63 64 65 63 64 65 3
0 66 67 68 66 67 68 3
0 69 65 68 69 65 68 3
0 66 68 64 66 68 64 3
0 64 68 65 64 68 65 3
0 69 68 70 69 68 70 3
0 71 70 67 71 70 67 3
0 67 70 68 67 70 68 3
0 72 73 74 72 73 74 3
0 75 76 77 75 76 77 3
0 75 72 78 75 72 78 3
0 73 75 77 73 75 77 3
0 72 75 73 72 75 73 3
0 79 75 78 79 75 78 3
0 76 79 80 76 79 80 3
0 75 79 76 75 79 76 3
0 81 82 83 81 82 83 3
0 84 85 86 84 85 86 3
0 87 83 86 87 83 86 3
0 84 86 82 84 86 82 3
0 82 86 83 82 86 83 3
0 87 86 88 87 86 88 3
0 89 88 85 89 88 85 3
0 85 88 86 85 88 86 3
0 90 91 92 90 91 92 3
0 93 94 95 93 94 95 3
0 93 90 96 93 90 96 3
0 91 93 95 91 93 95 3
0 90 93 91 90 93 91 3
0 97 93 96 97 93 96 3
0 94 97 98 94 97 98 3
0 93 97 94 93 97 94 3
0 99 100 101 99 100 101 3
0 102 103 104 102 103 104 3
0 105 101 104 105 101 104 3
0 102 104 100 102 104 100 3
0 100 104 101 100 104 101 3
0 105 104 106 105 104 106 3
0 107 106 103 107 106 103 3
0 103 106 104 103 106 104 3
"Duplicate11" 1 0
108
1 -12.368031 33.164085 -10.965013 0.087234 0.045298 -1
1 -8.320945 35.735512 -4.488329 0.087234 0.496345 -1
1 -8.400767 35.592651 -13.444039 0.498724 0.045298 -1
1 -4.273861 34.592655 1.988362 0.087234 0.947393 -1
1 -0.306597 40.521217 -0.490658 0.498724 0.947393 -1
1 -4.353683 40.092651 -6.967348 0.498724 0.496345 -1
1 -4.433506 33.164085 -15.923059 0.910214 0.045298 -1
1 -0.386422 35.735512 -9.446370 0.910214 0.496345 -1
1 3.660665 34.592655 -2.969678 0.910214 0.947393 -1
1 8.400767 35.592651 13.444039 0.498724 0.045298 -1
1 0.386422 35.735512 9.446369 0.087234 0.496345 -1
1 4.433505 33.164085 15.923059 0.087234 0.045298 -1
1 4.353681 40.092651 6.967349 0.498724 0.496345 -1
1 0.306597 40.521217 0.490658 0.498724 0.947393 -1
1 -3.660664 34.592655 2.969679 0.087234 0.947393 -1
1 12.368029 33.164085 10.965013 0.910214 0.045298 -1
1 8.320944 35.735512 4.488330 0.910214 0.496345 -1
1 4.273862 34.592655 -1.988362 0.910214 0.947393 -1
1 -15.680024 33.164085 5.228527 0.087234 0.045298 -1
1 -8.047490 35.735512 4.961991 0.087234 0.496345 -1
1 -15.843273 35.592651 0.553257 0.498724 0.045298 -1
1 -0.414958 34.592655 4.695458 0.087234 0.947393 -1
1 -0.578221 40.521217 0.020192 0.498724 0.947393 -1
1 -8.210748 40.092651 0.286724 0.498724 0.496345 -1
1 -16.006550 33.164085 -4.122009 0.910214 0.045298 -1
1 -8.374015 35.735512 -4.388541 0.910214 0.496345 -1
1 -0.741483 34.592655 -4.655073 0.910214 0.947393 -1
1 15.843273 35.592651 -0.553258 0.498724 0.045298 -1
1 8.374017 35.735512 4.388543 0.087234 0.496345 -1
1 16.006546 33.164085 4.122004 0.087234 0.045298 -1
1 8.210750 40.092651 -0.286725 0.498724 0.496345 -1
1 0.578221 40.521217 -0.020192 0.498724 0.947393 -1
1 0.741486 34.592655 4.655072 0.087234 0.947393 -1
1 15.680026 33.164085 -5.228528 0.910214 0.045298 -1
1 8.047493 35.735512 -4.961990 0.910214 0.496345 -1
1 0.414958 34.592655 -4.695455 0.910214 0.947393 -1
1 -4.710739 33.164085 15.843299 0.087234 0.045298 -1
1 -0.551226 35.735512 9.438209 0.087234 0.496345 -1
1 -8.634135 35.592651 13.295406 0.498724 0.045298 -1
1 3.608289 34.592655 3.033123 0.087234 0.947393 -1
1 -0.315113 40.521217 0.485234 0.498724 0.947393 -1
1 -4.474628 40.092651 6.890319 0.498724 0.496345 -1
1 -12.557543 33.164085 10.747517 0.910214 0.045298 -1
1 -8.398031 35.735512 4.342440 0.910214 0.496345 -1
1 -4.238518 34.592655 -2.062654 0.910214 0.947393 -1
1 8.634133 35.592651 -13.295411 0.498724 0.045298 -1
1 8.398033 35.735512 -4.342432 0.087234 0.496345 -1
1 12.557543 33.164085 -10.747519 0.087234 0.045298 -1
1 4.474631 40.092651 -6.890318 0.498724 0.496345 -1
1 0.315115 40.521217 -0.485232 0.498724 0.947393 -1
1 4.238519 34.592655 2.062657 0.087234 0.947393 -1
1 4.710739 33.164085 -15.843299 0.910214 0.045298 -1
1 0.551228 35.735512 -9.438212 0.910214 0.496345 -1
1 -3.608284 34.592655 -3.033121 0.910214 0.947393 -1
1 -8.400767 35.420242 -13.444039 0.498724 0.045298 -1
1 -8.320945 35.563103 -4.488329 0.087234 0.496345 -1
1 -12.368031 32.991669 -10.965013 0.087234 0.045298 -1
1 -4.353683 39.920227 -6.967348 0.498724 0.496345 -1
1 -0.306597 40.348816 -0.490658 0.498724 0.947393 -1
1 -4.273861 34.420242 1.988362 0.087234 0.947393 -1
1 -4.433506 32.991669 -15.923059 0.910214 0.045298 -1
1 -0.386422 35.563103 -9.446370 0.910214 0.496345 -1
1 3.660665 34.420242 -2.969678 0.910214 0.947393 -1
1 4.433505 32.991669 15.923059 0.087234 0.045298 -1
1 0.386422 35.563103 9.446369 0.087234 0.496345 -1
1 8.400767 35.420242 13.444039 0.498724 0.045298 -1
1 -3.660664 34.420242 2.969679 0.087234 0.947393 -1
1 0.306597 40.348816 0.490658 0.498724 0.947393 -1
1 4.353681 39.920227 6.967349 0.498724 0.496345 -1
1 12.368029 32.991669 10.965013 0.910214 0.045298 -1
1 8.320944 35.563103 4.488330 0.910214 0.496345 -1
1 4.273862 34.420242 -1.988362 0.910214 0.947393 -1
1 -15.843273 35.420242 0.553257 0.498724 0.045298 -1
1 -8.047490 35.563103 4.961991 0.087234 0.496345 -1
1 -15.680024 32.991669 5.228527 0.087234 0.045298 -1
1 -8.210748 39.920227 0.286724 0.498724 0.496345 -1
1 -0.578221 40.348816 0.020192 0.498724 0.947393 -1
1 -0.414958 34.420242 4.695458 0.087234 0.947393 -1
1 -16.006550 32.991669 -4.122009 0.910214 0.045298 -1
1 -8.374015 35.563103 -4.388541 0.910214 0.496345 -1
1 -0.741483 34.420242 -4.655073 0.910214 0.947393 -1
1 16.006546 32.991669 4.122004 0.087234 0.045298 -1
1 8.374017 35.563103 4.388543 0.087234 0.496345 -1
1 15.843273 35.420242 -0.553258 0.498724 0.045298 -1
1 0.741486 34.420242 4.655072 0.087234 0.947393 -1
1 0.578221 40.348816 -0.020192 0.498724 0.947393 -1
1 8.210750 39.920227 -0.286725 0.498724 0.496345 -1
1 15.680026 32.991669 -5.228528 0.910214 0.045298 -1
1 8.047493 35.563103 -4.961990 0.910214 0.496345 -1
1 0.414958 34.420242 -4.695455 0.910214 0.947393 -1
1 -8.634135 35.420242 13.295406 0.498724 0.045298 -1
1 -0.551226 35.563103 9.438209 0.087234 0.496345 -1
1 -4.710739 32.991669 15.843299 0.087234 0.045298 -1
1 -4.474628 39.920227 6.890319 0.498724 0.496345 -1
1 -0.315113 40.348816 0.485234 0.498724 0.947393 -1
1 3.608289 34.420242 3.033123 0.087234 0.947393 -1
1 -12.557543 32.991669 10.747517 0.910214 0.045298 -1
1 -8.398031 35.563103 4.342440 0.910214 0.496345 -1
1 -4.238518 34.420242 -2.062654 0.910214 0.947393 -1
1 12.557543 32.991669 -10.747519 0.087234 0.045298 -1
1 8.398033 35.563103 -4.342432 0.087234 0.496345 -1
1 8.634133 35.420242 -13.295411 0.498724 0.045298 -1
1 4.238519 34.420242 2.062657 0.087234 0.947393 -1
1 0.315115 40.348816 -0.485232 0.498724 0.947393 -1
1 4.474631 39.920227 -6.890318 0.498724 0.496345 -1
1 4.710739 32.991669 -15.843299 0.910214 0.045298 -1
1 0.551228 35.563103 -9.438212 0.910214 0.496345 -1
1 -3.608284 34.420242 -3.033121 0.910214 0.947393 -1
108
-0.526104 0.850374 -0.008876
-0.614121 0.774645 0.150932
-0.438287 0.867859 -0.233935
-0.603630 0.676966 0.421127
0.280591 0.945370 -0.165963
-0.193643 0.967077 -0.165119
0.271673 0.760012 -0.590403
0.574212 0.694470 -0.433581
0.711816 0.616809 -0.335952
0.018127 0.867859 0.496480
-0.404870 0.774645 0.485804
-0.222651 0.850374 0.476750
0.063520 0.967077 0.246429
0.272170 0.945370 -0.179440
-0.643121 0.676966 0.357929
0.649744 0.760012 0.014637
0.641418 0.694470 -0.326029
0.613991 0.616810 -0.492504
-0.270738 0.850375 0.451180
-0.176349 0.774646 0.607309
-0.421736 0.867859 0.262600
0.062892 0.676967 0.733322
-0.003433 0.945370 -0.325980
-0.239819 0.967077 0.085141
-0.375467 0.760013 -0.530476
-0.088386 0.694470 -0.714072
0.064965 0.616810 -0.784427
0.439027 0.867859 0.232542
0.218283 0.774646 0.593529
0.301552 0.850374 0.431196
0.245174 0.967077 0.068204
-0.019315 0.945370 -0.325426
-0.011585 0.676966 0.735923
0.337549 0.760013 -0.555375
0.038359 0.694470 -0.718498
-0.119526 0.616810 -0.777984
0.214296 0.850375 0.480562
0.396329 0.774646 0.492795
-0.026789 0.867860 0.496087
0.636775 0.676967 0.369098
-0.268996 0.945370 -0.184162
-0.067811 0.967077 0.245283
-0.649900 0.760013 0.003296
-0.635629 0.694471 -0.337173
-0.605302 0.616811 -0.503144
0.442302 0.867860 -0.226250
0.611392 0.774646 0.161626
0.526177 0.850375 0.000307
0.196495 0.967077 -0.161714
-0.277651 0.945370 -0.170835
0.596187 0.676967 0.431598
-0.261327 0.760013 -0.595053
-0.566557 0.694471 -0.443536
-0.705844 0.616810 -0.348323
0.438286 -0.867860 0.233934
0.614120 -0.774646 -0.150932
0.526105 -0.850373 0.008876
0.193643 -0.967077 0.165120
-0.280590 -0.945370 0.165965
0.603630 -0.676966 -0.421127
-0.271673 -0.760012 0.590403
-0.574211 -0.694470 0.433581
-0.711817 -0.616809 0.335952
0.222652 -0.850373 -0.476751
0.404870 -0.774646 -0.485803
-0.018127 -0.867859 -0.496479
0.643120 -0.676966 -0.357929
-0.272170 -0.945370 0.179438
-0.063521 -0.967077 -0.246429
-0.649744 -0.760012 -0.014637
-0.641418 -0.694470 0.326028
-0.613992 -0.616809 0.492505
0.421736 -0.867860 -0.262599
0.176349 -0.774646 -0.607309
0.270739 -0.850374 -0.451181
0.239819 -0.967077 -0.085141
0.003435 -0.945371 0.325980
-0.062891 -0.676967 -0.733322
0.375467 -0.760013 0.530476
0.088387 -0.694471 0.714072
-0.064966 -0.616809 0.784427
-0.301553 -0.850373 -0.431197
-0.218283 -0.774646 -0.593528
-0.439027 -0.867859 -0.232541
0.011585 -0.676967 -0.735922
0.019313 -0.945370 0.325425
-0.245174 -0.967077 -0.068204
-0.337548 -0.760013 0.555375
-0.038360 -0.694471 0.718498
0.119526 -0.616809 0.777985
0.026789 -0.867860 -0.496086
-0.396329 -0.774647 -0.492794
-0.214297 -0.850374 -0.480563
0.067812 -0.967077 -0.245283
0.268997 -0.945371 0.184160
-0.636774 -0.676967 -0.369098
0.649900 -0.760013 -0.003296
0.635629 -0.694471 0.337172
0.605302 -0.616810 0.503145
-0.526179 -0.850374 -0.000307
-0.611392 -0.774646 -0.161626
-0.442301 -0.867860 0.226250
-0.596187 -0.676967 -0.431597
0.277650 -0.945371 0.170836
-0.196495 -0.967077 0.161714
0.261327 -0.760013 0.595053
0.566556 -0.694471 0.443536
0.705845 -0.616809 0.348323
96
1 0 1 2 0 1 2 3
1 3 4 5 3 4 5 3
1 6 2 5 6 2 5 3
1 3 5 1 3 5 1 3
1 1 5 2 1 5 2 3
1 6 5 7 6 5 7 3
1 8 7 4 8 7 4 3
1 4 7 5 4 7 5 3
1 9 10 11 9 10 11 3
1 12 13 14 12 13 14 3
1 12 9 15 12 9 15 3
1 10 12 14 10 12 14 3
1 9 12 10 9 12 10 3
1 16 12 15 16 12 15 3
1 13 16 17 13 16 17 3
1 12 16 13 12 16 13 3
1 18 19 20 18 19 20 3
1 21 22 23 21 22 23 3
1 24 20 23 24 20 23 3
1 21 23 19 21 23 19 3
1 19 23 20 19 23 20 3
1 24 23 25 24 23 25 3
1 26 25 22 26 25 22 3
1 22 25 23 22 25 23 3
1 27 28 29 27 28 29 3
1 30 31 32 30 31 32 3
1 30 27 33 30 27 33 3
1 28 30 32 28 30 32 3
1 27 30 28 27 30 28 3
1 34 30 33 34 30 33 3
1 31 34 35 31 34 35 3
1 30 34 31 30 34 31 3
1 36 37 38 36 37 38 3
1 39 40 41 39 40 41 3
1 42 38 41 42 38 41 3
1 39 41 37 39 41 37 3
1 37 41 38 37 41 38 3
1 42 41 43 42 41 43 3
1 44 43 40 44 43 40 3
1 40 43 41 40 43 41 3
1 45 46 47 45 46 47 3
1 48 49 50 48 49 50 3
1 48 45 51 48 45 51 3
1 46 48 50 46 48 50 3
1 45 48 46 45 48 46 3
1 52 48 51 52 48 51 3
1 49 52 53 49 52 53 3
1 48 52 49 48 52 49 3
1 54 55 56 54 55 56 3
1 57 58 59 57 58 59 3
1 57 54 60 57 54 60 3
1 55 57 59 55 57 59 3
1 54 57 55 54 57 55 3
1 61 57 60 61 57 60 3
1 58 61 62 58 61 62 3
1 57 61 58 57 61 58 3
1 63 64 65 63 64 65 3
1 66 67 68 66 67 68 3
1 69 65 68 69 65 68 3
1 66 68 64 66 68 64 3
1 64 68 65 64 68 65 3
1 69 68 70 69 68 70 3
1 71 70 67 71 70 67 3
1 67 70 68 67 70 68 3
1 72 73 74 72 73 74 3
1 75 76 77 75 76 77 3
1 75 72 78 75 72 78 3
1 73 75 77 73 75 77 3
1 72 75 73 72 75 73 3
1 79 75 78 79 75 78 3
1 76 79 80 76 79 80 3
1 75 79 76 75 79 76 3
1 81 82 83 81 82 83 3
1 84 85 86 84 85 86 3
1 87 83 86 87 83 86 3
1 84 86 82 84 86 82 3
1 82 86 83 82 86 83 3
1 87 86 88 87 86 88 3
1 89 88 85 89 88 85 3
1 85 88 86 85 88 86 3
1 90 91 92 90 91 92 3
1 93 94 95 93 94 95 3
1 93 90 96 93 90 96 3
1 91 93 95 91 93 95 3
1 90 93 91 90 93 91 3
1 97 93 96 97 93 96 3
1 94 97 98 94 97 98 3
1 93 97 94 93 97 94 3
1 99 100 101 99 100 101 3
1 102 103 104 102 103 104 3
1 105 101 104 105 101 104 3
1 102 104 100 102 104 100 3
1 100 104 101 100 104 101 3
1 105 104 106 105 104 106 3
1 107 106 103 107 106 103 3
1 103 106 104 103 106 104 3

Materials: 2
"Material01"
0.200000 0.200000 0.200000 1.000000
0.800000 0.800000 0.800000 1.000000
0.000000 0.000000 0.000000 1.000000
0.000000 0.000000 0.000000 1.000000
0.000000
1.000000
"palmbranch.jpg"
"palmbrancha.jpg"
"Material02"
0.200000 0.200000 0.200000 1.000000
0.800000 0.800000 0.800000 1.000000
0.000000 0.000000 0.000000 1.000000
0.000000 0.000000 0.000000 1.000000
0.000000
1.000000
"bark.jpg"
""

Bones: 0
GroupComments: 0
MaterialComments: 0
BoneComments: 0
ModelComment: 0
