// MilkShape 3D ASCII

Frames: 30
Frame: 1

Meshes: 2
"mountains1" 0 0
21
0 -35.746487 -2.416608 39.962181 0.257897 0.904082 -1
0 -8.162366 2.473305 52.762939 0.379400 0.425113 -1
0 -7.521236 -2.416608 50.768074 0.382224 0.904082 -1
0 -51.662029 -2.416608 17.281689 0.552445 0.912234 -1
0 -56.147053 7.750923 19.739681 0.561898 0.464084 -1
0 -35.746487 -2.416608 39.962181 0.639676 0.912234 -1
0 -51.003525 -2.416608 -11.196102 0.442916 0.912234 -1
0 -51.897064 1.711005 -16.154495 0.423846 0.730303 -1
0 -37.659710 2.255505 -32.990398 0.563348 0.707305 -1
0 -51.897064 1.711005 -16.154495 0.494066 0.731989 -1
0 -51.003525 -2.416608 -11.196102 0.498413 0.919108 -1
0 -33.947071 -2.416608 -37.840698 0.581415 0.919108 -1
0 -5.063213 -2.416608 -55.512619 0.721970 0.919108 -1
0 67.507401 -2.416608 -4.609871 0.464367 0.970176 -1
0 73.450592 3.707504 -15.015854 0.525315 0.573195 -1
0 71.063141 -2.416608 -44.979465 0.700813 0.970176 -1
0 71.431229 0.985005 -3.272322 0.456533 0.749675 -1
0 58.639446 5.008255 22.439194 0.305940 0.488876 -1
0 54.334797 -2.416608 29.132019 0.266740 0.970176 -1
0 25.450806 -2.416608 46.803970 0.163235 0.970176 -1
0 25.450806 -2.416608 46.803970 0.527459 0.904082 -1
16
0.550378 0.436070 -0.711988
0.111550 0.387878 -0.914936
0.859781 0.441357 -0.256866
0.906975 0.394025 -0.148800
0.869138 0.397313 0.294519
0.800843 0.523267 0.291276
0.711649 0.144363 0.687543
0.697403 -0.168878 0.696498
0.472177 -0.425973 0.771749
-0.759867 0.619396 -0.197359
-0.721758 0.692128 -0.004889
-0.771181 0.632981 -0.067925
-0.613017 0.772422 -0.166055
-0.765907 0.217852 -0.604920
-0.769424 -0.119513 -0.627458
-0.325120 -0.033273 -0.945087
13
0 0 1 2 0 1 1 1
0 3 4 5 2 3 0 1
0 6 4 3 4 3 2 1
0 6 7 4 4 5 3 1
0 8 9 10 6 5 4 1
0 11 8 10 7 6 4 1
0 12 8 11 8 6 7 1
0 13 14 15 9 10 11 1
0 13 16 14 9 12 10 1
0 17 16 13 13 12 9 1
0 18 17 13 14 13 9 1
0 19 17 18 15 13 14 1
0 2 1 20 1 1 15 1
"mountains2" 0 1
19
0 52.242115 -2.000000 18.818104 1.025181 0.517427 -1
0 60.992115 2.041250 -1.750004 0.679886 0.226245 -1
0 59.131126 -2.000000 -1.750000 0.679886 0.517427 -1
0 33.420998 -2.000000 33.875000 0.855242 0.506989 -1
0 36.085869 6.402918 36.272583 0.894348 0.264834 -1
0 52.242115 -2.000000 18.818104 1.131433 0.506989 -1
0 7.710865 -2.000000 39.386208 0.477957 0.506989 -1
0 3.335865 1.411250 41.000000 0.413756 0.408684 -1
0 -13.257885 1.861250 35.272583 0.170249 0.395716 -1
0 -17.999264 -2.000000 33.875000 0.100671 0.506989 -1
0 -36.820385 -2.000000 18.818104 -0.175521 0.506989 -1
0 1.710866 -2.000000 -38.886204 0.389910 0.506989 -1
0 -8.257877 3.061250 -40.572586 0.243622 0.361134 -1
0 -34.999268 -2.000000 -32.774998 -0.148797 0.506989 -1
0 2.335865 0.811250 -42.000000 0.399081 0.425975 -1
0 26.960865 4.136250 -38.772587 0.760443 0.330155 -1
0 26.020996 -2.000000 -37.375000 0.746650 0.506989 -1
0 52.242115 -2.000000 -22.318104 1.131433 0.506989 -1
0 52.242115 -2.000000 -22.318104 0.334592 0.517427 -1
16
-0.748057 0.408066 -0.523347
-0.908319 0.418279 -0.000000
-0.396377 0.365951 -0.842000
-0.323804 0.323072 -0.889255
0.025566 0.347440 -0.937354
0.045836 0.474620 -0.878996
0.394779 0.124389 -0.910317
0.410927 -0.181197 -0.893480
0.562197 -0.435984 -0.702746
0.034426 0.580502 0.813530
0.189628 0.625631 0.756721
0.137550 0.546229 0.826265
0.027907 0.739164 0.672947
-0.255613 0.437808 0.861966
-0.277197 0.253535 0.926759
-0.717850 0.353388 0.599840
13
0 0 1 2 0 1 1 1
0 3 4 5 2 3 0 1
0 6 4 3 4 3 2 1
0 6 7 4 4 5 3 1
0 8 7 6 6 5 4 1
0 9 8 6 7 6 4 1
0 10 8 9 8 6 7 1
0 11 12 13 9 10 11 1
0 11 14 12 9 12 10 1
0 15 14 11 13 12 9 1
0 16 15 11 14 13 9 1
0 17 15 16 15 13 14 1
0 2 1 18 1 1 15 1

Materials: 2
"Material03"
0.200000 0.200000 0.200000 1.000000
0.717647 0.717647 0.717647 1.000000
0.000000 0.000000 0.000000 1.000000
0.000000 0.000000 0.000000 1.000000
0.000000
1.000000
".\mountains2.jpg"
""
"Material04"
0.200000 0.200000 0.200000 1.000000
0.882353 0.882353 0.882353 1.000000
0.000000 0.000000 0.000000 1.000000
0.000000 0.000000 0.000000 1.000000
0.000000
1.000000
".\mountains.jpg"
""

Bones: 0
GroupComments: 0
MaterialComments: 0
BoneComments: 0
ModelComment: 0
