// MilkShape 3D ASCII

Frames: 30
Frame: 1

Meshes: 5
"guncockpit" 1 1
58
1 -1.197746 11.262550 9.391014 48.257900 -8.237310 -1
1 -0.818355 11.370056 9.871794 49.215698 -8.674900 -1
1 -0.818355 11.429636 9.391014 48.431900 -8.917430 -1
1 -1.238075 11.235270 9.467781 48.364601 -8.126250 -1
1 -0.503093 10.965740 11.620054 40.929401 32.311699 -1
1 -0.293824 10.992331 11.620054 41.249100 32.152298 -1
1 -0.503093 11.067535 11.237007 40.649601 31.701599 -1
1 0.818305 11.319656 10.042917 -23.889299 39.647499 -1
1 1.238084 11.185202 9.871794 -23.253300 40.133900 -1
1 0.818305 11.370056 9.871794 -23.648399 39.465199 -1
1 1.238084 11.029270 10.401346 -23.998699 40.698002 -1
1 0.953469 11.154615 10.401346 -24.266600 40.244598 -1
1 0.818305 11.211845 10.401346 -23.086901 40.822102 -1
1 0.953469 11.154615 10.401346 -22.954399 41.032398 -1
1 0.818305 11.319656 10.042917 -22.592100 40.426102 -1
1 -0.818354 11.211845 10.401346 50.078999 7.097390 -1
1 -0.818355 11.319656 10.042917 49.584202 6.701360 -1
1 -0.953518 11.154615 10.401346 49.946499 7.307630 -1
1 -0.818355 11.319656 10.042917 49.799301 5.405920 -1
1 -1.238075 11.029270 10.401346 49.908699 6.456380 -1
1 -0.953518 11.154615 10.401346 50.176601 6.002960 -1
1 -0.818355 11.370056 9.871794 49.558300 5.223610 -1
1 -1.238075 11.185202 9.871794 49.163200 5.892300 -1
1 -1.238075 11.185202 9.871794 49.023102 -7.922460 -1
1 -0.503093 11.067535 11.237007 41.174702 30.993500 -1
1 -0.033416 11.186825 11.028740 41.729401 30.293301 -1
1 -0.503093 11.123720 11.028740 41.017399 30.663700 -1
1 -0.037550 11.026766 11.620054 42.169701 31.232700 -1
1 -0.293824 10.992331 11.620054 41.781101 31.434900 -1
1 0.503103 11.290987 10.401346 0.938482 49.621700 -1
1 0.033013 11.200396 10.978014 -0.211880 50.158001 -1
1 0.503103 11.123720 11.028740 0.460320 50.611900 -1
1 0.408800 11.303654 10.401346 0.795883 49.546700 -1
1 0.033013 11.200396 10.978014 -0.710508 50.069599 -1
1 0.408800 11.303654 10.401346 0.302791 49.467499 -1
1 0.029056 11.356508 10.401346 -0.268740 49.159302 -1
1 0.033367 11.186825 11.028740 -0.250005 50.238300 -1
1 0.033367 11.186825 11.028740 -0.004107 50.191601 -1
1 0.503103 11.067535 11.237007 0.550617 50.891800 -1
1 0.503103 11.123720 11.028740 0.707889 50.562000 -1
1 0.037500 11.026766 11.620054 -0.444341 51.131001 -1
1 0.293833 10.992331 11.620054 -0.055779 51.333199 -1
1 0.503103 10.965740 11.620054 1.124980 51.600201 -1
1 0.503103 11.067535 11.237007 1.404780 50.990101 -1
1 0.293833 10.992331 11.620054 0.805268 51.440800 -1
1 -0.033063 11.200396 10.978014 42.136101 29.617599 -1
1 -0.029049 11.356508 10.401346 41.694401 28.707399 -1
1 -0.408791 11.303654 10.401346 41.122799 29.015499 -1
1 -0.408791 11.303654 10.401346 40.831501 29.445601 -1
1 -0.503093 11.123720 11.028740 41.167099 30.510900 -1
1 -0.033063 11.200396 10.978014 41.839298 30.056999 -1
1 -0.503094 11.290987 10.401346 40.688900 29.520599 -1
1 -0.033416 11.186825 11.028740 41.877399 30.137300 -1
1 1.238084 11.235270 9.467781 -35.737900 32.677700 -1
1 0.818305 11.370056 9.871794 -36.589001 32.129101 -1
1 1.238084 11.185202 9.871794 -36.396400 32.881500 -1
1 1.197696 11.262550 9.391014 -35.631199 32.566601 -1
1 0.818305 11.429636 9.391014 -35.805199 31.886499 -1
38
-0.389507 0.913191 0.119862
-0.396717 0.900828 0.176420
-0.400517 0.909331 0.112704
-0.389482 0.913200 0.119869
-0.121824 0.959256 0.254925
-0.125270 0.958364 0.256604
-0.126361 0.958070 0.257166
0.383514 0.885266 0.263098
0.394770 0.896355 0.201754
0.397757 0.903029 0.162257
0.389210 0.883636 0.260199
0.382469 0.885572 0.263591
0.375799 0.887417 0.266956
-0.375800 0.887417 0.266956
-0.382507 0.885559 0.263576
-0.382504 0.885562 0.263574
-0.389180 0.883651 0.260193
-0.395943 0.899038 0.186974
-0.128633 0.957721 0.257340
-0.128679 0.957965 0.256407
-0.128617 0.957471 0.258275
0.128727 0.958213 0.255455
0.130270 0.957767 0.256345
0.128690 0.957913 0.256596
0.130946 0.957557 0.256784
0.133162 0.956893 0.258116
0.128731 0.957709 0.257335
0.126372 0.958070 0.257163
0.128645 0.957470 0.258266
0.125256 0.958368 0.256597
0.121871 0.959249 0.254929
-0.130494 0.957689 0.256523
-0.133095 0.956903 0.258112
-0.130950 0.957557 0.256780
-0.128707 0.958216 0.255455
0.389378 0.913249 0.119839
0.386538 0.914221 0.121609
0.400722 0.909242 0.112701
30
1 0 1 2 0 1 2 1
1 1 0 3 1 0 3 1
1 4 5 6 4 5 6 1
1 7 8 9 7 8 9 1
1 8 7 10 8 7 10 1
1 10 7 11 10 7 11 1
1 12 13 14 12 11 7 1
1 15 16 17 13 14 15 1
1 18 19 20 14 16 15 1
1 21 19 18 1 16 14 1
1 19 21 22 16 1 17 1
1 1 3 23 1 3 17 1
1 24 25 26 6 18 19 1
1 25 24 27 18 6 20 1
1 27 24 28 20 6 5 1
1 29 30 31 21 22 23 1
1 30 29 32 22 21 24 1
1 33 34 35 22 24 25 1
1 31 30 36 23 22 26 1
1 37 38 39 26 27 23 1
1 38 37 40 27 26 28 1
1 38 40 41 27 28 29 1
1 42 43 44 30 27 29 1
1 45 46 47 31 32 33 1
1 48 49 50 33 19 31 1
1 49 48 51 19 33 34 1
1 50 49 52 31 19 18 1
1 53 54 55 35 9 8 1
1 56 54 53 36 9 35 1
1 54 56 57 9 36 37 1
"gunhull" 1 0
285
1 6.646320 10.597918 -7.570692 0.278975 0.217466 -1
1 7.376933 10.492727 -10.326035 0.200444 0.196381 -1
1 4.454658 11.042503 -7.570690 0.278975 0.280715 -1
1 9.794933 9.979490 -10.326035 0.200444 0.126599 -1
1 8.795407 9.979490 -7.570692 0.278975 0.155445 -1
1 4.735790 9.979490 3.620570 0.597940 0.272602 -1
1 9.794933 9.810362 -10.326035 0.200444 0.126599 -1
1 8.342266 9.619398 -11.841280 0.157258 0.168522 -1
1 5.567848 9.361832 -11.841280 0.157258 0.248590 -1
1 4.454422 9.810362 3.620570 0.597940 0.280723 -1
1 2.294412 9.314369 0.833990 0.518519 0.343059 -1
1 2.294412 9.430494 3.620570 0.597940 0.343059 -1
1 2.294412 9.504524 6.320823 0.674900 0.343059 -1
1 1.574782 9.303934 3.620570 0.597940 0.363827 -1
1 1.804068 9.435101 6.933751 0.692369 0.357210 -1
1 2.294412 9.562433 6.933751 0.692369 0.343059 -1
1 2.682836 9.663307 6.933751 0.692369 0.331849 -1
1 3.533909 9.979490 6.933751 0.692369 0.307288 -1
1 2.343245 10.654215 8.738171 0.743798 0.341650 -1
1 4.897466 9.979490 3.174869 0.585237 0.267937 -1
1 5.837409 9.979490 0.583740 0.511387 0.240810 -1
1 4.463162 10.637569 0.583740 0.511386 0.280470 -1
1 3.016403 11.115423 0.583740 0.511386 0.322223 -1
1 2.234475 11.310402 -7.570690 0.278975 0.344789 -1
1 4.932659 10.860640 -10.326035 0.200444 0.266921 -1
1 8.350412 10.436312 -11.841280 0.157258 0.168287 -1
1 11.105227 9.979490 -11.841280 0.157258 0.088785 -1
1 11.105227 9.810362 -11.841280 0.157258 0.088785 -1
1 4.652706 9.979490 -14.780649 0.073482 0.275000 -1
1 2.785815 9.207153 -11.841280 0.157258 0.328877 -1
1 2.294410 9.561872 -13.290783 0.115946 0.343059 -1
1 2.294410 9.198053 -11.841280 0.157258 0.343059 -1
1 2.294410 9.210230 -9.113819 0.234994 0.343059 -1
1 1.090047 9.175751 -11.841280 0.157258 0.377816 -1
1 1.090048 9.217770 -2.429352 0.425510 0.377816 -1
1 2.294411 9.213247 -6.435414 0.311332 0.343059 -1
1 1.380275 9.224590 3.620571 0.597940 0.369440 -1
1 2.294411 9.246428 -5.567215 0.336077 0.343059 -1
1 2.294410 9.921026 -15.168472 0.062429 0.343059 -1
1 2.294412 9.708487 8.344669 0.732583 0.343059 -1
1 2.294413 9.898865 9.762316 0.772987 0.343059 -1
1 2.294413 9.921026 9.924053 0.777597 0.343059 -1
1 1.090050 9.921026 10.415573 0.791606 0.377816 -1
1 1.090046 9.921026 -15.522619 0.052335 0.377816 -1
1 1.090050 9.616322 10.415573 0.791606 0.377816 -1
1 1.090046 9.348598 -12.529921 0.137631 0.377816 -1
1 1.090049 9.325394 6.933751 0.692369 0.377816 -1
1 1.090049 9.299068 6.024573 0.666457 0.377816 -1
1 1.090049 9.269108 5.651206 0.655816 0.377816 -1
1 1.090048 9.230169 4.317232 0.617796 0.377816 -1
1 1.090048 9.224590 3.620571 0.597940 0.377816 -1
1 0.000002 9.155567 -11.841280 0.157258 0.409274 -1
1 0.000004 9.224590 3.620571 0.597940 0.409274 -1
1 0.000004 9.251114 6.933751 0.692369 0.409274 -1
1 0.906701 9.297226 6.933751 0.692369 0.383107 -1
1 0.837202 9.723059 12.157873 0.841263 0.385113 -1
1 1.167936 9.624559 10.370934 0.790333 0.375568 -1
1 1.431235 9.698677 10.415573 0.791606 0.367970 -1
1 1.244639 9.830576 12.157873 0.841263 0.373355 -1
1 1.724295 9.774792 10.415573 0.791606 0.359512 -1
1 2.116143 9.921026 10.415573 0.791606 0.348204 -1
1 2.008142 9.880241 10.415573 0.791606 0.351320 -1
1 2.048474 9.979490 11.028740 0.809082 0.350156 -1
1 2.468133 9.979490 9.871794 0.776108 0.338046 -1
1 2.879352 9.979490 8.738171 0.743798 0.326178 -1
1 2.036605 10.606428 9.871794 0.776108 0.350499 -1
1 1.653258 11.170534 8.738171 0.743798 0.361562 -1
1 2.800283 10.656317 6.933751 0.692369 0.328460 -1
1 1.940176 11.162851 6.933751 0.692369 0.353282 -1
1 0.854679 11.494537 8.738171 0.743798 0.384609 -1
1 0.992500 11.476219 6.933751 0.692369 0.380631 -1
1 1.520515 11.405277 0.583740 0.511386 0.365393 -1
1 0.000003 11.502426 0.583741 0.511386 0.409274 -1
1 0.000002 11.399893 -7.570690 0.278975 0.409274 -1
1 2.470730 11.081913 -10.326035 0.200444 0.337970 -1
1 5.577178 10.763332 -11.841280 0.157258 0.248320 -1
1 10.144912 10.337517 -14.624559 0.077931 0.116499 -1
1 13.512123 9.979490 -14.624561 0.077931 0.019323 -1
1 13.762668 9.979490 -16.675770 0.019469 0.012093 -1
1 9.349876 9.979490 -15.959705 0.039878 0.139443 -1
1 6.768432 10.593483 -14.624559 0.077931 0.213942 -1
1 2.791661 10.959829 -11.841280 0.157258 0.328708 -1
1 3.385752 10.747152 -14.624559 0.077931 0.311564 -1
1 0.000001 9.979490 -16.148790 0.034489 0.409274 -1
1 0.000001 9.950546 -15.997467 0.038802 0.409274 -1
1 -1.090044 9.921026 -15.522619 0.052335 0.440732 -1
1 -1.090043 9.348598 -12.529921 0.137631 0.440732 -1
1 -1.090043 9.175751 -11.841280 0.157258 0.440732 -1
1 -1.090042 9.217770 -2.429352 0.425510 0.440732 -1
1 -1.090041 9.224590 3.620571 0.597940 0.440732 -1
1 -1.380326 9.224590 3.620571 0.597940 0.449109 -1
1 -2.294464 9.213247 -6.435414 0.311332 0.475491 -1
1 -2.294465 9.210230 -9.113819 0.234994 0.475491 -1
1 -2.785870 9.207153 -11.841280 0.157258 0.489673 -1
1 -2.294464 9.246428 -5.567215 0.336077 0.475491 -1
1 -5.567906 9.361832 -11.841280 0.157258 0.569960 -1
1 -2.294463 9.314369 0.833990 0.518519 0.475491 -1
1 -1.574833 9.303934 3.620571 0.597940 0.454723 -1
1 -2.294463 9.430494 3.620571 0.597940 0.475491 -1
1 -4.454476 9.810362 3.620571 0.597940 0.537827 -1
1 -4.735785 9.979490 3.620571 0.597940 0.545945 -1
1 -8.342322 9.619398 -11.841280 0.157258 0.650028 -1
1 -9.794984 9.810362 -10.326035 0.200444 0.691951 -1
1 -9.794984 9.979490 -10.326035 0.200444 0.691951 -1
1 -4.897461 9.979490 3.174870 0.585237 0.550611 -1
1 -2.343297 10.654215 8.738171 0.743798 0.476900 -1
1 -3.533960 9.979490 6.933751 0.692369 0.511262 -1
1 -2.879402 9.979490 8.738171 0.743798 0.492371 -1
1 -2.294462 9.921026 9.924053 0.777597 0.475491 -1
1 -2.468185 9.979490 9.871794 0.776108 0.480504 -1
1 -2.048465 9.979490 11.028740 0.809082 0.468392 -1
1 -2.116134 9.921026 10.415573 0.791606 0.470344 -1
1 -1.090040 9.921026 10.415573 0.791606 0.440732 -1
1 -2.294466 9.921026 -15.168472 0.062429 0.475491 -1
1 -4.652764 9.979490 -14.780649 0.073482 0.543550 -1
1 -3.385808 10.747152 -14.624559 0.077931 0.506986 -1
1 -6.768490 10.593483 -14.624559 0.077931 0.604608 -1
1 -9.349935 9.979490 -15.959705 0.039878 0.679106 -1
1 -11.105285 9.810362 -11.841280 0.157258 0.729765 -1
1 -13.762668 9.979490 -16.675764 0.019469 0.806455 -1
1 -13.512180 9.979490 -14.624557 0.077931 0.799226 -1
1 -11.105285 9.979490 -11.841280 0.157258 0.729765 -1
1 -2.294466 9.561872 -13.290783 0.115945 0.475491 -1
1 -2.294465 9.198053 -11.841280 0.157258 0.475491 -1
1 -2.294463 9.504524 6.320823 0.674900 0.475491 -1
1 -2.294463 9.562433 6.933751 0.692369 0.475491 -1
1 -2.294463 9.708487 8.344669 0.732583 0.475491 -1
1 -2.294462 9.898865 9.762316 0.772987 0.475491 -1
1 -2.682887 9.663307 6.933751 0.692369 0.486701 -1
1 -1.804119 9.435101 6.933751 0.692369 0.461340 -1
1 -1.090041 9.299068 6.024573 0.666457 0.440732 -1
1 -1.090041 9.325394 6.933751 0.692369 0.440732 -1
1 -1.090041 9.269108 5.651206 0.655816 0.440732 -1
1 -1.090041 9.230169 4.317232 0.617796 0.440732 -1
1 -0.906751 9.297226 6.933751 0.692369 0.435442 -1
1 -0.837251 9.723059 12.157873 0.841263 0.433437 -1
1 -1.090040 9.616322 10.415573 0.791606 0.440732 -1
1 -1.167985 9.624559 10.370934 0.790333 0.442981 -1
1 -1.431284 9.698677 10.415573 0.791606 0.450580 -1
1 -1.244689 9.830576 12.157873 0.841263 0.445195 -1
1 0.000005 9.979490 16.675770 0.970029 0.409274 -1
1 -1.638900 9.979490 12.157873 0.841263 0.456572 -1
1 -0.306755 9.979490 15.830189 0.945929 0.418127 -1
1 -0.046172 9.979490 16.548578 0.966404 0.410607 -1
1 0.000005 10.047421 16.548578 0.966404 0.409274 -1
1 -0.227335 10.214872 15.830189 0.945929 0.415835 -1
1 -0.291816 10.105543 15.830189 0.945929 0.417696 -1
1 -1.330015 10.356762 12.157873 0.841263 0.447657 -1
1 -1.678817 10.480244 11.028740 0.809082 0.457723 -1
1 -2.036655 10.606428 9.871794 0.776108 0.468051 -1
1 -1.653250 11.170534 8.738171 0.743798 0.456986 -1
1 -1.450356 11.091715 9.871794 0.776108 0.451131 -1
1 -1.238075 11.246181 9.391014 0.762405 0.445004 -1
1 -0.854731 11.494537 8.738171 0.743798 0.433941 -1
1 -1.197746 11.262550 9.391014 0.762405 0.443840 -1
1 -0.818355 11.429636 9.391014 0.762405 0.432891 -1
1 -1.238075 11.235270 9.467781 0.764593 0.445004 -1
1 -1.238075 11.185202 9.871794 0.776108 0.445004 -1
1 -1.238075 11.029270 10.401346 0.791200 0.445004 -1
1 -1.190069 10.865669 11.028740 0.809082 0.443619 -1
1 -0.936630 10.644791 12.157873 0.841263 0.436305 -1
1 -0.616939 11.108433 11.028740 0.809082 0.427079 -1
1 -0.483724 10.825275 12.157873 0.841263 0.423234 -1
1 -0.503093 10.965740 11.620054 0.825935 0.423793 -1
1 -0.503093 11.067535 11.237007 0.815018 0.423793 -1
1 0.000005 10.886732 12.157873 0.841263 0.409274 -1
1 -0.293824 10.992331 11.620054 0.825935 0.417754 -1
1 -0.124234 10.288902 15.830189 0.945929 0.412859 -1
1 0.000005 10.315056 15.830189 0.945929 0.409274 -1
1 0.124186 10.288902 15.830189 0.945929 0.405690 -1
1 0.483675 10.825275 12.157873 0.841263 0.395316 -1
1 0.936582 10.644791 12.157873 0.841263 0.382245 -1
1 0.227284 10.214872 15.830189 0.945929 0.402715 -1
1 1.330024 10.356762 12.157873 0.841263 0.370891 -1
1 0.291766 10.105543 15.830189 0.945929 0.400854 -1
1 0.046122 9.979490 16.548578 0.966404 0.407943 -1
1 0.306707 9.979490 15.830189 0.945929 0.400423 -1
1 1.638850 9.979490 12.157873 0.841263 0.361978 -1
1 1.678767 10.480244 11.028740 0.809082 0.360826 -1
1 1.190020 10.865669 11.028740 0.809082 0.374931 -1
1 1.450307 11.091715 9.871794 0.776108 0.367419 -1
1 1.238084 11.246181 9.391014 0.762405 0.373544 -1
1 1.238084 11.235270 9.467781 0.764593 0.373544 -1
1 1.197696 11.262550 9.391014 0.762405 0.374710 -1
1 0.818305 11.429636 9.391014 0.762405 0.385658 -1
1 0.753824 11.398476 9.871794 0.776108 0.387519 -1
1 0.818305 11.370056 9.871794 0.776108 0.385658 -1
1 0.818305 11.319656 10.042917 0.780984 0.385658 -1
1 0.818305 11.211845 10.401346 0.791200 0.385658 -1
1 0.953469 11.154615 10.401346 0.791200 0.381758 -1
1 0.616890 11.108433 11.028740 0.809082 0.391471 -1
1 0.503103 11.290987 10.401346 0.791200 0.394755 -1
1 0.408800 11.303654 10.401346 0.791200 0.397477 -1
1 0.029056 11.356508 10.401346 0.791200 0.408436 -1
1 0.000004 11.503382 9.871794 0.776108 0.409274 -1
1 0.000005 11.191313 11.028740 0.809082 0.409274 -1
1 -0.029049 11.356508 10.401346 0.791200 0.410112 -1
1 -0.408791 11.303654 10.401346 0.791200 0.421071 -1
1 -0.753815 11.398476 9.871794 0.776108 0.431029 -1
1 0.000004 11.604935 8.738171 0.743798 0.409274 -1
1 0.000004 11.582260 6.933751 0.692369 0.409274 -1
1 -1.520567 11.405277 0.583741 0.511386 0.453157 -1
1 -2.234530 11.310402 -7.570690 0.278975 0.473761 -1
1 -2.470785 11.081913 -10.326035 0.200444 0.480579 -1
1 0.000002 11.155754 -10.326035 0.200444 0.409274 -1
1 0.000002 11.072500 -11.293640 0.172866 0.409274 -1
1 0.000002 11.025379 -11.841280 0.157258 0.409274 -1
1 0.000001 10.798395 -14.624559 0.077931 0.409274 -1
1 0.000001 10.078688 -15.964155 0.039751 0.409274 -1
1 -2.791716 10.959829 -11.841280 0.157258 0.489841 -1
1 -5.577236 10.763332 -11.841280 0.157258 0.570229 -1
1 -10.144972 10.337517 -14.624559 0.077931 0.702051 -1
1 -8.350471 10.436312 -11.841280 0.157258 0.650263 -1
1 -4.932657 10.860640 -10.326035 0.200444 0.551627 -1
1 -4.454712 11.042503 -7.570690 0.278975 0.537834 -1
1 -7.376990 10.492727 -10.326035 0.200444 0.622169 -1
1 -6.646377 10.597918 -7.570688 0.278975 0.601084 -1
1 -3.016397 11.115423 0.583741 0.511386 0.496325 -1
1 -0.992551 11.476219 6.933751 0.692369 0.437918 -1
1 -1.940228 11.162851 6.933751 0.692369 0.465268 -1
1 -4.463214 10.637569 0.583741 0.511386 0.538079 -1
1 -8.795465 9.979490 -7.570688 0.278975 0.663105 -1
1 -5.837404 9.979490 0.583741 0.511386 0.577737 -1
1 -2.800276 10.656317 6.933751 0.692369 0.490088 -1
1 0.000002 11.070229 -11.291313 0.172933 0.409274 -1
1 -0.818355 11.370056 9.871794 0.776108 0.432891 -1
1 -0.818355 11.319656 10.042917 0.780984 0.432891 -1
1 -0.818354 11.211845 10.401346 0.791200 0.432891 -1
1 -0.953518 11.154615 10.401346 0.791200 0.436792 -1
1 -0.503094 11.290987 10.401346 0.791200 0.423793 -1
1 -0.503093 11.123720 11.028740 0.809082 0.423793 -1
1 -0.037550 11.026766 11.620054 0.825935 0.410358 -1
1 -0.033416 11.186825 11.028740 0.809082 0.410239 -1
1 0.033367 11.186825 11.028740 0.809082 0.408311 -1
1 0.037500 11.026766 11.620054 0.825935 0.408192 -1
1 0.293833 10.992331 11.620054 0.825935 0.400794 -1
1 0.503103 10.965740 11.620054 0.825935 0.394755 -1
1 0.503103 11.067535 11.237007 0.815018 0.394755 -1
1 0.503103 11.123720 11.028740 0.809082 0.394755 -1
1 0.033013 11.200396 10.978014 0.807636 0.408321 -1
1 -0.033063 11.200396 10.978014 0.807636 0.410228 -1
1 1.238084 11.029270 10.401346 0.791200 0.373544 -1
1 1.238084 11.185202 9.871794 0.776108 0.373544 -1
1 0.420847 9.658094 12.157873 0.841263 0.397129 -1
1 0.000005 9.636358 12.157873 0.841263 0.409274 -1
1 -0.420837 9.658094 12.157873 0.841263 0.421419 -1
1 0.000005 9.979490 16.548578 0.966404 0.409274 -1
1 -2.008193 9.880241 10.415573 0.791606 0.467229 -1
1 -1.724344 9.774792 10.415573 0.791606 0.459037 -1
1 -2.287002 9.218344 -6.481048 0.310031 0.475275 -1
1 -2.287002 9.251524 -5.612850 0.334776 0.475275 -1
1 -1.372863 9.229687 3.574936 0.596639 0.448894 -1
1 -1.567369 9.309031 3.574936 0.596639 0.454507 -1
1 -1.082636 9.274204 5.605580 0.654515 0.440518 -1
1 -1.082636 9.304165 5.978949 0.665156 0.440518 -1
1 -1.796717 9.440199 6.888128 0.691069 0.461126 -1
1 -1.082636 9.330490 6.888128 0.691069 0.440518 -1
1 -2.287000 9.435591 3.574938 0.596639 0.475275 -1
1 -2.287000 9.509621 6.275200 0.673600 0.475275 -1
1 -2.287000 9.567530 6.888128 0.691069 0.475275 -1
1 -2.287001 9.319466 0.788355 0.517218 0.475275 -1
1 -1.082636 9.235262 4.271602 0.616495 0.440518 -1
1 -1.082636 9.229687 3.574936 0.596639 0.440518 -1
1 -1.082637 9.222860 -2.474987 0.424209 0.440518 -1
1 -2.287002 9.215326 -9.159452 0.233693 0.475275 -1
1 -2.287002 9.203150 -11.886906 0.155958 0.475275 -1
1 -1.082638 9.180847 -11.886906 0.155958 0.440518 -1
1 1.372863 9.229687 3.574936 0.596639 0.369654 -1
1 2.287002 9.251524 -5.612850 0.334776 0.343273 -1
1 2.287002 9.218344 -6.481048 0.310031 0.343273 -1
1 1.567369 9.309031 3.574936 0.596639 0.364041 -1
1 1.082636 9.274204 5.605580 0.654515 0.378030 -1
1 1.082636 9.304165 5.978949 0.665156 0.378030 -1
1 1.796717 9.440199 6.888128 0.691069 0.357422 -1
1 1.082636 9.330490 6.888128 0.691069 0.378030 -1
1 2.287000 9.435591 3.574938 0.596639 0.343273 -1
1 2.287000 9.509621 6.275200 0.673600 0.343273 -1
1 2.287000 9.567530 6.888128 0.691069 0.343273 -1
1 2.287001 9.319466 0.788355 0.517218 0.343273 -1
1 1.082636 9.235262 4.271602 0.616495 0.378030 -1
1 1.082636 9.229687 3.574936 0.596639 0.378030 -1
1 1.082637 9.222860 -2.474987 0.424209 0.378030 -1
1 2.287002 9.215326 -9.159452 0.233693 0.343273 -1
1 2.287002 9.203150 -11.886906 0.155958 0.343273 -1
1 1.082638 9.180847 -11.886906 0.155958 0.378030 -1
284
0.245202 0.968113 0.051320
0.179009 0.982593 0.049667
0.157314 0.987530 -0.006062
0.502159 0.821007 0.271632
0.327109 0.938757 0.108329
0.884046 -0.361648 0.296096
0.701072 -0.535375 0.471032
0.081595 -0.994964 -0.058208
0.166959 -0.984681 -0.050274
0.309094 -0.947204 0.085241
-0.215711 -0.976127 0.025410
-0.315016 -0.948521 0.032765
-0.123643 -0.990510 0.060018
0.212999 -0.976424 0.035045
0.181986 -0.982322 0.043874
-0.612277 -0.786913 0.076716
0.298180 -0.947842 0.112623
0.688547 -0.679500 0.253343
0.696671 0.678761 0.232235
0.553955 0.807932 0.200947
0.520311 0.837829 0.165285
0.378617 0.920299 0.098483
0.234811 0.971530 0.031500
0.094838 0.995082 -0.028581
0.118943 0.992626 -0.023353
0.135779 0.989243 0.054425
0.598172 0.624903 0.501683
0.319468 -0.925269 0.204494
0.061969 -0.869343 -0.490308
0.075735 -0.993755 -0.081949
-0.935109 -0.345271 -0.079736
-0.302408 -0.950221 -0.075034
-0.362484 -0.931986 0.002916
0.260669 -0.963811 -0.055853
0.281771 -0.959478 0.002454
-0.248570 -0.968501 0.014797
0.198466 -0.979556 0.032878
-0.156481 -0.987330 0.026329
-0.699024 -0.711912 -0.067423
-0.593106 -0.799518 0.094852
-0.322481 -0.938041 0.126824
0.112137 -0.989168 0.094718
0.128588 -0.586841 -0.799426
0.407281 -0.902875 -0.137621
0.699630 -0.699248 -0.146865
0.970728 -0.234525 -0.051823
0.637828 -0.769326 0.036250
0.529635 -0.847004 0.045510
0.514155 -0.856683 0.041690
0.387658 -0.921678 0.015182
0.447218 -0.894416 0.004085
0.002070 -0.990597 -0.136796
-0.002314 -0.999985 0.004958
-0.000000 -0.999218 0.039552
0.156051 -0.985609 0.064977
0.196197 -0.976375 0.090544
0.009749 -0.728761 -0.684699
0.264362 -0.819993 -0.507665
0.313601 -0.942318 0.117014
0.174576 -0.554847 -0.813429
0.204995 -0.835096 -0.510482
0.344218 -0.916411 -0.204216
0.852504 -0.415959 0.316567
0.943778 -0.050741 0.326663
0.905101 -0.270177 0.328325
0.690413 0.678833 0.250030
0.480302 0.867381 0.130235
0.493421 0.862069 0.115639
0.389573 0.918927 0.061688
0.284583 0.955559 0.076940
0.193913 0.980983 0.008405
0.123049 0.992398 -0.002157
0.000001 0.999946 -0.010396
0.000000 0.998195 -0.060063
0.058100 0.995997 -0.067922
0.090015 0.995725 -0.020710
0.073732 0.994020 -0.080544
0.491902 0.799320 0.345138
0.488275 -0.105830 -0.866249
-0.102203 0.458916 -0.882582
0.020368 0.921598 -0.387612
0.040845 0.996816 -0.068477
0.056767 0.880959 -0.469775
-0.310739 0.280513 -0.908159
-0.164642 -0.968790 -0.185309
-0.407282 -0.902874 -0.137623
-0.970727 -0.234528 -0.051823
-0.260669 -0.963811 -0.055853
-0.281771 -0.959479 0.002454
-0.371394 -0.928463 0.004879
-0.171932 -0.984745 0.026786
0.248571 -0.968501 0.014796
0.440587 -0.897707 0.002509
-0.078614 -0.992338 -0.095321
0.120532 -0.992426 0.023709
-0.150889 -0.987681 -0.041448
0.266649 -0.963385 0.028074
-0.242671 -0.969204 0.041890
0.224495 -0.973941 0.032255
-0.309118 -0.947196 0.085245
-0.884060 -0.361617 0.296092
-0.081595 -0.994964 -0.058207
-0.701070 -0.535375 0.471034
-0.367274 0.908647 0.198670
-0.421245 0.893981 0.152807
-0.696667 0.678767 0.232230
-0.639723 -0.731800 0.234996
-0.905100 -0.270180 0.328324
-0.112114 -0.989171 0.094718
-0.943772 -0.050743 0.326679
-0.898044 -0.286185 0.334089
-0.264517 -0.951748 -0.155582
-0.109680 -0.500322 -0.858865
0.699024 -0.711913 -0.067427
-0.061969 -0.869343 -0.490310
-0.056766 0.880959 -0.469775
-0.020368 0.921598 -0.387612
0.102203 0.458916 -0.882582
-0.319467 -0.925269 0.204494
-0.488259 -0.105829 -0.866258
-0.491901 0.799321 0.345137
-0.598171 0.624903 0.501685
0.935110 -0.345269 -0.079737
0.226950 -0.972275 -0.056343
0.182212 -0.981039 0.066036
0.612277 -0.786913 0.076716
0.348829 -0.930086 0.115140
0.570961 -0.813526 0.110359
-0.288604 -0.951094 0.110129
-0.180216 -0.982793 0.040495
-0.554459 -0.831228 0.040434
-0.550524 -0.833503 0.046855
-0.494258 -0.868064 0.046633
-0.465352 -0.884973 0.016452
-0.156867 -0.985667 0.062067
-0.190594 -0.977579 0.089521
-0.801695 -0.562951 -0.200927
-0.009811 -0.728723 -0.684738
-0.264362 -0.819992 -0.507668
-0.313601 -0.942317 0.117015
0.000067 -0.984783 0.173788
-0.856176 -0.416583 0.305650
-0.700560 -0.666811 0.254123
-0.804384 0.157624 0.572819
0.000115 0.759819 0.650134
-0.697347 0.652016 0.297628
-0.872659 0.369089 0.319749
-0.698264 0.664590 0.265983
-0.687937 0.667251 0.285516
-0.690415 0.678830 0.250032
-0.495282 0.858942 0.130054
-0.456946 0.868146 0.193710
-0.372805 0.918677 0.130572
-0.294592 0.952013 0.082991
-0.389507 0.913191 0.119862
-0.400517 0.909331 0.112704
-0.389482 0.913200 0.119869
-0.395943 0.899038 0.186974
-0.389180 0.883651 0.260193
-0.479200 0.835256 0.269657
-0.472879 0.850037 0.231998
-0.251137 0.931629 0.262672
-0.219808 0.949918 0.222126
-0.121824 0.959256 0.254925
-0.126361 0.958070 0.257166
0.000036 0.973252 0.229741
-0.125270 0.958364 0.256604
-0.341685 0.910255 0.233854
0.000046 0.967504 0.252857
0.341721 0.910244 0.233845
0.219845 0.949909 0.222130
0.472862 0.850047 0.231996
0.697408 0.651956 0.297616
0.698261 0.664593 0.265985
0.872662 0.369079 0.319754
0.682122 0.546732 0.485586
0.915737 -0.226019 0.332175
0.930347 -0.155352 0.332146
0.687916 0.667281 0.285495
0.479209 0.835250 0.269660
0.457016 0.868107 0.193718
0.372614 0.918760 0.130537
0.389378 0.913249 0.119839
0.386538 0.914221 0.121609
0.400722 0.909242 0.112701
0.250516 0.944877 0.210828
0.397757 0.903029 0.162257
0.383514 0.885266 0.263098
0.375799 0.887417 0.266956
0.382469 0.885572 0.263591
0.251193 0.931614 0.262675
0.128727 0.958213 0.255455
0.130946 0.957557 0.256784
0.133162 0.956893 0.258116
-0.014981 0.982316 0.186632
0.000090 0.965682 0.259727
-0.133095 0.956903 0.258112
-0.130950 0.957557 0.256780
-0.264897 0.942320 0.204603
0.000004 0.999676 0.025453
0.000003 0.999958 -0.009146
-0.123050 0.992398 -0.002157
-0.094838 0.995082 -0.028581
-0.058100 0.995998 -0.067921
0.000000 0.996577 -0.082675
0.242598 0.966556 -0.083165
0.164437 0.983272 -0.078330
0.000000 0.959043 -0.283261
-0.242556 0.854606 -0.459145
-0.040844 0.996816 -0.068477
-0.090015 0.995725 -0.020708
-0.073732 0.994020 -0.080544
-0.135778 0.989243 0.054426
-0.118943 0.992626 -0.023353
-0.157313 0.987530 -0.006063
-0.179008 0.982593 0.049666
-0.245200 0.968113 0.051319
-0.234810 0.971531 0.031499
-0.193911 0.980983 0.008404
-0.389584 0.918922 0.061695
-0.378623 0.920296 0.098487
-0.247979 0.965278 0.082124
-0.357689 0.926902 0.113625
-0.493417 0.862072 0.115636
1.000000 0.000000 0.000000
-0.396717 0.900828 0.176420
-0.382507 0.885559 0.263576
-0.375800 0.887417 0.266956
-0.382504 0.885562 0.263574
-0.128707 0.958216 0.255455
-0.128679 0.957965 0.256407
-0.128617 0.957471 0.258275
-0.128633 0.957721 0.257340
0.128731 0.957709 0.257335
0.128645 0.957470 0.258266
0.125256 0.958368 0.256597
0.121871 0.959249 0.254929
0.126372 0.958070 0.257163
0.128690 0.957913 0.256596
0.130270 0.957767 0.256345
-0.130494 0.957689 0.256523
0.389210 0.883636 0.260199
0.394770 0.896355 0.201754
0.092276 -0.992678 0.077949
0.000000 -0.997211 0.074638
-0.092267 -0.992679 0.077949
0.000000 0.000000 1.000000
-0.263259 -0.702647 -0.661046
-0.223688 -0.710940 -0.666730
0.127985 0.991694 -0.012753
0.273524 0.961474 -0.027442
0.171938 0.984744 -0.026784
0.242678 0.969202 -0.041887
0.271517 0.960570 -0.059867
0.228219 0.972613 -0.044048
0.180226 0.982791 -0.040494
0.151792 0.987998 -0.028607
0.173123 0.984391 -0.031665
0.212015 0.975477 -0.059106
0.250325 0.963869 -0.091066
0.114502 0.993087 -0.025851
0.025398 0.999505 -0.018580
0.000000 0.999990 -0.004565
0.007407 0.999970 -0.002462
0.009259 0.999953 -0.002795
0.018517 0.999819 -0.004463
0.018515 0.999819 -0.004463
-0.171938 0.984744 -0.026784
-0.273524 0.961474 -0.027442
-0.127985 0.991694 -0.012753
-0.242678 0.969202 -0.041887
-0.271517 0.960570 -0.059867
-0.228219 0.972613 -0.044048
-0.180226 0.982791 -0.040494
-0.151792 0.987998 -0.028607
-0.173123 0.984391 -0.031665
-0.212015 0.975477 -0.059106
-0.250325 0.963869 -0.091066
-0.114502 0.993087 -0.025851
-0.025398 0.999505 -0.018580
-0.007407 0.999970 -0.002462
-0.009259 0.999953 -0.002795
-0.018517 0.999819 -0.004463
-0.018515 0.999819 -0.004463
524
1 0 1 2 0 1 2 1
1 0 3 1 0 3 1 1
1 4 3 0 4 3 0 1
1 5 3 4 5 3 4 1
1 3 5 6 3 5 6 1
1 5 7 6 5 7 6 1
1 5 8 7 5 8 7 1
1 9 8 5 9 8 5 1
1 9 10 8 9 10 8 1
1 10 9 11 10 9 11 1
1 12 11 9 12 11 9 1
1 12 13 11 12 13 11 1
1 13 12 14 13 12 14 1
1 14 12 15 14 12 15 1
1 12 16 15 12 16 15 1
1 16 12 9 16 12 9 1
1 16 9 17 16 9 17 1
1 17 9 5 17 9 5 1
1 5 18 17 5 18 17 1
1 19 18 5 19 18 5 1
1 18 19 20 18 19 20 1
1 5 20 19 5 20 19 1
1 5 4 20 5 4 20 1
1 20 4 21 20 4 21 1
1 21 4 0 21 4 0 1
1 21 0 22 21 0 22 1
1 22 0 2 22 0 2 1
1 22 2 23 22 2 23 1
1 2 24 23 2 24 23 1
1 2 1 24 2 1 24 1
1 1 25 24 1 25 24 1
1 1 26 25 1 26 25 1
1 3 26 1 3 26 1 1
1 3 6 26 3 6 26 1
1 26 6 27 26 6 27 1
1 6 7 27 6 7 27 1
1 7 28 27 7 28 27 1
1 8 28 7 8 28 7 1
1 29 28 8 29 28 8 1
1 29 30 28 29 30 28 1
1 30 29 31 30 29 31 1
1 32 31 29 32 31 29 1
1 32 33 31 32 33 31 1
1 33 32 34 33 32 34 1
1 35 34 32 35 34 32 1
1 34 35 36 34 35 36 1
1 37 36 35 37 36 35 1
1 36 37 13 36 37 13 1
1 13 37 10 13 37 10 1
1 29 10 37 29 10 37 1
1 10 29 8 10 29 8 1
1 30 37 10 30 37 10 1
1 30 35 37 30 35 37 1
1 30 32 35 30 32 35 1
1 32 30 31 32 30 31 1
1 35 32 29 35 32 29 1
1 37 35 29 37 35 29 1
1 30 10 11 30 10 11 1
1 13 10 11 13 10 11 1
1 30 11 12 30 11 12 1
1 30 12 15 30 12 15 1
1 30 15 38 30 15 38 1
1 38 15 39 38 15 39 1
1 39 15 16 39 15 16 1
1 16 40 39 16 40 39 1
1 40 16 17 40 16 17 1
1 41 40 17 41 40 17 1
1 38 40 41 38 40 41 1
1 38 39 40 38 39 40 1
1 42 38 41 42 38 41 1
1 38 42 43 38 42 43 1
1 44 43 42 44 43 42 1
1 44 45 43 44 45 43 1
1 46 45 44 46 45 44 1
1 47 45 46 47 45 46 1
1 48 45 47 48 45 47 1
1 49 45 48 49 45 48 1
1 50 45 49 50 45 49 1
1 34 45 50 34 45 50 1
1 45 34 33 45 34 33 1
1 34 51 33 34 51 33 1
1 51 34 52 51 34 52 1
1 52 34 50 52 34 50 1
1 34 36 50 34 36 50 1
1 49 50 36 49 50 36 1
1 49 52 50 49 52 50 1
1 52 49 53 52 49 53 1
1 48 53 49 48 53 49 1
1 53 48 54 53 48 54 1
1 54 48 47 54 48 47 1
1 36 47 48 36 47 48 1
1 47 36 13 47 36 13 1
1 14 47 13 14 47 13 1
1 47 14 46 47 14 46 1
1 54 47 46 54 47 46 1
1 44 54 46 44 54 46 1
1 54 44 55 54 44 55 1
1 55 44 56 55 44 56 1
1 56 44 42 56 44 42 1
1 57 56 42 57 56 42 1
1 57 55 56 57 55 56 1
1 55 57 58 55 57 58 1
1 58 57 59 58 57 59 1
1 59 57 42 59 57 42 1
1 60 59 42 60 59 42 1
1 59 60 61 59 60 61 1
1 60 62 61 60 62 61 1
1 41 62 60 41 62 60 1
1 41 63 62 41 63 62 1
1 41 64 63 41 64 63 1
1 64 41 17 64 41 17 1
1 17 18 64 17 18 64 1
1 18 63 64 18 63 64 1
1 18 65 63 18 65 63 1
1 65 18 66 65 18 66 1
1 66 18 67 66 18 67 1
1 18 20 67 18 20 67 1
1 67 20 21 67 20 21 1
1 68 67 21 68 67 21 1
1 66 67 68 66 67 68 1
1 66 68 69 66 68 69 1
1 69 68 70 69 68 70 1
1 68 22 70 68 22 70 1
1 68 21 22 68 21 22 1
1 70 22 71 70 22 71 1
1 22 23 71 22 23 71 1
1 71 23 72 71 23 72 1
1 72 23 73 72 23 73 1
1 23 74 73 23 74 73 1
1 23 24 74 23 24 74 1
1 24 75 74 24 75 74 1
1 24 25 75 24 25 75 1
1 25 76 75 25 76 75 1
1 25 77 76 25 77 76 1
1 26 77 25 26 77 25 1
1 26 27 77 26 27 77 1
1 27 78 77 27 78 77 1
1 27 79 78 27 79 78 1
1 27 28 79 27 28 79 1
1 80 79 28 80 79 28 1
1 76 79 80 76 79 80 1
1 76 78 79 76 78 79 1
1 77 78 76 77 78 76 1
1 75 76 80 75 76 80 1
1 75 80 81 75 80 81 1
1 81 80 82 81 80 82 1
1 80 28 82 80 28 82 1
1 28 83 82 28 83 82 1
1 28 84 83 28 84 83 1
1 84 28 43 84 28 43 1
1 43 28 38 43 28 38 1
1 38 28 30 38 28 30 1
1 43 51 84 43 51 84 1
1 51 43 45 51 43 45 1
1 51 45 33 51 45 33 1
1 51 85 84 51 85 84 1
1 85 51 86 85 51 86 1
1 87 86 51 87 86 51 1
1 88 86 87 88 86 87 1
1 86 88 89 86 88 89 1
1 90 88 89 90 88 89 1
1 91 88 90 91 88 90 1
1 88 91 92 88 91 92 1
1 91 93 92 91 93 92 1
1 94 93 91 94 93 91 1
1 94 95 93 94 95 93 1
1 95 94 96 95 94 96 1
1 97 96 94 97 96 94 1
1 98 96 97 98 96 97 1
1 99 96 98 99 96 98 1
1 96 99 95 96 99 95 1
1 100 95 99 100 95 99 1
1 100 101 95 100 101 95 1
1 100 102 101 100 102 101 1
1 100 103 102 100 103 102 1
1 103 100 104 103 100 104 1
1 100 105 104 100 105 104 1
1 106 105 100 106 105 100 1
1 105 106 107 105 106 107 1
1 108 107 106 108 107 106 1
1 107 108 109 107 108 109 1
1 109 108 110 109 108 110 1
1 110 108 111 110 108 111 1
1 108 112 111 108 112 111 1
1 113 112 108 113 112 108 1
1 112 113 85 112 113 85 1
1 114 85 113 114 85 113 1
1 114 84 85 114 84 85 1
1 84 114 83 84 114 83 1
1 83 114 115 83 114 115 1
1 115 114 116 115 114 116 1
1 116 114 117 116 114 117 1
1 118 117 114 118 117 114 1
1 118 119 117 118 119 117 1
1 118 120 119 118 120 119 1
1 120 118 121 120 118 121 1
1 121 118 102 121 118 102 1
1 102 118 101 102 118 101 1
1 118 114 101 118 114 101 1
1 101 114 95 101 114 95 1
1 95 114 93 95 114 93 1
1 122 93 114 122 93 114 1
1 93 122 123 93 122 123 1
1 122 92 123 122 92 123 1
1 92 122 91 92 122 91 1
1 91 122 94 91 122 94 1
1 94 122 96 94 122 96 1
1 96 122 98 96 122 98 1
1 98 122 124 98 122 124 1
1 124 122 125 124 122 125 1
1 125 122 113 125 122 113 1
1 114 113 122 114 113 122 1
1 125 113 126 125 113 126 1
1 126 113 127 126 113 127 1
1 127 113 108 127 113 108 1
1 108 106 127 108 106 127 1
1 106 126 127 106 126 127 1
1 126 106 128 126 106 128 1
1 106 99 128 106 99 128 1
1 106 100 99 106 100 99 1
1 124 128 99 124 128 99 1
1 128 124 125 128 124 125 1
1 125 124 129 125 124 129 1
1 98 129 124 98 129 124 1
1 129 98 97 129 98 97 1
1 130 129 97 130 129 97 1
1 129 130 131 129 130 131 1
1 86 130 131 86 130 131 1
1 86 132 130 86 132 130 1
1 86 133 132 86 133 132 1
1 86 89 133 86 89 133 1
1 133 90 89 133 90 89 1
1 132 90 133 132 90 133 1
1 132 97 90 132 97 90 1
1 97 132 130 97 132 130 1
1 134 130 132 134 130 132 1
1 131 130 134 131 130 134 1
1 135 131 134 135 131 134 1
1 131 135 136 131 135 136 1
1 135 137 136 135 137 136 1
1 135 138 137 135 138 137 1
1 138 135 139 138 135 139 1
1 140 139 135 140 139 135 1
1 140 141 139 140 141 139 1
1 141 140 142 141 140 142 1
1 142 140 143 142 140 143 1
1 144 143 140 144 143 140 1
1 145 143 144 145 143 144 1
1 145 146 143 145 146 143 1
1 147 146 145 147 146 145 1
1 147 141 146 147 141 146 1
1 147 110 141 147 110 141 1
1 148 110 147 148 110 147 1
1 149 110 148 149 110 148 1
1 149 109 110 149 109 110 1
1 105 109 149 105 109 149 1
1 105 107 109 105 107 109 1
1 149 150 105 149 150 105 1
1 151 150 149 151 150 149 1
1 152 150 151 152 150 151 1
1 150 152 153 150 152 153 1
1 154 153 152 154 153 152 1
1 154 155 153 154 155 153 1
1 156 154 152 156 154 152 1
1 152 151 156 152 151 156 1
1 151 157 156 151 157 156 1
1 151 158 157 151 158 157 1
1 158 151 159 158 151 159 1
1 159 151 149 159 151 149 1
1 159 149 148 159 149 148 1
1 147 159 148 147 159 148 1
1 160 159 147 160 159 147 1
1 160 161 159 160 161 159 1
1 162 161 160 162 161 160 1
1 163 161 162 163 161 162 1
1 161 163 164 161 163 164 1
1 163 165 166 163 165 166 1
1 165 163 162 165 163 162 1
1 167 165 162 167 165 162 1
1 168 165 167 168 165 167 1
1 169 165 168 169 165 168 1
1 169 170 165 169 170 165 1
1 169 171 170 169 171 170 1
1 172 171 169 172 171 169 1
1 172 173 171 172 173 171 1
1 173 172 174 173 172 174 1
1 172 175 174 172 175 174 1
1 172 144 175 172 144 175 1
1 144 172 169 144 172 169 1
1 144 169 168 144 169 168 1
1 144 168 167 144 168 167 1
1 144 167 145 144 167 145 1
1 167 160 145 167 160 145 1
1 167 162 160 167 162 160 1
1 145 160 147 145 160 147 1
1 144 140 175 144 140 175 1
1 140 176 175 140 176 175 1
1 58 176 140 58 176 140 1
1 176 58 177 176 58 177 1
1 58 62 177 58 62 177 1
1 61 62 58 61 62 58 1
1 58 59 61 58 59 61 1
1 173 177 62 173 177 62 1
1 173 174 177 173 174 177 1
1 174 176 177 174 176 177 1
1 174 175 176 174 175 176 1
1 178 173 62 178 173 62 1
1 173 178 179 173 178 179 1
1 179 178 65 179 178 65 1
1 65 178 62 65 178 62 1
1 65 62 63 65 62 63 1
1 179 65 180 179 65 180 1
1 65 66 180 65 66 180 1
1 181 180 66 181 180 66 1
1 180 181 182 180 181 182 1
1 182 181 183 182 181 183 1
1 66 183 181 66 183 181 1
1 183 66 69 183 66 69 1
1 183 69 184 183 69 184 1
1 185 184 69 185 184 69 1
1 184 185 186 184 185 186 1
1 187 186 185 187 186 185 1
1 188 179 189 188 179 189 1
1 179 188 190 179 188 190 1
1 187 190 188 187 190 188 1
1 190 187 185 190 187 185 1
1 185 191 190 185 191 190 1
1 191 185 192 191 185 192 1
1 192 185 193 192 185 193 1
1 194 193 185 194 193 185 1
1 193 194 195 193 194 195 1
1 194 196 195 194 196 195 1
1 194 197 196 194 197 196 1
1 197 194 198 197 194 198 1
1 194 153 198 194 153 198 1
1 194 199 153 194 199 153 1
1 194 69 199 194 69 199 1
1 185 69 194 185 69 194 1
1 69 70 199 69 70 199 1
1 199 70 200 199 70 200 1
1 70 71 200 70 71 200 1
1 200 71 72 200 71 72 1
1 200 72 201 200 72 201 1
1 72 202 201 72 202 201 1
1 72 73 202 72 73 202 1
1 73 203 202 73 203 202 1
1 73 204 203 73 204 203 1
1 73 74 204 73 74 204 1
1 74 81 204 74 81 204 1
1 74 75 81 74 75 81 1
1 81 205 204 81 205 204 1
1 205 81 206 205 81 206 1
1 81 82 206 81 82 206 1
1 206 82 207 206 82 207 1
1 82 208 207 82 208 207 1
1 208 82 83 208 82 83 1
1 208 83 84 208 83 84 1
1 115 208 83 115 208 83 1
1 208 115 207 208 115 207 1
1 206 207 115 206 207 115 1
1 209 206 115 209 206 115 1
1 209 205 206 209 205 206 1
1 205 209 204 205 209 204 1
1 204 209 203 204 209 203 1
1 203 209 210 203 209 210 1
1 209 116 210 209 116 210 1
1 209 115 116 209 115 116 1
1 210 116 211 210 116 211 1
1 116 117 211 116 117 211 1
1 211 117 119 211 117 119 1
1 211 119 120 211 119 120 1
1 212 211 120 212 211 120 1
1 210 211 212 210 211 212 1
1 213 210 212 213 210 212 1
1 203 210 213 203 210 213 1
1 202 203 213 202 203 213 1
1 202 213 214 202 213 214 1
1 214 213 215 214 213 215 1
1 213 212 215 213 212 215 1
1 215 212 121 215 212 121 1
1 212 120 121 212 120 121 1
1 215 121 103 215 121 103 1
1 121 102 103 121 102 103 1
1 216 215 103 216 215 103 1
1 214 215 216 214 215 216 1
1 217 214 216 217 214 216 1
1 217 202 214 217 202 214 1
1 201 202 217 201 202 217 1
1 218 201 217 218 201 217 1
1 200 201 218 200 201 218 1
1 199 200 218 199 200 218 1
1 199 218 153 199 218 153 1
1 153 218 219 153 218 219 1
1 218 217 219 218 217 219 1
1 219 217 220 219 217 220 1
1 217 216 220 217 216 220 1
1 220 216 221 220 216 221 1
1 216 103 221 216 103 221 1
1 103 222 221 103 222 221 1
1 103 104 222 103 104 222 1
1 104 105 222 104 105 222 1
1 105 223 222 105 223 222 1
1 150 223 105 150 223 105 1
1 150 219 223 150 219 223 1
1 153 219 150 153 219 150 1
1 219 220 223 219 220 223 1
1 223 220 222 223 220 222 1
1 220 221 222 220 221 222 1
1 205 224 206 205 224 206 1
1 155 198 153 155 198 153 1
1 198 155 225 198 155 225 1
1 226 198 225 226 198 225 1
1 226 161 198 226 161 198 1
1 161 226 227 161 226 227 1
1 158 159 228 158 159 228 1
1 159 227 228 159 227 228 1
1 161 227 159 161 227 159 1
1 161 229 198 161 229 198 1
1 229 161 230 229 161 230 1
1 164 230 161 164 230 161 1
1 165 231 166 165 231 166 1
1 165 232 231 165 232 231 1
1 232 165 195 232 165 195 1
1 165 233 195 165 233 195 1
1 233 165 234 233 165 234 1
1 234 165 235 234 165 235 1
1 165 236 235 165 236 235 1
1 170 236 165 170 236 165 1
1 190 236 170 190 236 170 1
1 236 190 237 236 190 237 1
1 237 190 238 237 190 238 1
1 190 191 238 190 191 238 1
1 193 195 239 193 195 239 1
1 233 239 195 233 239 195 1
1 171 190 170 171 190 170 1
1 171 179 190 171 179 190 1
1 173 179 171 173 179 171 1
1 232 195 240 232 195 240 1
1 195 196 240 195 196 240 1
1 197 198 229 197 198 229 1
1 179 241 189 179 241 189 1
1 180 241 179 180 241 179 1
1 241 180 242 241 180 242 1
1 180 182 242 180 182 242 1
1 140 55 58 140 55 58 1
1 140 243 55 140 243 55 1
1 140 244 243 140 244 243 1
1 140 245 244 140 245 244 1
1 140 135 245 140 135 245 1
1 135 134 245 135 134 245 1
1 245 134 53 245 134 53 1
1 132 53 134 132 53 134 1
1 53 132 133 53 132 133 1
1 89 53 133 89 53 133 1
1 53 89 52 53 89 52 1
1 89 88 52 89 88 52 1
1 87 52 88 87 52 88 1
1 52 87 51 52 87 51 1
1 88 123 87 88 123 87 1
1 123 88 92 123 88 92 1
1 92 93 123 92 93 123 1
1 245 53 244 245 53 244 1
1 244 53 243 244 53 243 1
1 243 53 54 243 53 54 1
1 243 54 55 243 54 55 1
1 175 144 246 175 144 246 1
1 144 143 246 144 143 246 1
1 110 139 141 110 139 141 1
1 111 139 110 111 139 110 1
1 139 111 247 139 111 247 1
1 112 247 111 112 247 111 1
1 247 112 248 247 112 248 1
1 112 138 248 112 138 248 1
1 112 137 138 112 137 138 1
1 136 137 112 136 137 112 1
1 85 136 112 85 136 112 1
1 86 136 85 86 136 85 1
1 86 131 136 86 131 136 1
1 139 248 138 139 248 138 1
1 139 247 248 139 247 248 1
1 146 141 142 146 141 142 1
1 146 142 143 146 142 143 1
1 94 90 97 94 90 97 1
1 90 94 91 90 94 91 1
1 124 99 98 124 99 98 1
1 126 128 125 126 128 125 1
1 42 41 60 42 41 60 1
1 48 49 36 48 49 36 1
1 249 250 251 249 250 251 1
1 252 251 250 252 251 250 1
1 251 252 253 251 252 253 1
1 254 253 252 254 253 252 1
1 252 255 254 252 255 254 1
1 256 254 255 256 254 255 1
1 252 257 255 252 257 255 1
1 258 255 257 258 255 257 1
1 255 258 259 255 258 259 1
1 252 260 257 252 260 257 1
1 250 260 252 250 260 252 1
1 261 251 253 261 251 253 1
1 262 251 261 262 251 261 1
1 262 263 251 262 263 251 1
1 251 263 249 251 263 249 1
1 264 249 263 264 249 263 1
1 264 263 265 264 263 265 1
1 266 265 263 266 265 263 1
1 267 268 269 267 268 269 1
1 268 267 270 268 267 270 1
1 271 270 267 271 270 267 1
1 270 271 272 270 271 272 1
1 272 273 270 272 273 270 1
1 273 272 274 273 272 274 1
1 273 275 270 273 275 270 1
1 275 273 276 275 273 276 1
1 277 276 273 277 276 273 1
1 275 278 270 275 278 270 1
1 270 278 268 270 278 268 1
1 271 267 279 271 267 279 1
1 279 267 280 279 267 262 1
1 267 281 280 267 280 262 1
1 269 281 267 269 280 267 1
1 281 269 282 280 269 281 1
1 283 281 282 282 280 281 1
1 281 283 284 280 282 283 1
"gunfin" 1 0
24
1 -3.017639 10.496212 -14.528828 0.934945 0.862779 -1
1 -3.042498 10.588964 -13.351347 0.908531 0.859354 -1
1 -3.862217 13.648266 -14.875578 0.951076 0.755835 -1
1 -2.919557 10.522488 -14.528828 0.933984 0.875208 -1
1 -3.764136 13.674543 -14.875578 0.950114 0.768263 -1
1 -2.944417 10.615242 -13.351347 0.907569 0.871783 -1
1 -3.003171 10.834497 -10.568075 0.845134 0.863688 -1
1 -3.101192 10.808216 -10.568075 0.846094 0.851267 -1
1 -3.113415 10.853731 -10.020397 0.833814 0.849590 -1
1 -3.015335 10.880013 -10.020397 0.832853 0.862019 -1
1 -3.862216 13.648266 -12.985449 0.908284 0.755394 -1
1 -3.764134 13.674543 -12.985449 0.907323 0.767823 -1
1 3.862217 13.648266 -14.875578 0.951076 0.755835 -1
1 3.042498 10.588964 -13.351347 0.908531 0.859354 -1
1 3.017639 10.496212 -14.528828 0.934945 0.862779 -1
1 2.919557 10.522488 -14.528828 0.933984 0.875208 -1
1 3.764136 13.674543 -14.875578 0.950114 0.768263 -1
1 2.944417 10.615242 -13.351347 0.907569 0.871783 -1
1 3.003171 10.834497 -10.568075 0.845134 0.863688 -1
1 3.101192 10.808216 -10.568075 0.846094 0.851267 -1
1 3.113415 10.853731 -10.020397 0.833814 0.849590 -1
1 3.015335 10.880013 -10.020397 0.832853 0.862019 -1
1 3.862216 13.648266 -12.985449 0.908284 0.755394 -1
1 3.764134 13.674543 -12.985449 0.907323 0.767823 -1
24
-0.389809 -0.758018 -0.522932
-0.321188 -0.944597 0.067633
-0.899146 0.143895 -0.413317
0.506675 -0.616927 -0.602231
0.861204 0.450262 -0.235780
0.750451 -0.657456 0.067632
0.750428 -0.657227 0.070076
-0.321118 -0.944533 0.068861
-0.633593 -0.692898 0.344170
0.719868 0.371115 0.586570
-0.535830 0.701973 0.469169
0.088383 0.968070 0.234581
0.899146 0.143895 -0.413317
0.321188 -0.944597 0.067633
0.389809 -0.758018 -0.522932
-0.506675 -0.616927 -0.602231
-0.861204 0.450262 -0.235780
-0.750451 -0.657456 0.067632
-0.750428 -0.657227 0.070076
0.321118 -0.944533 0.068861
0.633593 -0.692898 0.344170
-0.719868 0.371115 0.586570
0.535830 0.701973 0.469169
-0.088383 0.968070 0.234581
40
1 0 1 2 0 1 2 1
1 0 3 1 0 3 1 1
1 0 2 3 0 2 3 1
1 4 3 2 4 3 2 1
1 3 4 5 3 4 5 1
1 6 5 4 6 5 4 1
1 6 7 5 6 7 5 1
1 7 6 8 7 6 8 1
1 9 8 6 9 8 6 1
1 8 9 10 8 9 10 1
1 11 10 9 11 10 9 1
1 10 11 2 10 11 2 1
1 4 2 11 4 2 11 1
1 11 9 4 11 9 4 1
1 9 6 4 9 6 4 1
1 10 2 8 10 2 8 1
1 8 2 7 8 2 7 1
1 7 2 1 7 2 1 1
1 1 5 7 1 5 7 1
1 5 1 3 5 1 3 1
1 12 13 14 12 13 14 1
1 13 15 14 13 15 14 1
1 15 12 14 15 12 14 1
1 12 15 16 12 15 16 1
1 17 16 15 17 16 15 1
1 16 17 18 16 17 18 1
1 17 19 18 17 19 18 1
1 20 18 19 20 18 19 1
1 18 20 21 18 20 21 1
1 22 21 20 22 21 20 1
1 21 22 23 21 22 23 1
1 12 23 22 12 23 22 1
1 23 12 16 23 12 16 1
1 16 21 23 16 21 23 1
1 16 18 21 16 18 21 1
1 20 12 22 20 12 22 1
1 19 12 20 19 12 20 1
1 13 12 19 13 12 19 1
1 19 17 13 19 17 13 1
1 15 13 17 15 13 17 1
"turretpivot" 1 -1
0
0
0
"gunpivot" 1 -1
0
0
0

Materials: 2
"Material01"
0.200000 0.200000 0.200000 1.000000
1.000000 1.000000 1.000000 1.000000
0.000000 0.000000 0.000000 1.000000
0.137255 0.137255 0.137255 1.000000
0.000000
1.000000
"b3.png"
""
"Material02"
0.200000 0.200000 0.200000 1.000000
1.000000 0.000000 0.000000 1.000000
0.000000 0.000000 0.000000 1.000000
1.000000 0.501961 0.000000 1.000000
0.000000
1.000000
"sphere_cockpit.jpg"
""

Bones: 0
GroupComments: 0
MaterialComments: 0
BoneComments: 0
ModelComment: 0
