// MilkShape 3D ASCII

Frames: 30
Frame: 1

Meshes: 5
"gun_thrust" 0 2
61
0 -0.058290 -5.716187 -49.159859 0.895212 0.104702 -1
0 -1.783158 -6.317716 -51.511612 0.935688 0.118143 -1
0 -1.871913 -5.719184 -51.511612 0.937771 0.104769 -1
0 -1.525545 -6.857649 -51.511612 0.929643 0.130208 -1
0 -1.124322 -7.286147 -51.511612 0.920228 0.139782 -1
0 -0.618739 -7.561261 -51.511612 0.908363 0.145930 -1
0 -0.058290 -7.656055 -51.511612 0.895212 0.148048 -1
0 0.502143 -7.561261 -51.511612 0.882060 0.145930 -1
0 1.007735 -7.286147 -51.511612 0.870196 0.139782 -1
0 1.408965 -6.857649 -51.511612 0.860780 0.130208 -1
0 1.666574 -6.317716 -51.511612 0.854735 0.118143 -1
0 1.755337 -5.719184 -51.511612 0.852652 0.104769 -1
0 1.666574 -5.120665 -51.511612 0.854735 0.091396 -1
0 1.408965 -4.580730 -51.511612 0.860780 0.079331 -1
0 1.007735 -4.152229 -51.511612 0.870196 0.069756 -1
0 0.502143 -3.877122 -51.511612 0.882060 0.063609 -1
0 -0.058290 -3.782319 -51.511612 0.895212 0.061491 -1
0 -0.618739 -3.877122 -51.511612 0.908363 0.063609 -1
0 -1.124322 -4.152229 -51.511612 0.920228 0.069756 -1
0 -1.525545 -4.580730 -51.511612 0.929643 0.079331 -1
0 -1.783158 -5.120665 -51.511612 0.935688 0.091396 -1
0 -3.456373 -5.719184 -56.151215 0.974953 0.104769 -1
0 -2.505245 -5.719184 -53.250778 0.952633 0.104769 -1
0 -2.385488 -6.526729 -53.250778 0.949822 0.122814 -1
0 -3.290045 -6.797719 -56.151215 0.971049 0.128869 -1
0 -2.807392 -7.770679 -56.151215 0.959723 0.150609 -1
0 -2.037915 -7.255216 -53.250778 0.941666 0.139091 -1
0 -1.496579 -7.833344 -53.250778 0.928963 0.152009 -1
0 -2.055628 -8.542822 -56.151215 0.942082 0.167862 -1
0 -1.108351 -9.038574 -56.151215 0.919853 0.178940 -1
0 -0.814434 -8.204523 -53.250778 0.912955 0.160303 -1
0 -0.058290 -8.332432 -53.250778 0.895212 0.163161 -1
0 -0.058290 -9.209394 -56.151215 0.895212 0.182756 -1
0 0.991776 -9.038574 -56.151215 0.870570 0.178940 -1
0 0.697863 -8.204523 -53.250778 0.877467 0.160303 -1
0 1.379995 -7.833344 -53.250778 0.861460 0.152009 -1
0 1.939048 -8.542822 -56.151215 0.848341 0.167862 -1
0 2.690814 -7.770679 -56.151215 0.830699 0.150609 -1
0 1.921346 -7.255216 -53.250778 0.848756 0.139091 -1
0 2.268899 -6.526729 -53.250778 0.840600 0.122814 -1
0 3.173464 -6.797719 -56.151215 0.819373 0.128869 -1
0 3.339792 -5.719184 -56.151215 0.815470 0.104769 -1
0 2.388674 -5.719184 -53.250778 0.837790 0.104769 -1
0 2.268899 -4.911654 -53.250778 0.840600 0.086725 -1
0 3.173464 -4.640655 -56.151215 0.819373 0.080670 -1
0 2.690814 -3.667690 -56.151215 0.830699 0.058930 -1
0 1.921346 -4.183170 -53.250778 0.848756 0.070448 -1
0 1.379995 -3.605030 -53.250778 0.861460 0.057530 -1
0 1.939048 -2.895552 -56.151215 0.848341 0.041677 -1
0 0.991776 -2.399804 -56.151215 0.870570 0.030599 -1
0 0.697863 -3.233866 -53.250778 0.877467 0.049236 -1
0 -0.058290 -3.105949 -53.250778 0.895212 0.046378 -1
0 -0.058290 -2.228977 -56.151215 0.895212 0.026782 -1
0 -1.108351 -2.399804 -56.151215 0.919853 0.030599 -1
0 -0.814434 -3.233866 -53.250778 0.912955 0.049236 -1
0 -1.496579 -3.605030 -53.250778 0.928963 0.057530 -1
0 -2.055628 -2.895552 -56.151215 0.942082 0.041677 -1
0 -2.807392 -3.667690 -56.151215 0.959723 0.058930 -1
0 -2.037915 -4.183170 -53.250778 0.941666 0.070448 -1
0 -2.385488 -4.911654 -53.250778 0.949822 0.086725 -1
0 -3.290045 -4.640655 -56.151215 0.971049 0.080670 -1
61
0.000001 -0.000380 -1.000000
0.836741 0.255164 -0.484515
0.899741 -0.000005 -0.436424
0.740260 0.504884 -0.443968
0.530944 0.685965 -0.497544
0.290913 0.840629 -0.456851
-0.000002 0.862493 -0.506069
-0.290913 0.840628 -0.456851
-0.530938 0.685969 -0.497544
-0.740260 0.504883 -0.443969
-0.836741 0.255168 -0.484514
-0.899741 -0.000005 -0.436425
-0.836846 -0.255211 -0.484310
-0.740366 -0.504959 -0.443706
-0.531117 -0.686218 -0.497012
-0.290983 -0.840837 -0.456423
-0.000002 -0.862880 -0.505409
0.290983 -0.840837 -0.456423
0.531122 -0.686213 -0.497012
0.740366 -0.504960 -0.443704
0.836846 -0.255208 -0.484311
0.950445 -0.000001 -0.310893
0.945048 -0.000001 -0.326932
0.903320 0.278299 -0.326440
0.906489 0.287167 -0.309536
0.782129 0.543978 -0.303913
0.780728 0.532730 -0.326593
0.574871 0.750288 -0.326482
0.570510 0.765615 -0.297241
0.307397 0.905605 -0.292210
0.309005 0.893359 -0.326229
0.000000 0.945131 -0.326692
0.000000 0.957204 -0.289416
-0.307399 0.905604 -0.292210
-0.309008 0.893358 -0.326231
-0.574869 0.750290 -0.326483
-0.570510 0.765614 -0.297242
-0.782130 0.543976 -0.303913
-0.780730 0.532726 -0.326594
-0.903320 0.278300 -0.326439
-0.906489 0.287166 -0.309539
-0.950445 -0.000001 -0.310892
-0.945048 -0.000001 -0.326932
-0.903319 -0.278301 -0.326440
-0.906489 -0.287165 -0.309539
-0.782131 -0.543974 -0.303915
-0.780732 -0.532722 -0.326595
-0.574866 -0.750291 -0.326484
-0.570508 -0.765616 -0.297242
-0.307398 -0.905604 -0.292212
-0.309005 -0.893358 -0.326231
0.000000 -0.945131 -0.326693
0.000000 -0.957203 -0.289418
0.307396 -0.905605 -0.292212
0.309002 -0.893360 -0.326229
0.574869 -0.750290 -0.326483
0.570507 -0.765617 -0.297241
0.782129 -0.543976 -0.303915
0.780730 -0.532726 -0.326594
0.903319 -0.278300 -0.326440
0.906489 -0.287167 -0.309537
100
0 0 1 2 0 1 2 1
0 0 3 1 0 3 1 1
0 0 4 3 0 4 3 1
0 0 5 4 0 5 4 1
0 0 6 5 0 6 5 1
0 0 7 6 0 7 6 1
0 0 8 7 0 8 7 1
0 0 9 8 0 9 8 1
0 0 10 9 0 10 9 1
0 0 11 10 0 11 10 1
0 0 12 11 0 12 11 1
0 0 13 12 0 13 12 1
0 0 14 13 0 14 13 1
0 0 15 14 0 15 14 1
0 0 16 15 0 16 15 1
0 0 17 16 0 17 16 1
0 0 18 17 0 18 17 1
0 0 19 18 0 19 18 1
0 0 20 19 0 20 19 1
0 0 2 20 0 2 20 1
0 21 22 23 21 22 23 1
0 21 23 24 21 23 24 1
0 24 23 25 24 23 25 1
0 23 26 25 23 26 25 1
0 25 26 27 25 26 27 1
0 25 27 28 25 27 28 1
0 28 27 29 28 27 29 1
0 27 30 29 27 30 29 1
0 29 30 31 29 30 31 1
0 29 31 32 29 31 32 1
0 32 31 33 32 31 33 1
0 31 34 33 31 34 33 1
0 33 34 35 33 34 35 1
0 33 35 36 33 35 36 1
0 36 35 37 36 35 37 1
0 35 38 37 35 38 37 1
0 37 38 39 37 38 39 1
0 37 39 40 37 39 40 1
0 40 39 41 40 39 41 1
0 39 42 41 39 42 41 1
0 41 42 43 41 42 43 1
0 41 43 44 41 43 44 1
0 44 43 45 44 43 45 1
0 43 46 45 43 46 45 1
0 45 46 47 45 46 47 1
0 45 47 48 45 47 48 1
0 48 47 49 48 47 49 1
0 47 50 49 47 50 49 1
0 49 50 51 49 50 51 1
0 49 51 52 49 51 52 1
0 52 51 53 52 51 53 1
0 51 54 53 51 54 53 1
0 53 54 55 53 54 55 1
0 53 55 56 53 55 56 1
0 56 55 57 56 55 57 1
0 55 58 57 55 58 57 1
0 57 58 59 57 58 59 1
0 57 59 60 57 59 60 1
0 60 59 21 60 59 21 1
0 59 22 21 59 22 21 1
0 22 2 23 22 2 23 1
0 2 1 23 2 1 23 1
0 23 1 3 23 1 3 1
0 23 3 26 23 3 26 1
0 26 3 27 26 3 27 1
0 3 4 27 3 4 27 1
0 27 4 5 27 4 5 1
0 27 5 30 27 5 30 1
0 30 5 31 30 5 31 1
0 5 6 31 5 6 31 1
0 31 6 7 31 6 7 1
0 31 7 34 31 7 34 1
0 34 7 35 34 7 35 1
0 7 8 35 7 8 35 1
0 35 8 9 35 8 9 1
0 35 9 38 35 9 38 1
0 38 9 39 38 9 39 1
0 9 10 39 9 10 39 1
0 39 10 11 39 10 11 1
0 39 11 42 39 11 42 1
0 42 11 43 42 11 43 1
0 11 12 43 11 12 43 1
0 43 12 13 43 12 13 1
0 43 13 46 43 13 46 1
0 46 13 47 46 13 47 1
0 13 14 47 13 14 47 1
0 47 14 15 47 14 15 1
0 47 15 50 47 15 50 1
0 50 15 51 50 15 51 1
0 15 16 51 15 16 51 1
0 51 16 17 51 16 17 1
0 51 17 54 51 17 54 1
0 54 17 55 54 17 55 1
0 17 18 55 17 18 55 1
0 55 18 19 55 18 19 1
0 55 19 58 55 19 58 1
0 58 19 59 58 19 59 1
0 19 20 59 19 20 59 1
0 59 20 2 59 20 2 1
0 59 2 22 59 2 22 1
"gun_cock" 0 1
156
0 0.969623 -3.700630 47.421097 0.150000 0.900000 -1
0 0.509761 -3.322992 47.466091 0.200000 0.900000 -1
0 0.258058 -4.622005 47.861855 0.200000 0.950000 -1
0 0.000000 -3.192882 47.481525 0.250000 0.900000 -1
0 0.000000 -4.556140 47.869698 0.250000 0.950000 -1
0 -0.258058 -4.622005 47.861855 0.300000 0.950000 -1
0 -0.509761 -3.322992 47.466091 0.300000 0.900000 -1
0 -0.969623 -3.700630 47.421097 0.350000 0.900000 -1
0 1.568883 -5.029930 47.262928 0.050000 0.900000 -1
0 2.304917 -4.561677 46.416351 0.050000 0.850000 -1
0 1.960680 -3.472837 46.545906 0.100000 0.850000 -1
0 1.334572 -4.288795 47.351109 0.100000 0.900000 -1
0 1.424517 -2.608725 46.648746 0.150000 0.850000 -1
0 0.748913 -2.053932 46.714790 0.200000 0.850000 -1
0 0.000000 -1.862775 46.737534 0.250000 0.850000 -1
0 -0.748913 -2.053932 46.714790 0.300000 0.850000 -1
0 -1.424517 -2.608725 46.648746 0.350000 0.850000 -1
0 -1.960680 -3.472837 46.545906 0.400000 0.850000 -1
0 -1.334572 -4.288795 47.351109 0.400000 0.900000 -1
0 -1.568883 -5.029930 47.262928 0.450000 0.900000 -1
0 -2.304917 -4.561677 46.416351 0.450000 0.850000 -1
0 2.984194 -4.092869 45.240158 0.050000 0.800000 -1
0 2.538508 -2.683145 45.407928 0.100000 0.800000 -1
0 1.844334 -1.564373 45.541119 0.150000 0.800000 -1
0 0.969623 -0.846086 45.626583 0.200000 0.800000 -1
0 0.000000 -0.598561 45.656067 0.250000 0.800000 -1
0 -0.969623 -0.846086 45.626583 0.300000 0.800000 -1
0 -1.844334 -1.564373 45.541119 0.350000 0.800000 -1
0 -2.538508 -2.683145 45.407928 0.400000 0.800000 -1
0 -2.984194 -4.092869 45.240158 0.450000 0.800000 -1
0 3.589991 -3.635057 43.763325 0.050000 0.750000 -1
0 3.053830 -1.939148 43.965202 0.100000 0.750000 -1
0 2.218737 -0.593272 44.125359 0.150000 0.750000 -1
0 1.166459 0.270823 44.228188 0.200000 0.750000 -1
0 0.000000 0.568577 44.263634 0.250000 0.750000 -1
0 -1.166459 0.270823 44.228188 0.300000 0.750000 -1
0 -2.218737 -0.593272 44.125359 0.350000 0.750000 -1
0 -3.053830 -1.939148 43.965202 0.400000 0.750000 -1
0 -3.589991 -3.635057 43.763325 0.450000 0.750000 -1
0 3.774740 -5.514991 43.539574 0.000000 0.750000 -1
0 4.318767 -5.350413 41.766235 0.000000 0.700000 -1
0 4.107392 -3.199534 42.022255 0.050000 0.700000 -1
0 3.493955 -1.259220 42.253208 0.100000 0.700000 -1
0 2.538508 0.280644 42.436470 0.150000 0.700000 -1
0 1.334572 1.269284 42.554153 0.200000 0.700000 -1
0 0.000000 1.609956 42.594715 0.250000 0.700000 -1
0 -1.334572 1.269284 42.554153 0.300000 0.700000 -1
0 -2.538508 0.280644 42.436470 0.350000 0.700000 -1
0 -3.493955 -1.259220 42.253208 0.400000 0.700000 -1
0 -4.107392 -3.199534 42.022255 0.450000 0.700000 -1
0 -3.774740 -5.514991 43.539574 0.500000 0.750000 -1
0 -4.318767 -5.350413 41.766235 0.500000 0.700000 -1
0 4.756451 -5.165842 39.777859 0.000000 0.650000 -1
0 4.523656 -2.796997 40.059772 0.050000 0.650000 -1
0 3.848050 -0.660043 40.314125 0.100000 0.650000 -1
0 2.795771 1.035864 40.515991 0.150000 0.650000 -1
0 1.469824 2.124710 40.645596 0.200000 0.650000 -1
0 0.000000 2.499899 40.690235 0.250000 0.650000 -1
0 -1.469824 2.124710 40.645596 0.300000 0.650000 -1
0 -2.795771 1.035864 40.515991 0.350000 0.650000 -1
0 -3.848050 -0.660043 40.314125 0.400000 0.650000 -1
0 -4.523656 -2.796997 40.059772 0.450000 0.650000 -1
0 -4.756451 -5.165842 39.777859 0.500000 0.650000 -1
0 5.077016 -4.965874 37.623299 0.000000 0.600000 -1
0 4.828529 -2.437382 37.924259 0.050000 0.600000 -1
0 4.107392 0.406113 36.195740 0.100000 0.600000 -1
0 2.984194 2.216305 36.411171 0.150000 0.600000 -1
0 1.568883 3.378546 36.549534 0.200000 0.600000 -1
0 0.000000 3.779006 36.597195 0.250000 0.600000 -1
0 -1.568883 3.378546 36.549534 0.300000 0.600000 -1
0 -2.984194 2.216305 36.411171 0.350000 0.600000 -1
0 -4.107392 0.406113 36.195740 0.400000 0.600000 -1
0 -4.828529 -2.437382 37.924259 0.450000 0.600000 -1
0 -5.077016 -4.965874 37.623299 0.500000 0.600000 -1
0 5.272566 -3.630402 30.043159 0.000000 0.550000 -1
0 5.014509 -1.004520 30.355709 0.050000 0.550000 -1
0 4.265596 1.364328 30.637672 0.100000 0.550000 -1
0 3.099137 3.244246 30.861374 0.150000 0.550000 -1
0 1.629313 4.451234 31.005058 0.200000 0.550000 -1
0 0.000000 4.867151 31.054588 0.250000 0.550000 -1
0 -1.629313 4.451234 31.005058 0.300000 0.550000 -1
0 -3.099137 3.244246 30.861374 0.350000 0.550000 -1
0 -4.265596 1.364328 30.637672 0.400000 0.550000 -1
0 -5.014509 -1.004520 30.355709 0.450000 0.550000 -1
0 -5.272566 -3.630402 30.043159 0.500000 0.550000 -1
0 5.338289 -3.414622 27.718277 0.000000 0.500000 -1
0 5.077016 -0.756006 28.034698 0.050000 0.500000 -1
0 4.318767 1.642368 28.320171 0.100000 0.500000 -1
0 3.137766 3.545725 28.546715 0.150000 0.500000 -1
0 1.649623 4.767762 28.692158 0.200000 0.500000 -1
0 0.000000 5.188854 28.742283 0.250000 0.500000 -1
0 -1.649623 4.767762 28.692158 0.300000 0.500000 -1
0 -3.137766 3.545725 28.546715 0.350000 0.500000 -1
0 -4.318767 1.642368 28.320171 0.400000 0.500000 -1
0 -5.077016 -0.756006 28.034698 0.450000 0.500000 -1
0 -5.338289 -3.414622 27.718277 0.500000 0.500000 -1
0 -5.077016 -6.073238 27.401848 0.550000 0.500000 -1
0 5.077016 -6.073238 27.401848 0.950000 0.500000 -1
0 5.338289 -3.414622 27.718277 1.000000 0.500000 -1
0 5.272566 -3.630402 30.043159 1.000000 0.550000 -1
0 5.272566 -3.198847 25.393393 0.000000 0.450000 -1
0 5.014509 -0.572952 25.705940 0.050000 0.450000 -1
0 4.265596 1.795892 25.987869 0.100000 0.450000 -1
0 3.099137 3.675817 26.211622 0.150000 0.450000 -1
0 1.629313 4.882806 26.355291 0.200000 0.450000 -1
0 0.000000 5.298711 26.404806 0.250000 0.450000 -1
0 -1.629313 4.882806 26.355291 0.300000 0.450000 -1
0 -3.099137 3.675817 26.211622 0.350000 0.450000 -1
0 -4.265596 1.795892 25.987869 0.400000 0.450000 -1
0 -5.014509 -0.572952 25.705940 0.450000 0.450000 -1
0 -5.272566 -3.198847 25.393393 0.500000 0.450000 -1
0 -5.014509 -5.824727 25.080856 0.550000 0.450000 -1
0 5.014509 -5.824727 25.080856 0.950000 0.450000 -1
0 5.272566 -3.198847 25.393393 1.000000 0.450000 -1
0 5.077016 -2.988373 23.125772 0.000000 0.400000 -1
0 4.828528 -0.459880 23.426701 0.050000 0.400000 -1
0 4.107392 1.821116 23.698215 0.100000 0.400000 -1
0 2.984194 3.631321 23.913670 0.150000 0.400000 -1
0 1.568883 4.793539 24.052002 0.200000 0.400000 -1
0 0.000000 5.194016 24.099665 0.250000 0.400000 -1
0 -1.568883 4.793539 24.052002 0.300000 0.400000 -1
0 -2.984194 3.631321 23.913670 0.350000 0.400000 -1
0 -4.107392 1.821116 23.698215 0.400000 0.400000 -1
0 -4.828528 -0.459880 23.426701 0.450000 0.400000 -1
0 -5.077016 -2.988373 23.125772 0.500000 0.400000 -1
0 -4.828528 -5.516870 22.824821 0.550000 0.400000 -1
0 4.828528 -5.516870 22.824821 0.950000 0.400000 -1
0 5.077016 -2.988373 23.125772 1.000000 0.400000 -1
0 4.756451 -2.788398 20.971224 0.000000 0.350000 -1
0 4.523655 -0.419554 21.253143 0.050000 0.350000 -1
0 3.848050 1.717415 21.507504 0.100000 0.350000 -1
0 2.795771 3.413317 21.709347 0.150000 0.350000 -1
0 1.469824 4.502162 21.838947 0.200000 0.350000 -1
0 0.000000 4.877367 21.883615 0.250000 0.350000 -1
0 -1.469824 4.502162 21.838947 0.300000 0.350000 -1
0 -2.795771 3.413317 21.709347 0.350000 0.350000 -1
0 -3.848050 1.717415 21.507504 0.400000 0.350000 -1
0 -4.523655 -0.419554 21.253143 0.450000 0.350000 -1
0 -4.756451 -2.788398 20.971224 0.500000 0.350000 -1
0 4.756451 -2.788398 20.971224 1.000000 0.350000 -1
0 4.107392 -0.452982 19.238789 0.050000 0.300000 -1
0 3.493955 1.674847 19.469738 0.100000 0.300000 -1
0 2.538508 3.214696 19.652996 0.150000 0.300000 -1
0 1.334572 4.203336 19.770670 0.200000 0.300000 -1
0 0.000000 4.544006 19.811214 0.250000 0.300000 -1
0 -1.334572 4.203336 19.770670 0.300000 0.300000 -1
0 -2.538508 3.214696 19.652996 0.350000 0.300000 -1
0 -3.493955 1.674847 19.469738 0.400000 0.300000 -1
0 -4.107392 -0.452982 19.238789 0.450000 0.300000 -1
0 3.053830 1.449088 17.635071 0.100000 0.250000 -1
0 2.218737 2.794958 17.795246 0.150000 0.250000 -1
0 1.166459 3.659073 17.898130 0.200000 0.250000 -1
0 0.000000 3.956828 17.933544 0.250000 0.250000 -1
0 -1.166459 3.659073 17.898130 0.300000 0.250000 -1
0 -2.218737 2.794958 17.795246 0.350000 0.250000 -1
0 -3.053830 1.449088 17.635071 0.400000 0.250000 -1
156
0.465921 0.324731 0.823084
0.238482 0.352575 0.904885
0.159646 0.259279 0.952516
0.000000 0.383262 0.923640
0.000000 0.273853 0.961771
-0.159646 0.259279 0.952516
-0.238482 0.352575 0.904885
-0.465921 0.324731 0.823084
0.707131 0.141123 0.692856
0.764262 0.167522 0.622768
0.712728 0.247213 0.656433
0.655403 0.212349 0.724813
0.560798 0.399715 0.725075
0.317340 0.522363 0.791475
0.000000 0.571645 0.820501
-0.317340 0.522363 0.791475
-0.560798 0.399715 0.725075
-0.712728 0.247213 0.656433
-0.655403 0.212349 0.724813
-0.707131 0.141123 0.692856
-0.764262 0.167522 0.622768
0.846694 0.209474 0.489111
0.796735 0.302424 0.523214
0.639814 0.485890 0.595440
0.370235 0.643773 0.669689
0.000000 0.710502 0.703695
-0.370235 0.643773 0.669689
-0.639814 0.485890 0.595440
-0.796735 0.302423 0.523214
-0.846694 0.209474 0.489111
0.917713 0.178284 0.354989
0.845645 0.338685 0.412526
0.688302 0.543450 0.480523
0.404614 0.728258 0.553107
0.000000 0.809282 0.587420
-0.404614 0.728258 0.553107
-0.688302 0.543450 0.480523
-0.845645 0.338685 0.412526
-0.917713 0.178284 0.354989
0.952875 0.058206 0.297728
0.963666 0.063830 0.259370
0.947222 0.160952 0.277245
0.874926 0.363588 0.319857
0.718297 0.582705 0.380136
0.426718 0.786930 0.445704
0.000000 0.878739 0.477303
-0.426718 0.786930 0.445704
-0.718297 0.582705 0.380136
-0.874926 0.363588 0.319857
-0.947222 0.160952 0.277245
-0.952875 0.058206 0.297728
-0.963666 0.063830 0.259370
0.979510 0.073965 0.187322
0.963721 0.173251 0.203041
0.892974 0.389399 0.225757
0.739548 0.614578 0.274523
0.442258 0.832603 0.333437
0.000000 0.932297 0.361692
-0.442258 0.832603 0.333437
-0.739547 0.614578 0.274523
-0.892974 0.389399 0.225757
-0.963721 0.173251 0.203041
-0.979510 0.073965 0.187322
0.991476 0.085763 0.098077
0.975266 0.191883 0.109718
0.902659 0.410286 0.129891
0.750883 0.636794 0.175125
0.451038 0.864163 0.223131
-0.000000 0.969308 0.245851
-0.451038 0.864163 0.223131
-0.750883 0.636794 0.175125
-0.902659 0.410286 0.129891
-0.975266 0.191883 0.109718
-0.991476 0.085763 0.098077
0.994879 0.093081 0.039401
0.979462 0.194267 0.053977
0.909370 0.407613 0.083059
0.753880 0.646686 0.116026
0.453627 0.878570 0.149459
0.000000 0.986245 0.165289
-0.453627 0.878570 0.149459
-0.753880 0.646686 0.116026
-0.909370 0.407613 0.083059
-0.979462 0.194267 0.053977
-0.997879 0.054629 0.035396
0.995269 0.096740 0.008981
0.979908 0.198595 0.018437
0.909669 0.413556 0.038395
0.754339 0.653674 0.060694
0.453955 0.887207 0.082388
0.000000 0.995716 0.092467
-0.453955 0.887207 0.082388
-0.754339 0.653674 0.060694
-0.909669 0.413556 0.038395
-0.979908 0.198595 0.018437
-1.000000 0.000000 0.000000
-0.995249 -0.095634 -0.018256
0.995249 -0.095634 -0.018256
0.995269 -0.096740 -0.008981
0.994808 -0.100006 0.018841
0.993531 0.103262 -0.047249
0.977928 0.205101 -0.039869
0.907181 0.419962 -0.025573
0.751401 0.659717 -0.013058
0.451537 0.892247 -0.003242
0.000000 1.000000 0.000773
-0.451537 0.892247 -0.003242
-0.751401 0.659717 -0.013058
-0.907181 0.419962 -0.025573
-0.977928 0.205101 -0.039869
-0.998381 0.006709 -0.056490
-0.993814 -0.089906 -0.065199
0.993814 -0.089906 -0.065199
0.993814 -0.089906 -0.065198
0.988311 0.109723 -0.105840
0.972271 0.211117 -0.100593
0.900624 0.424730 -0.092087
0.744089 0.662060 -0.089485
0.445730 0.890473 -0.091555
-0.000000 0.995614 -0.093551
-0.445730 0.890473 -0.091555
-0.744089 0.662060 -0.089485
-0.900624 0.424730 -0.092087
-0.972271 0.211117 -0.100593
-0.993232 0.013699 -0.115333
-0.989979 -0.083758 -0.113691
0.989979 -0.083758 -0.113691
0.988882 -0.082453 -0.123749
0.980641 0.115215 -0.158331
0.961927 0.216757 -0.166471
0.893186 0.424435 -0.148569
0.736406 0.661438 -0.142146
0.440279 0.885822 -0.146538
0.000000 0.988665 -0.150141
-0.440279 0.885822 -0.146538
-0.736406 0.661438 -0.142146
-0.893186 0.424435 -0.148569
-0.961927 0.216757 -0.166471
-0.985201 0.067007 -0.157763
0.984974 -0.078488 -0.153834
0.944186 0.255908 -0.207421
0.884015 0.416398 -0.212438
0.722775 0.657482 -0.212870
0.430547 0.874646 -0.222764
-0.000000 0.973349 -0.229330
-0.430547 0.874646 -0.222764
-0.722775 0.657482 -0.212870
-0.884015 0.416398 -0.212438
-0.944186 0.255908 -0.207421
0.851315 0.455539 -0.260281
0.709067 0.651694 -0.269293
0.420089 0.860618 -0.287857
0.000000 0.954421 -0.298463
-0.420089 0.860618 -0.287857
-0.709067 0.651694 -0.269293
-0.851315 0.455539 -0.260281
258
0 0 1 2 0 1 2 1
0 2 1 3 2 1 3 1
0 2 3 4 2 3 4 1
0 4 3 5 4 3 5 1
0 3 6 5 3 6 5 1
0 5 6 7 5 6 7 1
0 8 9 10 8 9 10 1
0 8 10 11 8 10 11 1
0 11 10 0 11 10 0 1
0 10 12 0 10 12 0 1
0 0 12 13 0 12 13 1
0 0 13 1 0 13 1 1
0 1 13 3 1 13 3 1
0 13 14 3 13 14 3 1
0 3 14 15 3 14 15 1
0 3 15 6 3 15 6 1
0 6 15 7 6 15 7 1
0 15 16 7 15 16 7 1
0 7 16 17 7 16 17 1
0 7 17 18 7 17 18 1
0 18 17 19 18 17 19 1
0 17 20 19 17 20 19 1
0 9 21 10 9 21 10 1
0 21 22 10 21 22 10 1
0 10 22 23 10 22 23 1
0 10 23 12 10 23 12 1
0 12 23 13 12 23 13 1
0 23 24 13 23 24 13 1
0 13 24 25 13 24 25 1
0 13 25 14 13 25 14 1
0 14 25 15 14 25 15 1
0 25 26 15 25 26 15 1
0 15 26 27 15 26 27 1
0 15 27 16 15 27 16 1
0 16 27 17 16 27 17 1
0 27 28 17 27 28 17 1
0 17 28 29 17 28 29 1
0 17 29 20 17 29 20 1
0 21 30 31 21 30 31 1
0 21 31 22 21 31 22 1
0 22 31 23 22 31 23 1
0 31 32 23 31 32 23 1
0 23 32 33 23 32 33 1
0 23 33 24 23 33 24 1
0 24 33 25 24 33 25 1
0 33 34 25 33 34 25 1
0 25 34 35 25 34 35 1
0 25 35 26 25 35 26 1
0 26 35 27 26 35 27 1
0 35 36 27 35 36 27 1
0 27 36 37 27 36 37 1
0 27 37 28 27 37 28 1
0 28 37 29 28 37 29 1
0 37 38 29 37 38 29 1
0 39 40 41 39 40 41 1
0 39 41 30 39 41 30 1
0 30 41 31 30 41 31 1
0 41 42 31 41 42 31 1
0 31 42 43 31 42 43 1
0 31 43 32 31 43 32 1
0 32 43 33 32 43 33 1
0 43 44 33 43 44 33 1
0 33 44 45 33 44 45 1
0 33 45 34 33 45 34 1
0 34 45 35 34 45 35 1
0 45 46 35 45 46 35 1
0 35 46 47 35 46 47 1
0 35 47 36 35 47 36 1
0 36 47 37 36 47 37 1
0 47 48 37 47 48 37 1
0 37 48 49 37 48 49 1
0 37 49 38 37 49 38 1
0 38 49 50 38 49 50 1
0 49 51 50 49 51 50 1
0 40 52 41 40 52 41 1
0 52 53 41 52 53 41 1
0 41 53 54 41 53 54 1
0 41 54 42 41 54 42 1
0 42 54 43 42 54 43 1
0 54 55 43 54 55 43 1
0 43 55 56 43 55 56 1
0 43 56 44 43 56 44 1
0 44 56 45 44 56 45 1
0 56 57 45 56 57 45 1
0 45 57 58 45 57 58 1
0 45 58 46 45 58 46 1
0 46 58 47 46 58 47 1
0 58 59 47 58 59 47 1
0 47 59 60 47 59 60 1
0 47 60 48 47 60 48 1
0 48 60 49 48 60 49 1
0 60 61 49 60 61 49 1
0 49 61 62 49 61 62 1
0 49 62 51 49 62 51 1
0 52 63 64 52 63 64 1
0 52 64 53 52 64 53 1
0 53 64 54 53 64 54 1
0 64 65 54 64 65 54 1
0 54 65 66 54 65 66 1
0 54 66 55 54 66 55 1
0 55 66 56 55 66 56 1
0 66 67 56 66 67 56 1
0 56 67 68 56 67 68 1
0 56 68 57 56 68 57 1
0 57 68 58 57 68 58 1
0 68 69 58 68 69 58 1
0 58 69 70 58 69 70 1
0 58 70 59 58 70 59 1
0 59 70 60 59 70 60 1
0 70 71 60 70 71 60 1
0 60 71 72 60 71 72 1
0 60 72 61 60 72 61 1
0 61 72 62 61 72 62 1
0 72 73 62 72 73 62 1
0 63 74 64 63 74 64 1
0 74 75 64 74 75 64 1
0 64 75 76 64 75 76 1
0 64 76 65 64 76 65 1
0 65 76 66 65 76 66 1
0 76 77 66 76 77 66 1
0 66 77 78 66 77 78 1
0 66 78 67 66 78 67 1
0 67 78 68 67 78 68 1
0 78 79 68 78 79 68 1
0 68 79 80 68 79 80 1
0 68 80 69 68 80 69 1
0 69 80 70 69 80 70 1
0 80 81 70 80 81 70 1
0 70 81 82 70 81 82 1
0 70 82 71 70 82 71 1
0 71 82 72 71 82 72 1
0 82 83 72 82 83 72 1
0 72 83 84 72 83 84 1
0 72 84 73 72 84 73 1
0 74 85 86 74 85 86 1
0 74 86 75 74 86 75 1
0 75 86 76 75 86 76 1
0 86 87 76 86 87 76 1
0 76 87 88 76 87 88 1
0 76 88 77 76 88 77 1
0 77 88 78 77 88 78 1
0 88 89 78 88 89 78 1
0 78 89 90 78 89 90 1
0 78 90 79 78 90 79 1
0 79 90 80 79 90 80 1
0 90 91 80 90 91 80 1
0 80 91 92 80 91 92 1
0 80 92 81 80 92 81 1
0 81 92 82 81 92 82 1
0 92 93 82 92 93 82 1
0 82 93 94 82 93 94 1
0 82 94 83 82 94 83 1
0 83 94 84 83 94 84 1
0 94 95 84 94 95 84 1
0 84 95 96 84 95 96 1
0 97 98 99 97 98 99 1
0 85 100 86 85 100 86 1
0 100 101 86 100 101 86 1
0 86 101 102 86 101 102 1
0 86 102 87 86 102 87 1
0 87 102 88 87 102 88 1
0 102 103 88 102 103 88 1
0 88 103 104 88 103 104 1
0 88 104 89 88 104 89 1
0 89 104 90 89 104 90 1
0 104 105 90 104 105 90 1
0 90 105 106 90 105 106 1
0 90 106 91 90 106 91 1
0 91 106 92 91 106 92 1
0 106 107 92 106 107 92 1
0 92 107 108 92 107 108 1
0 92 108 93 92 108 93 1
0 93 108 94 93 108 94 1
0 108 109 94 108 109 94 1
0 94 109 110 94 109 110 1
0 94 110 95 94 110 95 1
0 95 110 96 95 110 96 1
0 110 111 96 110 111 96 1
0 97 112 113 97 112 113 1
0 97 113 98 97 113 98 1
0 100 114 115 100 114 115 1
0 100 115 101 100 115 101 1
0 101 115 102 101 115 102 1
0 115 116 102 115 116 102 1
0 102 116 117 102 116 117 1
0 102 117 103 102 117 103 1
0 103 117 104 103 117 104 1
0 117 118 104 117 118 104 1
0 104 118 119 104 118 119 1
0 104 119 105 104 119 105 1
0 105 119 106 105 119 106 1
0 119 120 106 119 120 106 1
0 106 120 121 106 120 121 1
0 106 121 107 106 121 107 1
0 107 121 108 107 121 108 1
0 121 122 108 121 122 108 1
0 108 122 123 108 122 123 1
0 108 123 109 108 123 109 1
0 109 123 110 109 123 110 1
0 123 124 110 123 124 110 1
0 110 124 125 110 124 125 1
0 110 125 111 110 125 111 1
0 112 126 113 112 126 113 1
0 126 127 113 126 127 113 1
0 114 128 115 114 128 115 1
0 128 129 115 128 129 115 1
0 115 129 130 115 129 130 1
0 115 130 116 115 130 116 1
0 116 130 117 116 130 117 1
0 130 131 117 130 131 117 1
0 117 131 132 117 131 132 1
0 117 132 118 117 132 118 1
0 118 132 119 118 132 119 1
0 132 133 119 132 133 119 1
0 119 133 134 119 133 134 1
0 119 134 120 119 134 120 1
0 120 134 121 120 134 121 1
0 134 135 121 134 135 121 1
0 121 135 136 121 135 136 1
0 121 136 122 121 136 122 1
0 122 136 123 122 136 123 1
0 136 137 123 136 137 123 1
0 123 137 138 123 137 138 1
0 123 138 124 123 138 124 1
0 124 138 125 124 138 125 1
0 126 139 127 126 139 127 1
0 128 140 129 128 140 129 1
0 129 140 130 129 140 130 1
0 140 141 130 140 141 130 1
0 130 141 142 130 141 142 1
0 130 142 131 130 142 131 1
0 131 142 132 131 142 132 1
0 142 143 132 142 143 132 1
0 132 143 144 132 143 144 1
0 132 144 133 132 144 133 1
0 133 144 134 133 144 134 1
0 144 145 134 144 145 134 1
0 134 145 146 134 145 146 1
0 134 146 135 134 146 135 1
0 135 146 136 135 146 136 1
0 146 147 136 146 147 136 1
0 136 147 148 136 147 148 1
0 136 148 137 136 148 137 1
0 137 148 138 137 148 138 1
0 140 149 141 140 149 141 1
0 141 149 142 141 149 142 1
0 149 150 142 149 150 142 1
0 142 150 151 142 150 151 1
0 142 151 143 142 151 143 1
0 143 151 144 143 151 144 1
0 151 152 144 151 152 144 1
0 144 152 153 144 152 153 1
0 144 153 145 144 153 145 1
0 145 153 146 145 153 146 1
0 153 154 146 153 154 146 1
0 146 154 155 146 154 155 1
0 146 155 147 146 155 147 1
0 147 155 148 147 155 148 1
"gunhull" 0 0
491
0 -0.058249 -5.982627 57.994766 0.347991 0.035157 -1
0 -1.294082 -5.982627 55.915939 0.356535 0.055048 -1
0 -1.233600 -6.290806 55.915939 0.356117 0.055048 -1
0 -1.058059 -6.568815 55.915939 0.354903 0.055048 -1
0 -0.058249 -5.982627 57.994766 0.347384 0.583904 -1
0 -1.058059 -6.568815 55.915939 0.353860 0.599188 -1
0 -0.784656 -6.789446 55.915939 0.352089 0.599188 -1
0 -0.440147 -6.931100 55.915939 0.349858 0.599188 -1
0 -0.058250 -6.979910 55.915939 0.347384 0.599188 -1
0 0.323643 -6.931100 55.915939 0.344911 0.599188 -1
0 0.668160 -6.789446 55.915939 0.342679 0.599188 -1
0 0.941570 -6.568815 55.915939 0.340908 0.599188 -1
0 0.941570 -6.568815 55.915939 0.341079 0.055048 -1
0 1.117104 -6.290806 55.915939 0.339865 0.055048 -1
0 1.177586 -5.982627 55.915939 0.339447 0.055048 -1
0 1.117104 -5.674448 55.915939 0.339865 0.055048 -1
0 0.941570 -5.396440 55.915939 0.341079 0.055048 -1
0 0.668160 -5.175808 55.915939 0.342969 0.055048 -1
0 0.323643 -5.034155 55.915939 0.345351 0.055048 -1
0 -0.058250 -4.985344 55.915939 0.347991 0.055048 -1
0 -0.440147 -5.034155 55.915939 0.350631 0.055048 -1
0 -0.784656 -5.175808 55.915939 0.353013 0.055048 -1
0 -1.058059 -5.396440 55.915939 0.354903 0.055048 -1
0 -1.233600 -5.674448 55.915939 0.356117 0.055048 -1
0 -2.499492 -5.982627 53.821800 0.364869 0.075085 -1
0 -2.380012 -6.591393 53.821800 0.364043 0.075085 -1
0 -2.380012 -6.591393 53.821800 0.362423 0.614585 -1
0 -2.033256 -7.140570 53.821800 0.360177 0.614585 -1
0 -1.493179 -7.576399 53.821800 0.356679 0.614585 -1
0 -0.812629 -7.856219 53.821800 0.352271 0.614585 -1
0 -0.058250 -7.952640 53.821800 0.347384 0.614585 -1
0 0.696137 -7.856219 53.821800 0.342498 0.614585 -1
0 1.376675 -7.576399 53.821800 0.338090 0.614585 -1
0 1.916764 -7.140570 53.821800 0.334592 0.614585 -1
0 2.263508 -6.591393 53.821800 0.332346 0.614585 -1
0 2.263508 -6.591393 53.821800 0.331939 0.075085 -1
0 2.383000 -5.982627 53.821800 0.331113 0.075085 -1
0 2.263508 -5.582193 53.821800 0.331939 0.075085 -1
0 1.916764 -5.033018 53.821800 0.334337 0.075085 -1
0 1.376675 -4.597187 53.821800 0.338071 0.075085 -1
0 0.696137 -4.317369 53.821800 0.342776 0.075085 -1
0 -0.058250 -4.220949 53.821800 0.347991 0.075085 -1
0 -0.812629 -4.317369 53.821800 0.353207 0.075085 -1
0 -1.493179 -4.597187 53.821800 0.357912 0.075085 -1
0 -2.033256 -5.033018 53.821800 0.361645 0.075085 -1
0 -2.380012 -5.582193 53.821800 0.364043 0.075085 -1
0 -3.613400 -5.454745 49.455544 0.372570 0.116864 -1
0 -3.613400 -5.454745 49.455544 0.370412 0.646686 -1
0 -3.177140 -6.513357 49.455544 0.367586 0.646686 -1
0 -2.711342 -8.153512 49.455544 0.364569 0.646686 -1
0 -1.985824 -8.793806 49.455544 0.359870 0.646686 -1
0 -1.071636 -9.204901 49.455544 0.353948 0.646686 -1
0 -0.058250 -9.346554 49.455544 0.347384 0.646686 -1
0 0.955139 -9.204901 49.455544 0.340821 0.646686 -1
0 1.869324 -8.793806 49.455544 0.334899 0.646686 -1
0 2.594834 -8.153512 49.455544 0.330200 0.646686 -1
0 3.060639 -6.513357 49.455544 0.327183 0.646686 -1
0 3.496902 -5.454745 49.455544 0.324357 0.646686 -1
0 3.496902 -5.454745 49.455544 0.323412 0.116864 -1
0 3.060639 -4.697164 49.455544 0.326428 0.116864 -1
0 2.594834 -3.890343 49.455544 0.329649 0.116864 -1
0 1.869324 -3.250050 49.455544 0.334665 0.116864 -1
0 0.955139 -2.838955 49.455544 0.340985 0.116864 -1
0 -0.058250 -2.697300 49.455544 0.347991 0.116864 -1
0 -1.071636 -2.838955 49.455544 0.354997 0.116864 -1
0 -1.985824 -3.250050 49.455544 0.361317 0.116864 -1
0 -2.711342 -3.890343 49.455544 0.366333 0.116864 -1
0 -3.177140 -4.697164 49.455544 0.369554 0.116864 -1
0 -3.613400 -5.454745 49.455544 0.370412 0.093952 -1
0 -4.211984 -5.102876 47.074127 0.374289 0.111461 -1
0 -4.096310 -5.922767 48.212852 0.373539 0.103088 -1
0 -4.096310 -5.922767 48.212852 0.373539 0.655823 -1
0 -3.493225 -8.342363 48.212852 0.369633 0.655823 -1
0 -2.553905 -9.171360 48.212852 0.363549 0.655823 -1
0 -1.370292 -9.703606 48.212852 0.355883 0.655823 -1
0 -0.058250 -9.887007 48.212852 0.347384 0.655823 -1
0 1.253788 -9.703606 48.212852 0.338886 0.655823 -1
0 2.437397 -9.171360 48.212852 0.331220 0.655823 -1
0 3.376728 -8.342363 48.212852 0.325136 0.655823 -1
0 3.979800 -5.922767 48.212852 0.321229 0.655823 -1
0 3.979800 -5.922767 48.212852 0.321229 0.103088 -1
0 4.095490 -5.102876 47.074127 0.320480 0.111461 -1
0 3.496902 -5.454745 49.455544 0.324357 0.093952 -1
0 3.585784 -4.642732 47.082169 0.323782 0.111402 -1
0 3.060639 -4.697164 49.455544 0.327183 0.093952 -1
0 2.594834 -3.890343 49.455544 0.330200 0.093952 -1
0 3.041564 -3.598276 47.100441 0.327306 0.111267 -1
0 2.193885 -2.769361 47.114876 0.332797 0.111161 -1
0 1.869324 -3.250050 49.455544 0.334899 0.093952 -1
0 0.955139 -2.838955 49.455544 0.340821 0.093952 -1
0 1.125756 -2.237253 47.124199 0.339715 0.111092 -1
0 -0.058250 -2.053867 47.127357 0.347384 0.111069 -1
0 -0.058250 -2.697300 49.455544 0.347384 0.093952 -1
0 -1.071636 -2.838955 49.455544 0.353948 0.093952 -1
0 -1.242264 -2.237253 47.124199 0.355053 0.111092 -1
0 -2.310395 -2.769361 47.114876 0.361972 0.111161 -1
0 -1.985824 -3.250050 49.455544 0.359870 0.093952 -1
0 -2.711342 -3.890343 49.455544 0.364569 0.093952 -1
0 -3.158059 -3.598276 47.100441 0.367462 0.111267 -1
0 -3.702294 -4.642732 47.082169 0.370987 0.111402 -1
0 -3.177140 -4.697164 49.455544 0.367586 0.093952 -1
0 -5.109177 -5.725286 42.153549 0.380100 0.147638 -1
0 -5.109177 -5.725286 42.153549 0.380100 0.698419 -1
0 -4.883363 -7.011999 45.353546 0.378637 0.674892 -1
0 -4.162728 -8.268649 45.353546 0.373970 0.674892 -1
0 -3.040326 -9.265932 45.353546 0.366700 0.674892 -1
0 -1.626019 -9.906227 45.353546 0.357539 0.674892 -1
0 -0.058251 -10.126858 45.353546 0.347384 0.674892 -1
0 1.509513 -9.906227 45.353546 0.337230 0.674892 -1
0 2.923824 -9.265932 45.353546 0.328069 0.674892 -1
0 4.046227 -8.268649 45.353546 0.320799 0.674892 -1
0 4.766860 -7.011999 45.353546 0.316131 0.674892 -1
0 4.992683 -5.725286 42.153549 0.314669 0.698419 -1
0 4.992683 -5.725286 42.153549 0.314669 0.147638 -1
0 4.372890 -3.709145 41.927750 0.318683 0.149298 -1
0 3.711097 -2.362635 42.153549 0.322970 0.147638 -1
0 2.680358 -1.954107 42.839424 0.329646 0.142595 -1
0 1.381522 -1.953863 42.839470 0.338059 0.142595 -1
0 -0.058251 -1.953773 42.839485 0.347384 0.142594 -1
0 -1.498036 -1.953863 42.839470 0.356710 0.142595 -1
0 -2.796868 -1.954107 42.839424 0.365123 0.142595 -1
0 -3.827599 -2.362635 42.153549 0.371799 0.147638 -1
0 -4.489392 -3.709145 41.927750 0.376086 0.149298 -1
0 -6.282194 -5.729658 33.054436 0.387698 0.765317 -1
0 -5.518461 -6.744013 33.054436 0.382751 0.765317 -1
0 -4.702978 -8.181777 33.054436 0.377469 0.765317 -1
0 -3.432852 -9.322789 33.054436 0.369242 0.765317 -1
0 -1.832373 -10.055367 33.054436 0.358876 0.765317 -1
0 -0.058252 -10.307795 33.054436 0.347384 0.765317 -1
0 1.715876 -10.055367 33.054436 0.335893 0.765317 -1
0 3.316355 -9.322789 33.054436 0.325527 0.765317 -1
0 4.586485 -8.181777 33.054436 0.317300 0.765317 -1
0 5.401964 -6.744013 33.054436 0.312018 0.765317 -1
0 6.165693 -5.729658 33.054436 0.307071 0.765317 -1
0 6.165693 -5.729658 33.054436 0.307071 0.214536 -1
0 5.401964 -2.465561 33.054436 0.312018 0.214536 -1
0 4.586485 -1.027800 33.054436 0.317300 0.214536 -1
0 3.316355 -1.015558 33.110420 0.325527 0.214125 -1
0 1.715876 -1.015276 33.110481 0.335893 0.214124 -1
0 -0.058252 -1.015181 33.110481 0.347384 0.214124 -1
0 -1.832373 -1.015276 33.110481 0.358876 0.214124 -1
0 -3.432852 -1.015558 33.110420 0.369242 0.214125 -1
0 -4.702978 -1.027800 33.054436 0.377469 0.214536 -1
0 -5.518461 -2.465561 33.054436 0.382751 0.214536 -1
0 -6.282194 -5.729658 33.054436 0.387698 0.214536 -1
0 -7.659937 -5.723761 25.405714 0.396622 0.821553 -1
0 -6.727153 -6.624284 25.405714 0.390580 0.821553 -1
0 -5.731143 -8.207755 25.405714 0.384129 0.821553 -1
0 -4.179853 -9.464406 25.405714 0.374081 0.821553 -1
0 -2.225100 -10.271227 25.405714 0.361420 0.821553 -1
0 -0.058252 -10.549234 25.405714 0.347384 0.821553 -1
0 2.108594 -10.271227 25.405714 0.333350 0.821553 -1
0 4.063336 -9.464406 25.405714 0.320688 0.821553 -1
0 5.614629 -8.207755 25.405714 0.310640 0.821553 -1
0 6.610631 -6.624284 25.405714 0.304189 0.821553 -1
0 7.543417 -5.723761 25.405714 0.298147 0.821553 -1
0 7.543417 -5.723761 25.405714 0.298147 0.270771 -1
0 6.610631 -3.931883 25.405714 0.304189 0.270771 -1
0 5.614629 -0.439320 25.405714 0.310640 0.270771 -1
0 4.063336 0.728203 25.405714 0.320688 0.270771 -1
0 2.108594 0.728518 25.405714 0.333350 0.270771 -1
0 -0.058252 0.728621 25.405714 0.347384 0.270771 -1
0 -2.225100 0.728518 25.405714 0.361420 0.270771 -1
0 -4.179853 0.728203 25.405714 0.374081 0.270771 -1
0 -5.731143 -0.439320 25.405714 0.384129 0.270771 -1
0 -6.727153 -3.931883 25.405714 0.390580 0.270771 -1
0 -7.659937 -5.723761 25.405714 0.396622 0.270771 -1
0 -8.486200 -5.687175 22.317915 0.401973 0.844255 -1
0 -6.113482 -8.245274 20.917913 0.386605 0.854548 -1
0 -4.457629 -9.586617 20.917913 0.375880 0.854548 -1
0 -2.371154 -10.447812 20.917913 0.362366 0.854548 -1
0 -0.058265 -10.744560 20.917913 0.347384 0.854548 -1
0 2.254613 -10.447812 20.917913 0.332404 0.854548 -1
0 4.341107 -9.586617 20.917913 0.318889 0.854548 -1
0 5.996968 -8.245274 20.917913 0.308164 0.854548 -1
0 8.369665 -5.687175 22.317915 0.292796 0.844255 -1
0 8.369665 -5.687175 22.317915 0.292796 0.293473 -1
0 5.996968 -2.498396 20.917913 0.308164 0.303767 -1
0 4.341107 0.520037 20.917913 0.318889 0.303767 -1
0 2.254613 2.256229 20.917913 0.332404 0.303767 -1
0 -0.058265 3.282143 20.917913 0.347384 0.303767 -1
0 -2.371154 2.256229 20.917913 0.362366 0.303767 -1
0 -4.457629 0.520037 20.917913 0.375880 0.303767 -1
0 -6.113482 -2.498396 20.917913 0.386605 0.303767 -1
0 -8.486200 -5.687175 22.317915 0.401973 0.293473 -1
0 -8.486200 -5.687175 22.317915 0.410886 0.339158 -1
0 -10.552340 -5.499672 24.250746 0.438710 0.304109 -1
0 -10.038706 -6.627249 24.250700 0.434295 0.304110 -1
0 -9.354776 -7.751463 23.895166 0.428416 0.306930 -1
0 -6.113482 -8.245274 20.917913 0.393302 0.350262 -1
0 -4.457629 -9.586617 20.917913 0.381029 0.350262 -1
0 -4.521683 -10.135787 8.395140 0.386875 0.449588 -1
0 -4.457629 -9.586617 20.917913 0.386324 0.653624 -1
0 -4.521683 -10.135787 8.395140 0.386875 0.750997 -1
0 -2.404827 -11.089778 8.395140 0.368681 0.750997 -1
0 -2.371154 -10.447812 20.917913 0.368391 0.653624 -1
0 -0.058265 -10.744560 20.917913 0.348511 0.653624 -1
0 -0.058269 -11.418499 8.395140 0.348511 0.750997 -1
0 2.288277 -11.089778 8.395140 0.328342 0.750997 -1
0 2.254613 -10.447812 20.917913 0.328632 0.653624 -1
0 4.341107 -9.586617 20.917913 0.310698 0.653624 -1
0 4.405140 -10.135787 8.395140 0.310147 0.750997 -1
0 4.341107 -9.586617 20.917913 0.315821 0.350262 -1
0 4.405140 -10.135787 8.395140 0.310147 0.449588 -1
0 9.238249 -7.751463 23.895166 0.268606 0.306930 -1
0 5.996968 -8.245274 20.917913 0.303549 0.350262 -1
0 8.369665 -5.687175 22.317915 0.285964 0.339158 -1
0 9.922201 -6.627249 24.250700 0.262728 0.304110 -1
0 10.435843 -5.499672 24.250746 0.258313 0.304109 -1
0 11.239889 -3.553919 24.250698 0.251402 0.304110 -1
0 9.919569 -1.465290 23.895166 0.262750 0.306930 -1
0 5.996968 -2.498396 20.917913 0.303549 0.350262 -1
0 4.341107 0.520037 20.917913 0.315821 0.350262 -1
0 4.405141 2.455143 19.645140 0.315346 0.360357 -1
0 4.405141 2.455143 19.645140 0.318474 0.313124 -1
0 2.288282 4.298025 19.645140 0.332186 0.313124 -1
0 -0.058265 4.626745 19.645132 0.347384 0.313124 -1
0 -2.404822 4.298025 19.645140 0.362583 0.313124 -1
0 -4.521678 2.455143 19.645140 0.376295 0.313124 -1
0 -4.457629 0.520037 20.917913 0.381029 0.350262 -1
0 -4.521678 2.455143 19.645140 0.381504 0.360357 -1
0 -10.036104 -1.465290 23.895166 0.434272 0.306930 -1
0 -6.113482 -2.498396 20.917913 0.393302 0.350262 -1
0 -11.356394 -3.553919 24.250713 0.445621 0.304110 -1
0 -13.302246 -4.438593 -1.381180 0.456524 0.503186 -1
0 -12.654049 -5.261997 -1.381180 0.451236 0.503186 -1
0 -11.613296 -5.607919 -1.381180 0.442746 0.503186 -1
0 -5.031933 -8.203514 1.285495 0.391261 0.517246 -1
0 -5.031933 -8.203514 1.285495 0.391261 0.807387 -1
0 -4.161218 -10.724951 -2.881178 0.383777 0.805224 -1
0 -0.058270 -11.057772 -2.881178 0.348511 0.805224 -1
0 4.044669 -10.724951 -2.881178 0.313246 0.805224 -1
0 4.915423 -8.203514 1.285487 0.305762 0.807387 -1
0 4.915423 -8.203514 1.285487 0.305762 0.517246 -1
0 11.496758 -5.607919 -1.381182 0.254213 0.503186 -1
0 12.537502 -5.261997 -1.381182 0.245723 0.503186 -1
0 13.185707 -4.438593 -1.381182 0.240434 0.503186 -1
0 13.525478 -3.105785 -1.381182 0.237663 0.503186 -1
0 11.496758 -2.058384 -1.381182 0.254213 0.503186 -1
0 4.915423 0.210369 -2.714512 0.305762 0.513761 -1
0 2.288282 4.298025 19.645140 0.331034 0.360357 -1
0 4.044669 3.065147 -2.881178 0.313246 0.515083 -1
0 -0.058270 3.397968 -2.881178 0.348511 0.515083 -1
0 -0.058265 4.626745 19.645132 0.348425 0.360357 -1
0 -2.404822 4.298025 19.645140 0.365817 0.360357 -1
0 -4.161218 3.065147 -2.881178 0.383777 0.515083 -1
0 -5.031934 0.210369 -2.714504 0.391261 0.513761 -1
0 -11.613296 -2.058384 -1.381180 0.442746 0.503186 -1
0 -13.642033 -3.105785 -1.381180 0.459296 0.503186 -1
0 -13.302246 -4.438593 -1.381180 0.275248 0.649388 -1
0 -43.635445 -4.421343 -21.657471 0.080499 0.648923 -1
0 -12.654049 -5.261997 -1.381180 0.279410 0.671596 -1
0 -41.502693 -5.039891 -21.657471 0.094192 0.665606 -1
0 -41.502693 -5.039891 -21.657471 0.669925 0.654695 -1
0 -35.312935 -5.597902 -21.657471 0.621933 0.654695 -1
0 -5.118338 -8.511223 -11.824155 0.387821 0.576701 -1
0 -5.031933 -8.203514 1.285495 0.391261 0.567087 -1
0 -5.118338 -8.511223 -11.824155 0.387821 0.624588 -1
0 -2.718508 -11.270170 -11.824155 0.369214 0.624588 -1
0 -4.161218 -10.724951 -2.881178 0.383777 0.564924 -1
0 -0.058270 -11.057772 -2.881178 0.348511 0.564924 -1
0 -0.058271 -11.164589 -11.824155 0.348588 0.624588 -1
0 2.601969 -11.270170 -11.824155 0.327962 0.624588 -1
0 4.044669 -10.724951 -2.881178 0.313246 0.564924 -1
0 4.915423 -8.203514 1.285487 0.305762 0.567087 -1
0 5.001795 -8.511223 -11.824155 0.309355 0.624588 -1
0 5.001795 -8.511223 -11.824155 0.309355 0.576701 -1
0 35.196453 -5.597902 -21.657494 0.075243 0.654695 -1
0 41.386105 -5.039891 -21.657494 0.027252 0.654695 -1
0 43.518978 -4.421343 -21.657494 0.010715 0.654695 -1
0 13.185707 -4.438593 -1.381182 0.445309 0.649388 -1
0 43.518978 -4.421343 -21.657494 0.640057 0.648923 -1
0 13.525478 -3.105785 -1.381182 0.447490 0.613442 -1
0 41.386105 -3.504761 -21.657494 0.626364 0.624203 -1
0 41.386105 -3.504761 -21.657494 0.027252 0.654695 -1
0 35.196453 -2.946753 -21.657494 0.075243 0.654695 -1
0 5.001795 0.272240 -11.824155 0.309355 0.576701 -1
0 2.601969 2.930397 -11.824155 0.327962 0.576701 -1
0 -0.058271 3.269262 -11.824155 0.348588 0.576701 -1
0 -2.718508 2.930397 -11.824155 0.369214 0.576701 -1
0 -5.118338 0.272240 -11.824155 0.387821 0.576701 -1
0 -35.312935 -2.946753 -21.657471 0.621933 0.654695 -1
0 -41.502693 -3.504761 -21.657471 0.669925 0.654695 -1
0 -13.642033 -3.105785 -1.381180 0.273066 0.613442 -1
0 -41.502693 -3.504761 -21.657471 0.094192 0.624203 -1
0 -43.635445 -4.421343 -21.657471 0.686461 0.654695 -1
0 -43.793476 -5.040258 -34.380249 0.687686 0.748020 -1
0 -41.652790 -5.548705 -34.380249 0.671089 0.748020 -1
0 -35.440746 -6.007376 -34.380249 0.622924 0.748020 -1
0 -5.136672 -8.320133 -18.213594 0.387963 0.627379 -1
0 -5.136672 -8.320133 -18.213594 0.387963 0.673313 -1
0 -2.728148 -11.025940 -18.213594 0.369289 0.673313 -1
0 -0.058271 -11.352245 -18.213594 0.348588 0.673313 -1
0 2.611620 -11.025940 -18.213594 0.327887 0.673313 -1
0 5.020135 -8.320133 -18.213594 0.309213 0.673313 -1
0 5.020135 -8.320133 -18.213594 0.309213 0.627379 -1
0 35.324142 -6.007376 -34.380272 0.074253 0.748020 -1
0 41.536186 -5.548705 -34.380272 0.026088 0.748020 -1
0 43.676857 -5.040258 -34.380272 0.009491 0.748020 -1
0 41.536186 -4.277397 -34.380272 0.026088 0.748020 -1
0 35.324142 -3.818722 -34.380272 0.074253 0.748020 -1
0 5.020135 0.075260 -18.213594 0.309213 0.627379 -1
0 2.611620 2.686176 -18.213594 0.327887 0.627379 -1
0 -0.058271 3.012474 -18.213594 0.348588 0.627379 -1
0 -2.728148 2.686176 -18.213594 0.369289 0.627379 -1
0 -5.136672 0.075260 -18.213594 0.387963 0.627379 -1
0 -35.440746 -3.818722 -34.380249 0.622924 0.748020 -1
0 -41.652790 -4.277397 -34.380249 0.671089 0.748020 -1
0 -6.405061 -5.073751 -43.834717 0.403063 0.817375 -1
0 -6.094442 -5.609843 -43.834717 0.400393 0.817375 -1
0 -5.192929 -6.093469 -43.834717 0.392645 0.817375 -1
0 -3.788815 -10.356940 -43.834717 0.380576 0.817375 -1
0 -2.019550 -11.244120 -43.834717 0.365369 0.817375 -1
0 -2.728148 -11.025940 -18.213594 0.369289 0.627379 -1
0 -0.058271 -11.352245 -18.213594 0.348588 0.627379 -1
0 -0.058289 -11.549814 -43.834717 0.348512 0.817375 -1
0 1.902973 -11.244120 -43.834717 0.331654 0.817375 -1
0 2.611620 -11.025940 -18.213594 0.327887 0.627379 -1
0 3.672240 -10.356940 -43.834717 0.316447 0.817375 -1
0 5.076358 -6.093469 -43.834717 0.304378 0.817375 -1
0 5.977851 -5.609843 -43.834717 0.296630 0.817375 -1
0 6.288481 -5.073751 -43.834717 0.293960 0.817375 -1
0 5.977851 -4.308586 -43.834717 0.296630 0.817375 -1
0 5.076358 -3.824970 -43.834717 0.304378 0.817375 -1
0 3.672240 0.573950 -43.834717 0.316447 0.817375 -1
0 1.902973 1.461126 -43.834717 0.331654 0.817375 -1
0 -0.058289 1.766827 -43.834717 0.348512 0.817375 -1
0 -2.019550 1.461126 -43.834717 0.365369 0.817375 -1
0 -3.788815 0.573950 -43.834717 0.380576 0.817375 -1
0 -5.192929 -3.824970 -43.834717 0.392645 0.817375 -1
0 -6.094442 -4.308586 -43.834717 0.400393 0.817375 -1
0 -6.314973 -5.716187 -44.566757 0.402288 0.834449 -1
0 -6.008756 -7.468699 -44.566757 0.399657 0.834449 -1
0 -5.120054 -9.049655 -44.566757 0.392018 0.834449 -1
0 -3.735872 -10.304312 -44.566757 0.380121 0.834449 -1
0 -1.991703 -11.109842 -44.566757 0.365130 0.834449 -1
0 -0.058289 -11.387417 -44.566757 0.348512 0.834449 -1
0 1.875133 -11.109842 -44.566757 0.331893 0.834449 -1
0 3.619297 -10.304312 -44.566757 0.316902 0.834449 -1
0 5.003497 -9.049655 -44.566757 0.305005 0.834449 -1
0 5.892184 -7.468699 -44.566757 0.297366 0.834449 -1
0 6.198401 -5.716187 -44.566757 0.294734 0.834449 -1
0 5.892184 -3.136881 -44.262421 0.297366 0.820767 -1
0 5.003497 -1.575384 -44.502335 0.305005 0.833938 -1
0 3.619296 -0.336174 -44.692719 0.316902 0.835448 -1
0 1.875133 0.459446 -44.814972 0.331893 0.836418 -1
0 -0.058289 0.733595 -44.857101 0.348512 0.836752 -1
0 -1.991703 0.459446 -44.814972 0.365130 0.836418 -1
0 -3.735872 -0.336174 -44.692719 0.380121 0.835448 -1
0 -5.120054 -1.575384 -44.502335 0.392018 0.833938 -1
0 -6.008756 -3.136881 -44.262421 0.399657 0.820767 -1
0 -5.935495 -5.716187 -48.388100 0.386843 0.867587 -1
0 -5.647844 -7.247940 -48.388100 0.384907 0.867587 -1
0 -4.813043 -8.629744 -48.388100 0.379286 0.867587 -1
0 -3.512819 -9.726353 -48.388100 0.370532 0.867587 -1
0 -1.874448 -10.430416 -48.388100 0.359501 0.867587 -1
0 -0.058290 -10.673023 -48.388100 0.347273 0.867587 -1
0 1.757861 -10.430416 -48.388100 0.335045 0.867587 -1
0 3.396231 -9.726353 -48.388100 0.324014 0.867587 -1
0 4.696460 -8.629744 -48.388100 0.315260 0.867587 -1
0 5.531264 -7.247940 -48.388100 0.309639 0.867587 -1
0 5.818915 -5.716187 -48.388100 0.307703 0.867587 -1
0 5.531264 -3.258436 -48.112724 0.309639 0.866263 -1
0 4.696460 -1.893641 -48.322411 0.315260 0.867271 -1
0 3.396231 -0.810535 -48.488823 0.324014 0.868071 -1
0 1.757861 -0.115137 -48.595650 0.335045 0.868585 -1
0 -0.058290 0.124491 -48.632469 0.347273 0.868762 -1
0 -1.874448 -0.115137 -48.595650 0.359501 0.868585 -1
0 -3.512819 -0.810535 -48.488823 0.370532 0.868071 -1
0 -4.813043 -1.893641 -48.322411 0.379286 0.867271 -1
0 -5.647844 -3.258436 -48.112724 0.384907 0.866263 -1
0 -5.205588 -5.719184 -49.297401 0.381929 0.871958 -1
0 -4.953678 -7.160666 -49.297401 0.380233 0.871958 -1
0 -4.222556 -8.461039 -49.297401 0.375310 0.871958 -1
0 -3.083828 -9.493029 -49.297401 0.367643 0.871958 -1
0 -1.648915 -10.155588 -49.297401 0.357982 0.871958 -1
0 -0.058290 -10.383898 -49.297401 0.347273 0.871958 -1
0 1.532329 -10.155588 -49.297401 0.336564 0.871958 -1
0 2.967242 -9.493029 -49.297401 0.326903 0.871958 -1
0 4.105983 -8.461039 -49.297401 0.319236 0.871958 -1
0 4.837111 -7.160666 -49.297401 0.314313 0.871958 -1
0 5.089021 -5.719184 -49.297401 0.312617 0.871958 -1
0 4.837111 -3.853531 -48.984657 0.314313 0.870455 -1
0 4.105983 -2.569155 -49.168907 0.319236 0.871341 -1
0 2.967242 -1.549879 -49.315117 0.326903 0.872043 -1
0 1.532329 -0.895466 -49.409004 0.336564 0.872495 -1
0 -0.058290 -0.669975 -49.441338 0.347273 0.872650 -1
0 -1.648915 -0.895466 -49.409004 0.357982 0.872495 -1
0 -3.083828 -1.549879 -49.315117 0.367643 0.872043 -1
0 -4.222556 -2.569155 -49.168907 0.375310 0.871341 -1
0 -4.953678 -3.853531 -48.984657 0.380233 0.870455 -1
0 -3.456373 -5.719184 -56.151215 0.370152 0.904907 -1
0 -3.290045 -6.797719 -56.151215 0.369032 0.904907 -1
0 -2.807392 -7.770679 -56.151215 0.365782 0.904907 -1
0 -2.055628 -8.542822 -56.151215 0.360721 0.904907 -1
0 -1.108351 -9.038574 -56.151215 0.354343 0.904907 -1
0 -0.058290 -9.209394 -56.151215 0.347273 0.904907 -1
0 0.991776 -9.038574 -56.151215 0.340203 0.904907 -1
0 1.939048 -8.542822 -56.151215 0.333825 0.904907 -1
0 2.690814 -7.770679 -56.151215 0.328764 0.904907 -1
0 3.173464 -6.797719 -56.151215 0.325514 0.904907 -1
0 3.339792 -5.719184 -56.151215 0.324394 0.904907 -1
0 3.173464 -4.640655 -56.151215 0.325514 0.904907 -1
0 2.690814 -3.667690 -56.151215 0.328764 0.904907 -1
0 1.939048 -2.895552 -56.151215 0.333825 0.904907 -1
0 0.991776 -2.399804 -56.151215 0.340203 0.904907 -1
0 -0.058290 -2.228977 -56.151215 0.347273 0.904907 -1
0 -1.108351 -2.399804 -56.151215 0.354343 0.904907 -1
0 -2.055628 -2.895552 -56.151215 0.360721 0.904907 -1
0 -2.807392 -3.667690 -56.151215 0.365782 0.904907 -1
0 -3.290045 -4.640655 -56.151215 0.369032 0.904907 -1
0 7.827831 -6.153492 -33.021034 0.277823 0.816620 -1
0 9.507848 -6.153492 -65.340714 0.265846 0.976405 -1
0 19.650705 -6.153492 -55.249073 0.193534 0.926513 -1
0 7.827831 -3.384550 -33.405640 0.277823 0.818521 -1
0 19.650705 -4.697049 -55.633682 0.193534 0.928415 -1
0 9.507848 -4.697049 -65.725319 0.265846 0.978307 -1
0 4.844963 -5.642370 -32.713341 0.299089 0.815099 -1
0 8.060423 -5.642370 -67.285385 0.276165 0.986020 -1
0 4.844963 -3.895669 -33.097946 0.299089 0.817000 -1
0 8.060423 -5.515862 -67.669998 0.276165 0.987921 -1
0 18.936417 -6.153492 -63.261349 0.198627 0.966125 -1
0 18.936417 -4.697049 -63.645958 0.198627 0.968027 -1
0 20.383835 -5.642370 -64.428253 0.188308 0.971894 -1
0 20.383835 -5.515862 -64.812859 0.188308 0.973796 -1
0 27.936409 -6.153492 -61.249100 0.134463 0.956177 -1
0 27.936409 -4.697049 -61.633709 0.134463 0.958078 -1
0 29.116951 -5.642370 -62.106232 0.126047 0.960414 -1
0 29.116951 -5.515862 -62.490841 0.126047 0.962316 -1
0 27.793558 -6.153492 -56.379677 0.135482 0.932103 -1
0 27.793558 -4.697049 -56.764286 0.135482 0.934004 -1
0 29.240984 -5.642370 -55.212776 0.125163 0.926334 -1
0 29.240984 -5.515862 -55.597385 0.125163 0.928235 -1
0 8.284867 -6.153492 -30.820131 0.274565 0.805739 -1
0 8.284867 -3.384550 -31.204741 0.274565 0.807640 -1
0 6.564908 -5.642370 -29.653215 0.286827 0.799970 -1
0 6.564908 -3.895669 -30.037825 0.286827 0.801871 -1
0 -19.767313 -6.153492 -55.249073 0.193534 0.926513 -1
0 -9.624459 -6.153492 -65.340714 0.265846 0.976405 -1
0 -7.944439 -6.153492 -33.021034 0.277823 0.816620 -1
0 -9.624459 -4.697049 -65.725319 0.265846 0.978307 -1
0 -19.767313 -4.697049 -55.633682 0.193534 0.928415 -1
0 -7.944439 -3.384550 -33.405640 0.277823 0.818521 -1
0 -4.961571 -5.642370 -32.713341 0.299089 0.815099 -1
0 -8.177034 -5.642370 -67.285385 0.276165 0.986020 -1
0 -8.177034 -5.515862 -67.669998 0.276165 0.987921 -1
0 -4.961571 -3.895669 -33.097946 0.299089 0.817000 -1
0 -19.053028 -6.153492 -63.261349 0.198627 0.966125 -1
0 -19.053028 -4.697049 -63.645958 0.198627 0.968027 -1
0 -20.500446 -5.642370 -64.428253 0.188308 0.971894 -1
0 -20.500446 -5.515862 -64.812859 0.188308 0.973796 -1
0 -28.053020 -6.153492 -61.249092 0.134463 0.956177 -1
0 -28.053020 -4.697049 -61.633701 0.134463 0.958078 -1
0 -29.233562 -5.642370 -62.106224 0.126047 0.960414 -1
0 -29.233562 -5.515862 -62.490833 0.126047 0.962316 -1
0 -27.910166 -6.153492 -56.379669 0.135482 0.932103 -1
0 -27.910166 -4.697049 -56.764278 0.135482 0.934004 -1
0 -29.357592 -5.642370 -55.212769 0.125163 0.926334 -1
0 -29.357592 -5.515862 -55.597378 0.125163 0.928235 -1
0 -8.401473 -6.153492 -30.820131 0.274565 0.805739 -1
0 -8.401473 -3.384550 -31.204741 0.274565 0.807640 -1
0 -6.681514 -5.642370 -29.653215 0.286827 0.799970 -1
0 -6.681514 -3.895669 -30.037825 0.286827 0.801871 -1
0 13.949224 1.022468 -48.449108 0.786283 0.446678 -1
0 18.836025 10.265285 -49.273323 0.766612 0.214552 -1
0 19.321274 11.314576 -51.301666 0.737155 0.188290 -1
0 19.718479 9.795900 -49.305038 0.766610 0.214550 -1
0 14.831645 0.553102 -48.480808 0.786282 0.446676 -1
0 20.203716 10.845188 -51.333370 0.737154 0.188289 -1
0 11.080879 -5.379740 -33.498955 1.003722 0.606792 -1
0 11.963295 -5.849121 -33.530655 1.003721 0.606790 -1
0 10.687938 -4.824757 -52.652584 0.735952 0.593747 -1
0 11.570379 -5.294146 -52.684284 0.735951 0.593746 -1
0 15.362592 4.310392 -57.789005 0.662944 0.364527 -1
0 16.245012 3.841002 -57.820698 0.662943 0.364525 -1
0 18.953314 11.327727 -61.739162 0.606795 0.188448 -1
0 19.835737 10.858345 -61.770859 0.606794 0.188447 -1
0 -19.437881 11.314576 -51.301666 0.737155 0.188290 -1
0 -18.952633 10.265285 -49.273323 0.766612 0.214552 -1
0 -14.065831 1.022468 -48.449108 0.786283 0.446678 -1
0 -20.320324 10.845188 -51.333370 0.737154 0.188289 -1
0 -14.948253 0.553102 -48.480808 0.786282 0.446676 -1
0 -19.835087 9.795900 -49.305038 0.766610 0.214550 -1
0 -11.197485 -5.379740 -33.498955 1.003722 0.606792 -1
0 -12.079901 -5.849121 -33.530647 1.003721 0.606790 -1
0 -10.804547 -4.824757 -52.652584 0.735952 0.593747 -1
0 -11.686989 -5.294146 -52.684284 0.735951 0.593746 -1
0 -15.479201 4.310392 -57.789005 0.662944 0.364527 -1
0 -16.361624 3.841002 -57.820698 0.662943 0.364525 -1
0 -19.069925 11.327727 -61.739162 0.606795 0.188448 -1
0 -19.952349 10.858345 -61.770859 0.606794 0.188447 -1
522
-0.000000 0.588961 0.808161
-0.865475 0.014249 0.500750
-0.806666 -0.321747 0.495750
-0.741404 -0.468138 0.480797
-0.000003 -0.875478 0.483259
-0.610403 -0.642428 0.463351
-0.454329 -0.768885 0.449889
-0.230413 -0.872422 0.431033
0.000001 -0.904293 0.426912
0.230412 -0.872422 0.431033
0.454321 -0.768891 0.449888
0.610400 -0.642431 0.463351
0.741412 -0.468125 0.480798
0.806669 -0.321740 0.495750
0.865475 0.014250 0.500749
0.812965 0.324850 0.483281
0.669625 0.598237 0.440130
0.462057 0.782229 0.417876
0.235996 0.893777 0.381404
0.000001 0.921582 0.388184
-0.235997 0.893777 0.381404
-0.462065 0.782224 0.417878
-0.669624 0.598239 0.440130
-0.812962 0.324857 0.483281
-0.924365 0.044042 0.378959
-0.867923 -0.252764 0.427575
-0.869938 -0.414750 0.266816
-0.694616 -0.618906 0.366692
-0.481999 -0.796366 0.365346
-0.238051 -0.900383 0.364200
-0.000000 -0.931839 0.362871
0.238053 -0.900383 0.364200
0.481997 -0.796368 0.365345
0.694618 -0.618905 0.366691
0.869940 -0.414745 0.266815
0.867923 -0.252769 0.427572
0.924364 0.044046 0.378959
0.842060 0.398023 0.364022
0.699166 0.623258 0.350308
0.486201 0.803789 0.342829
0.240526 0.909830 0.338167
-0.000000 0.942001 0.335609
-0.240523 0.909831 0.338167
-0.486203 0.803788 0.342830
-0.699164 0.623260 0.350310
-0.842060 0.398022 0.364023
-0.945592 0.198470 0.257808
-0.879580 -0.362480 0.308135
-0.893352 -0.310264 0.325052
-0.759961 -0.524738 0.383548
-0.503430 -0.781876 0.367735
-0.253541 -0.899498 0.355838
-0.000000 -0.936023 0.351938
0.253542 -0.899497 0.355838
0.503432 -0.781874 0.367734
0.759962 -0.524738 0.383547
0.893352 -0.310267 0.325049
0.879580 -0.362482 0.308132
0.945592 0.198474 0.257807
0.838553 0.483508 0.251097
0.731366 0.623226 0.276936
0.516550 0.800047 0.305124
0.252382 0.912128 0.322994
-0.000000 0.944164 0.329476
-0.252381 0.912129 0.322994
-0.516548 0.800049 0.305124
-0.731365 0.623227 0.276937
-0.838555 0.483504 0.251096
-0.831424 0.494967 0.252472
-0.857728 0.475765 0.194810
-0.960756 0.169465 0.219611
-0.894736 -0.211744 0.393208
-0.794741 -0.488267 0.360530
-0.518682 -0.804774 0.288631
-0.267381 -0.929006 0.255842
0.000000 -0.969661 0.244454
0.267382 -0.929006 0.255841
0.518682 -0.804774 0.288630
0.794740 -0.488267 0.360532
0.894736 -0.211744 0.393207
0.960759 0.169447 0.219613
0.857728 0.475764 0.194810
0.831424 0.494967 0.252472
0.835138 0.513521 0.197082
0.848968 0.489513 0.199074
0.770322 0.598049 0.221227
0.782641 0.576474 0.234842
0.483924 0.847344 0.218691
0.526093 0.815721 0.240469
0.281309 0.924837 0.256010
0.299470 0.938721 0.170649
0.000000 0.987610 0.156928
-0.000000 0.963868 0.266381
-0.281308 0.924837 0.256011
-0.299469 0.938721 0.170650
-0.483925 0.847343 0.218692
-0.526090 0.815723 0.240471
-0.770322 0.598050 0.221227
-0.782641 0.576475 0.234841
-0.835139 0.513519 0.197082
-0.848970 0.489509 0.199077
-0.927817 0.346391 0.138448
-0.983081 -0.142713 0.114822
-0.964279 -0.201294 0.172183
-0.789451 -0.600202 0.128545
-0.542992 -0.836778 0.070443
-0.278520 -0.958892 0.054336
0.000000 -0.998790 0.049181
0.278520 -0.958892 0.054336
0.542992 -0.836778 0.070444
0.789451 -0.600202 0.128546
0.964278 -0.201295 0.172184
0.983081 -0.142714 0.114822
0.927817 0.346392 0.138448
0.916023 0.358224 0.180494
0.688900 0.696347 0.201291
0.235034 0.959003 0.158344
0.075757 0.992540 0.095527
0.000000 0.998215 0.059722
-0.075757 0.992540 0.095527
-0.235035 0.959002 0.158344
-0.688900 0.696347 0.201291
-0.916024 0.358222 0.180493
-0.792872 -0.596973 0.122380
-0.857419 -0.506704 0.089908
-0.777308 -0.625427 0.068068
-0.537565 -0.842040 0.044646
-0.281305 -0.959182 0.028927
-0.000000 -0.999710 0.024073
0.281305 -0.959182 0.028927
0.537565 -0.842040 0.044645
0.777308 -0.625427 0.068067
0.857420 -0.506703 0.089907
0.792874 -0.596971 0.122379
0.962873 0.225292 0.148724
0.922203 0.362526 0.134599
0.502410 0.850986 0.152997
0.134648 0.978652 0.155276
0.000116 0.987326 0.158707
0.000000 0.987326 0.158704
-0.000116 0.987326 0.158707
-0.134649 0.978652 0.155276
-0.502409 0.850986 0.152997
-0.922203 0.362526 0.134600
-0.962873 0.225293 0.148726
-0.724283 -0.675419 0.138648
-0.763171 -0.621357 0.177440
-0.732413 -0.671179 0.114415
-0.509837 -0.858155 0.060301
-0.262546 -0.963900 0.044336
0.000000 -0.999296 0.037517
0.262546 -0.963900 0.044336
0.509837 -0.858155 0.060300
0.732413 -0.671178 0.114414
0.763172 -0.621357 0.177437
0.724283 -0.675419 0.138646
0.911156 0.381798 0.154998
0.911686 0.364177 0.190272
0.770149 0.632374 0.083508
0.315103 0.942877 0.108132
0.130319 0.959786 0.248654
0.000000 0.932348 0.361562
-0.130319 0.959785 0.248655
-0.315104 0.942877 0.108133
-0.770148 0.632375 0.083509
-0.911685 0.364177 0.190275
-0.911156 0.381798 0.155001
-0.742112 -0.644499 0.184097
-0.671831 -0.737985 0.063406
-0.510019 -0.858407 0.054945
-0.256332 -0.965478 0.046332
0.000000 -0.999054 0.043482
0.256331 -0.965478 0.046330
0.510018 -0.858407 0.054944
0.671832 -0.737985 0.063406
0.742114 -0.644497 0.184095
0.891610 0.428383 0.146699
0.847054 0.506745 -0.160338
0.560270 0.766898 0.312992
0.431843 0.690133 0.580714
0.000000 0.780123 0.625627
-0.431843 0.690131 0.580715
-0.560272 0.766897 0.312994
-0.847054 0.506746 -0.160338
-0.891609 0.428384 0.146701
0.644292 0.137781 0.752266
-0.748576 -0.359691 0.557007
-0.239105 -0.267646 0.933378
-0.187430 -0.842458 0.505107
0.632661 0.477708 0.609537
0.351934 -0.418874 0.837071
-0.551427 -0.833073 -0.043792
-0.395846 -0.917203 0.045206
-0.409334 -0.908291 -0.086325
-0.333343 -0.942784 0.006358
-0.256309 -0.965292 0.050174
0.000000 -0.998614 0.052639
0.000000 -0.999941 0.010893
0.333341 -0.942785 0.006358
0.256308 -0.965292 0.050174
0.395844 -0.917204 0.045206
0.409333 -0.908292 -0.086324
-0.351935 -0.418872 0.837071
0.551425 -0.833075 -0.043792
0.187430 -0.842459 0.505107
-0.632663 0.477708 0.609535
-0.644287 0.137781 0.752270
0.239107 -0.267650 0.933376
0.748577 -0.359688 0.557008
0.333124 0.155809 0.929920
0.087593 0.690826 0.717696
-0.561779 -0.188430 0.805542
-0.427476 0.138546 0.893347
0.424768 0.860307 0.281857
0.424566 0.487685 0.762829
0.290674 0.548414 0.784060
0.000000 0.687445 0.726236
-0.290674 0.548414 0.784061
-0.424565 0.487683 0.762831
0.427475 0.138548 0.893347
-0.424769 0.860307 0.281856
-0.087592 0.690826 0.717696
0.561777 -0.188430 0.805544
-0.333119 0.155807 0.929922
-0.893992 -0.441304 0.077643
-0.589901 -0.800128 0.108682
-0.380668 -0.899436 0.214726
-0.456434 -0.882353 0.114550
-0.673348 -0.737590 -0.050625
-0.533926 -0.843683 0.055868
0.000000 -0.999666 -0.025825
0.533922 -0.843686 0.055867
0.673344 -0.737594 -0.050624
0.456433 -0.882353 0.114551
0.380670 -0.899435 0.214727
0.559062 -0.793714 0.239725
0.822830 -0.460649 0.332797
0.804867 0.566471 0.176919
0.373467 0.909184 0.184139
0.632026 0.774901 0.008476
0.516266 0.855920 -0.029500
0.625635 0.778308 -0.053076
0.000000 0.999340 -0.036339
0.000000 0.998516 -0.054468
-0.516268 0.855919 -0.029500
-0.625640 0.778305 -0.053077
-0.632028 0.774900 0.008476
-0.373466 0.909185 0.184137
-0.804868 0.566469 0.176920
-0.534707 -0.273115 0.799685
-0.557044 -0.208123 0.803982
-0.409297 -0.690170 0.596776
-0.259877 -0.896054 0.359931
-0.153121 -0.985967 0.066501
-0.171573 -0.974093 0.147331
-0.095149 -0.995459 -0.002757
-0.917410 -0.391690 -0.070268
-0.754504 -0.656294 0.001457
-0.485805 -0.873885 -0.017873
-0.699902 -0.710842 -0.069573
0.000000 -0.999554 0.029867
0.000000 -0.999787 0.020651
0.485804 -0.873885 -0.017873
0.699895 -0.710849 -0.069571
0.917407 -0.391698 -0.070267
0.754504 -0.656293 0.001456
0.095149 -0.995459 -0.002757
0.171573 -0.974092 0.147332
0.181710 -0.973114 0.141526
0.750236 -0.511720 0.418674
0.550287 -0.140284 0.823107
0.526554 0.393986 0.753337
0.349660 0.813654 0.464440
0.193764 0.981045 -0.002423
0.156897 0.984610 0.076986
0.452439 0.891760 -0.007916
0.499706 0.865147 -0.042594
-0.000000 0.999628 -0.027276
-0.499707 0.865147 -0.042594
-0.452438 0.891761 -0.007916
-0.156896 0.984610 0.076986
-0.193770 0.981044 -0.002423
-0.526558 0.393970 0.753342
-0.349673 0.813638 0.464459
-0.998287 -0.058497 -0.000718
-0.536735 -0.105279 -0.837157
-0.204732 -0.904876 -0.373208
-0.067594 -0.995861 -0.060753
-0.436082 -0.899798 -0.014024
-0.750575 -0.660455 -0.020871
-0.463843 -0.885297 -0.033140
-0.000000 -0.999991 -0.004218
0.463844 -0.885297 -0.033139
0.750576 -0.660454 -0.020870
0.436082 -0.899798 -0.014025
0.067594 -0.995861 -0.060754
0.204730 -0.904876 -0.373210
0.536734 -0.105279 -0.837158
0.240429 0.860962 -0.448261
0.071103 0.989091 -0.129010
0.526420 0.848511 -0.053952
0.455721 0.889024 -0.044197
-0.000000 0.999011 -0.044461
-0.455721 0.889025 -0.044197
-0.526420 0.848511 -0.053952
-0.071103 0.989091 -0.129009
-0.240431 0.860962 -0.448260
-0.879798 -0.056882 -0.471931
-0.696595 -0.712071 -0.087806
-0.594823 -0.752854 0.281773
-0.756343 -0.652649 -0.044661
-0.338208 -0.937564 -0.081172
-0.464005 -0.885817 -0.005290
-0.000000 -0.999979 0.006420
-0.000000 -0.994458 -0.105135
0.338208 -0.937564 -0.081171
0.464006 -0.885816 -0.005291
0.756343 -0.652649 -0.044661
0.594825 -0.752853 0.281773
0.696592 -0.712075 -0.087800
0.879802 -0.056884 -0.471925
0.754508 0.639581 -0.147152
0.561046 0.794326 0.232964
0.737321 0.599138 -0.312076
0.322003 0.855741 -0.404996
-0.000000 0.912765 -0.408486
-0.322003 0.855741 -0.404996
-0.737321 0.599138 -0.312075
-0.561045 0.794327 0.232965
-0.754511 0.639575 -0.147165
-0.994417 -0.018313 -0.103924
-0.872683 -0.366895 0.322199
-0.682445 -0.534877 0.498173
-0.591563 -0.806241 -0.005383
-0.279109 -0.943247 -0.179951
-0.000000 -0.981530 -0.191310
0.279109 -0.943248 -0.179951
0.591561 -0.806242 -0.005383
0.682446 -0.534877 0.498171
0.872683 -0.366894 0.322202
0.994417 -0.018313 -0.103920
0.891224 0.353946 0.283622
0.619175 0.575596 0.534145
0.582556 0.787600 -0.200785
0.270034 0.852532 -0.447515
-0.000000 0.888550 -0.458781
-0.270034 0.852533 -0.447515
-0.582557 0.787600 -0.200783
-0.619174 0.575596 0.534147
-0.891226 0.353947 0.283617
-0.922378 -0.002061 -0.386282
-0.868717 -0.332712 -0.366924
-0.725343 -0.601487 -0.334801
-0.501645 -0.814075 -0.292633
-0.264749 -0.928622 -0.259940
0.000000 -0.969809 -0.243867
0.264749 -0.928622 -0.259940
0.501644 -0.814076 -0.292634
0.725342 -0.601488 -0.334800
0.868718 -0.332714 -0.366920
0.922380 -0.002061 -0.386279
0.858406 0.289493 -0.423477
0.719899 0.536543 -0.440304
0.494850 0.742214 -0.451931
0.259385 0.852818 -0.453233
0.000000 0.892173 -0.451695
-0.259385 0.852819 -0.453233
-0.494851 0.742214 -0.451930
-0.719900 0.536542 -0.440304
-0.858405 0.289492 -0.423479
-0.894521 0.019084 -0.446619
-0.853405 -0.301658 -0.425090
-0.722451 -0.578170 -0.379189
-0.527761 -0.789256 -0.313915
-0.273490 -0.926558 -0.258249
0.000000 -0.970360 -0.241664
0.273490 -0.926558 -0.258249
0.527760 -0.789257 -0.313914
0.722449 -0.578174 -0.379186
0.853406 -0.301659 -0.425087
0.894522 0.019084 -0.446616
0.834724 0.276914 -0.475977
0.707501 0.499562 -0.499881
0.509865 0.700930 -0.498734
0.263454 0.832562 -0.487271
0.000000 0.874467 -0.485084
-0.263454 0.832561 -0.487271
-0.509865 0.700928 -0.498735
-0.707502 0.499558 -0.499883
-0.834723 0.276913 -0.475979
-0.969547 0.000733 -0.244904
-0.925385 -0.293244 -0.240148
-0.779494 -0.586751 -0.219344
-0.585728 -0.786234 -0.196873
-0.294927 -0.938793 -0.178007
-0.000000 -0.985633 -0.168903
0.294928 -0.938792 -0.178007
0.585728 -0.786234 -0.196872
0.779493 -0.586753 -0.219345
0.925384 -0.293243 -0.240150
0.969547 0.000733 -0.244906
0.923934 0.292458 -0.246604
0.780724 0.573823 -0.247382
0.580017 0.778310 -0.240447
0.294461 0.927120 -0.231821
-0.000000 0.974054 -0.226316
-0.294460 0.927120 -0.231821
-0.580016 0.778310 -0.240448
-0.780725 0.573821 -0.247381
-0.923934 0.292460 -0.246602
0.000000 -1.000000 0.000000
0.058986 0.997879 -0.027548
0.018343 0.999656 -0.018751
0.019188 0.999630 -0.019285
-0.167599 -0.985773 0.012759
-0.743523 -0.651877 0.149095
-0.083914 -0.981891 -0.169851
-0.328516 -0.919665 -0.215160
-0.723447 0.676196 0.139225
-0.683612 0.452106 -0.572952
-0.256244 0.966598 0.005173
-0.175539 0.947240 -0.268184
0.000000 1.000000 0.000000
0.078762 -0.942636 -0.324396
0.071939 -0.943331 -0.323961
0.240417 -0.088940 -0.966586
0.115968 0.861779 -0.493850
0.230444 -0.955409 -0.184632
0.475140 -0.851755 -0.220807
0.848805 0.330263 -0.412863
0.382330 0.871804 -0.306239
-0.003982 0.999581 -0.028683
0.919480 -0.242793 0.309207
0.269672 -0.959139 0.085616
0.640890 0.754119 0.143402
0.697125 0.674146 0.244015
0.035850 0.998673 -0.036976
0.153670 -0.931739 0.329012
0.110870 -0.006422 0.993814
-0.040613 0.775752 0.629730
0.440902 0.376501 0.814772
-0.019188 0.999630 -0.019285
-0.018343 0.999656 -0.018751
-0.058986 0.997879 -0.027548
0.083914 -0.981891 -0.169851
0.743523 -0.651877 0.149095
0.167599 -0.985773 0.012759
0.328515 -0.919665 -0.215160
0.683612 0.452106 -0.572952
0.723447 0.676196 0.139224
0.256244 0.966598 0.005173
0.175539 0.947240 -0.268184
-0.078762 -0.942636 -0.324396
-0.071939 -0.943331 -0.323961
-0.240417 -0.088940 -0.966586
-0.115968 0.861779 -0.493850
-0.230444 -0.955409 -0.184632
-0.475140 -0.851755 -0.220807
-0.848805 0.330264 -0.412862
-0.382330 0.871804 -0.306239
0.003982 0.999581 -0.028683
-0.919480 -0.242792 0.309207
-0.269672 -0.959139 0.085617
-0.640890 0.754119 0.143402
-0.697125 0.674146 0.244015
-0.035850 0.998673 -0.036976
-0.153670 -0.931739 0.329012
-0.110870 -0.006422 0.993814
0.040613 0.775752 0.629730
-0.440902 0.376501 0.814772
-0.882427 0.469379 0.031703
-0.882428 0.469379 0.031706
-0.882428 0.469378 0.031705
0.882426 -0.469382 -0.031710
0.882427 -0.469380 -0.031704
0.882426 -0.469381 -0.031709
0.383741 0.679165 0.625681
0.461865 0.851541 0.248110
0.461865 0.851541 0.248110
0.383741 0.679166 0.625681
-0.882427 0.469380 0.031703
0.882427 -0.469380 -0.031703
-0.168487 -0.378229 0.910250
-0.168490 -0.378228 0.910250
-0.882426 0.469382 0.031703
0.882428 -0.469379 -0.031701
-0.412481 -0.739529 -0.531936
-0.412480 -0.739530 -0.531936
-0.882427 0.469380 0.031702
0.882428 -0.469378 -0.031700
-0.235423 -0.382246 -0.893568
-0.235423 -0.382247 -0.893568
-0.882429 0.469377 0.031700
0.882428 -0.469378 -0.031701
0.219646 0.470637 -0.854551
0.219647 0.470636 -0.854551
0.882428 0.469378 0.031705
0.882428 0.469379 0.031706
0.882427 0.469379 0.031703
-0.882426 -0.469381 -0.031709
-0.882427 -0.469380 -0.031704
-0.882426 -0.469382 -0.031710
-0.461865 0.851541 0.248110
-0.461865 0.851541 0.248110
-0.383740 0.679166 0.625681
-0.383741 0.679166 0.625681
0.882427 0.469380 0.031703
-0.882427 -0.469380 -0.031703
0.168490 -0.378228 0.910250
0.168496 -0.378224 0.910250
0.882426 0.469382 0.031703
-0.882428 -0.469379 -0.031701
0.412481 -0.739529 -0.531936
0.412480 -0.739530 -0.531936
0.882427 0.469380 0.031701
-0.882428 -0.469378 -0.031699
0.235423 -0.382246 -0.893568
0.235423 -0.382247 -0.893568
0.882429 0.469377 0.031700
-0.882428 -0.469378 -0.031700
-0.219646 0.470637 -0.854551
-0.219647 0.470636 -0.854551
804
0 0 1 2 0 1 2 1
0 0 2 3 0 2 3 1
0 4 5 6 4 5 6 1
0 4 6 7 4 6 7 1
0 4 7 8 4 7 8 1
0 4 8 9 4 8 9 1
0 4 9 10 4 9 10 1
0 4 10 11 4 10 11 1
0 0 12 13 0 12 13 1
0 0 13 14 0 13 14 1
0 0 14 15 0 14 15 1
0 0 15 16 0 15 16 1
0 0 16 17 0 16 17 1
0 0 17 18 0 17 18 1
0 0 18 19 0 18 19 1
0 0 19 20 0 19 20 1
0 0 20 21 0 20 21 1
0 0 21 22 0 21 22 1
0 0 22 23 0 22 23 1
0 0 23 1 0 23 1 1
0 1 24 25 1 24 25 1
0 1 25 2 1 25 2 1
0 2 25 3 2 25 3 1
0 26 27 5 26 27 5 1
0 5 27 28 5 27 28 1
0 5 28 6 5 28 6 1
0 6 28 7 6 28 7 1
0 28 29 7 28 29 7 1
0 7 29 30 7 29 30 1
0 7 30 8 7 30 8 1
0 8 30 9 8 30 9 1
0 30 31 9 30 31 9 1
0 9 31 32 9 31 32 1
0 9 32 10 9 32 10 1
0 10 32 11 10 32 11 1
0 32 33 11 32 33 11 1
0 11 33 34 11 33 34 1
0 12 35 13 12 35 13 1
0 13 35 14 13 35 14 1
0 35 36 14 35 36 14 1
0 14 36 37 14 36 37 1
0 14 37 15 14 37 15 1
0 15 37 16 15 37 16 1
0 37 38 16 37 38 16 1
0 16 38 39 16 38 39 1
0 16 39 17 16 39 17 1
0 17 39 18 17 39 18 1
0 39 40 18 39 40 18 1
0 18 40 41 18 40 41 1
0 18 41 19 18 41 19 1
0 19 41 20 19 41 20 1
0 41 42 20 41 42 20 1
0 20 42 43 20 42 43 1
0 20 43 21 20 43 21 1
0 21 43 22 21 43 22 1
0 43 44 22 43 44 22 1
0 22 44 45 22 44 45 1
0 22 45 23 22 45 23 1
0 23 45 1 23 45 1 1
0 45 24 1 45 24 1 1
0 24 46 25 24 46 25 1
0 47 48 26 47 48 26 1
0 26 48 49 26 48 49 1
0 26 49 27 26 49 27 1
0 27 49 28 27 49 28 1
0 49 50 28 49 50 28 1
0 28 50 51 28 50 51 1
0 28 51 29 28 51 29 1
0 29 51 30 29 51 30 1
0 51 52 30 51 52 30 1
0 30 52 53 30 52 53 1
0 30 53 31 30 53 31 1
0 31 53 32 31 53 32 1
0 53 54 32 53 54 32 1
0 32 54 55 32 54 55 1
0 32 55 33 32 55 33 1
0 33 55 34 33 55 34 1
0 55 56 34 55 56 34 1
0 34 56 57 34 56 57 1
0 35 58 36 35 58 36 1
0 36 58 37 36 58 37 1
0 58 59 37 58 59 37 1
0 37 59 60 37 59 60 1
0 37 60 38 37 60 38 1
0 38 60 39 38 60 39 1
0 60 61 39 60 61 39 1
0 39 61 62 39 61 62 1
0 39 62 40 39 62 40 1
0 40 62 41 40 62 41 1
0 62 63 41 62 63 41 1
0 41 63 64 41 63 64 1
0 41 64 42 41 64 42 1
0 42 64 43 42 64 43 1
0 64 65 43 64 65 43 1
0 43 65 66 43 65 66 1
0 43 66 44 43 66 44 1
0 44 66 45 44 66 45 1
0 66 67 45 66 67 45 1
0 45 67 46 45 67 46 1
0 45 46 24 45 46 24 1
0 68 69 70 68 69 70 1
0 47 71 48 47 71 48 1
0 48 71 49 48 71 49 1
0 71 72 49 71 72 49 1
0 49 72 73 49 72 73 1
0 49 73 50 49 73 50 1
0 50 73 51 50 73 51 1
0 73 74 51 73 74 51 1
0 51 74 75 51 74 75 1
0 51 75 52 51 75 52 1
0 52 75 53 52 75 53 1
0 75 76 53 75 76 53 1
0 53 76 77 53 76 77 1
0 53 77 54 53 77 54 1
0 54 77 55 54 77 55 1
0 77 78 55 77 78 55 1
0 55 78 79 55 78 79 1
0 55 79 56 55 79 56 1
0 56 79 57 56 79 57 1
0 80 81 82 80 81 82 1
0 82 81 83 82 81 83 1
0 82 83 84 82 83 84 1
0 84 83 85 84 83 85 1
0 83 86 85 83 86 85 1
0 85 86 87 85 86 87 1
0 85 87 88 85 87 88 1
0 88 87 89 88 87 89 1
0 87 90 89 87 90 89 1
0 89 90 91 89 90 91 1
0 89 91 92 89 91 92 1
0 92 91 93 92 91 93 1
0 91 94 93 91 94 93 1
0 93 94 95 93 94 95 1
0 93 95 96 93 95 96 1
0 96 95 97 96 95 97 1
0 95 98 97 95 98 97 1
0 97 98 99 97 98 99 1
0 97 99 100 97 99 100 1
0 100 99 68 100 99 68 1
0 99 69 68 99 69 68 1
0 69 101 70 69 101 70 1
0 102 103 71 102 103 71 1
0 71 103 104 71 103 104 1
0 71 104 72 71 104 72 1
0 72 104 73 72 104 73 1
0 104 105 73 104 105 73 1
0 73 105 106 73 105 106 1
0 73 106 74 73 106 74 1
0 74 106 75 74 106 75 1
0 106 107 75 106 107 75 1
0 75 107 108 75 107 108 1
0 75 108 76 75 108 76 1
0 76 108 77 76 108 77 1
0 108 109 77 108 109 77 1
0 77 109 110 77 109 110 1
0 77 110 78 77 110 78 1
0 78 110 79 78 110 79 1
0 110 111 79 110 111 79 1
0 79 111 112 79 111 112 1
0 80 113 81 80 113 81 1
0 81 113 83 81 113 83 1
0 113 114 83 113 114 83 1
0 83 114 115 83 114 115 1
0 83 115 86 83 115 86 1
0 86 115 87 86 115 87 1
0 115 116 87 115 116 87 1
0 87 116 117 87 116 117 1
0 87 117 90 87 117 90 1
0 90 117 91 90 117 91 1
0 117 118 91 117 118 91 1
0 91 118 119 91 118 119 1
0 91 119 94 91 119 94 1
0 94 119 95 94 119 95 1
0 119 120 95 119 120 95 1
0 95 120 121 95 120 121 1
0 95 121 98 95 121 98 1
0 98 121 99 98 121 99 1
0 121 122 99 121 122 99 1
0 99 122 101 99 122 101 1
0 99 101 69 99 101 69 1
0 102 123 124 102 123 124 1
0 102 124 103 102 124 103 1
0 103 124 104 103 124 104 1
0 124 125 104 124 125 104 1
0 104 125 126 104 125 126 1
0 104 126 105 104 126 105 1
0 105 126 106 105 126 106 1
0 126 127 106 126 127 106 1
0 106 127 128 106 127 128 1
0 106 128 107 106 128 107 1
0 107 128 108 107 128 108 1
0 128 129 108 128 129 108 1
0 108 129 130 108 129 130 1
0 108 130 109 108 130 109 1
0 109 130 110 109 130 110 1
0 130 131 110 130 131 110 1
0 110 131 132 110 131 132 1
0 110 132 111 110 132 111 1
0 111 132 112 111 132 112 1
0 132 133 112 132 133 112 1
0 113 134 135 113 134 135 1
0 113 135 114 113 135 114 1
0 114 135 115 114 135 115 1
0 135 136 115 135 136 115 1
0 115 136 137 115 136 137 1
0 115 137 116 115 137 116 1
0 116 137 117 116 137 117 1
0 137 138 117 137 138 117 1
0 117 138 139 117 138 139 1
0 117 139 118 117 139 118 1
0 118 139 119 118 139 119 1
0 139 140 119 139 140 119 1
0 119 140 141 119 140 141 1
0 119 141 120 119 141 120 1
0 120 141 121 120 141 121 1
0 141 142 121 141 142 121 1
0 121 142 143 121 142 143 1
0 121 143 122 121 143 122 1
0 122 143 101 122 143 101 1
0 143 144 101 143 144 101 1
0 123 145 124 123 145 124 1
0 145 146 124 145 146 124 1
0 124 146 147 124 146 147 1
0 124 147 125 124 147 125 1
0 125 147 126 125 147 126 1
0 147 148 126 147 148 126 1
0 126 148 149 126 148 149 1
0 126 149 127 126 149 127 1
0 127 149 128 127 149 128 1
0 149 150 128 149 150 128 1
0 128 150 151 128 150 151 1
0 128 151 129 128 151 129 1
0 129 151 130 129 151 130 1
0 151 152 130 151 152 130 1
0 130 152 153 130 152 153 1
0 130 153 131 130 153 131 1
0 131 153 132 131 153 132 1
0 153 154 132 153 154 132 1
0 132 154 155 132 154 155 1
0 132 155 133 132 155 133 1
0 134 156 135 134 156 135 1
0 156 157 135 156 157 135 1
0 135 157 158 135 157 158 1
0 135 158 136 135 158 136 1
0 136 158 137 136 158 137 1
0 158 159 137 158 159 137 1
0 137 159 160 137 159 160 1
0 137 160 138 137 160 138 1
0 138 160 139 138 160 139 1
0 160 161 139 160 161 139 1
0 139 161 162 139 161 162 1
0 139 162 140 139 162 140 1
0 140 162 141 140 162 141 1
0 162 163 141 162 163 141 1
0 141 163 164 141 163 164 1
0 141 164 142 141 164 142 1
0 142 164 143 142 164 143 1
0 164 165 143 164 165 143 1
0 143 165 166 143 165 166 1
0 143 166 144 143 166 144 1
0 145 167 167 145 167 167 1
0 145 167 146 145 167 146 1
0 146 167 147 146 167 147 1
0 167 168 147 167 168 147 1
0 147 168 169 147 168 169 1
0 147 169 148 147 169 148 1
0 148 169 149 148 169 149 1
0 169 170 149 169 170 149 1
0 149 170 171 149 170 171 1
0 149 171 150 149 171 150 1
0 150 171 151 150 171 151 1
0 171 172 151 171 172 151 1
0 151 172 173 151 172 173 1
0 151 173 152 151 173 152 1
0 152 173 153 152 173 153 1
0 173 174 153 173 174 153 1
0 153 174 175 153 174 175 1
0 153 175 154 153 175 154 1
0 154 175 155 154 175 155 1
0 175 175 155 175 175 155 1
0 155 175 175 155 175 175 1
0 156 176 157 156 176 157 1
0 157 176 158 157 176 158 1
0 176 177 158 176 177 158 1
0 158 177 178 158 177 178 1
0 158 178 159 158 178 159 1
0 159 178 160 159 178 160 1
0 178 179 160 178 179 160 1
0 160 179 180 160 179 180 1
0 160 180 161 160 180 161 1
0 161 180 162 161 180 162 1
0 180 181 162 180 181 162 1
0 162 181 182 162 181 182 1
0 162 182 163 162 182 163 1
0 163 182 164 163 182 164 1
0 182 183 164 182 183 164 1
0 164 183 184 164 183 184 1
0 164 184 165 164 184 165 1
0 165 184 166 165 184 166 1
0 167 167 145 167 167 145 1
0 185 186 185 185 186 185 1
0 186 187 185 186 187 185 1
0 185 187 188 185 187 188 1
0 185 188 189 185 188 189 1
0 189 188 190 189 188 190 1
0 188 191 190 188 191 190 1
0 192 193 194 192 193 194 1
0 192 194 195 192 194 195 1
0 195 194 196 195 194 196 1
0 194 197 196 194 197 196 1
0 196 197 198 196 197 198 1
0 196 198 199 196 198 199 1
0 199 198 200 199 198 200 1
0 198 201 200 198 201 200 1
0 202 203 204 202 203 204 1
0 202 204 205 202 204 205 1
0 205 204 206 205 204 206 1
0 204 207 206 204 207 206 1
0 206 207 208 206 207 208 1
0 206 208 206 206 208 206 1
0 206 208 206 206 208 206 1
0 208 209 206 208 209 206 1
0 206 209 210 206 209 210 1
0 206 210 211 206 210 211 1
0 211 210 212 211 210 212 1
0 210 213 212 210 213 212 1
0 178 214 215 178 214 215 1
0 178 215 179 178 215 179 1
0 179 215 180 179 215 180 1
0 215 216 180 215 216 180 1
0 180 216 217 180 216 217 1
0 180 217 181 180 217 181 1
0 181 217 182 181 217 182 1
0 217 218 182 217 218 182 1
0 219 220 221 219 220 221 1
0 219 221 222 219 221 222 1
0 222 221 185 222 221 185 1
0 221 223 185 221 223 185 1
0 185 223 186 185 223 186 1
0 185 186 185 185 186 185 1
0 186 224 225 186 224 225 1
0 186 225 187 186 225 187 1
0 187 225 188 187 225 188 1
0 225 226 188 225 226 188 1
0 188 226 227 188 226 227 1
0 188 227 191 188 227 191 1
0 193 228 194 193 228 194 1
0 228 229 194 228 229 194 1
0 194 229 230 194 229 230 1
0 194 230 197 194 230 197 1
0 197 230 198 197 230 198 1
0 230 231 198 230 231 198 1
0 198 231 232 198 231 232 1
0 198 232 201 198 232 201 1
0 203 233 204 203 233 204 1
0 233 234 204 233 234 204 1
0 204 234 235 204 234 235 1
0 204 235 207 204 235 207 1
0 207 235 208 207 235 208 1
0 235 236 208 235 236 208 1
0 208 236 237 208 236 237 1
0 208 237 209 208 237 209 1
0 209 237 210 209 237 210 1
0 237 238 210 237 238 210 1
0 210 238 239 210 238 239 1
0 210 239 213 210 239 213 1
0 213 239 240 213 239 240 1
0 239 241 240 239 241 240 1
0 240 241 242 240 241 242 1
0 240 242 243 240 242 243 1
0 243 242 244 243 242 244 1
0 242 245 244 242 245 244 1
0 244 245 246 244 245 246 1
0 244 246 220 244 246 220 1
0 220 246 221 220 246 221 1
0 246 247 221 246 247 221 1
0 221 247 248 221 247 248 1
0 221 248 223 221 248 223 1
0 223 248 186 223 248 186 1
0 248 224 186 248 224 186 1
0 249 250 251 249 250 251 1
0 250 252 251 250 252 251 1
0 225 253 254 225 253 254 1
0 225 254 226 225 254 226 1
0 226 254 227 226 254 227 1
0 254 255 227 254 255 227 1
0 256 257 258 256 257 258 1
0 256 258 259 256 258 259 1
0 259 258 260 259 258 260 1
0 258 261 260 258 261 260 1
0 260 261 262 260 261 262 1
0 260 262 263 260 262 263 1
0 263 262 264 263 262 264 1
0 262 265 264 262 265 264 1
0 233 266 267 233 266 267 1
0 233 267 234 233 267 234 1
0 234 267 235 234 267 235 1
0 267 268 235 267 268 235 1
0 235 268 269 235 268 269 1
0 235 269 236 235 269 236 1
0 270 271 272 270 271 271 1
0 271 273 272 271 272 271 1
0 237 274 275 237 273 274 1
0 237 275 238 237 274 238 1
0 238 275 239 238 274 239 1
0 275 276 239 274 275 239 1
0 239 276 277 239 275 276 1
0 239 277 241 239 276 241 1
0 241 277 242 241 276 242 1
0 277 278 242 276 277 242 1
0 242 278 279 242 277 278 1
0 242 279 245 242 278 245 1
0 245 279 246 245 278 246 1
0 279 280 246 278 279 246 1
0 246 280 281 246 279 280 1
0 246 281 247 246 280 247 1
0 247 281 248 247 280 248 1
0 281 282 248 280 281 248 1
0 283 284 250 282 283 250 1
0 283 250 249 282 250 249 1
0 285 286 287 284 285 286 1
0 285 287 253 284 286 253 1
0 253 287 254 253 286 254 1
0 287 288 254 286 287 254 1
0 254 288 289 254 287 288 1
0 254 289 255 254 288 255 1
0 257 290 258 257 289 258 1
0 290 291 258 289 290 258 1
0 258 291 292 258 290 291 1
0 258 292 261 258 291 261 1
0 261 292 262 261 291 262 1
0 292 293 262 291 292 262 1
0 262 293 294 262 292 293 1
0 262 294 265 262 293 265 1
0 266 295 267 266 294 267 1
0 295 296 267 294 295 267 1
0 267 296 297 267 295 296 1
0 267 297 268 267 296 268 1
0 268 297 269 268 296 269 1
0 297 298 269 296 297 269 1
0 269 298 299 269 297 298 1
0 269 299 274 269 298 273 1
0 274 299 275 273 298 274 1
0 299 300 275 298 299 274 1
0 275 300 301 274 299 300 1
0 275 301 276 274 300 275 1
0 276 301 277 275 300 276 1
0 301 302 277 300 301 276 1
0 277 302 303 276 301 302 1
0 277 303 278 276 302 277 1
0 278 303 279 277 302 278 1
0 303 304 279 302 303 278 1
0 279 304 305 278 303 304 1
0 279 305 280 278 304 279 1
0 280 305 281 279 304 280 1
0 305 306 281 304 305 280 1
0 281 306 307 280 305 306 1
0 281 307 282 280 306 281 1
0 282 307 285 281 306 284 1
0 307 286 285 306 285 284 1
0 286 308 287 285 307 286 1
0 308 309 287 307 308 286 1
0 287 309 310 286 308 309 1
0 287 310 288 286 309 287 1
0 288 310 289 287 309 288 1
0 310 311 289 309 310 288 1
0 289 311 312 288 310 311 1
0 289 312 313 288 311 312 1
0 313 312 314 312 311 313 1
0 312 315 314 311 314 313 1
0 314 315 316 313 314 315 1
0 314 316 317 313 315 316 1
0 317 316 295 316 315 294 1
0 316 318 295 315 317 294 1
0 295 318 319 294 317 318 1
0 295 319 296 294 318 295 1
0 296 319 297 295 318 296 1
0 319 320 297 318 319 296 1
0 297 320 321 296 319 320 1
0 297 321 298 296 320 297 1
0 298 321 299 297 320 298 1
0 321 322 299 320 321 298 1
0 299 322 323 298 321 322 1
0 299 323 300 298 322 299 1
0 300 323 301 299 322 300 1
0 323 324 301 322 323 300 1
0 301 324 325 300 323 324 1
0 301 325 302 300 324 301 1
0 302 325 303 301 324 302 1
0 325 326 303 324 325 302 1
0 303 326 327 302 325 326 1
0 303 327 304 302 326 303 1
0 304 327 305 303 326 304 1
0 327 328 305 326 327 304 1
0 305 328 329 304 327 328 1
0 305 329 306 304 328 305 1
0 306 329 307 305 328 306 1
0 329 330 307 328 329 306 1
0 307 330 308 306 329 307 1
0 307 308 286 306 307 285 1
0 308 331 332 307 330 331 1
0 308 332 309 307 331 308 1
0 309 332 310 308 331 309 1
0 332 333 310 331 332 309 1
0 310 333 334 309 332 333 1
0 310 334 311 309 333 310 1
0 311 334 312 310 333 311 1
0 334 335 312 333 334 311 1
0 312 335 336 311 334 335 1
0 312 336 315 311 335 314 1
0 315 336 316 314 335 315 1
0 336 337 316 335 336 315 1
0 316 337 338 315 336 337 1
0 316 338 318 315 337 317 1
0 318 338 319 317 337 318 1
0 338 339 319 337 338 318 1
0 319 339 340 318 338 339 1
0 319 340 320 318 339 319 1
0 320 340 321 319 339 320 1
0 340 341 321 339 340 320 1
0 321 341 342 320 340 341 1
0 321 342 322 320 341 321 1
0 322 342 323 321 341 322 1
0 342 343 323 341 342 322 1
0 323 343 344 322 342 343 1
0 323 344 324 322 343 323 1
0 324 344 325 323 343 324 1
0 344 345 325 343 344 324 1
0 325 345 346 324 344 345 1
0 325 346 326 324 345 325 1
0 326 346 327 325 345 326 1
0 346 347 327 345 346 326 1
0 327 347 348 326 346 347 1
0 327 348 328 326 347 327 1
0 328 348 329 327 347 328 1
0 348 349 329 347 348 328 1
0 329 349 350 328 348 349 1
0 329 350 330 328 349 329 1
0 330 350 308 329 349 307 1
0 350 331 308 349 330 307 1
0 331 351 332 330 350 331 1
0 351 352 332 350 351 331 1
0 332 352 353 331 351 352 1
0 332 353 333 331 352 332 1
0 333 353 334 332 352 333 1
0 353 354 334 352 353 333 1
0 334 354 355 333 353 354 1
0 334 355 335 333 354 334 1
0 335 355 336 334 354 335 1
0 355 356 336 354 355 335 1
0 336 356 357 335 355 356 1
0 336 357 337 335 356 336 1
0 337 357 338 336 356 337 1
0 357 358 338 356 357 337 1
0 338 358 359 337 357 358 1
0 338 359 339 337 358 338 1
0 339 359 340 338 358 339 1
0 359 360 340 358 359 339 1
0 340 360 361 339 359 360 1
0 340 361 341 339 360 340 1
0 341 361 342 340 360 341 1
0 361 362 342 360 361 341 1
0 342 362 363 341 361 362 1
0 342 363 343 341 362 342 1
0 343 363 344 342 362 343 1
0 363 364 344 362 363 343 1
0 344 364 365 343 363 364 1
0 344 365 345 343 364 344 1
0 345 365 346 344 364 345 1
0 365 366 346 364 365 345 1
0 346 366 367 345 365 366 1
0 346 367 347 345 366 346 1
0 347 367 348 346 366 347 1
0 367 368 348 366 367 347 1
0 348 368 369 347 367 368 1
0 348 369 349 347 368 348 1
0 349 369 350 348 368 349 1
0 369 370 350 368 369 349 1
0 350 370 351 349 369 350 1
0 350 351 331 349 350 330 1
0 351 371 372 350 370 371 1
0 351 372 352 350 371 351 1
0 352 372 353 351 371 352 1
0 372 373 353 371 372 352 1
0 353 373 374 352 372 373 1
0 353 374 354 352 373 353 1
0 354 374 355 353 373 354 1
0 374 375 355 373 374 354 1
0 355 375 376 354 374 375 1
0 355 376 356 354 375 355 1
0 356 376 357 355 375 356 1
0 376 377 357 375 376 356 1
0 357 377 378 356 376 377 1
0 357 378 358 356 377 357 1
0 358 378 359 357 377 358 1
0 378 379 359 377 378 358 1
0 359 379 380 358 378 379 1
0 359 380 360 358 379 359 1
0 360 380 361 359 379 360 1
0 380 381 361 379 380 360 1
0 361 381 382 360 380 381 1
0 361 382 362 360 381 361 1
0 362 382 363 361 381 362 1
0 382 383 363 381 382 362 1
0 363 383 384 362 382 383 1
0 363 384 364 362 383 363 1
0 364 384 365 363 383 364 1
0 384 385 365 383 384 364 1
0 365 385 386 364 384 385 1
0 365 386 366 364 385 365 1
0 366 386 367 365 385 366 1
0 386 387 367 385 386 366 1
0 367 387 388 366 386 387 1
0 367 388 368 366 387 367 1
0 368 388 369 367 387 368 1
0 388 389 369 387 388 368 1
0 369 389 390 368 388 389 1
0 369 390 370 368 389 369 1
0 370 390 351 369 389 350 1
0 390 371 351 389 370 350 1
0 371 391 372 370 390 371 1
0 391 392 372 390 391 371 1
0 372 392 393 371 391 392 1
0 372 393 373 371 392 372 1
0 373 393 374 372 392 373 1
0 393 394 374 392 393 373 1
0 374 394 395 373 393 394 1
0 374 395 375 373 394 374 1
0 375 395 376 374 394 375 1
0 395 396 376 394 395 375 1
0 376 396 397 375 395 396 1
0 376 397 377 375 396 376 1
0 377 397 378 376 396 377 1
0 397 398 378 396 397 377 1
0 378 398 399 377 397 398 1
0 378 399 379 377 398 378 1
0 379 399 380 378 398 379 1
0 399 400 380 398 399 379 1
0 380 400 401 379 399 400 1
0 380 401 381 379 400 380 1
0 381 401 382 380 400 381 1
0 401 402 382 400 401 381 1
0 382 402 403 381 401 402 1
0 382 403 383 381 402 382 1
0 383 403 384 382 402 383 1
0 403 404 384 402 403 383 1
0 384 404 405 383 403 404 1
0 384 405 385 383 404 384 1
0 385 405 386 384 404 385 1
0 405 406 386 404 405 385 1
0 386 406 407 385 405 406 1
0 386 407 387 385 406 386 1
0 387 407 388 386 406 387 1
0 407 408 388 406 407 387 1
0 388 408 409 387 407 408 1
0 388 409 389 387 408 388 1
0 389 409 390 388 408 389 1
0 409 410 390 408 409 389 1
0 390 410 391 389 409 390 1
0 390 391 371 389 390 370 1
0 411 412 413 410 410 410 2
0 414 415 416 411 412 413 2
0 411 417 412 414 415 416 1
0 417 418 412 415 417 416 1
0 417 419 420 415 418 419 1
0 417 420 418 415 419 417 1
0 419 414 420 418 420 419 1
0 414 416 420 420 421 419 1
0 412 421 413 410 410 410 2
0 416 415 422 413 412 422 2
0 412 418 423 416 417 423 1
0 412 423 421 416 423 424 1
0 418 420 423 417 419 423 1
0 420 424 423 419 425 423 1
0 420 416 422 419 421 426 1
0 420 422 424 419 426 425 1
0 421 425 413 410 410 410 2
0 422 415 426 422 412 422 2
0 421 423 425 424 423 427 1
0 423 427 425 423 428 427 1
0 423 424 428 423 425 429 1
0 423 428 427 423 429 428 1
0 424 422 428 425 426 429 1
0 422 426 428 426 430 429 1
0 425 429 413 410 410 410 2
0 426 415 430 422 412 431 2
0 425 427 431 427 428 432 1
0 425 431 429 427 432 433 1
0 427 428 431 428 429 432 1
0 428 432 431 429 434 432 1
0 428 426 430 429 430 435 1
0 428 430 432 429 435 434 1
0 429 433 413 410 410 410 2
0 430 415 434 431 412 436 2
0 429 431 433 433 432 437 1
0 431 435 433 432 438 437 1
0 431 432 436 432 434 439 1
0 431 436 435 432 439 438 1
0 432 430 436 434 435 439 1
0 430 434 436 435 440 439 1
0 433 411 413 410 410 410 2
0 434 415 414 436 412 411 2
0 433 435 417 437 438 415 1
0 433 417 411 437 415 414 1
0 435 436 417 438 439 415 1
0 436 419 417 439 418 415 1
0 436 434 414 439 440 420 1
0 436 414 419 439 420 418 1
0 437 438 439 410 410 410 2
0 440 441 442 441 442 443 2
0 438 443 439 444 445 446 1
0 438 444 443 444 447 445 1
0 445 446 443 448 449 445 1
0 444 445 443 447 448 445 1
0 445 442 446 448 450 449 1
0 445 440 442 448 451 450 1
0 437 447 438 410 410 410 2
0 448 441 440 422 442 441 2
0 449 444 438 452 447 444 1
0 447 449 438 453 452 444 1
0 449 445 444 452 448 447 1
0 449 450 445 452 454 448 1
0 448 440 445 455 451 448 1
0 450 448 445 454 455 448 1
0 437 451 447 410 410 410 2
0 452 441 448 422 442 422 2
0 451 449 447 456 452 453 1
0 451 453 449 456 457 452 1
0 454 450 449 458 454 452 1
0 453 454 449 457 458 452 1
0 454 448 450 458 455 454 1
0 454 452 448 458 459 455 1
0 437 455 451 410 410 410 2
0 456 441 452 460 442 422 2
0 457 453 451 461 457 456 1
0 455 457 451 462 461 456 1
0 457 454 453 461 458 457 1
0 457 458 454 461 463 458 1
0 456 452 454 464 459 458 1
0 458 456 454 463 464 458 1
0 437 459 455 410 410 410 2
0 460 441 456 465 442 460 2
0 459 457 455 466 461 462 1
0 459 461 457 466 467 461 1
0 462 458 457 468 463 461 1
0 461 462 457 467 468 461 1
0 462 456 458 468 464 463 1
0 462 460 456 468 469 464 1
0 437 439 459 410 410 410 2
0 442 441 460 443 442 465 2
0 443 461 459 445 467 466 1
0 439 443 459 446 445 466 1
0 443 462 461 445 468 467 1
0 443 446 462 445 449 468 1
0 442 460 462 450 469 468 1
0 446 442 462 449 450 468 1
0 463 464 465 470 471 472 2
0 466 467 468 473 474 475 2
0 464 468 465 476 477 478 1
0 464 466 468 476 479 477 1
0 463 469 464 470 480 471 2
0 470 467 466 481 474 473 2
0 470 466 464 482 479 476 1
0 469 470 464 483 482 476 1
0 463 471 469 470 484 480 2
0 472 467 470 485 474 481 2
0 471 470 469 486 482 483 1
0 471 472 470 486 487 482 1
0 463 473 471 470 488 484 2
0 474 467 472 489 474 485 2
0 474 472 471 490 487 486 1
0 473 474 471 491 490 486 1
0 463 475 473 470 492 488 2
0 476 467 474 493 474 489 2
0 475 474 473 494 490 491 1
0 475 476 474 494 495 490 1
0 463 465 475 470 472 492 2
0 468 467 476 475 474 493 2
0 468 476 475 477 495 494 1
0 465 468 475 478 477 494 1
0 477 478 479 496 497 498 2
0 480 481 482 499 500 501 2
0 477 480 478 502 503 504 1
0 480 482 478 503 505 504 1
0 478 483 479 497 506 498 2
0 482 481 484 501 500 507 2
0 478 482 484 504 505 508 1
0 478 484 483 504 508 509 1
0 483 485 479 506 510 498 2
0 484 481 486 507 500 511 2
0 483 484 485 509 508 512 1
0 484 486 485 508 513 512 1
0 485 487 479 510 514 498 2
0 486 481 488 511 500 515 2
0 485 486 488 512 513 516 1
0 485 488 487 512 516 517 1
0 487 489 479 514 518 498 2
0 488 481 490 515 500 519 2
0 487 488 489 517 516 520 1
0 488 490 489 516 521 520 1
0 489 477 479 518 496 498 2
0 490 481 480 519 500 499 2
0 489 490 480 520 521 503 1
0 489 480 477 520 503 502 1
"turretpivot" 1 -1
4
1 0.000000 -46.236038 -1.087616 0.000000 0.000000 -1
1 0.000000 -46.236038 -1.087616 0.000000 1.000000 -1
1 0.000000 -46.236038 -1.087616 1.000000 0.000000 -1
1 0.000000 -46.236038 -1.087616 1.000000 1.000000 -1
1
0.000000 0.000000 0.000000
12
1 0 1 2 0 0 0 1
1 1 3 2 0 0 0 1
1 0 1 2 0 0 0 2
1 1 3 2 0 0 0 2
1 0 1 2 0 0 0 1
1 1 3 2 0 0 0 1
1 0 1 2 0 0 0 2
1 1 3 2 0 0 0 2
1 0 1 2 0 0 0 3
1 1 3 2 0 0 0 3
1 0 1 2 0 0 0 3
1 1 3 2 0 0 0 3
"gunpivot" 0 -1
4
0 0.000000 -4.986038 -72.837616 0.000000 0.000000 -1
0 0.000000 -4.986038 -72.837616 0.000000 1.000000 -1
0 0.000000 -4.986038 -72.837616 1.000000 0.000000 -1
0 0.000000 -4.986038 -72.837616 1.000000 1.000000 -1
1
0.000000 0.000000 0.000000
12
0 0 1 2 0 0 0 1
0 1 3 2 0 0 0 1
0 0 1 2 0 0 0 2
0 1 3 2 0 0 0 2
0 0 1 2 0 0 0 1
0 1 3 2 0 0 0 1
0 0 1 2 0 0 0 2
0 1 3 2 0 0 0 2
0 0 1 2 0 0 0 3
0 1 3 2 0 0 0 3
0 0 1 2 0 0 0 3
0 1 3 2 0 0 0 3

Materials: 3
"hull"
0.200000 0.200000 0.200000 1.000000
1.000000 1.000000 1.000000 1.000000
0.000000 0.000000 0.000000 1.000000
0.254902 0.254902 0.254902 1.000000
0.000000
1.000000
"f35.jpg"
""
"cockpit"
0.200000 0.200000 0.200000 1.000000
1.000000 1.000000 1.000000 1.000000
0.000000 0.000000 0.000000 1.000000
1.000000 1.000000 1.000000 1.000000
0.000000
1.000000
"sphere_cockpit.jpg"
""
"Material02"
0.200000 0.200000 0.200000 1.000000
1.000000 1.000000 1.000000 1.000000
0.000000 0.000000 0.000000 1.000000
1.000000 1.000000 1.000000 1.000000
0.000000
1.000000
"f35.jpg"
""

Bones: 0
GroupComments: 0
MaterialComments: 0
BoneComments: 0
ModelComment: 0
