// MilkShape 3D ASCII

Frames: 30
Frame: 1

Meshes: 3
"Duplicate05" 1 1
26
1 -19.728870 7.899509 -7.899496 0.000000 0.450000 -1
1 -25.120121 7.606531 -7.606518 0.000000 0.400000 -1
1 -25.120121 10.390717 -2.784173 0.083333 0.400000 -1
1 -19.728870 10.790920 -2.891409 0.083333 0.450000 -1
1 -19.728870 10.790924 2.891429 0.166667 0.450000 -1
1 -25.120121 10.390699 2.784190 0.166667 0.400000 -1
1 -25.120121 7.606522 7.606536 0.250000 0.400000 -1
1 -19.728870 7.899500 7.899512 0.250000 0.450000 -1
1 -19.728870 2.891420 10.790933 0.333333 0.450000 -1
1 -25.120121 2.784178 10.390716 0.333333 0.400000 -1
1 -25.120121 -2.784182 10.390704 0.416667 0.400000 -1
1 -19.728870 -2.891420 10.790920 0.416667 0.450000 -1
1 -19.728870 -7.899512 7.899499 0.500000 0.450000 -1
1 -25.120121 -7.606527 7.606518 0.500000 0.400000 -1
1 -25.120121 -10.390712 2.784178 0.583333 0.400000 -1
1 -19.728870 -10.790927 2.891414 0.583333 0.450000 -1
1 -19.728870 -10.790916 -2.891423 0.666667 0.450000 -1
1 -25.120121 -10.390697 -2.784184 0.666667 0.400000 -1
1 -25.120121 -7.606520 -7.606528 0.750000 0.400000 -1
1 -19.728870 -7.899502 -7.899508 0.750000 0.450000 -1
1 -19.728870 -2.891414 -10.790928 0.833333 0.450000 -1
1 -25.120121 -2.784163 -10.390713 0.833333 0.400000 -1
1 -25.120121 2.784182 -10.390699 0.916667 0.400000 -1
1 -19.728870 2.891428 -10.790917 0.916667 0.450000 -1
1 -19.728870 7.899509 -7.899496 1.000000 0.450000 -1
1 -25.120121 7.606531 -7.606518 1.000000 0.400000 -1
26
-0.074030 0.863649 -0.498628
-0.074031 0.863649 -0.498628
-0.076626 0.963086 -0.258057
-0.076625 0.963086 -0.258058
-0.076627 0.963086 0.258059
-0.076629 0.963085 0.258059
-0.076628 0.705028 0.705028
-0.076627 0.705028 0.705028
-0.076627 0.258057 0.963086
-0.076628 0.258057 0.963086
-0.076627 -0.258059 0.963086
-0.076627 -0.258059 0.963086
-0.076628 -0.705028 0.705028
-0.076628 -0.705028 0.705028
-0.076627 -0.963086 0.258057
-0.076627 -0.963086 0.258057
-0.076628 -0.963086 -0.258059
-0.076628 -0.963086 -0.258059
-0.076628 -0.705028 -0.705028
-0.076628 -0.705028 -0.705028
-0.076628 -0.258057 -0.963086
-0.076628 -0.258057 -0.963086
-0.076627 0.258059 -0.963086
-0.076628 0.258059 -0.963085
-0.074031 0.498628 -0.863649
-0.074031 0.498628 -0.863649
24
1 0 1 2 0 1 2 1
1 0 2 3 0 2 3 1
1 3 2 4 3 2 4 1
1 2 5 4 2 5 4 1
1 4 5 6 4 5 6 1
1 4 6 7 4 6 7 1
1 7 6 8 7 6 8 1
1 6 9 8 6 9 8 1
1 8 9 10 8 9 10 1
1 8 10 11 8 10 11 1
1 11 10 12 11 10 12 1
1 10 13 12 10 13 12 1
1 12 13 14 12 13 14 1
1 12 14 15 12 14 15 1
1 15 14 16 15 14 16 1
1 14 17 16 14 17 16 1
1 16 17 18 16 17 18 1
1 16 18 19 16 18 19 1
1 19 18 20 19 18 20 1
1 18 21 20 18 21 20 1
1 20 21 22 20 21 22 1
1 20 22 23 20 22 23 1
1 23 22 24 23 22 24 1
1 22 25 24 22 25 24 1
"Duplicate06" 1 2
26
1 21.050404 7.606531 -7.606518 0.000000 0.600000 -1
1 15.659162 7.899517 -7.899500 0.000000 0.550000 -1
1 21.050404 10.390720 -2.784178 0.083333 0.600000 -1
1 15.659162 10.790926 -2.891411 0.083333 0.550000 -1
1 15.659162 10.790924 2.891429 0.166667 0.550000 -1
1 21.050406 10.390703 2.784188 0.166667 0.600000 -1
1 21.050406 7.606525 7.606534 0.250000 0.600000 -1
1 15.659163 7.899500 7.899512 0.250000 0.550000 -1
1 15.659163 2.891420 10.790933 0.333333 0.550000 -1
1 21.050406 2.784178 10.390716 0.333333 0.600000 -1
1 21.050406 -2.784178 10.390699 0.416667 0.600000 -1
1 15.659163 -2.891418 10.790917 0.416667 0.550000 -1
1 15.659163 -7.899510 7.899497 0.500000 0.550000 -1
1 21.050406 -7.606527 7.606518 0.500000 0.600000 -1
1 21.050406 -10.390709 2.784176 0.583333 0.600000 -1
1 15.659163 -10.790927 2.891413 0.583333 0.550000 -1
1 15.659163 -10.790915 -2.891424 0.666667 0.550000 -1
1 21.050406 -10.390697 -2.784186 0.666667 0.600000 -1
1 21.050406 -7.606520 -7.606528 0.750000 0.600000 -1
1 15.659163 -7.899502 -7.899508 0.750000 0.550000 -1
1 15.659162 -2.891414 -10.790928 0.833333 0.550000 -1
1 21.050406 -2.784163 -10.390714 0.833333 0.600000 -1
1 21.050404 2.784185 -10.390699 0.916667 0.600000 -1
1 15.659162 2.891432 -10.790920 0.916667 0.550000 -1
1 15.659162 7.899517 -7.899500 1.000000 0.550000 -1
1 21.050404 7.606531 -7.606518 1.000000 0.600000 -1
26
0.074032 0.863648 -0.498629
0.074031 0.863649 -0.498628
0.076627 0.963086 -0.258057
0.076625 0.963086 -0.258057
0.076627 0.963086 0.258059
0.076628 0.963085 0.258059
0.076627 0.705028 0.705028
0.076627 0.705028 0.705028
0.076627 0.258057 0.963086
0.076628 0.258057 0.963086
0.076628 -0.258059 0.963086
0.076628 -0.258059 0.963086
0.076628 -0.705028 0.705028
0.076628 -0.705027 0.705028
0.076628 -0.963086 0.258057
0.076628 -0.963086 0.258057
0.076628 -0.963086 -0.258059
0.076628 -0.963086 -0.258059
0.076628 -0.705028 -0.705028
0.076628 -0.705028 -0.705028
0.076628 -0.258057 -0.963086
0.076627 -0.258057 -0.963086
0.076628 0.258059 -0.963086
0.076629 0.258059 -0.963086
0.074032 0.498628 -0.863649
0.074032 0.498628 -0.863649
24
1 0 1 2 0 1 2 1
1 1 3 2 1 3 2 1
1 2 3 4 2 3 4 1
1 2 4 5 2 4 5 1
1 5 4 6 5 4 6 1
1 4 7 6 4 7 6 1
1 6 7 8 6 7 8 1
1 6 8 9 6 8 9 1
1 9 8 10 9 8 10 1
1 8 11 10 8 11 10 1
1 10 11 12 10 11 12 1
1 10 12 13 10 12 13 1
1 13 12 14 13 12 14 1
1 12 15 14 12 15 14 1
1 14 15 16 14 15 16 1
1 14 16 17 14 16 17 1
1 17 16 18 17 16 18 1
1 16 19 18 16 19 18 1
1 18 19 20 18 19 20 1
1 18 20 21 18 20 21 1
1 21 20 22 21 20 22 1
1 20 23 22 20 23 22 1
1 22 23 24 22 23 24 1
1 22 24 25 22 24 25 1
"Regroup01" 1 0
431
1 53.514175 0.000008 0.000001 0.000000 1.000000 -1
1 53.514175 0.000008 0.000001 0.000000 0.950000 -1
1 53.514175 0.000008 0.000001 0.083333 0.950000 -1
1 -53.514175 0.000006 0.000003 0.000000 0.000000 -1
1 -52.389938 1.675440 -0.448928 0.083333 0.050000 -1
1 -52.389938 1.226511 -1.226502 0.000000 0.050000 -1
1 53.514175 0.000008 0.000001 0.083333 1.000000 -1
1 53.514175 0.000008 0.000001 0.166667 0.950000 -1
1 -53.514175 0.000006 0.000003 0.083333 0.000000 -1
1 -52.389938 1.675442 0.448935 0.166667 0.050000 -1
1 53.514175 0.000008 0.000001 0.166667 1.000000 -1
1 53.514175 0.000008 0.000001 0.250000 0.950000 -1
1 -53.514175 0.000006 0.000003 0.166667 0.000000 -1
1 -52.389938 1.226507 1.226510 0.250000 0.050000 -1
1 53.514175 0.000008 0.000001 0.250000 1.000000 -1
1 53.514175 0.000008 0.000001 0.333333 0.950000 -1
1 -53.514175 0.000006 0.000003 0.250000 0.000000 -1
1 -52.389938 0.448940 1.675442 0.333333 0.050000 -1
1 53.514175 0.000008 0.000001 0.333333 1.000000 -1
1 53.514175 0.000008 0.000001 0.416667 0.950000 -1
1 -53.514175 0.000006 0.000003 0.333333 0.000000 -1
1 -52.389938 -0.448935 1.675444 0.416667 0.050000 -1
1 53.514175 0.000008 0.000001 0.416667 1.000000 -1
1 53.514175 0.000008 0.000001 0.500000 0.950000 -1
1 -53.514175 0.000006 0.000003 0.416667 0.000000 -1
1 -52.389938 -1.226498 1.226510 0.500000 0.050000 -1
1 53.514175 0.000008 0.000001 0.500000 1.000000 -1
1 53.514175 0.000008 0.000001 0.583333 0.950000 -1
1 -53.514175 0.000006 0.000003 0.500000 0.000000 -1
1 -52.389938 -1.675436 0.448935 0.583333 0.050000 -1
1 53.514175 0.000008 0.000001 0.583333 1.000000 -1
1 53.514175 0.000008 0.000001 0.666667 0.950000 -1
1 -53.514175 0.000006 0.000003 0.583333 0.000000 -1
1 -52.389938 -1.675438 -0.448929 0.666667 0.050000 -1
1 53.514175 0.000008 0.000001 0.666667 1.000000 -1
1 53.514175 0.000008 0.000001 0.750000 0.950000 -1
1 -53.514175 0.000006 0.000003 0.666667 0.000000 -1
1 -52.389938 -1.226503 -1.226502 0.750000 0.050000 -1
1 53.514175 0.000008 0.000001 0.750000 1.000000 -1
1 53.514175 0.000008 0.000001 0.833333 0.950000 -1
1 -53.514175 0.000006 0.000003 0.750000 0.000000 -1
1 -52.389938 -0.448931 -1.675435 0.833333 0.050000 -1
1 53.514175 0.000008 0.000001 0.833333 1.000000 -1
1 53.514175 0.000008 0.000001 0.916667 0.950000 -1
1 -53.514175 0.000006 0.000003 0.833333 0.000000 -1
1 -52.389938 0.448933 -1.675434 0.916667 0.050000 -1
1 53.514175 0.000008 0.000001 0.916667 1.000000 -1
1 53.514175 0.000008 0.000001 1.000000 0.950000 -1
1 -53.514175 0.000006 0.000003 0.916667 0.000000 -1
1 -52.389938 1.226511 -1.226502 1.000000 0.050000 -1
1 53.514175 0.000008 0.000001 0.000000 0.900000 -1
1 53.514175 0.000008 0.000001 0.083333 0.900000 -1
1 53.514175 0.000008 0.000001 0.166667 0.900000 -1
1 53.514175 0.000008 0.000001 0.250000 0.900000 -1
1 53.514175 0.000008 0.000001 0.333333 0.900000 -1
1 53.514175 0.000008 0.000001 0.416667 0.900000 -1
1 53.514175 0.000008 0.000001 0.500000 0.900000 -1
1 53.514175 0.000008 0.000001 0.583333 0.900000 -1
1 53.514175 0.000008 0.000001 0.666667 0.900000 -1
1 53.514175 0.000008 0.000001 0.750000 0.900000 -1
1 53.514175 0.000008 0.000001 0.833333 0.900000 -1
1 53.514175 0.000008 0.000001 0.916667 0.900000 -1
1 53.514175 0.000008 0.000001 1.000000 0.900000 -1
1 53.514175 0.000008 0.000001 0.000000 0.850000 -1
1 53.514175 0.000008 0.000001 0.083333 0.850000 -1
1 53.514175 0.000008 0.000001 0.166667 0.850000 -1
1 53.514175 0.000008 0.000001 0.250000 0.850000 -1
1 53.514175 0.000008 0.000001 0.333333 0.850000 -1
1 53.514175 0.000008 0.000001 0.416667 0.850000 -1
1 53.514175 0.000008 0.000001 0.500000 0.850000 -1
1 53.514175 0.000008 0.000001 0.583333 0.850000 -1
1 53.514175 0.000008 0.000001 0.666667 0.850000 -1
1 53.514175 0.000008 0.000001 0.750000 0.850000 -1
1 53.514175 0.000008 0.000001 0.833333 0.850000 -1
1 53.514175 0.000008 0.000001 0.916667 0.850000 -1
1 53.514175 0.000008 0.000001 1.000000 0.850000 -1
1 53.383739 4.608475 -4.608462 0.000000 0.800000 -1
1 53.383739 6.295280 -1.686812 0.083333 0.800000 -1
1 53.383739 6.295277 1.686812 0.166667 0.800000 -1
1 53.383739 4.608469 4.608461 0.250000 0.800000 -1
1 53.383739 1.686821 6.295274 0.333333 0.800000 -1
1 53.383739 -1.686808 6.295271 0.416667 0.800000 -1
1 53.383739 -4.608456 4.608459 0.500000 0.800000 -1
1 53.383739 -6.295270 1.686812 0.583333 0.800000 -1
1 53.383739 -6.295267 -1.686814 0.666667 0.800000 -1
1 53.383739 -4.608456 -4.608459 0.750000 0.800000 -1
1 53.383739 -1.686802 -6.295278 0.833333 0.800000 -1
1 53.383739 1.686817 -6.295270 0.916667 0.800000 -1
1 53.383739 4.608475 -4.608462 1.000000 0.800000 -1
1 49.782909 5.543999 -5.543987 0.000000 0.750000 -1
1 49.782909 7.573235 -2.029240 0.083333 0.750000 -1
1 49.782909 7.573236 2.029239 0.166667 0.750000 -1
1 49.782909 5.543991 5.543987 0.250000 0.750000 -1
1 49.782909 2.029242 7.573233 0.333333 0.750000 -1
1 49.782909 -2.029239 7.573226 0.416667 0.750000 -1
1 49.782909 -5.543983 5.543987 0.500000 0.750000 -1
1 49.782909 -7.573223 2.029240 0.583333 0.750000 -1
1 49.782909 -7.573215 -2.029244 0.666667 0.750000 -1
1 49.782909 -5.543983 -5.543989 0.750000 0.750000 -1
1 49.782909 -2.029231 -7.573228 0.833333 0.750000 -1
1 49.782909 2.029251 -7.573225 0.916667 0.750000 -1
1 49.782909 5.543999 -5.543987 1.000000 0.750000 -1
1 45.566887 6.343012 -6.343001 0.000000 0.700000 -1
1 45.566887 8.664713 -2.321695 0.083333 0.700000 -1
1 45.566887 8.664703 2.321704 0.166667 0.700000 -1
1 45.566887 6.343008 6.343003 0.250000 0.700000 -1
1 45.566887 2.321695 8.664709 0.333333 0.700000 -1
1 45.566887 -2.321701 8.664697 0.416667 0.700000 -1
1 45.566887 -6.343002 6.343000 0.500000 0.700000 -1
1 45.566887 -8.664703 2.321692 0.583333 0.700000 -1
1 45.566887 -8.664691 -2.321706 0.666667 0.700000 -1
1 45.566887 -6.342993 -6.343005 0.750000 0.700000 -1
1 45.566887 -2.321687 -8.664708 0.833333 0.700000 -1
1 45.566887 2.321712 -8.664699 0.916667 0.700000 -1
1 45.566887 6.343012 -6.343001 1.000000 0.700000 -1
1 40.839478 6.985846 -6.985831 0.000000 0.650000 -1
1 40.839478 9.542828 -2.556985 0.083333 0.650000 -1
1 40.839478 9.542824 2.556997 0.166667 0.650000 -1
1 40.839478 6.985836 6.985834 0.250000 0.650000 -1
1 40.839478 2.556995 9.542826 0.333333 0.650000 -1
1 40.839478 -2.556992 9.542820 0.416667 0.650000 -1
1 40.839478 -6.985828 6.985827 0.500000 0.650000 -1
1 40.839478 -9.542825 2.556987 0.583333 0.650000 -1
1 40.839478 -9.542813 -2.556995 0.666667 0.650000 -1
1 40.839478 -6.985823 -6.985831 0.750000 0.650000 -1
1 40.839478 -2.556982 -9.542830 0.833333 0.650000 -1
1 40.839478 2.557003 -9.542815 0.916667 0.650000 -1
1 40.839478 6.985846 -6.985831 1.000000 0.650000 -1
1 21.050404 7.456650 -7.456644 0.000000 0.600000 -1
1 21.050404 10.185982 -2.729317 0.083333 0.600000 -1
1 21.050406 10.185968 2.729326 0.166667 0.600000 -1
1 21.050406 7.456648 7.456649 0.250000 0.600000 -1
1 21.050406 2.729317 10.185975 0.333333 0.600000 -1
1 21.050406 -2.729324 10.185960 0.416667 0.600000 -1
1 21.050406 -7.456648 7.456643 0.500000 0.600000 -1
1 21.050406 -10.185969 2.729316 0.583333 0.600000 -1
1 21.050406 -10.185958 -2.729325 0.666667 0.600000 -1
1 21.050406 -7.456640 -7.456651 0.750000 0.600000 -1
1 21.050406 -2.729311 -10.185973 0.833333 0.600000 -1
1 21.050404 2.729332 -10.185965 0.916667 0.600000 -1
1 21.050404 7.456650 -7.456644 1.000000 0.600000 -1
1 15.659162 7.743864 -7.743845 0.000000 0.550000 -1
1 15.659162 10.578310 -2.834440 0.083333 0.550000 -1
1 15.659162 10.578300 2.834453 0.166667 0.550000 -1
1 15.659163 7.743858 7.743860 0.250000 0.550000 -1
1 15.659163 2.834444 10.578309 0.333333 0.550000 -1
1 15.659163 -2.834452 10.578300 0.416667 0.550000 -1
1 15.659163 -7.743855 7.743848 0.500000 0.550000 -1
1 15.659163 -10.578302 2.834442 0.583333 0.550000 -1
1 15.659163 -10.578289 -2.834455 0.666667 0.550000 -1
1 15.659163 -7.743843 -7.743858 0.750000 0.550000 -1
1 15.659162 -2.834439 -10.578308 0.833333 0.550000 -1
1 15.659162 2.834455 -10.578290 0.916667 0.550000 -1
1 15.659162 7.743864 -7.743845 1.000000 0.550000 -1
1 10.131810 7.840393 -7.840378 0.000000 0.500000 -1
1 10.131810 10.710167 -2.869771 0.083333 0.500000 -1
1 10.131811 10.710152 2.869786 0.166667 0.500000 -1
1 10.131811 7.840380 7.840391 0.250000 0.500000 -1
1 10.131811 2.869780 10.710164 0.333333 0.500000 -1
1 10.131811 -2.869781 10.710155 0.416667 0.500000 -1
1 10.131811 -7.840384 7.840374 0.500000 0.500000 -1
1 10.131811 -10.710163 2.869776 0.583333 0.500000 -1
1 10.131811 -10.710150 -2.869786 0.666667 0.500000 -1
1 10.131811 -7.840375 -7.840388 0.750000 0.500000 -1
1 10.131811 -2.869765 -10.710166 0.833333 0.500000 -1
1 10.131810 2.869791 -10.710156 0.916667 0.500000 -1
1 10.131810 7.840393 -7.840378 1.000000 0.500000 -1
1 -19.728870 7.743864 -7.743845 0.000000 0.450000 -1
1 -19.728870 10.578310 -2.834440 0.083333 0.450000 -1
1 -19.728870 10.578300 2.834453 0.166667 0.450000 -1
1 -19.728870 7.743858 7.743860 0.250000 0.450000 -1
1 -19.728870 2.834444 10.578309 0.333333 0.450000 -1
1 -19.728870 -2.834452 10.578300 0.416667 0.450000 -1
1 -19.728870 -7.743855 7.743848 0.500000 0.450000 -1
1 -19.728870 -10.578302 2.834442 0.583333 0.450000 -1
1 -19.728870 -10.578291 -2.834453 0.666667 0.450000 -1
1 -19.728870 -7.743843 -7.743858 0.750000 0.450000 -1
1 -19.728870 -2.834439 -10.578308 0.833333 0.450000 -1
1 -19.728870 2.834455 -10.578290 0.916667 0.450000 -1
1 -19.728870 7.743864 -7.743845 1.000000 0.450000 -1
1 -25.120121 7.456650 -7.456644 0.000000 0.400000 -1
1 -25.120121 10.185978 -2.729313 0.083333 0.400000 -1
1 -25.120121 10.185968 2.729328 0.166667 0.400000 -1
1 -25.120121 7.456644 7.456651 0.250000 0.400000 -1
1 -25.120121 2.729321 10.185980 0.333333 0.400000 -1
1 -25.120121 -2.729328 10.185964 0.416667 0.400000 -1
1 -25.120121 -7.456648 7.456643 0.500000 0.400000 -1
1 -25.120121 -10.185970 2.729319 0.583333 0.400000 -1
1 -25.120121 -10.185960 -2.729325 0.666667 0.400000 -1
1 -25.120121 -7.456638 -7.456651 0.750000 0.400000 -1
1 -25.120121 -2.729311 -10.185972 0.833333 0.400000 -1
1 -25.120121 2.729330 -10.185964 0.916667 0.400000 -1
1 -25.120121 7.456650 -7.456644 1.000000 0.400000 -1
1 -30.242519 6.985842 -6.985827 0.000000 0.350000 -1
1 -30.242519 9.542828 -2.556985 0.083333 0.350000 -1
1 -30.242519 9.542820 2.557002 0.166667 0.350000 -1
1 -30.242519 6.985832 6.985835 0.250000 0.350000 -1
1 -30.242519 2.556992 9.542832 0.333333 0.350000 -1
1 -30.242519 -2.556995 9.542820 0.416667 0.350000 -1
1 -30.242519 -6.985830 6.985830 0.500000 0.350000 -1
1 -30.242519 -9.542825 2.556987 0.583333 0.350000 -1
1 -30.242519 -9.542811 -2.556995 0.666667 0.350000 -1
1 -30.242519 -6.985826 -6.985829 0.750000 0.350000 -1
1 -30.242519 -2.556984 -9.542826 0.833333 0.350000 -1
1 -30.242519 2.557003 -9.542815 0.916667 0.350000 -1
1 -30.242519 6.985842 -6.985827 1.000000 0.350000 -1
1 -34.969929 6.343004 -6.342996 0.000000 0.300000 -1
1 -34.969929 8.664713 -2.321693 0.083333 0.300000 -1
1 -34.969929 8.664700 2.321707 0.166667 0.300000 -1
1 -34.969929 6.343006 6.343008 0.250000 0.300000 -1
1 -34.969929 2.321695 8.664711 0.333333 0.300000 -1
1 -34.969929 -2.321705 8.664698 0.416667 0.300000 -1
1 -34.969929 -6.343006 6.343002 0.500000 0.300000 -1
1 -34.969929 -8.664706 2.321696 0.583333 0.300000 -1
1 -34.969929 -8.664692 -2.321702 0.666667 0.300000 -1
1 -34.969929 -6.342995 -6.343002 0.750000 0.300000 -1
1 -34.969929 -2.321691 -8.664705 0.833333 0.300000 -1
1 -34.969929 2.321709 -8.664696 0.916667 0.300000 -1
1 -34.969929 6.343004 -6.342996 1.000000 0.300000 -1
1 -39.185955 5.543991 -5.543984 0.000000 0.250000 -1
1 -39.185955 7.573231 -2.029238 0.083333 0.250000 -1
1 -39.185955 7.573233 2.029240 0.166667 0.250000 -1
1 -39.185955 5.543991 5.543991 0.250000 0.250000 -1
1 -39.185955 2.029242 7.573235 0.333333 0.250000 -1
1 -39.185955 -2.029243 7.573228 0.416667 0.250000 -1
1 -39.185955 -5.543986 5.543990 0.500000 0.250000 -1
1 -39.185955 -7.573225 2.029243 0.583333 0.250000 -1
1 -39.185955 -7.573219 -2.029241 0.666667 0.250000 -1
1 -39.185955 -5.543986 -5.543986 0.750000 0.250000 -1
1 -39.185955 -2.029232 -7.573227 0.833333 0.250000 -1
1 -39.185955 2.029247 -7.573224 0.916667 0.250000 -1
1 -39.185955 5.543991 -5.543984 1.000000 0.250000 -1
1 -42.786785 4.608467 -4.608456 0.000000 0.200000 -1
1 -42.786785 6.295280 -1.686809 0.083333 0.200000 -1
1 -42.786785 6.295279 1.686818 0.166667 0.200000 -1
1 -42.786785 4.608465 4.608463 0.250000 0.200000 -1
1 -42.786785 1.686819 6.295275 0.333333 0.200000 -1
1 -42.786785 -1.686811 6.295273 0.416667 0.200000 -1
1 -42.786785 -4.608458 4.608462 0.500000 0.200000 -1
1 -42.786785 -6.295270 1.686815 0.583333 0.200000 -1
1 -42.786785 -6.295272 -1.686811 0.666667 0.200000 -1
1 -42.786785 -4.608458 -4.608457 0.750000 0.200000 -1
1 -42.786785 -1.686806 -6.295275 0.833333 0.200000 -1
1 -42.786785 1.686817 -6.295267 0.916667 0.200000 -1
1 -42.786785 4.608467 -4.608456 1.000000 0.200000 -1
1 -45.683743 3.559465 -3.559457 0.000000 0.150000 -1
1 -45.683743 4.862310 -1.302847 0.083333 0.150000 -1
1 -45.683743 4.862316 1.302856 0.166667 0.150000 -1
1 -45.683743 3.559460 3.559460 0.250000 0.150000 -1
1 -45.683743 1.302849 4.862316 0.333333 0.150000 -1
1 -45.683743 -1.302853 4.862314 0.416667 0.150000 -1
1 -45.683743 -3.559454 3.559461 0.500000 0.150000 -1
1 -45.683743 -4.862305 1.302853 0.583333 0.150000 -1
1 -45.683743 -4.862310 -1.302851 0.666667 0.150000 -1
1 -45.683743 -3.559458 -3.559457 0.750000 0.150000 -1
1 -45.683743 -1.302845 -4.862311 0.833333 0.150000 -1
1 -45.683743 1.302855 -4.862306 0.916667 0.150000 -1
1 -45.683743 3.559465 -3.559457 1.000000 0.150000 -1
1 -49.044891 2.422817 -2.422809 0.000000 0.100000 -1
1 -49.044891 3.309631 -0.886809 0.083333 0.100000 -1
1 -49.044891 3.309624 0.886813 0.166667 0.100000 -1
1 -49.044891 2.422813 2.422816 0.250000 0.100000 -1
1 -49.044891 0.886816 3.309625 0.333333 0.100000 -1
1 -49.044891 -0.886806 3.309623 0.416667 0.100000 -1
1 -49.044891 -2.422808 2.422814 0.500000 0.100000 -1
1 -49.044891 -3.309616 0.886812 0.583333 0.100000 -1
1 -49.044891 -3.309618 -0.886807 0.666667 0.100000 -1
1 -49.044891 -2.422811 -2.422808 0.750000 0.100000 -1
1 -49.044891 -0.886808 -3.309619 0.833333 0.100000 -1
1 -49.044891 0.886814 -3.309617 0.916667 0.100000 -1
1 -49.044891 2.422817 -2.422809 1.000000 0.100000 -1
1 28.891544 -2.594010 -1.518160 0.000000 0.000000 -1
1 50.949924 -0.123594 0.952263 0.000000 1.000000 -1
1 28.891544 -1.518153 -2.594015 1.000000 0.000000 -1
1 50.949924 0.952269 -0.123595 1.000000 1.000000 -1
1 28.891544 -1.518153 -2.594015 0.000000 0.000000 -1
1 50.949924 0.952269 -0.123595 0.000000 1.000000 -1
1 31.081625 -11.295763 -12.371647 1.000000 0.000000 -1
1 53.140011 -8.825343 -9.901230 1.000000 1.000000 -1
1 31.081625 -11.295763 -12.371647 0.000000 0.000000 -1
1 53.140011 -8.825343 -9.901230 0.000000 1.000000 -1
1 31.081625 -12.371619 -11.295796 1.000000 0.000000 -1
1 53.140011 -9.901201 -8.825372 1.000000 1.000000 -1
1 31.081625 -12.371619 -11.295796 0.000000 0.000000 -1
1 53.140011 -9.901201 -8.825372 0.000000 1.000000 -1
1 28.891544 -2.594010 -1.518160 1.000000 0.000000 -1
1 50.949924 -0.123594 0.952263 1.000000 1.000000 -1
1 28.891544 -2.594010 -1.518160 0.000000 1.000000 -1
1 28.891544 -1.518153 -2.594015 1.000000 1.000000 -1
1 50.949924 -0.123594 0.952263 0.000000 0.000000 -1
1 50.949924 0.952269 -0.123595 1.000000 0.000000 -1
1 31.739063 -4.900152 -3.824301 0.000000 0.000000 -1
1 50.566517 -2.791576 -1.715727 0.000000 1.000000 -1
1 31.739063 -3.824295 -4.900157 1.000000 0.000000 -1
1 50.566517 -1.715724 -2.791580 1.000000 1.000000 -1
1 31.739063 -3.824295 -4.900157 0.000000 0.000000 -1
1 50.566517 -1.715724 -2.791580 0.000000 1.000000 -1
1 33.929146 -13.601913 -14.677796 1.000000 0.000000 -1
1 52.756603 -11.493333 -12.569217 1.000000 1.000000 -1
1 33.929146 -13.601913 -14.677796 0.000000 0.000000 -1
1 52.756603 -11.493333 -12.569217 0.000000 1.000000 -1
1 33.929146 -14.677764 -13.601940 1.000000 0.000000 -1
1 52.756603 -12.569189 -11.493362 1.000000 1.000000 -1
1 33.929146 -14.677764 -13.601940 0.000000 0.000000 -1
1 52.756603 -12.569189 -11.493362 0.000000 1.000000 -1
1 31.739063 -4.900152 -3.824301 1.000000 0.000000 -1
1 50.566517 -2.791576 -1.715727 1.000000 1.000000 -1
1 31.739063 -4.900152 -3.824301 0.000000 1.000000 -1
1 31.739063 -3.824295 -4.900157 1.000000 1.000000 -1
1 50.566517 -2.791576 -1.715727 0.000000 0.000000 -1
1 50.566517 -1.715724 -2.791580 1.000000 0.000000 -1
1 28.891544 2.594017 1.518156 0.000000 0.000000 -1
1 50.949924 0.123598 -0.952266 0.000000 1.000000 -1
1 28.891544 1.518160 2.594013 1.000000 0.000000 -1
1 50.949924 -0.952261 0.123592 1.000000 1.000000 -1
1 28.891544 1.518160 2.594013 0.000000 0.000000 -1
1 50.949924 -0.952261 0.123592 0.000000 1.000000 -1
1 31.081625 11.295773 12.371646 1.000000 0.000000 -1
1 53.140011 8.825359 9.901225 1.000000 1.000000 -1
1 31.081625 11.295773 12.371646 0.000000 0.000000 -1
1 53.140011 8.825359 9.901225 0.000000 1.000000 -1
1 31.081625 12.371632 11.295789 1.000000 0.000000 -1
1 53.140011 9.901207 8.825369 1.000000 1.000000 -1
1 31.081625 12.371632 11.295789 0.000000 0.000000 -1
1 53.140011 9.901207 8.825369 0.000000 1.000000 -1
1 28.891544 2.594017 1.518156 1.000000 0.000000 -1
1 50.949924 0.123598 -0.952266 1.000000 1.000000 -1
1 28.891544 2.594017 1.518156 0.000000 1.000000 -1
1 28.891544 1.518160 2.594013 1.000000 1.000000 -1
1 50.949924 0.123598 -0.952266 0.000000 0.000000 -1
1 50.949924 -0.952261 0.123592 1.000000 0.000000 -1
1 31.739063 4.900158 3.824298 0.000000 0.000000 -1
1 50.566517 2.791584 1.715723 0.000000 1.000000 -1
1 31.739063 3.824303 4.900151 1.000000 0.000000 -1
1 50.566517 1.715729 2.791575 1.000000 1.000000 -1
1 31.739063 3.824303 4.900151 0.000000 0.000000 -1
1 50.566517 1.715729 2.791575 0.000000 1.000000 -1
1 33.929146 13.601919 14.677796 1.000000 0.000000 -1
1 52.756603 11.493334 12.569209 1.000000 1.000000 -1
1 33.929146 13.601919 14.677796 0.000000 0.000000 -1
1 52.756603 11.493334 12.569209 0.000000 1.000000 -1
1 33.929146 14.677784 13.601933 1.000000 0.000000 -1
1 52.756603 12.569191 11.493353 1.000000 1.000000 -1
1 33.929146 14.677784 13.601933 0.000000 0.000000 -1
1 52.756603 12.569191 11.493353 0.000000 1.000000 -1
1 31.739063 4.900158 3.824298 1.000000 0.000000 -1
1 50.566517 2.791584 1.715723 1.000000 1.000000 -1
1 31.739063 4.900158 3.824298 0.000000 1.000000 -1
1 31.739063 3.824303 4.900151 1.000000 1.000000 -1
1 50.566517 2.791584 1.715723 0.000000 0.000000 -1
1 50.566517 1.715729 2.791575 1.000000 0.000000 -1
1 28.891544 -1.518158 2.594012 0.000000 0.000000 -1
1 50.949924 0.952274 0.123588 0.000000 1.000000 -1
1 28.891544 -2.594007 1.518155 1.000000 0.000000 -1
1 50.949924 -0.123589 -0.952265 1.000000 1.000000 -1
1 28.891544 -2.594007 1.518155 0.000000 0.000000 -1
1 50.949924 -0.123589 -0.952265 0.000000 1.000000 -1
1 31.081625 -12.371643 11.295771 1.000000 0.000000 -1
1 53.140011 -9.901223 8.825351 1.000000 1.000000 -1
1 31.081625 -12.371643 11.295771 0.000000 0.000000 -1
1 53.140011 -9.901223 8.825351 0.000000 1.000000 -1
1 31.081625 -11.295788 12.371628 1.000000 0.000000 -1
1 53.140011 -8.825367 9.901203 1.000000 1.000000 -1
1 31.081625 -11.295788 12.371628 0.000000 0.000000 -1
1 53.140011 -8.825367 9.901203 0.000000 1.000000 -1
1 28.891544 -1.518158 2.594012 1.000000 0.000000 -1
1 50.949924 0.952274 0.123588 1.000000 1.000000 -1
1 28.891544 -1.518158 2.594012 0.000000 1.000000 -1
1 28.891544 -2.594007 1.518155 1.000000 1.000000 -1
1 50.949924 0.952274 0.123588 0.000000 0.000000 -1
1 50.949924 -0.123589 -0.952265 1.000000 0.000000 -1
1 31.739063 -3.824297 4.900153 0.000000 0.000000 -1
1 50.566517 -1.715719 2.791577 0.000000 1.000000 -1
1 31.739063 -4.900154 3.824299 1.000000 0.000000 -1
1 50.566517 -2.791574 1.715722 1.000000 1.000000 -1
1 31.739063 -4.900154 3.824299 0.000000 0.000000 -1
1 50.566517 -2.791574 1.715722 0.000000 1.000000 -1
1 33.929146 -14.677798 13.601921 1.000000 0.000000 -1
1 52.756603 -12.569210 11.493334 1.000000 1.000000 -1
1 33.929146 -14.677798 13.601921 0.000000 0.000000 -1
1 52.756603 -12.569210 11.493334 0.000000 1.000000 -1
1 33.929146 -13.601933 14.677771 1.000000 0.000000 -1
1 52.756603 -11.493354 12.569193 1.000000 1.000000 -1
1 33.929146 -13.601933 14.677771 0.000000 0.000000 -1
1 52.756603 -11.493354 12.569193 0.000000 1.000000 -1
1 31.739063 -3.824297 4.900153 1.000000 0.000000 -1
1 50.566517 -1.715719 2.791577 1.000000 1.000000 -1
1 31.739063 -3.824297 4.900153 0.000000 1.000000 -1
1 31.739063 -4.900154 3.824299 1.000000 1.000000 -1
1 50.566517 -1.715719 2.791577 0.000000 0.000000 -1
1 50.566517 -2.791574 1.715722 1.000000 0.000000 -1
1 28.891544 1.518166 -2.594016 0.000000 0.000000 -1
1 50.949924 -0.952255 -0.123594 0.000000 1.000000 -1
1 28.891544 2.594019 -1.518160 1.000000 0.000000 -1
1 50.949924 0.123594 0.952261 1.000000 1.000000 -1
1 28.891544 2.594019 -1.518160 0.000000 0.000000 -1
1 50.949924 0.123594 0.952261 0.000000 1.000000 -1
1 31.081625 12.371635 -11.295764 1.000000 0.000000 -1
1 53.140011 9.901234 -8.825357 1.000000 1.000000 -1
1 31.081625 12.371635 -11.295764 0.000000 0.000000 -1
1 53.140011 9.901234 -8.825357 0.000000 1.000000 -1
1 31.081625 11.295784 -12.371622 1.000000 0.000000 -1
1 53.140011 8.825371 -9.901209 1.000000 1.000000 -1
1 31.081625 11.295784 -12.371622 0.000000 0.000000 -1
1 53.140011 8.825371 -9.901209 0.000000 1.000000 -1
1 28.891544 1.518166 -2.594016 1.000000 0.000000 -1
1 50.949924 -0.952255 -0.123594 1.000000 1.000000 -1
1 28.891544 1.518166 -2.594016 0.000000 1.000000 -1
1 28.891544 2.594019 -1.518160 1.000000 1.000000 -1
1 50.949924 -0.952255 -0.123594 0.000000 0.000000 -1
1 50.949924 0.123594 0.952261 1.000000 0.000000 -1
1 31.739063 3.824301 -4.900154 0.000000 0.000000 -1
1 50.566517 1.715727 -2.791581 0.000000 1.000000 -1
1 31.739063 4.900154 -3.824300 1.000000 0.000000 -1
1 50.566517 2.791582 -1.715725 1.000000 1.000000 -1
1 31.739063 4.900154 -3.824300 0.000000 0.000000 -1
1 50.566517 2.791582 -1.715725 0.000000 1.000000 -1
1 33.929146 14.677799 -13.601915 1.000000 0.000000 -1
1 52.756603 12.569214 -11.493334 1.000000 1.000000 -1
1 33.929146 14.677799 -13.601915 0.000000 0.000000 -1
1 52.756603 12.569214 -11.493334 0.000000 1.000000 -1
1 33.929146 13.601942 -14.677769 1.000000 0.000000 -1
1 52.756603 11.493355 -12.569188 1.000000 1.000000 -1
1 33.929146 13.601942 -14.677769 0.000000 0.000000 -1
1 52.756603 11.493355 -12.569188 0.000000 1.000000 -1
1 31.739063 3.824301 -4.900154 1.000000 0.000000 -1
1 50.566517 1.715727 -2.791581 1.000000 1.000000 -1
1 31.739063 3.824301 -4.900154 0.000000 1.000000 -1
1 31.739063 4.900154 -3.824300 1.000000 1.000000 -1
1 50.566517 1.715727 -2.791581 0.000000 0.000000 -1
1 50.566517 2.791582 -1.715725 1.000000 0.000000 -1
370
0.000000 0.000000 0.000000
-0.830381 0.482546 -0.278596
-0.670086 0.716991 -0.192117
-0.587304 0.700933 -0.404683
-0.830381 0.557196 -0.000001
-0.600629 0.772284 0.206933
-0.830381 0.482545 0.278599
-0.670085 0.524875 0.524873
-0.830382 0.278599 0.482544
-0.600629 0.206934 0.772284
-0.830382 0.000001 0.557195
-0.670086 -0.192119 0.716991
-0.830382 -0.278601 0.482542
-0.600629 -0.565352 0.565351
-0.830382 -0.482544 0.278600
-0.670086 -0.716990 0.192120
-0.830382 -0.557194 0.000001
-0.600630 -0.772284 -0.206933
-0.830382 -0.482544 -0.278598
-0.670086 -0.524873 -0.524874
-0.830382 -0.278598 -0.482544
-0.600630 -0.206933 -0.772284
-0.830382 0.000001 -0.557195
-0.670085 0.192117 -0.716991
-0.830381 0.278597 -0.482546
-0.587303 0.404682 -0.700933
0.999785 0.017940 -0.010358
0.999800 0.019328 0.005179
0.999800 0.005179 0.019328
0.999800 -0.014149 0.014149
0.999800 -0.019328 -0.005179
0.999800 -0.005179 -0.019328
0.999785 0.010358 -0.017940
0.810824 0.506877 -0.292644
0.671668 0.715609 -0.191746
0.820291 0.552458 0.148030
0.671668 0.523862 0.523862
0.820291 0.148030 0.552458
0.671668 -0.191747 0.715608
0.820291 -0.404427 0.404428
0.671668 -0.715609 0.191746
0.820290 -0.552459 -0.148031
0.671668 -0.523862 -0.523862
0.820290 -0.148030 -0.552459
0.671668 0.191747 -0.715609
0.810824 0.292644 -0.506877
0.292827 0.828064 -0.478082
0.302228 0.920755 -0.246715
0.302228 0.920755 0.246716
0.302227 0.674039 0.674040
0.302228 0.246715 0.920755
0.302228 -0.246716 0.920755
0.302228 -0.674039 0.674039
0.302228 -0.920755 0.246715
0.302227 -0.920755 -0.246716
0.302228 -0.674040 -0.674039
0.302228 -0.246715 -0.920755
0.302228 0.246716 -0.920755
0.292827 0.478082 -0.828064
0.216758 0.845436 -0.488113
0.224026 0.941375 -0.252240
0.224026 0.941375 0.252241
0.224026 0.689134 0.689134
0.224026 0.252239 0.941375
0.224026 -0.252242 0.941375
0.224026 -0.689134 0.689134
0.224027 -0.941375 0.252240
0.224026 -0.941375 -0.252242
0.224026 -0.689134 -0.689134
0.224027 -0.252240 -0.941375
0.224026 0.252241 -0.941375
0.216758 0.488113 -0.845436
0.107863 0.860973 -0.497082
0.111621 0.959890 -0.257200
0.111621 0.959889 0.257202
0.111621 0.702688 0.702688
0.111621 0.257201 0.959890
0.111621 -0.257202 0.959889
0.111621 -0.702688 0.702688
0.111621 -0.959890 0.257201
0.111621 -0.959889 -0.257203
0.111621 -0.702688 -0.702688
0.111621 -0.257201 -0.959890
0.111621 0.257202 -0.959889
0.107863 0.497082 -0.860973
0.052542 0.864828 -0.499311
0.054390 0.964496 -0.258435
0.054390 0.964496 0.258437
0.054390 0.706060 0.706060
0.054390 0.258435 0.964496
0.054391 -0.258437 0.964496
0.054390 -0.706060 0.706060
0.054390 -0.964496 0.258435
0.054390 -0.964496 -0.258437
0.054390 -0.706060 -0.706060
0.054390 -0.258435 -0.964496
0.054390 0.258437 -0.964496
0.052542 0.499310 -0.864829
0.048229 0.865018 -0.499418
0.049925 0.964722 -0.258495
0.049926 0.964721 0.258497
0.049926 0.706225 0.706225
0.049926 0.258495 0.964722
0.049926 -0.258498 0.964721
0.049926 -0.706225 0.706225
0.049926 -0.964722 0.258495
0.049926 -0.964721 -0.258497
0.049926 -0.706225 -0.706225
0.049926 -0.258495 -0.964722
0.049926 0.258498 -0.964721
0.048229 0.499418 -0.865018
0.009718 0.865985 -0.499975
0.010060 0.965877 -0.258805
0.010060 0.965877 0.258807
0.010060 0.707071 0.707071
0.010060 0.258805 0.965877
0.010060 -0.258807 0.965877
0.010060 -0.707071 0.707071
0.010060 -0.965877 0.258805
0.010060 -0.965877 -0.258807
0.010060 -0.707071 -0.707071
0.010060 -0.258805 -0.965877
0.010061 0.258807 -0.965877
0.009718 0.499976 -0.865984
-0.038521 0.865383 -0.499629
-0.039877 0.965158 -0.258612
-0.039877 0.965157 0.258614
-0.039878 0.706544 0.706544
-0.039877 0.258612 0.965158
-0.039877 -0.258614 0.965157
-0.039877 -0.706544 0.706544
-0.039877 -0.965158 0.258612
-0.039877 -0.965157 -0.258614
-0.039877 -0.706545 -0.706544
-0.039877 -0.258612 -0.965158
-0.039877 0.258614 -0.965157
-0.038520 0.499629 -0.865383
-0.098612 0.861804 -0.497563
-0.102056 0.960883 -0.257467
-0.102056 0.960882 0.257469
-0.102056 0.703415 0.703414
-0.102055 0.257467 0.960883
-0.102055 -0.257469 0.960882
-0.102055 -0.703415 0.703415
-0.102056 -0.960883 0.257467
-0.102056 -0.960882 -0.257468
-0.102056 -0.703415 -0.703415
-0.102056 -0.257467 -0.960883
-0.102055 0.257469 -0.960882
-0.098612 0.497563 -0.861804
-0.153669 0.855739 -0.494061
-0.158955 0.953645 -0.255527
-0.158955 0.953645 0.255529
-0.158954 0.698117 0.698116
-0.158955 0.255527 0.953645
-0.158955 -0.255530 0.953645
-0.158954 -0.698117 0.698117
-0.158955 -0.953645 0.255527
-0.158955 -0.953645 -0.255529
-0.158955 -0.698117 -0.698116
-0.158955 -0.255528 -0.953645
-0.158955 0.255529 -0.953645
-0.153669 0.494061 -0.855739
-0.216758 0.845435 -0.488114
-0.224026 0.941375 -0.252240
-0.224026 0.941375 0.252242
-0.224026 0.689135 0.689134
-0.224026 0.252239 0.941375
-0.224026 -0.252242 0.941375
-0.224026 -0.689134 0.689135
-0.224026 -0.941375 0.252239
-0.224026 -0.941375 -0.252242
-0.224026 -0.689135 -0.689134
-0.224026 -0.252240 -0.941375
-0.224026 0.252242 -0.941375
-0.216757 0.488113 -0.845436
-0.292826 0.828064 -0.478083
-0.302228 0.920755 -0.246716
-0.302227 0.920755 0.246716
-0.302228 0.674040 0.674039
-0.302228 0.246715 0.920755
-0.302227 -0.246716 0.920755
-0.302228 -0.674039 0.674039
-0.302228 -0.920755 0.246715
-0.302227 -0.920755 -0.246716
-0.302227 -0.674040 -0.674039
-0.302228 -0.246715 -0.920755
-0.302228 0.246716 -0.920755
-0.292827 0.478083 -0.828064
-0.389598 0.797596 -0.460492
-0.401163 0.884795 -0.237080
-0.401162 0.884795 0.237080
-0.401163 0.647714 0.647715
-0.401163 0.237080 0.884795
-0.401162 -0.237080 0.884795
-0.401163 -0.647715 0.647715
-0.401162 -0.884795 0.237080
-0.401162 -0.884795 -0.237080
-0.401162 -0.647715 -0.647715
-0.401162 -0.237079 -0.884795
-0.401162 0.237080 -0.884795
-0.389598 0.460491 -0.797597
-0.431406 0.781292 -0.451078
-0.443670 0.865653 -0.231951
-0.443671 0.865653 0.231951
-0.443671 0.633702 0.633702
-0.443670 0.231951 0.865653
-0.443670 -0.231952 0.865653
-0.443670 -0.633702 0.633702
-0.443671 -0.865653 0.231952
-0.443671 -0.865653 -0.231950
-0.443670 -0.633702 -0.633702
-0.443671 -0.231950 -0.865653
-0.443670 0.231951 -0.865653
-0.431406 0.451078 -0.781292
-0.429187 0.782207 -0.451609
-0.441418 0.866727 -0.232238
-0.441418 0.866726 0.232240
-0.441418 0.634488 0.634488
-0.441418 0.232239 0.866727
-0.441418 -0.232240 0.866727
-0.441418 -0.634488 0.634488
-0.441417 -0.866727 0.232240
-0.441418 -0.866727 -0.232238
-0.441418 -0.634488 -0.634488
-0.441418 -0.232238 -0.866727
-0.441418 0.232238 -0.866727
-0.429187 0.451607 -0.782208
-0.156434 0.698400 0.698402
-0.156434 0.698400 0.698402
-0.156434 0.698399 0.698403
-0.000000 0.707108 -0.707106
-0.000000 0.707108 -0.707106
-0.000000 0.707108 -0.707106
0.156434 -0.698399 -0.698403
0.156434 -0.698400 -0.698402
0.156434 -0.698401 -0.698401
0.000000 -0.707108 0.707106
0.000000 -0.707108 0.707106
-0.000000 -0.707108 0.707106
-0.987688 -0.110615 -0.110616
-0.987688 -0.110616 -0.110616
-0.987688 -0.110616 -0.110616
0.987688 0.110616 0.110616
0.987688 0.110616 0.110616
0.987688 0.110616 0.110616
-0.156434 0.698401 0.698402
-0.156434 0.698401 0.698401
-0.156434 0.698402 0.698401
0.000000 0.707108 -0.707106
-0.000000 0.707108 -0.707106
-0.000000 0.707108 -0.707106
0.156435 -0.698403 -0.698399
0.156435 -0.698402 -0.698400
0.156435 -0.698400 -0.698402
0.000000 -0.707108 0.707106
0.000000 -0.707108 0.707106
0.000000 -0.707108 0.707106
-0.987688 -0.110616 -0.110616
-0.987688 -0.110616 -0.110616
-0.987688 -0.110616 -0.110616
0.987688 0.110616 0.110616
0.987688 0.110616 0.110616
0.987688 0.110616 0.110616
-0.156434 -0.698401 -0.698401
-0.156434 -0.698401 -0.698401
-0.156434 -0.698401 -0.698402
-0.000000 -0.707107 0.707106
0.000000 -0.707107 0.707106
0.000000 -0.707107 0.707106
0.156434 0.698401 0.698402
0.156434 0.698402 0.698400
0.156434 0.698404 0.698398
0.000000 0.707107 -0.707106
0.000000 0.707108 -0.707106
0.000000 0.707108 -0.707106
-0.987688 0.110616 0.110616
-0.987688 0.110616 0.110616
-0.987688 0.110616 0.110616
0.987688 -0.110616 -0.110616
0.987688 -0.110616 -0.110616
0.987688 -0.110616 -0.110615
-0.156434 -0.698400 -0.698402
-0.156434 -0.698400 -0.698402
-0.156434 -0.698400 -0.698402
-0.000000 -0.707108 0.707106
-0.000000 -0.707108 0.707106
-0.000000 -0.707108 0.707106
0.156435 0.698400 0.698402
0.156435 0.698401 0.698402
0.156435 0.698401 0.698401
0.000001 0.707107 -0.707106
0.000000 0.707107 -0.707106
0.000000 0.707108 -0.707106
-0.987688 0.110616 0.110616
-0.987688 0.110616 0.110616
-0.987688 0.110616 0.110616
0.987688 -0.110616 -0.110616
0.987688 -0.110616 -0.110616
0.987688 -0.110616 -0.110616
-0.156435 0.698404 -0.698398
-0.156435 0.698401 -0.698401
-0.156434 0.698398 -0.698404
-0.000000 -0.707106 -0.707108
-0.000000 -0.707106 -0.707107
-0.000000 -0.707106 -0.707107
0.156434 -0.698402 0.698400
0.156434 -0.698401 0.698401
0.156434 -0.698400 0.698402
0.000000 0.707106 0.707107
0.000000 0.707106 0.707108
-0.000000 0.707106 0.707108
-0.987688 -0.110616 0.110616
-0.987688 -0.110616 0.110615
-0.987688 -0.110616 0.110615
0.987688 0.110615 -0.110616
0.987688 0.110616 -0.110616
0.987688 0.110616 -0.110616
-0.156435 0.698400 -0.698402
-0.156435 0.698400 -0.698402
-0.156435 0.698401 -0.698401
-0.000000 -0.707106 -0.707108
-0.000000 -0.707106 -0.707108
-0.000000 -0.707106 -0.707108
0.156435 -0.698396 0.698406
0.156435 -0.698399 0.698403
0.156435 -0.698402 0.698400
0.000000 0.707106 0.707107
0.000000 0.707106 0.707107
0.000000 0.707106 0.707107
-0.987688 -0.110615 0.110617
-0.987688 -0.110615 0.110616
-0.987688 -0.110615 0.110616
0.987688 0.110616 -0.110616
0.987688 0.110616 -0.110616
0.987688 0.110616 -0.110616
-0.156434 -0.698402 0.698400
-0.156434 -0.698403 0.698400
-0.156435 -0.698403 0.698399
0.000000 0.707106 0.707107
-0.000000 0.707106 0.707107
-0.000000 0.707106 0.707107
0.156433 0.698403 -0.698399
0.156434 0.698400 -0.698402
0.156434 0.698397 -0.698405
0.000000 -0.707106 -0.707107
0.000000 -0.707106 -0.707107
0.000000 -0.707106 -0.707107
-0.987688 0.110616 -0.110615
-0.987688 0.110616 -0.110616
-0.987688 0.110616 -0.110616
0.987688 -0.110616 0.110616
0.987688 -0.110616 0.110616
0.987688 -0.110615 0.110617
-0.156434 -0.698401 0.698401
-0.000000 0.707106 0.707108
-0.000000 0.707106 0.707108
-0.000000 0.707106 0.707108
0.156435 0.698400 -0.698402
0.156435 0.698400 -0.698402
0.156435 0.698399 -0.698403
-0.000000 -0.707106 -0.707108
0.000000 -0.707106 -0.707108
0.000000 -0.707106 -0.707108
-0.987688 0.110616 -0.110616
-0.987688 0.110616 -0.110616
-0.987688 0.110616 -0.110616
0.987688 -0.110616 0.110616
0.987688 -0.110616 0.110616
0.987688 -0.110616 0.110616
552
1 0 1 2 0 0 0 1
1 3 4 5 1 2 3 1
1 6 2 7 0 0 0 1
1 8 9 4 4 5 2 1
1 10 7 11 0 0 0 1
1 12 13 9 6 7 5 1
1 14 11 15 0 0 0 1
1 16 17 13 8 9 7 1
1 18 15 19 0 0 0 1
1 20 21 17 10 11 9 1
1 22 19 23 0 0 0 1
1 24 25 21 12 13 11 1
1 26 23 27 0 0 0 1
1 28 29 25 14 15 13 1
1 30 27 31 0 0 0 1
1 32 33 29 16 17 15 1
1 34 31 35 0 0 0 1
1 36 37 33 18 19 17 1
1 38 35 39 0 0 0 1
1 40 41 37 20 21 19 1
1 42 39 43 0 0 0 1
1 44 45 41 22 23 21 1
1 46 43 47 0 0 0 1
1 48 49 45 24 25 23 1
1 1 50 51 0 0 0 1
1 1 51 2 0 0 0 1
1 2 51 7 0 0 0 1
1 51 52 7 0 0 0 1
1 7 52 53 0 0 0 1
1 7 53 11 0 0 0 1
1 11 53 15 0 0 0 1
1 53 54 15 0 0 0 1
1 15 54 55 0 0 0 1
1 15 55 19 0 0 0 1
1 19 55 23 0 0 0 1
1 55 56 23 0 0 0 1
1 23 56 57 0 0 0 1
1 23 57 27 0 0 0 1
1 27 57 31 0 0 0 1
1 57 58 31 0 0 0 1
1 31 58 59 0 0 0 1
1 31 59 35 0 0 0 1
1 35 59 39 0 0 0 1
1 59 60 39 0 0 0 1
1 39 60 61 0 0 0 1
1 39 61 43 0 0 0 1
1 43 61 47 0 0 0 1
1 61 62 47 0 0 0 1
1 50 63 51 0 26 0 1
1 63 64 51 26 0 0 1
1 51 64 65 0 0 27 1
1 51 65 52 0 27 0 1
1 52 65 53 0 27 0 1
1 65 66 53 27 0 0 1
1 53 66 67 0 0 28 1
1 53 67 54 0 28 0 1
1 54 67 55 0 28 0 1
1 67 68 55 28 0 0 1
1 55 68 69 0 0 29 1
1 55 69 56 0 29 0 1
1 56 69 57 0 29 0 1
1 69 70 57 29 0 0 1
1 57 70 71 0 0 30 1
1 57 71 58 0 30 0 1
1 58 71 59 0 30 0 1
1 71 72 59 30 0 0 1
1 59 72 73 0 0 31 1
1 59 73 60 0 31 0 1
1 60 73 61 0 31 0 1
1 73 74 61 31 0 0 1
1 61 74 75 0 0 32 1
1 61 75 62 0 32 0 1
1 63 76 77 26 33 34 1
1 63 77 64 26 34 0 1
1 64 77 65 0 34 27 1
1 77 78 65 34 35 27 1
1 65 78 79 27 35 36 1
1 65 79 66 27 36 0 1
1 66 79 67 0 36 28 1
1 79 80 67 36 37 28 1
1 67 80 81 28 37 38 1
1 67 81 68 28 38 0 1
1 68 81 69 0 38 29 1
1 81 82 69 38 39 29 1
1 69 82 83 29 39 40 1
1 69 83 70 29 40 0 1
1 70 83 71 0 40 30 1
1 83 84 71 40 41 30 1
1 71 84 85 30 41 42 1
1 71 85 72 30 42 0 1
1 72 85 73 0 42 31 1
1 85 86 73 42 43 31 1
1 73 86 87 31 43 44 1
1 73 87 74 31 44 0 1
1 74 87 75 0 44 32 1
1 87 88 75 44 45 32 1
1 76 89 77 33 46 34 1
1 89 90 77 46 47 34 1
1 77 90 91 34 47 48 1
1 77 91 78 34 48 35 1
1 78 91 79 35 48 36 1
1 91 92 79 48 49 36 1
1 79 92 93 36 49 50 1
1 79 93 80 36 50 37 1
1 80 93 81 37 50 38 1
1 93 94 81 50 51 38 1
1 81 94 95 38 51 52 1
1 81 95 82 38 52 39 1
1 82 95 83 39 52 40 1
1 95 96 83 52 53 40 1
1 83 96 97 40 53 54 1
1 83 97 84 40 54 41 1
1 84 97 85 41 54 42 1
1 97 98 85 54 55 42 1
1 85 98 99 42 55 56 1
1 85 99 86 42 56 43 1
1 86 99 87 43 56 44 1
1 99 100 87 56 57 44 1
1 87 100 101 44 57 58 1
1 87 101 88 44 58 45 1
1 89 102 103 46 59 60 1
1 89 103 90 46 60 47 1
1 90 103 91 47 60 48 1
1 103 104 91 60 61 48 1
1 91 104 105 48 61 62 1
1 91 105 92 48 62 49 1
1 92 105 93 49 62 50 1
1 105 106 93 62 63 50 1
1 93 106 107 50 63 64 1
1 93 107 94 50 64 51 1
1 94 107 95 51 64 52 1
1 107 108 95 64 65 52 1
1 95 108 109 52 65 66 1
1 95 109 96 52 66 53 1
1 96 109 97 53 66 54 1
1 109 110 97 66 67 54 1
1 97 110 111 54 67 68 1
1 97 111 98 54 68 55 1
1 98 111 99 55 68 56 1
1 111 112 99 68 69 56 1
1 99 112 113 56 69 70 1
1 99 113 100 56 70 57 1
1 100 113 101 57 70 58 1
1 113 114 101 70 71 58 1
1 102 115 103 59 72 60 1
1 115 116 103 72 73 60 1
1 103 116 117 60 73 74 1
1 103 117 104 60 74 61 1
1 104 117 105 61 74 62 1
1 117 118 105 74 75 62 1
1 105 118 119 62 75 76 1
1 105 119 106 62 76 63 1
1 106 119 107 63 76 64 1
1 119 120 107 76 77 64 1
1 107 120 121 64 77 78 1
1 107 121 108 64 78 65 1
1 108 121 109 65 78 66 1
1 121 122 109 78 79 66 1
1 109 122 123 66 79 80 1
1 109 123 110 66 80 67 1
1 110 123 111 67 80 68 1
1 123 124 111 80 81 68 1
1 111 124 125 68 81 82 1
1 111 125 112 68 82 69 1
1 112 125 113 69 82 70 1
1 125 126 113 82 83 70 1
1 113 126 127 70 83 84 1
1 113 127 114 70 84 71 1
1 115 128 129 72 85 86 1
1 115 129 116 72 86 73 1
1 116 129 117 73 86 74 1
1 129 130 117 86 87 74 1
1 117 130 131 74 87 88 1
1 117 131 118 74 88 75 1
1 118 131 119 75 88 76 1
1 131 132 119 88 89 76 1
1 119 132 133 76 89 90 1
1 119 133 120 76 90 77 1
1 120 133 121 77 90 78 1
1 133 134 121 90 91 78 1
1 121 134 135 78 91 92 1
1 121 135 122 78 92 79 1
1 122 135 123 79 92 80 1
1 135 136 123 92 93 80 1
1 123 136 137 80 93 94 1
1 123 137 124 80 94 81 1
1 124 137 125 81 94 82 1
1 137 138 125 94 95 82 1
1 125 138 139 82 95 96 1
1 125 139 126 82 96 83 1
1 126 139 127 83 96 84 1
1 139 140 127 96 97 84 1
1 128 141 129 85 98 86 1
1 141 142 129 98 99 86 1
1 129 142 143 86 99 100 1
1 129 143 130 86 100 87 1
1 130 143 131 87 100 88 1
1 143 144 131 100 101 88 1
1 131 144 145 88 101 102 1
1 131 145 132 88 102 89 1
1 132 145 133 89 102 90 1
1 145 146 133 102 103 90 1
1 133 146 147 90 103 104 1
1 133 147 134 90 104 91 1
1 134 147 135 91 104 92 1
1 147 148 135 104 105 92 1
1 135 148 149 92 105 106 1
1 135 149 136 92 106 93 1
1 136 149 137 93 106 94 1
1 149 150 137 106 107 94 1
1 137 150 151 94 107 108 1
1 137 151 138 94 108 95 1
1 138 151 139 95 108 96 1
1 151 152 139 108 109 96 1
1 139 152 153 96 109 110 1
1 139 153 140 96 110 97 1
1 141 154 155 98 111 112 1
1 141 155 142 98 112 99 1
1 142 155 143 99 112 100 1
1 155 156 143 112 113 100 1
1 143 156 157 100 113 114 1
1 143 157 144 100 114 101 1
1 144 157 145 101 114 102 1
1 157 158 145 114 115 102 1
1 145 158 159 102 115 116 1
1 145 159 146 102 116 103 1
1 146 159 147 103 116 104 1
1 159 160 147 116 117 104 1
1 147 160 161 104 117 118 1
1 147 161 148 104 118 105 1
1 148 161 149 105 118 106 1
1 161 162 149 118 119 106 1
1 149 162 163 106 119 120 1
1 149 163 150 106 120 107 1
1 150 163 151 107 120 108 1
1 163 164 151 120 121 108 1
1 151 164 165 108 121 122 1
1 151 165 152 108 122 109 1
1 152 165 153 109 122 110 1
1 165 166 153 122 123 110 1
1 154 167 155 111 124 112 1
1 167 168 155 124 125 112 1
1 155 168 169 112 125 126 1
1 155 169 156 112 126 113 1
1 156 169 157 113 126 114 1
1 169 170 157 126 127 114 1
1 157 170 171 114 127 128 1
1 157 171 158 114 128 115 1
1 158 171 159 115 128 116 1
1 171 172 159 128 129 116 1
1 159 172 173 116 129 130 1
1 159 173 160 116 130 117 1
1 160 173 161 117 130 118 1
1 173 174 161 130 131 118 1
1 161 174 175 118 131 132 1
1 161 175 162 118 132 119 1
1 162 175 163 119 132 120 1
1 175 176 163 132 133 120 1
1 163 176 177 120 133 134 1
1 163 177 164 120 134 121 1
1 164 177 165 121 134 122 1
1 177 178 165 134 135 122 1
1 165 178 179 122 135 136 1
1 165 179 166 122 136 123 1
1 167 180 181 124 137 138 1
1 167 181 168 124 138 125 1
1 168 181 169 125 138 126 1
1 181 182 169 138 139 126 1
1 169 182 183 126 139 140 1
1 169 183 170 126 140 127 1
1 170 183 171 127 140 128 1
1 183 184 171 140 141 128 1
1 171 184 185 128 141 142 1
1 171 185 172 128 142 129 1
1 172 185 173 129 142 130 1
1 185 186 173 142 143 130 1
1 173 186 187 130 143 144 1
1 173 187 174 130 144 131 1
1 174 187 175 131 144 132 1
1 187 188 175 144 145 132 1
1 175 188 189 132 145 146 1
1 175 189 176 132 146 133 1
1 176 189 177 133 146 134 1
1 189 190 177 146 147 134 1
1 177 190 191 134 147 148 1
1 177 191 178 134 148 135 1
1 178 191 179 135 148 136 1
1 191 192 179 148 149 136 1
1 180 193 181 137 150 138 1
1 193 194 181 150 151 138 1
1 181 194 195 138 151 152 1
1 181 195 182 138 152 139 1
1 182 195 183 139 152 140 1
1 195 196 183 152 153 140 1
1 183 196 197 140 153 154 1
1 183 197 184 140 154 141 1
1 184 197 185 141 154 142 1
1 197 198 185 154 155 142 1
1 185 198 199 142 155 156 1
1 185 199 186 142 156 143 1
1 186 199 187 143 156 144 1
1 199 200 187 156 157 144 1
1 187 200 201 144 157 158 1
1 187 201 188 144 158 145 1
1 188 201 189 145 158 146 1
1 201 202 189 158 159 146 1
1 189 202 203 146 159 160 1
1 189 203 190 146 160 147 1
1 190 203 191 147 160 148 1
1 203 204 191 160 161 148 1
1 191 204 205 148 161 162 1
1 191 205 192 148 162 149 1
1 193 206 207 150 163 164 1
1 193 207 194 150 164 151 1
1 194 207 195 151 164 152 1
1 207 208 195 164 165 152 1
1 195 208 209 152 165 166 1
1 195 209 196 152 166 153 1
1 196 209 197 153 166 154 1
1 209 210 197 166 167 154 1
1 197 210 211 154 167 168 1
1 197 211 198 154 168 155 1
1 198 211 199 155 168 156 1
1 211 212 199 168 169 156 1
1 199 212 213 156 169 170 1
1 199 213 200 156 170 157 1
1 200 213 201 157 170 158 1
1 213 214 201 170 171 158 1
1 201 214 215 158 171 172 1
1 201 215 202 158 172 159 1
1 202 215 203 159 172 160 1
1 215 216 203 172 173 160 1
1 203 216 217 160 173 174 1
1 203 217 204 160 174 161 1
1 204 217 205 161 174 162 1
1 217 218 205 174 175 162 1
1 206 219 207 163 176 164 1
1 219 220 207 176 177 164 1
1 207 220 221 164 177 178 1
1 207 221 208 164 178 165 1
1 208 221 209 165 178 166 1
1 221 222 209 178 179 166 1
1 209 222 223 166 179 180 1
1 209 223 210 166 180 167 1
1 210 223 211 167 180 168 1
1 223 224 211 180 181 168 1
1 211 224 225 168 181 182 1
1 211 225 212 168 182 169 1
1 212 225 213 169 182 170 1
1 225 226 213 182 183 170 1
1 213 226 227 170 183 184 1
1 213 227 214 170 184 171 1
1 214 227 215 171 184 172 1
1 227 228 215 184 185 172 1
1 215 228 229 172 185 186 1
1 215 229 216 172 186 173 1
1 216 229 217 173 186 174 1
1 229 230 217 186 187 174 1
1 217 230 231 174 187 188 1
1 217 231 218 174 188 175 1
1 219 232 233 176 189 190 1
1 219 233 220 176 190 177 1
1 220 233 221 177 190 178 1
1 233 234 221 190 191 178 1
1 221 234 235 178 191 192 1
1 221 235 222 178 192 179 1
1 222 235 223 179 192 180 1
1 235 236 223 192 193 180 1
1 223 236 237 180 193 194 1
1 223 237 224 180 194 181 1
1 224 237 225 181 194 182 1
1 237 238 225 194 195 182 1
1 225 238 239 182 195 196 1
1 225 239 226 182 196 183 1
1 226 239 227 183 196 184 1
1 239 240 227 196 197 184 1
1 227 240 241 184 197 198 1
1 227 241 228 184 198 185 1
1 228 241 229 185 198 186 1
1 241 242 229 198 199 186 1
1 229 242 243 186 199 200 1
1 229 243 230 186 200 187 1
1 230 243 231 187 200 188 1
1 243 244 231 200 201 188 1
1 232 245 233 189 202 190 1
1 245 246 233 202 203 190 1
1 233 246 247 190 203 204 1
1 233 247 234 190 204 191 1
1 234 247 235 191 204 192 1
1 247 248 235 204 205 192 1
1 235 248 249 192 205 206 1
1 235 249 236 192 206 193 1
1 236 249 237 193 206 194 1
1 249 250 237 206 207 194 1
1 237 250 251 194 207 208 1
1 237 251 238 194 208 195 1
1 238 251 239 195 208 196 1
1 251 252 239 208 209 196 1
1 239 252 253 196 209 210 1
1 239 253 240 196 210 197 1
1 240 253 241 197 210 198 1
1 253 254 241 210 211 198 1
1 241 254 255 198 211 212 1
1 241 255 242 198 212 199 1
1 242 255 243 199 212 200 1
1 255 256 243 212 213 200 1
1 243 256 257 200 213 214 1
1 243 257 244 200 214 201 1
1 245 258 259 202 215 216 1
1 245 259 246 202 216 203 1
1 246 259 247 203 216 204 1
1 259 260 247 216 217 204 1
1 247 260 261 204 217 218 1
1 247 261 248 204 218 205 1
1 248 261 249 205 218 206 1
1 261 262 249 218 219 206 1
1 249 262 263 206 219 220 1
1 249 263 250 206 220 207 1
1 250 263 251 207 220 208 1
1 263 264 251 220 221 208 1
1 251 264 265 208 221 222 1
1 251 265 252 208 222 209 1
1 252 265 253 209 222 210 1
1 265 266 253 222 223 210 1
1 253 266 267 210 223 224 1
1 253 267 254 210 224 211 1
1 254 267 255 211 224 212 1
1 267 268 255 224 225 212 1
1 255 268 269 212 225 226 1
1 255 269 256 212 226 213 1
1 256 269 257 213 226 214 1
1 269 270 257 226 227 214 1
1 258 5 259 215 3 216 1
1 5 4 259 3 2 216 1
1 259 4 9 216 2 5 1
1 259 9 260 216 5 217 1
1 260 9 261 217 5 218 1
1 9 13 261 5 7 218 1
1 261 13 17 218 7 9 1
1 261 17 262 218 9 219 1
1 262 17 263 219 9 220 1
1 17 21 263 9 11 220 1
1 263 21 25 220 11 13 1
1 263 25 264 220 13 221 1
1 264 25 265 221 13 222 1
1 25 29 265 13 15 222 1
1 265 29 33 222 15 17 1
1 265 33 266 222 17 223 1
1 266 33 267 223 17 224 1
1 33 37 267 17 19 224 1
1 267 37 41 224 19 21 1
1 267 41 268 224 21 225 1
1 268 41 269 225 21 226 1
1 41 45 269 21 23 226 1
1 269 45 49 226 23 25 1
1 269 49 270 226 25 227 1
1 271 272 273 228 229 229 1
1 272 274 273 229 230 229 1
1 275 276 277 231 232 232 2
1 276 278 277 232 233 232 2
1 279 280 281 234 235 235 1
1 280 282 281 235 236 235 1
1 283 284 285 237 238 238 2
1 284 286 285 238 239 238 2
1 283 287 277 240 241 241 3
1 287 288 277 241 242 241 3
1 289 284 290 243 244 244 3
1 284 278 290 244 245 244 3
1 291 292 293 246 247 247 1
1 292 294 293 247 248 247 1
1 295 296 297 249 250 250 2
1 296 298 297 250 251 250 2
1 299 300 301 252 253 253 1
1 300 302 301 253 254 253 1
1 303 304 305 255 256 256 2
1 304 306 305 256 257 256 2
1 303 307 297 258 259 259 3
1 307 308 297 259 260 259 3
1 309 304 310 261 262 262 3
1 304 298 310 262 263 262 3
1 311 312 313 264 265 265 1
1 312 314 313 265 266 265 1
1 315 316 317 267 268 268 2
1 316 318 317 268 269 268 2
1 319 320 321 270 271 271 1
1 320 322 321 271 272 271 1
1 323 324 325 273 274 274 2
1 324 326 325 274 275 274 2
1 323 327 317 276 277 277 3
1 327 328 317 277 278 277 3
1 329 324 330 279 280 280 3
1 324 318 330 280 281 280 3
1 331 332 333 282 283 283 1
1 332 334 333 283 284 283 1
1 335 336 337 285 286 286 2
1 336 338 337 286 287 286 2
1 339 340 341 288 289 289 1
1 340 342 341 289 290 289 1
1 343 344 345 291 292 292 2
1 344 346 345 292 293 292 2
1 343 347 337 294 295 295 3
1 347 348 337 295 296 295 3
1 349 344 350 297 298 298 3
1 344 338 350 298 299 298 3
1 351 352 353 300 301 301 1
1 352 354 353 301 302 301 1
1 355 356 357 303 304 304 2
1 356 358 357 304 305 304 2
1 359 360 361 306 307 307 1
1 360 362 361 307 308 307 1
1 363 364 365 309 310 310 2
1 364 366 365 310 311 310 2
1 363 367 357 312 313 313 3
1 367 368 357 313 314 313 3
1 369 364 370 315 316 316 3
1 364 358 370 316 317 316 3
1 371 372 373 318 319 319 1
1 372 374 373 319 320 319 1
1 375 376 377 321 322 322 2
1 376 378 377 322 323 322 2
1 379 380 381 324 325 325 1
1 380 382 381 325 326 325 1
1 383 384 385 327 328 328 2
1 384 386 385 328 329 328 2
1 383 387 377 330 331 331 3
1 387 388 377 331 332 331 3
1 389 384 390 333 334 334 3
1 384 378 390 334 335 334 3
1 391 392 393 336 337 337 1
1 392 394 393 337 338 337 1
1 395 396 397 339 340 340 2
1 396 398 397 340 341 340 2
1 399 400 401 342 343 343 1
1 400 402 401 343 344 343 1
1 403 404 405 345 346 346 2
1 404 406 405 346 347 346 2
1 403 407 397 348 349 349 3
1 407 408 397 349 350 349 3
1 409 404 410 351 352 352 3
1 404 398 410 352 353 352 3
1 411 412 413 354 354 354 1
1 412 414 413 354 354 354 1
1 415 416 417 355 356 356 2
1 416 418 417 356 357 356 2
1 419 420 421 358 359 359 1
1 420 422 421 359 360 359 1
1 423 424 425 361 362 362 2
1 424 426 425 362 363 362 2
1 423 427 417 364 365 365 3
1 427 428 417 365 366 365 3
1 429 424 430 367 368 368 3
1 424 418 430 368 369 368 3

Materials: 3
"Material01"
0.200000 0.200000 0.200000 1.000000
0.000000 0.141176 0.141176 1.000000
0.000000 0.000000 0.000000 1.000000
0.501961 0.501961 0.501961 1.000000
0.000000
1.000000
"sphere_chrome.bmp"
""
"Material02"
0.200000 0.200000 0.200000 1.000000
1.000000 1.000000 0.000000 1.000000
0.000000 0.000000 0.000000 1.000000
1.000000 0.501961 0.000000 1.000000
0.000000
1.000000
"sphere_chrome.bmp"
""
"Material03"
0.200000 0.200000 0.200000 1.000000
1.000000 0.000000 0.000000 1.000000
0.000000 0.000000 0.000000 1.000000
0.501961 0.000000 0.000000 1.000000
0.000000
1.000000
"sphere_chrome.bmp"
""

Bones: 0
GroupComments: 0
MaterialComments: 0
BoneComments: 0
ModelComment: 0
