// MilkShape 3D ASCII

Frames: 30
Frame: 1

Meshes: 1
"Sphere01" 0 0
89
0 0.000000 -26.500000 0.000000 0.000000 2.722612 -1
0 13.250000 -22.949673 0.000000 0.000000 2.268843 -1
0 11.474836 -22.949673 6.625000 0.288046 2.268843 -1
1 0.000000 26.500000 0.000000 0.000000 0.000000 -1
0 11.474837 22.949673 6.625001 0.288046 0.453769 -1
0 13.250002 22.949673 0.000000 0.000000 0.453769 -1
0 0.000000 -26.500000 0.000000 0.288046 2.722612 -1
1 6.625000 -22.949673 11.474836 0.576092 2.268843 -1
1 0.000000 26.500000 0.000000 0.288046 0.000000 -1
0 6.625001 22.949673 11.474837 0.576092 0.453769 -1
0 0.000000 -26.500000 0.000000 0.576092 2.722612 -1
0 0.000000 -22.949673 13.250000 0.864139 2.268843 -1
1 0.000000 26.500000 0.000000 0.576092 0.000000 -1
1 0.000000 22.949673 13.250002 0.864139 0.453769 -1
0 0.000000 -26.500000 0.000000 0.864139 2.722612 -1
1 -6.625000 -22.949673 11.474836 1.152184 2.268843 -1
1 0.000000 26.500000 0.000000 0.864139 0.000000 -1
0 -6.625001 22.949673 11.474837 1.152184 0.453769 -1
0 0.000000 -26.500000 0.000000 1.152184 2.722612 -1
0 -11.474836 -22.949673 6.625000 1.440231 2.268843 -1
1 0.000000 26.500000 0.000000 1.152184 0.000000 -1
0 -11.474837 22.949673 6.625001 1.440231 0.453769 -1
0 0.000000 -26.500000 0.000000 1.440231 2.722612 -1
0 -13.250000 -22.949673 0.000000 1.728278 2.268843 -1
1 0.000000 26.500000 0.000000 1.440231 0.000000 -1
0 -13.250002 22.949673 0.000000 1.728278 0.453769 -1
0 0.000000 -26.500000 0.000000 1.728278 2.722612 -1
0 -11.474836 -22.949673 -6.625000 2.016321 2.268843 -1
1 0.000000 26.500000 0.000000 1.728278 0.000000 -1
0 -12.916766 25.284088 -7.542498 2.016321 0.453769 -1
0 0.000000 -26.500000 0.000000 2.016321 2.722612 -1
0 -6.625000 -22.949673 -11.474836 2.304368 2.268843 -1
1 0.000000 26.500000 0.000000 2.016321 0.000000 -1
0 -6.625001 22.949673 -11.474837 2.304368 0.453769 -1
0 0.000000 -26.500000 0.000000 2.304368 2.722612 -1
0 -0.294445 -25.205193 -14.829997 2.592413 2.268843 -1
1 0.000000 26.500000 0.000000 2.304368 0.000000 -1
0 -0.000000 22.949673 -13.250002 2.592413 0.453769 -1
0 0.000000 -26.500000 0.000000 2.592413 2.722612 -1
0 6.625000 -22.949673 -11.474836 2.880461 2.268843 -1
1 0.000000 26.500000 0.000000 2.592413 0.000000 -1
0 6.625001 22.949673 -11.474837 2.880461 0.453769 -1
0 0.000000 -26.500000 0.000000 2.880461 2.722612 -1
0 11.474836 -22.949673 -6.625000 3.168505 2.268843 -1
1 0.000000 26.500000 0.000000 2.880461 0.000000 -1
0 12.327877 25.284088 -7.542498 3.168505 0.453769 -1
0 0.000000 -26.500000 0.000000 3.168505 2.722612 -1
0 13.250000 -22.949673 0.000000 3.456555 2.268843 -1
1 0.000000 26.500000 0.000000 3.168505 0.000000 -1
0 13.250002 22.949673 0.000000 3.456555 0.453769 -1
1 22.949675 -13.249999 0.000000 0.000000 1.815074 -1
0 21.568056 -14.535551 12.367325 0.288046 1.815074 -1
0 11.474837 -13.249999 19.875000 0.576092 1.815074 -1
0 0.000000 -13.249999 22.949675 0.864139 1.815074 -1
0 -11.474837 -13.249999 19.875000 1.152184 1.815074 -1
0 -22.156944 -14.535551 12.367325 1.440231 1.815074 -1
1 -22.949675 -13.249999 0.000000 1.728278 1.815074 -1
0 -19.875000 -13.249999 -11.474837 2.016321 1.815074 -1
0 -11.474837 -13.249999 -19.875000 2.304368 1.815074 -1
0 -0.000000 -13.249999 -22.949675 2.592413 1.815074 -1
0 11.474837 -13.249999 -19.875000 2.880461 1.815074 -1
0 19.875000 -13.249999 -11.474837 3.168505 1.815074 -1
1 22.949675 -13.249999 0.000000 3.456555 1.815074 -1
0 28.855556 0.039449 -0.254997 0.000000 1.361306 -1
0 22.949673 0.000001 13.250000 0.288046 1.361306 -1
0 13.250000 0.000001 22.949673 0.576092 1.361306 -1
0 -0.294445 0.039449 28.895004 0.864139 1.361306 -1
0 -13.250000 0.000001 22.949673 1.152184 1.361306 -1
0 -22.949673 0.000001 13.250000 1.440231 1.361306 -1
0 -29.444445 0.039449 -0.254997 1.728278 1.361306 -1
0 -22.949673 0.000001 -13.250000 2.016321 1.361306 -1
0 -13.250000 0.000001 -22.949673 2.304368 1.361306 -1
0 -0.000000 0.000001 -26.500000 2.592413 1.361306 -1
0 13.250000 0.000001 -22.949673 2.880461 1.361306 -1
0 22.949673 0.000001 -13.250000 3.168505 1.361306 -1
0 28.855556 0.039449 -0.254997 3.456555 1.361306 -1
0 22.949673 13.250000 0.000000 0.000000 0.907537 -1
0 19.875000 13.250000 11.474836 0.288046 0.907537 -1
0 11.474836 13.250000 19.875000 0.576092 0.907537 -1
0 0.000000 13.250000 22.949673 0.864139 0.907537 -1
0 -11.474836 13.250000 19.875000 1.152184 0.907537 -1
0 -19.875000 13.250000 11.474836 1.440231 0.907537 -1
0 -22.949673 13.250000 0.000000 1.728278 0.907537 -1
0 -19.875000 13.250000 -11.474836 2.016321 0.907537 -1
0 -11.474836 13.250000 -19.875000 2.304368 0.907537 -1
0 -0.000000 13.250000 -22.949673 2.592413 0.907537 -1
0 11.474836 13.250000 -19.875000 2.880461 0.907537 -1
0 19.875000 13.250000 -11.474836 3.168505 0.907537 -1
0 22.949673 13.250000 0.000000 3.456555 0.907537 -1
89
0.258199 -0.963611 0.069184
0.528319 -0.845398 0.078624
0.371584 -0.903248 0.214634
0.258199 0.963611 0.069184
0.431481 0.867044 0.249116
0.566927 0.809641 0.151908
0.189015 -0.963611 0.189015
0.244834 -0.833288 0.495669
0.189015 0.963611 0.189015
0.286792 0.819147 0.496738
0.069184 -0.963611 0.258199
0.000000 -0.867044 0.498231
0.069184 0.963611 0.258199
0.000000 0.867044 0.498231
-0.069184 -0.963611 0.258199
-0.240588 -0.834799 0.495205
-0.069184 0.963611 0.258199
-0.286792 0.819147 0.496738
-0.189015 -0.963611 0.189015
-0.363562 -0.907503 0.210381
-0.189015 0.963611 0.189015
-0.431481 0.867044 0.249116
-0.258199 -0.963611 0.069184
-0.547967 -0.835383 -0.043213
-0.258199 0.963611 0.069184
-0.610873 0.783685 0.112569
-0.258199 -0.963611 -0.069184
-0.431481 -0.867044 -0.249116
-0.248742 0.928317 0.276326
-0.420192 0.872988 -0.247651
-0.189015 -0.963611 -0.189015
-0.405503 -0.782694 -0.472185
0.120943 0.926446 -0.356470
-0.206072 0.782605 -0.587421
-0.369084 -0.926480 -0.073563
-0.017248 -0.872956 -0.487494
-0.069184 0.963611 -0.258199
0.000000 0.867044 -0.498231
0.347197 -0.933616 -0.088407
0.394592 -0.786920 -0.474398
0.069184 0.963611 -0.258199
0.206893 0.784717 -0.584306
0.189015 -0.963611 -0.189015
0.431481 -0.867044 -0.249116
-0.129492 0.923705 -0.360557
0.407101 0.875722 -0.259576
0.258199 -0.963611 -0.069184
0.566927 -0.809641 -0.151908
0.250040 0.933161 0.258246
0.641838 0.765483 0.045605
0.824068 -0.565512 0.033277
0.717275 -0.542257 0.437577
0.353700 -0.499061 0.791097
-0.001592 -0.537103 0.843515
-0.344050 -0.498447 0.795726
-0.713215 -0.547844 0.437254
-0.808051 -0.578550 -0.111062
-0.724667 -0.521809 -0.450081
-0.432517 -0.501714 -0.749141
-0.004598 -0.455776 -0.890083
0.432517 -0.501714 -0.749141
0.729362 -0.518038 -0.446842
0.803237 -0.555417 -0.215227
0.956868 0.035851 0.288302
0.823599 0.074434 0.562267
0.515880 0.018021 0.856471
-0.007110 0.000953 0.999974
-0.516672 0.021735 0.855907
-0.812253 0.090583 0.576228
-0.999150 0.024424 -0.033221
-0.811190 0.000006 -0.584782
-0.500000 0.000000 -0.866025
0.000000 0.000000 -1.000000
0.500000 0.000000 -0.866025
0.821843 0.000009 -0.569715
0.940618 0.000542 -0.339467
0.804907 0.552819 0.215674
0.730584 0.517405 0.445578
0.432517 0.501714 0.749141
-0.001603 0.537582 0.843210
-0.432517 0.501714 0.749141
-0.725943 0.521216 0.448710
-0.812697 0.582686 0.000235
-0.746637 0.475475 -0.465250
-0.432517 0.501714 -0.749141
-0.000000 0.501714 -0.865033
0.432517 0.501714 -0.749141
0.746172 0.477660 -0.463754
0.802652 0.556323 -0.215070
120
0 0 1 2 0 1 2 1
0 3 4 5 3 4 5 1
0 6 2 7 6 2 7 1
0 8 9 4 8 9 4 1
0 10 7 11 10 7 11 1
0 12 13 9 12 13 9 1
0 14 11 15 14 11 15 1
0 16 17 13 16 17 13 1
0 18 15 19 18 15 19 1
0 20 21 17 20 21 17 1
0 22 19 23 22 19 23 1
0 24 25 21 24 25 21 1
0 26 23 27 26 23 27 1
0 28 29 25 28 29 25 1
0 30 27 31 30 27 31 1
0 32 33 29 32 33 29 1
0 34 31 35 34 31 35 1
0 36 37 33 36 37 33 1
0 38 35 39 38 35 39 1
0 40 41 37 40 41 37 1
0 42 39 43 42 39 43 1
0 44 45 41 44 45 41 1
0 46 43 47 46 43 47 1
0 48 49 45 48 49 45 1
0 1 50 51 1 50 51 1
0 1 51 2 1 51 2 1
0 2 51 7 2 51 7 1
0 51 52 7 51 52 7 1
0 7 52 53 7 52 53 1
0 7 53 11 7 53 11 1
0 11 53 15 11 53 15 1
0 53 54 15 53 54 15 1
0 15 54 55 15 54 55 1
0 15 55 19 15 55 19 1
0 19 55 23 19 55 23 1
0 55 56 23 55 56 23 1
0 23 56 57 23 56 57 1
0 23 57 27 23 57 27 1
0 27 57 31 27 57 31 1
0 57 58 31 57 58 31 1
0 31 58 59 31 58 59 1
0 31 59 35 31 59 35 1
0 35 59 39 35 59 39 1
0 59 60 39 59 60 39 1
0 39 60 61 39 60 61 1
0 39 61 43 39 61 43 1
0 43 61 47 43 61 47 1
0 61 62 47 61 62 47 1
0 50 63 51 50 63 51 1
0 63 64 51 63 64 51 1
0 51 64 65 51 64 65 1
0 51 65 52 51 65 52 1
0 52 65 53 52 65 53 1
0 65 66 53 65 66 53 1
0 53 66 67 53 66 67 1
0 53 67 54 53 67 54 1
0 54 67 55 54 67 55 1
0 67 68 55 67 68 55 1
0 55 68 69 55 68 69 1
0 55 69 56 55 69 56 1
0 56 69 57 56 69 57 1
0 69 70 57 69 70 57 1
0 57 70 71 57 70 71 1
0 57 71 58 57 71 58 1
0 58 71 59 58 71 59 1
0 71 72 59 71 72 59 1
0 59 72 73 59 72 73 1
0 59 73 60 59 73 60 1
0 60 73 61 60 73 61 1
0 73 74 61 73 74 61 1
0 61 74 75 61 74 75 1
0 61 75 62 61 75 62 1
0 63 76 77 63 76 77 1
0 63 77 64 63 77 64 1
0 64 77 65 64 77 65 1
0 77 78 65 77 78 65 1
0 65 78 79 65 78 79 1
0 65 79 66 65 79 66 1
0 66 79 67 66 79 67 1
0 79 80 67 79 80 67 1
0 67 80 81 67 80 81 1
0 67 81 68 67 81 68 1
0 68 81 69 68 81 69 1
0 81 82 69 81 82 69 1
0 69 82 83 69 82 83 1
0 69 83 70 69 83 70 1
0 70 83 71 70 83 71 1
0 83 84 71 83 84 71 1
0 71 84 85 71 84 85 1
0 71 85 72 71 85 72 1
0 72 85 73 72 85 73 1
0 85 86 73 85 86 73 1
0 73 86 87 73 86 87 1
0 73 87 74 73 87 74 1
0 74 87 75 74 87 75 1
0 87 88 75 87 88 75 1
0 76 5 77 76 5 77 1
0 5 4 77 5 4 77 1
0 77 4 9 77 4 9 1
0 77 9 78 77 9 78 1
0 78 9 79 78 9 79 1
0 9 13 79 9 13 79 1
0 79 13 17 79 13 17 1
0 79 17 80 79 17 80 1
0 80 17 81 80 17 81 1
0 17 21 81 17 21 81 1
0 81 21 25 81 21 25 1
0 81 25 82 81 25 82 1
0 82 25 83 82 25 83 1
0 25 29 83 25 29 83 1
0 83 29 33 83 29 33 1
0 83 33 84 83 33 84 1
0 84 33 85 84 33 85 1
0 33 37 85 33 37 85 1
0 85 37 41 85 37 41 1
0 85 41 86 85 41 86 1
0 86 41 87 86 41 87 1
0 41 45 87 41 45 87 1
0 87 45 49 87 45 49 1
0 87 49 88 87 49 88 1

Materials: 1
"Material01"
0.200000 0.200000 0.200000 1.000000
1.000000 1.000000 0.000000 1.000000
0.000000 0.000000 0.000000 1.000000
1.000000 0.000000 0.000000 1.000000
0.000000
1.000000
"meteor.png"
""

Bones: 0
GroupComments: 0
MaterialComments: 0
BoneComments: 0
ModelComment: 0
