// MilkShape 3D ASCII

Frames: 30
Frame: 1

Meshes: 2
"Regroup00" 0 1
326
0 0.155704 23.313513 -12.098713 -22.355000 8.119520 -1
0 -0.320285 23.299463 -12.098713 -22.192801 8.138411 -1
0 0.155704 23.431065 -11.453331 -22.337601 7.961820 -1
0 -0.394619 23.296202 -12.098713 -22.620001 6.884560 -1
0 0.155704 23.431065 -11.453331 -22.779400 6.695300 -1
0 -0.320285 23.299463 -12.098713 -22.645201 6.880070 -1
0 -0.768303 23.391232 -11.453331 -22.467199 6.751180 -1
0 4.519802 24.405220 -2.409168 4.791350 23.786699 -1
0 4.271752 24.610636 5.629532 2.901930 23.406700 -1
0 8.831431 23.602846 -2.409168 4.568000 25.269501 -1
0 4.236773 24.590714 4.293227 3.219880 23.443701 -1
0 4.021072 24.594635 2.462765 3.664240 23.436600 -1
0 4.519802 24.405220 -2.409168 -2.995630 24.650200 -1
0 3.661674 24.532583 -0.585382 -3.249660 24.187300 -1
0 4.021072 24.594635 2.462765 -3.955150 23.962999 -1
0 4.519802 24.405220 -2.409168 -9.723110 22.859600 -1
0 3.446851 24.471189 -2.409168 -9.468770 22.592699 -1
0 3.661674 24.532583 -0.585382 -9.835380 22.343599 -1
0 0.321269 25.029621 6.514274 -10.272400 20.335100 -1
0 0.155704 24.673660 -2.409168 -8.688740 21.774000 -1
0 0.155704 25.039742 6.514274 -10.233200 20.293900 -1
0 0.155704 24.673660 -2.409168 -20.730600 -8.925040 -1
0 -0.009861 25.029621 6.514274 -19.146900 -10.364000 -1
0 0.155704 25.039742 6.514274 -19.186100 -10.405100 -1
0 -3.135438 24.471189 -2.409168 -19.950500 -8.106380 -1
0 -3.350261 24.532583 -0.585382 -19.583900 -8.355420 -1
0 -4.208389 24.405220 -2.409168 -19.696199 -7.839450 -1
0 -1.629932 23.566927 -9.964563 -22.323299 5.869150 -1
0 0.155704 24.541073 -3.692425 -22.613600 4.246030 -1
0 -0.768303 23.391232 -11.453331 -22.686001 6.161960 -1
0 -2.252831 23.933008 -7.218431 -21.978800 5.259430 -1
0 -2.909829 24.277861 -4.321934 -21.932600 2.675230 -1
0 0.155704 24.541073 -3.692425 -22.892799 2.213340 -1
0 -2.252831 23.933008 -7.218431 -22.352800 3.280330 -1
0 -2.984164 24.356565 -3.692425 -21.863701 2.536690 -1
0 -2.984164 24.356565 -3.692425 -21.974001 1.008773 -1
0 0.155704 24.673660 -2.409168 -22.862301 0.319499 -1
0 0.155704 24.541073 -3.692425 -22.975401 0.607985 -1
0 -3.028175 24.392815 -3.318125 -21.926901 0.930228 -1
0 0.155704 24.673660 -2.409168 -22.824100 -0.850850 -1
0 -3.028175 24.392815 -3.318125 -21.922400 -0.191380 -1
0 -3.135438 24.471189 -2.409168 -21.798201 -0.375300 -1
0 0.155704 24.673660 -2.409168 -16.726999 15.849500 -1
0 3.295577 24.356565 -3.692425 -17.615200 16.538799 -1
0 0.155704 24.541073 -3.692425 -16.613800 16.138000 -1
0 3.339583 24.392815 -3.318125 -17.662300 16.460201 -1
0 3.446851 24.471189 -2.409168 -16.894699 17.255699 -1
0 3.339583 24.392815 -3.318125 -16.770399 17.439600 -1
0 0.155704 24.673660 -2.409168 -15.868800 16.780100 -1
0 3.295577 24.356565 -3.692425 -18.817301 14.930100 -1
0 2.564532 23.933008 -7.218431 -18.328100 15.673800 -1
0 0.155704 24.541073 -3.692425 -17.788200 14.606800 -1
0 3.221241 24.277861 -4.321934 -18.748400 15.068700 -1
0 1.079703 23.391232 -11.453331 -18.985001 14.781600 -1
0 0.155704 24.541073 -3.692425 -19.057301 12.865700 -1
0 2.564532 23.933008 -7.218431 -19.692200 13.879100 -1
0 0.155704 23.431065 -11.453331 -18.674801 14.715200 -1
0 1.079703 23.391232 -11.453331 -19.481600 13.899900 -1
0 0.631698 23.299463 -12.098713 -19.303600 14.028800 -1
0 0.155704 23.431065 -11.453331 -19.169399 13.844000 -1
0 0.706028 23.296202 -12.098713 -19.328800 14.033300 -1
0 0.631698 23.299463 -12.098713 -20.120199 12.805200 -1
0 0.155704 23.313513 -12.098713 -19.957899 12.786300 -1
0 0.155704 23.431065 -11.453331 -19.975300 12.628600 -1
0 0.155704 23.431065 -11.453331 -22.996201 6.095550 -1
0 1.941620 23.566927 -9.964563 -19.347700 14.488800 -1
0 -10.519011 22.442554 4.541351 -0.001307 -17.700899 -1
0 -6.828245 23.845486 6.514274 0.888098 -18.805401 -1
0 -10.693893 22.817120 0.666961 -0.890115 -17.996000 -1
0 -9.892021 22.489576 6.514274 0.516512 -17.738100 -1
0 -10.444977 22.302780 5.985438 0.359674 -17.557199 -1
0 -9.892021 22.489576 6.514274 0.545368 -17.701401 -1
0 -10.519011 22.442554 4.541351 0.027497 -17.665001 -1
0 -10.045933 22.420013 6.514274 0.526657 -17.647800 -1
0 -10.045933 22.420013 6.514274 3.758720 -16.215300 -1
0 -10.444977 22.302780 5.985438 3.579930 -16.151100 -1
0 -10.304472 22.251503 6.514274 3.713430 -16.123199 -1
0 8.831431 23.602846 -2.409168 11.792900 21.878300 -1
0 11.005313 22.817120 0.666961 11.173700 22.757401 -1
0 10.379206 23.114952 -2.409168 11.870700 22.424400 -1
0 7.139652 23.845486 6.514274 9.594720 21.606701 -1
0 6.980212 23.895786 6.514274 9.586700 21.550400 -1
0 8.831431 23.602846 -2.409168 11.032600 22.714500 -1
0 4.294770 24.586466 6.514274 8.733330 21.376699 -1
0 6.980212 23.895786 6.514274 8.838060 22.316099 -1
0 4.271752 24.610636 5.629532 8.942920 21.343800 -1
0 3.769518 24.721666 6.514274 8.712840 21.192900 -1
0 3.769518 24.721666 6.514274 2.718490 23.201599 -1
0 3.606000 24.752039 6.514274 2.726960 23.145399 -1
0 3.606000 24.752039 6.514274 -4.753060 23.391500 -1
0 0.321269 25.029621 6.514274 -4.238530 22.385201 -1
0 -3.350261 24.532583 -0.585382 -16.192699 -13.563600 -1
0 -3.294587 24.752039 6.514274 -14.689300 -14.359400 -1
0 -0.009861 25.029621 6.514274 -15.203900 -15.365601 -1
0 -3.709655 24.594635 2.462765 -15.487200 -13.787900 -1
0 -4.208389 24.405220 -2.409168 -16.446800 -13.100700 -1
0 -4.208389 24.405220 -2.409168 -11.221200 -17.726801 -1
0 -3.925360 24.590714 4.293227 -9.649710 -18.069799 -1
0 -3.709655 24.594635 2.462765 -10.094100 -18.076900 -1
0 -3.960052 24.610636 5.629532 -9.331750 -18.106800 -1
0 -8.520021 23.602846 -2.409168 -10.997800 -16.243999 -1
0 -6.668805 23.895786 6.514274 -3.997170 -18.904800 -1
0 -3.960052 24.610636 5.629532 -4.102030 -19.877100 -1
0 -8.520021 23.602846 -2.409168 -6.191740 -18.506399 -1
0 -3.983361 24.586466 6.514274 -3.892440 -19.844299 -1
0 -3.999969 24.535849 7.154239 7.233550 -18.831301 -1
0 -6.435610 23.909172 7.154239 6.727260 -18.139400 -1
0 -4.109283 23.935946 11.336073 8.007230 -18.168900 -1
0 -6.435610 23.909172 7.154239 6.811790 -17.969801 -1
0 -5.041450 23.175371 14.001577 8.402910 -17.310499 -1
0 -4.109283 23.935946 11.336073 8.091870 -17.993799 -1
0 -6.532975 23.877823 7.154239 6.791410 -17.941601 -1
0 -8.865722 21.465139 12.183643 6.159850 -15.371300 -1
0 -9.685073 22.471937 7.154239 5.004230 -15.908300 -1
0 -10.023197 22.251503 7.154239 4.939380 -15.790800 -1
0 -7.543544 21.885746 13.622713 6.698940 -15.595600 -1
0 -7.857472 21.697975 13.567558 6.627810 -15.495501 -1
0 -8.566944 21.331564 13.037893 7.415420 -13.660400 -1
0 -7.857472 21.697975 13.567558 7.663860 -13.822300 -1
0 -8.865722 21.465139 12.183643 7.190750 -13.719400 -1
0 -8.426154 21.268532 13.441006 7.521540 -13.632500 -1
0 -7.889829 20.995529 14.803200 11.158300 -11.315000 -1
0 -7.315598 21.823055 14.311115 11.228700 -11.649600 -1
0 -8.094736 21.155876 14.311115 11.027800 -11.379700 -1
0 -7.613207 20.779665 15.468212 11.334600 -11.227600 -1
0 -7.230493 20.480526 16.387613 11.578500 -11.106700 -1
0 -2.994360 18.250072 24.983988 14.028000 -10.204900 -1
0 -6.690958 20.059265 17.683826 11.922200 -10.936300 -1
0 -4.744422 18.538107 22.361927 13.162700 -10.321300 -1
0 -3.261065 18.171858 24.763844 13.924400 -10.173200 -1
0 -3.442954 18.118399 24.613455 13.853800 -10.151600 -1
0 -3.442954 18.118399 24.613455 13.578100 -9.698900 -1
0 -4.744422 18.538107 22.361927 12.885100 -9.860500 -1
0 -3.959161 17.955313 24.154385 13.373200 -9.636100 -1
0 1.675793 20.519402 22.062840 21.929800 0.406229 -1
0 1.064845 18.685061 26.207922 21.566299 1.507092 -1
0 1.093413 18.683758 26.204159 21.576200 1.507883 -1
0 0.830196 20.115755 23.137634 21.602699 0.648484 -1
0 2.710857 23.781151 14.702936 22.558201 -1.551560 -1
0 0.190977 24.013992 14.771442 21.702000 -1.691250 -1
0 2.774105 23.963373 14.233004 21.216999 8.001540 -1
0 3.438112 24.745178 7.154239 22.292000 6.650470 -1
0 0.155704 24.228228 14.311115 20.439699 7.543500 -1
0 3.538963 24.734406 7.154239 22.321600 6.668750 -1
0 2.810542 23.954229 14.230499 16.909201 14.358300 -1
0 3.538963 24.734406 7.154239 18.408199 13.496900 -1
0 2.774105 23.963373 14.233004 16.901100 14.348400 -1
0 4.420697 23.935946 11.336073 17.795099 14.378700 -1
0 4.492687 23.438911 14.079271 17.357100 14.192200 -1
0 4.420697 23.935946 11.336073 17.862700 13.745800 -1
0 2.810542 23.954229 14.230499 16.976601 13.729200 -1
0 6.747023 23.909172 7.154239 19.142799 13.769700 -1
0 5.352863 23.175371 14.001577 17.551600 14.429100 -1
0 5.220825 23.074469 14.495335 22.711800 3.664150 -1
0 4.504935 23.275959 14.554647 22.482700 3.555240 -1
0 4.553325 22.357965 16.402239 22.313000 4.051350 -1
0 3.289736 21.001726 20.011377 21.558100 4.784260 -1
0 2.710857 23.781151 14.702936 21.908600 3.282290 -1
0 1.675793 20.519402 22.062840 20.849899 5.044970 -1
0 1.125770 18.679502 26.191608 20.265499 6.039200 -1
0 1.093413 18.683758 26.204159 20.254200 6.036830 -1
0 2.262554 18.499243 25.684916 18.916401 8.096889 -1
0 3.933049 21.180693 19.193487 20.280300 6.848850 -1
0 2.109232 18.532879 25.779749 18.860399 8.081230 -1
0 4.455384 21.256783 18.529716 20.518200 6.813470 -1
0 7.627019 21.823055 14.311115 21.989500 6.549860 -1
0 7.627019 21.823055 14.311115 21.678699 6.641380 -1
0 2.262554 18.499243 25.684916 18.572599 8.120970 -1
0 3.305773 18.250072 24.983988 18.959700 8.231911 -1
0 3.572478 18.171858 24.763844 18.090799 8.162320 -1
0 7.627019 21.823055 14.311115 20.786600 6.685980 -1
0 3.305773 18.250072 24.983988 17.987301 8.130660 -1
0 3.754363 18.118399 24.613455 18.161501 8.183929 -1
0 5.055848 18.538107 22.361927 18.852600 8.014210 -1
0 5.055848 18.538107 22.361927 18.600000 7.511860 -1
0 3.754363 18.118399 24.613455 17.907000 7.673430 -1
0 4.270875 17.955313 24.154385 18.111900 7.736210 -1
0 10.357347 22.420013 6.514274 14.588100 18.895300 -1
0 10.830426 22.442554 4.541351 15.087200 18.878000 -1
0 10.203732 22.489576 6.514274 14.569300 18.841600 -1
0 10.756396 22.302780 5.985438 14.755000 18.985800 -1
0 10.756396 22.302780 5.985438 18.158899 14.182000 -1
0 10.357347 22.420013 6.514274 17.980101 14.117900 -1
0 10.615886 22.251503 6.514274 18.025400 14.210000 -1
0 10.698085 22.963428 -0.842696 11.515800 22.594000 -1
0 11.005313 22.817120 0.666961 15.944000 18.700600 -1
0 10.203732 22.489576 6.514274 14.537300 18.958500 -1
0 10.830426 22.442554 4.541351 15.055200 18.995600 -1
0 7.139652 23.845486 6.514274 14.165800 17.891199 -1
0 -2.499130 23.954229 14.230499 8.893200 -18.189301 -1
0 -3.227538 24.734406 7.154239 7.394140 -19.050699 -1
0 -2.499130 23.954229 14.230499 8.977930 -18.010401 -1
0 -4.180990 23.438911 14.079271 8.597490 -17.547300 -1
0 -4.193522 23.275959 14.554647 16.205999 -11.104500 -1
0 -4.909399 23.074469 14.495335 15.976900 -10.995600 -1
0 -4.241903 22.357965 16.402239 16.375700 -10.608400 -1
0 -4.909399 23.074469 14.495335 15.577500 -11.333500 -1
0 -4.255023 22.099977 16.906849 16.036400 -10.821500 -1
0 -4.241903 22.357965 16.402239 15.986400 -10.957000 -1
0 -4.923401 23.070210 14.494080 15.573100 -11.331200 -1
0 -9.594427 22.522881 7.154239 5.403310 -16.270100 -1
0 -7.543544 21.885746 13.622713 7.074390 -15.897900 -1
0 -5.185147 23.115278 13.984034 7.611230 -16.615999 -1
0 -9.685073 22.471937 7.154239 5.385410 -16.240299 -1
0 -5.185147 23.115278 13.984034 6.838500 -17.514299 -1
0 -6.532975 23.877823 7.154239 5.213610 -18.063299 -1
0 -9.594427 22.522881 7.154239 4.644730 -17.087799 -1
0 -5.041450 23.175371 14.001577 6.868780 -17.557600 -1
0 -8.094736 21.155876 14.311115 7.756090 -13.582700 -1
0 -7.456393 21.790720 14.118126 7.852120 -13.863200 -1
0 -8.147500 21.268532 13.964403 7.679090 -13.632500 -1
0 -7.315598 21.823055 14.311115 7.918170 -13.877600 -1
0 -7.315598 21.823055 14.311115 6.879350 -15.562300 -1
0 -7.374779 21.839378 14.132318 6.832500 -15.570999 -1
0 -7.456393 21.790720 14.118126 6.814020 -15.545000 -1
0 -6.207972 22.447773 14.311115 7.473090 -16.226200 -1
0 -7.374779 21.839378 14.132318 7.207490 -15.870899 -1
0 -7.315598 21.823055 14.311115 7.254180 -15.861401 -1
0 -1.950841 18.499243 25.684916 15.888600 -10.380500 -1
0 -6.207972 22.447773 14.311115 13.126100 -12.218200 -1
0 -7.315598 21.823055 14.311115 12.815500 -11.927500 -1
0 -4.291750 21.293682 18.314592 14.215600 -11.681000 -1
0 -4.143675 21.256783 18.529716 14.286800 -11.663900 -1
0 -3.621628 21.180693 19.193487 14.524700 -11.628500 -1
0 -1.797519 18.532879 25.779749 15.944600 -10.396200 -1
0 -0.518788 20.115755 23.137634 20.448099 -5.126780 -1
0 -0.781988 18.683758 26.204159 20.474701 -4.267380 -1
0 -0.753424 18.685061 26.207922 20.484501 -4.268170 -1
0 -1.364380 20.519402 22.062840 20.121099 -5.369030 -1
0 0.120436 24.013992 14.771442 20.348900 -7.466520 -1
0 -2.399148 23.781151 14.702936 19.492599 -7.326820 -1
0 -3.126691 24.745178 7.154239 14.093200 -15.123699 -1
0 -2.462692 23.963373 14.233004 15.168200 -13.772600 -1
0 0.155704 24.228228 14.311115 15.945500 -14.230700 -1
0 -3.227538 24.734406 7.154239 14.063600 -15.105400 -1
0 -2.462692 23.963373 14.233004 8.901270 -18.199200 -1
0 -2.978035 21.001726 20.011377 17.130600 -9.875500 -1
0 -2.399148 23.781151 14.702936 16.780100 -11.377500 -1
0 -3.621628 21.180693 19.193487 16.475500 -10.338500 -1
0 -2.978035 21.001726 20.011377 16.760500 -10.244400 -1
0 -4.255023 22.099977 16.906849 14.031700 -12.056400 -1
0 -4.923401 23.070210 14.494080 13.511600 -12.507900 -1
0 -1.797519 18.532879 25.779749 17.740101 -8.947190 -1
0 -0.814345 18.679502 26.191608 18.085899 -9.024200 -1
0 -0.814345 18.679502 26.191608 18.423201 -8.620590 -1
0 -1.364380 20.519402 22.062840 17.838800 -9.614800 -1
0 -0.781988 18.683758 26.204159 18.434500 -8.622960 -1
0 0.155704 25.022110 7.154239 15.970400 -14.798700 -1
0 -3.126691 24.745178 7.154239 14.975900 -14.263600 -1
0 0.155704 24.228228 14.311115 16.774200 -13.266200 -1
0 3.438112 24.745178 7.154239 22.630600 5.461210 -1
0 0.155704 25.022110 7.154239 21.636200 4.926150 -1
0 0.155704 24.228228 14.311115 20.832399 6.458630 -1
0 0.155704 20.121954 23.295532 21.344101 0.965444 -1
0 0.190977 24.013992 14.771442 21.712700 -1.368770 -1
0 0.155704 24.017591 14.772289 21.700701 -1.370930 -1
0 0.706028 20.057947 23.295532 21.530001 1.003823 -1
0 1.064845 18.685061 26.207922 21.529301 1.827199 -1
0 0.155704 18.731432 26.337835 21.216801 1.799463 -1
0 -0.394619 20.057947 23.295532 20.398100 -5.396260 -1
0 0.155704 18.731432 26.337835 20.711300 -4.600620 -1
0 0.155704 20.121954 23.295532 20.584000 -5.434640 -1
0 -0.518788 20.115755 23.137634 20.349600 -5.430850 -1
0 -0.753424 18.685061 26.207922 20.398800 -4.572880 -1
0 0.120436 24.013992 14.771442 20.215401 -7.768850 -1
0 0.155704 24.017591 14.772289 20.227301 -7.771010 -1
0 0.830196 20.115755 23.137634 21.578501 0.969229 -1
0 -1.950841 18.499243 25.684916 15.493400 -10.424400 -1
0 -7.315598 21.823055 14.311115 12.387300 -11.903900 -1
0 -2.994360 18.250072 24.983988 15.106300 -10.313400 -1
0 -3.458109 24.721666 6.514274 -9.148320 -18.311899 -1
0 -3.294587 24.752039 6.514274 -9.156790 -18.368099 -1
0 -3.458109 24.721666 6.514274 -3.871960 -20.028000 -1
0 4.311395 24.535849 7.154239 18.568800 13.716300 -1
0 6.747023 23.909172 7.154239 19.075100 14.408200 -1
0 6.844672 23.877823 7.154239 19.163099 13.797900 -1
0 5.496567 23.115278 13.984034 16.226601 14.883500 -1
0 6.844672 23.877823 7.154239 17.851500 14.334500 -1
0 5.352863 23.175371 14.001577 16.196301 14.840200 -1
0 9.905839 22.522881 7.154239 18.420300 15.310000 -1
0 7.854959 21.885746 13.622713 17.457800 13.740400 -1
0 9.905839 22.522881 7.154239 19.128901 13.368200 -1
0 5.496567 23.115278 13.984034 16.921000 13.022300 -1
0 9.996481 22.471937 7.154239 19.146799 13.398000 -1
0 8.168883 21.697975 13.567558 17.169201 13.419400 -1
0 9.996481 22.471937 7.154239 18.792801 13.006600 -1
0 7.854959 21.885746 13.622713 17.098000 13.319300 -1
0 9.177131 21.465139 12.183643 17.637100 13.543700 -1
0 8.168883 21.697975 13.567558 18.159401 10.583220 -1
0 8.878360 21.331564 13.037880 18.407900 10.745110 -1
0 9.177131 21.465139 12.183643 18.632500 10.686120 -1
0 8.737579 21.268532 13.440989 18.301701 10.772970 -1
0 5.220825 23.074469 14.495335 22.514000 4.136560 -1
0 4.566444 22.099977 16.906849 22.055099 4.648520 -1
0 5.234814 23.070210 14.494080 22.518400 4.138830 -1
0 4.553325 22.357965 16.402239 22.105000 4.513040 -1
0 3.933049 21.180693 19.193487 21.615999 5.131570 -1
0 3.289736 21.001726 20.011377 21.330900 5.225660 -1
0 2.109232 18.532879 25.779749 20.351400 6.522830 -1
0 1.125770 18.679502 26.191608 20.005501 6.445860 -1
0 4.566444 22.099977 16.906849 20.773300 6.420960 -1
0 4.603172 21.293682 18.314592 20.589399 6.796330 -1
0 5.234814 23.070210 14.494080 21.293400 5.969480 -1
0 6.519379 22.447773 14.311115 21.678900 6.259150 -1
0 7.686187 21.839378 14.132318 17.324699 13.767400 -1
0 6.519379 22.447773 14.311115 17.059099 13.412100 -1
0 7.627019 21.823055 14.311115 17.278000 13.776800 -1
0 7.767800 21.790720 14.118126 16.983000 13.370000 -1
0 7.686187 21.839378 14.132318 16.964500 13.344000 -1
0 7.627019 21.823055 14.311115 16.917601 13.352600 -1
0 8.406156 21.155876 14.311115 18.067200 10.822760 -1
0 7.767800 21.790720 14.118126 17.971201 10.542270 -1
0 7.627019 21.823055 14.311115 17.905100 10.527900 -1
0 8.458915 21.268532 13.964403 18.144199 10.772970 -1
0 8.201242 20.995529 14.803185 20.857000 7.020560 -1
0 8.406156 21.155876 14.311115 20.987499 6.955850 -1
0 7.924628 20.779665 15.468212 20.680700 7.107960 -1
0 7.541904 20.480526 16.387613 20.436800 7.228840 -1
0 7.002650 20.059265 17.683826 20.093100 7.399240 -1
0 10.334608 22.251503 7.154239 18.857599 13.124100 -1
0 -8.520021 23.602846 -2.409168 -5.555050 -18.638300 -1
0 -6.828245 23.845486 6.514274 -3.356860 -18.909901 -1
0 -6.668805 23.895786 6.514274 -3.348840 -18.966200 -1
0 -10.067796 23.114952 -2.409168 -5.632830 -18.092199 -1
0 -10.386390 22.963428 -0.842696 -5.277940 -17.922701 -1
0 -10.693893 22.817120 0.666961 -4.935810 -17.759199 -1
174
-0.000000 0.983814 -0.179195
-0.036117 0.984078 -0.174028
-0.006177 0.986391 -0.164299
-0.042825 0.984644 -0.169240
-0.042606 0.987641 -0.150833
0.139121 0.989936 -0.025909
0.205251 0.978689 -0.006319
0.264128 0.964301 0.018966
0.183128 0.982897 -0.019455
0.149985 0.988420 -0.023048
0.074894 0.996598 -0.034409
0.061371 0.996660 -0.053876
0.067028 0.997020 -0.038200
-0.000000 0.997090 -0.076238
0.000000 0.999160 -0.040990
-0.067028 0.997020 -0.038200
-0.061371 0.996660 -0.053876
-0.074894 0.996598 -0.034409
-0.139234 0.989921 -0.025902
-0.042636 0.989024 -0.141470
-0.010089 0.991373 -0.130684
-0.050313 0.989395 -0.136255
-0.058117 0.989703 -0.130806
-0.058236 0.991991 -0.112081
-0.059661 0.993401 -0.097957
0.057273 0.991515 -0.116697
0.059661 0.993401 -0.097957
0.049523 0.989463 -0.136051
0.054378 0.989996 -0.130196
0.042771 0.987330 -0.152805
0.038225 0.984204 -0.172861
0.043199 0.984501 -0.169976
0.042957 0.988994 -0.141585
-0.404881 0.908089 0.106987
-0.335205 0.940466 0.056219
-0.352303 0.933357 0.068758
-0.407244 0.906950 0.107672
-0.452419 0.879703 0.146421
-0.473122 0.865376 0.165166
-0.532568 0.817100 0.220724
0.116015 0.985854 0.120965
-0.448526 0.876244 0.176130
0.335229 0.940459 0.056198
0.274983 0.961111 0.025495
0.249157 0.968258 0.019937
0.205087 0.978723 -0.006328
0.116913 0.992786 -0.026611
-0.116912 0.992786 -0.026611
-0.143376 0.989383 -0.023768
-0.183321 0.982861 -0.019441
-0.216403 0.976304 0.000225
-0.258672 0.965838 0.015662
-0.266356 0.963585 0.023629
-0.249132 0.968265 0.019888
-0.246906 0.960107 0.131270
-0.284106 0.946670 0.151989
-0.280366 0.948108 0.149950
-0.326665 0.930339 0.166614
-0.366683 0.913999 0.173637
-0.551559 0.789603 0.268905
-0.511576 0.823862 0.244010
-0.528980 0.811403 0.248606
-0.503120 0.829697 0.241814
-0.587670 0.750715 0.301780
-0.614825 0.717634 0.327097
-0.614770 0.717751 0.326943
-0.577796 0.674350 0.459787
-0.543322 0.740323 0.395882
-0.603682 0.704830 0.372536
-0.577760 0.674498 0.459615
-0.577580 0.674567 0.459740
-0.558871 0.691500 0.457702
-0.577663 0.674535 0.459682
-0.588464 0.662398 0.463615
-0.577744 0.674490 0.459646
-0.599287 0.649814 0.467543
-0.619632 0.625079 0.474692
0.187241 0.888032 0.419929
0.101159 0.904695 0.413878
0.187298 0.888010 0.419950
0.098762 0.904868 0.414078
0.187201 0.888054 0.419901
0.101753 0.904702 0.413717
0.153266 0.980455 0.123363
0.097490 0.988469 0.115861
-0.000000 0.993386 0.114826
0.212651 0.968642 0.128497
0.266455 0.953369 0.141735
0.269244 0.952285 0.143741
0.302407 0.939269 0.162243
0.288505 0.944927 0.154526
0.334460 0.927315 0.167995
0.294264 0.856069 0.424917
0.277838 0.863164 0.421609
0.295020 0.855839 0.424856
0.289924 0.858044 0.423916
0.286951 0.859285 0.423425
0.451643 0.776248 0.439839
0.375081 0.819472 0.433336
0.352189 0.830558 0.431435
0.442678 0.782413 0.438025
0.534352 0.733081 0.420784
0.530015 0.716028 0.454300
0.577774 0.674430 0.459697
0.592054 0.658290 0.464894
0.591835 0.658489 0.464891
0.619298 0.625494 0.474581
0.452682 0.879538 0.146603
0.407433 0.906849 0.107807
0.404876 0.908095 0.106949
0.473411 0.865167 0.165434
0.532569 0.817098 0.220730
-0.933818 0.283990 0.217563
-0.261569 0.955104 0.139132
-0.201157 0.971222 0.127527
-0.302359 0.939278 0.162282
-0.277809 0.863170 0.421615
-0.294187 0.856100 0.424908
-0.294978 0.855854 0.424856
-0.373542 0.820189 0.433309
-0.394801 0.809370 0.434801
-0.451224 0.865781 0.216381
-0.425139 0.883235 0.197872
-0.587127 0.751068 0.301958
-0.614947 0.717675 0.326776
-0.502748 0.829819 0.242165
-0.452733 0.802564 0.388490
-0.448052 0.778811 0.438980
-0.440958 0.783776 0.437323
-0.440868 0.783833 0.437312
-0.375130 0.819443 0.433347
-0.352168 0.830564 0.431440
-0.099969 0.904800 0.413936
-0.156538 0.894634 0.418481
-0.100541 0.904748 0.413912
-0.187110 0.888064 0.419919
-0.100365 0.904786 0.413870
-0.217778 0.880583 0.420887
-0.097491 0.988469 0.115861
-0.153265 0.980455 0.123363
-0.289890 0.858055 0.423916
-0.286999 0.859268 0.423427
-0.000000 0.993904 0.110250
0.015108 0.909397 0.415654
-0.000006 0.909503 0.415698
0.104938 0.904469 0.413429
-0.052630 0.908252 0.415100
-0.104876 0.904494 0.413389
-0.199615 0.979827 -0.009622
0.246915 0.960104 0.131278
0.366431 0.914105 0.173608
0.425144 0.883230 0.197883
0.451239 0.865771 0.216389
0.494464 0.835574 0.239418
0.515936 0.820789 0.245186
0.573431 0.766712 0.288669
0.558897 0.782132 0.275505
0.614825 0.717636 0.327092
0.614768 0.717758 0.326932
0.373647 0.820155 0.433282
0.406754 0.803060 0.435484
0.442880 0.782184 0.438229
0.462326 0.819715 0.338114
0.502751 0.829828 0.242130
0.587131 0.751076 0.301931
0.603683 0.704834 0.372527
0.614944 0.717681 0.326769
0.577802 0.674343 0.459790
0.577766 0.674496 0.459611
0.577724 0.674447 0.459735
0.577813 0.674421 0.459661
0.528977 0.811405 0.248606
-0.300531 0.953266 0.031063
-0.300623 0.953236 0.031107
202
0 0 1 2 0 1 2 1
0 3 4 5 3 2 1 1
0 4 3 6 2 3 4 1
0 7 8 9 5 6 7 1
0 7 10 8 5 8 6 1
0 10 7 11 8 5 9 1
0 12 13 14 5 10 9 1
0 15 16 17 5 11 10 1
0 16 18 17 11 12 10 1
0 19 18 16 13 12 11 1
0 18 19 20 12 13 14 1
0 21 22 23 13 15 14 1
0 24 22 21 16 15 13 1
0 22 24 25 15 16 17 1
0 24 26 25 16 18 17 1
0 27 28 29 19 20 4 1
0 28 27 30 20 19 21 1
0 31 32 33 22 20 21 1
0 32 31 34 20 22 23 1
0 35 36 37 23 13 20 1
0 36 35 38 13 23 24 1
0 39 40 41 13 24 16 1
0 42 43 44 13 25 20 1
0 43 42 45 25 13 26 1
0 46 47 48 11 26 13 1
0 49 50 51 25 27 20 1
0 50 49 52 27 25 28 1
0 53 54 55 29 20 27 1
0 54 53 56 20 29 2 1
0 57 58 59 29 30 2 1
0 58 57 60 30 29 31 1
0 61 62 63 30 0 2 1
0 29 28 64 4 20 2 1
0 53 55 65 29 27 32 1
0 66 67 68 33 34 35 1
0 67 66 69 34 33 36 1
0 70 71 72 37 36 33 1
0 71 70 73 36 37 38 1
0 74 75 76 38 37 39 1
0 77 78 79 7 40 41 1
0 77 80 78 7 42 40 1
0 80 77 81 42 7 43 1
0 82 83 84 7 44 43 1
0 83 82 85 44 7 6 1
0 83 85 86 44 6 45 1
0 11 87 8 9 45 6 1
0 87 11 88 45 9 46 1
0 13 89 14 10 46 9 1
0 89 13 90 46 10 12 1
0 91 92 93 17 47 15 1
0 92 91 94 47 17 48 1
0 91 95 94 17 18 48 1
0 96 97 98 18 49 48 1
0 96 99 97 18 50 49 1
0 99 96 100 50 18 51 1
0 101 102 103 52 50 51 1
0 102 101 104 50 52 53 1
0 105 106 107 54 55 56 1
0 108 109 110 55 57 56 1
0 109 108 111 57 55 58 1
0 112 113 114 59 60 61 1
0 113 112 115 60 59 62 1
0 115 112 116 62 59 63 1
0 117 118 119 64 63 59 1
0 118 117 120 63 64 65 1
0 121 122 123 66 67 68 1
0 122 121 124 67 66 69 1
0 122 124 125 67 69 70 1
0 122 125 126 67 70 71 1
0 126 125 127 71 70 72 1
0 126 127 128 71 72 73 1
0 126 128 129 71 73 74 1
0 129 128 130 74 73 75 1
0 131 132 133 75 73 76 1
0 134 135 136 77 78 79 1
0 135 134 137 78 77 80 1
0 138 137 134 81 80 77 1
0 137 138 139 80 81 82 1
0 140 141 142 83 84 85 1
0 141 140 143 84 83 86 1
0 144 145 146 87 86 83 1
0 145 144 147 86 87 88 1
0 148 149 150 89 88 87 1
0 148 151 149 89 90 88 1
0 151 148 152 90 89 91 1
0 153 154 155 92 93 94 1
0 154 156 155 93 95 94 1
0 157 156 154 81 95 93 1
0 156 157 158 95 81 77 1
0 158 159 156 77 96 95 1
0 159 158 160 96 77 79 1
0 161 162 163 97 98 99 1
0 162 161 164 98 97 100 1
0 164 161 165 100 97 101 1
0 166 167 168 101 97 102 1
0 169 170 171 103 101 102 1
0 170 169 172 101 103 104 1
0 170 172 173 101 104 105 1
0 174 175 176 105 104 106 1
0 177 178 179 107 108 109 1
0 178 177 180 108 107 110 1
0 181 182 183 110 107 111 1
0 79 78 184 41 40 112 1
0 185 186 187 40 109 108 1
0 186 185 188 109 40 42 1
0 105 189 190 54 113 114 1
0 189 105 107 113 54 56 1
0 191 110 192 113 56 115 1
0 110 109 192 56 57 115 1
0 193 194 195 116 117 118 1
0 196 197 198 117 119 118 1
0 197 196 199 119 117 120 1
0 200 201 202 121 62 122 1
0 201 200 203 62 121 60 1
0 204 205 206 122 58 121 1
0 205 204 207 58 122 57 1
0 208 209 210 68 123 124 1
0 209 208 211 123 68 67 1
0 212 213 214 67 125 123 1
0 215 216 217 126 125 67 1
0 218 219 220 127 126 67 1
0 219 218 221 126 127 128 1
0 221 218 222 128 127 129 1
0 222 218 223 129 127 130 1
0 223 218 224 130 127 131 1
0 225 226 227 132 133 134 1
0 226 225 228 133 132 135 1
0 229 228 225 136 135 132 1
0 228 229 230 135 136 137 1
0 231 232 233 138 139 85 1
0 232 231 234 139 138 114 1
0 190 189 235 114 113 139 1
0 193 236 237 116 140 137 1
0 236 193 195 140 116 118 1
0 198 238 239 118 130 140 1
0 238 198 197 130 118 119 1
0 240 222 223 119 129 130 1
0 222 240 221 129 119 128 1
0 240 241 221 119 120 128 1
0 219 221 241 126 128 120 1
0 242 239 238 131 140 130 1
0 239 242 243 140 131 141 1
0 244 245 236 141 135 140 1
0 245 244 246 135 141 133 1
0 237 236 245 137 140 135 1
0 247 248 249 142 138 85 1
0 250 251 252 84 142 85 1
0 253 254 255 143 82 144 1
0 254 253 256 82 143 145 1
0 253 257 256 143 78 145 1
0 257 253 258 78 143 146 1
0 259 260 261 147 146 143 1
0 262 260 259 132 146 147 1
0 260 262 263 146 132 134 1
0 259 264 262 147 136 132 1
0 264 259 261 136 147 143 1
0 264 261 265 136 143 144 1
0 256 257 266 145 78 80 1
0 254 256 266 82 145 80 1
0 267 268 269 127 67 71 1
0 98 270 271 48 148 47 1
0 97 270 98 49 148 48 1
0 270 97 99 148 49 50 1
0 272 102 104 148 50 53 1
0 145 147 273 86 88 149 1
0 274 273 147 90 149 88 1
0 151 152 275 90 91 150 1
0 276 277 278 151 150 91 1
0 277 276 279 150 151 152 1
0 280 281 282 153 152 151 1
0 281 280 283 152 153 154 1
0 284 285 286 155 154 153 1
0 285 284 287 154 155 156 1
0 288 289 290 155 157 156 1
0 289 288 291 157 155 158 1
0 292 293 294 92 159 160 1
0 293 292 295 159 92 94 1
0 295 296 293 94 98 159 1
0 296 295 297 98 94 95 1
0 297 298 296 95 99 98 1
0 298 297 299 99 95 96 1
0 164 300 162 100 159 98 1
0 300 164 301 159 100 161 1
0 164 165 301 100 101 161 1
0 301 165 302 161 101 160 1
0 302 165 303 160 101 162 1
0 304 305 306 163 162 101 1
0 307 308 309 164 163 101 1
0 310 311 312 165 164 101 1
0 311 310 313 164 165 166 1
0 170 314 315 101 167 165 1
0 170 316 314 101 168 167 1
0 170 317 316 101 169 168 1
0 170 318 317 101 170 169 1
0 170 173 318 101 105 170 1
0 302 300 301 160 159 161 1
0 285 287 319 154 156 171 1
0 320 321 322 51 34 52 1
0 323 321 320 172 34 51 1
0 324 321 323 173 34 172 1
0 321 324 325 34 173 35 1
0 11 8 10 9 6 8 1
"Regroup01" 1 0
403
1 15.306163 22.517988 -11.453331 0.418125 0.280331 -1
1 7.753269 23.669001 -11.453331 0.458207 0.280331 -1
1 6.598685 24.277203 -3.692425 0.464334 0.235310 -1
1 17.911522 21.163710 -19.865053 0.404299 0.329128 -1
1 9.045719 21.713974 -19.865053 0.451348 0.329128 -1
1 28.558489 17.480644 -52.385784 0.347798 0.517781 -1
1 14.358335 17.681292 -52.385784 0.423155 0.517781 -1
1 0.155696 17.897762 -46.276768 0.498526 0.539717 -1
1 20.878611 17.525963 -46.276768 0.388553 0.539717 -1
1 34.713657 16.317244 -56.167019 0.315134 0.539717 -1
1 53.476173 15.980652 -56.167034 0.215565 0.539717 -1
1 74.000290 15.612446 -56.167034 0.106648 0.539717 -1
1 89.096848 15.341593 -56.167034 0.026533 0.539717 -1
1 42.754860 17.146301 -52.385784 0.272461 0.517781 -1
1 26.727179 20.248339 -19.865053 0.357516 0.329128 -1
1 22.769230 21.381535 -11.453331 0.378521 0.280331 -1
1 12.971085 23.488552 -3.692425 0.430517 0.235310 -1
1 4.519802 24.405220 -2.409168 0.475366 0.227866 -1
1 3.446851 24.471189 -2.409168 0.481060 0.227866 -1
1 3.339583 24.392815 -3.318125 0.481629 0.233138 -1
1 3.295577 24.356565 -3.692425 0.481863 0.235310 -1
1 3.221241 24.277861 -4.321934 0.482258 0.238962 -1
1 2.564532 23.933008 -7.218431 0.485742 0.255764 -1
1 1.941620 23.566927 -9.964563 0.489048 0.271695 -1
1 1.079703 23.391232 -11.453331 0.493622 0.280331 -1
1 0.706028 23.296202 -12.098713 0.495605 0.284075 -1
1 0.631698 23.299463 -12.098713 0.496000 0.284075 -1
1 0.155704 23.313513 -12.098713 0.498526 0.284075 -1
1 0.155696 21.897839 -19.865053 0.498526 0.329128 -1
1 0.155696 17.748169 -52.385784 0.498526 0.517781 -1
1 -14.046960 17.681292 -52.385784 0.573896 0.517781 -1
1 -28.247099 17.480644 -52.385784 0.649253 0.517781 -1
1 -20.567221 17.525963 -46.276768 0.608497 0.539717 -1
1 -34.402267 16.317244 -56.167019 0.681918 0.539717 -1
1 -53.164810 15.980652 -56.167000 0.781487 0.539717 -1
1 -73.688675 15.612446 -56.167000 0.890402 0.539717 -1
1 -88.785507 15.341593 -56.167000 0.970517 0.539717 -1
1 -51.500179 14.698248 -47.698895 0.275621 0.616179 -1
1 -88.785507 15.341593 -56.167000 0.114892 0.575324 -1
1 -73.688675 15.612446 -56.167000 0.179971 0.575324 -1
1 -84.987190 15.341593 -52.385769 0.131266 0.593567 -1
1 -80.279495 15.341593 -47.698895 0.151560 0.616179 -1
1 -53.473927 14.729799 -47.698895 0.267112 0.616179 -1
1 -66.877831 15.005100 -47.698895 0.209331 0.616179 -1
1 -57.220070 14.445457 -36.124992 0.250964 0.672019 -1
1 -45.767727 13.711855 -36.124992 0.300332 0.672019 -1
1 -68.653641 15.341593 -36.124992 0.201676 0.672019 -1
1 -43.800667 17.333160 -19.865053 0.731793 0.329128 -1
1 -80.279495 15.341593 -47.698895 0.925379 0.490593 -1
1 -68.653641 15.341593 -36.124992 0.863682 0.423452 -1
1 -84.987190 15.341593 -52.385769 0.950361 0.517781 -1
1 -70.815559 16.076693 -52.385769 0.875155 0.517781 -1
1 -35.157524 18.970156 -19.865053 0.685925 0.329128 -1
1 -56.633606 16.678301 -52.385769 0.799895 0.517781 -1
1 -26.415785 20.248339 -19.865053 0.639535 0.329128 -1
1 -42.443501 17.146301 -52.385784 0.724591 0.517781 -1
1 -17.599701 21.163710 -19.865053 0.592750 0.329128 -1
1 -8.734331 21.713974 -19.865053 0.545703 0.329128 -1
1 -0.320285 23.299463 -12.098713 0.501052 0.284075 -1
1 -0.394619 23.296202 -12.098713 0.501446 0.284075 -1
1 -7.441893 23.669001 -11.453331 0.538845 0.280331 -1
1 -0.768303 23.391232 -11.453331 0.503429 0.280331 -1
1 -14.994768 22.517988 -11.453331 0.578926 0.280331 -1
1 -22.457834 21.381535 -11.453331 0.618531 0.280331 -1
1 -29.786823 19.799965 -11.453331 0.657424 0.280331 -1
1 -36.939121 17.782749 -11.453331 0.695380 0.280331 -1
1 -52.321411 15.341593 -19.865053 0.777011 0.329128 -1
1 -37.343052 14.082247 -12.294197 0.336648 0.786995 -1
1 -52.321411 15.341593 -19.865053 0.272080 0.750468 -1
1 -44.716740 15.341593 -12.294197 0.304862 0.786995 -1
1 -11.772855 14.117323 18.516777 0.446876 0.935647 -1
1 -43.871670 15.341593 -11.453331 0.308505 0.791051 -1
1 -36.076096 15.341593 -3.692425 0.342110 0.828495 -1
1 -34.786987 15.341593 -2.409168 0.347667 0.834686 -1
1 -25.470484 15.341593 6.866002 0.387829 0.879436 -1
1 -17.992353 15.341593 14.311115 0.420065 0.915356 -1
1 -13.767905 15.341593 18.516777 0.438276 0.935647 -1
1 -8.053019 14.259541 23.027769 0.462911 0.957411 -1
1 -9.236856 15.341593 23.027769 0.457808 0.957411 -1
1 -4.802269 14.531801 26.898430 0.476924 0.976086 -1
1 -6.667423 13.335451 23.027769 0.468884 0.957411 -1
1 -9.603614 13.090265 18.516777 0.456227 0.935647 -1
1 -14.924592 11.668259 -12.294197 0.433289 0.786995 -1
1 -22.435699 12.244192 -12.294197 0.400911 0.786995 -1
1 -29.912548 13.049281 -12.294197 0.368680 0.786995 -1
1 -34.299919 13.141018 -36.125011 0.349767 0.672019 -1
1 -40.067886 14.515636 -47.698910 0.324903 0.616179 -1
1 -53.164810 15.980652 -56.167000 0.268445 0.575324 -1
1 -34.402267 16.317244 -56.167019 0.349326 0.575324 -1
1 -26.660997 14.362671 -47.698910 0.382696 0.616179 -1
1 -22.821262 12.733160 -36.125011 0.399249 0.672019 -1
1 -11.334672 12.488367 -36.125011 0.448765 0.672019 -1
1 -7.390087 11.322326 -12.294197 0.465769 0.786995 -1
1 -6.085942 11.682755 14.791077 0.471391 0.917672 -1
1 -5.799801 11.551086 7.151716 0.472624 0.880815 -1
1 -5.692877 11.468558 4.293227 0.473085 0.867023 -1
1 -5.182415 11.324316 1.271818 0.475285 0.852446 -1
1 -4.237521 11.295155 -4.321934 0.479359 0.825458 -1
1 -2.403296 11.252243 -9.964563 0.487266 0.798234 -1
1 -0.632973 11.219556 -12.098713 0.494897 0.787938 -1
1 0.155696 11.206982 -12.294197 0.498297 0.786995 -1
1 0.155696 12.406788 -36.125011 0.498297 0.672019 -1
1 7.701478 11.322326 -12.294197 0.530825 0.786995 -1
1 0.171979 11.207732 -12.098713 0.498367 0.787938 -1
1 0.944365 11.219556 -12.098713 0.501697 0.787938 -1
1 2.715085 11.252243 -9.964563 0.509330 0.798234 -1
1 4.548909 11.295155 -4.321934 0.517235 0.825458 -1
1 5.493806 11.324316 1.271818 0.521308 0.852446 -1
1 6.004267 11.468558 4.293227 0.523508 0.867023 -1
1 6.111205 11.551086 7.151716 0.523970 0.880815 -1
1 6.397347 11.682755 14.791077 0.525203 0.917672 -1
1 15.235988 11.668259 -12.294197 0.563305 0.786995 -1
1 11.646047 12.488367 -36.125011 0.547829 0.672019 -1
1 13.564249 15.231398 -37.808651 0.556098 0.616179 -1
1 26.972380 14.362671 -47.698910 0.613897 0.616179 -1
1 23.132658 12.733160 -36.125011 0.597345 0.672019 -1
1 40.379654 14.515636 -47.698910 0.671693 0.616179 -1
1 34.611740 13.141018 -36.125011 0.646829 0.672019 -1
1 46.079117 13.711855 -36.125019 0.696262 0.672019 -1
1 37.654865 14.082247 -12.294197 0.659947 0.786995 -1
1 68.965034 15.341593 -36.125019 0.794918 0.672019 -1
1 52.632816 15.341593 -19.865053 0.724513 0.750468 -1
1 45.028126 15.341593 -12.294197 0.691731 0.786995 -1
1 37.250500 17.782749 -11.453331 0.301671 0.280331 -1
1 45.028126 15.341593 -12.294197 0.260397 0.285209 -1
1 52.632816 15.341593 -19.865053 0.220041 0.329128 -1
1 44.183060 15.341593 -11.453331 0.264882 0.280331 -1
1 30.975845 18.087667 -3.692425 0.334970 0.235310 -1
1 25.226713 20.376675 -3.692425 0.365479 0.235310 -1
1 30.098631 19.799965 -11.453331 0.339625 0.280331 -1
1 44.112057 17.333160 -19.865053 0.265259 0.329128 -1
1 35.468910 18.970156 -19.865053 0.311126 0.329128 -1
1 71.127197 16.076693 -52.385799 0.121895 0.517781 -1
1 56.944973 16.678301 -52.385799 0.197157 0.517781 -1
1 19.203115 22.183580 -3.692425 0.397445 0.235310 -1
1 8.831431 23.602846 -2.409168 0.452485 0.227866 -1
1 -3.028175 24.392815 -3.318125 0.515422 0.233138 -1
1 -4.208389 24.405220 -2.409168 0.521685 0.227866 -1
1 -3.135438 24.471189 -2.409168 0.515991 0.227866 -1
1 -6.287298 24.277203 -3.692425 0.532717 0.235310 -1
1 -2.984164 24.356565 -3.692425 0.515188 0.235310 -1
1 -2.909829 24.277861 -4.321934 0.514793 0.238962 -1
1 -2.252831 23.933008 -7.218431 0.511307 0.255764 -1
1 -1.629932 23.566927 -9.964563 0.508002 0.271695 -1
1 -12.659698 23.488552 -3.692425 0.566534 0.235310 -1
1 -18.891718 22.183580 -3.692425 0.599607 0.235310 -1
1 -24.915327 20.376675 -3.692425 0.631572 0.235310 -1
1 -30.664463 18.087667 -3.692425 0.662082 0.235310 -1
1 -43.871670 15.341593 -11.453331 0.732169 0.280331 -1
1 -44.716740 15.341593 -12.294197 0.736654 0.285209 -1
1 -36.076096 15.341593 -3.692425 0.690799 0.235310 -1
1 -29.629770 18.120682 -2.409168 0.656591 0.227866 -1
1 -24.114544 20.441673 -2.409168 0.627323 0.227866 -1
1 -18.306910 22.276333 -2.409168 0.596503 0.227866 -1
1 -8.520021 23.602846 -2.409168 0.544566 0.227866 -1
1 -10.067796 23.114952 -2.409168 0.552780 0.227866 -1
1 -10.386390 22.963428 -0.842696 0.554470 0.218778 -1
1 -10.693893 22.817120 0.666961 0.556102 0.210021 -1
1 -10.519011 22.442554 4.541351 0.555174 0.187545 -1
1 -10.444977 22.302780 5.985438 0.554781 0.179168 -1
1 -18.325710 20.569685 6.866002 0.596603 0.174060 -1
1 -10.304472 22.251503 6.514274 0.554036 0.176100 -1
1 -22.149973 18.166210 6.866002 0.616897 0.174060 -1
1 -34.786987 15.341593 -2.409168 0.683959 0.227866 -1
1 -25.470484 15.341593 6.866002 0.634519 0.174060 -1
1 -16.044930 17.853287 14.311115 0.584499 0.130871 -1
1 -17.992353 15.341593 14.311115 0.594834 0.130871 -1
1 -5.355772 16.281067 26.337835 0.527774 0.061103 -1
1 -13.767905 15.341593 18.516777 0.572416 0.106473 -1
1 -9.236856 15.341593 23.027769 0.548370 0.080305 -1
1 -5.911759 15.341593 26.337835 0.530724 0.061103 -1
1 -5.348248 15.341593 26.898430 0.474571 0.976086 -1
1 -5.911759 15.341593 26.337835 0.472142 0.973381 -1
1 0.155696 15.341593 32.378136 0.498297 1.002523 -1
1 -4.063321 13.821453 26.898430 0.480110 0.976086 -1
1 -5.113896 12.592023 23.027769 0.475581 0.957411 -1
1 -7.291500 12.275446 18.516777 0.466194 0.935647 -1
1 -6.217947 11.997370 18.314592 0.470821 0.934672 -1
1 -6.019110 11.965012 18.516777 0.471679 0.935647 -1
1 -4.870362 11.684745 18.516777 0.476631 0.935647 -1
1 -2.375713 11.326866 18.516777 0.487385 0.935647 -1
1 0.139822 11.207732 -12.098713 0.498228 0.787938 -1
1 0.155696 11.206982 18.516777 0.498297 0.935647 -1
1 0.155696 11.206982 -12.098713 0.498297 0.787938 -1
1 2.687105 11.326866 18.516777 0.509209 0.935647 -1
1 5.181767 11.684745 18.516777 0.519963 0.935647 -1
1 6.330503 11.965012 18.516777 0.524915 0.935647 -1
1 6.529352 11.997370 18.314592 0.525772 0.934672 -1
1 7.602904 12.275446 18.516777 0.530400 0.935647 -1
1 9.915004 13.090265 18.516777 0.540367 0.935647 -1
1 12.084259 14.117323 18.516777 0.549718 0.935647 -1
1 22.747091 12.244192 -12.294197 0.595683 0.786995 -1
1 30.223936 13.049281 -12.294197 0.627914 0.786995 -1
1 36.387482 15.341593 -3.692425 0.654483 0.828495 -1
1 14.079315 15.341593 18.516777 0.558318 0.935647 -1
1 18.303745 15.341593 14.311115 0.576529 0.915356 -1
1 25.781879 15.341593 6.866002 0.608765 0.879436 -1
1 35.098808 15.341593 -2.409168 0.648928 0.834686 -1
1 36.387482 15.341593 -3.692425 0.306252 0.235310 -1
1 29.941580 18.120682 -2.409168 0.340458 0.227866 -1
1 35.098808 15.341593 -2.409168 0.313090 0.227866 -1
1 44.183060 15.341593 -11.453331 0.688088 0.791051 -1
1 24.425932 20.441673 -2.409168 0.369729 0.227866 -1
1 18.618305 22.276333 -2.409168 0.400548 0.227866 -1
1 10.379206 23.114952 -2.409168 0.444272 0.227866 -1
1 0.321269 25.029621 6.514274 0.497647 0.176100 -1
1 5.048934 24.765755 6.866002 0.472558 0.174060 -1
1 3.606000 24.752039 6.514274 0.480215 0.176100 -1
1 0.155696 25.054111 6.866002 0.498526 0.174060 -1
1 0.155704 25.039742 6.514274 0.498526 0.176100 -1
1 -0.009861 25.029621 6.514274 0.499404 0.176100 -1
1 -4.737543 24.765755 6.866002 0.524494 0.174060 -1
1 -3.294587 24.752039 6.514274 0.516836 0.176100 -1
1 -9.520068 23.907207 6.866002 0.549873 0.174060 -1
1 -3.983361 24.586466 6.514274 0.520491 0.176100 -1
1 -6.668805 23.895786 6.514274 0.534742 0.176100 -1
1 -5.788948 24.577000 6.866002 0.530073 0.174060 -1
1 -6.435610 23.909172 7.154239 0.533504 0.172388 -1
1 -3.999969 24.535849 7.154239 0.520579 0.172388 -1
1 -6.532975 23.877823 7.154239 0.534021 0.172388 -1
1 -9.594427 22.522881 7.154239 0.550268 0.172388 -1
1 -14.083702 22.498066 6.866002 0.574091 0.174060 -1
1 -6.828245 23.845486 6.514274 0.535588 0.176100 -1
1 -9.892021 22.489576 6.514274 0.551846 0.176100 -1
1 -10.045933 22.420013 6.514274 0.552664 0.176100 -1
1 -10.023197 22.251503 7.154239 0.552543 0.172388 -1
1 -9.685073 22.471937 7.154239 0.550749 0.172388 -1
1 -8.865722 21.465139 12.183643 0.546401 0.143212 -1
1 -8.426154 21.268532 13.441006 0.544068 0.135918 -1
1 -8.566944 21.331564 13.037893 0.544815 0.138257 -1
1 -13.535657 20.039013 14.311115 0.571183 0.130871 -1
1 -4.565014 17.111298 26.337835 0.523578 0.061103 -1
1 0.155696 15.341593 32.378136 0.498526 0.026063 -1
1 -5.348248 15.341593 26.898430 0.527734 0.057851 -1
1 -3.572922 17.796894 26.337835 0.518313 0.061103 -1
1 -3.442954 18.118399 24.613455 0.517623 0.071106 -1
1 -3.959161 17.955313 24.154385 0.520362 0.073770 -1
1 -4.744422 18.538107 22.361927 0.524529 0.084168 -1
1 -6.690958 20.059265 17.683826 0.534859 0.111305 -1
1 -7.230493 20.480526 16.387613 0.537723 0.118825 -1
1 -7.613207 20.779665 15.468212 0.539754 0.124158 -1
1 -7.889829 20.995529 14.803200 0.541222 0.128016 -1
1 -8.094736 21.155876 14.311115 0.542309 0.130871 -1
1 -3.261065 18.171858 24.763844 0.516658 0.070234 -1
1 -2.994360 18.250072 24.983988 0.515242 0.068957 -1
1 -1.950841 18.499243 25.684916 0.509705 0.064891 -1
1 -2.422084 18.308525 26.337835 0.512206 0.061103 -1
1 -1.161391 18.624640 26.337835 0.505515 0.061103 -1
1 0.155704 18.731432 26.337835 0.498526 0.061103 -1
1 1.472782 18.624640 26.337835 0.491536 0.061103 -1
1 1.064845 18.685061 26.207922 0.493701 0.061857 -1
1 1.093413 18.683758 26.204159 0.493550 0.061879 -1
1 3.896422 23.954891 14.311115 0.478675 0.130871 -1
1 0.190977 24.013992 14.771442 0.498339 0.128200 -1
1 2.710857 23.781151 14.702936 0.484966 0.128598 -1
1 0.155704 24.228228 14.311115 0.498526 0.130871 -1
1 2.774105 23.963373 14.233004 0.484630 0.131324 -1
1 0.155700 23.397108 14.311115 0.465498 0.130871 -1
1 5.352863 23.175371 14.001577 0.470945 0.132666 -1
1 4.492687 23.438911 14.079271 0.475510 0.132215 -1
1 0.155901 23.185028 14.311115 0.459513 0.130871 -1
1 4.504935 23.275959 14.554647 0.475445 0.129458 -1
1 5.220825 23.074469 14.495335 0.471646 0.129802 -1
1 1.125770 18.679502 26.191608 0.493378 0.061952 -1
1 2.733477 18.308525 26.337835 0.484846 0.061103 -1
1 2.109232 18.532879 25.779749 0.488159 0.064341 -1
1 2.262554 18.499243 25.684916 0.487345 0.064891 -1
1 3.884312 17.796894 26.337835 0.478739 0.061103 -1
1 3.305773 18.250072 24.983988 0.481809 0.068957 -1
1 4.876406 17.111298 26.337835 0.473474 0.061103 -1
1 5.667163 16.281067 26.337835 0.469278 0.061103 -1
1 5.660054 15.341593 26.898430 0.469315 0.057851 -1
1 6.223147 15.341593 26.337835 0.466327 0.061103 -1
1 5.660054 15.341593 26.898430 0.522025 0.976086 -1
1 9.548245 15.341593 23.027769 0.538786 0.957411 -1
1 6.223147 15.341593 26.337835 0.524452 0.973381 -1
1 5.113678 14.531801 26.898430 0.519669 0.976086 -1
1 4.375140 13.821453 26.898430 0.516486 0.976086 -1
1 3.472440 13.238136 26.898430 0.512595 0.976086 -1
1 2.441069 12.804521 26.898430 0.508149 0.976086 -1
1 1.321145 12.537450 26.898430 0.503320 0.976086 -1
1 0.155696 12.447250 26.898430 0.498297 0.976086 -1
1 -1.009757 12.537450 26.898430 0.493273 0.976086 -1
1 -2.129678 12.804521 26.898430 0.488445 0.976086 -1
1 -3.161036 13.238136 26.898430 0.483999 0.976086 -1
1 -3.430894 12.047565 23.027769 0.482836 0.957411 -1
1 -6.005743 11.963933 18.529716 0.471736 0.935710 -1
1 -4.416295 11.799209 19.939959 0.478588 0.942513 -1
1 -2.901215 11.703563 21.283779 0.485119 0.948997 -1
1 -1.660154 11.715447 23.027769 0.490469 0.957411 -1
1 -1.778792 11.650949 22.279205 0.489958 0.953799 -1
1 0.155696 11.603794 23.027769 0.498297 0.957411 -1
1 -0.934988 11.670838 23.027769 0.493595 0.957411 -1
1 -0.632973 11.711920 23.295532 0.494897 0.958703 -1
1 0.075079 11.668386 23.295532 0.497949 0.958703 -1
1 0.155696 11.662150 23.295532 0.498297 0.958703 -1
1 0.236325 11.668386 23.295532 0.498644 0.958703 -1
1 0.944365 11.711920 23.295532 0.501697 0.958703 -1
1 1.246380 11.670838 23.027769 0.502998 0.957411 -1
1 2.090180 11.650949 22.279205 0.506636 0.953799 -1
1 3.212607 11.703563 21.283779 0.511474 0.948997 -1
1 4.727698 11.799209 19.939959 0.518006 0.942513 -1
1 6.317562 11.963933 18.529716 0.524859 0.935710 -1
1 3.742282 12.047565 23.027769 0.513758 0.957411 -1
1 5.425299 12.592023 23.027769 0.521013 0.957411 -1
1 6.978814 13.335451 23.027769 0.527709 0.957411 -1
1 8.364404 14.259541 23.027769 0.533682 0.957411 -1
1 1.971546 11.715447 23.027769 0.506125 0.957411 -1
1 14.079315 15.341593 18.516777 0.424636 0.106473 -1
1 9.548245 15.341593 23.027769 0.448681 0.080305 -1
1 18.303745 15.341593 14.311115 0.402218 0.130871 -1
1 16.356323 17.853287 14.311115 0.412552 0.130871 -1
1 13.847045 20.039013 14.311115 0.425868 0.130871 -1
1 4.270875 17.955313 24.154385 0.476687 0.073770 -1
1 3.754363 18.118399 24.613455 0.479428 0.071106 -1
1 3.572478 18.171858 24.763844 0.480393 0.070234 -1
1 5.055848 18.538107 22.361927 0.472521 0.084168 -1
1 7.002650 20.059265 17.683826 0.462190 0.111305 -1
1 7.541904 20.480526 16.387613 0.459329 0.118825 -1
1 7.924628 20.779665 15.468212 0.457298 0.124158 -1
1 8.201242 20.995529 14.803185 0.455830 0.128016 -1
1 8.406156 21.155876 14.311115 0.454742 0.130871 -1
1 8.458915 21.268532 13.964403 0.454462 0.132882 -1
1 8.737579 21.268532 13.440989 0.452983 0.135918 -1
1 8.878360 21.331564 13.037880 0.452236 0.138257 -1
1 9.177131 21.465139 12.183643 0.450651 0.143212 -1
1 18.637108 20.569685 6.866002 0.400449 0.174060 -1
1 22.461779 18.166210 6.866002 0.380152 0.174060 -1
1 10.756396 22.302780 5.985438 0.442270 0.179168 -1
1 10.615886 22.251503 6.514274 0.443016 0.176100 -1
1 10.357347 22.420013 6.514274 0.444388 0.176100 -1
1 14.395097 22.498066 6.866002 0.422960 0.174060 -1
1 10.203732 22.489576 6.514274 0.445203 0.176100 -1
1 10.830426 22.442554 4.541351 0.441877 0.187545 -1
1 11.005313 22.817120 0.666961 0.440949 0.210021 -1
1 10.698085 22.963428 -0.842696 0.442579 0.218778 -1
1 7.139652 23.845486 6.514274 0.461463 0.176100 -1
1 9.831455 23.907207 6.866002 0.447179 0.174060 -1
1 6.980212 23.895786 6.514274 0.462309 0.176100 -1
1 6.100766 24.577000 6.866002 0.466977 0.174060 -1
1 4.294770 24.586466 6.514274 0.476561 0.176100 -1
1 3.769518 24.721666 6.514274 0.479348 0.176100 -1
1 4.311395 24.535849 7.154239 0.476472 0.172388 -1
1 3.538963 24.734406 7.154239 0.480571 0.172388 -1
1 3.438112 24.745178 7.154239 0.481107 0.172388 -1
1 0.155704 25.022110 7.154239 0.498526 0.172388 -1
1 -3.126691 24.745178 7.154239 0.515944 0.172388 -1
1 -3.227538 24.734406 7.154239 0.516480 0.172388 -1
1 0.155901 23.185028 14.311115 0.537537 0.130871 -1
1 -4.180990 23.438911 14.079271 0.521540 0.132216 -1
1 -5.041450 23.175371 14.001577 0.526106 0.132666 -1
1 0.155700 23.397108 14.311115 0.531554 0.130871 -1
1 -4.909399 23.074469 14.495335 0.525405 0.129802 -1
1 -4.193522 23.275959 14.554647 0.521606 0.129458 -1
1 -4.923401 23.070210 14.494080 0.525479 0.129809 -1
1 -6.207972 22.447773 14.311115 0.532296 0.130871 -1
1 -5.185147 23.115278 13.984034 0.526868 0.132768 -1
1 -7.374779 21.839378 14.132318 0.538488 0.131908 -1
1 -7.543544 21.885746 13.622713 0.539384 0.134864 -1
1 -7.456393 21.790720 14.118126 0.538921 0.131990 -1
1 -7.857472 21.697975 13.567558 0.541050 0.135184 -1
1 -8.147500 21.268532 13.964403 0.542589 0.132882 -1
1 -1.797519 18.532879 25.779749 0.508891 0.064341 -1
1 -0.814345 18.679502 26.191608 0.503673 0.061952 -1
1 -0.781988 18.683758 26.204159 0.503502 0.061879 -1
1 -0.753424 18.685061 26.207922 0.503350 0.061857 -1
1 -2.399148 23.781151 14.702936 0.512084 0.128598 -1
1 0.120436 24.013992 14.771442 0.498713 0.128200 -1
1 -3.584618 23.954891 14.311115 0.518375 0.130871 -1
1 -2.462692 23.963373 14.233004 0.512421 0.131324 -1
1 -2.499130 23.954229 14.230499 0.512614 0.131338 -1
1 0.155704 24.017591 14.772289 0.498526 0.128195 -1
1 -3.458109 24.721666 6.514274 0.517704 0.176100 -1
1 6.747023 23.909172 7.154239 0.463547 0.172388 -1
1 6.844672 23.877823 7.154239 0.463029 0.172388 -1
1 8.168883 21.697975 13.567558 0.456001 0.135184 -1
1 7.767800 21.790720 14.118126 0.458130 0.131990 -1
1 7.854959 21.885746 13.622713 0.457667 0.134864 -1
1 7.686187 21.839378 14.132318 0.458563 0.131908 -1
1 6.519379 22.447773 14.311115 0.464755 0.130871 -1
1 5.496567 23.115278 13.984034 0.470183 0.132768 -1
1 5.234814 23.070210 14.494080 0.471572 0.129809 -1
1 10.334608 22.251503 7.154239 0.444508 0.172388 -1
1 9.996481 22.471937 7.154239 0.446303 0.172388 -1
1 9.905839 22.522881 7.154239 0.446784 0.172388 -1
1 25.781879 15.341593 6.866002 0.362533 0.174060 -1
1 2.810542 23.954229 14.230499 0.484437 0.131338 -1
1 85.298470 15.341593 -52.385799 0.046691 0.517781 -1
1 85.298470 15.341593 -52.385799 0.865327 0.593567 -1
1 80.591141 15.341593 -47.698917 0.845035 0.616179 -1
1 57.531456 14.445457 -36.125019 0.745630 0.672019 -1
1 51.811554 14.698248 -47.698917 0.720973 0.616179 -1
1 74.000290 15.612446 -56.167034 0.816624 0.575324 -1
1 89.096848 15.341593 -56.167034 0.881701 0.575324 -1
1 53.785301 14.729799 -47.698917 0.729482 0.616179 -1
1 67.189270 15.005100 -47.698917 0.787262 0.616179 -1
1 53.476173 15.980652 -56.167034 0.728149 0.575324 -1
1 34.713657 16.317244 -56.167019 0.647268 0.575324 -1
1 20.878611 17.525963 -46.276768 0.587628 0.575324 -1
1 0.155696 17.897762 -46.276768 0.498297 0.575324 -1
1 0.155696 15.200802 -37.808651 0.498297 0.616179 -1
1 -13.252857 15.231398 -37.808651 0.440496 0.616179 -1
1 -20.567221 17.525963 -46.276768 0.408965 0.575324 -1
360
0.137614 0.986668 -0.086883
0.018229 0.991808 -0.126432
0.075885 0.996157 -0.043726
0.083666 0.989664 -0.116467
0.027000 0.986526 -0.161359
-0.075462 0.906948 -0.414428
0.019696 0.944307 -0.328475
0.000000 -0.993410 -0.114615
-0.272980 -0.872421 -0.405418
-0.351975 -0.713560 -0.605760
-0.000659 -0.036719 -0.999325
0.010770 -0.737358 -0.675416
0.057035 0.978494 -0.198235
0.043164 0.994315 -0.097333
0.113169 0.991842 -0.058677
0.178799 0.983436 -0.029753
0.161889 0.975269 0.150472
0.118179 0.975274 0.186748
0.043294 0.998069 -0.044539
0.024512 0.995272 -0.093987
-0.001441 0.995258 -0.097257
-0.045488 0.992480 -0.113643
-0.043628 0.992370 -0.115320
-0.044934 0.993209 -0.107312
-0.016092 0.986369 -0.163762
0.038500 0.986427 -0.159622
0.036195 0.986110 -0.162100
0.006800 0.984347 -0.176108
-0.004149 0.989096 -0.147217
-0.000000 -0.075625 -0.997136
-0.019696 0.944307 -0.328475
0.075461 0.906947 -0.414430
0.272980 -0.872421 -0.405418
0.351975 -0.713560 -0.605760
0.000658 -0.036718 -0.999325
-0.010769 -0.737355 -0.675419
-0.057035 0.978494 -0.198235
-0.020683 -0.995309 0.094514
-0.347010 0.887246 0.303939
-0.202316 -0.390846 0.897947
0.000000 0.000000 1.000000
-0.052016 -0.947824 0.314523
-0.049383 -0.984562 0.167925
-0.349745 -0.490506 0.798174
-0.198758 0.970056 0.139598
-0.074843 0.996816 0.027493
-0.152663 0.988153 0.015764
-0.059126 0.997729 -0.032275
-0.113167 0.991842 -0.058678
-0.043163 0.994315 -0.097334
-0.083666 0.989664 -0.116470
-0.027194 0.986837 -0.159416
-0.030896 0.984806 -0.170889
0.009446 0.985496 -0.169433
-0.023155 0.991295 -0.129604
0.041344 0.993314 -0.107787
-0.137614 0.986668 -0.086885
-0.178803 0.983435 -0.029749
-0.239122 0.968322 0.071932
-0.297731 0.929702 0.216820
-0.636466 0.503209 0.584544
-0.128047 -0.986933 0.097814
-0.648614 -0.413516 0.638987
-0.373942 -0.865853 0.332364
-0.669536 0.378693 0.638994
-0.690403 0.296232 0.659993
-0.701222 0.223973 0.676849
-0.713814 0.073435 0.696474
-0.706074 -0.040386 0.706986
-0.673439 -0.329507 0.661744
-0.522077 -0.703036 0.482884
-0.651207 -0.402323 0.643479
-0.589824 -0.578231 0.563699
-0.472887 -0.784590 0.400995
-0.381468 -0.899408 0.213420
-0.159249 -0.986522 0.037618
-0.080472 -0.996238 0.032156
-0.122145 -0.990553 0.062340
-0.069276 -0.997310 -0.023946
-0.013019 -0.990701 -0.135432
0.240714 -0.865882 -0.438526
-0.033547 -0.996667 -0.074355
0.099334 -0.918577 -0.382556
-0.045981 -0.998931 -0.004658
-0.155492 -0.986506 0.051257
-0.094063 -0.995377 0.019400
-0.142026 -0.989590 0.023255
-0.091484 -0.995693 0.015035
-0.015279 -0.999880 0.002634
-0.015285 -0.999880 0.002635
-0.015290 -0.999880 0.002631
-0.003061 -0.999823 -0.018556
0.000000 -0.859677 -0.510838
0.043423 -0.999049 -0.003992
0.027853 -0.999611 0.001723
0.015294 -0.999879 0.002829
0.015290 -0.999880 0.002633
0.015294 -0.999880 0.002631
0.087867 -0.996027 0.014445
0.141996 -0.989594 0.023257
0.103660 -0.994408 0.020176
0.141847 -0.988782 0.046801
0.167973 -0.984891 0.042131
-0.099334 -0.918577 -0.382556
-0.248174 -0.691085 -0.678831
-0.240715 -0.865882 -0.438526
0.033547 -0.996667 -0.074355
0.013019 -0.990701 -0.135432
0.069275 -0.997310 -0.023946
0.049384 -0.984562 0.167925
0.128049 -0.986932 0.097817
0.097042 -0.913019 0.396206
0.733504 -0.090235 0.673669
0.711765 0.043502 0.701070
0.297735 0.929699 0.216825
0.269812 0.931091 0.245502
0.377888 0.882396 0.280318
0.311313 0.939838 0.140671
0.239123 0.968321 0.071935
0.190662 0.975309 0.111445
0.152661 0.988153 0.015759
0.074843 0.996816 0.027492
0.059125 0.997729 -0.032276
0.219061 0.950949 0.218421
0.176789 0.780887 0.599134
-0.038166 0.995956 -0.081335
-0.096540 0.989921 0.103613
-0.061103 0.993799 -0.092901
-0.060304 0.996013 -0.065738
-0.023866 0.993310 -0.112983
-0.023507 0.991867 -0.125086
0.013375 0.994022 -0.108357
0.044933 0.993209 -0.107316
-0.161889 0.975269 0.150473
-0.220917 0.969089 0.109825
-0.311310 0.939840 0.140664
-0.377886 0.882383 0.280362
-0.425177 0.840958 0.334686
-0.318782 0.926247 0.201109
-0.176881 0.958538 0.223423
-0.141058 0.806306 0.574433
-0.068850 0.676424 0.733288
-0.100987 0.992019 0.075495
-0.105950 0.990462 0.088088
-0.111241 0.988648 0.100999
-0.200926 0.966792 0.157931
-0.319441 0.919629 0.228561
-0.159940 0.565251 -0.809266
-0.520833 0.728799 0.444506
-0.586942 0.579837 0.565056
-0.631577 0.440487 0.638030
-0.699994 -0.123415 0.703404
-0.676044 -0.285740 0.679203
-0.000017 -0.022693 0.999743
-0.509721 -0.713139 0.481265
-0.374160 -0.876744 0.302200
-0.272033 -0.953286 0.131313
-0.236372 -0.968563 0.077546
-0.232058 -0.965934 0.114548
-0.167279 -0.982633 0.080316
-0.064260 -0.996998 0.043202
-0.031287 -0.999510 0.001308
-0.000198 -0.999573 0.029234
-0.000593 -1.000000 0.000000
0.068845 -0.996246 0.052483
0.170413 -0.981569 0.086501
0.235674 -0.965781 0.108285
0.236352 -0.968566 0.077567
0.267006 -0.952955 0.143476
0.381468 -0.899407 0.213421
0.332704 -0.902494 0.273521
0.080472 -0.996238 0.032156
0.122141 -0.990553 0.062339
0.690453 0.296235 0.659939
0.610595 -0.516899 0.599991
0.631594 0.449870 0.631432
0.578583 0.597093 0.555628
0.611874 0.543308 0.574827
0.425173 0.840987 0.334616
0.301524 0.933901 0.192127
0.185477 0.977059 0.104659
0.139613 0.938367 0.316188
0.066903 0.986595 -0.148842
0.125485 0.982665 0.136463
0.112403 0.861747 -0.494729
-0.000000 0.994843 0.101429
0.000000 0.999166 -0.040821
-0.066903 0.986595 -0.148845
-0.128278 0.985245 -0.113299
-0.112402 0.861747 -0.494730
-0.251328 0.960473 0.119687
-0.138928 0.653102 -0.744418
-0.111116 0.391449 -0.913466
-0.173013 0.861708 0.476996
-0.100415 0.413593 0.904908
-0.127163 0.494463 0.859847
-0.090798 0.243074 0.965749
-0.073425 0.176457 0.981566
-0.354763 0.812834 -0.462001
-0.102788 0.303486 -0.947276
-0.081837 0.182992 -0.979702
-0.082766 0.154760 -0.984479
-0.130743 0.476808 0.869230
-0.064385 0.106649 0.992210
-0.148827 0.970022 0.192112
-0.337108 0.906147 0.255452
0.004077 0.988203 0.153095
-0.280534 0.888730 0.362574
-0.449165 0.780261 0.435251
-0.424692 0.873144 0.239283
-0.471153 0.868609 0.153408
-0.274703 0.920035 0.279417
-0.140106 0.925685 0.351393
-0.186521 0.908859 0.373076
-0.186537 0.908815 0.373173
-0.186538 0.908889 0.372994
-0.186499 0.908817 0.373190
-0.342205 0.887459 0.308728
-0.384450 0.912290 0.141159
-0.359284 0.920345 0.154532
-0.336932 0.938366 0.077117
-0.291029 0.939511 0.180615
-0.140647 0.966580 0.214341
0.000000 0.936082 0.351782
0.140647 0.966575 0.214361
0.076306 0.973984 0.213382
0.108661 0.985853 0.127617
0.190226 0.852116 -0.487557
0.086395 0.870105 0.485234
0.151422 0.648711 0.745819
-0.014990 0.989904 0.140946
0.059280 0.616972 -0.784749
-0.052562 -0.895752 -0.441436
0.057489 -0.088148 0.994447
0.054132 -0.115055 0.991883
0.003417 0.999450 0.032998
0.164711 0.284275 -0.944488
0.042099 0.412007 -0.910208
0.198907 0.979992 -0.007210
0.291033 0.939494 0.180694
0.237388 0.963736 0.121898
0.336970 0.938345 0.077201
0.424701 0.873133 0.239307
0.359321 0.920333 0.154518
0.495026 0.748191 0.441767
0.631588 0.440535 0.637986
0.684536 0.242070 0.687614
0.509114 0.692292 0.511405
0.711124 0.023656 0.702669
0.589834 -0.578244 0.563675
0.509733 -0.713128 0.481269
0.395200 -0.821598 0.410846
0.265347 -0.895308 0.357791
0.108539 -0.949161 0.295488
-0.000002 -0.953907 0.300104
-0.108539 -0.949161 0.295488
-0.265349 -0.895307 0.357792
-0.395263 -0.821556 0.410869
-0.244566 -0.949276 0.197643
-0.229181 -0.961512 0.151563
-0.208578 -0.967294 0.144354
-0.161950 -0.979239 0.121918
-0.142038 -0.974416 0.174179
-0.093203 -0.990601 0.100112
-0.015176 -0.990111 0.139462
-0.060485 -0.983824 0.168619
-0.059888 -0.974332 0.217003
-0.067645 -0.974344 0.214656
-0.000006 -0.977071 0.212912
0.066093 -0.974345 0.215137
0.059887 -0.974331 0.217010
0.060524 -0.984410 0.165147
0.101230 -0.989691 0.101314
0.161950 -0.979239 0.121918
0.213687 -0.965951 0.145866
0.234231 -0.960054 0.153077
0.250267 -0.944618 0.212282
0.374133 -0.876761 0.302182
0.472921 -0.784569 0.400996
0.522077 -0.703036 0.482884
0.142037 -0.974416 0.174179
0.586943 0.579825 0.565067
0.262839 0.900771 0.345727
0.263586 0.914181 0.307888
0.471108 0.868625 0.153453
0.384456 0.912287 0.141162
0.189302 0.907147 0.375830
0.186524 0.908863 0.373063
0.186532 0.908824 0.373155
0.186538 0.908890 0.372990
0.186498 0.908816 0.373191
0.188235 0.917001 0.351677
0.422292 0.860895 0.283778
0.351144 0.908590 0.226188
0.193258 0.956815 0.217157
0.198961 0.958529 0.204052
0.330520 0.939344 0.091598
0.520830 0.728792 0.444520
0.198421 0.972615 0.121036
0.188118 0.769592 -0.610197
0.076055 0.153284 -0.985251
0.384930 0.921390 0.053563
0.081846 0.182846 -0.979729
0.199874 0.965015 0.169698
0.105954 0.990461 0.088097
0.100991 0.992019 0.075494
0.102790 0.303498 -0.947272
0.213707 0.814150 0.539898
0.123615 0.509684 -0.851435
0.187551 0.917819 -0.349905
0.155405 0.603990 -0.781694
0.147340 0.723959 -0.673924
0.114480 0.539449 0.834200
0.118400 0.707071 0.697160
0.077017 0.932952 0.351665
-0.000000 0.993893 0.110347
-0.077018 0.932948 0.351675
-0.114848 0.681039 0.723185
-0.112143 0.006262 0.993672
-0.058760 -0.124315 0.990501
-0.048080 0.302728 -0.951863
-0.062371 0.478956 -0.875620
-0.041904 0.383726 -0.922496
-0.317871 0.944026 0.088164
-0.327355 0.627486 0.706471
-0.494353 0.835579 0.239631
-0.511545 0.823809 0.244256
-0.558558 0.782380 0.275490
-0.587682 0.750709 0.301771
-0.614551 0.717874 0.327085
-0.237368 0.963755 0.121792
-0.198908 0.979991 -0.007277
-0.108661 0.985857 0.127591
-0.076308 0.973989 0.213359
-0.284838 0.955506 0.076652
-0.098591 0.905075 0.413666
-0.282887 0.749420 -0.598619
-0.059297 0.617059 -0.784679
-0.064603 0.481922 -0.873829
-0.000006 0.909613 0.415456
-0.159033 0.725633 -0.669451
0.088656 0.310004 0.946593
0.090794 0.243455 0.965653
0.587681 0.750709 0.301774
0.558559 0.782377 0.275495
0.503108 0.829653 0.241988
0.502751 0.829863 0.242010
0.376906 0.915415 0.141272
0.240132 0.487963 0.839183
0.041907 0.383677 -0.922516
0.130743 0.476808 0.869230
0.064385 0.106648 0.992210
0.073429 0.176457 0.981566
0.233029 -0.085105 -0.968739
0.347023 0.887235 0.303955
0.042647 -0.693255 0.719429
0.052016 -0.947823 0.314524
0.020683 -0.995309 0.094514
0.000000 -0.784813 -0.619733
0.248174 -0.691085 -0.678831
584
1 0 1 2 0 1 2 1
1 3 1 0 3 1 0 1
1 3 4 1 3 4 1 1
1 5 4 3 5 4 3 1
1 5 6 4 5 6 4 1
1 5 7 6 5 7 6 1
1 5 8 7 5 8 7 1
1 8 5 9 8 5 9 1
1 9 5 10 9 5 10 1
1 10 5 11 10 5 11 1
1 11 5 12 11 5 12 1
1 12 5 13 12 5 13 1
1 13 5 3 13 5 3 1
1 13 3 14 13 3 14 1
1 14 3 0 14 3 0 1
1 14 0 15 14 0 15 1
1 15 0 16 15 0 16 1
1 0 2 16 0 2 16 1
1 16 2 17 16 2 17 1
1 2 18 17 2 18 17 1
1 18 2 19 18 2 19 1
1 2 20 19 2 20 19 1
1 1 20 2 1 20 2 1
1 1 21 20 1 21 20 1
1 21 1 22 21 1 22 1
1 1 23 22 1 23 22 1
1 23 1 24 23 1 24 1
1 4 24 1 4 24 1 1
1 4 25 24 4 25 24 1
1 25 4 26 25 4 26 1
1 4 27 26 4 27 26 1
1 27 4 28 27 4 28 1
1 6 28 4 6 28 4 1
1 6 29 28 6 29 28 1
1 6 7 29 6 7 29 1
1 7 30 29 7 30 29 1
1 7 31 30 7 31 30 1
1 32 31 7 32 31 7 1
1 33 31 32 33 31 32 1
1 34 31 33 34 31 33 1
1 35 31 34 35 31 34 1
1 31 35 36 31 35 36 1
1 37 38 39 37 36 35 1
1 37 40 38 37 38 36 1
1 37 41 40 37 39 38 1
1 41 42 37 39 40 37 1
1 42 41 43 40 39 40 1
1 37 44 41 37 41 39 1
1 45 44 37 42 41 37 1
1 46 44 45 43 41 42 1
1 44 46 41 41 43 39 1
1 47 48 49 44 39 43 1
1 48 47 50 39 44 38 1
1 47 51 50 44 45 38 1
1 52 51 47 46 45 44 1
1 52 53 51 46 47 45 1
1 54 53 52 48 47 46 1
1 54 55 53 48 49 47 1
1 56 55 54 50 49 48 1
1 56 31 55 50 31 49 1
1 57 31 56 51 31 50 1
1 57 30 31 51 30 31 1
1 28 30 57 28 30 51 1
1 29 30 28 29 30 28 1
1 58 28 57 52 28 51 1
1 28 58 27 28 52 27 1
1 59 60 61 53 54 55 1
1 59 57 60 53 51 54 1
1 57 59 58 51 53 52 1
1 60 57 56 54 51 50 1
1 60 56 62 54 50 56 1
1 62 56 54 56 50 48 1
1 62 54 63 56 48 57 1
1 63 54 52 57 48 46 1
1 63 52 64 57 46 58 1
1 64 52 47 58 46 44 1
1 64 47 65 58 44 59 1
1 65 47 66 59 44 60 1
1 47 49 66 44 43 60 1
1 67 68 46 61 60 43 1
1 68 67 69 60 61 62 1
1 70 69 67 63 62 61 1
1 70 71 69 63 64 62 1
1 71 70 72 64 63 65 1
1 72 70 73 65 63 66 1
1 73 70 74 66 63 67 1
1 74 70 75 67 63 68 1
1 75 70 76 68 63 69 1
1 77 76 70 70 69 63 1
1 76 77 78 69 70 71 1
1 77 79 78 70 72 71 1
1 79 77 80 72 70 73 1
1 80 77 70 73 70 63 1
1 80 70 81 73 63 74 1
1 81 70 82 74 63 75 1
1 70 83 82 63 76 75 1
1 70 84 83 63 77 76 1
1 70 67 84 63 61 77 1
1 84 67 85 77 61 78 1
1 85 67 45 78 61 42 1
1 67 46 45 61 43 42 1
1 85 45 86 78 42 79 1
1 86 45 37 79 42 37 1
1 86 37 39 79 37 35 1
1 86 39 87 79 35 34 1
1 88 86 87 33 79 34 1
1 89 86 88 80 79 33 1
1 90 86 89 81 79 80 1
1 90 85 86 81 78 79 1
1 83 85 90 76 78 81 1
1 83 84 85 76 77 78 1
1 82 83 90 75 76 81 1
1 91 82 90 82 75 81 1
1 92 82 91 83 75 82 1
1 92 93 82 83 84 75 1
1 93 92 94 84 83 85 1
1 92 95 94 83 86 85 1
1 95 92 96 86 83 87 1
1 92 97 96 83 88 87 1
1 97 92 98 88 83 89 1
1 98 92 99 89 83 90 1
1 99 92 100 90 83 91 1
1 101 100 92 92 91 83 1
1 102 100 101 93 91 92 1
1 102 103 100 93 94 91 1
1 103 102 104 94 93 95 1
1 104 102 105 95 93 96 1
1 105 102 106 96 93 97 1
1 106 102 107 97 93 98 1
1 102 108 107 93 99 98 1
1 108 102 109 99 93 100 1
1 102 110 109 93 101 100 1
1 110 102 111 101 93 102 1
1 111 102 112 102 93 103 1
1 112 102 101 103 93 92 1
1 113 112 101 104 103 92 1
1 114 112 113 105 103 104 1
1 114 115 112 105 106 103 1
1 116 115 114 107 106 105 1
1 116 117 115 107 108 106 1
1 118 117 116 109 108 107 1
1 118 119 117 109 110 108 1
1 120 119 118 111 110 109 1
1 121 119 120 112 110 111 1
1 119 121 122 110 112 113 1
1 123 124 125 114 113 112 1
1 124 123 126 113 114 115 1
1 126 123 127 115 114 116 1
1 123 128 127 114 117 116 1
1 123 129 128 114 118 117 1
1 130 129 123 119 118 114 1
1 130 131 129 119 120 118 1
1 132 131 130 121 120 119 1
1 132 133 131 121 122 120 1
1 12 133 132 12 122 121 1
1 12 13 133 12 13 122 1
1 133 13 14 122 13 14 1
1 133 14 131 122 14 120 1
1 131 14 15 120 14 15 1
1 131 15 129 120 15 118 1
1 129 15 134 118 15 123 1
1 15 16 134 15 16 123 1
1 134 16 135 123 16 124 1
1 16 17 135 16 17 124 1
1 136 137 138 125 126 127 1
1 137 136 139 126 125 128 1
1 140 139 136 129 128 125 1
1 141 139 140 130 128 129 1
1 142 139 141 131 128 130 1
1 139 142 60 128 131 54 1
1 143 60 142 132 54 131 1
1 60 143 61 54 132 55 1
1 139 60 62 128 54 56 1
1 139 62 144 128 56 133 1
1 144 62 63 133 56 57 1
1 144 63 145 133 57 134 1
1 145 63 64 134 57 58 1
1 145 64 146 134 58 135 1
1 146 64 65 135 58 59 1
1 146 65 147 135 59 136 1
1 147 65 148 136 59 64 1
1 65 149 148 59 62 64 1
1 149 65 66 62 59 60 1
1 147 148 150 136 64 65 1
1 151 147 150 137 136 65 1
1 152 147 151 138 136 137 1
1 152 146 147 138 135 136 1
1 153 146 152 139 135 138 1
1 153 145 146 139 134 135 1
1 153 154 145 139 140 134 1
1 154 153 155 140 139 141 1
1 153 156 155 139 142 141 1
1 156 153 157 142 139 143 1
1 158 157 153 144 143 139 1
1 159 160 161 145 146 147 1
1 160 159 152 146 145 138 1
1 159 153 152 145 139 138 1
1 153 159 158 139 145 144 1
1 160 152 151 146 138 137 1
1 160 151 162 146 137 148 1
1 162 151 163 148 137 66 1
1 151 150 163 137 65 66 1
1 162 163 164 148 66 67 1
1 164 165 162 67 149 148 1
1 165 164 166 149 67 68 1
1 166 167 165 68 150 149 1
1 168 167 166 69 150 68 1
1 169 167 168 71 150 69 1
1 167 169 170 150 71 151 1
1 78 171 172 71 152 151 1
1 171 78 79 152 71 72 1
1 171 79 173 152 72 153 1
1 173 79 174 153 72 154 1
1 80 174 79 73 154 72 1
1 174 80 175 154 73 155 1
1 175 80 81 155 73 74 1
1 175 81 176 155 74 156 1
1 176 81 82 156 74 75 1
1 93 176 82 84 156 75 1
1 176 93 177 156 84 157 1
1 93 178 177 84 158 157 1
1 178 93 179 158 84 159 1
1 179 93 94 159 84 85 1
1 95 179 94 86 159 85 1
1 179 95 96 159 86 87 1
1 179 96 180 159 87 160 1
1 97 180 96 88 160 87 1
1 180 97 98 160 88 89 1
1 180 98 99 160 89 90 1
1 180 99 181 160 90 161 1
1 99 100 181 90 91 161 1
1 181 182 180 161 162 160 1
1 182 181 183 162 161 163 1
1 103 182 183 94 162 163 1
1 182 103 184 162 94 164 1
1 104 184 103 95 164 94 1
1 184 104 105 164 95 96 1
1 184 105 107 164 96 98 1
1 107 105 106 98 96 97 1
1 107 185 184 98 165 164 1
1 185 107 109 165 98 100 1
1 109 107 108 100 98 99 1
1 110 185 109 101 165 100 1
1 110 186 185 101 166 165 1
1 186 110 187 166 101 167 1
1 111 187 110 102 167 101 1
1 187 111 188 167 102 168 1
1 111 189 188 102 169 168 1
1 111 190 189 102 170 169 1
1 191 190 111 171 170 102 1
1 192 190 191 172 170 171 1
1 119 190 192 110 170 172 1
1 122 190 119 113 170 110 1
1 193 190 122 173 170 113 1
1 190 193 194 170 173 174 1
1 194 193 195 174 173 175 1
1 195 193 196 175 173 176 1
1 196 193 197 176 173 177 1
1 198 199 200 173 178 177 1
1 198 127 199 173 116 178 1
1 126 127 198 115 116 173 1
1 193 122 201 173 113 115 1
1 127 202 199 116 179 178 1
1 127 128 202 116 117 179 1
1 128 203 202 117 180 179 1
1 128 134 203 117 123 180 1
1 129 134 128 118 123 117 1
1 134 204 203 123 181 180 1
1 204 134 135 181 123 124 1
1 205 206 207 182 183 184 1
1 206 205 208 183 182 185 1
1 205 209 208 182 186 185 1
1 208 209 210 185 186 187 1
1 210 211 208 187 188 185 1
1 211 210 212 188 187 189 1
1 137 144 154 126 133 140 1
1 137 139 144 126 128 133 1
1 154 144 145 140 133 134 1
1 213 214 215 190 191 192 1
1 214 213 216 191 190 193 1
1 217 216 213 194 193 190 1
1 216 217 218 193 194 195 1
1 217 213 219 194 190 196 1
1 213 220 219 190 197 196 1
1 220 213 221 197 190 198 1
1 222 221 213 199 198 190 1
1 221 222 223 198 199 200 1
1 221 223 224 198 200 201 1
1 161 221 224 147 198 201 1
1 161 160 221 147 146 198 1
1 225 221 160 202 198 146 1
1 221 225 226 198 202 203 1
1 227 228 229 204 205 206 1
1 227 230 228 204 207 205 1
1 230 227 160 207 204 146 1
1 227 225 160 204 202 146 1
1 230 160 162 207 146 148 1
1 162 165 230 148 149 207 1
1 230 165 231 207 149 208 1
1 165 167 231 149 150 208 1
1 231 167 232 208 150 153 1
1 167 233 232 150 152 153 1
1 233 167 170 152 150 151 1
1 234 231 232 209 208 153 1
1 235 231 234 210 208 209 1
1 236 231 235 211 208 210 1
1 237 231 236 212 208 211 1
1 231 237 230 208 212 207 1
1 238 230 237 213 207 212 1
1 239 230 238 214 207 213 1
1 240 230 239 215 207 214 1
1 241 230 240 216 207 215 1
1 230 241 242 207 216 217 1
1 234 243 235 209 218 210 1
1 243 234 244 218 209 219 1
1 234 245 244 209 220 219 1
1 245 234 246 220 209 221 1
1 232 246 234 153 221 209 1
1 232 247 246 153 222 221 1
1 232 248 247 153 223 222 1
1 249 248 232 224 223 153 1
1 249 250 248 224 225 223 1
1 251 250 249 226 225 224 1
1 252 253 254 227 228 229 1
1 253 252 255 228 227 230 1
1 256 255 252 231 230 227 1
1 257 258 259 232 233 234 1
1 258 257 260 233 232 235 1
1 261 260 257 236 235 232 1
1 260 261 262 235 236 237 1
1 263 251 249 238 226 224 1
1 264 263 249 239 238 224 1
1 263 264 265 238 239 240 1
1 266 265 264 241 240 239 1
1 266 267 268 241 242 243 1
1 267 266 264 242 241 239 1
1 267 264 232 242 239 153 1
1 264 249 232 239 224 153 1
1 267 232 269 242 153 244 1
1 269 232 270 244 153 245 1
1 271 270 232 246 245 153 1
1 270 271 272 245 246 247 1
1 273 274 275 246 248 247 1
1 274 273 276 248 246 249 1
1 173 276 273 153 249 246 1
1 173 277 276 153 250 249 1
1 277 173 278 250 153 251 1
1 278 173 279 251 153 252 1
1 279 173 280 252 153 253 1
1 280 173 281 253 153 254 1
1 281 173 282 254 153 255 1
1 173 283 282 153 256 255 1
1 173 284 283 153 257 256 1
1 173 174 284 153 154 257 1
1 284 174 175 257 154 155 1
1 284 175 285 257 155 258 1
1 285 175 176 258 155 156 1
1 178 285 176 158 258 156 1
1 285 178 286 258 158 259 1
1 179 286 178 159 259 158 1
1 286 179 287 259 159 260 1
1 288 287 179 261 260 159 1
1 288 285 287 261 258 260 1
1 285 288 289 258 261 262 1
1 289 288 290 262 261 263 1
1 288 180 290 261 160 263 1
1 180 288 179 160 261 159 1
1 291 290 180 264 263 160 1
1 290 291 292 263 264 265 1
1 291 293 292 264 266 265 1
1 293 291 294 266 264 267 1
1 282 293 294 255 266 267 1
1 282 292 293 255 265 266 1
1 292 282 289 265 255 262 1
1 282 283 289 255 256 262 1
1 289 283 285 262 256 258 1
1 283 284 285 256 257 258 1
1 292 289 290 265 262 263 1
1 294 281 282 267 254 255 1
1 281 294 295 254 267 268 1
1 296 281 295 269 254 268 1
1 281 296 280 254 269 253 1
1 297 280 296 270 253 269 1
1 280 297 298 253 270 271 1
1 296 298 297 269 271 270 1
1 298 296 291 271 269 264 1
1 184 298 291 164 271 264 1
1 298 184 299 271 164 272 1
1 184 300 299 164 273 272 1
1 300 184 185 273 164 165 1
1 185 301 300 165 274 273 1
1 185 302 301 165 275 274 1
1 302 185 186 275 165 166 1
1 188 302 186 168 275 166 1
1 188 301 302 168 274 275 1
1 301 188 303 274 168 276 1
1 188 304 303 168 277 276 1
1 189 304 188 169 277 168 1
1 189 305 304 169 278 277 1
1 190 305 189 170 278 169 1
1 190 306 305 170 279 278 1
1 194 306 190 174 279 170 1
1 274 306 194 248 279 174 1
1 274 276 306 248 249 279 1
1 306 276 305 279 249 278 1
1 305 276 277 278 249 250 1
1 305 277 304 278 250 277 1
1 304 277 278 277 250 251 1
1 304 278 303 277 251 276 1
1 303 278 279 276 251 252 1
1 303 279 307 276 252 280 1
1 279 280 307 252 253 280 1
1 280 298 307 253 271 280 1
1 299 307 298 272 280 271 1
1 300 307 299 273 280 272 1
1 300 303 307 273 276 280 1
1 303 300 301 276 273 274 1
1 308 270 309 174 245 248 1
1 270 308 310 245 174 175 1
1 311 270 310 281 245 175 1
1 311 269 270 281 244 245 1
1 312 269 311 282 244 281 1
1 313 269 312 283 244 282 1
1 314 269 313 284 244 283 1
1 269 314 267 244 284 242 1
1 315 267 314 285 242 284 1
1 267 315 268 242 285 243 1
1 313 312 316 283 282 286 1
1 312 317 316 282 287 286 1
1 317 312 318 287 282 288 1
1 318 312 319 288 282 289 1
1 319 312 320 289 282 290 1
1 320 312 321 290 282 291 1
1 312 322 321 282 292 291 1
1 322 312 323 292 282 293 1
1 323 312 324 293 282 294 1
1 324 312 325 294 282 295 1
1 325 312 326 295 282 296 1
1 327 326 312 297 296 282 1
1 199 326 327 178 296 297 1
1 199 202 326 178 179 296 1
1 328 326 202 298 296 179 1
1 329 326 328 299 296 298 1
1 330 326 329 300 296 299 1
1 326 330 331 296 300 301 1
1 330 332 331 300 302 301 1
1 202 333 328 179 303 298 1
1 333 202 203 303 179 180 1
1 203 334 333 180 304 303 1
1 203 335 334 180 305 304 1
1 335 203 204 305 180 181 1
1 336 331 332 306 301 302 1
1 331 336 337 301 306 307 1
1 336 338 337 306 308 307 1
1 338 339 337 308 309 307 1
1 339 338 340 309 308 310 1
1 341 339 340 311 309 310 1
1 339 341 206 309 311 183 1
1 341 207 206 311 184 183 1
1 206 342 339 183 312 309 1
1 342 206 343 312 183 313 1
1 206 344 343 183 314 313 1
1 208 344 206 185 314 183 1
1 344 208 345 314 185 315 1
1 208 346 345 185 316 315 1
1 346 208 211 316 185 188 1
1 346 211 347 316 188 317 1
1 216 347 211 193 317 188 1
1 347 216 218 317 193 195 1
1 348 349 350 235 318 319 1
1 349 348 351 318 235 232 1
1 352 351 348 320 232 235 1
1 351 352 353 232 320 321 1
1 352 348 354 320 235 322 1
1 354 348 355 322 235 323 1
1 356 355 348 324 323 235 1
1 356 357 355 324 325 323 1
1 357 356 358 325 324 326 1
1 220 221 226 197 198 203 1
1 348 350 356 235 319 324 1
1 358 359 357 326 327 325 1
1 359 358 360 327 326 328 1
1 360 361 359 328 329 327 1
1 361 360 228 329 328 205 1
1 228 242 361 205 217 329 1
1 228 230 242 205 207 217 1
1 246 362 245 221 330 220 1
1 246 363 362 221 331 330 1
1 363 246 247 331 221 222 1
1 247 364 363 222 332 331 1
1 365 364 247 333 332 222 1
1 255 366 367 230 334 335 1
1 366 255 368 334 230 336 1
1 255 369 368 230 337 336 1
1 368 369 370 336 337 338 1
1 349 368 370 318 336 338 1
1 368 349 351 336 318 232 1
1 351 366 368 232 334 336 1
1 366 351 353 334 232 321 1
1 371 255 367 339 230 335 1
1 253 255 371 228 230 339 1
1 248 365 247 223 333 222 1
1 211 214 216 188 191 193 1
1 214 211 372 191 188 340 1
1 211 212 372 188 189 340 1
1 337 342 373 307 312 341 1
1 342 337 339 312 307 309 1
1 337 373 374 307 341 342 1
1 375 322 323 343 292 293 1
1 322 375 376 292 343 344 1
1 377 376 375 345 344 343 1
1 376 377 378 344 345 346 1
1 377 379 378 345 347 346 1
1 380 379 377 348 347 345 1
1 379 380 260 347 348 235 1
1 380 258 260 348 233 235 1
1 379 260 381 347 235 349 1
1 260 262 381 235 237 349 1
1 326 382 325 296 350 295 1
1 331 382 326 301 350 296 1
1 382 331 383 350 301 351 1
1 331 384 383 301 352 351 1
1 337 384 331 307 352 301 1
1 384 337 374 352 307 342 1
1 200 199 327 177 178 297 1
1 327 385 200 297 176 177 1
1 327 311 385 297 281 176 1
1 327 312 311 297 282 281 1
1 311 310 385 281 175 176 1
1 309 270 272 248 245 247 1
1 188 186 187 168 166 167 1
1 184 291 182 164 264 162 1
1 182 291 180 162 264 160 1
1 285 286 287 258 259 260 1
1 178 176 177 158 156 157 1
1 261 252 254 236 227 229 1
1 252 261 257 227 236 232 1
1 257 386 252 232 353 227 1
1 386 257 259 353 232 234 1
1 386 256 252 353 231 227 1
1 213 215 222 190 192 199 1
1 119 192 117 110 172 108 1
1 117 192 191 108 172 171 1
1 117 191 115 108 171 106 1
1 115 191 111 106 171 102 1
1 115 111 112 106 102 103 1
1 12 132 387 12 121 354 1
1 387 132 130 354 121 119 1
1 125 387 130 112 354 119 1
1 388 121 120 354 112 111 1
1 388 120 389 354 111 355 1
1 389 120 390 355 111 356 1
1 120 118 390 111 109 356 1
1 390 118 391 356 109 357 1
1 391 118 116 357 109 107 1
1 392 391 116 11 357 107 1
1 393 391 392 12 357 11 1
1 393 388 391 12 354 357 1
1 388 389 391 354 355 357 1
1 394 389 391 40 355 357 1
1 389 394 395 355 40 40 1
1 389 390 391 355 356 357 1
1 392 116 396 11 107 10 1
1 396 116 397 10 107 9 1
1 116 114 397 107 105 9 1
1 397 114 113 9 105 104 1
1 397 113 398 9 104 8 1
1 398 113 399 8 104 7 1
1 113 400 399 104 358 7 1
1 113 101 400 104 92 358 1
1 400 101 401 358 92 359 1
1 101 91 401 92 82 359 1
1 101 92 91 92 83 82 1
1 91 89 401 82 80 359 1
1 91 90 89 82 81 80 1
1 401 89 88 359 80 33 1
1 401 88 402 359 33 32 1
1 399 401 402 7 359 32 1
1 400 401 399 358 359 7 1
1 125 130 123 112 119 114 1
1 31 36 55 31 36 49 1
1 55 36 53 49 36 47 1
1 53 36 51 47 36 45 1
1 51 36 50 45 36 38 1

Materials: 2
"Material01"
0.200000 0.200000 0.200000 1.000000
1.000000 1.000000 1.000000 1.000000
0.000000 0.000000 0.000000 1.000000
0.188235 0.188235 0.188235 1.000000
0.000000
1.000000
"a12.jpg"
""
"Material02"
0.200000 0.200000 0.200000 1.000000
0.000000 0.000000 0.000000 1.000000
0.000000 0.000000 0.000000 1.000000
0.176471 0.176471 0.176471 1.000000
0.000000
1.000000
"sphere_cockpit.png"
""

Bones: 0
GroupComments: 0
MaterialComments: 0
BoneComments: 0
ModelComment: 0
