// MilkShape 3D ASCII

Frames: 30
Frame: 1

Meshes: 11
"turretbody" 1 0
116
1 0.096587 0.300000 -8.867096 0.000000 0.000000 -1
1 -5.278413 0.300000 -21.331711 0.000000 0.000000 -1
1 0.096587 0.300000 -23.259995 0.000000 0.000000 -1
1 -1.087116 42.084408 -0.306231 0.000000 0.000000 -1
1 0.096588 43.334408 3.382904 0.000000 0.000000 -1
1 0.096588 42.084408 -0.644890 0.000000 0.000000 -1
1 -4.175235 9.265780 -13.676868 0.083333 0.833333 -1
1 0.096588 9.265780 -15.117096 0.000000 0.833333 -1
1 0.096587 0.300000 -23.259995 0.000000 1.000000 -1
1 -5.278413 0.300000 -21.331711 0.083333 1.000000 -1
1 0.096588 19.557526 -7.104413 0.000000 0.666667 -1
1 -3.556476 19.557526 -6.268771 0.083333 0.666667 -1
1 -3.556476 24.821251 -6.268771 0.083333 0.500000 -1
1 0.096588 24.821251 -7.104413 0.000000 0.500000 -1
1 0.096588 32.334965 -6.229413 0.000000 0.333333 -1
1 -3.556476 32.334965 -5.393771 0.083333 0.333333 -1
1 -2.284446 33.754032 -4.956271 0.083333 0.166667 -1
1 0.096588 33.754032 -5.791913 0.000000 0.166667 -1
1 -1.087116 42.084408 -0.306231 0.083333 0.000000 -1
1 -9.213186 0.300000 -16.063545 0.000000 0.000000 -1
1 -1.953645 42.084408 0.619007 0.000000 0.000000 -1
1 -9.213186 0.300000 -16.063545 0.166667 1.000000 -1
1 -7.302423 9.265780 -9.742096 0.166667 0.833333 -1
1 -6.230700 19.557526 -3.985754 0.166667 0.666667 -1
1 -6.230700 24.821251 -3.985754 0.166667 0.500000 -1
1 -6.230700 32.334965 -3.985754 0.166667 0.333333 -1
1 -4.027480 33.754032 -3.985754 0.166667 0.166667 -1
1 -1.953645 42.084408 0.619007 0.166667 0.000000 -1
1 -10.653414 0.300000 -8.867096 0.000000 0.000000 -1
1 -2.270817 42.084408 1.882904 0.000000 0.000000 -1
1 -8.447056 9.265780 -4.367096 0.250000 0.833333 -1
1 -10.653414 0.300000 -8.867096 0.250000 1.000000 -1
1 -7.209537 19.557526 -0.867096 0.250000 0.666667 -1
1 -7.209537 24.821251 -0.867096 0.250000 0.500000 -1
1 -7.209537 32.334965 -0.867096 0.250000 0.333333 -1
1 -4.665473 33.754032 -0.867096 0.250000 0.166667 -1
1 -2.270817 42.084408 1.882904 0.250000 0.000000 -1
1 -9.213186 0.300000 -1.670647 0.000000 0.000000 -1
1 -1.953645 42.084408 3.146801 0.000000 0.000000 -1
1 -9.213186 0.300000 -1.670647 0.333333 1.000000 -1
1 -7.302423 9.265780 1.007904 0.333333 0.833333 -1
1 -6.230700 19.557526 2.251562 0.333333 0.666667 -1
1 -6.230700 24.821251 2.251562 0.333333 0.500000 -1
1 -6.230700 32.300892 1.982349 0.333333 0.333333 -1
1 -4.027480 33.788113 1.982349 0.333333 0.166667 -1
1 -1.953645 42.084408 3.146801 0.333333 0.000000 -1
1 -5.278413 0.300000 3.597517 0.000000 0.000000 -1
1 -1.087116 42.084408 4.072037 0.000000 0.000000 -1
1 -4.175235 9.265780 4.942676 0.416667 0.833333 -1
1 -5.278413 0.300000 3.597517 0.416667 1.000000 -1
1 -3.556476 19.557526 4.534578 0.416667 0.666667 -1
1 -3.556476 24.821251 4.534578 0.416667 0.500000 -1
1 -3.556476 32.300892 3.179832 0.416667 0.333333 -1
1 -2.284446 33.788113 3.179832 0.416667 0.166667 -1
1 -1.087116 42.084408 4.072037 0.416667 0.000000 -1
1 0.096587 0.300000 5.525802 0.000000 0.000000 -1
1 0.096588 42.084408 4.223197 0.000000 0.000000 -1
1 0.096587 0.300000 5.525802 0.500000 1.000000 -1
1 0.096588 9.265780 6.382904 0.500000 0.833333 -1
1 0.096588 19.557526 5.370220 0.500000 0.666667 -1
1 0.096588 24.821251 5.370220 0.500000 0.500000 -1
1 0.096588 32.300892 3.618141 0.500000 0.333333 -1
1 0.096588 33.788113 3.618141 0.500000 0.166667 -1
1 0.096588 42.084408 4.223197 0.500000 0.000000 -1
1 5.471586 0.300000 3.597517 0.000000 0.000000 -1
1 1.280289 42.084408 4.072037 0.000000 0.000000 -1
1 4.368409 9.265780 4.942676 0.583333 0.833333 -1
1 5.471586 0.300000 3.597517 0.583333 1.000000 -1
1 3.749650 19.557526 4.534578 0.583333 0.666667 -1
1 3.749650 24.821251 4.534578 0.583333 0.500000 -1
1 3.749650 32.300892 3.179832 0.583333 0.333333 -1
1 2.477620 33.788113 3.179832 0.583333 0.166667 -1
1 1.280289 42.084408 4.072037 0.583333 0.000000 -1
1 9.406353 0.300000 -1.670647 0.000000 0.000000 -1
1 2.146821 42.084408 3.146801 0.000000 0.000000 -1
1 9.406353 0.300000 -1.670647 0.666667 1.000000 -1
1 7.495599 9.265780 1.007904 0.666667 0.833333 -1
1 6.423877 19.557526 2.251562 0.666667 0.666667 -1
1 6.423877 24.821251 2.251562 0.666667 0.500000 -1
1 6.423877 32.300892 1.982349 0.666667 0.333333 -1
1 4.220656 33.788113 1.982349 0.666667 0.166667 -1
1 2.146821 42.084408 3.146801 0.666667 0.000000 -1
1 10.846582 0.300000 -8.867096 0.000000 0.000000 -1
1 2.463994 42.084408 1.882904 0.000000 0.000000 -1
1 8.640230 9.265780 -4.367096 0.750000 0.833333 -1
1 10.846582 0.300000 -8.867096 0.750000 1.000000 -1
1 7.402713 19.557526 -0.867096 0.750000 0.666667 -1
1 7.402713 24.821251 -0.867096 0.750000 0.500000 -1
1 7.402713 32.334965 -0.867096 0.750000 0.333333 -1
1 4.858650 33.754032 -0.867096 0.750000 0.166667 -1
1 2.463994 42.084408 1.882904 0.750000 0.000000 -1
1 9.406353 0.300000 -16.063545 0.000000 0.000000 -1
1 2.146821 42.084408 0.619007 0.000000 0.000000 -1
1 9.406353 0.300000 -16.063545 0.833333 1.000000 -1
1 7.495599 9.265780 -9.742096 0.833333 0.833333 -1
1 6.423877 19.557526 -3.985754 0.833333 0.666667 -1
1 6.423877 24.821251 -3.985754 0.833333 0.500000 -1
1 6.423877 32.334965 -3.985754 0.833333 0.333333 -1
1 4.220656 33.754032 -3.985754 0.833333 0.166667 -1
1 2.146821 42.084408 0.619007 0.833333 0.000000 -1
1 5.471586 0.300000 -21.331711 0.000000 0.000000 -1
1 1.280289 42.084408 -0.306231 0.000000 0.000000 -1
1 4.368409 9.265780 -13.676868 0.916667 0.833333 -1
1 5.471586 0.300000 -21.331711 0.916667 1.000000 -1
1 3.749650 19.557526 -6.268771 0.916667 0.666667 -1
1 3.749650 24.821251 -6.268771 0.916667 0.500000 -1
1 3.749650 32.334965 -5.393771 0.916667 0.333333 -1
1 2.477620 33.754032 -4.956271 0.916667 0.166667 -1
1 1.280289 42.084408 -0.306231 0.916667 0.000000 -1
1 0.096587 0.300000 -23.259995 1.000000 1.000000 -1
1 0.096588 9.265780 -15.117096 1.000000 0.833333 -1
1 0.096588 19.557526 -7.104413 1.000000 0.666667 -1
1 0.096588 24.821251 -7.104413 1.000000 0.500000 -1
1 0.096588 32.334965 -6.229413 1.000000 0.333333 -1
1 0.096588 33.754032 -5.791913 1.000000 0.166667 -1
1 0.096588 42.084408 -0.644890 1.000000 0.000000 -1
98
0.000000 -1.000000 0.000000
-0.169321 0.948673 -0.267113
-0.000000 0.987374 0.158407
0.000000 0.955064 -0.296398
-0.461380 0.569943 -0.679922
0.000000 0.643841 -0.765159
0.000000 0.670223 -0.742160
-0.485854 0.601338 -0.634302
0.000000 0.317925 -0.948116
-0.432417 0.291426 -0.853280
-0.423673 0.042117 -0.904836
0.000000 0.057943 -0.998320
0.000000 0.248346 -0.968671
-0.327168 0.317664 -0.889972
-0.367120 0.490377 -0.790413
0.000000 0.414079 -0.910241
0.000000 0.519821 -0.854276
-0.460548 0.482192 -0.745243
-0.334427 0.926766 -0.171064
-0.822613 0.435188 -0.365949
-0.841566 0.376377 -0.387436
-0.843079 0.175320 -0.508409
-0.834187 0.000000 -0.551482
-0.698917 0.431680 -0.570235
-0.618615 0.625026 -0.476087
-0.769822 0.430522 -0.471196
-0.474048 0.880379 0.014525
-0.982137 0.188129 0.003775
-0.971523 0.236906 0.004329
-0.998252 0.059069 0.001778
-0.999993 0.001414 0.003332
-0.856537 0.515875 0.014766
-0.792698 0.609559 0.008266
-0.961503 0.274748 0.004988
-0.521160 0.797280 0.304528
-0.906149 0.070956 0.416965
-0.902828 0.053636 0.426644
-0.853370 0.021405 0.520867
-0.834158 0.009922 0.551436
-0.695168 0.413175 0.588242
-0.713832 0.483641 0.506492
-0.846838 0.122023 0.517664
-0.314718 0.669159 0.673186
-0.549593 0.002685 0.835428
-0.594608 -0.047258 0.802626
-0.448830 0.031168 0.893073
-0.404324 0.076188 0.911437
-0.259993 0.195718 0.945567
-0.361994 0.129300 0.923169
-0.455525 -0.029941 0.889719
0.000000 0.557895 0.829912
0.000000 -0.100217 0.994966
0.000000 0.001389 0.999999
0.000000 0.037430 0.999299
0.000000 0.114870 0.993381
0.000000 0.127448 0.991845
0.000000 -0.036395 0.999337
0.000000 -0.080786 0.996731
0.314718 0.669158 0.673187
0.549593 0.002685 0.835428
0.594608 -0.047258 0.802626
0.448830 0.031168 0.893073
0.404323 0.076188 0.911437
0.259993 0.195718 0.945567
0.361994 0.129300 0.923169
0.455525 -0.029941 0.889719
0.521160 0.797279 0.304529
0.906149 0.070955 0.416965
0.902828 0.053635 0.426644
0.853369 0.021405 0.520867
0.834158 0.009922 0.551436
0.695167 0.413175 0.588242
0.713832 0.483641 0.506493
0.846838 0.122022 0.517665
0.474047 0.880380 0.014525
0.982137 0.188128 0.003775
0.971523 0.236905 0.004329
0.998252 0.059069 0.001778
0.999993 0.001414 0.003332
0.856537 0.515875 0.014766
0.792698 0.609559 0.008266
0.961503 0.274748 0.004988
0.334427 0.926766 -0.171065
0.822614 0.435187 -0.365949
0.841566 0.376377 -0.387436
0.843079 0.175320 -0.508409
0.834187 0.000000 -0.551482
0.698917 0.431680 -0.570235
0.618614 0.625026 -0.476087
0.769821 0.430522 -0.471196
0.169321 0.948673 -0.267113
0.461380 0.569943 -0.679922
0.485854 0.601338 -0.634302
0.432417 0.291426 -0.853280
0.423672 0.042118 -0.904836
0.327168 0.317664 -0.889972
0.367120 0.490377 -0.790413
0.460548 0.482192 -0.745243
168
1 0 1 2 0 0 0 2
1 3 4 5 1 2 3 2
1 6 7 8 4 5 6 1
1 9 6 8 7 4 6 1
1 6 10 7 4 8 5 1
1 6 11 10 4 9 8 1
1 12 13 10 10 11 8 1
1 11 12 10 9 10 8 1
1 12 14 13 10 12 11 1
1 12 15 14 10 13 12 1
1 16 17 14 14 15 12 1
1 15 16 14 13 14 12 1
1 16 5 17 14 16 15 1
1 16 18 5 14 17 16 1
1 0 19 1 0 0 0 2
1 20 4 3 18 2 1 2
1 21 6 9 19 4 7 1
1 21 22 6 19 20 4 1
1 23 11 6 21 9 4 1
1 22 23 6 20 21 4 1
1 23 12 11 21 10 9 1
1 23 24 12 21 22 10 1
1 25 15 12 23 13 10 1
1 24 25 12 22 23 10 1
1 25 16 15 23 14 13 1
1 25 26 16 23 24 14 1
1 27 18 16 25 17 14 1
1 26 27 16 24 25 14 1
1 0 28 19 0 0 0 2
1 29 4 20 26 2 18 2
1 30 22 21 27 20 19 1
1 31 30 21 28 27 19 1
1 30 23 22 27 21 20 1
1 30 32 23 27 29 21 1
1 33 24 23 30 22 21 1
1 32 33 23 29 30 21 1
1 33 25 24 30 23 22 1
1 33 34 25 30 31 23 1
1 35 26 25 32 24 23 1
1 34 35 25 31 32 23 1
1 35 27 26 32 25 24 1
1 35 36 27 32 33 25 1
1 0 37 28 0 0 0 2
1 38 4 29 34 2 26 2
1 39 30 31 35 27 28 1
1 39 40 30 35 36 27 1
1 41 32 30 37 29 27 1
1 40 41 30 36 37 27 1
1 41 33 32 37 30 29 1
1 41 42 33 37 38 30 1
1 43 34 33 39 31 30 1
1 42 43 33 38 39 30 1
1 43 35 34 39 32 31 1
1 43 44 35 39 40 32 1
1 45 36 35 41 33 32 1
1 44 45 35 40 41 32 1
1 0 46 37 0 0 0 2
1 47 4 38 42 2 34 2
1 48 40 39 43 36 35 1
1 49 48 39 44 43 35 1
1 48 41 40 43 37 36 1
1 48 50 41 43 45 37 1
1 51 42 41 46 38 37 1
1 50 51 41 45 46 37 1
1 51 43 42 46 39 38 1
1 51 52 43 46 47 39 1
1 53 44 43 48 40 39 1
1 52 53 43 47 48 39 1
1 53 45 44 48 41 40 1
1 53 54 45 48 49 41 1
1 0 55 46 0 0 0 2
1 56 4 47 50 2 42 2
1 57 48 49 51 43 44 1
1 57 58 48 51 52 43 1
1 59 50 48 53 45 43 1
1 58 59 48 52 53 43 1
1 59 51 50 53 46 45 1
1 59 60 51 53 54 46 1
1 61 52 51 55 47 46 1
1 60 61 51 54 55 46 1
1 61 53 52 55 48 47 1
1 61 62 53 55 56 48 1
1 63 54 53 57 49 48 1
1 62 63 53 56 57 48 1
1 0 64 55 0 0 0 2
1 65 4 56 58 2 50 2
1 66 58 57 59 52 51 1
1 67 66 57 60 59 51 1
1 66 59 58 59 53 52 1
1 66 68 59 59 61 53 1
1 69 60 59 62 54 53 1
1 68 69 59 61 62 53 1
1 69 61 60 62 55 54 1
1 69 70 61 62 63 55 1
1 71 62 61 64 56 55 1
1 70 71 61 63 64 55 1
1 71 63 62 64 57 56 1
1 71 72 63 64 65 57 1
1 0 73 64 0 0 0 2
1 74 4 65 66 2 58 2
1 75 66 67 67 59 60 1
1 75 76 66 67 68 59 1
1 77 68 66 69 61 59 1
1 76 77 66 68 69 59 1
1 77 69 68 69 62 61 1
1 77 78 69 69 70 62 1
1 79 70 69 71 63 62 1
1 78 79 69 70 71 62 1
1 79 71 70 71 64 63 1
1 79 80 71 71 72 64 1
1 81 72 71 73 65 64 1
1 80 81 71 72 73 64 1
1 0 82 73 0 0 0 2
1 83 4 74 74 2 66 2
1 84 76 75 75 68 67 1
1 85 84 75 76 75 67 1
1 84 77 76 75 69 68 1
1 84 86 77 75 77 69 1
1 87 78 77 78 70 69 1
1 86 87 77 77 78 69 1
1 87 79 78 78 71 70 1
1 87 88 79 78 79 71 1
1 89 80 79 80 72 71 1
1 88 89 79 79 80 71 1
1 89 81 80 80 73 72 1
1 89 90 81 80 81 73 1
1 0 91 82 0 0 0 2
1 92 4 83 82 2 74 2
1 93 84 85 83 75 76 1
1 93 94 84 83 84 75 1
1 95 86 84 85 77 75 1
1 94 95 84 84 85 75 1
1 95 87 86 85 78 77 1
1 95 96 87 85 86 78 1
1 97 88 87 87 79 78 1
1 96 97 87 86 87 78 1
1 97 89 88 87 80 79 1
1 97 98 89 87 88 80 1
1 99 90 89 89 81 80 1
1 98 99 89 88 89 80 1
1 0 100 91 0 0 0 2
1 101 4 92 90 2 82 2
1 102 94 93 91 84 83 1
1 103 102 93 92 91 83 1
1 102 95 94 91 85 84 1
1 102 104 95 91 93 85 1
1 105 96 95 94 86 85 1
1 104 105 95 93 94 85 1
1 105 97 96 94 87 86 1
1 105 106 97 94 95 87 1
1 107 98 97 96 88 87 1
1 106 107 97 95 96 87 1
1 107 99 98 96 89 88 1
1 107 108 99 96 97 89 1
1 0 2 100 0 0 0 2
1 5 4 101 3 2 90 2
1 109 102 103 6 91 92 1
1 109 110 102 6 5 91 1
1 111 104 102 8 93 91 1
1 110 111 102 5 8 91 1
1 111 105 104 8 94 93 1
1 111 112 105 8 11 94 1
1 113 106 105 12 95 94 1
1 112 113 105 11 12 94 1
1 113 107 106 12 96 95 1
1 113 114 107 12 15 96 1
1 115 108 107 16 97 96 1
1 114 115 107 15 16 96 1
"gunsleve" 1 0
48
1 -8.153418 30.550011 12.388592 0.000000 0.000000 -1
1 -6.903417 22.205784 14.638592 0.000000 0.000000 -1
1 -5.653417 30.550011 14.638592 0.000000 0.000000 -1
1 -6.903417 27.955784 -1.872793 0.000000 0.000000 -1
1 -8.153418 30.550011 -4.122793 0.000000 0.000000 -1
1 -5.653417 30.550011 -1.872793 0.000000 0.000000 -1
1 -6.903417 22.205784 10.510742 0.166667 0.750000 -1
1 -5.653417 30.550011 10.510742 0.000000 0.750000 -1
1 -5.653417 30.550011 14.638592 0.000000 1.000000 -1
1 -6.903417 22.205784 14.638592 0.166667 1.000000 -1
1 -5.653417 30.550011 6.382898 0.000000 0.500000 -1
1 -6.903417 25.705784 6.382898 0.166667 0.500000 -1
1 -6.903417 26.705784 2.255053 0.166667 0.250000 -1
1 -5.653417 30.550011 2.255053 0.000000 0.250000 -1
1 -6.903417 27.955784 -1.872793 0.166667 0.000000 -1
1 -9.403418 22.205784 14.638592 0.000000 0.000000 -1
1 -9.403418 27.955784 -1.872793 0.000000 0.000000 -1
1 -9.403418 22.205784 14.638592 0.333333 1.000000 -1
1 -9.403418 22.205784 10.510742 0.333333 0.750000 -1
1 -9.403418 25.705784 6.382898 0.333333 0.500000 -1
1 -9.403418 26.705784 2.255053 0.333333 0.250000 -1
1 -9.403418 27.955784 -1.872793 0.333333 0.000000 -1
1 -10.653418 30.550011 14.638592 0.000000 0.000000 -1
1 -10.653418 30.550011 -1.872793 0.000000 0.000000 -1
1 -10.653418 30.550011 10.510742 0.500000 0.750000 -1
1 -10.653418 30.550011 14.638592 0.500000 1.000000 -1
1 -10.653418 30.550011 6.382898 0.500000 0.500000 -1
1 -10.653418 30.550011 2.255053 0.500000 0.250000 -1
1 -10.653418 30.550011 -1.872793 0.500000 0.000000 -1
1 -9.403418 32.394238 14.638592 0.000000 0.000000 -1
1 -9.403418 32.394238 -1.872793 0.000000 0.000000 -1
1 -9.403418 32.394238 14.638592 0.666667 1.000000 -1
1 -9.403418 32.394238 10.510742 0.666667 0.750000 -1
1 -9.403418 32.394238 6.382898 0.666667 0.500000 -1
1 -9.403418 32.394238 2.255053 0.666667 0.250000 -1
1 -9.403418 32.394238 -1.872793 0.666667 0.000000 -1
1 -6.903417 32.394238 14.638592 0.000000 0.000000 -1
1 -6.903417 32.394238 -1.872793 0.000000 0.000000 -1
1 -6.903417 32.394238 10.510742 0.833333 0.750000 -1
1 -6.903417 32.394238 14.638592 0.833333 1.000000 -1
1 -6.903417 32.394238 6.382898 0.833333 0.500000 -1
1 -6.903417 32.394238 2.255053 0.833333 0.250000 -1
1 -6.903417 32.394238 -1.872793 0.833333 0.000000 -1
1 -5.653417 30.550011 14.638592 1.000000 1.000000 -1
1 -5.653417 30.550011 10.510742 1.000000 0.750000 -1
1 -5.653417 30.550011 6.382898 1.000000 0.500000 -1
1 -5.653417 30.550011 2.255053 1.000000 0.250000 -1
1 -5.653417 30.550011 -1.872793 1.000000 0.000000 -1
36
0.000000 -0.248986 0.968507
-0.356811 0.193011 0.914020
-0.660107 -0.162187 0.733453
0.341757 -0.516360 -0.785223
-0.000000 0.079235 -0.996856
0.667880 0.056907 -0.742090
0.658484 -0.708986 -0.252463
0.975131 0.221627 0.000000
0.652629 -0.757678 0.000000
0.983438 0.177480 -0.036740
0.606688 -0.706443 -0.364511
0.578535 -0.793002 -0.190906
0.990126 0.140179 0.000000
0.993399 0.108577 -0.036993
0.524559 -0.814833 -0.246749
0.356811 0.193011 0.914020
-0.341757 -0.516360 -0.785223
-0.652629 -0.757678 0.000000
-0.667521 -0.697221 -0.261340
-0.624080 -0.714177 -0.316979
-0.583468 -0.783593 -0.213417
-0.559100 -0.803711 -0.203606
0.660108 -0.162187 0.733453
-0.667881 0.056907 -0.742090
-0.977665 0.209494 -0.016834
-0.975131 0.221627 0.000000
-0.985318 0.170727 0.000000
-0.990941 0.132219 -0.023520
-0.997313 0.073260 0.000000
0.325802 -0.634400 0.700992
-0.325802 0.634400 -0.700992
-0.468477 0.883476 0.000000
-0.325802 -0.634400 0.700992
0.325802 0.634400 -0.700992
0.468477 0.883476 0.000000
0.468477 0.883476 0.000000
60
1 0 1 2 0 1 2 2
1 3 4 5 3 4 5 2
1 6 7 8 6 7 7 1
1 9 6 8 8 6 7 1
1 6 10 7 6 9 7 1
1 6 11 10 6 10 9 1
1 12 13 10 11 12 9 1
1 11 12 10 10 11 9 1
1 12 5 13 11 13 12 1
1 12 14 5 11 14 13 1
1 0 15 1 0 15 1 2
1 16 4 3 16 4 3 2
1 17 6 9 17 6 8 1
1 17 18 6 17 18 6 1
1 19 11 6 19 10 6 1
1 18 19 6 18 19 6 1
1 19 12 11 19 11 10 1
1 19 20 12 19 20 11 1
1 21 14 12 21 14 11 1
1 20 21 12 20 21 11 1
1 0 22 15 0 22 15 2
1 23 4 16 23 4 16 2
1 24 18 17 24 18 17 1
1 25 24 17 25 24 17 1
1 24 19 18 24 19 18 1
1 24 26 19 24 26 19 1
1 27 20 19 27 20 19 1
1 26 27 19 26 27 19 1
1 27 21 20 27 21 20 1
1 27 28 21 27 28 21 1
1 0 29 22 0 29 22 2
1 30 4 23 30 4 23 2
1 31 24 25 31 24 25 1
1 31 32 24 31 31 24 1
1 33 26 24 31 26 24 1
1 32 33 24 31 31 24 1
1 33 27 26 31 27 26 1
1 33 34 27 31 31 27 1
1 35 28 27 31 28 27 1
1 34 35 27 31 31 27 1
1 0 36 29 0 32 29 2
1 37 4 30 33 4 30 2
1 38 32 31 34 31 31 1
1 39 38 31 35 34 31 1
1 38 33 32 34 31 31 1
1 38 40 33 34 34 31 1
1 41 34 33 34 31 31 1
1 40 41 33 34 34 31 1
1 41 35 34 34 31 31 1
1 41 42 35 34 35 31 1
1 0 2 36 0 2 32 2
1 5 4 37 5 4 33 2
1 43 38 39 7 34 35 1
1 43 44 38 7 7 34 1
1 45 40 38 9 34 34 1
1 44 45 38 7 9 34 1
1 45 41 40 9 34 34 1
1 45 46 41 9 12 34 1
1 47 42 41 13 35 34 1
1 46 47 41 12 13 34 1
"gunpalm" 1 3
27
1 -6.403413 31.175003 17.007904 0.000000 0.000000 -1
1 -6.403413 31.550003 15.690367 0.000000 0.000000 -1
1 -6.403413 31.924999 17.007904 0.000000 0.000000 -1
1 -9.403414 31.550003 15.690367 0.000000 0.000000 -1
1 -9.403414 31.175003 17.007904 0.000000 0.000000 -1
1 -9.403414 31.924999 17.007904 0.000000 0.000000 -1
1 -6.403413 31.550003 15.690367 0.166667 1.000000 -1
1 -6.403413 31.924999 17.007904 0.000000 1.000000 -1
1 -9.403414 31.550003 15.690367 0.166667 0.000000 -1
1 -6.403413 30.800003 15.690367 0.000000 0.000000 -1
1 -9.403414 30.800003 15.690367 0.000000 0.000000 -1
1 -9.403414 30.800003 15.690367 0.333333 0.000000 -1
1 -6.403413 30.800003 15.690367 0.333333 1.000000 -1
1 -6.403413 30.425003 17.007904 0.000000 0.000000 -1
1 -9.403414 30.425003 17.007904 0.000000 0.000000 -1
1 -6.403413 30.425003 17.007904 0.500000 1.000000 -1
1 -9.403414 30.425003 17.007904 0.500000 0.000000 -1
1 -6.403413 30.800003 18.325441 0.000000 0.000000 -1
1 -9.403414 30.800003 18.325441 0.000000 0.000000 -1
1 -9.403414 30.800003 18.325441 0.666667 0.000000 -1
1 -6.403413 30.800003 18.325441 0.666667 1.000000 -1
1 -6.403413 31.550003 18.325441 0.000000 0.000000 -1
1 -9.403414 31.550003 18.325441 0.000000 0.000000 -1
1 -6.403413 31.550003 18.325441 0.833333 1.000000 -1
1 -9.403414 31.550003 18.325441 0.833333 0.000000 -1
1 -9.403414 31.924999 17.007904 1.000000 0.000000 -1
1 -6.403413 31.924999 17.007904 1.000000 1.000000 -1
9
1.000000 0.000000 0.000000
-1.000000 0.000000 0.000000
0.000000 0.602600 -0.798044
0.000000 1.000000 0.000000
0.000000 -0.602599 -0.798044
0.000000 -1.000000 0.000000
0.000000 -0.602599 0.798044
0.000000 0.602600 0.798044
0.000000 0.602600 0.798044
24
1 0 1 2 0 0 0 2
1 3 4 5 1 1 1 2
1 6 5 7 2 3 3 1
1 6 8 5 2 2 3 1
1 0 9 1 0 0 0 2
1 10 4 3 1 1 1 2
1 11 8 6 4 2 2 1
1 12 11 6 4 4 2 1
1 0 13 9 0 0 0 2
1 14 4 10 1 1 1 2
1 15 11 12 5 4 4 1
1 15 16 11 5 5 4 1
1 0 17 13 0 0 0 2
1 18 4 14 1 1 1 2
1 19 16 15 6 5 5 1
1 20 19 15 6 6 5 1
1 0 21 17 0 0 0 2
1 22 4 18 1 1 1 2
1 23 19 20 7 6 6 1
1 23 24 19 7 8 6 1
1 0 2 21 0 0 0 2
1 5 4 22 1 1 1 2
1 25 24 23 3 8 7 1
1 26 25 23 3 3 7 1
"gunfinger" 1 3
15
1 -6.653414 31.304169 22.253731 0.000000 0.000000 -1
1 -6.924047 31.460419 22.253731 0.000000 0.000000 -1
1 -6.653414 30.991669 22.253731 0.000000 0.000000 -1
1 -6.924047 31.460419 18.203735 0.000000 0.000000 -1
1 -6.653414 31.304169 18.203735 0.000000 0.000000 -1
1 -6.653414 30.991669 18.203735 0.000000 0.000000 -1
1 -6.924047 31.460419 22.253731 0.333333 1.000000 -1
1 -6.653414 30.991669 22.253731 0.000000 1.000000 -1
1 -6.924047 31.460419 18.203735 0.333333 0.000000 -1
1 -6.382780 31.460419 22.253731 0.000000 0.000000 -1
1 -6.382780 31.460419 18.203735 0.000000 0.000000 -1
1 -6.382780 31.460419 18.203735 0.666667 0.000000 -1
1 -6.382780 31.460419 22.253731 0.666667 1.000000 -1
1 -6.653414 30.991669 22.253731 1.000000 1.000000 -1
1 -6.653414 30.991669 18.203735 1.000000 0.000000 -1
6
0.000000 0.000000 1.000000
0.000000 0.000000 -1.000000
-0.866026 0.499999 0.000000
-0.499999 -0.866026 0.000000
0.499999 -0.866026 0.000000
0.866026 0.499999 0.000000
12
1 0 1 2 0 0 0 2
1 3 4 5 1 1 1 2
1 6 5 7 2 3 4 1
1 6 8 5 2 2 3 1
1 0 9 1 0 0 0 2
1 10 4 3 1 1 1 2
1 11 8 6 5 2 2 1
1 12 11 6 5 5 2 1
1 0 2 9 0 0 0 2
1 5 4 10 1 1 1 2
1 13 11 12 4 5 5 1
1 13 14 11 4 3 5 1
"turretstaff" 1 1
15
1 5.971586 0.379327 8.880028 0.000000 0.000000 -1
1 5.646826 0.408650 9.065218 0.000000 0.000000 -1
1 5.971586 0.320664 8.509642 0.000000 0.000000 -1
1 5.646826 47.749996 0.695976 0.000000 0.000000 -1
1 5.971586 47.720684 0.510776 0.000000 0.000000 -1
1 5.971586 47.661999 0.140392 0.000000 0.000000 -1
1 5.646826 0.408650 9.065218 0.333333 1.000000 -1
1 5.971586 0.320664 8.509642 0.000000 1.000000 -1
1 5.646826 47.749996 0.695976 0.333333 0.000000 -1
1 6.296347 0.408650 9.065218 0.000000 0.000000 -1
1 6.296347 47.749996 0.695976 0.000000 0.000000 -1
1 6.296347 47.749996 0.695976 0.666667 0.000000 -1
1 6.296347 0.408650 9.065218 0.666667 1.000000 -1
1 5.971586 0.320664 8.509642 1.000000 1.000000 -1
1 5.971586 47.661999 0.140392 1.000000 0.000000 -1
14
0.000000 -0.987691 0.156419
0.000011 -0.987692 0.156413
0.000000 -0.987689 0.156432
-0.000048 0.987692 -0.156410
0.000000 0.987688 -0.156437
0.000000 0.987679 -0.156492
-0.866042 0.087038 0.492337
-0.499942 -0.150769 -0.852835
0.499942 -0.150769 -0.852835
-0.866041 0.087038 0.492338
-0.000011 -0.987692 0.156413
0.000048 0.987692 -0.156410
0.866042 0.087038 0.492337
0.866043 0.087037 0.492335
12
1 0 1 2 0 1 2 2
1 3 4 5 3 4 5 2
1 6 5 7 6 7 8 1
1 6 8 5 6 9 7 1
1 0 9 1 0 10 1 2
1 10 4 3 11 4 3 2
1 11 8 6 12 9 6 1
1 12 11 6 13 12 6 1
1 0 2 9 0 2 10 2
1 5 4 10 5 4 11 2
1 13 11 12 8 12 13 1
1 13 14 11 8 7 12 1
"turretrightarm" 1 0
48
1 7.379914 19.223061 8.274597 0.000000 0.000000 -1
1 8.629911 12.404435 2.964689 0.000000 0.000000 -1
1 9.879911 17.426117 9.628687 0.000000 0.000000 -1
1 8.629911 29.051453 -2.379956 0.000000 0.000000 -1
1 7.379914 32.409626 -1.662197 0.000000 0.000000 -1
1 9.879911 30.612701 -0.308112 0.000000 0.000000 -1
1 8.629911 15.701094 0.480484 0.166667 0.750000 -1
1 9.879911 20.722767 7.144483 0.000000 0.750000 -1
1 9.879911 17.426117 9.628687 0.000000 1.000000 -1
1 8.629911 12.404435 2.964689 0.166667 1.000000 -1
1 9.879911 24.019417 4.660284 0.000000 0.500000 -1
1 8.629911 21.104095 0.791508 0.166667 0.500000 -1
1 8.629911 25.002544 -0.894052 0.166667 0.250000 -1
1 9.879911 27.316055 2.176089 0.000000 0.250000 -1
1 8.629911 29.051453 -2.379956 0.166667 0.000000 -1
1 6.129915 12.404435 2.964689 0.000000 0.000000 -1
1 6.129915 29.051453 -2.379956 0.000000 0.000000 -1
1 6.129915 12.404435 2.964689 0.333333 1.000000 -1
1 6.129915 15.701094 0.480484 0.333333 0.750000 -1
1 6.129915 21.104095 0.791508 0.333333 0.500000 -1
1 6.129915 25.002544 -0.894052 0.333333 0.250000 -1
1 6.129915 29.051453 -2.379956 0.333333 0.000000 -1
1 4.879913 17.426117 9.628687 0.000000 0.000000 -1
1 4.879913 30.612701 -0.308112 0.000000 0.000000 -1
1 4.879913 20.722767 7.144483 0.500000 0.750000 -1
1 4.879913 17.426117 9.628687 0.500000 1.000000 -1
1 4.879913 24.019417 4.660284 0.500000 0.500000 -1
1 4.879913 27.316055 2.176089 0.500000 0.250000 -1
1 4.879913 30.612701 -0.308112 0.500000 0.000000 -1
1 6.129915 18.536003 11.101542 0.000000 0.000000 -1
1 6.129915 31.722584 1.164754 0.000000 0.000000 -1
1 6.129915 18.536003 11.101542 0.666667 1.000000 -1
1 6.129915 21.832661 8.617346 0.666667 0.750000 -1
1 6.129915 25.129295 6.133156 0.666667 0.500000 -1
1 6.129915 28.425945 3.648953 0.666667 0.250000 -1
1 6.129915 31.722584 1.164754 0.666667 0.000000 -1
1 8.629911 18.536003 11.101542 0.000000 0.000000 -1
1 8.629911 31.722584 1.164754 0.000000 0.000000 -1
1 8.629911 21.832661 8.617346 0.833333 0.750000 -1
1 8.629911 18.536003 11.101542 0.833333 1.000000 -1
1 8.629911 25.129295 6.133156 0.833333 0.500000 -1
1 8.629911 28.425945 3.648953 0.833333 0.250000 -1
1 8.629911 31.722584 1.164754 0.833333 0.000000 -1
1 9.879911 17.426117 9.628687 1.000000 1.000000 -1
1 9.879911 20.722767 7.144483 1.000000 0.750000 -1
1 9.879911 24.019417 4.660284 1.000000 0.500000 -1
1 9.879911 27.316055 2.176089 1.000000 0.250000 -1
1 9.879911 30.612701 -0.308112 1.000000 0.000000 -1
44
-0.000000 -0.923328 0.384012
-0.356813 -0.613810 0.704217
-0.660111 -0.683366 0.311873
0.341757 0.316354 -0.884942
0.000000 0.843809 -0.536643
0.667880 0.626907 -0.401153
0.658484 -0.225052 -0.718157
0.975132 0.133378 0.176999
0.975131 0.133378 0.177000
0.652629 -0.455981 -0.605109
0.983438 0.136152 0.119631
0.606688 -0.134036 -0.783558
0.578535 -0.324776 -0.748209
0.990126 0.084362 0.111952
0.993399 0.094888 0.064451
0.524560 -0.293316 -0.799251
0.356812 -0.613810 0.704217
-0.341756 0.316354 -0.884942
-0.652629 -0.455981 -0.605109
-0.667521 -0.210882 -0.714104
-0.624080 -0.176652 -0.761130
-0.583468 -0.301135 -0.754243
-0.559100 -0.321078 -0.764406
0.660110 -0.683366 0.311874
-0.667880 0.626907 -0.401153
-0.977665 0.139521 0.157179
-0.975131 0.133379 0.177000
-0.985318 0.102746 0.136348
-0.990941 0.098355 0.091440
-0.997313 0.044089 0.058508
0.325804 -0.941628 -0.084790
-0.325802 0.941629 0.084786
-0.468476 0.531688 0.705576
-0.468477 0.531688 0.705576
-0.468477 0.531689 0.705575
-0.468477 0.531689 0.705575
-0.468477 0.531689 0.705575
-0.325804 -0.941627 -0.084790
0.325802 0.941629 0.084786
0.468477 0.531688 0.705576
0.468476 0.531687 0.705577
0.468477 0.531689 0.705575
0.468477 0.531689 0.705575
0.468477 0.531690 0.705575
60
1 0 1 2 0 1 2 2
1 3 4 5 3 4 5 2
1 6 7 8 6 7 8 1
1 9 6 8 9 6 8 1
1 6 10 7 6 10 7 1
1 6 11 10 6 11 10 1
1 12 13 10 12 13 10 1
1 11 12 10 11 12 10 1
1 12 5 13 12 14 13 1
1 12 14 5 12 15 14 1
1 0 15 1 0 16 1 2
1 16 4 3 17 4 3 2
1 17 6 9 18 6 9 1
1 17 18 6 18 19 6 1
1 19 11 6 20 11 6 1
1 18 19 6 19 20 6 1
1 19 12 11 20 12 11 1
1 19 20 12 20 21 12 1
1 21 14 12 22 15 12 1
1 20 21 12 21 22 12 1
1 0 22 15 0 23 16 2
1 23 4 16 24 4 17 2
1 24 18 17 25 19 18 1
1 25 24 17 26 25 18 1
1 24 19 18 25 20 19 1
1 24 26 19 25 27 20 1
1 27 20 19 28 21 20 1
1 26 27 19 27 28 20 1
1 27 21 20 28 22 21 1
1 27 28 21 28 29 22 1
1 0 29 22 0 30 23 2
1 30 4 23 31 4 24 2
1 31 24 25 32 25 26 1
1 31 32 24 32 33 25 1
1 33 26 24 34 27 25 1
1 32 33 24 33 34 25 1
1 33 27 26 34 28 27 1
1 33 34 27 34 35 28 1
1 35 28 27 36 29 28 1
1 34 35 27 35 36 28 1
1 0 36 29 0 37 30 2
1 37 4 30 38 4 31 2
1 38 32 31 39 33 32 1
1 39 38 31 40 39 32 1
1 38 33 32 39 34 33 1
1 38 40 33 39 41 34 1
1 41 34 33 42 35 34 1
1 40 41 33 41 42 34 1
1 41 35 34 42 36 35 1
1 41 42 35 42 43 36 1
1 0 2 36 0 2 37 2
1 5 4 37 5 4 38 2
1 43 38 39 8 39 40 1
1 43 44 38 8 7 39 1
1 45 40 38 10 41 39 1
1 44 45 38 7 10 39 1
1 45 41 40 10 42 41 1
1 45 46 41 10 13 42 1
1 47 42 41 14 43 42 1
1 46 47 41 13 14 42 1
"turretblade" 1 2
23
1 21.800451 41.541424 0.760753 0.000000 0.000000 -1
1 19.713224 43.690716 0.783003 0.000000 0.000000 -1
1 18.484716 43.037663 1.362724 0.000000 0.000000 -1
1 5.963253 47.186642 0.783003 0.000000 0.000000 -1
1 5.963253 45.808323 0.760753 0.000000 0.000000 -1
1 5.963253 43.200901 1.362724 0.000000 0.000000 -1
1 19.713224 43.690716 0.783003 0.333333 1.000000 -1
1 14.508047 43.780781 1.362724 0.000000 0.666667 -1
1 18.484716 43.037663 1.362724 0.000000 1.000000 -1
1 15.403233 45.700520 0.783003 0.333333 0.666667 -1
1 10.718805 46.924763 0.783003 0.333333 0.333333 -1
1 10.718805 43.696308 1.362724 0.000000 0.333333 -1
1 5.963253 47.186642 0.783003 0.333333 0.000000 -1
1 19.679705 43.618847 0.136538 0.000000 0.000000 -1
1 5.963253 47.037395 0.136538 0.000000 0.000000 -1
1 15.369707 45.628635 0.136538 0.666667 0.666667 -1
1 19.679705 43.618847 0.136538 0.666667 1.000000 -1
1 10.718805 46.803867 0.136538 0.666667 0.333333 -1
1 5.963253 47.037395 0.136538 0.666667 0.000000 -1
1 18.484716 43.037663 1.362724 1.000000 1.000000 -1
1 14.508047 43.780781 1.362724 1.000000 0.666667 -1
1 10.718805 43.696308 1.362724 1.000000 0.333333 -1
1 5.963253 43.200901 1.362724 1.000000 0.000000 -1
17
0.850418 0.496327 0.174498
0.623526 0.600336 0.500811
-0.258288 -0.793863 0.550516
-1.000000 0.000000 0.000000
0.329610 0.809330 0.486151
0.092871 0.070267 0.993196
-0.320991 -0.671698 -0.667672
0.281268 0.780637 0.558117
0.114141 0.815808 0.566947
-0.042550 -0.595549 -0.802191
0.020761 0.016001 0.999656
0.045387 0.824204 0.564472
0.363595 0.092655 -0.926938
0.198252 0.376841 -0.904813
0.120331 0.258049 -0.958609
0.070712 0.475628 -0.876800
0.043939 0.488400 -0.871513
24
1 0 1 2 0 1 2 2
1 3 4 5 3 3 3 2
1 6 7 8 4 5 6 1
1 6 9 7 4 7 5 1
1 10 11 7 8 9 5 1
1 9 10 7 7 8 5 1
1 10 5 11 8 10 9 1
1 10 12 5 8 11 10 1
1 0 13 1 0 12 1 2
1 14 4 3 3 3 3 2
1 15 9 6 13 7 4 1
1 16 15 6 14 13 4 1
1 15 10 9 13 8 7 1
1 15 17 10 13 15 8 1
1 18 12 10 16 11 8 1
1 17 18 10 15 16 8 1
1 0 2 13 0 2 12 2
1 5 4 14 3 3 3 2
1 19 15 16 6 13 14 1
1 19 20 15 6 5 13 1
1 21 17 15 9 15 13 1
1 20 21 15 5 9 13 1
1 21 18 17 9 16 15 1
1 21 22 18 9 10 16 1
"turretpivot" 1 0
20
1 -0.436746 25.233337 -4.933763 1.000000 0.000000 -1
1 -0.436746 24.300003 -3.800430 0.000000 1.000000 -1
1 -0.436746 25.233337 -3.800430 0.000000 0.000000 -1
1 -0.436746 24.300003 -4.933763 1.000000 1.000000 -1
1 0.696587 25.233337 -4.933763 1.000000 0.000000 -1
1 -0.436746 24.300003 -4.933763 0.000000 1.000000 -1
1 -0.436746 25.233337 -4.933763 0.000000 0.000000 -1
1 0.696587 24.300003 -4.933763 1.000000 1.000000 -1
1 0.696587 25.233337 -3.800430 1.000000 0.000000 -1
1 0.696587 24.300003 -4.933763 0.000000 1.000000 -1
1 0.696587 25.233337 -4.933763 0.000000 0.000000 -1
1 0.696587 24.300003 -3.800430 1.000000 1.000000 -1
1 -0.436746 25.233337 -3.800430 1.000000 0.000000 -1
1 0.696587 24.300003 -3.800430 0.000000 1.000000 -1
1 0.696587 25.233337 -3.800430 0.000000 0.000000 -1
1 -0.436746 24.300003 -3.800430 1.000000 1.000000 -1
1 -0.436746 25.233337 -3.800430 0.000000 1.000000 -1
1 -0.436746 25.233337 -4.933763 1.000000 1.000000 -1
1 -0.436746 24.300003 -4.933763 1.000000 0.000000 -1
1 -0.436746 24.300003 -3.800430 0.000000 0.000000 -1
6
-1.000000 0.000000 0.000000
0.000000 0.000000 -1.000000
1.000000 0.000000 0.000000
0.000000 0.000000 1.000000
0.000000 1.000000 0.000000
0.000000 -1.000000 0.000000
12
1 0 1 2 0 0 0 1
1 0 3 1 0 0 0 1
1 4 5 6 1 1 1 2
1 4 7 5 1 1 1 2
1 8 9 10 2 2 2 1
1 8 11 9 2 2 2 1
1 12 13 14 3 3 3 2
1 12 15 13 3 3 3 2
1 4 16 14 4 4 4 3
1 4 17 16 4 4 4 3
1 18 13 19 5 5 5 3
1 18 7 13 5 5 5 3
"gunpivot" 1 0
20
1 -8.836746 30.900005 -0.871263 1.000000 0.000000 -1
1 -8.836746 29.966671 0.262070 0.000000 1.000000 -1
1 -8.836746 30.900005 0.262070 0.000000 0.000000 -1
1 -8.836746 29.966671 -0.871263 1.000000 1.000000 -1
1 -7.703413 30.900005 -0.871263 1.000000 0.000000 -1
1 -8.836746 29.966671 -0.871263 0.000000 1.000000 -1
1 -8.836746 30.900005 -0.871263 0.000000 0.000000 -1
1 -7.703413 29.966671 -0.871263 1.000000 1.000000 -1
1 -7.703413 30.900005 0.262070 1.000000 0.000000 -1
1 -7.703413 29.966671 -0.871263 0.000000 1.000000 -1
1 -7.703413 30.900005 -0.871263 0.000000 0.000000 -1
1 -7.703413 29.966671 0.262070 1.000000 1.000000 -1
1 -8.836746 30.900005 0.262070 1.000000 0.000000 -1
1 -7.703413 29.966671 0.262070 0.000000 1.000000 -1
1 -7.703413 30.900005 0.262070 0.000000 0.000000 -1
1 -8.836746 29.966671 0.262070 1.000000 1.000000 -1
1 -8.836746 30.900005 0.262070 0.000000 1.000000 -1
1 -8.836746 30.900005 -0.871263 1.000000 1.000000 -1
1 -8.836746 29.966671 -0.871263 1.000000 0.000000 -1
1 -8.836746 29.966671 0.262070 0.000000 0.000000 -1
6
-1.000000 0.000000 0.000000
0.000000 0.000000 -1.000000
1.000000 0.000000 0.000000
0.000000 0.000000 1.000000
0.000000 1.000000 0.000000
0.000000 -1.000000 0.000000
12
1 0 1 2 0 0 0 1
1 0 3 1 0 0 0 1
1 4 5 6 1 1 1 2
1 4 7 5 1 1 1 2
1 8 9 10 2 2 2 1
1 8 11 9 2 2 2 1
1 12 13 14 3 3 3 2
1 12 15 13 3 3 3 2
1 4 16 14 4 4 4 3
1 4 17 16 4 4 4 3
1 18 13 19 5 5 5 3
1 18 7 13 5 5 5 3
"base" 1 0
20
1 -0.836747 1.700000 -5.267097 1.000000 0.000000 -1
1 -0.836747 0.233333 -3.467096 0.000000 1.000000 -1
1 -0.836747 1.700000 -3.467096 0.000000 0.000000 -1
1 -0.836747 0.233333 -5.267097 1.000000 1.000000 -1
1 0.963253 1.700000 -5.267097 1.000000 0.000000 -1
1 -0.836747 0.233333 -5.267097 0.000000 1.000000 -1
1 -0.836747 1.700000 -5.267097 0.000000 0.000000 -1
1 0.963253 0.233333 -5.267097 1.000000 1.000000 -1
1 0.963253 1.700000 -3.467096 1.000000 0.000000 -1
1 0.963253 0.233333 -5.267097 0.000000 1.000000 -1
1 0.963253 1.700000 -5.267097 0.000000 0.000000 -1
1 0.963253 0.233333 -3.467096 1.000000 1.000000 -1
1 -0.836747 1.700000 -3.467096 1.000000 0.000000 -1
1 0.963253 0.233333 -3.467096 0.000000 1.000000 -1
1 0.963253 1.700000 -3.467096 0.000000 0.000000 -1
1 -0.836747 0.233333 -3.467096 1.000000 1.000000 -1
1 -0.836747 1.700000 -3.467096 0.000000 1.000000 -1
1 -0.836747 1.700000 -5.267097 1.000000 1.000000 -1
1 -0.836747 0.233333 -5.267097 1.000000 0.000000 -1
1 -0.836747 0.233333 -3.467096 0.000000 0.000000 -1
6
-1.000000 0.000000 0.000000
0.000000 0.000000 -1.000000
1.000000 0.000000 0.000000
0.000000 0.000000 1.000000
0.000000 1.000000 0.000000
0.000000 -1.000000 0.000000
12
1 0 1 2 0 0 0 1
1 0 3 1 0 0 0 1
1 4 5 6 1 1 1 2
1 4 7 5 1 1 1 2
1 8 9 10 2 2 2 1
1 8 11 9 2 2 2 1
1 12 13 14 3 3 3 2
1 12 15 13 3 3 3 2
1 4 16 14 4 4 4 3
1 4 17 16 4 4 4 3
1 18 13 19 5 5 5 3
1 18 7 13 5 5 5 3
"gunarm" 1 3
30
1 -8.778414 31.300003 16.382904 0.000000 0.000000 -1
1 -9.319681 31.612503 16.382904 0.000000 0.000000 -1
1 -8.778414 30.675003 16.382904 0.000000 0.000000 -1
1 -9.319681 31.612503 -0.117096 0.000000 0.000000 -1
1 -8.778414 31.300003 -0.117096 0.000000 0.000000 -1
1 -8.778414 30.675003 -0.117096 0.000000 0.000000 -1
1 -9.319681 31.612503 16.382904 0.333333 1.000000 -1
1 -8.778414 30.675003 16.382904 0.000000 1.000000 -1
1 -9.319681 31.612503 -0.117096 0.333333 0.000000 -1
1 -8.237146 31.612503 16.382904 0.000000 0.000000 -1
1 -8.237146 31.612503 -0.117096 0.000000 0.000000 -1
1 -8.237146 31.612503 -0.117096 0.666667 0.000000 -1
1 -8.237146 31.612503 16.382904 0.666667 1.000000 -1
1 -8.778414 30.675003 16.382904 1.000000 1.000000 -1
1 -8.778414 30.675003 -0.117096 1.000000 0.000000 -1
1 -7.278413 31.300003 16.382904 0.000000 0.000000 -1
1 -7.819680 31.612503 16.382904 0.000000 0.000000 -1
1 -7.278413 30.675003 16.382904 0.000000 0.000000 -1
1 -7.819680 31.612503 -0.117096 0.000000 0.000000 -1
1 -7.278413 31.300003 -0.117096 0.000000 0.000000 -1
1 -7.278413 30.675003 -0.117096 0.000000 0.000000 -1
1 -7.819680 31.612503 16.382904 0.333333 1.000000 -1
1 -7.278413 30.675003 16.382904 0.000000 1.000000 -1
1 -7.819680 31.612503 -0.117096 0.333333 0.000000 -1
1 -6.737145 31.612503 16.382904 0.000000 0.000000 -1
1 -6.737145 31.612503 -0.117096 0.000000 0.000000 -1
1 -6.737145 31.612503 -0.117096 0.666667 0.000000 -1
1 -6.737145 31.612503 16.382904 0.666667 1.000000 -1
1 -7.278413 30.675003 16.382904 1.000000 1.000000 -1
1 -7.278413 30.675003 -0.117096 1.000000 0.000000 -1
6
0.000000 0.000000 1.000000
0.000000 0.000000 -1.000000
-0.866026 0.499999 0.000000
-0.499999 -0.866026 0.000000
0.499999 -0.866026 0.000000
0.866026 0.499999 0.000000
24
1 0 1 2 0 0 0 2
1 3 4 5 1 1 1 2
1 6 5 7 2 3 4 1
1 6 8 5 2 2 3 1
1 0 9 1 0 0 0 2
1 10 4 3 1 1 1 2
1 11 8 6 5 2 2 1
1 12 11 6 5 5 2 1
1 0 2 9 0 0 0 2
1 5 4 10 1 1 1 2
1 13 11 12 4 5 5 1
1 13 14 11 4 3 5 1
1 15 16 17 0 0 0 2
1 18 19 20 1 1 1 2
1 21 20 22 2 3 4 1
1 21 23 20 2 2 3 1
1 15 24 16 0 0 0 2
1 25 19 18 1 1 1 2
1 26 23 21 5 2 2 1
1 27 26 21 5 5 2 1
1 15 17 24 0 0 0 2
1 20 19 25 1 1 1 2
1 28 26 27 4 5 5 1
1 28 29 26 4 3 5 1

Materials: 4
"black"
0.800000 0.800000 0.800000 1.000000
0.800000 0.800000 0.800000 1.000000
0.000000 0.000000 0.000000 1.000000
0.000000 0.000000 0.000000 1.000000
0.000000
1.000000
".\black.jpg"
""
"tan"
0.800000 0.800000 0.800000 1.000000
0.800000 0.800000 0.800000 1.000000
0.000000 0.000000 0.000000 1.000000
0.000000 0.000000 0.000000 1.000000
0.000000
1.000000
".\tan.jpg"
""
"chrome"
0.800000 0.800000 0.800000 1.000000
0.800000 0.800000 0.800000 1.000000
0.000000 0.000000 0.000000 1.000000
0.000000 0.000000 0.000000 1.000000
0.000000
1.000000
".\chrome.jpg"
""
"white"
0.800000 0.800000 0.800000 1.000000
0.800000 0.800000 0.800000 1.000000
0.000000 0.000000 0.000000 1.000000
0.000000 0.000000 0.000000 1.000000
0.000000
1.000000
".\white.jpg"
""

Bones: 0
