// MilkShape 3D ASCII

Frames: 30
Frame: 1

Meshes: 1
"Cylinder01" 1 0
51
1 55.500000 -16.000000 0.000000 0.000000 0.000000 -1
1 48.064407 -16.000000 27.750000 0.000000 0.000000 -1
1 0.000000 -16.000000 0.000000 0.000000 0.000000 -1
1 55.500000 16.000000 0.000000 0.000000 0.000000 -1
1 0.000000 16.000000 0.000000 0.000000 0.000000 -1
1 48.064407 16.000000 27.750000 0.000000 0.000000 -1
1 55.500000 -16.000000 0.000000 0.000000 1.000000 -1
1 48.064407 -16.000000 27.750000 0.083333 1.000000 -1
1 48.064407 16.000000 27.750000 0.083333 0.000000 -1
1 27.750000 -16.000000 48.064407 0.000000 0.000000 -1
1 27.750000 16.000000 48.064407 0.000000 0.000000 -1
1 27.750000 16.000000 48.064407 0.166667 0.000000 -1
1 27.750000 -16.000000 48.064407 0.166667 1.000000 -1
1 0.000000 -16.000000 55.500000 0.000000 0.000000 -1
1 0.000000 16.000000 55.500000 0.000000 0.000000 -1
1 0.000000 -16.000000 55.500000 0.250000 1.000000 -1
1 0.000000 16.000000 55.500000 0.250000 0.000000 -1
1 -27.750000 -16.000000 48.064407 0.000000 0.000000 -1
1 -27.750000 16.000000 48.064407 0.000000 0.000000 -1
1 -27.750000 16.000000 48.064407 0.333333 0.000000 -1
1 -27.750000 -16.000000 48.064407 0.333333 1.000000 -1
1 -48.064407 -16.000000 27.750000 0.000000 0.000000 -1
1 -48.064407 16.000000 27.750000 0.000000 0.000000 -1
1 -48.064407 -16.000000 27.750000 0.416667 1.000000 -1
1 -48.064407 16.000000 27.750000 0.416667 0.000000 -1
1 -55.500000 -16.000000 0.000000 0.000000 0.000000 -1
1 -55.500000 16.000000 0.000000 0.000000 0.000000 -1
1 -55.500000 16.000000 0.000000 0.500000 0.000000 -1
1 -55.500000 -16.000000 0.000000 0.500000 1.000000 -1
1 -48.064407 -16.000000 -27.750000 0.000000 0.000000 -1
1 -48.064407 16.000000 -27.750000 0.000000 0.000000 -1
1 -48.064407 -16.000000 -27.750000 0.583333 1.000000 -1
1 -48.064407 16.000000 -27.750000 0.583333 0.000000 -1
1 -27.750000 -16.000000 -48.064407 0.000000 0.000000 -1
1 -27.750000 16.000000 -48.064407 0.000000 0.000000 -1
1 -27.750000 16.000000 -48.064407 0.666667 0.000000 -1
1 -27.750000 -16.000000 -48.064407 0.666667 1.000000 -1
1 -0.000000 -16.000000 -55.500000 0.000000 0.000000 -1
1 -0.000000 16.000000 -55.500000 0.000000 0.000000 -1
1 -0.000000 -16.000000 -55.500000 0.750000 1.000000 -1
1 -0.000000 16.000000 -55.500000 0.750000 0.000000 -1
1 27.750000 -16.000000 -48.064407 0.000000 0.000000 -1
1 27.750000 16.000000 -48.064407 0.000000 0.000000 -1
1 27.750000 16.000000 -48.064407 0.833333 0.000000 -1
1 27.750000 -16.000000 -48.064407 0.833333 1.000000 -1
1 48.064407 -16.000000 -27.750000 0.000000 0.000000 -1
1 48.064407 16.000000 -27.750000 0.000000 0.000000 -1
1 48.064407 -16.000000 -27.750000 0.916667 1.000000 -1
1 48.064407 16.000000 -27.750000 0.916667 0.000000 -1
1 55.500000 16.000000 0.000000 1.000000 0.000000 -1
1 55.500000 -16.000000 0.000000 1.000000 1.000000 -1
14
0.000000 -1.000000 0.000000
0.000000 1.000000 0.000000
1.000000 0.000000 0.000000
0.866025 0.000000 0.500000
0.500000 0.000000 0.866025
0.000000 0.000000 1.000000
-0.500000 0.000000 0.866025
-0.866025 0.000000 0.500000
-1.000000 0.000000 0.000000
-0.866025 0.000000 -0.500000
-0.500000 0.000000 -0.866025
0.000000 0.000000 -1.000000
0.500000 0.000000 -0.866025
0.866025 0.000000 -0.500000
48
1 0 1 2 0 0 0 2
1 3 4 5 1 1 1 2
1 6 3 7 2 2 3 1
1 3 8 7 2 3 3 1
1 1 9 2 0 0 0 2
1 5 4 10 1 1 1 2
1 7 8 11 3 3 4 1
1 7 11 12 3 4 4 1
1 9 13 2 0 0 0 2
1 10 4 14 1 1 1 2
1 12 11 15 4 4 5 1
1 11 16 15 4 5 5 1
1 13 17 2 0 0 0 2
1 14 4 18 1 1 1 2
1 15 16 19 5 5 6 1
1 15 19 20 5 6 6 1
1 17 21 2 0 0 0 2
1 18 4 22 1 1 1 2
1 20 19 23 6 6 7 1
1 19 24 23 6 7 7 1
1 21 25 2 0 0 0 2
1 22 4 26 1 1 1 2
1 23 24 27 7 7 8 1
1 23 27 28 7 8 8 1
1 25 29 2 0 0 0 2
1 26 4 30 1 1 1 2
1 28 27 31 8 8 9 1
1 27 32 31 8 9 9 1
1 29 33 2 0 0 0 2
1 30 4 34 1 1 1 2
1 31 32 35 9 9 10 1
1 31 35 36 9 10 10 1
1 33 37 2 0 0 0 2
1 34 4 38 1 1 1 2
1 36 35 39 10 10 11 1
1 35 40 39 10 11 11 1
1 37 41 2 0 0 0 2
1 38 4 42 1 1 1 2
1 39 40 43 11 11 12 1
1 39 43 44 11 12 12 1
1 41 45 2 0 0 0 2
1 42 4 46 1 1 1 2
1 44 43 47 12 12 13 1
1 43 48 47 12 13 13 1
1 45 0 2 0 0 0 2
1 46 4 3 1 1 1 2
1 47 48 49 13 13 2 1
1 47 49 50 13 2 2 1

Materials: 1
"Material01"
0.200000 0.200000 0.200000 1.000000
1.000000 1.000000 1.000000 1.000000
0.000000 0.000000 0.000000 1.000000
0.321569 0.321569 0.321569 1.000000
0.000000
1.000000
"sphere_chrome.bmp"
""

Bones: 0
GroupComments: 0
MaterialComments: 0
BoneComments: 0
ModelComment: 0
