// MilkShape 3D ASCII

Frames: 30
Frame: 1

Meshes: 1
"Regroup00" 1 0
104
1 8.861486 4.038404 3.090215 0.000000 0.000000 -1
1 8.861473 0.002165 3.090221 0.000000 0.000000 -1
1 7.090236 0.002165 1.382893 0.000000 0.000000 -1
1 7.090236 4.038404 1.382902 0.000000 0.000000 -1
1 7.103559 4.038404 6.135023 0.000000 0.000000 -1
1 7.103556 0.002165 6.135028 0.000000 0.000000 -1
1 8.433855 0.002165 4.873207 0.000000 0.000000 -1
1 8.433853 4.038404 4.873213 0.000000 0.000000 -1
1 1.754080 4.038404 9.223561 0.000000 0.000000 -1
1 1.754073 0.002165 9.223550 0.000000 0.000000 -1
1 2.347042 0.002165 6.835953 0.000000 0.000000 -1
1 2.347051 4.038404 6.835959 0.000000 0.000000 -1
1 -1.761775 4.038404 9.223561 0.000000 0.000000 -1
1 -1.761768 0.002165 9.223550 0.000000 0.000000 -1
1 -0.003847 0.002165 9.744712 0.000000 0.000000 -1
1 -0.003847 4.038404 9.744704 0.000000 0.000000 -1
1 -7.111255 4.038404 6.135023 0.000000 0.000000 -1
1 -7.111250 0.002165 6.135028 0.000000 0.000000 -1
1 -4.747042 0.002165 5.454753 0.000000 0.000000 -1
1 -4.747033 4.038404 5.454752 0.000000 0.000000 -1
1 -8.869162 4.038404 3.090215 0.000000 0.000000 -1
1 -8.869169 0.002165 3.090221 0.000000 0.000000 -1
1 -8.441553 0.002165 4.873207 0.000000 0.000000 -1
1 -8.441549 4.038404 4.873213 0.000000 0.000000 -1
1 3.323626 4.038404 5.765030 0.000000 0.000000 -1
1 3.323621 0.002165 5.765039 0.000000 0.000000 -1
1 4.739347 0.002165 5.454753 0.000000 0.000000 -1
1 4.739338 4.038404 5.454752 0.000000 0.000000 -1
1 -3.331321 4.038404 5.765030 0.000000 0.000000 -1
1 -3.331316 0.002165 5.765039 0.000000 0.000000 -1
1 -2.354737 0.002165 6.835953 0.000000 0.000000 -1
1 -2.354746 4.038404 6.835959 0.000000 0.000000 -1
1 -6.658794 4.038404 0.001696 0.000000 0.000000 -1
1 -6.658785 0.002165 0.001695 0.000000 0.000000 -1
1 -7.097932 0.002165 1.382893 0.000000 0.000000 -1
1 -7.097932 4.038404 1.382902 0.000000 0.000000 -1
1 6.651089 0.002165 0.001695 0.000000 0.000000 -1
1 6.651100 4.038404 0.001696 0.000000 0.000000 -1
1 -1.085359 0.002165 1.863160 0.000000 0.000000 -1
1 -0.008457 4.038404 2.151716 0.000000 0.000000 -1
1 -0.008457 0.002165 2.151716 0.000000 0.000000 -1
1 -1.085359 4.038404 1.863160 0.000000 0.000000 -1
1 -1.873706 4.038404 1.074814 0.000000 0.000000 -1
1 -1.873706 0.002165 1.074814 0.000000 0.000000 -1
1 -2.162261 0.002165 -0.002088 0.000000 0.000000 -1
1 -2.162261 4.038404 -0.002088 0.000000 0.000000 -1
1 1.856791 4.038404 1.074814 0.000000 0.000000 -1
1 2.145347 4.038404 -0.002088 0.000000 0.000000 -1
1 2.145347 0.002165 -0.002088 0.000000 0.000000 -1
1 1.856791 0.002165 1.074814 0.000000 0.000000 -1
1 1.068445 0.002165 1.863160 0.000000 0.000000 -1
1 1.068445 4.038404 1.863160 0.000000 0.000000 -1
1 7.090236 0.002165 -1.382893 0.000000 0.000000 -1
1 8.861473 0.002165 -3.090221 0.000000 0.000000 -1
1 8.861486 4.038404 -3.090215 0.000000 0.000000 -1
1 7.090236 4.038404 -1.382902 0.000000 0.000000 -1
1 8.433855 0.002165 -4.873207 0.000000 0.000000 -1
1 7.103556 0.002165 -6.135028 0.000000 0.000000 -1
1 7.103559 4.038404 -6.135023 0.000000 0.000000 -1
1 8.433853 4.038404 -4.873213 0.000000 0.000000 -1
1 2.347042 0.002165 -6.835953 0.000000 0.000000 -1
1 1.754073 0.002165 -9.223550 0.000000 0.000000 -1
1 1.754080 4.038404 -9.223561 0.000000 0.000000 -1
1 2.347051 4.038404 -6.835959 0.000000 0.000000 -1
1 -0.003847 0.002165 -9.744712 0.000000 0.000000 -1
1 -1.761768 0.002165 -9.223550 0.000000 0.000000 -1
1 -1.761775 4.038404 -9.223561 0.000000 0.000000 -1
1 -0.003847 4.038404 -9.744704 0.000000 0.000000 -1
1 -4.747042 0.002165 -5.454753 0.000000 0.000000 -1
1 -7.111250 0.002165 -6.135028 0.000000 0.000000 -1
1 -7.111255 4.038404 -6.135023 0.000000 0.000000 -1
1 -4.747033 4.038404 -5.454752 0.000000 0.000000 -1
1 -8.441553 0.002165 -4.873207 0.000000 0.000000 -1
1 -8.869169 0.002165 -3.090221 0.000000 0.000000 -1
1 -8.869162 4.038404 -3.090215 0.000000 0.000000 -1
1 -8.441549 4.038404 -4.873213 0.000000 0.000000 -1
1 4.739347 0.002165 -5.454753 0.000000 0.000000 -1
1 3.323621 0.002165 -5.765039 0.000000 0.000000 -1
1 3.323626 4.038404 -5.765030 0.000000 0.000000 -1
1 4.739338 4.038404 -5.454752 0.000000 0.000000 -1
1 -2.354737 0.002165 -6.835953 0.000000 0.000000 -1
1 -3.331316 0.002165 -5.765039 0.000000 0.000000 -1
1 -3.331321 4.038404 -5.765030 0.000000 0.000000 -1
1 -2.354746 4.038404 -6.835959 0.000000 0.000000 -1
1 -7.097932 0.002165 -1.382893 0.000000 0.000000 -1
1 -6.658785 0.002165 -0.001695 0.000000 0.000000 -1
1 -6.658794 4.038404 -0.001696 0.000000 0.000000 -1
1 -7.097932 4.038404 -1.382902 0.000000 0.000000 -1
1 6.651089 0.002165 -0.001695 0.000000 0.000000 -1
1 6.651100 4.038404 -0.001696 0.000000 0.000000 -1
1 -0.008457 0.002165 -2.151716 0.000000 0.000000 -1
1 -0.008457 4.038404 -2.151716 0.000000 0.000000 -1
1 -1.085359 0.002165 -1.863160 0.000000 0.000000 -1
1 -1.085359 4.038404 -1.863160 0.000000 0.000000 -1
1 -1.873706 4.038404 -1.074814 0.000000 0.000000 -1
1 -1.873706 0.002165 -1.074814 0.000000 0.000000 -1
1 -2.162261 0.002165 0.002088 0.000000 0.000000 -1
1 -2.162261 4.038404 0.002088 0.000000 0.000000 -1
1 2.145347 0.002165 0.002088 0.000000 0.000000 -1
1 2.145347 4.038404 0.002088 0.000000 0.000000 -1
1 1.856791 4.038404 -1.074814 0.000000 0.000000 -1
1 1.856791 0.002165 -1.074814 0.000000 0.000000 -1
1 1.068445 0.002165 -1.863160 0.000000 0.000000 -1
1 1.068445 4.038404 -1.863160 0.000000 0.000000 -1
47
0.693999 -0.000003 -0.719976
0.693993 0.000002 -0.719982
0.688186 0.000000 0.725534
0.688185 -0.000001 0.725535
0.970517 -0.000002 0.241032
0.970517 -0.000002 0.241032
-0.284237 -0.000003 0.958754
-0.284226 0.000002 0.958757
0.276520 0.000001 0.961008
0.276517 -0.000000 0.961009
-0.972425 0.000002 0.233218
-0.972425 0.000001 0.233215
0.972424 0.000000 0.233219
0.972423 -0.000003 0.233225
0.214089 0.000002 0.976814
0.214086 0.000001 0.976815
0.284237 0.000002 0.958754
0.284227 -0.000003 0.958757
-0.738902 0.000001 0.673813
-0.738908 -0.000003 0.673806
-0.688185 -0.000000 0.725535
-0.688185 -0.000000 0.725535
-0.952991 -0.000002 -0.303000
-0.952993 0.000001 -0.302993
0.952991 0.000001 -0.303000
0.952993 -0.000003 -0.302991
-0.276519 -0.000000 0.961008
-0.276517 0.000001 0.961009
0.738902 -0.000003 0.673813
0.738908 0.000001 0.673807
-0.970517 -0.000003 0.241032
-0.970517 -0.000002 0.241032
-0.214089 0.000001 0.976814
-0.214086 0.000002 0.976815
-0.693998 0.000002 -0.719976
-0.693997 0.000000 -0.719978
0.258820 0.000000 -0.965926
0.258820 0.000000 -0.965926
0.707106 0.000000 -0.707107
0.707106 0.000000 -0.707107
0.965926 0.000000 -0.258819
-0.965926 0.000000 -0.258820
-0.707107 0.000000 -0.707107
-0.258820 0.000000 -0.965926
-0.258820 -0.000000 -0.965926
-0.000000 1.000000 0.000000
0.000000 -1.000000 0.000000
192
1 0 1 2 0 0 0 255
1 0 2 3 1 1 1 255
1 4 5 6 2 2 2 255
1 4 6 7 3 3 3 255
1 8 9 10 4 4 4 255
1 8 10 11 5 5 5 255
1 12 13 14 6 6 6 255
1 12 14 15 7 7 7 255
1 16 17 18 8 8 8 255
1 16 18 19 9 9 9 255
1 20 21 22 10 10 10 255
1 20 22 23 11 11 11 255
1 7 6 1 12 12 12 255
1 7 1 0 13 13 13 255
1 24 25 26 14 14 14 255
1 24 26 27 15 15 15 255
1 15 14 9 16 16 16 255
1 15 9 8 17 17 17 255
1 28 29 30 18 18 18 255
1 28 30 31 19 19 19 255
1 23 22 17 20 20 20 255
1 23 17 16 21 21 21 255
1 32 33 34 22 22 22 255
1 32 34 35 23 23 23 255
1 3 2 36 24 24 24 255
1 3 36 37 25 25 25 255
1 27 26 5 26 26 26 255
1 27 5 4 27 27 27 255
1 11 10 25 28 28 28 255
1 11 25 24 29 29 29 255
1 31 30 13 30 30 30 255
1 31 13 12 31 31 31 255
1 19 18 29 32 32 32 255
1 19 29 28 33 33 33 255
1 35 34 21 34 34 34 255
1 35 21 20 35 35 35 255
1 38 39 40 36 36 36 255
1 38 41 39 37 37 37 255
1 42 41 38 38 38 38 255
1 43 42 38 39 39 39 255
1 44 42 43 40 40 40 255
1 44 45 42 40 40 40 255
1 46 47 48 41 41 41 255
1 49 46 48 41 41 41 255
1 50 46 49 42 42 42 255
1 50 51 46 42 42 42 255
1 39 51 50 43 43 43 255
1 40 39 50 44 44 44 255
1 47 3 37 45 45 45 255
1 3 47 46 45 45 45 255
1 4 7 0 45 45 45 255
1 4 0 27 45 45 45 255
1 27 0 3 45 45 45 255
1 3 46 27 45 45 45 255
1 27 46 51 45 45 45 255
1 27 51 24 45 45 45 255
1 24 51 11 45 45 45 255
1 11 51 39 45 45 45 255
1 8 12 15 45 45 45 255
1 8 11 12 45 45 45 255
1 12 11 31 45 45 45 255
1 11 39 31 45 45 45 255
1 31 39 41 45 45 45 255
1 41 28 31 45 45 45 255
1 28 41 42 45 45 45 255
1 42 19 28 45 45 45 255
1 16 20 23 45 45 45 255
1 16 35 20 45 45 45 255
1 16 19 35 45 45 45 255
1 19 42 35 45 45 45 255
1 35 42 45 45 45 45 255
1 45 32 35 45 45 45 255
1 36 2 48 46 46 46 255
1 49 48 2 46 46 46 255
1 1 6 5 46 46 46 255
1 26 1 5 46 46 46 255
1 2 1 26 46 46 46 255
1 26 49 2 46 46 46 255
1 50 49 26 46 46 46 255
1 25 50 26 46 46 46 255
1 10 50 25 46 46 46 255
1 40 50 10 46 46 46 255
1 14 13 9 46 46 46 255
1 13 10 9 46 46 46 255
1 30 10 13 46 46 46 255
1 30 40 10 46 46 46 255
1 38 40 30 46 46 46 255
1 30 29 38 46 46 46 255
1 43 38 29 46 46 46 255
1 29 18 43 46 46 46 255
1 22 21 17 46 46 46 255
1 21 34 17 46 46 46 255
1 34 18 17 46 46 46 255
1 34 43 18 46 46 46 255
1 44 43 34 46 46 46 255
1 34 33 44 46 46 46 255
1 52 53 54 0 0 0 255
1 55 52 54 1 1 1 255
1 56 57 58 2 2 2 255
1 59 56 58 3 3 3 255
1 60 61 62 4 4 4 255
1 63 60 62 5 5 5 255
1 64 65 66 6 6 6 255
1 67 64 66 7 7 7 255
1 68 69 70 8 8 8 255
1 71 68 70 9 9 9 255
1 72 73 74 10 10 10 255
1 75 72 74 11 11 11 255
1 53 56 59 12 12 12 255
1 54 53 59 13 13 13 255
1 76 77 78 14 14 14 255
1 79 76 78 15 15 15 255
1 61 64 67 16 16 16 255
1 62 61 67 17 17 17 255
1 80 81 82 18 18 18 255
1 83 80 82 19 19 19 255
1 69 72 75 20 20 20 255
1 70 69 75 21 21 21 255
1 84 85 86 22 22 22 255
1 87 84 86 23 23 23 255
1 88 52 55 24 24 24 255
1 89 88 55 25 25 25 255
1 57 76 79 26 26 26 255
1 58 57 79 27 27 27 255
1 77 60 63 28 28 28 255
1 78 77 63 29 29 29 255
1 65 80 83 30 30 30 255
1 66 65 83 31 31 31 255
1 81 68 71 32 32 32 255
1 82 81 71 33 33 33 255
1 73 84 87 34 34 34 255
1 74 73 87 35 35 35 255
1 90 91 92 36 36 36 255
1 91 93 92 37 37 37 255
1 92 93 94 38 38 38 255
1 92 94 95 39 39 39 255
1 95 94 96 40 40 40 255
1 94 97 96 40 40 40 255
1 98 99 100 41 41 41 255
1 98 100 101 41 41 41 255
1 101 100 102 42 42 42 255
1 100 103 102 42 42 42 255
1 102 103 91 43 43 43 255
1 102 91 90 44 44 44 255
1 89 55 99 45 45 45 255
1 100 99 55 45 45 45 255
1 54 59 58 45 45 45 255
1 79 54 58 45 45 45 255
1 55 54 79 45 45 45 255
1 79 100 55 45 45 45 255
1 103 100 79 45 45 45 255
1 78 103 79 45 45 45 255
1 63 103 78 45 45 45 255
1 91 103 63 45 45 45 255
1 67 66 62 45 45 45 255
1 66 63 62 45 45 45 255
1 83 63 66 45 45 45 255
1 83 91 63 45 45 45 255
1 93 91 83 45 45 45 255
1 83 82 93 45 45 45 255
1 94 93 82 45 45 45 255
1 82 71 94 45 45 45 255
1 75 74 70 45 45 45 255
1 74 87 70 45 45 45 255
1 87 71 70 45 45 45 255
1 87 94 71 45 45 45 255
1 97 94 87 45 45 45 255
1 87 86 97 45 45 45 255
1 98 52 88 46 46 46 255
1 52 98 101 46 46 46 255
1 57 56 53 46 46 46 255
1 57 53 76 46 46 46 255
1 76 53 52 46 46 46 255
1 52 101 76 46 46 46 255
1 76 101 102 46 46 46 255
1 76 102 77 46 46 46 255
1 77 102 60 46 46 46 255
1 60 102 90 46 46 46 255
1 61 65 64 46 46 46 255
1 61 60 65 46 46 46 255
1 65 60 80 46 46 46 255
1 60 90 80 46 46 46 255
1 80 90 92 46 46 46 255
1 92 81 80 46 46 46 255
1 81 92 95 46 46 46 255
1 95 68 81 46 46 46 255
1 69 73 72 46 46 46 255
1 69 84 73 46 46 46 255
1 69 68 84 46 46 46 255
1 68 95 84 46 46 46 255
1 84 95 96 46 46 46 255
1 96 85 84 46 46 46 255

Materials: 1
"Material01"
0.200000 0.200000 0.200000 1.000000
0.752941 0.752941 0.752941 1.000000
0.000000 0.000000 0.000000 1.000000
0.207843 0.207843 0.207843 1.000000
0.000000
1.000000
""
""

Bones: 0
GroupComments: 0
MaterialComments: 0
BoneComments: 0
ModelComment: 0
