// MilkShape 3D ASCII

Frames: 30
Frame: 1

Meshes: 1
"Regroup02" 0 0
823
0 -6.693087 2.996070 -90.554367 0.018561 0.372164 -1
0 -5.796819 6.340882 -90.554413 0.018561 0.372164 -1
0 -0.003481 2.984755 -24.826317 0.018561 0.372164 -1
0 -7.505729 3.078537 95.836914 0.669477 0.615559 -1
0 -0.003481 2.984772 -16.959328 0.692656 0.616354 -1
0 -6.499074 6.835531 95.836945 0.669477 0.583649 -1
0 -6.693087 2.996070 -90.554367 0.708296 0.406629 -1
0 -6.503482 3.029401 -67.348839 0.612010 0.406425 -1
0 -5.632642 6.279407 -67.348785 0.612010 0.386474 -1
0 -5.796819 6.340882 -90.554413 0.708296 0.386096 -1
0 -6.601107 2.897649 -45.253483 0.520331 0.407233 -1
0 -5.717208 6.196473 -45.253483 0.520331 0.386983 -1
0 -6.601107 2.897649 -45.253483 0.635577 0.230416 -1
0 -8.655005 2.939317 -43.454750 0.635577 0.215389 -1
0 -7.495908 7.265081 -43.454739 0.639148 0.215389 -1
0 -5.717208 6.196473 -45.253483 0.639148 0.230416 -1
0 -8.655008 2.984771 -29.897923 0.635577 0.200362 -1
0 -7.495919 7.310535 -29.897978 0.639148 0.200362 -1
0 -7.711977 2.984772 -25.113174 0.635577 0.185336 -1
0 -6.679243 6.839029 -25.113192 0.639148 0.185336 -1
0 -7.868505 2.984774 -2.616523 0.635577 0.170309 -1
0 -6.814781 6.917288 -2.616527 0.639148 0.170309 -1
0 -6.503495 2.984784 -1.116499 0.635577 0.155282 -1
0 -5.632657 6.234796 -1.116507 0.639148 0.155282 -1
0 -6.503495 2.984784 -1.116499 0.541942 0.456134 -1
0 -6.503505 3.029420 79.470596 0.107043 0.455595 -1
0 -5.632657 6.234796 -1.116507 0.541942 0.416808 -1
0 -5.632678 6.279414 79.470566 0.107042 0.416268 -1
0 -7.505742 3.078556 90.651855 0.046700 0.455000 -1
0 -6.498969 6.835529 90.652054 0.046700 0.409538 -1
0 -7.505742 3.078556 90.651855 0.670542 0.615558 -1
0 -6.498969 6.835529 90.652054 0.670542 0.583649 -1
0 -3.348269 8.789461 -90.554443 0.018561 0.372164 -1
0 -3.748696 9.585840 95.836868 0.669477 0.560290 -1
0 -3.348269 8.789461 -90.554443 0.708296 0.371065 -1
0 -3.253466 8.658592 -67.348816 0.612010 0.371868 -1
0 -3.302284 8.611382 -45.253437 0.520331 0.372158 -1
0 -3.302284 8.611382 -45.253437 0.642720 0.230416 -1
0 -4.329236 10.431759 -43.454762 0.642720 0.215389 -1
0 -4.329228 10.477203 -29.897938 0.642720 0.200362 -1
0 -3.857730 9.660536 -25.113194 0.642720 0.185336 -1
0 -3.935992 9.796076 -2.616532 0.642720 0.170309 -1
0 -3.253483 8.613955 -1.116515 0.642720 0.155282 -1
0 -3.253505 8.658602 79.470566 0.107042 0.387478 -1
0 -3.253483 8.613955 -1.116515 0.541942 0.388018 -1
0 -3.748721 9.585854 90.651993 0.046700 0.376258 -1
0 -3.748721 9.585854 90.651993 0.670542 0.560290 -1
0 -0.003450 9.685703 -90.554459 0.018561 0.372164 -1
0 0.008287 10.592546 95.836868 0.669477 0.551740 -1
0 -0.003472 9.529427 -67.348831 0.612010 0.366522 -1
0 -0.003450 9.685703 -90.554459 0.708296 0.365563 -1
0 -0.003475 9.495291 -45.253490 0.520331 0.366732 -1
0 -0.003471 11.590836 -43.454762 0.646291 0.215389 -1
0 -0.003475 9.495291 -45.253490 0.646291 0.230416 -1
0 -0.003482 11.636284 -29.897949 0.646291 0.200362 -1
0 -0.003480 10.693274 -25.113182 0.646291 0.185336 -1
0 -0.003480 10.849796 -2.616515 0.646291 0.170309 -1
0 -0.003481 9.484789 -1.116492 0.646291 0.155282 -1
0 -0.003481 9.484789 -1.116492 0.541942 0.377481 -1
0 -0.003502 9.529432 79.470566 0.107042 0.376941 -1
0 0.008273 10.592527 90.652039 0.046700 0.364076 -1
0 0.008273 10.592527 90.652039 0.670542 0.551740 -1
0 3.341377 8.789461 -90.554413 0.018561 0.372164 -1
0 3.765265 9.585840 95.836945 0.669477 0.560290 -1
0 3.341377 8.789461 -90.554413 0.708296 0.371065 -1
0 3.246538 8.658592 -67.348816 0.612010 0.371868 -1
0 3.295342 8.611382 -45.253479 0.520331 0.372158 -1
0 3.295342 8.611382 -45.253479 0.649862 0.230416 -1
0 4.322282 10.431759 -43.454735 0.649862 0.215389 -1
0 4.322270 10.477203 -29.897936 0.649862 0.200362 -1
0 3.850772 9.660536 -25.113182 0.649862 0.185336 -1
0 3.929028 9.796076 -2.616519 0.649862 0.170309 -1
0 3.246525 8.613955 -1.116526 0.649862 0.155282 -1
0 3.246484 8.658602 79.470596 0.107042 0.387478 -1
0 3.246525 8.613955 -1.116526 0.541942 0.388018 -1
0 3.765307 9.585854 90.651962 0.046700 0.376258 -1
0 3.765307 9.585854 90.651962 0.670542 0.560290 -1
0 5.789917 6.340882 -90.554428 0.018561 0.372164 -1
0 6.515559 6.835531 95.836914 0.669477 0.583649 -1
0 5.625708 6.279407 -67.348808 0.612010 0.386474 -1
0 5.789917 6.340882 -90.554428 0.708296 0.386096 -1
0 5.710255 6.196473 -45.253487 0.520331 0.386983 -1
0 7.488953 7.265081 -43.454746 0.653434 0.215389 -1
0 5.710255 6.196473 -45.253487 0.653434 0.230416 -1
0 7.488950 7.310535 -29.897953 0.653434 0.200362 -1
0 6.672278 6.839029 -25.113186 0.653434 0.185336 -1
0 6.807823 6.917288 -2.616525 0.653434 0.170309 -1
0 5.625705 6.234796 -1.116503 0.653434 0.155282 -1
0 5.625705 6.234796 -1.116503 0.541942 0.416808 -1
0 5.625684 6.279414 79.470596 0.107042 0.416268 -1
0 6.515549 6.835529 90.652054 0.046700 0.409538 -1
0 6.515549 6.835529 90.652054 0.670542 0.583649 -1
0 6.686140 2.996070 -90.554428 0.018561 0.372164 -1
0 7.522244 3.078537 95.836945 0.669477 0.615559 -1
0 6.686140 2.996070 -90.554428 0.708296 0.406629 -1
0 6.496535 3.029401 -67.348846 0.612010 0.406425 -1
0 6.594155 2.897649 -45.253448 0.520331 0.407233 -1
0 6.594155 2.897649 -45.253448 0.657005 0.230416 -1
0 8.648046 2.939317 -43.454758 0.657005 0.215389 -1
0 8.648035 2.984771 -29.897919 0.657005 0.200362 -1
0 7.705020 2.984772 -25.113186 0.657005 0.185336 -1
0 7.861530 2.984774 -2.616521 0.657005 0.170309 -1
0 6.496533 2.984784 -1.116488 0.657005 0.155282 -1
0 6.496497 3.029420 79.470657 0.107043 0.455595 -1
0 6.496533 2.984784 -1.116488 0.541942 0.456134 -1
0 7.522233 3.078556 90.651932 0.046700 0.455000 -1
0 7.522233 3.078556 90.651932 0.670542 0.615558 -1
0 5.789917 -0.348712 -90.554428 0.018561 0.372164 -1
0 6.515582 -0.678433 95.836838 0.669477 0.647467 -1
0 5.625703 -0.220587 -67.348801 0.612010 0.426376 -1
0 5.789917 -0.348712 -90.554428 0.708296 0.427162 -1
0 5.710245 -0.401168 -45.253494 0.520331 0.427484 -1
0 7.488950 -1.386429 -43.454716 0.660577 0.215389 -1
0 5.710245 -0.401168 -45.253494 0.660577 0.230416 -1
0 7.488953 -1.340981 -29.897936 0.660577 0.200362 -1
0 6.672278 -0.869473 -25.113180 0.660577 0.185336 -1
0 6.807817 -0.947728 -2.616515 0.660577 0.170309 -1
0 5.625691 -0.265223 -1.116522 0.660577 0.155282 -1
0 5.625691 -0.265223 -1.116522 0.541942 0.495462 -1
0 5.625699 -0.220581 79.470596 0.107043 0.494922 -1
0 6.515561 -0.678419 90.651978 0.046700 0.500462 -1
0 6.515561 -0.678419 90.651978 0.670542 0.647467 -1
0 3.341377 -2.797265 -90.554413 0.018561 0.372164 -1
0 3.765223 -3.428772 95.836975 0.669477 0.670827 -1
0 3.341377 -2.797265 -90.554413 0.708296 0.442193 -1
0 3.246538 -2.599770 -67.348816 0.612010 0.440981 -1
0 3.295343 -2.816067 -45.253510 0.520331 0.442309 -1
0 3.295343 -2.816067 -45.253510 0.664148 0.230416 -1
0 4.322288 -4.553110 -43.454697 0.664148 0.215389 -1
0 4.322279 -4.507650 -29.897942 0.664148 0.200362 -1
0 3.850768 -3.690975 -25.113171 0.664148 0.185336 -1
0 3.929031 -3.826525 -2.616511 0.664148 0.170309 -1
0 3.246528 -2.644403 -1.116473 0.664148 0.155282 -1
0 3.246484 -2.599755 79.470596 0.107042 0.523711 -1
0 3.246528 -2.644403 -1.116473 0.541942 0.524251 -1
0 3.765307 -3.428766 90.651962 0.046700 0.533743 -1
0 3.765307 -3.428766 90.651962 0.670542 0.670827 -1
0 -0.003454 -3.693514 -90.554443 0.018561 0.372164 -1
0 0.008284 -4.435452 95.836884 0.669477 0.679377 -1
0 -0.003456 -3.470579 -67.348816 0.612010 0.446326 -1
0 -0.003454 -3.693514 -90.554443 0.708296 0.447695 -1
0 -0.003472 -3.699982 -45.253475 0.520331 0.447735 -1
0 -0.003471 -5.712187 -43.454762 0.667719 0.215389 -1
0 -0.003472 -3.699982 -45.253475 0.667719 0.230416 -1
0 -0.003482 -5.666741 -29.897949 0.667719 0.200362 -1
0 -0.003473 -4.723719 -25.113182 0.667719 0.185336 -1
0 -0.003481 -4.880231 -2.616511 0.667719 0.170309 -1
0 -0.003483 -3.515229 -1.116511 0.667719 0.155282 -1
0 -0.003483 -3.515229 -1.116511 0.541942 0.534789 -1
0 -0.003502 -3.470591 79.470566 0.107042 0.534249 -1
0 0.008273 -4.435429 90.652039 0.046700 0.545924 -1
0 0.008273 -4.435429 90.652039 0.670542 0.679377 -1
0 -3.348301 -2.797265 -90.554443 0.018561 0.372164 -1
0 -3.748727 -3.428772 95.836914 0.669477 0.670827 -1
0 -3.348301 -2.797265 -90.554443 0.708296 0.442193 -1
0 -3.253466 -2.599770 -67.348816 0.612010 0.440981 -1
0 -3.302289 -2.816067 -45.253460 0.520331 0.442309 -1
0 -3.302289 -2.816067 -45.253460 0.671291 0.230416 -1
0 -4.329246 -4.553110 -43.454716 0.671291 0.215389 -1
0 -4.329234 -4.507650 -29.897938 0.671291 0.200362 -1
0 -3.857730 -3.690975 -25.113194 0.671291 0.185336 -1
0 -3.935991 -3.826525 -2.616521 0.671291 0.170309 -1
0 -3.253488 -2.644403 -1.116484 0.671291 0.155282 -1
0 -3.253505 -2.599755 79.470566 0.107042 0.523711 -1
0 -3.253488 -2.644403 -1.116484 0.541942 0.524251 -1
0 -3.748721 -3.428766 90.651993 0.046700 0.533743 -1
0 -3.748721 -3.428766 90.651993 0.670542 0.670827 -1
0 -5.796819 -0.348712 -90.554413 0.018561 0.372164 -1
0 -6.499055 -0.678433 95.836884 0.669477 0.647467 -1
0 -5.632644 -0.220587 -67.348793 0.612010 0.426376 -1
0 -5.796819 -0.348712 -90.554413 0.708296 0.427162 -1
0 -5.717202 -0.401168 -45.253513 0.520331 0.427484 -1
0 -7.495902 -1.386429 -43.454723 0.674862 0.215389 -1
0 -5.717202 -0.401168 -45.253513 0.674862 0.230416 -1
0 -7.495910 -1.340981 -29.897947 0.674862 0.200362 -1
0 -6.679243 -0.869473 -25.113192 0.674862 0.185336 -1
0 -6.814787 -0.947728 -2.616511 0.674862 0.170309 -1
0 -5.632653 -0.265223 -1.116515 0.674862 0.155282 -1
0 -5.632653 -0.265223 -1.116515 0.541942 0.495462 -1
0 -5.632714 -0.220581 79.470551 0.107043 0.494922 -1
0 -6.499022 -0.678419 90.652008 0.046700 0.500462 -1
0 -6.499022 -0.678419 90.652008 0.670542 0.647467 -1
0 -6.601107 2.897649 -45.253483 0.678433 0.230416 -1
0 -8.655005 2.939317 -43.454750 0.678433 0.215389 -1
0 -8.655008 2.984771 -29.897923 0.678433 0.200362 -1
0 -7.711977 2.984772 -25.113174 0.678433 0.185336 -1
0 -7.868505 2.984774 -2.616523 0.678433 0.170309 -1
0 -6.503495 2.984784 -1.116499 0.678433 0.155282 -1
0 -8.289215 2.997044 -85.813400 0.714175 0.724697 -1
0 -7.179105 7.139911 -85.813492 0.714175 0.724697 -1
0 -0.003479 2.995593 -88.234268 0.714175 0.724697 -1
0 -8.289181 2.997042 -76.682022 0.018561 0.372164 -1
0 -0.003490 2.997042 -70.682037 0.018561 0.372164 -1
0 -7.179139 7.139911 -76.682068 0.018561 0.372164 -1
0 -8.289215 2.997044 -85.813400 0.018561 0.541287 -1
0 -7.179105 7.139911 -85.813492 0.098742 0.541287 -1
0 -7.179139 7.139911 -76.682068 0.098742 0.372164 -1
0 -4.146338 10.172691 -85.813400 0.714175 0.724697 -1
0 -4.146340 10.172682 -76.682083 0.018561 0.372164 -1
0 -4.146340 10.172682 -76.682083 0.178923 0.372164 -1
0 -4.146338 10.172691 -85.813400 0.178923 0.541287 -1
0 -0.003457 11.282763 -85.813339 0.714175 0.724697 -1
0 -0.003470 11.282766 -76.682129 0.018561 0.372164 -1
0 -0.003457 11.282763 -85.813339 0.259104 0.541287 -1
0 -0.003470 11.282766 -76.682129 0.259104 0.372164 -1
0 4.139411 10.172691 -85.813446 0.714175 0.724697 -1
0 4.139395 10.172682 -76.682083 0.018561 0.372164 -1
0 4.139395 10.172682 -76.682083 0.339284 0.372164 -1
0 4.139411 10.172691 -85.813446 0.339284 0.541287 -1
0 7.172218 7.139911 -85.813400 0.714175 0.724697 -1
0 7.172163 7.139911 -76.682068 0.018561 0.372164 -1
0 7.172218 7.139911 -85.813400 0.419465 0.541287 -1
0 7.172163 7.139911 -76.682068 0.419465 0.372164 -1
0 8.282251 2.997044 -85.813446 0.714175 0.724697 -1
0 8.282267 2.997042 -76.682007 0.018561 0.372164 -1
0 8.282267 2.997042 -76.682007 0.499646 0.372164 -1
0 8.282251 2.997044 -85.813446 0.499646 0.541287 -1
0 7.172218 -1.145826 -85.813400 0.714175 0.724697 -1
0 7.172163 -1.145826 -76.682068 0.018561 0.372164 -1
0 7.172218 -1.145826 -85.813400 0.579827 0.541287 -1
0 7.172163 -1.145826 -76.682068 0.579827 0.372164 -1
0 4.139424 -4.178597 -85.813477 0.714175 0.724697 -1
0 4.139395 -4.178601 -76.682083 0.018561 0.372164 -1
0 4.139395 -4.178601 -76.682083 0.660008 0.372164 -1
0 4.139424 -4.178597 -85.813477 0.660008 0.541287 -1
0 -0.003453 -5.288668 -85.813370 0.714175 0.724697 -1
0 -0.003470 -5.288667 -76.682129 0.018561 0.372164 -1
0 -0.003453 -5.288668 -85.813370 0.740188 0.541287 -1
0 -0.003470 -5.288667 -76.682129 0.740188 0.372164 -1
0 -4.146335 -4.178597 -85.813400 0.714175 0.724697 -1
0 -4.146340 -4.178601 -76.682083 0.018561 0.372164 -1
0 -4.146340 -4.178601 -76.682083 0.820369 0.372164 -1
0 -4.146335 -4.178597 -85.813400 0.820369 0.541287 -1
0 -7.179105 -1.145826 -85.813492 0.714175 0.724697 -1
0 -7.179139 -1.145826 -76.682068 0.018561 0.372164 -1
0 -7.179105 -1.145826 -85.813492 0.900549 0.541287 -1
0 -7.179139 -1.145826 -76.682068 0.900549 0.372164 -1
0 -8.289181 2.997042 -76.682022 0.980731 0.372164 -1
0 -8.289215 2.997044 -85.813400 0.980731 0.541287 -1
0 6.317180 14.173544 -0.873431 0.018561 0.372164 -1
0 6.317180 3.494299 -0.873431 0.018561 0.541287 -1
0 0.675875 14.173544 -0.873444 0.980731 0.372164 -1
0 0.675875 3.494299 -0.873444 0.980731 0.541287 -1
0 0.675875 14.173544 -0.873444 0.018561 0.372164 -1
0 0.675875 3.494299 -0.873444 0.018561 0.541287 -1
0 0.675875 14.173544 7.152978 0.980731 0.372164 -1
0 0.675875 3.494299 7.152978 0.980731 0.541287 -1
0 0.675875 14.173544 7.152978 0.018561 0.372164 -1
0 0.675875 3.494299 7.152978 0.018561 0.541287 -1
0 6.317178 14.173544 7.152970 0.980731 0.372164 -1
0 6.317178 3.494299 7.152970 0.980731 0.541287 -1
0 6.317178 14.173544 7.152970 0.018561 0.372164 -1
0 6.317178 3.494299 7.152970 0.018561 0.541287 -1
0 6.317180 14.173544 -0.873431 0.980731 0.372164 -1
0 6.317180 3.494299 -0.873431 0.980731 0.541287 -1
0 6.317180 14.173544 -0.873431 0.018561 0.541287 -1
0 0.675875 14.173544 -0.873444 0.980731 0.541287 -1
0 6.317180 3.494299 -0.873431 0.018561 0.372164 -1
0 0.675875 3.494299 -0.873444 0.980731 0.372164 -1
0 3.844003 12.618002 0.221981 0.018561 0.372164 -1
0 3.844003 7.907396 0.221981 0.018561 0.541287 -1
0 -2.850955 12.618002 0.221983 0.980731 0.372164 -1
0 -2.850955 7.907396 0.221983 0.980731 0.541287 -1
0 -2.850955 12.618002 0.221983 0.018561 0.372164 -1
0 -2.850955 7.907396 0.221983 0.018561 0.541287 -1
0 -2.850959 12.618002 6.087148 0.980731 0.372164 -1
0 -2.850959 7.907396 6.087148 0.980731 0.541287 -1
0 -2.850959 12.618002 6.087148 0.018561 0.372164 -1
0 -2.850959 7.907396 6.087148 0.018561 0.541287 -1
0 3.844004 12.618002 6.087167 0.980731 0.372164 -1
0 3.844004 7.907396 6.087167 0.980731 0.541287 -1
0 3.844004 12.618002 6.087167 0.018561 0.372164 -1
0 3.844004 7.907396 6.087167 0.018561 0.541287 -1
0 3.844003 12.618002 0.221981 0.980731 0.372164 -1
0 3.844003 7.907396 0.221981 0.980731 0.541287 -1
0 3.844003 12.618002 0.221981 0.018561 0.541287 -1
0 -2.850955 12.618002 0.221983 0.980731 0.541287 -1
0 3.844003 7.907396 0.221981 0.018561 0.372164 -1
0 -2.850955 7.907396 0.221983 0.980731 0.372164 -1
0 1.532240 13.679281 -0.139296 0.018561 0.372164 -1
0 2.163837 16.036419 -0.139296 0.018561 0.372164 -1
0 6.246529 13.679281 -0.139292 0.018561 0.372164 -1
0 1.532238 13.679274 6.671731 0.018561 0.372164 -1
0 6.246529 13.679274 6.671739 0.018561 0.372164 -1
0 2.163832 16.036423 6.671731 0.018561 0.372164 -1
0 1.532240 13.679281 -0.139296 0.018561 0.541287 -1
0 2.163837 16.036419 -0.139296 0.098742 0.541287 -1
0 2.163832 16.036423 6.671731 0.098742 0.372164 -1
0 3.889383 17.761974 -0.139288 0.018561 0.372164 -1
0 3.889386 17.761971 6.671727 0.018561 0.372164 -1
0 3.889386 17.761971 6.671727 0.178923 0.372164 -1
0 3.889383 17.761974 -0.139288 0.178923 0.541287 -1
0 6.246531 18.393566 -0.139296 0.018561 0.372164 -1
0 6.246529 18.393570 6.671739 0.018561 0.372164 -1
0 6.246531 18.393566 -0.139296 0.259104 0.541287 -1
0 6.246529 18.393570 6.671739 0.259104 0.372164 -1
0 8.603670 17.761974 -0.139292 0.018561 0.372164 -1
0 8.603674 17.761971 6.671735 0.018561 0.372164 -1
0 8.603674 17.761971 6.671735 0.339284 0.372164 -1
0 8.603670 17.761974 -0.139292 0.339284 0.541287 -1
0 10.329218 16.036419 -0.139296 0.018561 0.372164 -1
0 10.329206 16.036423 6.671731 0.018561 0.372164 -1
0 10.329218 16.036419 -0.139296 0.419465 0.541287 -1
0 10.329206 16.036423 6.671731 0.419465 0.372164 -1
0 10.960821 13.679281 -0.139281 0.018561 0.372164 -1
0 10.960815 13.679274 6.671735 0.018561 0.372164 -1
0 10.960815 13.679274 6.671735 0.499646 0.372164 -1
0 10.960821 13.679281 -0.139281 0.499646 0.541287 -1
0 10.329218 11.322123 -0.139296 0.018561 0.372164 -1
0 10.329206 11.322123 6.671731 0.018561 0.372164 -1
0 10.329218 11.322123 -0.139296 0.579827 0.541287 -1
0 10.329206 11.322123 6.671731 0.579827 0.372164 -1
0 8.603672 9.596569 -0.139288 0.018561 0.372164 -1
0 8.603674 9.596567 6.671735 0.018561 0.372164 -1
0 8.603674 9.596567 6.671735 0.660008 0.372164 -1
0 8.603672 9.596569 -0.139288 0.660008 0.541287 -1
0 6.246529 8.964972 -0.139292 0.018561 0.372164 -1
0 6.246529 8.964972 6.671739 0.018561 0.372164 -1
0 6.246529 8.964972 -0.139292 0.740188 0.541287 -1
0 6.246529 8.964972 6.671739 0.740188 0.372164 -1
0 3.889383 9.596569 -0.139288 0.018561 0.372164 -1
0 3.889386 9.596567 6.671727 0.018561 0.372164 -1
0 3.889386 9.596567 6.671727 0.820369 0.372164 -1
0 3.889383 9.596569 -0.139288 0.820369 0.541287 -1
0 2.163837 11.322123 -0.139296 0.018561 0.372164 -1
0 2.163832 11.322123 6.671731 0.018561 0.372164 -1
0 2.163837 11.322123 -0.139296 0.900549 0.541287 -1
0 2.163832 11.322123 6.671731 0.900549 0.372164 -1
0 1.532238 13.679274 6.671731 0.980731 0.372164 -1
0 1.532240 13.679281 -0.139296 0.980731 0.541287 -1
0 2.746527 13.703077 -9.231649 0.018561 0.372164 -1
0 3.215431 15.465157 -9.231640 0.018561 0.372164 -1
0 6.246534 13.703077 -9.231642 0.018561 0.372164 -1
0 2.746521 13.703081 12.883150 0.018561 0.372164 -1
0 6.246522 13.703081 12.883135 0.018561 0.372164 -1
0 3.215441 15.465149 12.883123 0.018561 0.372164 -1
0 2.746527 13.703077 -9.231649 0.018561 0.541287 -1
0 3.215431 15.465157 -9.231640 0.098742 0.541287 -1
0 3.215441 15.465149 12.883123 0.098742 0.372164 -1
0 4.496535 16.755074 -9.231638 0.018561 0.372164 -1
0 4.496527 16.755074 12.883146 0.018561 0.372164 -1
0 4.496527 16.755074 12.883146 0.178923 0.372164 -1
0 4.496535 16.755074 -9.231638 0.178923 0.541287 -1
0 6.246528 17.227222 -9.231642 0.018561 0.372164 -1
0 6.246528 17.227222 12.883112 0.018561 0.372164 -1
0 6.246528 17.227222 -9.231642 0.259104 0.541287 -1
0 6.246528 17.227222 12.883112 0.259104 0.372164 -1
0 7.996536 16.755074 -9.231638 0.018561 0.372164 -1
0 7.996522 16.755074 12.883112 0.018561 0.372164 -1
0 7.996522 16.755074 12.883112 0.339284 0.372164 -1
0 7.996536 16.755074 -9.231638 0.339284 0.541287 -1
0 9.277618 15.465157 -9.231640 0.018561 0.372164 -1
0 9.277622 15.465149 12.883123 0.018561 0.372164 -1
0 9.277618 15.465157 -9.231640 0.419465 0.541287 -1
0 9.277622 15.465149 12.883123 0.419465 0.372164 -1
0 9.746529 13.703077 -9.231649 0.018561 0.372164 -1
0 9.746525 13.703081 12.883146 0.018561 0.372164 -1
0 9.746525 13.703081 12.883146 0.499646 0.372164 -1
0 9.746529 13.703077 -9.231649 0.499646 0.541287 -1
0 9.277617 11.941008 -9.231646 0.018561 0.372164 -1
0 9.277620 11.941008 12.883131 0.018561 0.372164 -1
0 9.277617 11.941008 -9.231646 0.579827 0.541287 -1
0 9.277620 11.941008 12.883131 0.579827 0.372164 -1
0 7.996536 10.651081 -9.231638 0.018561 0.372164 -1
0 7.996526 10.651079 12.883112 0.018561 0.372164 -1
0 7.996526 10.651079 12.883112 0.660008 0.372164 -1
0 7.996536 10.651081 -9.231638 0.660008 0.541287 -1
0 6.246531 10.178938 -9.231636 0.018561 0.372164 -1
0 6.246531 10.178932 12.883127 0.018561 0.372164 -1
0 6.246531 10.178938 -9.231636 0.740188 0.541287 -1
0 6.246531 10.178932 12.883127 0.740188 0.372164 -1
0 4.496535 10.651081 -9.231638 0.018561 0.372164 -1
0 4.496520 10.651079 12.883146 0.018561 0.372164 -1
0 4.496520 10.651079 12.883146 0.820369 0.372164 -1
0 4.496535 10.651081 -9.231638 0.820369 0.541287 -1
0 3.215432 11.941008 -9.231644 0.018561 0.372164 -1
0 3.215438 11.941008 12.883131 0.018561 0.372164 -1
0 3.215432 11.941008 -9.231644 0.900549 0.541287 -1
0 3.215438 11.941008 12.883131 0.900549 0.372164 -1
0 2.746521 13.703081 12.883150 0.980731 0.372164 -1
0 2.746527 13.703077 -9.231649 0.980731 0.541287 -1
0 1.698977 -2.304822 23.853886 0.486001 0.521390 -1
0 1.698977 -18.289043 23.853886 0.486001 0.657772 -1
0 -1.705939 -2.304822 23.853901 0.501964 0.521390 -1
0 -1.705939 -18.289043 23.853901 0.501964 0.657772 -1
0 -1.705939 -2.304822 23.853901 0.486001 0.521390 -1
0 -1.705939 -18.289043 23.853901 0.486001 0.657772 -1
0 -1.705949 -2.304822 27.075432 0.501964 0.521390 -1
0 -1.705949 -18.289043 27.075432 0.501964 0.657772 -1
0 -1.705949 -2.304822 27.075432 0.486001 0.521390 -1
0 -1.705949 -18.289043 27.075432 0.486001 0.657772 -1
0 1.698973 -2.304822 27.075451 0.501964 0.521390 -1
0 1.698973 -18.289043 27.075451 0.501964 0.657772 -1
0 1.698973 -2.304822 27.075451 0.486001 0.521390 -1
0 1.698973 -18.289043 27.075451 0.486001 0.657772 -1
0 1.698977 -2.304822 23.853886 0.501964 0.521390 -1
0 1.698977 -18.289043 23.853886 0.501964 0.657772 -1
0 1.698977 -2.304822 23.853886 0.486001 0.657772 -1
0 -1.705939 -2.304822 23.853901 0.501964 0.657772 -1
0 1.698977 -18.289043 23.853886 0.486001 0.521390 -1
0 -1.705939 -18.289043 23.853901 0.501964 0.521390 -1
0 2.957694 -0.084167 19.824780 0.018561 0.372164 -1
0 2.263379 -7.376370 22.074768 0.018561 0.541287 -1
0 -3.118524 -0.084167 19.824749 0.980731 0.372164 -1
0 -2.270353 -7.376370 22.074745 0.980731 0.541287 -1
0 -3.118524 -0.084167 19.824749 0.018561 0.372164 -1
0 -2.270353 -7.376370 22.074745 0.018561 0.541287 -1
0 -3.118511 -0.084167 27.160095 0.980731 0.372164 -1
0 -2.319819 -7.376370 27.160088 0.980731 0.541287 -1
0 -3.118511 -0.084167 27.160095 0.018561 0.372164 -1
0 -2.319819 -7.376370 27.160088 0.018561 0.541287 -1
0 2.957695 -0.084167 27.160130 0.980731 0.372164 -1
0 2.312839 -7.376370 27.160099 0.980731 0.541287 -1
0 2.957695 -0.084167 27.160130 0.018561 0.372164 -1
0 2.312839 -7.376370 27.160099 0.018561 0.541287 -1
0 2.957694 -0.084167 19.824780 0.980731 0.372164 -1
0 2.263379 -7.376370 22.074768 0.980731 0.541287 -1
0 2.957694 -0.084167 19.824780 0.018561 0.541287 -1
0 -3.118524 -0.084167 19.824749 0.980731 0.541287 -1
0 2.263379 -7.376370 22.074768 0.018561 0.372164 -1
0 -2.270353 -7.376370 22.074745 0.980731 0.372164 -1
0 2.413830 -2.622266 -0.640692 0.018561 0.372164 -1
0 2.413830 -8.451096 -0.640692 0.018561 0.541287 -1
0 -2.420798 -2.622266 -0.640686 0.980731 0.372164 -1
0 -2.420798 -8.451096 -0.640686 0.980731 0.541287 -1
0 -2.420798 -2.622266 -0.640686 0.018561 0.372164 -1
0 -2.420798 -8.451096 -0.640686 0.018561 0.541287 -1
0 -2.420799 -2.511155 10.137106 0.980731 0.372164 -1
0 -2.420803 -8.451096 8.359346 0.980731 0.541287 -1
0 -2.420799 -2.511155 10.137106 0.018561 0.372164 -1
0 -2.420803 -8.451096 8.359346 0.018561 0.541287 -1
0 2.413834 -2.511155 10.137098 0.980731 0.372164 -1
0 2.413842 -8.451096 8.359327 0.980731 0.541287 -1
0 2.413834 -2.511155 10.137098 0.018561 0.372164 -1
0 2.413842 -8.451096 8.359327 0.018561 0.541287 -1
0 2.413830 -2.622266 -0.640692 0.980731 0.372164 -1
0 2.413830 -8.451096 -0.640692 0.980731 0.541287 -1
0 2.413830 -2.622266 -0.640692 0.018561 0.541287 -1
0 -2.420798 -2.622266 -0.640686 0.980731 0.541287 -1
0 2.413830 -8.451096 -0.640692 0.018561 0.372164 -1
0 -2.420798 -8.451096 -0.640686 0.980731 0.372164 -1
0 1.186304 -7.534560 0.688386 0.638734 0.519941 -1
0 1.186301 -20.012369 -0.089411 0.697916 0.742708 -1
0 -1.193264 -7.534560 0.688377 0.656611 0.514268 -1
0 -1.193262 -20.012369 -0.089415 0.715793 0.737035 -1
0 -1.193264 -7.534560 0.688377 0.638734 0.519941 -1
0 -1.193262 -20.012369 -0.089415 0.697916 0.742708 -1
0 -1.193258 -7.905190 4.077275 0.656611 0.514268 -1
0 -1.193258 -21.865505 4.077275 0.715793 0.737035 -1
0 -1.193258 -7.905190 4.077275 0.638734 0.519941 -1
0 -1.193258 -21.865505 4.077275 0.697916 0.742708 -1
0 1.186302 -7.905190 4.077262 0.656611 0.514268 -1
0 1.186302 -21.865505 4.077262 0.715793 0.737035 -1
0 1.186302 -7.905190 4.077262 0.638734 0.519941 -1
0 1.186302 -21.865505 4.077262 0.697916 0.742708 -1
0 1.186304 -7.534560 0.688386 0.656611 0.514268 -1
0 1.186301 -20.012369 -0.089411 0.715793 0.737035 -1
0 1.186304 -7.534560 0.688386 0.697916 0.742708 -1
0 -1.193264 -7.534560 0.688377 0.715793 0.737035 -1
0 1.186301 -20.012369 -0.089411 0.638734 0.519941 -1
0 -1.193262 -20.012369 -0.089415 0.656611 0.514268 -1
0 1.241755 -3.733525 9.737272 0.671943 0.585572 -1
0 1.241747 -8.096788 13.239851 0.671943 0.633819 -1
0 -1.248709 -3.733525 9.737249 0.677051 0.585572 -1
0 -1.248720 -8.096788 13.239862 0.677051 0.633819 -1
0 -1.248709 -3.733525 9.737249 0.671943 0.585572 -1
0 -1.248720 -8.096788 13.239862 0.671943 0.633819 -1
0 -1.248720 -2.514173 10.139883 0.677051 0.585572 -1
0 -1.248710 -7.672706 13.985350 0.677051 0.633819 -1
0 -1.248720 -2.514173 10.139883 0.671943 0.585572 -1
0 -1.248710 -7.672706 13.985350 0.671943 0.633819 -1
0 1.241750 -2.514173 10.139883 0.677051 0.585572 -1
0 1.241755 -7.672706 13.985365 0.677051 0.633819 -1
0 1.241750 -2.514173 10.139883 0.671943 0.585572 -1
0 1.241755 -7.672706 13.985365 0.671943 0.633819 -1
0 1.241755 -3.733525 9.737272 0.677051 0.585572 -1
0 1.241747 -8.096788 13.239851 0.677051 0.633819 -1
0 1.241750 -2.514173 10.139883 0.018561 0.372164 -1
0 1.241755 -3.733525 9.737272 0.018561 0.541287 -1
0 -1.248720 -2.514173 10.139883 0.980731 0.372164 -1
0 -1.248709 -3.733525 9.737249 0.980731 0.541287 -1
0 1.241747 -8.096788 13.239851 0.671943 0.585572 -1
0 -1.248720 -8.096788 13.239862 0.677051 0.585572 -1
0 1.241751 -7.546339 13.156630 0.671943 0.585572 -1
0 1.241754 -11.025372 12.375357 0.671943 0.633819 -1
0 -1.248721 -7.546339 13.156630 0.677051 0.585572 -1
0 -1.248719 -11.025372 12.375326 0.677051 0.633819 -1
0 -1.248721 -7.546339 13.156630 0.671943 0.585572 -1
0 -1.248719 -11.025372 12.375326 0.671943 0.633819 -1
0 -1.248720 -7.671171 13.983770 0.677051 0.585572 -1
0 -1.248713 -11.373354 13.136045 0.677051 0.633819 -1
0 -1.248720 -7.671171 13.983770 0.671943 0.585572 -1
0 -1.248713 -11.373354 13.136045 0.671943 0.633819 -1
0 1.241751 -7.671171 13.983786 0.677051 0.585572 -1
0 1.241760 -11.373354 13.136065 0.677051 0.633819 -1
0 1.241751 -7.671171 13.983786 0.671943 0.585572 -1
0 1.241760 -11.373354 13.136065 0.671943 0.633819 -1
0 1.241751 -7.546339 13.156630 0.677051 0.585572 -1
0 1.241754 -11.025372 12.375357 0.677051 0.633819 -1
0 1.241751 -7.546339 13.156630 0.671943 0.633819 -1
0 -1.248721 -7.546339 13.156630 0.677051 0.633819 -1
0 1.241754 -11.025372 12.375357 0.671943 0.585572 -1
0 -1.248719 -11.025372 12.375326 0.677051 0.585572 -1
0 1.241750 -10.533129 13.140272 0.671943 0.585572 -1
0 1.241756 -12.568007 9.926695 0.671943 0.633819 -1
0 -1.248710 -10.533129 13.140268 0.677051 0.585572 -1
0 -1.248715 -12.568007 9.926695 0.677051 0.633819 -1
0 -1.248710 -10.533129 13.140268 0.671943 0.585572 -1
0 -1.248715 -12.568007 9.926695 0.671943 0.633819 -1
0 -1.248708 -11.372892 13.136503 0.677051 0.585572 -1
0 -1.248715 -13.523479 9.932775 0.677051 0.633819 -1
0 -1.248708 -11.372892 13.136503 0.671943 0.585572 -1
0 -1.248715 -13.523479 9.932775 0.671943 0.633819 -1
0 1.241743 -11.372892 13.136477 0.677051 0.585572 -1
0 1.241752 -13.523479 9.932791 0.677051 0.633819 -1
0 1.241743 -11.372892 13.136477 0.671943 0.585572 -1
0 1.241752 -13.523479 9.932791 0.671943 0.633819 -1
0 1.241750 -10.533129 13.140272 0.677051 0.585572 -1
0 1.241756 -12.568007 9.926695 0.677051 0.633819 -1
0 1.241750 -10.533129 13.140272 0.671943 0.633819 -1
0 -1.248710 -10.533129 13.140268 0.677051 0.633819 -1
0 1.241756 -12.568007 9.926695 0.671943 0.585572 -1
0 -1.248715 -12.568007 9.926695 0.677051 0.585572 -1
0 1.022836 -5.131634 8.142725 0.641531 0.606013 -1
0 1.022833 -8.374521 9.346987 0.641531 0.662406 -1
0 -1.029805 -5.131634 8.142698 0.644468 0.606013 -1
0 -1.029800 -8.374521 9.347021 0.644468 0.662406 -1
0 -1.029805 -5.131634 8.142698 0.641531 0.606013 -1
0 -1.029800 -8.374521 9.347021 0.641531 0.662406 -1
0 -1.029802 -5.928282 9.444403 0.644468 0.606013 -1
0 -1.029806 -8.294182 9.760298 0.644468 0.662406 -1
0 -1.029802 -5.928282 9.444403 0.641531 0.606013 -1
0 -1.029806 -8.294182 9.760298 0.641531 0.662406 -1
0 1.022831 -5.928282 9.444399 0.644468 0.606013 -1
0 1.022838 -8.294182 9.760336 0.644468 0.662406 -1
0 1.022831 -5.928282 9.444399 0.641531 0.606013 -1
0 1.022838 -8.294182 9.760336 0.641531 0.662406 -1
0 1.022836 -5.131634 8.142725 0.644468 0.606013 -1
0 1.022833 -8.374521 9.346987 0.644468 0.662406 -1
0 1.022836 -5.131634 8.142725 0.641531 0.662406 -1
0 -1.029805 -5.131634 8.142698 0.644468 0.662406 -1
0 1.022833 -8.374521 9.346987 0.641531 0.606013 -1
0 -1.029800 -8.374521 9.347021 0.644468 0.606013 -1
0 1.022834 -8.357716 9.358618 0.641531 0.606013 -1
0 1.022826 -10.088030 10.547342 0.641531 0.662406 -1
0 -1.029800 -8.357716 9.358587 0.644468 0.606013 -1
0 -1.029800 -10.088030 10.547308 0.644468 0.662406 -1
0 -1.029800 -8.357716 9.358587 0.641531 0.606013 -1
0 -1.029800 -10.088030 10.547308 0.641531 0.662406 -1
0 -1.029792 -8.134595 9.715700 0.644468 0.606013 -1
0 -1.029801 -9.885727 10.702429 0.644468 0.662406 -1
0 -1.029792 -8.134595 9.715700 0.641531 0.606013 -1
0 -1.029801 -9.885727 10.702429 0.641531 0.662406 -1
0 1.022825 -8.134595 9.715689 0.644468 0.606013 -1
0 1.022840 -9.885727 10.702414 0.644468 0.662406 -1
0 1.022825 -8.134595 9.715689 0.641531 0.606013 -1
0 1.022840 -9.885727 10.702414 0.641531 0.662406 -1
0 1.022834 -8.357716 9.358618 0.644468 0.606013 -1
0 1.022826 -10.088030 10.547342 0.644468 0.662406 -1
0 1.022834 -8.357716 9.358618 0.641531 0.662406 -1
0 -1.029800 -8.357716 9.358587 0.644468 0.662406 -1
0 1.022826 -10.088030 10.547342 0.641531 0.606013 -1
0 -1.029800 -10.088030 10.547308 0.644468 0.606013 -1
0 1.241755 -24.252182 9.099058 0.671943 0.585572 -1
0 1.241747 -12.768620 10.793509 0.671943 0.633819 -1
0 -1.248715 -24.252182 9.099073 0.677051 0.585572 -1
0 -1.248712 -12.768620 10.793493 0.677051 0.633819 -1
0 -1.248715 -24.252182 9.099073 0.671943 0.585572 -1
0 -1.248712 -12.768620 10.793493 0.671943 0.633819 -1
0 -1.248712 -24.068172 8.446692 0.677051 0.585572 -1
0 -1.248718 -12.570353 9.959078 0.677051 0.633819 -1
0 -1.248712 -24.068172 8.446692 0.671943 0.585572 -1
0 -1.248718 -12.570353 9.959078 0.671943 0.633819 -1
0 1.241744 -24.068172 8.446661 0.677051 0.585572 -1
0 1.241750 -12.570353 9.959055 0.677051 0.633819 -1
0 1.241744 -24.068172 8.446661 0.671943 0.585572 -1
0 1.241750 -12.570353 9.959055 0.671943 0.633819 -1
0 1.241755 -24.252182 9.099058 0.677051 0.585572 -1
0 1.241747 -12.768620 10.793509 0.677051 0.633819 -1
0 1.241755 -24.252182 9.099058 0.671943 0.633819 -1
0 -1.248715 -24.252182 9.099073 0.677051 0.633819 -1
0 1.241747 -12.768620 10.793509 0.671943 0.585572 -1
0 -1.248712 -12.768620 10.793493 0.677051 0.585572 -1
0 1.241764 -23.529861 8.660673 0.671943 0.585572 -1
0 1.241749 -23.322266 4.951970 0.671943 0.633819 -1
0 -1.248716 -23.529861 8.660669 0.677051 0.585572 -1
0 -1.248717 -23.322266 4.951962 0.677051 0.633819 -1
0 -1.248716 -23.529861 8.660669 0.671943 0.585572 -1
0 -1.248717 -23.322266 4.951962 0.671943 0.633819 -1
0 -1.248713 -24.252796 9.098577 0.677051 0.585572 -1
0 -1.248718 -23.871517 4.830037 0.677051 0.633819 -1
0 -1.248713 -24.252796 9.098577 0.671943 0.585572 -1
0 -1.248718 -23.871517 4.830037 0.671943 0.633819 -1
0 1.241754 -24.252796 9.098562 0.677051 0.585572 -1
0 1.241751 -23.871517 4.830037 0.677051 0.633819 -1
0 1.241754 -24.252796 9.098562 0.671943 0.585572 -1
0 1.241751 -23.871517 4.830037 0.671943 0.633819 -1
0 1.241764 -23.529861 8.660673 0.677051 0.585572 -1
0 1.241749 -23.322266 4.951970 0.677051 0.633819 -1
0 1.241764 -23.529861 8.660673 0.671943 0.633819 -1
0 -1.248716 -23.529861 8.660669 0.677051 0.633819 -1
0 1.241749 -23.322266 4.951970 0.671943 0.585572 -1
0 -1.248717 -23.322266 4.951962 0.677051 0.585572 -1
0 1.241752 -23.523186 5.260537 0.671943 0.585572 -1
0 1.241751 -21.616302 3.891145 0.671943 0.633819 -1
0 -1.248716 -23.523186 5.260522 0.677051 0.585572 -1
0 -1.248722 -21.616302 3.891126 0.677051 0.633819 -1
0 -1.248716 -23.523186 5.260522 0.671943 0.585572 -1
0 -1.248722 -21.616302 3.891126 0.671943 0.633819 -1
0 -1.248714 -23.871429 4.831483 0.677051 0.585572 -1
0 -1.248705 -21.360588 3.039418 0.677051 0.633819 -1
0 -1.248714 -23.871429 4.831483 0.671943 0.585572 -1
0 -1.248705 -21.360588 3.039418 0.671943 0.633819 -1
0 1.241757 -23.871429 4.831487 0.677051 0.585572 -1
0 1.241757 -21.360588 3.039422 0.677051 0.633819 -1
0 1.241757 -23.871429 4.831487 0.671943 0.585572 -1
0 1.241757 -21.360588 3.039422 0.671943 0.633819 -1
0 1.241752 -23.523186 5.260537 0.677051 0.585572 -1
0 1.241751 -21.616302 3.891145 0.677051 0.633819 -1
0 1.241752 -23.523186 5.260537 0.671943 0.633819 -1
0 -1.248716 -23.523186 5.260522 0.677051 0.633819 -1
0 1.241751 -21.616302 3.891145 0.018561 0.372164 -1
0 1.241757 -21.360588 3.039422 0.018561 0.541287 -1
0 -1.248722 -21.616302 3.891126 0.980731 0.372164 -1
0 -1.248705 -21.360588 3.039418 0.980731 0.541287 -1
0 6.247828 18.535343 -12.596519 0.018561 0.372164 -1
0 8.665237 17.887600 -12.596514 0.018561 0.372164 -1
0 6.247828 13.700518 -12.596519 0.018561 0.372164 -1
0 6.247820 17.637119 -7.641957 0.018561 0.372164 -1
0 6.247821 13.700514 -7.641955 0.018561 0.372164 -1
0 8.216124 17.109715 -7.641955 0.018561 0.372164 -1
0 6.247828 18.535343 -12.596519 0.018561 0.541287 -1
0 8.665237 17.887600 -12.596514 0.098742 0.541287 -1
0 8.216124 17.109715 -7.641955 0.098742 0.372164 -1
0 10.434906 16.117931 -12.596519 0.018561 0.372164 -1
0 9.657024 15.668816 -7.641955 0.018561 0.372164 -1
0 9.657024 15.668816 -7.641955 0.178923 0.372164 -1
0 10.434906 16.117931 -12.596519 0.178923 0.541287 -1
0 11.082663 13.700518 -12.596521 0.018561 0.372164 -1
0 10.184435 13.700514 -7.641952 0.018561 0.372164 -1
0 11.082663 13.700518 -12.596521 0.259104 0.541287 -1
0 10.184435 13.700514 -7.641952 0.259104 0.372164 -1
0 10.434914 11.283092 -12.596512 0.018561 0.372164 -1
0 9.657026 11.732210 -7.641955 0.018561 0.372164 -1
0 9.657026 11.732210 -7.641955 0.339284 0.372164 -1
0 10.434914 11.283092 -12.596512 0.339284 0.541287 -1
0 8.665239 9.513418 -12.596514 0.018561 0.372164 -1
0 8.216124 10.291309 -7.641955 0.018561 0.372164 -1
0 8.665239 9.513418 -12.596514 0.419465 0.541287 -1
0 8.216124 10.291309 -7.641955 0.419465 0.372164 -1
0 6.247825 8.865677 -12.596518 0.018561 0.372164 -1
0 6.247816 9.763905 -7.641957 0.018561 0.372164 -1
0 6.247816 9.763905 -7.641957 0.499646 0.372164 -1
0 6.247825 8.865677 -12.596518 0.499646 0.541287 -1
0 3.830400 9.513418 -12.596519 0.018561 0.372164 -1
0 4.279513 10.291309 -7.641957 0.018561 0.372164 -1
0 3.830400 9.513418 -12.596519 0.579827 0.541287 -1
0 4.279513 10.291309 -7.641957 0.579827 0.372164 -1
0 2.060723 11.283092 -12.596523 0.018561 0.372164 -1
0 2.838613 11.732210 -7.641955 0.018561 0.372164 -1
0 2.838613 11.732210 -7.641955 0.660008 0.372164 -1
0 2.060723 11.283092 -12.596523 0.660008 0.541287 -1
0 1.412975 13.700518 -12.596514 0.018561 0.372164 -1
0 2.311208 13.700514 -7.641963 0.018561 0.372164 -1
0 1.412975 13.700518 -12.596514 0.740188 0.541287 -1
0 2.311208 13.700514 -7.641963 0.740188 0.372164 -1
0 2.060721 16.117931 -12.596523 0.018561 0.372164 -1
0 2.838612 15.668816 -7.641955 0.018561 0.372164 -1
0 2.838612 15.668816 -7.641955 0.820369 0.372164 -1
0 2.060721 16.117931 -12.596523 0.820369 0.541287 -1
0 3.830390 17.887600 -12.596516 0.018561 0.372164 -1
0 4.279513 17.109715 -7.641957 0.018561 0.372164 -1
0 3.830390 17.887600 -12.596516 0.900549 0.541287 -1
0 4.279513 17.109715 -7.641957 0.900549 0.372164 -1
0 6.247820 17.637119 -7.641957 0.980731 0.372164 -1
0 6.247828 18.535343 -12.596519 0.980731 0.541287 -1
0 13.497826 19.236565 -14.258930 0.018561 0.372164 -1
0 15.793016 18.701420 -14.258915 0.018561 0.372164 -1
0 13.497835 15.242184 -12.508917 0.018561 0.372164 -1
0 13.497818 18.494480 -10.229568 0.018561 0.372164 -1
0 13.497820 15.242180 -8.479563 0.018561 0.372164 -1
0 15.366596 18.058754 -10.229565 0.018561 0.372164 -1
0 13.497826 19.236565 -14.258930 0.018561 0.541287 -1
0 15.793016 18.701420 -14.258915 0.098742 0.541287 -1
0 15.366596 18.058754 -10.229565 0.098742 0.372164 -1
0 17.473167 17.239376 -14.258913 0.018561 0.372164 -1
0 16.734631 16.868328 -10.229563 0.018561 0.372164 -1
0 16.734631 16.868328 -10.229563 0.178923 0.372164 -1
0 17.473167 17.239376 -14.258913 0.178923 0.541287 -1
0 18.088182 15.242184 -14.258913 0.018561 0.372164 -1
0 17.235374 15.242180 -10.229561 0.018561 0.372164 -1
0 18.088182 15.242184 -14.258913 0.259104 0.541287 -1
0 17.235374 15.242180 -10.229561 0.259104 0.372164 -1
0 17.473169 13.244989 -14.258911 0.018561 0.372164 -1
0 16.734631 13.616037 -10.229563 0.018561 0.372164 -1
0 16.734631 13.616037 -10.229563 0.339284 0.372164 -1
0 17.473169 13.244989 -14.258911 0.339284 0.541287 -1
0 15.793026 11.782934 -14.258911 0.018561 0.372164 -1
0 15.366596 12.425602 -10.229565 0.018561 0.372164 -1
0 15.793026 11.782934 -14.258911 0.419465 0.541287 -1
0 15.366596 12.425602 -10.229565 0.419465 0.372164 -1
0 13.497829 11.247789 -14.258921 0.018561 0.372164 -1
0 13.497824 11.989876 -10.229563 0.018561 0.372164 -1
0 13.497824 11.989876 -10.229563 0.499646 0.372164 -1
0 13.497829 11.247789 -14.258921 0.499646 0.541287 -1
0 11.202660 11.782934 -14.258921 0.018561 0.372164 -1
0 11.629051 12.425602 -10.229563 0.018561 0.372164 -1
0 11.202660 11.782934 -14.258921 0.579827 0.541287 -1
0 11.629051 12.425602 -10.229563 0.579827 0.372164 -1
0 9.522474 13.244989 -14.258915 0.018561 0.372164 -1
0 10.261013 13.616037 -10.229557 0.018561 0.372164 -1
0 10.261013 13.616037 -10.229557 0.660008 0.372164 -1
0 9.522474 13.244989 -14.258915 0.660008 0.541287 -1
0 8.907482 15.242184 -14.258913 0.018561 0.372164 -1
0 9.760273 15.242180 -10.229563 0.018561 0.372164 -1
0 8.907482 15.242184 -14.258913 0.740188 0.541287 -1
0 9.760273 15.242180 -10.229563 0.740188 0.372164 -1
0 9.522467 17.239376 -14.258919 0.018561 0.372164 -1
0 10.261013 16.868328 -10.229557 0.018561 0.372164 -1
0 10.261013 16.868328 -10.229557 0.820369 0.372164 -1
0 9.522467 17.239376 -14.258919 0.820369 0.541287 -1
0 11.202652 18.701420 -14.258913 0.018561 0.372164 -1
0 11.629051 18.058754 -10.229563 0.018561 0.372164 -1
0 11.202652 18.701420 -14.258913 0.900549 0.541287 -1
0 11.629051 18.058754 -10.229563 0.900549 0.372164 -1
0 13.497818 18.494480 -10.229568 0.980731 0.372164 -1
0 13.497826 19.236565 -14.258930 0.980731 0.541287 -1
0 14.742367 16.678394 -10.185799 0.018561 0.372164 -1
0 14.742373 14.259657 -10.248960 0.018561 0.541287 -1
0 8.311804 16.917091 -9.455025 0.980731 0.372164 -1
0 8.905827 13.413504 -9.498953 0.980731 0.541287 -1
0 8.311804 16.917091 -9.455025 0.018561 0.372164 -1
0 8.905827 13.413504 -9.498953 0.018561 0.541287 -1
0 9.237726 16.031666 -7.717814 0.980731 0.372164 -1
0 9.276197 13.413504 -7.707292 0.980731 0.541287 -1
0 9.237726 16.031666 -7.717814 0.018561 0.372164 -1
0 9.276197 13.413504 -7.707292 0.018561 0.541287 -1
0 14.742371 16.200378 -8.115267 0.980731 0.372164 -1
0 14.742361 14.259657 -8.123968 0.980731 0.541287 -1
0 14.742371 16.200378 -8.115267 0.018561 0.372164 -1
0 14.742361 14.259657 -8.123968 0.018561 0.541287 -1
0 14.742367 16.678394 -10.185799 0.980731 0.372164 -1
0 14.742373 14.259657 -10.248960 0.980731 0.541287 -1
0 14.742367 16.678394 -10.185799 0.018561 0.541287 -1
0 8.311804 16.917091 -9.455025 0.980731 0.541287 -1
0 14.742373 14.259657 -10.248960 0.018561 0.372164 -1
0 8.905827 13.413504 -9.498953 0.980731 0.372164 -1
0 10.037291 15.248184 -12.944405 0.018561 0.372164 -1
0 10.497826 13.529436 -12.944408 0.018561 0.372164 -1
0 13.474800 15.248184 -12.944407 0.018561 0.372164 -1
0 10.037296 15.248192 -14.444422 0.202039 0.843425 -1
0 13.474802 15.248192 -14.444410 0.145422 0.843425 -1
0 10.497831 13.529436 -14.444414 0.194454 0.919345 -1
0 10.037291 15.248184 -12.944405 0.202039 0.843425 -1
0 10.497826 13.529436 -12.944408 0.194454 0.919345 -1
0 11.756037 12.271217 -12.944407 0.018561 0.372164 -1
0 11.756048 12.271217 -14.444401 0.173731 0.974923 -1
0 11.756037 12.271217 -12.944407 0.173731 0.974923 -1
0 13.474800 11.810667 -12.944407 0.018561 0.372164 -1
0 13.474804 11.810678 -14.444405 0.145422 0.995266 -1
0 13.474800 11.810667 -12.944407 0.145422 0.995266 -1
0 15.193558 12.271217 -12.944407 0.018561 0.372164 -1
0 15.193546 12.271217 -14.444407 0.117113 0.974923 -1
0 15.193558 12.271217 -12.944407 0.117113 0.974923 -1
0 16.451771 13.529436 -12.944405 0.018561 0.372164 -1
0 16.451759 13.529436 -14.444412 0.096390 0.919345 -1
0 16.451771 13.529436 -12.944405 0.096390 0.919345 -1
0 16.912302 15.248184 -12.944414 0.018561 0.372164 -1
0 16.912317 15.248192 -14.444420 0.088805 0.843425 -1
0 16.912302 15.248184 -12.944414 0.088805 0.843425 -1
0 16.451771 16.966934 -12.944405 0.018561 0.372164 -1
0 16.451763 16.966938 -14.444408 0.096390 0.767506 -1
0 16.451771 16.966934 -12.944405 0.096390 0.767506 -1
0 15.193552 18.225147 -12.944412 0.018561 0.372164 -1
0 15.193552 18.225143 -14.444427 0.117113 0.711929 -1
0 15.193552 18.225147 -12.944412 0.117113 0.711929 -1
0 13.474792 18.685688 -12.944412 0.018561 0.372164 -1
0 13.474802 18.685688 -14.444410 0.145422 0.691586 -1
0 13.474792 18.685688 -12.944412 0.145422 0.691586 -1
0 11.756046 18.225147 -12.944420 0.018561 0.372164 -1
0 11.756042 18.225143 -14.444420 0.173731 0.711929 -1
0 11.756046 18.225147 -12.944420 0.173731 0.711929 -1
0 10.497826 16.966934 -12.944408 0.018561 0.372164 -1
0 10.497831 16.966938 -14.444410 0.194454 0.767506 -1
0 10.497826 16.966934 -12.944408 0.194454 0.767506 -1
0 3.349207 13.705961 13.789137 0.169789 0.843770 -1
0 3.737416 12.257149 13.789145 0.166523 0.886762 -1
0 6.246833 13.705961 13.789137 0.145410 0.843770 -1
0 3.349201 13.705969 12.524714 0.018561 0.372164 -1
0 6.246828 13.705969 12.524717 0.018561 0.372164 -1
0 3.737414 12.257149 12.524710 0.018561 0.372164 -1
0 3.349201 13.705969 12.524714 0.169789 0.843770 -1
0 3.737414 12.257149 12.524710 0.166523 0.886762 -1
0 4.798031 11.196547 13.789160 0.157600 0.918233 -1
0 4.798023 11.196547 12.524740 0.018561 0.372164 -1
0 4.798023 11.196547 12.524740 0.157600 0.918233 -1
0 6.246833 10.808329 13.789137 0.145410 0.929752 -1
0 6.246835 10.808336 12.524721 0.018561 0.372164 -1
0 6.246835 10.808336 12.524721 0.145410 0.929752 -1
0 7.695652 11.196547 13.789164 0.133219 0.918233 -1
0 7.695642 11.196547 12.524725 0.018561 0.372164 -1
0 7.695642 11.196547 12.524725 0.133219 0.918233 -1
0 8.756243 12.257149 13.789141 0.124296 0.886762 -1
0 8.756239 12.257149 12.524702 0.018561 0.372164 -1
0 8.756239 12.257149 12.524702 0.124296 0.886762 -1
0 9.144442 13.705961 13.789141 0.121029 0.843770 -1
0 9.144453 13.705969 12.524717 0.018561 0.372164 -1
0 9.144453 13.705969 12.524717 0.121029 0.843770 -1
0 8.756243 15.154774 13.789141 0.124296 0.800781 -1
0 8.756235 15.154778 12.524702 0.018561 0.372164 -1
0 8.756235 15.154778 12.524702 0.124296 0.800781 -1
0 7.695645 16.215374 13.789148 0.133219 0.769307 -1
0 7.695647 16.215370 12.524717 0.018561 0.372164 -1
0 7.695647 16.215370 12.524717 0.133219 0.769307 -1
0 6.246830 16.603588 13.789122 0.145410 0.757788 -1
0 6.246828 16.603588 12.524717 0.018561 0.372164 -1
0 6.246828 16.603588 12.524717 0.145410 0.757788 -1
0 4.798029 16.215374 13.789160 0.157600 0.769307 -1
0 4.798016 16.215370 12.524725 0.018561 0.372164 -1
0 4.798016 16.215370 12.524725 0.157600 0.769307 -1
0 3.737416 15.154774 13.789145 0.166523 0.800781 -1
0 3.737414 15.154778 12.524717 0.018561 0.372164 -1
0 3.737414 15.154778 12.524717 0.166523 0.800781 -1
776
0.994861 0.000002 -0.101254
0.861567 -0.497427 -0.101338
-0.000005 0.000091 -1.000000
0.997795 0.000006 0.066365
0.000038 0.000414 1.000000
0.864092 -0.498883 0.066792
-0.999967 0.000000 0.008170
-0.999998 0.000001 0.001876
-0.866021 0.499998 0.003007
-0.866001 0.499988 0.007451
-0.999990 0.000001 -0.004419
-0.866025 0.499999 -0.001438
-0.646871 0.173329 -0.742641
-0.882393 0.236440 -0.406792
-0.786030 0.453526 -0.420085
-0.567535 0.327148 -0.755565
-0.961695 0.257687 0.093490
-0.861993 0.497675 0.096370
-0.961956 0.257753 0.090577
-0.862211 0.497799 0.093744
-0.904963 0.242485 0.349634
-0.807830 0.466403 0.360389
-0.725499 0.194399 0.660197
-0.640520 0.369807 0.673036
-1.000000 -0.000001 -0.000000
-0.999001 -0.000009 -0.044687
-0.866026 0.500000 -0.000277
-0.865117 0.499457 -0.045981
-0.996007 -0.000019 -0.089277
-0.862398 0.497878 -0.091580
-1.000000 0.000007 0.000002
-1.000000 0.000002 -0.000006
-0.866023 0.500003 -0.000007
-0.866024 0.500002 -0.000018
0.497425 -0.861560 -0.101401
0.498872 -0.864072 0.067132
-0.499989 0.866004 0.006926
-0.499997 0.866019 0.003836
-0.500000 0.866025 0.000746
-0.326387 0.564796 -0.757943
-0.453346 0.784928 -0.422332
-0.497701 0.862046 0.095759
-0.497797 0.862212 0.093743
-0.466401 0.807830 0.360390
-0.369804 0.640520 0.673037
-0.499455 0.865060 -0.047072
-0.499998 0.866026 -0.000480
-0.497829 0.862215 -0.093550
-0.500001 0.866025 -0.000002
-0.500005 0.866023 0.000005
0.000001 -0.994843 -0.101424
-0.000000 -0.997733 0.067294
-0.000000 0.999991 0.004140
-0.000000 0.999977 0.006734
-0.000000 0.999999 0.001545
-0.000000 0.906063 -0.423142
-0.000005 0.651323 -0.758801
-0.000000 0.995426 0.095536
-0.000000 0.995596 0.093743
-0.000000 0.932802 0.360390
-0.000000 0.739607 0.673039
0.000000 1.000000 -0.000554
-0.000002 0.998864 -0.047662
-0.000007 0.995511 -0.094650
-0.000001 1.000000 0.000000
0.000000 1.000000 -0.000004
-0.497426 -0.861560 -0.101401
-0.498874 -0.864062 0.067235
0.499990 0.866004 0.006927
0.499997 0.866019 0.003837
0.500000 0.866025 0.000746
0.326390 0.564801 -0.757937
0.453349 0.784932 -0.422323
0.497702 0.862046 0.095760
0.497798 0.862212 0.093743
0.466401 0.807830 0.360391
0.369801 0.640516 0.673042
0.499437 0.865042 -0.047595
0.499998 0.866027 -0.000480
0.497769 0.862136 -0.094592
0.500004 0.866023 0.000002
0.500004 0.866023 0.000006
-0.861571 -0.497419 -0.101339
-0.864083 -0.498874 0.066971
0.866023 0.499995 0.003008
0.866004 0.499981 0.007453
0.866025 0.499998 -0.001437
0.786031 0.453525 -0.420084
0.567539 0.327140 -0.755565
0.861994 0.497674 0.096370
0.862212 0.497798 0.093743
0.807831 0.466401 0.360387
0.640521 0.369806 0.673035
0.866026 0.500000 -0.000277
0.865079 0.499440 -0.046886
0.862254 0.497794 -0.093382
0.866027 0.499997 0.000001
0.866026 0.499999 -0.000002
-0.994861 0.000002 -0.101254
-0.997782 0.000001 0.066572
0.999967 -0.000001 0.008171
0.999998 -0.000000 0.001876
0.999990 0.000000 -0.004418
0.658840 -0.000529 -0.752283
0.908904 -0.000294 -0.417005
0.995264 -0.000000 0.097205
0.995596 -0.000000 0.093744
0.932802 -0.000001 0.360389
0.739613 -0.000003 0.673032
0.998954 -0.000012 -0.045730
1.000000 -0.000002 0.000000
0.995819 -0.000024 -0.091353
1.000000 0.000002 -0.000003
1.000000 0.000002 -0.000002
-0.861583 0.497433 -0.101169
-0.864127 0.498908 0.066145
0.866027 -0.499997 0.000745
0.865993 -0.499977 0.008889
0.866003 -0.499984 -0.007400
0.788243 -0.455386 -0.413879
0.573642 -0.331714 -0.748933
0.861853 -0.497592 0.098038
0.862212 -0.497798 0.093744
0.807829 -0.466399 0.360394
0.640521 -0.369803 0.673037
0.866026 -0.499999 0.000277
0.865164 -0.499516 -0.044432
0.862575 -0.498031 -0.089043
0.866028 -0.499996 -0.000000
0.866025 -0.500000 -0.000005
-0.497439 0.861587 -0.101107
-0.498914 0.864150 0.065805
0.499978 -0.865987 0.009414
0.500000 -0.866026 -0.000084
0.499978 -0.865985 -0.009582
0.332489 -0.576417 -0.746455
0.455563 -0.789347 -0.411575
0.497562 -0.861801 0.098648
0.497798 -0.862212 0.093743
0.466401 -0.807830 0.360390
0.369808 -0.640524 0.673031
0.499522 -0.865216 -0.043344
0.500000 -0.866025 0.000480
0.498089 -0.862743 -0.087077
0.500002 -0.866024 0.000001
0.500004 -0.866023 0.000007
-0.000000 0.994878 -0.101084
-0.000002 0.997843 0.065642
0.000000 -1.000000 -0.000388
0.000001 -0.999954 0.009607
0.000000 -0.999946 -0.010382
-0.000000 -0.911753 -0.410738
-0.000005 -0.666449 -0.745551
-0.000000 -0.995100 0.098872
0.000000 -0.995596 0.093744
-0.000001 -0.932801 0.360393
-0.000001 -0.739611 0.673035
0.000000 -1.000000 0.000554
-0.000002 -0.999086 -0.042753
-0.000006 -0.996298 -0.085971
0.000001 -1.000000 -0.000002
0.000002 -1.000000 -0.000004
0.497440 0.861586 -0.101107
0.498918 0.864155 0.065701
-0.499978 -0.865987 0.009413
-0.499998 -0.866027 -0.000084
-0.499976 -0.865986 -0.009583
-0.332485 -0.576413 -0.746459
-0.455560 -0.789343 -0.411584
-0.497562 -0.861801 0.098648
-0.497797 -0.862212 0.093744
-0.466400 -0.807830 0.360390
-0.369807 -0.640524 0.673032
-0.499537 -0.865234 -0.042821
-0.500000 -0.866025 0.000480
-0.498141 -0.862817 -0.086033
-0.500001 -0.866025 -0.000003
-0.500001 -0.866025 -0.000002
0.861580 0.497438 -0.101169
0.864138 0.498912 0.065966
-0.866026 -0.499999 0.000744
-0.865991 -0.499981 0.008887
-0.866003 -0.499984 -0.007400
-0.788242 -0.455388 -0.413879
-0.573640 -0.331724 -0.748930
-0.861852 -0.497593 0.098037
-0.862211 -0.497799 0.093744
-0.807828 -0.466400 0.360395
-0.640519 -0.369803 0.673039
-0.866026 -0.499998 0.000277
-0.865201 -0.499532 -0.043527
-0.862714 -0.498110 -0.087240
-0.866025 -0.500000 -0.000003
-0.866026 -0.499999 -0.000007
-0.650747 -0.174367 -0.739002
-0.883790 -0.236818 -0.403525
-0.961616 -0.257667 0.094354
-0.961956 -0.257754 0.090578
-0.904961 -0.242485 0.349637
-0.725498 -0.194401 0.660198
-0.280448 -0.000003 -0.959869
-0.242849 0.140206 -0.959879
0.000001 -0.000024 -1.000000
-0.586510 -0.000000 0.809942
-0.000001 -0.000000 1.000000
-0.507931 0.293260 0.809941
-0.965924 0.258826 0.000004
-0.965926 0.258819 0.000000
-0.866025 0.500000 -0.000001
-0.866026 0.499998 -0.000003
-0.140191 0.242849 -0.959881
-0.293251 0.507938 0.809940
-0.499999 0.866026 -0.000000
-0.500000 0.866025 0.000001
-0.000005 0.280410 -0.959880
0.000000 0.586515 0.809938
0.000000 1.000000 0.000000
0.000000 1.000000 -0.000000
0.140196 0.242840 -0.959882
0.293251 0.507937 0.809941
0.499999 0.866026 0.000002
0.499997 0.866027 0.000002
0.242856 0.140209 -0.959876
0.507929 0.293263 0.809941
0.866025 0.500000 0.000003
0.866024 0.500002 0.000005
0.280443 -0.000003 -0.959871
0.586506 -0.000000 0.809945
1.000000 0.000000 0.000002
1.000000 0.000000 -0.000002
0.242894 -0.140233 -0.959863
0.507929 -0.293263 0.809941
0.866026 -0.500000 0.000003
0.866024 -0.500002 0.000005
0.140234 -0.242905 -0.959860
0.293251 -0.507937 0.809941
0.499998 -0.866026 0.000002
0.499997 -0.866027 0.000001
-0.000009 -0.280497 -0.959855
0.000000 -0.586516 0.809938
0.000000 -1.000000 0.000000
0.000000 -1.000000 0.000000
-0.140230 -0.242917 -0.959858
-0.293250 -0.507939 0.809940
-0.499998 -0.866027 -0.000001
-0.499999 -0.866026 -0.000001
-0.242885 -0.140234 -0.959865
-0.507931 -0.293259 0.809941
-0.866025 -0.500001 -0.000001
-0.866026 -0.499998 -0.000003
-0.965926 -0.258819 -0.000000
-0.965924 -0.258826 0.000004
0.000002 0.000000 -1.000000
-1.000000 0.000000 0.000000
0.000001 0.000000 1.000000
1.000000 0.000000 0.000000
0.000000 1.000000 0.000000
0.000000 -1.000000 0.000000
-0.000000 0.000000 -1.000000
-1.000000 0.000000 -0.000001
-0.000003 0.000000 1.000000
1.000000 0.000000 -0.000000
0.000001 -0.000000 -1.000000
0.000002 0.000001 -1.000000
0.000000 -0.000000 -1.000000
-0.000002 0.000000 1.000000
-0.000000 0.000000 1.000000
-0.000001 0.000002 1.000000
-0.965925 0.258820 0.000000
-0.965926 0.258819 -0.000000
-0.866025 0.500000 -0.000000
-0.866025 0.500000 -0.000001
-0.000000 0.000001 -1.000000
-0.000003 0.000001 1.000000
-0.500000 0.866025 -0.000000
-0.500000 0.866025 0.000001
-0.000001 -0.000001 -1.000000
-0.000002 0.000000 1.000000
0.000000 1.000000 -0.000000
-0.000000 1.000000 -0.000001
0.000000 -0.000000 -1.000000
0.000002 -0.000000 1.000000
0.500002 0.866024 0.000000
0.500001 0.866025 0.000000
0.000000 -0.000002 -1.000000
0.000001 0.000001 1.000000
0.866025 0.500001 0.000001
0.866025 0.500000 0.000001
0.000002 -0.000000 -1.000000
0.000001 0.000000 1.000000
1.000000 0.000001 0.000001
1.000000 0.000001 0.000001
0.000000 0.000002 -1.000000
0.000001 -0.000001 1.000000
0.866026 -0.500000 0.000001
0.866026 -0.499999 0.000001
-0.000000 -0.000001 -1.000000
0.000002 0.000000 1.000000
0.500002 -0.866024 0.000000
0.500001 -0.866025 -0.000000
0.000000 0.000000 -1.000000
-0.000002 0.000000 1.000000
0.000000 -1.000000 -0.000000
-0.000000 -1.000000 0.000000
0.000000 -0.000001 -1.000000
-0.000003 -0.000001 1.000000
-0.500001 -0.866025 -0.000000
-0.500001 -0.866025 -0.000000
0.000002 -0.000001 -1.000000
-0.000001 -0.000002 1.000000
-0.866026 -0.499999 -0.000000
-0.866026 -0.499999 -0.000001
-0.965926 -0.258818 -0.000001
-0.965926 -0.258818 -0.000001
0.000002 0.000001 -1.000000
0.000001 0.000003 -1.000000
-0.000000 -0.000000 -1.000000
0.000004 0.000002 1.000000
0.000002 0.000001 1.000000
-0.000002 0.000003 1.000000
-0.966369 0.257159 -0.000000
-0.966368 0.257164 0.000000
-0.867309 0.497770 0.000000
-0.867309 0.497770 0.000001
-0.000001 0.000001 -1.000000
0.000004 -0.000001 1.000000
-0.502232 0.864733 0.000000
-0.502230 0.864734 -0.000000
-0.000000 -0.000000 -1.000000
0.000010 0.000006 1.000000
-0.000000 1.000000 0.000000
0.000001 1.000000 0.000000
0.000001 0.000001 -1.000000
0.000000 0.000007 1.000000
0.502232 0.864733 0.000000
0.502233 0.864732 0.000000
-0.000001 0.000003 -1.000000
-0.000002 0.000010 1.000000
0.867310 0.497768 0.000000
0.867310 0.497768 0.000000
-0.000002 0.000002 -1.000000
-0.000003 0.000002 1.000000
1.000000 -0.000001 0.000000
1.000000 -0.000001 0.000000
-0.000003 -0.000002 -1.000000
-0.000004 -0.000009 1.000000
0.867311 -0.497767 0.000000
0.867311 -0.497767 -0.000000
-0.000002 -0.000002 -1.000000
0.000002 -0.000006 1.000000
0.502233 -0.864732 -0.000000
0.502234 -0.864732 0.000000
0.000000 -0.000002 -1.000000
0.000010 -0.000002 1.000000
0.000000 -1.000000 -0.000000
0.000001 -1.000000 -0.000000
0.000001 -0.000002 -1.000000
0.000003 0.000002 1.000000
-0.502232 -0.864733 -0.000000
-0.502230 -0.864734 -0.000000
0.000002 -0.000003 -1.000000
-0.000000 -0.000001 1.000000
-0.867310 -0.497768 -0.000000
-0.867310 -0.497768 0.000000
-0.966368 -0.257163 0.000000
-0.966369 -0.257161 -0.000000
-0.000004 0.000000 -1.000000
-1.000000 0.000000 -0.000003
-0.000006 0.000000 1.000000
1.000000 0.000000 0.000001
0.000005 -0.294832 -0.955549
0.000005 -0.294832 -0.955549
0.000005 -0.294832 -0.955549
-0.993304 -0.115533 0.000002
-0.993674 -0.112204 -0.004834
-0.994009 -0.108871 -0.009669
-0.000006 -0.000002 1.000000
-0.000004 -0.000003 1.000000
-0.000002 -0.000004 1.000000
0.996113 -0.088087 -0.000000
0.995662 -0.092915 -0.004840
0.995165 -0.097739 -0.009679
-0.000001 0.000000 -1.000000
-1.000000 0.000000 -0.000000
-1.000000 0.000000 -0.000000
-1.000000 0.000001 -0.000001
0.000002 -0.286723 0.958014
0.000003 -0.286724 0.958013
0.000004 -0.286725 0.958013
1.000000 0.000001 -0.000000
1.000000 0.000001 -0.000001
1.000000 0.000000 -0.000001
-0.000000 0.999947 -0.010309
-0.000000 0.999947 -0.010309
-0.000000 0.999947 -0.010309
0.000004 0.062214 -0.998063
0.000003 0.062213 -0.998063
0.000002 0.062213 -0.998063
-1.000000 -0.000000 0.000002
-1.000000 -0.000000 0.000001
-1.000000 0.000000 0.000001
0.000005 0.000000 1.000000
1.000000 0.000000 0.000001
1.000000 -0.000000 0.000000
1.000000 -0.000000 -0.000000
0.000001 0.994073 0.108718
0.000000 0.994073 0.108718
-0.000000 0.994073 0.108718
0.000001 -0.913707 -0.406373
-0.000001 -0.913707 -0.406372
-0.000002 -0.913708 -0.406372
0.000007 -0.625998 -0.779824
0.000002 -0.626000 -0.779823
-0.000004 -0.626002 -0.779821
-1.000000 -0.000006 -0.000010
-1.000000 -0.000000 -0.000000
-1.000000 0.000006 0.000010
0.000000 0.597667 0.801745
-0.000002 0.597667 0.801744
-0.000005 0.597668 0.801744
1.000000 0.000003 0.000003
1.000000 -0.000002 -0.000002
1.000000 -0.000007 -0.000007
0.000000 0.313535 -0.949577
0.000004 0.313543 -0.949574
0.000009 0.313551 -0.949571
0.000002 -0.869209 0.494445
-0.000000 -0.869205 0.494452
-0.000003 -0.869201 0.494459
0.000000 0.219109 -0.975700
0.000006 0.219113 -0.975699
0.000012 0.219117 -0.975698
-1.000000 -0.000001 0.000001
-1.000000 -0.000002 0.000004
-1.000000 -0.000003 0.000006
-0.000006 -0.223203 0.974772
-0.000007 -0.223203 0.974772
-0.000007 -0.223202 0.974772
1.000000 0.000002 0.000000
1.000000 0.000002 -0.000003
1.000000 0.000002 -0.000007
-0.000001 0.988803 0.149227
-0.000000 0.988803 0.149229
0.000000 0.988802 0.149230
0.000005 -0.909370 -0.415987
0.000004 -0.909372 -0.415985
0.000003 -0.909373 -0.415982
0.000001 0.844865 -0.534979
0.000000 0.844865 -0.534980
0.000000 0.844865 -0.534980
-1.000000 -0.000002 0.000003
-1.000000 -0.000001 0.000003
-1.000000 0.000000 0.000002
0.000006 -0.830280 0.557347
0.000001 -0.830278 0.557350
-0.000004 -0.830276 0.557352
1.000000 -0.000008 0.000008
1.000000 -0.000006 0.000006
1.000000 -0.000004 0.000004
0.000010 -0.004519 0.999990
0.000004 -0.004501 0.999990
-0.000002 -0.004483 0.999990
0.000000 -0.006380 -0.999980
0.000003 -0.006371 -0.999980
0.000007 -0.006363 -0.999980
0.000012 -0.348126 -0.937448
-0.000002 -0.348134 -0.937445
-0.000016 -0.348141 -0.937442
-1.000000 -0.000001 0.000002
-1.000000 -0.000001 -0.000006
-1.000000 -0.000000 -0.000014
0.000002 0.132346 0.991204
-0.000008 0.132354 0.991202
-0.000018 0.132363 0.991201
1.000000 0.000004 0.000006
1.000000 -0.000001 -0.000002
1.000000 -0.000005 -0.000011
0.000001 0.852938 0.522013
-0.000003 0.852940 0.522009
-0.000007 0.852943 0.522004
0.000003 -0.981631 0.190792
-0.000000 -0.981627 0.190808
-0.000004 -0.981624 0.190824
0.000012 -0.566248 -0.824235
0.000013 -0.566248 -0.824235
0.000014 -0.566247 -0.824235
-1.000000 0.000011 0.000016
-1.000000 0.000006 0.000004
-1.000000 0.000001 -0.000007
0.000005 0.490910 0.871210
0.000006 0.490909 0.871211
0.000006 0.490909 0.871211
1.000000 0.000017 0.000015
1.000000 -0.000009 -0.000015
1.000000 -0.000035 -0.000045
-0.000003 0.848050 -0.529916
0.000002 0.848064 -0.529894
0.000008 0.848078 -0.529871
-0.000013 -0.608363 0.793659
-0.000004 -0.608424 0.793612
0.000006 -0.608486 0.793565
0.000006 -0.145974 0.989288
-0.000000 -0.145973 0.989289
-0.000006 -0.145971 0.989289
-1.000000 0.000001 -0.000004
-1.000000 -0.000000 0.000001
-1.000000 -0.000001 0.000007
-0.000013 0.130413 -0.991460
-0.000011 0.130414 -0.991460
-0.000009 0.130414 -0.991460
1.000000 0.000002 -0.000016
1.000000 0.000001 -0.000006
1.000000 0.000000 0.000004
-0.000003 -0.962450 -0.271460
-0.000003 -0.962449 -0.271463
-0.000002 -0.962448 -0.271467
-0.000001 0.972914 0.231165
0.000000 0.972913 0.231170
0.000002 0.972912 0.231175
-0.000000 0.998437 0.055888
-0.000000 0.998437 0.055888
-0.000000 0.998437 0.055888
-1.000000 -0.000004 0.000000
-1.000000 -0.000001 0.000001
-1.000000 0.000002 0.000001
-0.000001 -0.996034 -0.088969
-0.000000 -0.996034 -0.088969
0.000000 -0.996034 -0.088969
1.000000 -0.000015 -0.000002
1.000000 -0.000005 -0.000003
1.000000 0.000004 -0.000004
0.000005 0.518083 0.855331
0.000002 0.518090 0.855326
-0.000001 0.518098 0.855321
0.000003 0.216722 -0.976233
0.000002 0.216715 -0.976235
0.000000 0.216709 -0.976236
-0.000005 0.583305 0.812254
-0.000006 0.583305 0.812253
-0.000006 0.583306 0.812253
-1.000000 -0.000004 -0.000001
-1.000000 -0.000009 -0.000013
-1.000000 -0.000014 -0.000024
0.000001 -0.580939 -0.813947
0.000001 -0.580939 -0.813947
0.000001 -0.580939 -0.813947
1.000000 0.000005 0.000007
1.000000 0.000006 0.000008
1.000000 0.000007 0.000009
-0.000001 -0.776432 0.630201
-0.000002 -0.776428 0.630206
-0.000004 -0.776424 0.630211
-0.000002 0.957765 0.287552
-0.000001 0.957764 0.287554
-0.000000 0.957764 0.287556
0.000000 0.000000 -1.000000
0.000001 0.000001 -1.000000
0.000000 -0.000000 -1.000000
-0.000000 0.000000 1.000000
-0.000001 -0.000000 1.000000
-0.000000 0.000000 1.000000
0.254939 0.951448 0.172491
0.254939 0.951448 0.172491
0.491980 0.852135 0.178385
0.491980 0.852135 0.178385
-0.000001 0.000001 -1.000000
-0.000000 0.000001 1.000000
0.852134 0.491982 0.178385
0.852134 0.491982 0.178384
-0.000000 -0.000002 -1.000000
-0.000001 0.000000 1.000000
0.983961 0.000001 0.178385
0.983961 0.000001 0.178385
0.000001 -0.000002 -1.000000
-0.000000 -0.000001 1.000000
0.852135 -0.491981 0.178386
0.852135 -0.491980 0.178386
0.000002 -0.000000 -1.000000
-0.000000 -0.000000 1.000000
0.491980 -0.852135 0.178386
0.491980 -0.852135 0.178386
0.000001 -0.000000 -1.000000
-0.000000 -0.000000 1.000000
0.000000 -0.983961 0.178386
0.000000 -0.983961 0.178385
0.000001 -0.000001 -1.000000
0.000000 -0.000001 1.000000
-0.491980 -0.852135 0.178386
-0.491980 -0.852135 0.178386
0.000000 0.000001 -1.000000
-0.000001 0.000001 1.000000
-0.852135 -0.491980 0.178386
-0.852134 -0.491981 0.178386
-0.000001 -0.000000 -1.000000
-0.000002 -0.000000 1.000000
-0.983961 0.000000 0.178386
-0.983960 -0.000000 0.178387
0.000000 -0.000001 -1.000000
-0.000001 -0.000001 1.000000
-0.852135 0.491980 0.178386
-0.852135 0.491981 0.178386
0.000000 0.000001 -1.000000
0.000000 0.000001 1.000000
-0.491979 0.852135 0.178385
-0.491980 0.852135 0.178386
-0.254938 0.951448 0.172490
-0.254937 0.951449 0.172490
-0.000000 -0.401294 -0.915949
-0.175827 -0.349003 -0.920479
-0.000000 -0.000001 -1.000000
0.000000 0.473841 0.880611
0.000000 0.000000 1.000000
0.208197 0.412795 0.886710
0.223501 0.958582 0.176542
0.223502 0.958582 0.176542
0.446968 0.874822 0.186832
0.446967 0.874822 0.186833
-0.307170 -0.203223 -0.929703
0.364993 0.241200 0.899223
0.821188 0.534559 0.199742
0.821188 0.534559 0.199741
-0.356225 -0.000001 -0.934400
0.424040 -0.000000 0.905643
0.978328 0.000000 0.207061
0.978328 -0.000000 0.207062
-0.307170 0.203220 -0.929703
0.364994 -0.241199 0.899223
0.821189 -0.534557 0.199743
0.821190 -0.534556 0.199741
-0.175828 0.349000 -0.920480
0.208199 -0.412794 0.886710
0.446970 -0.874821 0.186833
0.446969 -0.874821 0.186834
0.000002 0.401292 -0.915950
0.000000 -0.473839 0.880611
-0.000001 -0.983460 0.181124
-0.000002 -0.983460 0.181124
0.175828 0.349002 -0.920479
-0.208198 -0.412795 0.886710
-0.446968 -0.874822 0.186830
-0.446968 -0.874822 0.186830
0.307168 0.203222 -0.929703
-0.364994 -0.241198 0.899224
-0.821189 -0.534558 0.199740
-0.821189 -0.534558 0.199741
0.356225 -0.000000 -0.934400
-0.424041 -0.000000 0.905643
-0.978329 -0.000001 0.207059
-0.978329 -0.000000 0.207058
0.307169 -0.203221 -0.929703
-0.364993 0.241198 0.899224
-0.821189 0.534558 0.199741
-0.821189 0.534558 0.199742
0.175826 -0.349003 -0.920479
-0.208196 0.412796 0.886709
-0.446966 0.874823 0.186830
-0.446966 0.874823 0.186830
-0.223504 0.958582 0.176541
-0.223503 0.958582 0.176541
-0.111925 0.025940 -0.993378
-0.119070 0.008494 -0.992850
-0.126171 -0.008955 -0.991968
-0.902561 -0.158048 0.400505
-0.948741 -0.086528 0.303980
-0.979205 -0.013575 0.202421
0.071860 0.005064 0.997402
0.074279 0.000297 0.997238
0.076695 -0.004471 0.997045
1.000000 -0.000005 -0.000003
1.000000 -0.000001 0.000001
1.000000 0.000003 0.000006
-0.013620 0.974280 0.224928
0.033949 0.945613 0.323517
0.081084 0.904838 0.417963
0.143475 -0.989654 0.000001
0.147049 -0.989007 -0.015566
0.150584 -0.988107 -0.031129
0.000001 -0.000000 1.000000
0.000000 -0.000001 1.000000
-0.000000 0.000001 1.000000
0.000003 0.000001 -1.000000
-0.000000 -0.000002 -1.000000
0.000004 -0.000005 -1.000000
-1.000000 -0.000000 -0.000004
-1.000000 0.000000 -0.000004
-0.866026 -0.499998 -0.000004
-0.866026 -0.499999 -0.000003
-0.000000 0.000000 1.000000
0.000001 -0.000004 -1.000000
-0.500002 -0.866024 -0.000005
-0.500003 -0.866023 -0.000004
0.000000 0.000000 1.000000
-0.000002 -0.000002 -1.000000
0.000001 -1.000000 -0.000005
0.000001 -1.000000 -0.000007
-0.000001 -0.000000 1.000000
-0.000002 -0.000002 -1.000000
0.500003 -0.866024 -0.000005
0.500003 -0.866023 -0.000004
0.000000 0.000002 1.000000
-0.000002 -0.000003 -1.000000
0.866025 -0.500001 -0.000002
0.866023 -0.500003 -0.000007
0.000002 0.000000 1.000000
-0.000003 0.000001 -1.000000
1.000000 -0.000000 0.000002
1.000000 -0.000000 0.000010
-0.000000 -0.000001 1.000000
0.000001 -0.000001 -1.000000
0.866024 0.500002 0.000001
0.866022 0.500005 -0.000003
-0.000001 0.000002 1.000000
-0.000002 -0.000004 -1.000000
0.500000 0.866026 -0.000001
0.499999 0.866026 -0.000002
-0.000002 0.000001 1.000000
-0.000002 0.000000 -1.000000
-0.000000 1.000000 -0.000001
0.000001 1.000000 0.000000
-0.000001 0.000004 1.000000
0.000001 -0.000002 -1.000000
-0.500000 0.866025 -0.000001
-0.500000 0.866026 -0.000001
0.000002 0.000004 1.000000
0.000000 0.000000 -1.000000
-0.866025 0.500001 -0.000002
-0.866025 0.500000 -0.000002
-0.000001 0.000008 1.000000
0.000000 0.000002 1.000000
0.000001 0.000003 -1.000000
-0.000002 -0.000001 -1.000000
0.000007 -0.000006 -1.000000
-1.000000 0.000000 0.000005
-1.000000 0.000001 0.000003
-0.866024 -0.500003 0.000003
-0.866024 -0.500002 0.000001
0.000007 0.000005 1.000000
-0.000001 -0.000009 -1.000000
-0.500000 -0.866025 0.000000
-0.500001 -0.866025 0.000003
-0.000001 0.000000 1.000000
-0.000005 -0.000001 -1.000000
-0.000001 -1.000000 -0.000003
0.000000 -1.000000 -0.000006
-0.000006 0.000007 1.000000
-0.000004 -0.000006 -1.000000
0.500003 -0.866023 -0.000004
0.500005 -0.866023 -0.000004
0.000003 0.000007 1.000000
-0.000006 0.000000 -1.000000
0.866027 -0.499998 -0.000001
0.866025 -0.500000 -0.000003
-0.000001 0.000000 1.000000
0.000000 -0.000000 -1.000000
1.000000 0.000001 0.000002
1.000000 0.000000 0.000009
0.000000 -0.000003 1.000000
-0.000005 -0.000003 -1.000000
0.866026 0.500000 0.000001
0.866024 0.500002 -0.000004
-0.000008 -0.000000 1.000000
-0.000005 0.000003 -1.000000
0.500003 0.866024 -0.000002
0.500002 0.866024 -0.000002
0.000004 0.000005 1.000000
-0.000003 0.000000 -1.000000
-0.000001 1.000000 -0.000001
-0.000001 1.000000 0.000000
0.000011 -0.000003 1.000000
-0.000001 0.000002 -1.000000
-0.500000 0.866025 0.000002
-0.500000 0.866025 0.000002
-0.000001 -0.000008 1.000000
0.000002 0.000003 -1.000000
-0.866024 0.500003 0.000004
-0.866023 0.500004 0.000003
780
0 0 1 2 0 1 2 2
0 3 4 5 3 4 5 2
0 6 7 8 6 7 8 1
0 6 8 9 6 8 9 1
0 7 10 8 7 10 8 1
0 10 11 8 10 11 8 1
0 12 13 14 12 13 14 1
0 12 14 15 12 14 15 1
0 13 16 14 13 16 14 1
0 16 17 14 16 17 14 1
0 16 18 19 16 18 19 1
0 16 19 17 16 19 17 1
0 18 20 19 18 20 19 1
0 20 21 19 20 21 19 1
0 20 22 23 20 22 23 1
0 20 23 21 20 23 21 1
0 24 25 26 24 25 26 1
0 25 27 26 25 27 26 1
0 25 28 29 25 28 29 1
0 25 29 27 25 29 27 1
0 30 3 31 30 31 32 1
0 3 5 31 31 33 32 1
0 1 32 2 1 34 2 2
0 5 4 33 5 4 35 2
0 9 8 34 9 8 36 1
0 8 35 34 8 37 36 1
0 8 11 36 8 11 38 1
0 8 36 35 8 38 37 1
0 15 14 37 15 14 39 1
0 14 38 37 14 40 39 1
0 14 17 39 14 17 41 1
0 14 39 38 14 41 40 1
0 17 19 39 17 19 41 1
0 19 40 39 19 42 41 1
0 19 21 41 19 21 43 1
0 19 41 40 19 43 42 1
0 21 23 41 21 23 43 1
0 23 42 41 23 44 43 1
0 26 27 43 26 27 45 1
0 26 43 44 26 45 46 1
0 27 29 43 27 29 45 1
0 29 45 43 29 47 45 1
0 31 5 33 32 33 48 1
0 31 33 46 32 48 49 1
0 32 47 2 34 50 2 2
0 33 4 48 35 4 51 2
0 34 35 49 36 37 52 1
0 34 49 50 36 52 53 1
0 35 36 49 37 38 52 1
0 36 51 49 38 54 52 1
0 37 38 52 39 40 55 1
0 37 52 53 39 55 56 1
0 38 39 52 40 41 55 1
0 39 54 52 41 57 55 1
0 39 40 55 41 42 58 1
0 39 55 54 41 58 57 1
0 40 41 55 42 43 58 1
0 41 56 55 43 59 58 1
0 41 42 57 43 44 60 1
0 41 57 56 43 60 59 1
0 44 43 58 46 45 61 1
0 43 59 58 45 62 61 1
0 43 45 60 45 47 63 1
0 43 60 59 45 63 62 1
0 46 33 61 49 48 64 1
0 33 48 61 48 65 64 1
0 47 62 2 50 66 2 2
0 48 4 63 51 4 67 2
0 50 49 64 53 52 68 1
0 49 65 64 52 69 68 1
0 49 51 66 52 54 70 1
0 49 66 65 52 70 69 1
0 53 52 67 56 55 71 1
0 52 68 67 55 72 71 1
0 52 54 69 55 57 73 1
0 52 69 68 55 73 72 1
0 54 55 69 57 58 73 1
0 55 70 69 58 74 73 1
0 55 56 71 58 59 75 1
0 55 71 70 58 75 74 1
0 56 57 71 59 60 75 1
0 57 72 71 60 76 75 1
0 58 59 73 61 62 77 1
0 58 73 74 61 77 78 1
0 59 60 73 62 63 77 1
0 60 75 73 63 79 77 1
0 61 48 63 64 65 80 1
0 61 63 76 64 80 81 1
0 62 77 2 66 82 2 2
0 63 4 78 67 4 83 2
0 64 65 79 68 69 84 1
0 64 79 80 68 84 85 1
0 65 66 79 69 70 84 1
0 66 81 79 70 86 84 1
0 67 68 82 71 72 87 1
0 67 82 83 71 87 88 1
0 68 69 82 72 73 87 1
0 69 84 82 73 89 87 1
0 69 70 85 73 74 90 1
0 69 85 84 73 90 89 1
0 70 71 85 74 75 90 1
0 71 86 85 75 91 90 1
0 71 72 87 75 76 92 1
0 71 87 86 75 92 91 1
0 74 73 88 78 77 93 1
0 73 89 88 77 94 93 1
0 73 75 90 77 79 95 1
0 73 90 89 77 95 94 1
0 76 63 91 81 80 96 1
0 63 78 91 80 97 96 1
0 77 92 2 82 98 2 2
0 78 4 93 83 4 99 2
0 80 79 94 85 84 100 1
0 79 95 94 84 101 100 1
0 79 81 96 84 86 102 1
0 79 96 95 84 102 101 1
0 83 82 97 88 87 103 1
0 82 98 97 87 104 103 1
0 82 84 99 87 89 105 1
0 82 99 98 87 105 104 1
0 84 85 99 89 90 105 1
0 85 100 99 90 106 105 1
0 85 86 101 90 91 107 1
0 85 101 100 90 107 106 1
0 86 87 101 91 92 107 1
0 87 102 101 92 108 107 1
0 88 89 103 93 94 109 1
0 88 103 104 93 109 110 1
0 89 90 103 94 95 109 1
0 90 105 103 95 111 109 1
0 91 78 93 96 97 112 1
0 91 93 106 96 112 113 1
0 92 107 2 98 114 2 2
0 93 4 108 99 4 115 2
0 94 95 109 100 101 116 1
0 94 109 110 100 116 117 1
0 95 96 109 101 102 116 1
0 96 111 109 102 118 116 1
0 97 98 112 103 104 119 1
0 97 112 113 103 119 120 1
0 98 99 112 104 105 119 1
0 99 114 112 105 121 119 1
0 99 100 115 105 106 122 1
0 99 115 114 105 122 121 1
0 100 101 115 106 107 122 1
0 101 116 115 107 123 122 1
0 101 102 117 107 108 124 1
0 101 117 116 107 124 123 1
0 104 103 118 110 109 125 1
0 103 119 118 109 126 125 1
0 103 105 120 109 111 127 1
0 103 120 119 109 127 126 1
0 106 93 121 113 112 128 1
0 93 108 121 112 129 128 1
0 107 122 2 114 130 2 2
0 108 4 123 115 4 131 2
0 110 109 124 117 116 132 1
0 109 125 124 116 133 132 1
0 109 111 126 116 118 134 1
0 109 126 125 116 134 133 1
0 113 112 127 120 119 135 1
0 112 128 127 119 136 135 1
0 112 114 129 119 121 137 1
0 112 129 128 119 137 136 1
0 114 115 129 121 122 137 1
0 115 130 129 122 138 137 1
0 115 116 131 122 123 139 1
0 115 131 130 122 139 138 1
0 116 117 131 123 124 139 1
0 117 132 131 124 140 139 1
0 118 119 133 125 126 141 1
0 118 133 134 125 141 142 1
0 119 120 133 126 127 141 1
0 120 135 133 127 143 141 1
0 121 108 123 128 129 144 1
0 121 123 136 128 144 145 1
0 122 137 2 130 146 2 2
0 123 4 138 131 4 147 2
0 124 125 139 132 133 148 1
0 124 139 140 132 148 149 1
0 125 126 139 133 134 148 1
0 126 141 139 134 150 148 1
0 127 128 142 135 136 151 1
0 127 142 143 135 151 152 1
0 128 129 142 136 137 151 1
0 129 144 142 137 153 151 1
0 129 130 145 137 138 154 1
0 129 145 144 137 154 153 1
0 130 131 145 138 139 154 1
0 131 146 145 139 155 154 1
0 131 132 147 139 140 156 1
0 131 147 146 139 156 155 1
0 134 133 148 142 141 157 1
0 133 149 148 141 158 157 1
0 133 135 150 141 143 159 1
0 133 150 149 141 159 158 1
0 136 123 151 145 144 160 1
0 123 138 151 144 161 160 1
0 137 152 2 146 162 2 2
0 138 4 153 147 4 163 2
0 140 139 154 149 148 164 1
0 139 155 154 148 165 164 1
0 139 141 156 148 150 166 1
0 139 156 155 148 166 165 1
0 143 142 157 152 151 167 1
0 142 158 157 151 168 167 1
0 142 144 159 151 153 169 1
0 142 159 158 151 169 168 1
0 144 145 159 153 154 169 1
0 145 160 159 154 170 169 1
0 145 146 161 154 155 171 1
0 145 161 160 154 171 170 1
0 146 147 161 155 156 171 1
0 147 162 161 156 172 171 1
0 148 149 163 157 158 173 1
0 148 163 164 157 173 174 1
0 149 150 163 158 159 173 1
0 150 165 163 159 175 173 1
0 151 138 153 160 161 176 1
0 151 153 166 160 176 177 1
0 152 167 2 162 178 2 2
0 153 4 168 163 4 179 2
0 154 155 169 164 165 180 1
0 154 169 170 164 180 181 1
0 155 156 169 165 166 180 1
0 156 171 169 166 182 180 1
0 157 158 172 167 168 183 1
0 157 172 173 167 183 184 1
0 158 159 172 168 169 183 1
0 159 174 172 169 185 183 1
0 159 160 175 169 170 186 1
0 159 175 174 169 186 185 1
0 160 161 175 170 171 186 1
0 161 176 175 171 187 186 1
0 161 162 177 171 172 188 1
0 161 177 176 171 188 187 1
0 164 163 178 174 173 189 1
0 163 179 178 173 190 189 1
0 163 165 180 173 175 191 1
0 163 180 179 173 191 190 1
0 166 153 181 177 176 192 1
0 153 168 181 176 193 192 1
0 167 0 2 178 0 2 2
0 168 4 3 179 4 3 2
0 170 169 6 181 180 6 1
0 169 7 6 180 7 6 1
0 169 171 10 180 182 10 1
0 169 10 7 180 10 7 1
0 173 172 182 184 183 194 1
0 172 183 182 183 195 194 1
0 172 174 184 183 185 196 1
0 172 184 183 183 196 195 1
0 174 175 184 185 186 196 1
0 175 185 184 186 197 196 1
0 175 176 186 186 187 198 1
0 175 186 185 186 198 197 1
0 176 177 186 187 188 198 1
0 177 187 186 188 199 198 1
0 178 179 25 189 190 25 1
0 178 25 24 189 25 24 1
0 179 180 25 190 191 25 1
0 180 28 25 191 28 25 1
0 181 168 3 192 193 31 1
0 181 3 30 192 31 30 1
0 188 189 190 200 201 202 2
0 191 192 193 203 204 205 2
0 194 191 195 206 207 208 1
0 191 196 195 207 209 208 1
0 189 197 190 201 210 202 2
0 193 192 198 205 204 211 2
0 195 196 199 208 209 212 1
0 195 199 200 208 212 213 1
0 197 201 190 210 214 202 2
0 198 192 202 211 204 215 2
0 200 199 203 213 212 216 1
0 199 204 203 212 217 216 1
0 201 205 190 214 218 202 2
0 202 192 206 215 204 219 2
0 203 204 207 216 217 220 1
0 203 207 208 216 220 221 1
0 205 209 190 218 222 202 2
0 206 192 210 219 204 223 2
0 208 207 211 221 220 224 1
0 207 212 211 220 225 224 1
0 209 213 190 222 226 202 2
0 210 192 214 223 204 227 2
0 211 212 215 224 225 228 1
0 211 215 216 224 228 229 1
0 213 217 190 226 230 202 2
0 214 192 218 227 204 231 2
0 216 215 219 229 228 232 1
0 215 220 219 228 233 232 1
0 217 221 190 230 234 202 2
0 218 192 222 231 204 235 2
0 219 220 223 232 233 236 1
0 219 223 224 232 236 237 1
0 221 225 190 234 238 202 2
0 222 192 226 235 204 239 2
0 224 223 227 237 236 240 1
0 223 228 227 236 241 240 1
0 225 229 190 238 242 202 2
0 226 192 230 239 204 243 2
0 227 228 231 240 241 244 1
0 227 231 232 240 244 245 1
0 229 233 190 242 246 202 2
0 230 192 234 243 204 247 2
0 232 231 235 245 244 248 1
0 231 236 235 244 249 248 1
0 233 188 190 246 200 202 2
0 234 192 191 247 204 203 2
0 235 236 237 248 249 250 1
0 235 237 238 248 250 251 1
0 239 240 241 252 252 252 1
0 240 242 241 252 252 252 1
0 243 244 245 253 253 253 2
0 244 246 245 253 253 253 2
0 247 248 249 254 254 254 1
0 248 250 249 254 254 254 1
0 251 252 253 255 255 255 2
0 252 254 253 255 255 255 2
0 251 255 245 256 256 256 3
0 255 256 245 256 256 256 3
0 257 252 258 257 257 257 3
0 252 246 258 257 257 257 3
0 259 260 261 258 258 258 1
0 260 262 261 258 258 258 1
0 263 264 265 259 259 259 2
0 264 266 265 259 259 259 2
0 267 268 269 260 260 260 1
0 268 270 269 260 260 260 1
0 271 272 273 261 261 261 2
0 272 274 273 261 261 261 2
0 271 275 265 256 256 256 3
0 275 276 265 256 256 256 3
0 277 272 278 257 257 257 3
0 272 266 278 257 257 257 3
0 279 280 281 262 263 264 2
0 282 283 284 265 266 267 2
0 285 282 286 268 269 270 1
0 282 287 286 269 271 270 1
0 280 288 281 263 272 264 2
0 284 283 289 267 266 273 2
0 286 287 290 270 271 274 1
0 286 290 291 270 274 275 1
0 288 292 281 272 276 264 2
0 289 283 293 273 266 277 2
0 291 290 294 275 274 278 1
0 290 295 294 274 279 278 1
0 292 296 281 276 280 264 2
0 293 283 297 277 266 281 2
0 294 295 298 278 279 282 1
0 294 298 299 278 282 283 1
0 296 300 281 280 284 264 2
0 297 283 301 281 266 285 2
0 299 298 302 283 282 286 1
0 298 303 302 282 287 286 1
0 300 304 281 284 288 264 2
0 301 283 305 285 266 289 2
0 302 303 306 286 287 290 1
0 302 306 307 286 290 291 1
0 304 308 281 288 292 264 2
0 305 283 309 289 266 293 2
0 307 306 310 291 290 294 1
0 306 311 310 290 295 294 1
0 308 312 281 292 296 264 2
0 309 283 313 293 266 297 2
0 310 311 314 294 295 298 1
0 310 314 315 294 298 299 1
0 312 316 281 296 300 264 2
0 313 283 317 297 266 301 2
0 315 314 318 299 298 302 1
0 314 319 318 298 303 302 1
0 316 320 281 300 304 264 2
0 317 283 321 301 266 305 2
0 318 319 322 302 303 306 1
0 318 322 323 302 306 307 1
0 320 324 281 304 308 264 2
0 321 283 325 305 266 309 2
0 323 322 326 307 306 310 1
0 322 327 326 306 311 310 1
0 324 279 281 308 262 264 2
0 325 283 282 309 266 265 2
0 326 327 328 310 311 312 1
0 326 328 329 310 312 313 1
0 330 331 332 314 315 316 2
0 333 334 335 317 318 319 2
0 336 333 337 320 321 322 1
0 333 338 337 321 323 322 1
0 331 339 332 315 324 316 2
0 335 334 340 319 318 325 2
0 337 338 341 322 323 326 1
0 337 341 342 322 326 327 1
0 339 343 332 324 328 316 2
0 340 334 344 325 318 329 2
0 342 341 345 327 326 330 1
0 341 346 345 326 331 330 1
0 343 347 332 328 332 316 2
0 344 334 348 329 318 333 2
0 345 346 349 330 331 334 1
0 345 349 350 330 334 335 1
0 347 351 332 332 336 316 2
0 348 334 352 333 318 337 2
0 350 349 353 335 334 338 1
0 349 354 353 334 339 338 1
0 351 355 332 336 340 316 2
0 352 334 356 337 318 341 2
0 353 354 357 338 339 342 1
0 353 357 358 338 342 343 1
0 355 359 332 340 344 316 2
0 356 334 360 341 318 345 2
0 358 357 361 343 342 346 1
0 357 362 361 342 347 346 1
0 359 363 332 344 348 316 2
0 360 334 364 345 318 349 2
0 361 362 365 346 347 350 1
0 361 365 366 346 350 351 1
0 363 367 332 348 352 316 2
0 364 334 368 349 318 353 2
0 366 365 369 351 350 354 1
0 365 370 369 350 355 354 1
0 367 371 332 352 356 316 2
0 368 334 372 353 318 357 2
0 369 370 373 354 355 358 1
0 369 373 374 354 358 359 1
0 371 375 332 356 360 316 2
0 372 334 376 357 318 361 2
0 374 373 377 359 358 362 1
0 373 378 377 358 363 362 1
0 375 330 332 360 314 316 2
0 376 334 333 361 318 317 2
0 377 378 379 362 363 364 1
0 377 379 380 362 364 365 1
0 381 382 383 366 366 366 1
0 382 384 383 366 366 366 1
0 385 386 387 367 367 367 2
0 386 388 387 367 367 367 2
0 389 390 391 368 368 368 1
0 390 392 391 368 368 368 1
0 393 394 395 369 369 369 2
0 394 396 395 369 369 369 2
0 393 397 387 256 256 256 3
0 397 398 387 256 256 256 3
0 399 394 400 257 257 257 3
0 394 388 400 257 257 257 3
0 401 402 403 370 371 371 1
0 402 404 403 371 372 371 1
0 405 406 407 373 374 374 2
0 406 408 407 374 375 374 2
0 409 410 411 376 377 377 1
0 410 412 411 377 378 377 1
0 413 414 415 379 380 380 2
0 414 416 415 380 381 380 2
0 413 417 407 256 256 256 3
0 417 418 407 256 256 256 3
0 419 414 420 257 257 257 3
0 414 408 420 257 257 257 3
0 421 422 423 382 382 382 1
0 422 424 423 382 382 382 1
0 425 426 427 383 384 384 2
0 426 428 427 384 385 384 2
0 429 430 431 386 387 387 1
0 430 432 431 387 388 387 1
0 433 434 435 389 390 390 2
0 434 436 435 390 391 390 2
0 433 437 427 392 393 393 3
0 437 438 427 393 394 393 3
0 439 434 440 257 257 257 3
0 434 428 440 257 257 257 3
0 441 442 443 395 396 396 1
0 442 444 443 396 397 396 1
0 445 446 447 398 399 399 2
0 446 448 447 399 400 399 2
0 449 450 451 401 401 401 1
0 450 452 451 401 401 401 1
0 453 454 455 402 403 403 2
0 454 456 455 403 404 403 2
0 453 457 447 405 406 406 3
0 457 458 447 406 407 406 3
0 459 454 460 408 409 409 3
0 454 448 460 409 410 409 3
0 461 462 463 411 412 412 1
0 462 464 463 412 413 412 1
0 465 466 467 414 415 415 2
0 466 468 467 415 416 415 2
0 469 470 471 417 418 418 1
0 470 472 471 418 419 418 1
0 473 474 475 420 421 421 2
0 474 476 475 421 422 421 2
0 477 478 479 423 424 424 3
0 478 480 479 424 425 424 3
0 481 474 482 426 427 427 3
0 474 468 482 427 428 427 3
0 483 484 485 429 430 430 1
0 484 486 485 430 431 430 1
0 487 488 489 432 433 433 2
0 488 490 489 433 434 433 2
0 491 492 493 435 436 436 1
0 492 494 493 436 437 436 1
0 495 496 497 438 439 439 2
0 496 498 497 439 440 439 2
0 495 499 489 441 442 442 3
0 499 500 489 442 443 442 3
0 501 496 502 444 445 445 3
0 496 490 502 445 446 445 3
0 503 504 505 447 448 448 1
0 504 506 505 448 449 448 1
0 507 508 509 450 451 451 2
0 508 510 509 451 452 451 2
0 511 512 513 453 454 454 1
0 512 514 513 454 455 454 1
0 515 516 517 456 457 457 2
0 516 518 517 457 458 457 2
0 515 519 509 459 460 460 3
0 519 520 509 460 461 460 3
0 521 516 522 462 463 463 3
0 516 510 522 463 464 463 3
0 523 524 525 465 466 466 1
0 524 526 525 466 467 466 1
0 527 528 529 468 469 469 2
0 528 530 529 469 470 469 2
0 531 532 533 471 472 472 1
0 532 534 533 472 473 472 1
0 535 536 537 474 475 475 2
0 536 538 537 475 476 475 2
0 535 539 529 477 478 478 3
0 539 540 529 478 479 478 3
0 541 536 542 480 481 481 3
0 536 530 542 481 482 481 3
0 543 544 545 483 484 484 1
0 544 546 545 484 485 484 1
0 547 548 549 486 487 487 2
0 548 550 549 487 488 487 2
0 551 552 553 489 490 490 1
0 552 554 553 490 491 490 1
0 555 556 557 492 493 493 2
0 556 558 557 493 494 493 2
0 555 559 549 495 496 496 3
0 559 560 549 496 497 496 3
0 561 556 562 498 499 499 3
0 556 550 562 499 500 499 3
0 563 564 565 501 502 502 1
0 564 566 565 502 503 502 1
0 567 568 569 504 505 505 2
0 568 570 569 505 506 505 2
0 571 572 573 507 508 508 1
0 572 574 573 508 509 508 1
0 575 576 577 510 511 511 2
0 576 578 577 511 512 511 2
0 575 579 569 513 514 514 3
0 579 580 569 514 515 514 3
0 581 576 582 516 517 517 3
0 576 570 582 517 518 517 3
0 583 584 585 519 520 520 1
0 584 586 585 520 521 520 1
0 587 588 589 522 523 523 2
0 588 590 589 523 524 523 2
0 591 592 593 525 526 526 1
0 592 594 593 526 527 526 1
0 595 596 597 528 529 529 2
0 596 598 597 529 530 529 2
0 595 599 589 531 532 532 3
0 599 600 589 532 533 532 3
0 601 596 602 534 535 535 3
0 596 590 602 535 536 535 3
0 603 604 605 537 538 538 1
0 604 606 605 538 539 538 1
0 607 608 609 540 541 541 2
0 608 610 609 541 542 541 2
0 611 612 613 543 544 544 1
0 612 614 613 544 545 544 1
0 615 616 617 546 547 547 2
0 616 618 617 547 548 547 2
0 615 619 609 549 550 550 3
0 619 620 609 550 551 550 3
0 621 622 623 552 553 553 3
0 622 624 623 553 554 553 3
0 625 626 627 555 556 557 2
0 628 629 630 558 559 560 2
0 631 628 632 561 562 563 1
0 628 633 632 562 564 563 1
0 626 634 627 556 565 557 2
0 630 629 635 560 559 566 2
0 632 633 636 563 564 567 1
0 632 636 637 563 567 568 1
0 634 638 627 565 569 557 2
0 635 629 639 566 559 570 2
0 637 636 640 568 567 571 1
0 636 641 640 567 572 571 1
0 638 642 627 569 573 557 2
0 639 629 643 570 559 574 2
0 640 641 644 571 572 575 1
0 640 644 645 571 575 576 1
0 642 646 627 573 577 557 2
0 643 629 647 574 559 578 2
0 645 644 648 576 575 579 1
0 644 649 648 575 580 579 1
0 646 650 627 577 581 557 2
0 647 629 651 578 559 582 2
0 648 649 652 579 580 583 1
0 648 652 653 579 583 584 1
0 650 654 627 581 585 557 2
0 651 629 655 582 559 586 2
0 653 652 656 584 583 587 1
0 652 657 656 583 588 587 1
0 654 658 627 585 589 557 2
0 655 629 659 586 559 590 2
0 656 657 660 587 588 591 1
0 656 660 661 587 591 592 1
0 658 662 627 589 593 557 2
0 659 629 663 590 559 594 2
0 661 660 664 592 591 595 1
0 660 665 664 591 596 595 1
0 662 666 627 593 597 557 2
0 663 629 667 594 559 598 2
0 664 665 668 595 596 599 1
0 664 668 669 595 599 600 1
0 666 670 627 597 601 557 2
0 667 629 671 598 559 602 2
0 669 668 672 600 599 603 1
0 668 673 672 599 604 603 1
0 670 625 627 601 555 557 2
0 671 629 628 602 559 558 2
0 672 673 674 603 604 605 1
0 672 674 675 603 605 606 1
0 676 677 678 607 608 609 2
0 679 680 681 610 611 612 2
0 682 679 683 613 614 615 1
0 679 684 683 614 616 615 1
0 677 685 678 608 617 609 2
0 681 680 686 612 611 618 2
0 683 684 687 615 616 619 1
0 683 687 688 615 619 620 1
0 685 689 678 617 621 609 2
0 686 680 690 618 611 622 2
0 688 687 691 620 619 623 1
0 687 692 691 619 624 623 1
0 689 693 678 621 625 609 2
0 690 680 694 622 611 626 2
0 691 692 695 623 624 627 1
0 691 695 696 623 627 628 1
0 693 697 678 625 629 609 2
0 694 680 698 626 611 630 2
0 696 695 699 628 627 631 1
0 695 700 699 627 632 631 1
0 697 701 678 629 633 609 2
0 698 680 702 630 611 634 2
0 699 700 703 631 632 635 1
0 699 703 704 631 635 636 1
0 701 705 678 633 637 609 2
0 702 680 706 634 611 638 2
0 704 703 707 636 635 639 1
0 703 708 707 635 640 639 1
0 705 709 678 637 641 609 2
0 706 680 710 638 611 642 2
0 707 708 711 639 640 643 1
0 707 711 712 639 643 644 1
0 709 713 678 641 645 609 2
0 710 680 714 642 611 646 2
0 712 711 715 644 643 647 1
0 711 716 715 643 648 647 1
0 713 717 678 645 649 609 2
0 714 680 718 646 611 650 2
0 715 716 719 647 648 651 1
0 715 719 720 647 651 652 1
0 717 721 678 649 653 609 2
0 718 680 722 650 611 654 2
0 720 719 723 652 651 655 1
0 719 724 723 651 656 655 1
0 721 676 678 653 607 609 2
0 722 680 679 654 611 610 2
0 723 724 725 655 656 657 1
0 723 725 726 655 657 658 1
0 727 728 729 659 660 660 1
0 728 730 729 660 661 660 1
0 731 732 733 662 663 663 2
0 732 734 733 663 664 663 2
0 735 736 737 665 666 666 1
0 736 738 737 666 667 666 1
0 739 740 741 668 669 669 2
0 740 742 741 669 670 669 2
0 739 743 733 671 672 672 3
0 743 744 733 672 673 672 3
0 745 740 746 674 675 675 3
0 740 734 746 675 676 675 3
0 747 748 749 677 678 679 2
0 750 751 752 680 681 682 2
0 753 750 754 683 684 685 1
0 750 752 754 684 686 685 1
0 748 755 749 678 687 679 2
0 752 751 756 682 681 688 2
0 754 752 756 685 686 689 1
0 754 756 757 685 689 690 1
0 755 758 749 687 691 679 2
0 756 751 759 688 681 692 2
0 757 756 760 690 689 693 1
0 756 759 760 689 694 693 1
0 758 761 749 691 695 679 2
0 759 751 762 692 681 696 2
0 760 759 762 693 694 697 1
0 760 762 763 693 697 698 1
0 761 764 749 695 699 679 2
0 762 751 765 696 681 700 2
0 763 762 766 698 697 701 1
0 762 765 766 697 702 701 1
0 764 767 749 699 703 679 2
0 765 751 768 700 681 704 2
0 766 765 768 701 702 705 1
0 766 768 769 701 705 706 1
0 767 770 749 703 707 679 2
0 768 751 771 704 681 708 2
0 769 768 772 706 705 709 1
0 768 771 772 705 710 709 1
0 770 773 749 707 711 679 2
0 771 751 774 708 681 712 2
0 772 771 774 709 710 713 1
0 772 774 775 709 713 714 1
0 773 776 749 711 715 679 2
0 774 751 777 712 681 716 2
0 775 774 778 714 713 717 1
0 774 777 778 713 718 717 1
0 776 779 749 715 719 679 2
0 777 751 780 716 681 720 2
0 778 777 780 717 718 721 1
0 778 780 781 717 721 722 1
0 779 782 749 719 723 679 2
0 780 751 783 720 681 724 2
0 781 780 784 722 721 725 1
0 780 783 784 721 726 725 1
0 782 747 749 723 677 679 2
0 783 751 750 724 681 680 2
0 784 783 750 725 726 684 1
0 784 750 753 725 684 683 1
0 785 786 787 691 727 728 2
0 788 789 790 729 730 731 2
0 785 791 786 732 733 734 1
0 791 792 786 733 735 734 1
0 786 793 787 727 736 728 2
0 790 789 794 731 730 737 2
0 786 792 795 734 735 738 1
0 786 795 793 734 738 739 1
0 793 796 787 736 740 728 2
0 794 789 797 737 730 741 2
0 793 795 796 739 738 742 1
0 795 798 796 738 743 742 1
0 796 799 787 740 744 728 2
0 797 789 800 741 730 745 2
0 796 798 801 742 743 746 1
0 796 801 799 742 746 747 1
0 799 802 787 744 748 728 2
0 800 789 803 745 730 749 2
0 799 801 802 747 746 750 1
0 801 804 802 746 751 750 1
0 802 805 787 748 752 728 2
0 803 789 806 749 730 753 2
0 802 804 807 750 751 754 1
0 802 807 805 750 754 755 1
0 805 808 787 752 756 728 2
0 806 789 809 753 730 757 2
0 805 807 808 755 754 758 1
0 807 810 808 754 759 758 1
0 808 811 787 756 760 728 2
0 809 789 812 757 730 761 2
0 808 810 813 758 759 762 1
0 808 813 811 758 762 763 1
0 811 814 787 760 764 728 2
0 812 789 815 761 730 765 2
0 811 813 814 763 762 766 1
0 813 816 814 762 767 766 1
0 814 817 787 764 768 728 2
0 815 789 818 765 730 769 2
0 814 816 819 766 767 770 1
0 814 819 817 766 770 771 1
0 817 820 787 768 772 728 2
0 818 789 821 769 730 773 2
0 817 819 820 771 770 774 1
0 819 822 820 770 775 774 1
0 820 785 787 772 691 728 2
0 821 789 788 773 730 729 2
0 820 822 791 774 775 733 1
0 820 791 785 774 733 732 1

Materials: 1
"Material01"
0.200000 0.200000 0.200000 1.000000
1.000000 1.000000 1.000000 1.000000
0.000000 0.000000 0.000000 1.000000
0.098039 0.098039 0.098039 1.000000
0.000000
1.000000
"m20.bmp"
""

Bones: 0
GroupComments: 0
MaterialComments: 0
BoneComments: 0
ModelComment: 0
