// MilkShape 3D ASCII

Frames: 30
Frame: 1

Meshes: 1
"Cube" 1 0
98
1 -0.436100 -0.238500 -1.095000 1.361650 -0.344440 -1
1 -0.769800 -0.421100 -0.958200 1.728690 -0.239610 -1
1 -0.814900 -0.250100 -1.014200 1.778200 -0.282540 -1
1 -0.429700 -0.419000 -0.953200 1.354610 -0.235840 -1
1 -0.824200 0.000000 -1.025800 1.788430 -0.291400 -1
1 -0.437700 0.000000 -1.120900 1.363480 -0.364280 -1
1 -0.000000 -0.254800 -1.192600 0.882120 -0.419200 -1
1 -0.000000 -0.450800 -1.025800 0.882120 -0.291400 -1
1 -0.000000 0.000000 -1.223600 0.882120 -0.442930 -1
1 -0.436100 0.238500 -1.095000 1.361650 -0.344440 -1
1 -0.814900 0.250100 -1.014200 1.778200 -0.282540 -1
1 -0.769800 0.421100 -0.958200 1.728690 -0.239610 -1
1 -0.429700 0.419000 -0.953200 1.354610 -0.235840 -1
1 -0.000000 0.254800 -1.192600 0.882120 -0.419200 -1
1 -0.000000 0.450800 -1.025800 0.882120 -0.291400 -1
1 0.436100 -0.238500 -1.095000 0.402580 -0.344440 -1
1 0.429700 -0.419000 -0.953200 0.409620 -0.235840 -1
1 0.437700 0.000000 -1.120900 0.400750 -0.364280 -1
1 0.814900 -0.250100 -1.014200 -0.013970 -0.282540 -1
1 0.769800 -0.421100 -0.958200 0.035540 -0.239610 -1
1 0.824200 0.000000 -1.025800 -0.024190 -0.291400 -1
1 0.436100 0.238500 -1.095000 0.402580 -0.344440 -1
1 0.429700 0.419000 -0.953200 0.409620 -0.235840 -1
1 0.814900 0.250100 -1.014200 -0.013970 -0.282540 -1
1 0.769800 0.421100 -0.958200 0.035540 -0.239610 -1
1 0.936100 -0.253800 -0.577500 -0.147260 0.051990 -1
1 0.814900 -0.445800 -0.569000 -0.013970 0.058480 -1
1 0.958200 0.000000 -0.579700 -0.171610 0.050300 -1
1 0.958200 -0.254800 -0.000000 -0.171610 0.494300 -1
1 0.824200 -0.450800 -0.000000 -0.024190 0.494300 -1
1 0.983100 0.000000 -0.000000 -0.198990 0.494300 -1
1 0.936100 0.253800 -0.577500 -0.147260 0.051990 -1
1 0.814900 0.445800 -0.569000 -0.013970 0.058480 -1
1 0.958200 0.254800 -0.000000 -0.171610 0.494300 -1
1 0.824200 0.450800 -0.000000 -0.024190 0.494300 -1
1 0.936100 -0.253800 0.577500 -0.147260 0.936610 -1
1 0.814900 -0.445800 0.569000 -0.013970 0.930110 -1
1 0.958200 0.000000 0.579700 -0.171610 0.938290 -1
1 0.814900 -0.250100 1.014200 -0.013970 1.271140 -1
1 0.769800 -0.421100 0.958200 0.035540 1.228210 -1
1 0.824200 0.000000 1.025800 -0.024200 1.280000 -1
1 0.936100 0.253800 0.577500 -0.147260 0.936610 -1
1 0.814900 0.445800 0.569000 -0.013970 0.930110 -1
1 0.814900 0.250100 1.014200 -0.013970 1.271140 -1
1 0.769800 0.421100 0.958200 0.035540 1.228210 -1
1 0.436100 -0.238500 1.095000 0.402580 1.333040 -1
1 0.429700 -0.419000 0.953200 0.409620 1.224430 -1
1 0.437700 0.000000 1.120900 0.400750 1.352880 -1
1 0.000000 -0.254800 1.192600 0.882120 1.407800 -1
1 0.000000 -0.450800 1.025800 0.882120 1.280000 -1
1 0.000000 0.000000 1.223600 0.882120 1.431530 -1
1 0.436100 0.238500 1.095000 0.402580 1.333040 -1
1 0.429700 0.419000 0.953200 0.409620 1.224430 -1
1 0.000000 0.254800 1.192600 0.882120 1.407800 -1
1 0.000000 0.450800 1.025800 0.882120 1.280000 -1
1 -0.436100 -0.238500 1.095000 1.361650 1.333040 -1
1 -0.429700 -0.419000 0.953200 1.354610 1.224430 -1
1 -0.437700 0.000000 1.120900 1.363480 1.352880 -1
1 -0.814900 -0.250100 1.014200 1.778200 1.271140 -1
1 -0.769800 -0.421100 0.958200 1.728690 1.228210 -1
1 -0.824200 0.000000 1.025800 1.788430 1.280000 -1
1 -0.436100 0.238500 1.095000 1.361650 1.333040 -1
1 -0.429700 0.419000 0.953200 1.354610 1.224430 -1
1 -0.814900 0.250100 1.014200 1.778200 1.271140 -1
1 -0.769800 0.421100 0.958200 1.728690 1.228210 -1
1 -0.936100 -0.253800 0.577500 1.911490 0.936610 -1
1 -0.814900 -0.445800 0.569000 1.778200 0.930110 -1
1 -0.958200 0.000000 0.579700 1.935840 0.938290 -1
1 -0.958200 -0.254800 0.000000 1.935840 0.494300 -1
1 -0.824200 -0.450800 0.000000 1.788430 0.494300 -1
1 -0.983100 0.000000 0.000000 1.963220 0.494300 -1
1 -0.936100 0.253800 0.577500 1.911490 0.936610 -1
1 -0.814900 0.445800 0.569000 1.778200 0.930110 -1
1 -0.958200 0.254800 0.000000 1.935840 0.494300 -1
1 -0.824200 0.450800 0.000000 1.788430 0.494300 -1
1 -0.936100 -0.253800 -0.577500 1.911490 0.051990 -1
1 -0.814900 -0.445800 -0.569000 1.778200 0.058480 -1
1 -0.958200 0.000000 -0.579700 1.935840 0.050300 -1
1 -0.936100 0.253800 -0.577500 1.911490 0.051990 -1
1 -0.814900 0.445800 -0.569000 1.778200 0.058490 -1
1 -0.436100 0.481300 0.542700 1.361650 0.910020 -1
1 0.000000 0.524200 0.579700 0.882120 0.938290 -1
1 -0.437700 0.492700 0.000000 1.363480 0.494300 -1
1 0.000000 0.537800 0.000000 0.882120 0.494300 -1
1 0.436100 0.481300 0.542700 0.402580 0.910020 -1
1 0.437700 0.492700 -0.000000 0.400750 0.494300 -1
1 -0.436100 0.481300 -0.542700 1.361650 0.078580 -1
1 -0.000000 0.524200 -0.579700 0.882120 0.050300 -1
1 0.436100 0.481300 -0.542700 0.402580 0.078580 -1
1 -0.436100 -0.481300 0.542700 1.361650 0.910020 -1
1 -0.437700 -0.492700 -0.000000 1.363480 0.494300 -1
1 0.000000 -0.524200 0.579700 0.882120 0.938290 -1
1 -0.000000 -0.537800 -0.000000 0.882120 0.494300 -1
1 -0.436100 -0.481300 -0.542700 1.361650 0.078580 -1
1 -0.000000 -0.524200 -0.579700 0.882120 0.050300 -1
1 0.436100 -0.481300 0.542700 0.402580 0.910020 -1
1 0.437700 -0.492700 -0.000000 0.400750 0.494300 -1
1 0.436100 -0.481300 -0.542700 0.402580 0.078580 -1
192
-0.185196 -0.349610 -0.918409
0.015375 -0.617354 -0.786535
-0.237571 -0.106445 -0.965520
-0.206766 -0.053001 -0.976954
-0.191075 -0.636159 -0.747524
-0.175576 -0.612010 -0.771114
-0.226846 -0.117625 -0.966802
-0.220949 -0.106757 -0.969425
-0.237571 0.106445 -0.965520
-0.206766 0.053001 -0.976954
0.015375 0.617354 -0.786535
-0.185196 0.349610 -0.918409
-0.226846 0.117625 -0.966802
-0.220949 0.106757 -0.969425
-0.191075 0.636159 -0.747524
-0.175576 0.612010 -0.771114
0.175576 -0.612010 -0.771114
0.191075 -0.636159 -0.747524
0.220949 -0.106757 -0.969425
0.226846 -0.117625 -0.966802
0.185196 -0.349610 -0.918409
-0.015375 -0.617354 -0.786535
0.206766 -0.053001 -0.976954
0.237571 -0.106445 -0.965520
0.220949 0.106757 -0.969425
0.226846 0.117625 -0.966802
0.175576 0.612010 -0.771114
0.191075 0.636159 -0.747524
0.206766 0.053001 -0.976954
0.237571 0.106445 -0.965520
0.185196 0.349610 -0.918409
-0.015375 0.617354 -0.786535
0.835740 -0.533347 -0.130692
0.910910 -0.323936 -0.255555
0.959829 -0.085894 -0.267115
0.956580 -0.048898 -0.287339
0.825373 -0.564286 -0.018449
0.844482 -0.534551 -0.033243
0.994532 -0.097189 -0.038227
0.995287 -0.087037 -0.042751
0.959829 0.085894 -0.267115
0.956580 0.048898 -0.287339
0.835740 0.533347 -0.130692
0.910910 0.323936 -0.255555
0.994532 0.097189 -0.038227
0.995287 0.087037 -0.042751
0.825373 0.564286 -0.018449
0.844482 0.534551 -0.033243
0.844482 -0.534551 0.033243
0.825373 -0.564286 0.018449
0.995287 -0.087037 0.042751
0.994532 -0.097189 0.038227
0.910910 -0.323936 0.255555
0.835740 -0.533347 0.130692
0.956580 -0.048898 0.287339
0.959829 -0.085894 0.267115
0.995287 0.087037 0.042751
0.994532 0.097189 0.038227
0.844482 0.534551 0.033243
0.825373 0.564286 0.018449
0.956580 0.048898 0.287339
0.959829 0.085894 0.267115
0.910910 0.323936 0.255555
0.835740 0.533347 0.130692
-0.015375 -0.617354 0.786535
0.185196 -0.349610 0.918409
0.237571 -0.106445 0.965520
0.206766 -0.053001 0.976954
0.191075 -0.636159 0.747524
0.175576 -0.612010 0.771114
0.226846 -0.117625 0.966802
0.220949 -0.106757 0.969425
0.237571 0.106445 0.965520
0.206766 0.053001 0.976954
-0.015375 0.617354 0.786535
0.185196 0.349610 0.918409
0.226846 0.117625 0.966802
0.220949 0.106757 0.969425
0.191075 0.636159 0.747524
0.175576 0.612010 0.771114
-0.175576 -0.612010 0.771114
-0.191075 -0.636159 0.747524
-0.220949 -0.106757 0.969425
-0.226846 -0.117625 0.966802
-0.185196 -0.349610 0.918409
0.015375 -0.617354 0.786535
-0.206766 -0.053001 0.976954
-0.237571 -0.106445 0.965520
-0.220949 0.106757 0.969425
-0.226846 0.117625 0.966802
-0.175576 0.612010 0.771114
-0.191075 0.636159 0.747524
-0.206766 0.053001 0.976954
-0.237571 0.106445 0.965520
-0.185196 0.349610 0.918409
0.015375 0.617354 0.786535
-0.835740 -0.533347 0.130692
-0.910910 -0.323936 0.255555
-0.959829 -0.085894 0.267115
-0.956580 -0.048898 0.287339
-0.825373 -0.564286 0.018449
-0.844482 -0.534551 0.033243
-0.994532 -0.097189 0.038227
-0.995287 -0.087037 0.042751
-0.959829 0.085894 0.267115
-0.956580 0.048898 0.287339
-0.835740 0.533347 0.130692
-0.910910 0.323936 0.255555
-0.994532 0.097189 0.038227
-0.995287 0.087037 0.042751
-0.825373 0.564286 0.018449
-0.844482 0.534551 0.033243
-0.844482 -0.534551 -0.033243
-0.825373 -0.564286 -0.018449
-0.995287 -0.087037 -0.042751
-0.994532 -0.097189 -0.038227
-0.910910 -0.323936 -0.255555
-0.835740 -0.533347 -0.130692
-0.956580 -0.048898 -0.287339
-0.959829 -0.085894 -0.267115
-0.995287 0.087037 -0.042751
-0.994532 0.097189 -0.038227
-0.844482 0.534551 -0.033243
-0.825373 0.564286 -0.018449
-0.956580 0.048898 -0.287339
-0.959829 0.085894 -0.267115
-0.910910 0.323936 -0.255555
-0.835740 0.533347 -0.130692
-0.088015 0.993423 0.073245
0.008309 0.988664 0.149916
-0.109445 0.982485 0.150814
-0.099951 0.981791 0.161541
-0.107753 0.993952 0.021197
-0.092597 0.995651 0.010263
-0.102473 0.994510 0.021193
-0.099834 0.994730 0.023337
0.109445 0.982485 0.150814
0.099951 0.981791 0.161541
0.088015 0.993423 0.073245
-0.008309 0.988664 0.149916
0.102473 0.994510 0.021193
0.099834 0.994730 0.023337
0.107753 0.993952 0.021197
0.092597 0.995651 0.010263
-0.092597 0.995651 -0.010263
-0.107753 0.993952 -0.021197
-0.099834 0.994730 -0.023337
-0.102473 0.994510 -0.021193
0.008309 0.988664 -0.149916
-0.088015 0.993423 -0.073245
-0.099951 0.981791 -0.161541
-0.109445 0.982485 -0.150814
0.099834 0.994730 -0.023337
0.102473 0.994510 -0.021193
0.092597 0.995651 -0.010263
0.107753 0.993952 -0.021197
0.099951 0.981791 -0.161541
0.109445 0.982485 -0.150814
-0.008309 0.988664 -0.149916
0.088015 0.993423 -0.073245
0.008309 -0.988664 0.149916
-0.088015 -0.993423 0.073245
-0.107753 -0.993952 0.021197
-0.092597 -0.995651 0.010263
-0.099951 -0.981791 0.161541
-0.109445 -0.982485 0.150814
-0.099834 -0.994730 0.023337
-0.102473 -0.994510 0.021193
-0.107753 -0.993952 -0.021197
-0.092597 -0.995651 -0.010263
-0.088015 -0.993423 -0.073245
0.008309 -0.988664 -0.149916
-0.099834 -0.994730 -0.023337
-0.102473 -0.994510 -0.021193
-0.099951 -0.981791 -0.161541
-0.109445 -0.982485 -0.150814
0.109445 -0.982485 0.150814
0.099951 -0.981791 0.161541
0.102473 -0.994510 0.021193
0.099834 -0.994730 0.023337
0.088015 -0.993423 0.073245
-0.008309 -0.988664 0.149916
0.092597 -0.995651 0.010263
0.107753 -0.993952 0.021197
0.102473 -0.994510 -0.021193
0.099834 -0.994730 -0.023337
0.109445 -0.982485 -0.150814
0.099951 -0.981791 -0.161541
0.092597 -0.995651 -0.010263
0.107753 -0.993952 -0.021197
0.088015 -0.993423 -0.073245
-0.008309 -0.988664 -0.149916
192
1 0 1 2 0 0 0 1
1 0 3 1 1 1 1 1
1 4 5 0 2 2 2 1
1 2 4 0 3 3 3 1
1 0 6 7 4 4 4 1
1 3 0 7 5 5 5 1
1 5 8 6 6 6 6 1
1 0 5 6 7 7 7 1
1 4 9 5 8 8 8 1
1 4 10 9 9 9 9 1
1 11 12 9 10 10 10 1
1 10 11 9 11 11 11 1
1 5 13 8 12 12 12 1
1 5 9 13 13 13 13 1
1 9 14 13 14 14 14 1
1 9 12 14 15 15 15 1
1 7 15 16 16 16 16 1
1 7 6 15 17 17 17 1
1 6 17 15 18 18 18 1
1 6 8 17 19 19 19 1
1 15 18 19 20 20 20 1
1 16 15 19 21 21 21 1
1 15 20 18 22 22 22 1
1 15 17 20 23 23 23 1
1 13 21 17 24 24 24 1
1 8 13 17 25 25 25 1
1 14 22 21 26 26 26 1
1 13 14 21 27 27 27 1
1 21 23 20 28 28 28 1
1 17 21 20 29 29 29 1
1 21 24 23 30 30 30 1
1 21 22 24 31 31 31 1
1 19 25 26 32 32 32 1
1 19 18 25 33 33 33 1
1 18 27 25 34 34 34 1
1 18 20 27 35 35 35 1
1 26 28 29 36 36 36 1
1 26 25 28 37 37 37 1
1 25 30 28 38 38 38 1
1 25 27 30 39 39 39 1
1 23 31 27 40 40 40 1
1 20 23 27 41 41 41 1
1 24 32 31 42 42 42 1
1 23 24 31 43 43 43 1
1 31 33 30 44 44 44 1
1 27 31 30 45 45 45 1
1 32 34 33 46 46 46 1
1 31 32 33 47 47 47 1
1 28 35 36 48 48 48 1
1 29 28 36 49 49 49 1
1 30 37 35 50 50 50 1
1 28 30 35 51 51 51 1
1 35 38 39 52 52 52 1
1 36 35 39 53 53 53 1
1 37 40 38 54 54 54 1
1 35 37 38 55 55 55 1
1 30 41 37 56 56 56 1
1 30 33 41 57 57 57 1
1 33 42 41 58 58 58 1
1 33 34 42 59 59 59 1
1 37 43 40 60 60 60 1
1 37 41 43 61 61 61 1
1 41 44 43 62 62 62 1
1 41 42 44 63 63 63 1
1 39 45 46 64 64 64 1
1 39 38 45 65 65 65 1
1 40 47 45 66 66 66 1
1 38 40 45 67 67 67 1
1 45 48 49 68 68 68 1
1 46 45 49 69 69 69 1
1 47 50 48 70 70 70 1
1 45 47 48 71 71 71 1
1 40 51 47 72 72 72 1
1 40 43 51 73 73 73 1
1 44 52 51 74 74 74 1
1 43 44 51 75 75 75 1
1 47 53 50 76 76 76 1
1 47 51 53 77 77 77 1
1 51 54 53 78 78 78 1
1 51 52 54 79 79 79 1
1 49 55 56 80 80 80 1
1 49 48 55 81 81 81 1
1 48 57 55 82 82 82 1
1 48 50 57 83 83 83 1
1 55 58 59 84 84 84 1
1 56 55 59 85 85 85 1
1 55 60 58 86 86 86 1
1 55 57 60 87 87 87 1
1 53 61 57 88 88 88 1
1 50 53 57 89 89 89 1
1 54 62 61 90 90 90 1
1 53 54 61 91 91 91 1
1 61 63 60 92 92 92 1
1 57 61 60 93 93 93 1
1 61 64 63 94 94 94 1
1 61 62 64 95 95 95 1
1 59 65 66 96 96 96 1
1 59 58 65 97 97 97 1
1 58 67 65 98 98 98 1
1 58 60 67 99 99 99 1
1 66 68 69 100 100 100 1
1 66 65 68 101 101 101 1
1 65 70 68 102 102 102 1
1 65 67 70 103 103 103 1
1 63 71 67 104 104 104 1
1 60 63 67 105 105 105 1
1 64 72 71 106 106 106 1
1 63 64 71 107 107 107 1
1 71 73 70 108 108 108 1
1 67 71 70 109 109 109 1
1 72 74 73 110 110 110 1
1 71 72 73 111 111 111 1
1 68 75 76 112 112 112 1
1 69 68 76 113 113 113 1
1 70 77 75 114 114 114 1
1 68 70 75 115 115 115 1
1 75 2 1 116 116 116 1
1 76 75 1 117 117 117 1
1 77 4 2 118 118 118 1
1 75 77 2 119 119 119 1
1 70 78 77 120 120 120 1
1 70 73 78 121 121 121 1
1 73 79 78 122 122 122 1
1 73 74 79 123 123 123 1
1 77 10 4 124 124 124 1
1 77 78 10 125 125 125 1
1 78 11 10 126 126 126 1
1 78 79 11 127 127 127 1
1 64 80 72 128 128 128 1
1 64 62 80 129 129 129 1
1 62 81 80 130 130 130 1
1 62 54 81 131 131 131 1
1 80 82 74 132 132 132 1
1 72 80 74 133 133 133 1
1 80 83 82 134 134 134 1
1 80 81 83 135 135 135 1
1 52 84 81 136 136 136 1
1 54 52 81 137 137 137 1
1 44 42 84 138 138 138 1
1 52 44 84 139 139 139 1
1 84 85 83 140 140 140 1
1 81 84 83 141 141 141 1
1 84 34 85 142 142 142 1
1 84 42 34 143 143 143 1
1 74 86 79 144 144 144 1
1 74 82 86 145 145 145 1
1 83 87 86 146 146 146 1
1 82 83 86 147 147 147 1
1 86 12 11 148 148 148 1
1 79 86 11 149 149 149 1
1 87 14 12 150 150 150 1
1 86 87 12 151 151 151 1
1 83 88 87 152 152 152 1
1 83 85 88 153 153 153 1
1 34 32 88 154 154 154 1
1 85 34 88 155 155 155 1
1 87 22 14 156 156 156 1
1 87 88 22 157 157 157 1
1 88 24 22 158 158 158 1
1 88 32 24 159 159 159 1
1 59 89 56 160 160 160 1
1 59 66 89 161 161 161 1
1 69 90 89 162 162 162 1
1 66 69 89 163 163 163 1
1 56 91 49 164 164 164 1
1 56 89 91 165 165 165 1
1 89 92 91 166 166 166 1
1 89 90 92 167 167 167 1
1 69 93 90 168 168 168 1
1 69 76 93 169 169 169 1
1 93 76 1 170 170 170 1
1 3 93 1 171 171 171 1
1 93 94 92 172 172 172 1
1 90 93 92 173 173 173 1
1 3 7 94 174 174 174 1
1 93 3 94 175 175 175 1
1 91 95 46 176 176 176 1
1 49 91 46 177 177 177 1
1 92 96 95 178 178 178 1
1 91 92 95 179 179 179 1
1 95 36 39 180 180 180 1
1 46 95 39 181 181 181 1
1 95 29 36 182 182 182 1
1 95 96 29 183 183 183 1
1 92 97 96 184 184 184 1
1 92 94 97 185 185 185 1
1 94 16 97 186 186 186 1
1 94 7 16 187 187 187 1
1 97 26 29 188 188 188 1
1 96 97 29 189 189 189 1
1 97 19 26 190 190 190 1
1 97 16 19 191 191 191 1

Materials: 1
"Material01"
0.200000 0.200000 0.200000 1.000000
1.000000 1.000000 1.000000 1.000000
0.000000 0.000000 0.000000 1.000000
0.211765 0.211765 0.211765 1.000000
0.000000
1.000000
"chutepack.bmp"
""

Bones: 0
GroupComments: 0
MaterialComments: 0
BoneComments: 0
ModelComment: 0
