// MilkShape 3D ASCII

Frames: 30
Frame: 1

Meshes: 3
"Regroup00" 1 1
27
1 8.889380 2.409651 -62.480549 0.000000 0.000000 -1
1 5.498848 -8.025339 -62.480549 0.000000 0.000000 -1
1 0.012850 -0.474508 -62.480549 0.000000 0.000000 -1
1 8.889380 2.409651 -46.813877 0.000000 0.000000 -1
1 0.012850 -0.474508 -46.813877 0.000000 0.000000 -1
1 5.498848 -8.025339 -46.813877 0.000000 0.000000 -1
1 8.889380 2.409651 -62.480549 0.000000 1.000000 -1
1 5.498848 -8.025339 -62.480549 0.200000 1.000000 -1
1 5.498848 -8.025339 -46.813877 0.200000 0.000000 -1
1 -5.473150 -8.025333 -62.480549 0.000000 0.000000 -1
1 -5.473150 -8.025337 -46.813877 0.000000 0.000000 -1
1 -5.473150 -8.025337 -46.813877 0.400000 0.000000 -1
1 -5.473150 -8.025333 -62.480549 0.400000 1.000000 -1
1 -8.863682 2.409651 -62.480549 0.000000 0.000000 -1
1 -8.863682 2.409651 -46.813877 0.000000 0.000000 -1
1 -8.863682 2.409651 -62.480549 0.600000 1.000000 -1
1 -8.863682 2.409651 -46.813877 0.600000 0.000000 -1
1 0.012848 8.858833 -62.480549 0.000000 0.000000 -1
1 0.012848 8.858833 -46.813877 0.000000 0.000000 -1
1 0.012848 8.858833 -46.813877 0.800000 0.000000 -1
1 0.012848 8.858833 -62.480549 0.800000 1.000000 -1
1 8.889380 2.409651 -62.480549 1.000000 1.000000 -1
1 8.889380 2.409651 -46.813877 1.000000 0.000000 -1
1 -0.630415 -0.046796 -54.313892 0.000000 0.000000 -1
1 -0.630415 -1.046796 -54.313892 0.000000 1.000000 -1
1 0.535627 -0.046796 -54.313892 1.000000 0.000000 -1
1 0.535627 -1.046796 -54.313892 1.000000 1.000000 -1
11
0.000000 0.000000 -1.000000
0.000000 0.000000 1.000000
0.951057 -0.309017 0.000000
0.587785 -0.809017 -0.000000
0.587785 -0.809017 0.000000
-0.587785 -0.809017 -0.000000
-0.587785 -0.809017 -0.000000
-0.951057 0.309017 -0.000000
-0.951057 0.309017 0.000000
-0.000000 1.000000 0.000000
0.587785 0.809017 0.000000
22
1 0 1 2 0 0 0 2
1 3 4 5 1 1 1 2
1 6 3 7 2 2 3 1
1 3 8 7 2 4 3 1
1 1 9 2 0 0 0 2
1 5 4 10 1 1 1 2
1 7 8 11 3 4 5 1
1 7 11 12 3 5 6 1
1 9 13 2 0 0 0 2
1 10 4 14 1 1 1 2
1 12 11 15 6 5 7 1
1 11 16 15 5 8 7 1
1 13 17 2 0 0 0 2
1 14 4 18 1 1 1 2
1 15 16 19 7 8 9 1
1 15 19 20 7 9 9 1
1 17 0 2 0 0 0 2
1 18 4 3 1 1 1 2
1 20 19 21 9 9 10 1
1 19 22 21 9 10 10 1
1 23 24 25 1 1 1 1
1 24 26 25 1 1 1 1
"Regroup02" 1 2
102
1 17.534904 1.713337 -32.342705 0.000000 0.000000 -1
1 15.184321 -7.059165 -32.342705 0.000000 0.000000 -1
1 -0.010095 1.713337 -32.342705 0.000000 0.000000 -1
1 17.534878 1.713329 3.600094 0.000000 0.000000 -1
1 -0.010124 1.713329 3.600094 0.000000 0.000000 -1
1 15.184294 -7.059172 3.600094 0.000000 0.000000 -1
1 17.534904 1.713337 -32.342705 0.000000 1.000000 -1
1 15.184321 -7.059165 -32.342705 0.083333 1.000000 -1
1 15.184294 -7.059172 3.600094 0.083333 0.000000 -1
1 8.762405 -13.481075 -32.342705 0.000000 0.000000 -1
1 8.762378 -13.481083 3.600094 0.000000 0.000000 -1
1 8.762378 -13.481083 3.600094 0.166667 0.000000 -1
1 8.762405 -13.481075 -32.342705 0.166667 1.000000 -1
1 -0.010095 -15.831661 -32.342705 0.000000 0.000000 -1
1 -0.010124 -15.831671 3.600094 0.000000 0.000000 -1
1 -0.010095 -15.831661 -32.342705 0.250000 1.000000 -1
1 -0.010124 -15.831671 3.600094 0.250000 0.000000 -1
1 -8.782596 -13.481075 -32.342705 0.000000 0.000000 -1
1 -8.782623 -13.481083 3.600094 0.000000 0.000000 -1
1 -8.782623 -13.481083 3.600094 0.333333 0.000000 -1
1 -8.782596 -13.481075 -32.342705 0.333333 1.000000 -1
1 -15.204512 -7.059165 -32.342705 0.000000 0.000000 -1
1 -15.204539 -7.059172 3.600094 0.000000 0.000000 -1
1 -15.204512 -7.059165 -32.342705 0.416667 1.000000 -1
1 -15.204539 -7.059172 3.600094 0.416667 0.000000 -1
1 -17.555096 1.713337 -32.342705 0.000000 0.000000 -1
1 -17.555124 1.713329 3.600094 0.000000 0.000000 -1
1 -17.555124 1.713329 3.600094 0.500000 0.000000 -1
1 -17.555096 1.713337 -32.342705 0.500000 1.000000 -1
1 -15.204512 10.485842 -32.342705 0.000000 0.000000 -1
1 -15.204539 10.485834 3.600094 0.000000 0.000000 -1
1 -15.204512 10.485842 -32.342705 0.583333 1.000000 -1
1 -15.204539 10.485834 3.600094 0.583333 0.000000 -1
1 -8.782596 16.907753 -32.342705 0.000000 0.000000 -1
1 -8.782623 16.907745 3.600094 0.000000 0.000000 -1
1 -8.782623 16.907745 3.600094 0.666667 0.000000 -1
1 -8.782596 16.907753 -32.342705 0.666667 1.000000 -1
1 -0.010095 19.258339 -32.342705 0.000000 0.000000 -1
1 -0.010124 19.258331 3.600094 0.000000 0.000000 -1
1 -0.010095 19.258339 -32.342705 0.750000 1.000000 -1
1 -0.010124 19.258331 3.600094 0.750000 0.000000 -1
1 8.762405 16.907753 -32.342705 0.000000 0.000000 -1
1 8.762378 16.907745 3.600094 0.000000 0.000000 -1
1 8.762378 16.907745 3.600094 0.833333 0.000000 -1
1 8.762405 16.907753 -32.342705 0.833333 1.000000 -1
1 15.184321 10.485842 -32.342705 0.000000 0.000000 -1
1 15.184294 10.485834 3.600094 0.000000 0.000000 -1
1 15.184321 10.485842 -32.342705 0.916667 1.000000 -1
1 15.184294 10.485834 3.600094 0.916667 0.000000 -1
1 17.534878 1.713329 3.600094 1.000000 0.000000 -1
1 17.534904 1.713337 -32.342705 1.000000 1.000000 -1
1 17.534904 1.713337 62.941444 0.000000 0.000000 -1
1 15.184321 -7.059165 62.941444 0.000000 0.000000 -1
1 -0.010095 1.713337 62.941444 0.000000 0.000000 -1
1 17.534878 1.713329 99.105331 0.000000 0.000000 -1
1 -0.010124 1.713329 99.105331 0.000000 0.000000 -1
1 15.184294 -7.059172 99.105331 0.000000 0.000000 -1
1 17.534904 1.713337 62.941444 0.000000 1.000000 -1
1 15.184321 -7.059165 62.941444 0.083333 1.000000 -1
1 15.184294 -7.059172 99.105331 0.083333 0.000000 -1
1 8.762405 -13.481075 62.941444 0.000000 0.000000 -1
1 8.762378 -13.481083 99.105331 0.000000 0.000000 -1
1 8.762378 -13.481083 99.105331 0.166667 0.000000 -1
1 8.762405 -13.481075 62.941444 0.166667 1.000000 -1
1 -0.010095 -15.831661 62.941444 0.000000 0.000000 -1
1 -0.010124 -15.831671 99.105331 0.000000 0.000000 -1
1 -0.010095 -15.831661 62.941444 0.250000 1.000000 -1
1 -0.010124 -15.831671 99.105331 0.250000 0.000000 -1
1 -8.782596 -13.481075 62.941444 0.000000 0.000000 -1
1 -8.782623 -13.481083 99.105331 0.000000 0.000000 -1
1 -8.782623 -13.481083 99.105331 0.333333 0.000000 -1
1 -8.782596 -13.481075 62.941444 0.333333 1.000000 -1
1 -15.204512 -7.059165 62.941444 0.000000 0.000000 -1
1 -15.204539 -7.059172 99.105331 0.000000 0.000000 -1
1 -15.204512 -7.059165 62.941444 0.416667 1.000000 -1
1 -15.204539 -7.059172 99.105331 0.416667 0.000000 -1
1 -17.555096 1.713337 62.941444 0.000000 0.000000 -1
1 -17.555124 1.713329 99.105331 0.000000 0.000000 -1
1 -17.555124 1.713329 99.105331 0.500000 0.000000 -1
1 -17.555096 1.713337 62.941444 0.500000 1.000000 -1
1 -15.204512 10.485842 62.941444 0.000000 0.000000 -1
1 -15.204539 10.485834 99.105331 0.000000 0.000000 -1
1 -15.204512 10.485842 62.941444 0.583333 1.000000 -1
1 -15.204539 10.485834 99.105331 0.583333 0.000000 -1
1 -8.782596 16.907753 62.941444 0.000000 0.000000 -1
1 -8.782623 16.907745 99.105331 0.000000 0.000000 -1
1 -8.782623 16.907745 99.105331 0.666667 0.000000 -1
1 -8.782596 16.907753 62.941444 0.666667 1.000000 -1
1 -0.010095 19.258339 62.941444 0.000000 0.000000 -1
1 -0.010124 19.258331 99.105331 0.000000 0.000000 -1
1 -0.010095 19.258339 62.941444 0.750000 1.000000 -1
1 -0.010124 19.258331 99.105331 0.750000 0.000000 -1
1 8.762405 16.907753 62.941444 0.000000 0.000000 -1
1 8.762378 16.907745 99.105331 0.000000 0.000000 -1
1 8.762378 16.907745 99.105331 0.833333 0.000000 -1
1 8.762405 16.907753 62.941444 0.833333 1.000000 -1
1 15.184321 10.485842 62.941444 0.000000 0.000000 -1
1 15.184294 10.485834 99.105331 0.000000 0.000000 -1
1 15.184321 10.485842 62.941444 0.916667 1.000000 -1
1 15.184294 10.485834 99.105331 0.916667 0.000000 -1
1 17.534878 1.713329 99.105331 1.000000 0.000000 -1
1 17.534904 1.713337 62.941444 1.000000 1.000000 -1
54
0.000000 0.000000 -1.000000
0.000000 0.000000 1.000000
0.965926 -0.258819 0.000001
0.965926 -0.258819 0.000001
0.866025 -0.500000 0.000001
0.866025 -0.500000 0.000001
0.500000 -0.866025 0.000000
0.500000 -0.866025 0.000000
-0.000000 -1.000000 -0.000000
-0.000000 -1.000000 -0.000000
-0.500000 -0.866025 -0.000001
-0.500000 -0.866025 -0.000001
-0.866025 -0.500000 -0.000001
-0.866025 -0.500000 -0.000001
-1.000000 -0.000000 -0.000001
-1.000000 -0.000000 -0.000001
-0.866025 0.500000 -0.000001
-0.866025 0.500000 -0.000001
-0.500000 0.866025 -0.000000
-0.500000 0.866025 -0.000000
-0.000000 1.000000 0.000000
-0.000000 1.000000 0.000000
0.500000 0.866026 0.000001
0.500000 0.866025 0.000001
0.866025 0.500000 0.000001
0.866025 0.500000 0.000001
0.965926 0.258819 0.000001
0.965926 0.258819 0.000001
0.965926 -0.258819 0.000001
0.965926 -0.258819 0.000001
0.866025 -0.500000 0.000001
0.866025 -0.500000 0.000001
0.500000 -0.866025 0.000000
0.500000 -0.866025 0.000000
-0.000000 -1.000000 -0.000000
-0.000000 -1.000000 -0.000000
-0.500000 -0.866025 -0.000001
-0.500000 -0.866025 -0.000001
-0.866025 -0.500000 -0.000001
-0.866025 -0.500000 -0.000001
-1.000000 -0.000000 -0.000001
-1.000000 -0.000000 -0.000001
-0.866025 0.500000 -0.000001
-0.866025 0.500000 -0.000001
-0.500000 0.866025 -0.000000
-0.500000 0.866025 -0.000000
-0.000000 1.000000 0.000000
-0.000000 1.000000 0.000000
0.500000 0.866025 0.000001
0.500000 0.866025 0.000001
0.866025 0.500000 0.000001
0.866025 0.500000 0.000001
0.965926 0.258819 0.000001
0.965926 0.258819 0.000001
96
1 0 1 2 0 0 0 2
1 3 4 5 1 1 1 2
1 6 3 7 2 3 4 1
1 3 8 7 3 5 4 1
1 1 9 2 0 0 0 2
1 5 4 10 1 1 1 2
1 7 8 11 4 5 6 1
1 7 11 12 4 6 7 1
1 9 13 2 0 0 0 2
1 10 4 14 1 1 1 2
1 12 11 15 7 6 8 1
1 11 16 15 6 9 8 1
1 13 17 2 0 0 0 2
1 14 4 18 1 1 1 2
1 15 16 19 8 9 10 1
1 15 19 20 8 10 11 1
1 17 21 2 0 0 0 2
1 18 4 22 1 1 1 2
1 20 19 23 11 10 12 1
1 19 24 23 10 13 12 1
1 21 25 2 0 0 0 2
1 22 4 26 1 1 1 2
1 23 24 27 12 13 14 1
1 23 27 28 12 14 15 1
1 25 29 2 0 0 0 2
1 26 4 30 1 1 1 2
1 28 27 31 15 14 16 1
1 27 32 31 14 17 16 1
1 29 33 2 0 0 0 2
1 30 4 34 1 1 1 2
1 31 32 35 16 17 18 1
1 31 35 36 16 18 19 1
1 33 37 2 0 0 0 2
1 34 4 38 1 1 1 2
1 36 35 39 19 18 20 1
1 35 40 39 18 21 20 1
1 37 41 2 0 0 0 2
1 38 4 42 1 1 1 2
1 39 40 43 20 21 22 1
1 39 43 44 20 22 23 1
1 41 45 2 0 0 0 2
1 42 4 46 1 1 1 2
1 44 43 47 23 22 24 1
1 43 48 47 22 25 24 1
1 45 0 2 0 0 0 2
1 46 4 3 1 1 1 2
1 47 48 49 24 25 26 1
1 47 49 50 24 26 27 1
1 51 52 53 0 0 0 2
1 54 55 56 1 1 1 2
1 57 54 58 28 29 30 1
1 54 59 58 29 31 30 1
1 52 60 53 0 0 0 2
1 56 55 61 1 1 1 2
1 58 59 62 30 31 32 1
1 58 62 63 30 32 33 1
1 60 64 53 0 0 0 2
1 61 55 65 1 1 1 2
1 63 62 66 33 32 34 1
1 62 67 66 32 35 34 1
1 64 68 53 0 0 0 2
1 65 55 69 1 1 1 2
1 66 67 70 34 35 36 1
1 66 70 71 34 36 37 1
1 68 72 53 0 0 0 2
1 69 55 73 1 1 1 2
1 71 70 74 37 36 38 1
1 70 75 74 36 39 38 1
1 72 76 53 0 0 0 2
1 73 55 77 1 1 1 2
1 74 75 78 38 39 40 1
1 74 78 79 38 40 41 1
1 76 80 53 0 0 0 2
1 77 55 81 1 1 1 2
1 79 78 82 41 40 42 1
1 78 83 82 40 43 42 1
1 80 84 53 0 0 0 2
1 81 55 85 1 1 1 2
1 82 83 86 42 43 44 1
1 82 86 87 42 44 45 1
1 84 88 53 0 0 0 2
1 85 55 89 1 1 1 2
1 87 86 90 45 44 46 1
1 86 91 90 44 47 46 1
1 88 92 53 0 0 0 2
1 89 55 93 1 1 1 2
1 90 91 94 46 47 48 1
1 90 94 95 46 48 49 1
1 92 96 53 0 0 0 2
1 93 55 97 1 1 1 2
1 95 94 98 49 48 50 1
1 94 99 98 48 51 50 1
1 96 51 53 0 0 0 2
1 97 55 54 1 1 1 2
1 98 99 100 50 51 52 1
1 98 100 101 50 52 53 1
"Regroup03" 1 0
51
1 15.939903 1.713337 -57.002029 0.000000 0.000000 -1
1 13.803009 -6.261664 -57.002029 0.000000 0.000000 -1
1 -0.010096 1.713337 -57.002029 0.000000 0.000000 -1
1 15.939879 1.713329 114.597977 0.000000 0.000000 -1
1 -0.010122 1.713329 114.597977 0.000000 0.000000 -1
1 13.802984 -6.261671 114.597977 0.000000 0.000000 -1
1 15.939903 1.713337 -57.002029 0.000000 1.000000 -1
1 13.803009 -6.261664 -57.002029 0.083333 1.000000 -1
1 13.802984 -6.261671 114.597977 0.083333 0.000000 -1
1 7.964904 -12.099764 -57.002029 0.000000 0.000000 -1
1 7.964879 -12.099771 114.597977 0.000000 0.000000 -1
1 7.964879 -12.099771 114.597977 0.166667 0.000000 -1
1 7.964904 -12.099764 -57.002029 0.166667 1.000000 -1
1 -0.010096 -14.236662 -57.002029 0.000000 0.000000 -1
1 -0.010122 -14.236670 114.597977 0.000000 0.000000 -1
1 -0.010096 -14.236662 -57.002029 0.250000 1.000000 -1
1 -0.010122 -14.236670 114.597977 0.250000 0.000000 -1
1 -7.985097 -12.099764 -57.002029 0.000000 0.000000 -1
1 -7.985122 -12.099771 114.597977 0.000000 0.000000 -1
1 -7.985122 -12.099771 114.597977 0.333333 0.000000 -1
1 -7.985097 -12.099764 -57.002029 0.333333 1.000000 -1
1 -13.823202 -6.261664 -57.002029 0.000000 0.000000 -1
1 -13.823227 -6.261671 114.597977 0.000000 0.000000 -1
1 -13.823202 -6.261664 -57.002029 0.416667 1.000000 -1
1 -13.823227 -6.261671 114.597977 0.416667 0.000000 -1
1 -15.960096 1.713337 -57.002029 0.000000 0.000000 -1
1 -15.960123 1.713329 114.597977 0.000000 0.000000 -1
1 -15.960123 1.713329 114.597977 0.500000 0.000000 -1
1 -15.960096 1.713337 -57.002029 0.500000 1.000000 -1
1 -13.823202 9.688341 -57.002029 0.000000 0.000000 -1
1 -13.823227 9.688334 114.597977 0.000000 0.000000 -1
1 -13.823202 9.688341 -57.002029 0.583333 1.000000 -1
1 -13.823227 9.688334 114.597977 0.583333 0.000000 -1
1 -7.985097 15.526440 -57.002029 0.000000 0.000000 -1
1 -7.985122 15.526432 114.597977 0.000000 0.000000 -1
1 -7.985122 15.526432 114.597977 0.666667 0.000000 -1
1 -7.985097 15.526440 -57.002029 0.666667 1.000000 -1
1 -0.010096 17.663342 -57.002029 0.000000 0.000000 -1
1 -0.010122 17.663330 114.597977 0.000000 0.000000 -1
1 -0.010096 17.663342 -57.002029 0.750000 1.000000 -1
1 -0.010122 17.663330 114.597977 0.750000 0.000000 -1
1 7.964904 15.526440 -57.002029 0.000000 0.000000 -1
1 7.964879 15.526432 114.597977 0.000000 0.000000 -1
1 7.964879 15.526432 114.597977 0.833333 0.000000 -1
1 7.964904 15.526440 -57.002029 0.833333 1.000000 -1
1 13.803009 9.688341 -57.002029 0.000000 0.000000 -1
1 13.802984 9.688334 114.597977 0.000000 0.000000 -1
1 13.803009 9.688341 -57.002029 0.916667 1.000000 -1
1 13.802984 9.688334 114.597977 0.916667 0.000000 -1
1 15.939879 1.713329 114.597977 1.000000 0.000000 -1
1 15.939903 1.713337 -57.002029 1.000000 1.000000 -1
28
0.000000 0.000000 -1.000000
0.000000 0.000000 1.000000
0.965926 -0.258819 0.000000
0.965926 -0.258819 0.000000
0.866025 -0.500000 0.000000
0.866025 -0.500000 0.000000
0.500000 -0.866025 0.000000
0.500000 -0.866025 0.000000
0.000000 -1.000000 -0.000000
-0.000000 -1.000000 -0.000000
-0.500000 -0.866025 -0.000000
-0.500000 -0.866025 -0.000000
-0.866025 -0.500000 -0.000000
-0.866025 -0.500000 -0.000000
-1.000000 -0.000000 -0.000000
-1.000000 -0.000000 -0.000000
-0.866025 0.500000 -0.000000
-0.866025 0.500000 -0.000000
-0.500000 0.866025 -0.000000
-0.500000 0.866025 -0.000000
0.000000 1.000000 0.000000
-0.000000 1.000000 0.000000
0.500000 0.866025 0.000000
0.500000 0.866025 0.000000
0.866025 0.500000 0.000000
0.866025 0.500000 0.000000
0.965926 0.258819 0.000000
0.965926 0.258819 0.000000
48
1 0 1 2 0 0 0 2
1 3 4 5 1 1 1 2
1 6 3 7 2 3 4 1
1 3 8 7 3 5 4 1
1 1 9 2 0 0 0 2
1 5 4 10 1 1 1 2
1 7 8 11 4 5 6 1
1 7 11 12 4 6 7 1
1 9 13 2 0 0 0 2
1 10 4 14 1 1 1 2
1 12 11 15 7 6 8 1
1 11 16 15 6 9 8 1
1 13 17 2 0 0 0 2
1 14 4 18 1 1 1 2
1 15 16 19 8 9 10 1
1 15 19 20 8 10 11 1
1 17 21 2 0 0 0 2
1 18 4 22 1 1 1 2
1 20 19 23 11 10 12 1
1 19 24 23 10 13 12 1
1 21 25 2 0 0 0 2
1 22 4 26 1 1 1 2
1 23 24 27 12 13 14 1
1 23 27 28 12 14 15 1
1 25 29 2 0 0 0 2
1 26 4 30 1 1 1 2
1 28 27 31 15 14 16 1
1 27 32 31 14 17 16 1
1 29 33 2 0 0 0 2
1 30 4 34 1 1 1 2
1 31 32 35 16 17 18 1
1 31 35 36 16 18 19 1
1 33 37 2 0 0 0 2
1 34 4 38 1 1 1 2
1 36 35 39 19 18 20 1
1 35 40 39 18 21 20 1
1 37 41 2 0 0 0 2
1 38 4 42 1 1 1 2
1 39 40 43 20 21 22 1
1 39 43 44 20 22 23 1
1 41 45 2 0 0 0 2
1 42 4 46 1 1 1 2
1 44 43 47 23 22 24 1
1 43 48 47 22 25 24 1
1 45 0 2 0 0 0 2
1 46 4 3 1 1 1 2
1 47 48 49 24 25 26 1
1 47 49 50 24 26 27 1

Materials: 3
"Material01"
0.200000 0.200000 0.200000 1.000000
1.000000 0.000000 0.000000 1.000000
0.000000 0.000000 0.000000 1.000000
0.725490 0.000000 0.000000 1.000000
0.000000
1.000000
"sphere_chrome.bmp"
""
"Material02"
0.200000 0.200000 0.200000 1.000000
1.000000 1.000000 1.000000 1.000000
0.000000 0.000000 0.000000 1.000000
0.501961 0.501961 0.501961 1.000000
0.000000
1.000000
"sphere_chrome.bmp"
""
"Material03"
0.200000 0.200000 0.200000 1.000000
0.125490 0.125490 0.125490 1.000000
0.000000 0.000000 0.000000 1.000000
0.000000 0.000000 0.000000 1.000000
0.000000
1.000000
""
""

Bones: 0
GroupComments: 0
MaterialComments: 0
BoneComments: 0
ModelComment: 0
