// MilkShape 3D ASCII

Frames: 30
Frame: 1

Meshes: 3
"Regroup00" 0 1
129
0 8.889380 16.076317 -62.480549 0.000000 0.000000 -1
0 5.498848 5.641327 -62.480549 0.000000 0.000000 -1
0 0.012850 13.192159 -62.480549 0.000000 0.000000 -1
0 8.889380 16.076317 -46.813877 0.000000 0.000000 -1
0 0.012850 13.192159 -46.813877 0.000000 0.000000 -1
0 5.498848 5.641327 -46.813877 0.000000 0.000000 -1
0 8.889380 16.076317 -62.480549 0.000000 1.000000 -1
0 5.498848 5.641327 -62.480549 0.200000 1.000000 -1
0 5.498848 5.641327 -46.813877 0.200000 0.000000 -1
0 -5.473150 5.641333 -62.480549 0.000000 0.000000 -1
0 -5.473150 5.641329 -46.813877 0.000000 0.000000 -1
0 -5.473150 5.641329 -46.813877 0.400000 0.000000 -1
0 -5.473150 5.641333 -62.480549 0.400000 1.000000 -1
0 -8.863682 16.076317 -62.480549 0.000000 0.000000 -1
0 -8.863682 16.076317 -46.813877 0.000000 0.000000 -1
0 -8.863682 16.076317 -62.480549 0.600000 1.000000 -1
0 -8.863682 16.076317 -46.813877 0.600000 0.000000 -1
0 0.012848 22.525497 -62.480549 0.000000 0.000000 -1
0 0.012848 22.525497 -46.813877 0.000000 0.000000 -1
0 0.012848 22.525497 -46.813877 0.800000 0.000000 -1
0 0.012848 22.525497 -62.480549 0.800000 1.000000 -1
0 8.889380 16.076317 -62.480549 1.000000 1.000000 -1
0 8.889380 16.076317 -46.813877 1.000000 0.000000 -1
0 -7.210619 -11.023685 -62.480549 0.000000 0.000000 -1
0 -10.601151 -21.458675 -62.480549 0.000000 0.000000 -1
0 -16.087151 -13.907846 -62.480549 0.000000 0.000000 -1
0 -7.210619 -11.023685 -46.813877 0.000000 0.000000 -1
0 -16.087151 -13.907846 -46.813877 0.000000 0.000000 -1
0 -10.601151 -21.458675 -46.813877 0.000000 0.000000 -1
0 -7.210619 -11.023685 -62.480549 0.000000 1.000000 -1
0 -10.601151 -21.458675 -62.480549 0.200000 1.000000 -1
0 -10.601151 -21.458675 -46.813877 0.200000 0.000000 -1
0 -21.573151 -21.458668 -62.480549 0.000000 0.000000 -1
0 -21.573151 -21.458672 -46.813877 0.000000 0.000000 -1
0 -21.573151 -21.458672 -46.813877 0.400000 0.000000 -1
0 -21.573151 -21.458668 -62.480549 0.400000 1.000000 -1
0 -24.963680 -11.023688 -62.480549 0.000000 0.000000 -1
0 -24.963680 -11.023688 -46.813877 0.000000 0.000000 -1
0 -24.963680 -11.023688 -62.480549 0.600000 1.000000 -1
0 -24.963680 -11.023688 -46.813877 0.600000 0.000000 -1
0 -16.087151 -4.574507 -62.480549 0.000000 0.000000 -1
0 -16.087151 -4.574507 -46.813877 0.000000 0.000000 -1
0 -16.087151 -4.574507 -46.813877 0.800000 0.000000 -1
0 -16.087151 -4.574507 -62.480549 0.800000 1.000000 -1
0 -7.210619 -11.023685 -62.480549 1.000000 1.000000 -1
0 -7.210619 -11.023685 -46.813877 1.000000 0.000000 -1
0 24.989378 -11.223685 -62.480549 0.000000 0.000000 -1
0 21.598848 -21.658676 -62.480549 0.000000 0.000000 -1
0 16.112848 -14.107847 -62.480549 0.000000 0.000000 -1
0 24.989378 -11.223685 -46.813877 0.000000 0.000000 -1
0 16.112848 -14.107847 -46.813877 0.000000 0.000000 -1
0 21.598848 -21.658676 -46.813877 0.000000 0.000000 -1
0 24.989378 -11.223685 -62.480549 0.000000 1.000000 -1
0 21.598848 -21.658676 -62.480549 0.200000 1.000000 -1
0 21.598848 -21.658676 -46.813877 0.200000 0.000000 -1
0 10.626848 -21.658669 -62.480549 0.000000 0.000000 -1
0 10.626848 -21.658672 -46.813877 0.000000 0.000000 -1
0 10.626848 -21.658672 -46.813877 0.400000 0.000000 -1
0 10.626848 -21.658669 -62.480549 0.400000 1.000000 -1
0 7.236319 -11.223689 -62.480549 0.000000 0.000000 -1
0 7.236319 -11.223689 -46.813877 0.000000 0.000000 -1
0 7.236319 -11.223689 -62.480549 0.600000 1.000000 -1
0 7.236319 -11.223689 -46.813877 0.600000 0.000000 -1
0 16.112848 -4.774508 -62.480549 0.000000 0.000000 -1
0 16.112848 -4.774508 -46.813877 0.000000 0.000000 -1
0 16.112848 -4.774508 -46.813877 0.800000 0.000000 -1
0 16.112848 -4.774508 -62.480549 0.800000 1.000000 -1
0 24.989378 -11.223685 -62.480549 1.000000 1.000000 -1
0 24.989378 -11.223685 -46.813877 1.000000 0.000000 -1
0 -0.630415 13.619870 -54.313892 0.000000 0.000000 -1
0 -0.630415 12.619870 -54.313892 0.000000 1.000000 -1
0 0.535627 13.619870 -54.313892 1.000000 0.000000 -1
0 0.535627 12.619870 -54.313892 1.000000 1.000000 -1
0 0.535627 13.619870 -54.313892 0.000000 0.000000 -1
0 0.535627 12.619870 -54.313892 0.000000 1.000000 -1
0 0.535627 -2.808702 -108.647217 1.000000 0.000000 -1
0 0.535627 -3.808704 -108.647217 1.000000 1.000000 -1
0 0.535627 -2.808702 -108.647217 0.000000 0.000000 -1
0 0.535627 -3.808704 -108.647217 0.000000 1.000000 -1
0 -0.630415 -2.808702 -108.647217 1.000000 0.000000 -1
0 -0.630415 -3.808704 -108.647217 1.000000 1.000000 -1
0 -0.630415 -2.808702 -108.647217 0.000000 0.000000 -1
0 -0.630415 -3.808704 -108.647217 0.000000 1.000000 -1
0 -0.630415 13.619870 -54.313892 1.000000 0.000000 -1
0 -0.630415 12.619870 -54.313892 1.000000 1.000000 -1
0 -0.630415 13.619870 -54.313892 0.000000 1.000000 -1
0 0.535627 13.619870 -54.313892 1.000000 1.000000 -1
0 -0.630415 12.619870 -54.313892 0.000000 0.000000 -1
0 0.535627 12.619870 -54.313892 1.000000 0.000000 -1
0 -16.830414 -13.580131 -54.313892 0.000000 0.000000 -1
0 -16.830414 -14.580132 -54.313892 0.000000 1.000000 -1
0 -15.664374 -13.580131 -54.313892 1.000000 0.000000 -1
0 -15.664374 -14.580132 -54.313892 1.000000 1.000000 -1
0 -15.664374 -13.580131 -54.313892 0.000000 0.000000 -1
0 -15.664374 -14.580132 -54.313892 0.000000 1.000000 -1
0 0.489470 -2.865846 -108.647217 1.000000 0.000000 -1
0 0.489470 -3.865847 -108.647217 1.000000 1.000000 -1
0 0.489470 -2.865846 -108.647217 0.000000 0.000000 -1
0 0.489470 -3.865847 -108.647217 0.000000 1.000000 -1
0 -0.676569 -2.865846 -108.647217 1.000000 0.000000 -1
0 -0.676569 -3.865847 -108.647217 1.000000 1.000000 -1
0 -0.676569 -2.865846 -108.647217 0.000000 0.000000 -1
0 -0.676569 -3.865847 -108.647217 0.000000 1.000000 -1
0 -16.830414 -13.580131 -54.313892 1.000000 0.000000 -1
0 -16.830414 -14.580132 -54.313892 1.000000 1.000000 -1
0 -16.830414 -13.580131 -54.313892 0.000000 1.000000 -1
0 -15.664374 -13.580131 -54.313892 1.000000 1.000000 -1
0 -16.830414 -14.580132 -54.313892 0.000000 0.000000 -1
0 -15.664374 -14.580132 -54.313892 1.000000 0.000000 -1
0 15.469584 -13.580131 -54.313892 0.000000 0.000000 -1
0 15.469584 -14.580132 -54.313892 0.000000 1.000000 -1
0 16.635622 -13.580131 -54.313892 1.000000 0.000000 -1
0 16.635622 -14.580132 -54.313892 1.000000 1.000000 -1
0 16.635622 -13.580131 -54.313892 0.000000 0.000000 -1
0 16.635622 -14.580132 -54.313892 0.000000 1.000000 -1
0 0.558693 -2.865846 -108.647217 1.000000 0.000000 -1
0 0.558693 -3.865847 -108.647217 1.000000 1.000000 -1
0 0.558693 -2.865846 -108.647217 0.000000 0.000000 -1
0 0.558693 -3.865847 -108.647217 0.000000 1.000000 -1
0 -0.607349 -2.865846 -108.647217 1.000000 0.000000 -1
0 -0.607349 -3.865847 -108.647217 1.000000 1.000000 -1
0 -0.607349 -2.865846 -108.647217 0.000000 0.000000 -1
0 -0.607349 -3.865847 -108.647217 0.000000 1.000000 -1
0 15.469584 -13.580131 -54.313892 1.000000 0.000000 -1
0 15.469584 -14.580132 -54.313892 1.000000 1.000000 -1
0 15.469584 -13.580131 -54.313892 0.000000 1.000000 -1
0 16.635622 -13.580131 -54.313892 1.000000 1.000000 -1
0 15.469584 -14.580132 -54.313892 0.000000 0.000000 -1
0 16.635622 -14.580132 -54.313892 1.000000 0.000000 -1
39
0.000000 0.000000 -1.000000
0.000000 0.000000 1.000000
0.951057 -0.309017 0.000000
0.587785 -0.809017 -0.000000
0.587785 -0.809017 0.000000
-0.587785 -0.809017 -0.000000
-0.587785 -0.809017 -0.000000
-0.951057 0.309017 -0.000000
-0.951057 0.309017 0.000000
-0.000000 1.000000 0.000000
-0.000000 1.000000 0.000000
0.587785 0.809017 0.000000
0.587785 -0.809017 -0.000000
0.587785 -0.809017 0.000000
-0.587785 -0.809017 -0.000000
-0.587786 -0.809017 -0.000000
-0.951057 0.309017 -0.000000
-0.000000 1.000000 0.000000
0.587785 0.809017 0.000000
0.951057 -0.309017 0.000000
0.587785 -0.809017 -0.000000
0.587785 -0.809017 0.000000
-0.587786 -0.809017 -0.000000
-0.587786 -0.809017 -0.000000
-0.951057 0.309017 -0.000000
-0.000000 1.000000 0.000000
0.587785 0.809017 0.000000
1.000000 0.000000 0.000000
-1.000000 0.000000 0.000000
0.000000 0.957201 -0.289425
0.000000 -0.957201 0.289425
0.958533 0.000000 0.284982
-0.958533 0.000000 -0.284982
0.000000 0.981106 0.193470
0.000000 -0.981106 -0.193470
0.958903 0.000000 -0.283734
0.958903 0.000000 -0.283734
-0.958903 0.000000 0.283734
0.000000 0.981106 0.193470
96
0 0 1 2 0 0 0 2
0 3 4 5 1 1 1 2
0 6 3 7 2 2 3 1
0 3 8 7 2 4 3 1
0 1 9 2 0 0 0 2
0 5 4 10 1 1 1 2
0 7 8 11 3 4 5 1
0 7 11 12 3 5 6 1
0 9 13 2 0 0 0 2
0 10 4 14 1 1 1 2
0 12 11 15 6 5 7 1
0 11 16 15 5 8 7 1
0 13 17 2 0 0 0 2
0 14 4 18 1 1 1 2
0 15 16 19 7 8 9 1
0 15 19 20 7 9 10 1
0 17 0 2 0 0 0 2
0 18 4 3 1 1 1 2
0 20 19 21 10 9 11 1
0 19 22 21 9 11 11 1
0 23 24 25 0 0 0 2
0 26 27 28 1 1 1 2
0 29 26 30 2 2 12 1
0 26 31 30 2 13 12 1
0 24 32 25 0 0 0 2
0 28 27 33 1 1 1 2
0 30 31 34 12 13 14 1
0 30 34 35 12 14 15 1
0 32 36 25 0 0 0 2
0 33 27 37 1 1 1 2
0 35 34 38 15 14 16 1
0 34 39 38 14 8 16 1
0 36 40 25 0 0 0 2
0 37 27 41 1 1 1 2
0 38 39 42 16 8 17 1
0 38 42 43 16 17 17 1
0 40 23 25 0 0 0 2
0 41 27 26 1 1 1 2
0 43 42 44 17 17 18 1
0 42 45 44 17 18 18 1
0 46 47 48 0 0 0 2
0 49 50 51 1 1 1 2
0 52 49 53 19 19 20 1
0 49 54 53 19 21 20 1
0 47 55 48 0 0 0 2
0 51 50 56 1 1 1 2
0 53 54 57 20 21 22 1
0 53 57 58 20 22 23 1
0 55 59 48 0 0 0 2
0 56 50 60 1 1 1 2
0 58 57 61 23 22 24 1
0 57 62 61 22 8 24 1
0 59 63 48 0 0 0 2
0 60 50 64 1 1 1 2
0 61 62 65 24 8 17 1
0 61 65 66 24 17 25 1
0 63 46 48 0 0 0 2
0 64 50 49 1 1 1 2
0 66 65 67 25 17 26 1
0 65 68 67 17 26 26 1
0 69 70 71 1 1 1 1
0 70 72 71 1 1 1 1
0 73 74 75 27 27 27 2
0 74 76 75 27 27 27 2
0 77 78 79 0 0 0 1
0 78 80 79 0 0 0 1
0 81 82 83 28 28 28 2
0 82 84 83 28 28 28 2
0 81 85 75 29 29 29 3
0 85 86 75 29 29 29 3
0 87 82 88 30 30 30 3
0 82 76 88 30 30 30 3
0 89 90 91 1 1 1 1
0 90 92 91 1 1 1 1
0 93 94 95 31 31 31 2
0 94 96 95 31 31 31 2
0 97 98 99 0 0 0 1
0 98 100 99 0 0 0 1
0 101 102 103 32 32 32 2
0 102 104 103 32 32 32 2
0 101 105 95 33 33 33 3
0 105 106 95 33 33 33 3
0 107 102 108 34 34 34 3
0 102 96 108 34 34 34 3
0 109 110 111 1 1 1 1
0 110 112 111 1 1 1 1
0 113 114 115 35 36 36 2
0 114 116 115 36 36 36 2
0 117 118 119 0 0 0 1
0 118 120 119 0 0 0 1
0 121 122 123 37 37 37 2
0 122 124 123 37 37 37 2
0 121 125 115 33 33 33 3
0 125 126 115 33 38 33 3
0 127 122 128 34 34 34 3
0 122 116 128 34 34 34 3
"Regroup02" 1 2
306
1 17.534904 15.380003 -32.342705 0.000000 0.000000 -1
1 15.184321 6.607502 -32.342705 0.000000 0.000000 -1
1 -0.010095 15.380003 -32.342705 0.000000 0.000000 -1
1 17.534878 15.379995 3.600094 0.000000 0.000000 -1
1 -0.010124 15.379995 3.600094 0.000000 0.000000 -1
1 15.184294 6.607495 3.600094 0.000000 0.000000 -1
1 17.534904 15.380003 -32.342705 0.000000 1.000000 -1
1 15.184321 6.607502 -32.342705 0.083333 1.000000 -1
1 15.184294 6.607495 3.600094 0.083333 0.000000 -1
1 8.762405 0.185590 -32.342705 0.000000 0.000000 -1
1 8.762378 0.185583 3.600094 0.000000 0.000000 -1
1 8.762378 0.185583 3.600094 0.166667 0.000000 -1
1 8.762405 0.185590 -32.342705 0.166667 1.000000 -1
1 -0.010095 -2.164997 -32.342705 0.000000 0.000000 -1
1 -0.010124 -2.165006 3.600094 0.000000 0.000000 -1
1 -0.010095 -2.164997 -32.342705 0.250000 1.000000 -1
1 -0.010124 -2.165006 3.600094 0.250000 0.000000 -1
1 -8.782596 0.185590 -32.342705 0.000000 0.000000 -1
1 -8.782623 0.185583 3.600094 0.000000 0.000000 -1
1 -8.782623 0.185583 3.600094 0.333333 0.000000 -1
1 -8.782596 0.185590 -32.342705 0.333333 1.000000 -1
1 -15.204512 6.607502 -32.342705 0.000000 0.000000 -1
1 -15.204539 6.607495 3.600094 0.000000 0.000000 -1
1 -15.204512 6.607502 -32.342705 0.416667 1.000000 -1
1 -15.204539 6.607495 3.600094 0.416667 0.000000 -1
1 -17.555096 15.380003 -32.342705 0.000000 0.000000 -1
1 -17.555124 15.379995 3.600094 0.000000 0.000000 -1
1 -17.555124 15.379995 3.600094 0.500000 0.000000 -1
1 -17.555096 15.380003 -32.342705 0.500000 1.000000 -1
1 -15.204512 24.152504 -32.342705 0.000000 0.000000 -1
1 -15.204539 24.152496 3.600094 0.000000 0.000000 -1
1 -15.204512 24.152504 -32.342705 0.583333 1.000000 -1
1 -15.204539 24.152496 3.600094 0.583333 0.000000 -1
1 -8.782596 30.574417 -32.342705 0.000000 0.000000 -1
1 -8.782623 30.574409 3.600094 0.000000 0.000000 -1
1 -8.782623 30.574409 3.600094 0.666667 0.000000 -1
1 -8.782596 30.574417 -32.342705 0.666667 1.000000 -1
1 -0.010095 32.925003 -32.342705 0.000000 0.000000 -1
1 -0.010124 32.924995 3.600094 0.000000 0.000000 -1
1 -0.010095 32.925003 -32.342705 0.750000 1.000000 -1
1 -0.010124 32.924995 3.600094 0.750000 0.000000 -1
1 8.762405 30.574417 -32.342705 0.000000 0.000000 -1
1 8.762378 30.574409 3.600094 0.000000 0.000000 -1
1 8.762378 30.574409 3.600094 0.833333 0.000000 -1
1 8.762405 30.574417 -32.342705 0.833333 1.000000 -1
1 15.184321 24.152504 -32.342705 0.000000 0.000000 -1
1 15.184294 24.152496 3.600094 0.000000 0.000000 -1
1 15.184321 24.152504 -32.342705 0.916667 1.000000 -1
1 15.184294 24.152496 3.600094 0.916667 0.000000 -1
1 17.534878 15.379995 3.600094 1.000000 0.000000 -1
1 17.534904 15.380003 -32.342705 1.000000 1.000000 -1
1 -2.045097 -15.639996 -32.342705 0.000000 0.000000 -1
1 -4.395679 -24.412497 -32.342705 0.000000 0.000000 -1
1 -19.590096 -15.639996 -32.342705 0.000000 0.000000 -1
1 -2.045122 -15.640005 3.600094 0.000000 0.000000 -1
1 -19.590126 -15.640005 3.600094 0.000000 0.000000 -1
1 -4.395707 -24.412504 3.600094 0.000000 0.000000 -1
1 -2.045097 -15.639996 -32.342705 0.000000 1.000000 -1
1 -4.395679 -24.412497 -32.342705 0.083333 1.000000 -1
1 -4.395707 -24.412504 3.600094 0.083333 0.000000 -1
1 -10.817595 -30.834410 -32.342705 0.000000 0.000000 -1
1 -10.817621 -30.834417 3.600094 0.000000 0.000000 -1
1 -10.817621 -30.834417 3.600094 0.166667 0.000000 -1
1 -10.817595 -30.834410 -32.342705 0.166667 1.000000 -1
1 -19.590096 -33.184998 -32.342705 0.000000 0.000000 -1
1 -19.590126 -33.185005 3.600094 0.000000 0.000000 -1
1 -19.590096 -33.184998 -32.342705 0.250000 1.000000 -1
1 -19.590126 -33.185005 3.600094 0.250000 0.000000 -1
1 -28.362598 -30.834410 -32.342705 0.000000 0.000000 -1
1 -28.362629 -30.834417 3.600094 0.000000 0.000000 -1
1 -28.362629 -30.834417 3.600094 0.333333 0.000000 -1
1 -28.362598 -30.834410 -32.342705 0.333333 1.000000 -1
1 -34.784512 -24.412497 -32.342705 0.000000 0.000000 -1
1 -34.784542 -24.412504 3.600094 0.000000 0.000000 -1
1 -34.784512 -24.412497 -32.342705 0.416667 1.000000 -1
1 -34.784542 -24.412504 3.600094 0.416667 0.000000 -1
1 -37.135105 -15.639996 -32.342705 0.000000 0.000000 -1
1 -37.135136 -15.640005 3.600094 0.000000 0.000000 -1
1 -37.135136 -15.640005 3.600094 0.500000 0.000000 -1
1 -37.135105 -15.639996 -32.342705 0.500000 1.000000 -1
1 -34.784512 -6.867497 -32.342705 0.000000 0.000000 -1
1 -34.784542 -6.867506 3.600094 0.000000 0.000000 -1
1 -34.784512 -6.867497 -32.342705 0.583333 1.000000 -1
1 -34.784542 -6.867506 3.600094 0.583333 0.000000 -1
1 -28.362598 -0.445585 -32.342705 0.000000 0.000000 -1
1 -28.362629 -0.445593 3.600094 0.000000 0.000000 -1
1 -28.362629 -0.445593 3.600094 0.666667 0.000000 -1
1 -28.362598 -0.445585 -32.342705 0.666667 1.000000 -1
1 -19.590096 1.905003 -32.342705 0.000000 0.000000 -1
1 -19.590126 1.904995 3.600094 0.000000 0.000000 -1
1 -19.590096 1.905003 -32.342705 0.750000 1.000000 -1
1 -19.590126 1.904995 3.600094 0.750000 0.000000 -1
1 -10.817595 -0.445585 -32.342705 0.000000 0.000000 -1
1 -10.817621 -0.445593 3.600094 0.000000 0.000000 -1
1 -10.817621 -0.445593 3.600094 0.833333 0.000000 -1
1 -10.817595 -0.445585 -32.342705 0.833333 1.000000 -1
1 -4.395679 -6.867497 -32.342705 0.000000 0.000000 -1
1 -4.395707 -6.867506 3.600094 0.000000 0.000000 -1
1 -4.395679 -6.867497 -32.342705 0.916667 1.000000 -1
1 -4.395707 -6.867506 3.600094 0.916667 0.000000 -1
1 -2.045122 -15.640005 3.600094 1.000000 0.000000 -1
1 -2.045097 -15.639996 -32.342705 1.000000 1.000000 -1
1 19.569878 -15.639996 -32.342705 0.000000 0.000000 -1
1 4.375462 -24.412497 -32.342705 0.000000 0.000000 -1
1 2.024879 -15.639996 -32.342705 0.000000 0.000000 -1
1 4.375489 -24.412504 3.600094 0.000000 0.000000 -1
1 19.569908 -15.640005 3.600094 0.000000 0.000000 -1
1 2.024904 -15.640005 3.600094 0.000000 0.000000 -1
1 4.375462 -24.412497 -32.342705 0.083333 1.000000 -1
1 2.024879 -15.639996 -32.342705 0.000000 1.000000 -1
1 4.375489 -24.412504 3.600094 0.083333 0.000000 -1
1 10.797377 -30.834410 -32.342705 0.000000 0.000000 -1
1 10.797403 -30.834417 3.600094 0.000000 0.000000 -1
1 10.797403 -30.834417 3.600094 0.166667 0.000000 -1
1 10.797377 -30.834410 -32.342705 0.166667 1.000000 -1
1 19.569878 -33.184998 -32.342705 0.000000 0.000000 -1
1 19.569908 -33.185005 3.600094 0.000000 0.000000 -1
1 19.569878 -33.184998 -32.342705 0.250000 1.000000 -1
1 19.569908 -33.185005 3.600094 0.250000 0.000000 -1
1 28.342381 -30.834410 -32.342705 0.000000 0.000000 -1
1 28.342411 -30.834417 3.600094 0.000000 0.000000 -1
1 28.342411 -30.834417 3.600094 0.333333 0.000000 -1
1 28.342381 -30.834410 -32.342705 0.333333 1.000000 -1
1 34.764294 -24.412497 -32.342705 0.000000 0.000000 -1
1 34.764324 -24.412504 3.600094 0.000000 0.000000 -1
1 34.764294 -24.412497 -32.342705 0.416667 1.000000 -1
1 34.764324 -24.412504 3.600094 0.416667 0.000000 -1
1 37.114887 -15.639996 -32.342705 0.000000 0.000000 -1
1 37.114918 -15.640005 3.600094 0.000000 0.000000 -1
1 37.114918 -15.640005 3.600094 0.500000 0.000000 -1
1 37.114887 -15.639996 -32.342705 0.500000 1.000000 -1
1 34.764294 -6.867497 -32.342705 0.000000 0.000000 -1
1 34.764324 -6.867506 3.600094 0.000000 0.000000 -1
1 34.764294 -6.867497 -32.342705 0.583333 1.000000 -1
1 34.764324 -6.867506 3.600094 0.583333 0.000000 -1
1 28.342381 -0.445585 -32.342705 0.000000 0.000000 -1
1 28.342411 -0.445593 3.600094 0.000000 0.000000 -1
1 28.342411 -0.445593 3.600094 0.666667 0.000000 -1
1 28.342381 -0.445585 -32.342705 0.666667 1.000000 -1
1 19.569878 1.905003 -32.342705 0.000000 0.000000 -1
1 19.569908 1.904995 3.600094 0.000000 0.000000 -1
1 19.569878 1.905003 -32.342705 0.750000 1.000000 -1
1 19.569908 1.904995 3.600094 0.750000 0.000000 -1
1 10.797377 -0.445585 -32.342705 0.000000 0.000000 -1
1 10.797403 -0.445593 3.600094 0.000000 0.000000 -1
1 10.797403 -0.445593 3.600094 0.833333 0.000000 -1
1 10.797377 -0.445585 -32.342705 0.833333 1.000000 -1
1 4.375462 -6.867497 -32.342705 0.000000 0.000000 -1
1 4.375489 -6.867506 3.600094 0.000000 0.000000 -1
1 4.375462 -6.867497 -32.342705 0.916667 1.000000 -1
1 4.375489 -6.867506 3.600094 0.916667 0.000000 -1
1 2.024904 -15.640005 3.600094 1.000000 0.000000 -1
1 2.024879 -15.639996 -32.342705 1.000000 1.000000 -1
1 17.534904 15.380003 62.941444 0.000000 0.000000 -1
1 15.184321 6.607502 62.941444 0.000000 0.000000 -1
1 -0.010095 15.380003 62.941444 0.000000 0.000000 -1
1 17.534878 15.379995 99.105331 0.000000 0.000000 -1
1 -0.010124 15.379995 99.105331 0.000000 0.000000 -1
1 15.184294 6.607495 99.105331 0.000000 0.000000 -1
1 17.534904 15.380003 62.941444 0.000000 1.000000 -1
1 15.184321 6.607502 62.941444 0.083333 1.000000 -1
1 15.184294 6.607495 99.105331 0.083333 0.000000 -1
1 8.762405 0.185590 62.941444 0.000000 0.000000 -1
1 8.762378 0.185583 99.105331 0.000000 0.000000 -1
1 8.762378 0.185583 99.105331 0.166667 0.000000 -1
1 8.762405 0.185590 62.941444 0.166667 1.000000 -1
1 -0.010095 -2.164997 62.941444 0.000000 0.000000 -1
1 -0.010124 -2.165006 99.105331 0.000000 0.000000 -1
1 -0.010095 -2.164997 62.941444 0.250000 1.000000 -1
1 -0.010124 -2.165006 99.105331 0.250000 0.000000 -1
1 -8.782596 0.185590 62.941444 0.000000 0.000000 -1
1 -8.782623 0.185583 99.105331 0.000000 0.000000 -1
1 -8.782623 0.185583 99.105331 0.333333 0.000000 -1
1 -8.782596 0.185590 62.941444 0.333333 1.000000 -1
1 -15.204512 6.607502 62.941444 0.000000 0.000000 -1
1 -15.204539 6.607495 99.105331 0.000000 0.000000 -1
1 -15.204512 6.607502 62.941444 0.416667 1.000000 -1
1 -15.204539 6.607495 99.105331 0.416667 0.000000 -1
1 -17.555096 15.380003 62.941444 0.000000 0.000000 -1
1 -17.555124 15.379995 99.105331 0.000000 0.000000 -1
1 -17.555124 15.379995 99.105331 0.500000 0.000000 -1
1 -17.555096 15.380003 62.941444 0.500000 1.000000 -1
1 -15.204512 24.152504 62.941444 0.000000 0.000000 -1
1 -15.204539 24.152496 99.105331 0.000000 0.000000 -1
1 -15.204512 24.152504 62.941444 0.583333 1.000000 -1
1 -15.204539 24.152496 99.105331 0.583333 0.000000 -1
1 -8.782596 30.574417 62.941444 0.000000 0.000000 -1
1 -8.782623 30.574409 99.105331 0.000000 0.000000 -1
1 -8.782623 30.574409 99.105331 0.666667 0.000000 -1
1 -8.782596 30.574417 62.941444 0.666667 1.000000 -1
1 -0.010095 32.925003 62.941444 0.000000 0.000000 -1
1 -0.010124 32.924995 99.105331 0.000000 0.000000 -1
1 -0.010095 32.925003 62.941444 0.750000 1.000000 -1
1 -0.010124 32.924995 99.105331 0.750000 0.000000 -1
1 8.762405 30.574417 62.941444 0.000000 0.000000 -1
1 8.762378 30.574409 99.105331 0.000000 0.000000 -1
1 8.762378 30.574409 99.105331 0.833333 0.000000 -1
1 8.762405 30.574417 62.941444 0.833333 1.000000 -1
1 15.184321 24.152504 62.941444 0.000000 0.000000 -1
1 15.184294 24.152496 99.105331 0.000000 0.000000 -1
1 15.184321 24.152504 62.941444 0.916667 1.000000 -1
1 15.184294 24.152496 99.105331 0.916667 0.000000 -1
1 17.534878 15.379995 99.105331 1.000000 0.000000 -1
1 17.534904 15.380003 62.941444 1.000000 1.000000 -1
1 -2.045097 -15.639996 62.941444 0.000000 0.000000 -1
1 -4.395679 -24.412497 62.941444 0.000000 0.000000 -1
1 -19.590096 -15.639996 62.941444 0.000000 0.000000 -1
1 -2.045122 -15.640005 99.105331 0.000000 0.000000 -1
1 -19.590126 -15.640005 99.105331 0.000000 0.000000 -1
1 -4.395707 -24.412504 99.105331 0.000000 0.000000 -1
1 -2.045097 -15.639996 62.941444 0.000000 1.000000 -1
1 -4.395679 -24.412497 62.941444 0.083333 1.000000 -1
1 -4.395707 -24.412504 99.105331 0.083333 0.000000 -1
1 -10.817595 -30.834410 62.941444 0.000000 0.000000 -1
1 -10.817621 -30.834417 99.105331 0.000000 0.000000 -1
1 -10.817621 -30.834417 99.105331 0.166667 0.000000 -1
1 -10.817595 -30.834410 62.941444 0.166667 1.000000 -1
1 -19.590096 -33.184998 62.941444 0.000000 0.000000 -1
1 -19.590126 -33.185005 99.105331 0.000000 0.000000 -1
1 -19.590096 -33.184998 62.941444 0.250000 1.000000 -1
1 -19.590126 -33.185005 99.105331 0.250000 0.000000 -1
1 -28.362598 -30.834410 62.941444 0.000000 0.000000 -1
1 -28.362629 -30.834417 99.105331 0.000000 0.000000 -1
1 -28.362629 -30.834417 99.105331 0.333333 0.000000 -1
1 -28.362598 -30.834410 62.941444 0.333333 1.000000 -1
1 -34.784512 -24.412497 62.941444 0.000000 0.000000 -1
1 -34.784542 -24.412504 99.105331 0.000000 0.000000 -1
1 -34.784512 -24.412497 62.941444 0.416667 1.000000 -1
1 -34.784542 -24.412504 99.105331 0.416667 0.000000 -1
1 -37.135105 -15.639996 62.941444 0.000000 0.000000 -1
1 -37.135136 -15.640005 99.105331 0.000000 0.000000 -1
1 -37.135136 -15.640005 99.105331 0.500000 0.000000 -1
1 -37.135105 -15.639996 62.941444 0.500000 1.000000 -1
1 -34.784512 -6.867497 62.941444 0.000000 0.000000 -1
1 -34.784542 -6.867506 99.105331 0.000000 0.000000 -1
1 -34.784512 -6.867497 62.941444 0.583333 1.000000 -1
1 -34.784542 -6.867506 99.105331 0.583333 0.000000 -1
1 -28.362598 -0.445585 62.941444 0.000000 0.000000 -1
1 -28.362629 -0.445593 99.105331 0.000000 0.000000 -1
1 -28.362629 -0.445593 99.105331 0.666667 0.000000 -1
1 -28.362598 -0.445585 62.941444 0.666667 1.000000 -1
1 -19.590096 1.905003 62.941444 0.000000 0.000000 -1
1 -19.590126 1.904995 99.105331 0.000000 0.000000 -1
1 -19.590096 1.905003 62.941444 0.750000 1.000000 -1
1 -19.590126 1.904995 99.105331 0.750000 0.000000 -1
1 -10.817595 -0.445585 62.941444 0.000000 0.000000 -1
1 -10.817621 -0.445593 99.105331 0.000000 0.000000 -1
1 -10.817621 -0.445593 99.105331 0.833333 0.000000 -1
1 -10.817595 -0.445585 62.941444 0.833333 1.000000 -1
1 -4.395679 -6.867497 62.941444 0.000000 0.000000 -1
1 -4.395707 -6.867506 99.105331 0.000000 0.000000 -1
1 -4.395679 -6.867497 62.941444 0.916667 1.000000 -1
1 -4.395707 -6.867506 99.105331 0.916667 0.000000 -1
1 -2.045122 -15.640005 99.105331 1.000000 0.000000 -1
1 -2.045097 -15.639996 62.941444 1.000000 1.000000 -1
1 19.569878 -15.639996 62.941444 0.000000 0.000000 -1
1 4.375462 -24.412497 62.941444 0.000000 0.000000 -1
1 2.024879 -15.639996 62.941444 0.000000 0.000000 -1
1 4.375489 -24.412504 99.105331 0.000000 0.000000 -1
1 19.569908 -15.640005 99.105331 0.000000 0.000000 -1
1 2.024904 -15.640005 99.105331 0.000000 0.000000 -1
1 4.375462 -24.412497 62.941444 0.083333 1.000000 -1
1 2.024879 -15.639996 62.941444 0.000000 1.000000 -1
1 4.375489 -24.412504 99.105331 0.083333 0.000000 -1
1 10.797377 -30.834410 62.941444 0.000000 0.000000 -1
1 10.797403 -30.834417 99.105331 0.000000 0.000000 -1
1 10.797403 -30.834417 99.105331 0.166667 0.000000 -1
1 10.797377 -30.834410 62.941444 0.166667 1.000000 -1
1 19.569878 -33.184998 62.941444 0.000000 0.000000 -1
1 19.569908 -33.185005 99.105331 0.000000 0.000000 -1
1 19.569878 -33.184998 62.941444 0.250000 1.000000 -1
1 19.569908 -33.185005 99.105331 0.250000 0.000000 -1
1 28.342381 -30.834410 62.941444 0.000000 0.000000 -1
1 28.342411 -30.834417 99.105331 0.000000 0.000000 -1
1 28.342411 -30.834417 99.105331 0.333333 0.000000 -1
1 28.342381 -30.834410 62.941444 0.333333 1.000000 -1
1 34.764294 -24.412497 62.941444 0.000000 0.000000 -1
1 34.764324 -24.412504 99.105331 0.000000 0.000000 -1
1 34.764294 -24.412497 62.941444 0.416667 1.000000 -1
1 34.764324 -24.412504 99.105331 0.416667 0.000000 -1
1 37.114887 -15.639996 62.941444 0.000000 0.000000 -1
1 37.114918 -15.640005 99.105331 0.000000 0.000000 -1
1 37.114918 -15.640005 99.105331 0.500000 0.000000 -1
1 37.114887 -15.639996 62.941444 0.500000 1.000000 -1
1 34.764294 -6.867497 62.941444 0.000000 0.000000 -1
1 34.764324 -6.867506 99.105331 0.000000 0.000000 -1
1 34.764294 -6.867497 62.941444 0.583333 1.000000 -1
1 34.764324 -6.867506 99.105331 0.583333 0.000000 -1
1 28.342381 -0.445585 62.941444 0.000000 0.000000 -1
1 28.342411 -0.445593 99.105331 0.000000 0.000000 -1
1 28.342411 -0.445593 99.105331 0.666667 0.000000 -1
1 28.342381 -0.445585 62.941444 0.666667 1.000000 -1
1 19.569878 1.905003 62.941444 0.000000 0.000000 -1
1 19.569908 1.904995 99.105331 0.000000 0.000000 -1
1 19.569878 1.905003 62.941444 0.750000 1.000000 -1
1 19.569908 1.904995 99.105331 0.750000 0.000000 -1
1 10.797377 -0.445585 62.941444 0.000000 0.000000 -1
1 10.797403 -0.445593 99.105331 0.000000 0.000000 -1
1 10.797403 -0.445593 99.105331 0.833333 0.000000 -1
1 10.797377 -0.445585 62.941444 0.833333 1.000000 -1
1 4.375462 -6.867497 62.941444 0.000000 0.000000 -1
1 4.375489 -6.867506 99.105331 0.000000 0.000000 -1
1 4.375462 -6.867497 62.941444 0.916667 1.000000 -1
1 4.375489 -6.867506 99.105331 0.916667 0.000000 -1
1 2.024904 -15.640005 99.105331 1.000000 0.000000 -1
1 2.024879 -15.639996 62.941444 1.000000 1.000000 -1
153
0.000000 0.000000 -1.000000
0.000000 0.000000 1.000000
0.965926 -0.258819 0.000001
0.965926 -0.258819 0.000001
0.866025 -0.500000 0.000001
0.866025 -0.500000 0.000001
0.500000 -0.866025 0.000000
0.500000 -0.866025 0.000000
0.000000 -1.000000 -0.000000
-0.000000 -1.000000 -0.000000
-0.500000 -0.866025 -0.000001
-0.500000 -0.866025 -0.000001
-0.866025 -0.500000 -0.000001
-0.866025 -0.500000 -0.000001
-1.000000 0.000000 -0.000001
-1.000000 0.000000 -0.000001
-0.866025 0.500000 -0.000001
-0.866025 0.500000 -0.000001
-0.500000 0.866025 -0.000000
-0.500000 0.866025 -0.000000
0.000000 1.000000 0.000000
0.000000 1.000000 0.000000
0.500000 0.866025 0.000001
0.500000 0.866025 0.000001
0.866025 0.500000 0.000001
0.866025 0.500000 0.000001
0.965926 0.258819 0.000001
0.965926 0.258819 0.000001
0.965926 -0.258819 0.000001
0.965926 -0.258819 0.000001
0.866025 -0.500000 0.000001
0.866025 -0.500000 0.000001
0.500000 -0.866025 0.000000
0.500000 -0.866025 0.000000
0.000000 -1.000000 -0.000000
-0.000000 -1.000000 -0.000000
-0.500000 -0.866025 -0.000001
-0.866025 -0.500000 -0.000001
-0.866025 -0.500000 -0.000001
-1.000000 0.000000 -0.000001
-1.000000 0.000000 -0.000001
-0.866025 0.500000 -0.000001
-0.866025 0.500000 -0.000001
-0.500000 0.866025 -0.000000
-0.500000 0.866025 -0.000000
0.000000 1.000000 0.000000
-0.000000 1.000000 0.000000
0.500000 0.866025 0.000001
0.500000 0.866025 0.000001
0.866025 0.500000 0.000001
0.866025 0.500000 0.000001
0.965926 0.258819 0.000001
0.965926 0.258819 0.000001
-0.866025 -0.500000 0.000001
-0.965926 -0.258819 0.000001
-0.965926 -0.258819 0.000001
-0.866025 -0.500000 0.000001
-0.500000 -0.866025 0.000000
-0.500000 -0.866025 0.000000
0.000000 -1.000000 -0.000000
0.500000 -0.866025 -0.000001
0.866025 -0.500000 -0.000001
0.866025 -0.500000 -0.000001
1.000000 0.000000 -0.000001
1.000000 0.000000 -0.000001
0.866025 0.500000 -0.000001
0.866025 0.500000 -0.000001
0.500000 0.866025 -0.000000
0.500000 0.866025 -0.000000
0.000000 1.000000 0.000000
-0.500000 0.866025 0.000001
-0.500000 0.866025 0.000001
-0.866025 0.500000 0.000001
-0.866025 0.500000 0.000001
-0.965926 0.258819 0.000001
-0.965926 0.258819 0.000001
0.965926 -0.258819 0.000001
0.965926 -0.258819 0.000001
0.866025 -0.500000 0.000001
0.866025 -0.500000 0.000001
0.500000 -0.866025 0.000000
0.500000 -0.866025 0.000000
-0.000000 -1.000000 -0.000000
-0.000000 -1.000000 -0.000000
-0.500000 -0.866025 -0.000001
-0.500000 -0.866025 -0.000001
-0.866025 -0.500000 -0.000001
-0.866025 -0.500000 -0.000001
-1.000000 -0.000000 -0.000001
-1.000000 0.000000 -0.000001
-0.866025 0.500000 -0.000001
-0.866025 0.500000 -0.000001
-0.500000 0.866025 -0.000000
-0.500000 0.866025 -0.000000
0.000000 1.000000 0.000000
0.000000 1.000000 0.000000
0.500000 0.866025 0.000001
0.500000 0.866025 0.000001
0.866025 0.500000 0.000001
0.866025 0.500000 0.000001
0.965926 0.258819 0.000001
0.965926 0.258819 0.000001
0.965926 -0.258819 0.000001
0.965926 -0.258819 0.000001
0.866025 -0.500000 0.000001
0.866025 -0.500000 0.000001
0.500000 -0.866025 0.000000
0.500000 -0.866025 0.000000
0.000000 -1.000000 -0.000000
-0.000000 -1.000000 -0.000000
-0.500000 -0.866025 -0.000001
-0.500000 -0.866025 -0.000001
-0.866025 -0.500000 -0.000001
-0.866025 -0.500000 -0.000001
-1.000000 0.000000 -0.000001
-1.000000 0.000000 -0.000001
-0.866025 0.500000 -0.000001
-0.866025 0.500000 -0.000001
-0.500000 0.866025 -0.000000
-0.500000 0.866025 -0.000000
-0.000000 1.000000 0.000000
-0.000000 1.000000 0.000000
0.500000 0.866025 0.000001
0.500000 0.866025 0.000001
0.866025 0.500000 0.000001
0.866025 0.500000 0.000001
0.965926 0.258819 0.000001
0.965926 0.258819 0.000001
-0.866025 -0.500000 0.000001
-0.965926 -0.258819 0.000001
-0.965926 -0.258819 0.000001
-0.866025 -0.500000 0.000001
-0.500000 -0.866025 0.000000
-0.500000 -0.866025 0.000000
0.000000 -1.000000 -0.000000
0.500000 -0.866025 -0.000001
0.500000 -0.866025 -0.000001
0.866025 -0.500000 -0.000001
0.866025 -0.500000 -0.000001
1.000000 0.000000 -0.000001
1.000000 0.000000 -0.000001
0.866025 0.500000 -0.000001
0.866025 0.500000 -0.000001
0.500000 0.866025 -0.000000
0.500000 0.866025 -0.000000
0.000000 1.000000 0.000000
0.000000 1.000000 0.000000
-0.500000 0.866025 0.000001
-0.500000 0.866025 0.000001
-0.866025 0.500000 0.000001
-0.866025 0.500000 0.000001
-0.965926 0.258819 0.000001
-0.965926 0.258819 0.000001
288
1 0 1 2 0 0 0 2
1 3 4 5 1 1 1 2
1 6 3 7 2 3 4 1
1 3 8 7 3 5 4 1
1 1 9 2 0 0 0 2
1 5 4 10 1 1 1 2
1 7 8 11 4 5 6 1
1 7 11 12 4 6 7 1
1 9 13 2 0 0 0 2
1 10 4 14 1 1 1 2
1 12 11 15 7 6 8 1
1 11 16 15 6 9 8 1
1 13 17 2 0 0 0 2
1 14 4 18 1 1 1 2
1 15 16 19 8 9 10 1
1 15 19 20 8 10 11 1
1 17 21 2 0 0 0 2
1 18 4 22 1 1 1 2
1 20 19 23 11 10 12 1
1 19 24 23 10 13 12 1
1 21 25 2 0 0 0 2
1 22 4 26 1 1 1 2
1 23 24 27 12 13 14 1
1 23 27 28 12 14 15 1
1 25 29 2 0 0 0 2
1 26 4 30 1 1 1 2
1 28 27 31 15 14 16 1
1 27 32 31 14 17 16 1
1 29 33 2 0 0 0 2
1 30 4 34 1 1 1 2
1 31 32 35 16 17 18 1
1 31 35 36 16 18 19 1
1 33 37 2 0 0 0 2
1 34 4 38 1 1 1 2
1 36 35 39 19 18 20 1
1 35 40 39 18 21 20 1
1 37 41 2 0 0 0 2
1 38 4 42 1 1 1 2
1 39 40 43 20 21 22 1
1 39 43 44 20 22 23 1
1 41 45 2 0 0 0 2
1 42 4 46 1 1 1 2
1 44 43 47 23 22 24 1
1 43 48 47 22 25 24 1
1 45 0 2 0 0 0 2
1 46 4 3 1 1 1 2
1 47 48 49 24 25 26 1
1 47 49 50 24 26 27 1
1 51 52 53 0 0 0 2
1 54 55 56 1 1 1 2
1 57 54 58 28 29 30 1
1 54 59 58 29 31 30 1
1 52 60 53 0 0 0 2
1 56 55 61 1 1 1 2
1 58 59 62 30 31 32 1
1 58 62 63 30 32 33 1
1 60 64 53 0 0 0 2
1 61 55 65 1 1 1 2
1 63 62 66 33 32 34 1
1 62 67 66 32 35 34 1
1 64 68 53 0 0 0 2
1 65 55 69 1 1 1 2
1 66 67 70 34 35 36 1
1 66 70 71 34 36 36 1
1 68 72 53 0 0 0 2
1 69 55 73 1 1 1 2
1 71 70 74 36 36 37 1
1 70 75 74 36 38 37 1
1 72 76 53 0 0 0 2
1 73 55 77 1 1 1 2
1 74 75 78 37 38 39 1
1 74 78 79 37 39 40 1
1 76 80 53 0 0 0 2
1 77 55 81 1 1 1 2
1 79 78 82 40 39 41 1
1 78 83 82 39 42 41 1
1 80 84 53 0 0 0 2
1 81 55 85 1 1 1 2
1 82 83 86 41 42 43 1
1 82 86 87 41 43 44 1
1 84 88 53 0 0 0 2
1 85 55 89 1 1 1 2
1 87 86 90 44 43 45 1
1 86 91 90 43 46 45 1
1 88 92 53 0 0 0 2
1 89 55 93 1 1 1 2
1 90 91 94 45 46 47 1
1 90 94 95 45 47 48 1
1 92 96 53 0 0 0 2
1 93 55 97 1 1 1 2
1 95 94 98 48 47 49 1
1 94 99 98 47 50 49 1
1 96 51 53 0 0 0 2
1 97 55 54 1 1 1 2
1 98 99 100 49 50 51 1
1 98 100 101 49 51 52 1
1 102 103 104 0 0 0 2
1 105 106 107 1 1 1 2
1 108 107 109 53 54 55 1
1 108 110 107 53 56 54 1
1 102 111 103 0 0 0 2
1 112 106 105 1 1 1 2
1 113 110 108 57 56 53 1
1 114 113 108 58 57 53 1
1 102 115 111 0 0 0 2
1 116 106 112 1 1 1 2
1 117 113 114 34 57 58 1
1 117 118 113 34 59 57 1
1 102 119 115 0 0 0 2
1 120 106 116 1 1 1 2
1 121 118 117 60 59 34 1
1 122 121 117 60 60 34 1
1 102 123 119 0 0 0 2
1 124 106 120 1 1 1 2
1 125 121 122 61 60 60 1
1 125 126 121 61 62 60 1
1 102 127 123 0 0 0 2
1 128 106 124 1 1 1 2
1 129 126 125 63 62 61 1
1 130 129 125 64 63 61 1
1 102 131 127 0 0 0 2
1 132 106 128 1 1 1 2
1 133 129 130 65 63 64 1
1 133 134 129 65 66 63 1
1 102 135 131 0 0 0 2
1 136 106 132 1 1 1 2
1 137 134 133 67 66 65 1
1 138 137 133 68 67 65 1
1 102 139 135 0 0 0 2
1 140 106 136 1 1 1 2
1 141 137 138 45 67 68 1
1 141 142 137 45 69 67 1
1 102 143 139 0 0 0 2
1 144 106 140 1 1 1 2
1 145 142 141 70 69 45 1
1 146 145 141 71 70 45 1
1 102 147 143 0 0 0 2
1 148 106 144 1 1 1 2
1 149 145 146 72 70 71 1
1 149 150 145 72 73 70 1
1 102 104 147 0 0 0 2
1 107 106 148 1 1 1 2
1 151 150 149 74 73 72 1
1 152 151 149 75 74 72 1
1 153 154 155 0 0 0 2
1 156 157 158 1 1 1 2
1 159 156 160 76 77 78 1
1 156 161 160 77 79 78 1
1 154 162 155 0 0 0 2
1 158 157 163 1 1 1 2
1 160 161 164 78 79 80 1
1 160 164 165 78 80 81 1
1 162 166 155 0 0 0 2
1 163 157 167 1 1 1 2
1 165 164 168 81 80 82 1
1 164 169 168 80 83 82 1
1 166 170 155 0 0 0 2
1 167 157 171 1 1 1 2
1 168 169 172 82 83 84 1
1 168 172 173 82 84 85 1
1 170 174 155 0 0 0 2
1 171 157 175 1 1 1 2
1 173 172 176 85 84 86 1
1 172 177 176 84 87 86 1
1 174 178 155 0 0 0 2
1 175 157 179 1 1 1 2
1 176 177 180 86 87 88 1
1 176 180 181 86 88 89 1
1 178 182 155 0 0 0 2
1 179 157 183 1 1 1 2
1 181 180 184 89 88 90 1
1 180 185 184 88 91 90 1
1 182 186 155 0 0 0 2
1 183 157 187 1 1 1 2
1 184 185 188 90 91 92 1
1 184 188 189 90 92 93 1
1 186 190 155 0 0 0 2
1 187 157 191 1 1 1 2
1 189 188 192 93 92 94 1
1 188 193 192 92 95 94 1
1 190 194 155 0 0 0 2
1 191 157 195 1 1 1 2
1 192 193 196 94 95 96 1
1 192 196 197 94 96 97 1
1 194 198 155 0 0 0 2
1 195 157 199 1 1 1 2
1 197 196 200 97 96 98 1
1 196 201 200 96 99 98 1
1 198 153 155 0 0 0 2
1 199 157 156 1 1 1 2
1 200 201 202 98 99 100 1
1 200 202 203 98 100 101 1
1 204 205 206 0 0 0 2
1 207 208 209 1 1 1 2
1 210 207 211 102 103 104 1
1 207 212 211 103 105 104 1
1 205 213 206 0 0 0 2
1 209 208 214 1 1 1 2
1 211 212 215 104 105 106 1
1 211 215 216 104 106 107 1
1 213 217 206 0 0 0 2
1 214 208 218 1 1 1 2
1 216 215 219 107 106 108 1
1 215 220 219 106 109 108 1
1 217 221 206 0 0 0 2
1 218 208 222 1 1 1 2
1 219 220 223 108 109 110 1
1 219 223 224 108 110 111 1
1 221 225 206 0 0 0 2
1 222 208 226 1 1 1 2
1 224 223 227 111 110 112 1
1 223 228 227 110 113 112 1
1 225 229 206 0 0 0 2
1 226 208 230 1 1 1 2
1 227 228 231 112 113 114 1
1 227 231 232 112 114 115 1
1 229 233 206 0 0 0 2
1 230 208 234 1 1 1 2
1 232 231 235 115 114 116 1
1 231 236 235 114 117 116 1
1 233 237 206 0 0 0 2
1 234 208 238 1 1 1 2
1 235 236 239 116 117 118 1
1 235 239 240 116 118 119 1
1 237 241 206 0 0 0 2
1 238 208 242 1 1 1 2
1 240 239 243 119 118 120 1
1 239 244 243 118 121 120 1
1 241 245 206 0 0 0 2
1 242 208 246 1 1 1 2
1 243 244 247 120 121 122 1
1 243 247 248 120 122 123 1
1 245 249 206 0 0 0 2
1 246 208 250 1 1 1 2
1 248 247 251 123 122 124 1
1 247 252 251 122 125 124 1
1 249 204 206 0 0 0 2
1 250 208 207 1 1 1 2
1 251 252 253 124 125 126 1
1 251 253 254 124 126 127 1
1 255 256 257 0 0 0 2
1 258 259 260 1 1 1 2
1 261 260 262 128 129 130 1
1 261 263 260 128 131 129 1
1 255 264 256 0 0 0 2
1 265 259 258 1 1 1 2
1 266 263 261 132 131 128 1
1 267 266 261 133 132 128 1
1 255 268 264 0 0 0 2
1 269 259 265 1 1 1 2
1 270 266 267 108 132 133 1
1 270 271 266 108 134 132 1
1 255 272 268 0 0 0 2
1 273 259 269 1 1 1 2
1 274 271 270 135 134 108 1
1 275 274 270 136 135 108 1
1 255 276 272 0 0 0 2
1 277 259 273 1 1 1 2
1 278 274 275 137 135 136 1
1 278 279 274 137 138 135 1
1 255 280 276 0 0 0 2
1 281 259 277 1 1 1 2
1 282 279 278 139 138 137 1
1 283 282 278 140 139 137 1
1 255 284 280 0 0 0 2
1 285 259 281 1 1 1 2
1 286 282 283 141 139 140 1
1 286 287 282 141 142 139 1
1 255 288 284 0 0 0 2
1 289 259 285 1 1 1 2
1 290 287 286 143 142 141 1
1 291 290 286 144 143 141 1
1 255 292 288 0 0 0 2
1 293 259 289 1 1 1 2
1 294 290 291 145 143 144 1
1 294 295 290 145 146 143 1
1 255 296 292 0 0 0 2
1 297 259 293 1 1 1 2
1 298 295 294 147 146 145 1
1 299 298 294 148 147 145 1
1 255 300 296 0 0 0 2
1 301 259 297 1 1 1 2
1 302 298 299 149 147 148 1
1 302 303 298 149 150 147 1
1 255 257 300 0 0 0 2
1 260 259 301 1 1 1 2
1 304 303 302 151 150 149 1
1 305 304 302 152 151 149 1
"Regroup03" 1 0
153
1 15.939903 15.380003 -57.002029 0.000000 0.000000 -1
1 13.803009 7.405003 -57.002029 0.000000 0.000000 -1
1 -0.010096 15.380003 -57.002029 0.000000 0.000000 -1
1 15.939879 15.379995 114.597977 0.000000 0.000000 -1
1 -0.010122 15.379995 114.597977 0.000000 0.000000 -1
1 13.802984 7.404996 114.597977 0.000000 0.000000 -1
1 15.939903 15.380003 -57.002029 0.000000 1.000000 -1
1 13.803009 7.405003 -57.002029 0.083333 1.000000 -1
1 13.802984 7.404996 114.597977 0.083333 0.000000 -1
1 7.964904 1.566900 -57.002029 0.000000 0.000000 -1
1 7.964879 1.566894 114.597977 0.000000 0.000000 -1
1 7.964879 1.566894 114.597977 0.166667 0.000000 -1
1 7.964904 1.566900 -57.002029 0.166667 1.000000 -1
1 -0.010096 -0.569997 -57.002029 0.000000 0.000000 -1
1 -0.010122 -0.570005 114.597977 0.000000 0.000000 -1
1 -0.010096 -0.569997 -57.002029 0.250000 1.000000 -1
1 -0.010122 -0.570005 114.597977 0.250000 0.000000 -1
1 -7.985097 1.566900 -57.002029 0.000000 0.000000 -1
1 -7.985122 1.566894 114.597977 0.000000 0.000000 -1
1 -7.985122 1.566894 114.597977 0.333333 0.000000 -1
1 -7.985097 1.566900 -57.002029 0.333333 1.000000 -1
1 -13.823202 7.405003 -57.002029 0.000000 0.000000 -1
1 -13.823227 7.404996 114.597977 0.000000 0.000000 -1
1 -13.823202 7.405003 -57.002029 0.416667 1.000000 -1
1 -13.823227 7.404996 114.597977 0.416667 0.000000 -1
1 -15.960096 15.380003 -57.002029 0.000000 0.000000 -1
1 -15.960123 15.379995 114.597977 0.000000 0.000000 -1
1 -15.960123 15.379995 114.597977 0.500000 0.000000 -1
1 -15.960096 15.380003 -57.002029 0.500000 1.000000 -1
1 -13.823202 23.355003 -57.002029 0.000000 0.000000 -1
1 -13.823227 23.354996 114.597977 0.000000 0.000000 -1
1 -13.823202 23.355003 -57.002029 0.583333 1.000000 -1
1 -13.823227 23.354996 114.597977 0.583333 0.000000 -1
1 -7.985097 29.193104 -57.002029 0.000000 0.000000 -1
1 -7.985122 29.193096 114.597977 0.000000 0.000000 -1
1 -7.985122 29.193096 114.597977 0.666667 0.000000 -1
1 -7.985097 29.193104 -57.002029 0.666667 1.000000 -1
1 -0.010096 31.330006 -57.002029 0.000000 0.000000 -1
1 -0.010122 31.329994 114.597977 0.000000 0.000000 -1
1 -0.010096 31.330006 -57.002029 0.750000 1.000000 -1
1 -0.010122 31.329994 114.597977 0.750000 0.000000 -1
1 7.964904 29.193104 -57.002029 0.000000 0.000000 -1
1 7.964879 29.193096 114.597977 0.000000 0.000000 -1
1 7.964879 29.193096 114.597977 0.833333 0.000000 -1
1 7.964904 29.193104 -57.002029 0.833333 1.000000 -1
1 13.803009 23.355003 -57.002029 0.000000 0.000000 -1
1 13.802984 23.354996 114.597977 0.000000 0.000000 -1
1 13.803009 23.355003 -57.002029 0.916667 1.000000 -1
1 13.802984 23.354996 114.597977 0.916667 0.000000 -1
1 15.939879 15.379995 114.597977 1.000000 0.000000 -1
1 15.939903 15.380003 -57.002029 1.000000 1.000000 -1
1 -3.640097 -15.639996 -57.002029 0.000000 0.000000 -1
1 -5.776989 -23.614996 -57.002029 0.000000 0.000000 -1
1 -19.590092 -15.639996 -57.002029 0.000000 0.000000 -1
1 -3.640120 -15.640005 114.597977 0.000000 0.000000 -1
1 -19.590117 -15.640005 114.597977 0.000000 0.000000 -1
1 -5.777015 -23.615000 114.597977 0.000000 0.000000 -1
1 -3.640097 -15.639996 -57.002029 0.000000 1.000000 -1
1 -5.776989 -23.614996 -57.002029 0.083333 1.000000 -1
1 -5.777015 -23.615000 114.597977 0.083333 0.000000 -1
1 -11.615091 -29.453093 -57.002029 0.000000 0.000000 -1
1 -11.615117 -29.453100 114.597977 0.000000 0.000000 -1
1 -11.615117 -29.453100 114.597977 0.166667 0.000000 -1
1 -11.615091 -29.453093 -57.002029 0.166667 1.000000 -1
1 -19.590092 -31.589991 -57.002029 0.000000 0.000000 -1
1 -19.590117 -31.589998 114.597977 0.000000 0.000000 -1
1 -19.590092 -31.589991 -57.002029 0.250000 1.000000 -1
1 -19.590117 -31.589998 114.597977 0.250000 0.000000 -1
1 -27.565092 -29.453093 -57.002029 0.000000 0.000000 -1
1 -27.565117 -29.453100 114.597977 0.000000 0.000000 -1
1 -27.565117 -29.453100 114.597977 0.333333 0.000000 -1
1 -27.565092 -29.453093 -57.002029 0.333333 1.000000 -1
1 -33.403194 -23.614996 -57.002029 0.000000 0.000000 -1
1 -33.403217 -23.615000 114.597977 0.000000 0.000000 -1
1 -33.403194 -23.614996 -57.002029 0.416667 1.000000 -1
1 -33.403217 -23.615000 114.597977 0.416667 0.000000 -1
1 -35.540092 -15.639996 -57.002029 0.000000 0.000000 -1
1 -35.540123 -15.640005 114.597977 0.000000 0.000000 -1
1 -35.540123 -15.640005 114.597977 0.500000 0.000000 -1
1 -35.540092 -15.639996 -57.002029 0.500000 1.000000 -1
1 -33.403194 -7.664994 -57.002029 0.000000 0.000000 -1
1 -33.403217 -7.665002 114.597977 0.000000 0.000000 -1
1 -33.403194 -7.664994 -57.002029 0.583333 1.000000 -1
1 -33.403217 -7.665002 114.597977 0.583333 0.000000 -1
1 -27.565092 -1.826893 -57.002029 0.000000 0.000000 -1
1 -27.565117 -1.826901 114.597977 0.000000 0.000000 -1
1 -27.565117 -1.826901 114.597977 0.666667 0.000000 -1
1 -27.565092 -1.826893 -57.002029 0.666667 1.000000 -1
1 -19.590092 0.310006 -57.002029 0.000000 0.000000 -1
1 -19.590117 0.309997 114.597977 0.000000 0.000000 -1
1 -19.590092 0.310006 -57.002029 0.750000 1.000000 -1
1 -19.590117 0.309997 114.597977 0.750000 0.000000 -1
1 -11.615091 -1.826893 -57.002029 0.000000 0.000000 -1
1 -11.615117 -1.826901 114.597977 0.000000 0.000000 -1
1 -11.615117 -1.826901 114.597977 0.833333 0.000000 -1
1 -11.615091 -1.826893 -57.002029 0.833333 1.000000 -1
1 -5.776989 -7.664994 -57.002029 0.000000 0.000000 -1
1 -5.777015 -7.665002 114.597977 0.000000 0.000000 -1
1 -5.776989 -7.664994 -57.002029 0.916667 1.000000 -1
1 -5.777015 -7.665002 114.597977 0.916667 0.000000 -1
1 -3.640120 -15.640005 114.597977 1.000000 0.000000 -1
1 -3.640097 -15.639996 -57.002029 1.000000 1.000000 -1
1 19.569874 -15.639996 -57.002029 0.000000 0.000000 -1
1 5.756772 -23.614996 -57.002029 0.000000 0.000000 -1
1 3.619879 -15.639996 -57.002029 0.000000 0.000000 -1
1 5.756797 -23.615000 114.597977 0.000000 0.000000 -1
1 19.569899 -15.640005 114.597977 0.000000 0.000000 -1
1 3.619902 -15.640005 114.597977 0.000000 0.000000 -1
1 5.756772 -23.614996 -57.002029 0.083333 1.000000 -1
1 3.619879 -15.639996 -57.002029 0.000000 1.000000 -1
1 5.756797 -23.615000 114.597977 0.083333 0.000000 -1
1 11.594873 -29.453093 -57.002029 0.000000 0.000000 -1
1 11.594899 -29.453100 114.597977 0.000000 0.000000 -1
1 11.594899 -29.453100 114.597977 0.166667 0.000000 -1
1 11.594873 -29.453093 -57.002029 0.166667 1.000000 -1
1 19.569874 -31.589991 -57.002029 0.000000 0.000000 -1
1 19.569899 -31.589998 114.597977 0.000000 0.000000 -1
1 19.569874 -31.589991 -57.002029 0.250000 1.000000 -1
1 19.569899 -31.589998 114.597977 0.250000 0.000000 -1
1 27.544874 -29.453093 -57.002029 0.000000 0.000000 -1
1 27.544899 -29.453100 114.597977 0.000000 0.000000 -1
1 27.544899 -29.453100 114.597977 0.333333 0.000000 -1
1 27.544874 -29.453093 -57.002029 0.333333 1.000000 -1
1 33.382977 -23.614996 -57.002029 0.000000 0.000000 -1
1 33.382999 -23.615000 114.597977 0.000000 0.000000 -1
1 33.382977 -23.614996 -57.002029 0.416667 1.000000 -1
1 33.382999 -23.615000 114.597977 0.416667 0.000000 -1
1 35.519875 -15.639996 -57.002029 0.000000 0.000000 -1
1 35.519905 -15.640005 114.597977 0.000000 0.000000 -1
1 35.519905 -15.640005 114.597977 0.500000 0.000000 -1
1 35.519875 -15.639996 -57.002029 0.500000 1.000000 -1
1 33.382977 -7.664994 -57.002029 0.000000 0.000000 -1
1 33.382999 -7.665002 114.597977 0.000000 0.000000 -1
1 33.382977 -7.664994 -57.002029 0.583333 1.000000 -1
1 33.382999 -7.665002 114.597977 0.583333 0.000000 -1
1 27.544874 -1.826893 -57.002029 0.000000 0.000000 -1
1 27.544899 -1.826901 114.597977 0.000000 0.000000 -1
1 27.544899 -1.826901 114.597977 0.666667 0.000000 -1
1 27.544874 -1.826893 -57.002029 0.666667 1.000000 -1
1 19.569874 0.310006 -57.002029 0.000000 0.000000 -1
1 19.569899 0.309997 114.597977 0.000000 0.000000 -1
1 19.569874 0.310006 -57.002029 0.750000 1.000000 -1
1 19.569899 0.309997 114.597977 0.750000 0.000000 -1
1 11.594873 -1.826893 -57.002029 0.000000 0.000000 -1
1 11.594899 -1.826901 114.597977 0.000000 0.000000 -1
1 11.594899 -1.826901 114.597977 0.833333 0.000000 -1
1 11.594873 -1.826893 -57.002029 0.833333 1.000000 -1
1 5.756772 -7.664994 -57.002029 0.000000 0.000000 -1
1 5.756797 -7.665002 114.597977 0.000000 0.000000 -1
1 5.756772 -7.664994 -57.002029 0.916667 1.000000 -1
1 5.756797 -7.665002 114.597977 0.916667 0.000000 -1
1 3.619902 -15.640005 114.597977 1.000000 0.000000 -1
1 3.619879 -15.639996 -57.002029 1.000000 1.000000 -1
77
0.000000 0.000000 -1.000000
0.000000 0.000000 1.000000
0.965926 -0.258819 0.000000
0.965926 -0.258819 0.000000
0.866025 -0.500000 0.000000
0.866025 -0.500000 0.000000
0.500000 -0.866025 0.000000
0.500000 -0.866025 0.000000
-0.000000 -1.000000 -0.000000
-0.000000 -1.000000 -0.000000
-0.500000 -0.866025 -0.000000
-0.500000 -0.866025 -0.000000
-0.866025 -0.500000 -0.000000
-0.866025 -0.500000 -0.000000
-1.000000 -0.000000 -0.000000
-1.000000 0.000000 -0.000000
-0.866025 0.500000 -0.000000
-0.866025 0.500000 -0.000000
-0.500000 0.866025 -0.000000
-0.500000 0.866025 -0.000000
0.000000 1.000000 0.000000
-0.000000 1.000000 0.000000
0.500000 0.866025 0.000000
0.500000 0.866025 0.000000
0.866025 0.500000 0.000000
0.866025 0.500000 0.000000
0.965926 0.258819 0.000000
0.965926 0.258819 0.000000
0.965926 -0.258819 0.000000
0.965926 -0.258819 0.000000
0.866025 -0.500000 0.000000
0.866025 -0.500000 0.000000
0.500000 -0.866025 0.000000
0.500000 -0.866025 0.000000
0.000000 -1.000000 -0.000000
0.000000 -1.000000 -0.000000
-0.500000 -0.866025 -0.000000
-0.500000 -0.866025 -0.000000
-0.866025 -0.500001 -0.000000
-0.866025 -0.500001 -0.000000
-1.000000 -0.000000 -0.000000
-1.000000 -0.000000 -0.000000
-0.866025 0.500000 -0.000000
-0.866025 0.500000 -0.000000
-0.500000 0.866025 -0.000000
-0.500000 0.866025 -0.000000
0.000000 1.000000 0.000000
0.000000 1.000000 0.000000
0.500000 0.866025 0.000000
0.500000 0.866025 0.000000
0.866025 0.500000 0.000000
0.866025 0.500000 0.000000
0.965926 0.258819 0.000000
0.965926 0.258819 0.000000
-0.866025 -0.500000 0.000000
-0.965926 -0.258819 0.000000
-0.965926 -0.258819 0.000000
-0.866025 -0.500000 0.000000
-0.500000 -0.866025 0.000000
-0.500000 -0.866025 0.000000
0.500000 -0.866025 -0.000000
0.500000 -0.866025 -0.000000
0.866025 -0.500001 -0.000000
0.866025 -0.500001 -0.000000
1.000000 -0.000000 -0.000000
1.000000 -0.000000 -0.000000
0.866025 0.500000 -0.000000
0.866025 0.500000 -0.000000
0.500000 0.866025 -0.000000
0.500000 0.866025 -0.000000
-0.000000 1.000000 0.000000
-0.500000 0.866025 0.000000
-0.500000 0.866025 0.000000
-0.866025 0.500000 0.000000
-0.866025 0.500000 0.000000
-0.965926 0.258819 0.000000
-0.965926 0.258819 0.000000
144
1 0 1 2 0 0 0 2
1 3 4 5 1 1 1 2
1 6 3 7 2 3 4 1
1 3 8 7 3 5 4 1
1 1 9 2 0 0 0 2
1 5 4 10 1 1 1 2
1 7 8 11 4 5 6 1
1 7 11 12 4 6 7 1
1 9 13 2 0 0 0 2
1 10 4 14 1 1 1 2
1 12 11 15 7 6 8 1
1 11 16 15 6 9 8 1
1 13 17 2 0 0 0 2
1 14 4 18 1 1 1 2
1 15 16 19 8 9 10 1
1 15 19 20 8 10 11 1
1 17 21 2 0 0 0 2
1 18 4 22 1 1 1 2
1 20 19 23 11 10 12 1
1 19 24 23 10 13 12 1
1 21 25 2 0 0 0 2
1 22 4 26 1 1 1 2
1 23 24 27 12 13 14 1
1 23 27 28 12 14 15 1
1 25 29 2 0 0 0 2
1 26 4 30 1 1 1 2
1 28 27 31 15 14 16 1
1 27 32 31 14 17 16 1
1 29 33 2 0 0 0 2
1 30 4 34 1 1 1 2
1 31 32 35 16 17 18 1
1 31 35 36 16 18 19 1
1 33 37 2 0 0 0 2
1 34 4 38 1 1 1 2
1 36 35 39 19 18 20 1
1 35 40 39 18 21 20 1
1 37 41 2 0 0 0 2
1 38 4 42 1 1 1 2
1 39 40 43 20 21 22 1
1 39 43 44 20 22 23 1
1 41 45 2 0 0 0 2
1 42 4 46 1 1 1 2
1 44 43 47 23 22 24 1
1 43 48 47 22 25 24 1
1 45 0 2 0 0 0 2
1 46 4 3 1 1 1 2
1 47 48 49 24 25 26 1
1 47 49 50 24 26 27 1
1 51 52 53 0 0 0 2
1 54 55 56 1 1 1 2
1 57 54 58 28 29 30 1
1 54 59 58 29 31 30 1
1 52 60 53 0 0 0 2
1 56 55 61 1 1 1 2
1 58 59 62 30 31 32 1
1 58 62 63 30 32 33 1
1 60 64 53 0 0 0 2
1 61 55 65 1 1 1 2
1 63 62 66 33 32 34 1
1 62 67 66 32 35 34 1
1 64 68 53 0 0 0 2
1 65 55 69 1 1 1 2
1 66 67 70 34 35 36 1
1 66 70 71 34 36 37 1
1 68 72 53 0 0 0 2
1 69 55 73 1 1 1 2
1 71 70 74 37 36 38 1
1 70 75 74 36 39 38 1
1 72 76 53 0 0 0 2
1 73 55 77 1 1 1 2
1 74 75 78 38 39 40 1
1 74 78 79 38 40 41 1
1 76 80 53 0 0 0 2
1 77 55 81 1 1 1 2
1 79 78 82 41 40 42 1
1 78 83 82 40 43 42 1
1 80 84 53 0 0 0 2
1 81 55 85 1 1 1 2
1 82 83 86 42 43 44 1
1 82 86 87 42 44 45 1
1 84 88 53 0 0 0 2
1 85 55 89 1 1 1 2
1 87 86 90 45 44 46 1
1 86 91 90 44 47 46 1
1 88 92 53 0 0 0 2
1 89 55 93 1 1 1 2
1 90 91 94 46 47 48 1
1 90 94 95 46 48 49 1
1 92 96 53 0 0 0 2
1 93 55 97 1 1 1 2
1 95 94 98 49 48 50 1
1 94 99 98 48 51 50 1
1 96 51 53 0 0 0 2
1 97 55 54 1 1 1 2
1 98 99 100 50 51 52 1
1 98 100 101 50 52 53 1
1 102 103 104 0 0 0 2
1 105 106 107 1 1 1 2
1 108 107 109 54 55 56 1
1 108 110 107 54 57 55 1
1 102 111 103 0 0 0 2
1 112 106 105 1 1 1 2
1 113 110 108 58 57 54 1
1 114 113 108 59 58 54 1
1 102 115 111 0 0 0 2
1 116 106 112 1 1 1 2
1 117 113 114 34 58 59 1
1 117 118 113 34 35 58 1
1 102 119 115 0 0 0 2
1 120 106 116 1 1 1 2
1 121 118 117 60 35 34 1
1 122 121 117 61 60 34 1
1 102 123 119 0 0 0 2
1 124 106 120 1 1 1 2
1 125 121 122 62 60 61 1
1 125 126 121 62 63 60 1
1 102 127 123 0 0 0 2
1 128 106 124 1 1 1 2
1 129 126 125 64 63 62 1
1 130 129 125 65 64 62 1
1 102 131 127 0 0 0 2
1 132 106 128 1 1 1 2
1 133 129 130 66 64 65 1
1 133 134 129 66 67 64 1
1 102 135 131 0 0 0 2
1 136 106 132 1 1 1 2
1 137 134 133 68 67 66 1
1 138 137 133 69 68 66 1
1 102 139 135 0 0 0 2
1 140 106 136 1 1 1 2
1 141 137 138 70 68 69 1
1 141 142 137 70 47 68 1
1 102 143 139 0 0 0 2
1 144 106 140 1 1 1 2
1 145 142 141 71 47 70 1
1 146 145 141 72 71 70 1
1 102 147 143 0 0 0 2
1 148 106 144 1 1 1 2
1 149 145 146 73 71 72 1
1 149 150 145 73 74 71 1
1 102 104 147 0 0 0 2
1 107 106 148 1 1 1 2
1 151 150 149 75 74 73 1
1 152 151 149 76 75 73 1

Materials: 3
"Material01"
0.200000 0.200000 0.200000 1.000000
1.000000 0.000000 0.000000 1.000000
0.000000 0.000000 0.000000 1.000000
0.725490 0.000000 0.000000 1.000000
0.000000
1.000000
"sphere_chrome.bmp"
""
"Material02"
0.200000 0.200000 0.200000 1.000000
1.000000 1.000000 1.000000 1.000000
0.000000 0.000000 0.000000 1.000000
0.501961 0.501961 0.501961 1.000000
0.000000
1.000000
"sphere_chrome.bmp"
""
"Material03"
0.200000 0.200000 0.200000 1.000000
0.125490 0.125490 0.125490 1.000000
0.000000 0.000000 0.000000 1.000000
0.000000 0.000000 0.000000 1.000000
0.000000
1.000000
""
""

Bones: 0
GroupComments: 0
MaterialComments: 0
BoneComments: 0
ModelComment: 0
