// MilkShape 3D ASCII

Frames: 30
Frame: 1

Meshes: 1
"shark" 0 0
235
1 0.032675 -0.724814 -9.574989 0.905544 0.590623 -1
1 0.028297 -0.884953 -9.574991 0.905544 0.585022 -1
1 -0.000000 -0.724814 -9.574989 0.905544 0.590623 -1
1 0.355861 -1.164814 11.018695 0.052055 0.639631 -1
1 -0.000000 -1.084814 11.458696 0.033718 0.630720 -1
1 0.308185 -1.342746 11.018699 0.052054 0.659449 -1
1 1.042919 -0.804814 -2.187972 0.602433 0.599533 -1
1 0.903194 -1.434814 -2.187971 0.602433 0.669704 -1
1 1.402147 -1.084812 0.645360 0.484356 0.630720 -1
1 1.214295 -1.931813 0.645364 0.484356 0.725061 -1
1 1.696598 -0.844814 4.558696 0.321270 0.603988 -1
1 1.469297 -1.869686 4.558696 0.321270 0.718141 -1
1 1.158799 -1.124816 8.192032 0.169854 0.635176 -1
1 1.003549 -1.824813 8.192030 0.169854 0.713143 -1
1 1.134000 -1.204814 9.305366 0.123456 0.644086 -1
1 0.982072 -1.771815 9.305367 0.123456 0.707240 -1
1 0.016337 -1.002181 -9.372881 0.905544 0.598079 -1
1 0.177930 -1.473000 11.018700 0.052054 0.673957 -1
1 0.521459 -1.896008 -2.187969 0.602433 0.721073 -1
1 0.701073 -2.551863 0.645363 0.484356 0.794123 -1
1 0.848299 -2.619943 4.558696 0.321270 0.801706 -1
1 0.579399 -2.337250 8.192030 0.169854 0.770219 -1
1 0.982072 -1.771815 9.305367 0.138313 0.222353 -1
1 0.567000 -2.186887 9.305364 0.127073 0.301921 -1
1 0.579399 -2.337250 8.192030 0.130675 0.330746 -1
1 0.177930 -1.473000 11.018700 0.116538 0.165070 -1
1 -0.000000 -1.045090 -9.372884 0.905544 0.602858 -1
1 -0.000000 -1.520676 11.018695 0.052055 0.679267 -1
1 -0.000000 -2.064816 -2.187971 0.602433 0.739875 -1
1 -0.000000 -2.778813 0.645363 0.484356 0.819401 -1
1 -0.000000 -2.894555 4.558696 0.321270 0.832293 -1
1 -0.000000 -2.524815 8.192030 0.169854 0.791110 -1
1 -0.000000 -2.338817 9.305366 0.111720 0.331046 -1
1 -0.000000 -2.524815 8.192030 0.111720 0.366702 -1
1 -0.000000 -1.520676 11.018695 0.111720 0.174210 -1
1 -0.000000 -0.404540 -9.372882 0.905544 0.554950 -1
1 0.016337 -0.447448 -9.372884 0.905544 0.559729 -1
1 -0.000000 -0.808953 11.018699 0.052054 0.599994 -1
1 0.177930 -0.856629 11.018700 0.052054 0.605304 -1
1 -0.000000 0.455187 -2.187971 0.602433 0.459192 -1
1 0.521459 0.286378 -2.187972 0.602433 0.477994 -1
1 -0.000000 1.049186 0.645363 0.484356 0.393031 -1
1 0.701073 0.822232 0.645363 0.484356 0.418309 -1
1 -0.000000 1.204926 4.558696 0.321270 0.375684 -1
1 0.848299 0.930314 4.558694 0.321270 0.406271 -1
1 -0.000000 0.275187 8.192030 0.169854 0.479241 -1
1 0.579399 0.087621 8.192030 0.169854 0.500132 -1
1 -0.000000 -0.070814 9.305367 0.123456 0.517779 -1
1 0.567000 -0.222741 9.305364 0.123456 0.534701 -1
1 0.028297 -0.564677 -9.574989 0.905544 0.572786 -1
1 0.308185 -0.986884 11.018700 0.052054 0.619813 -1
1 0.903194 -0.174813 -2.187972 0.602433 0.529362 -1
1 1.214295 0.202186 0.645364 0.484356 0.487372 -1
1 1.469297 0.180057 4.558699 0.321270 0.489836 -1
1 1.003549 -0.424814 8.192030 0.169854 0.557208 -1
1 0.982072 -0.637814 9.305366 0.123456 0.580932 -1
1 -0.028297 -0.884953 -9.574991 0.905544 0.585022 -1
1 -0.032675 -0.724814 -9.574989 0.905544 0.590623 -1
1 -0.308185 -1.342746 11.018699 0.052054 0.659449 -1
1 -0.355861 -1.164814 11.018695 0.052055 0.639631 -1
1 -0.903195 -1.434814 -2.187971 0.602433 0.669704 -1
1 -1.042920 -0.804814 -2.187972 0.602433 0.599533 -1
1 -1.402148 -1.084812 0.645360 0.484356 0.630720 -1
1 -1.214296 -1.931813 0.645364 0.484356 0.725061 -1
1 -1.469298 -1.869686 4.558696 0.321270 0.718141 -1
1 -1.696599 -0.844814 4.558696 0.321270 0.603988 -1
1 -1.158800 -1.124816 8.192032 0.169854 0.635176 -1
1 -1.003550 -1.824813 8.192030 0.169854 0.713143 -1
1 -0.982073 -1.771815 9.305367 0.123456 0.707240 -1
1 -1.134000 -1.204814 9.305366 0.123456 0.644086 -1
1 -0.016337 -1.002181 -9.372881 0.905544 0.598079 -1
1 -0.177931 -1.473000 11.018700 0.052054 0.673957 -1
1 -0.521460 -1.896008 -2.187969 0.602433 0.721073 -1
1 -0.701074 -2.551863 0.645363 0.484356 0.794123 -1
1 -0.848299 -2.619943 4.558696 0.321270 0.801706 -1
1 -0.579400 -2.337250 8.192030 0.169854 0.770219 -1
1 -0.579400 -2.337250 8.192030 0.130675 0.330746 -1
1 -0.567000 -2.186887 9.305364 0.127073 0.301921 -1
1 -0.982073 -1.771815 9.305367 0.138313 0.222353 -1
1 -0.177931 -1.473000 11.018700 0.116538 0.165070 -1
1 -0.016337 -0.447448 -9.372884 0.905544 0.559729 -1
1 -0.177931 -0.856629 11.018700 0.052054 0.605304 -1
1 -0.521460 0.286378 -2.187972 0.602433 0.477994 -1
1 -0.701074 0.822232 0.645363 0.484356 0.418309 -1
1 -0.848299 0.930314 4.558694 0.321270 0.406271 -1
1 -0.579400 0.087621 8.192030 0.169854 0.500132 -1
1 -0.567000 -0.222741 9.305364 0.123456 0.534701 -1
1 -0.028297 -0.564677 -9.574989 0.905544 0.572786 -1
1 -0.308185 -0.986884 11.018700 0.052054 0.619813 -1
1 -0.903195 -0.174813 -2.187972 0.602433 0.529362 -1
1 -1.214296 0.202186 0.645364 0.484356 0.487372 -1
1 -1.469298 0.180057 4.558699 0.321270 0.489836 -1
1 -1.003550 -0.424814 8.192030 0.169854 0.557208 -1
1 -0.982073 -0.637814 9.305366 0.123456 0.580932 -1
1 -0.000000 3.225156 1.439297 0.448012 0.154052 -1
1 0.104161 2.659133 2.055997 0.426609 0.214248 -1
1 0.120274 3.045220 1.439297 0.448012 0.173188 -1
1 0.060137 2.659133 2.301794 0.418078 0.214248 -1
1 -0.000000 2.659133 2.391762 0.414955 0.214248 -1
1 -0.060137 2.659133 2.301794 0.418078 0.214248 -1
1 -0.104161 2.659133 2.055997 0.426609 0.214248 -1
1 -0.120275 3.045220 1.439297 0.448012 0.173188 -1
1 -0.000000 3.395763 1.041791 0.461808 0.135908 -1
1 0.277276 0.732175 2.975620 0.394692 0.419180 -1
1 0.240549 1.736011 1.794080 0.435699 0.312422 -1
1 0.240128 0.732175 3.749677 0.367827 0.419180 -1
1 0.208321 1.736011 2.465608 0.412393 0.312422 -1
1 0.120274 1.736011 3.197201 0.395331 0.312422 -1
1 0.138638 0.840317 5.174825 0.337297 0.416961 -1
1 -0.000000 0.840317 5.382234 0.330099 0.416961 -1
1 -0.000000 1.736011 3.429311 0.387275 0.312422 -1
1 -0.120275 1.736011 3.197201 0.395331 0.312422 -1
1 -0.138638 0.840317 5.174825 0.337297 0.416961 -1
1 -0.240128 0.732175 3.749677 0.367827 0.419180 -1
1 -0.208322 1.736011 2.465608 0.412393 0.312422 -1
1 -0.240549 1.736011 1.794080 0.435699 0.312422 -1
1 -0.277276 0.732175 2.975620 0.394692 0.419180 -1
1 -0.240128 0.732175 2.201560 0.421557 0.419180 -1
1 -0.000000 2.134404 1.089441 0.460155 0.270053 -1
1 -0.138638 0.732175 1.634911 0.441223 0.419180 -1
1 -0.000000 0.381406 0.504426 0.480458 0.456485 -1
1 0.138638 0.732175 1.634911 0.441223 0.419180 -1
1 0.240128 0.732175 2.201560 0.421557 0.419180 -1
1 0.208321 2.407540 1.794080 0.435699 0.241005 -1
1 0.180411 2.167540 2.301794 0.418078 0.266529 -1
1 0.104161 2.167540 2.727526 0.403302 0.266529 -1
1 -0.000000 2.167540 2.883355 0.397894 0.266529 -1
1 -0.104161 2.167540 2.727526 0.403302 0.266529 -1
1 -0.180412 2.167540 2.301794 0.418078 0.266529 -1
1 -0.208322 2.407540 1.794080 0.435699 0.241005 -1
1 -0.000000 2.814455 1.093449 0.460016 0.197730 -1
1 1.865150 -2.668120 1.924695 0.423111 0.834338 -1
1 1.163268 -2.057984 2.512068 0.399182 0.737932 -1
1 1.487794 -2.340092 3.224695 0.370151 0.782507 -1
1 1.804859 -2.737478 1.924695 0.423111 0.834338 -1
1 1.427503 -2.409448 3.224695 0.370151 0.782507 -1
1 1.102976 -2.127342 2.512068 0.399182 0.737932 -1
1 0.934871 -1.859442 2.514695 0.399075 0.706560 -1
1 0.874582 -1.928800 2.514695 0.399075 0.706560 -1
1 0.204787 -1.224789 3.584695 0.355485 0.606280 -1
1 0.144495 -1.294147 3.584695 0.355485 0.606280 -1
1 0.316009 -1.321473 4.134696 0.333078 0.621557 -1
1 0.255717 -1.390832 4.134696 0.333078 0.621557 -1
1 0.619877 -1.585622 4.537324 0.316675 0.663295 -1
1 0.559586 -1.654979 4.537324 0.316675 0.663295 -1
1 1.147794 -2.080091 4.324695 0.325338 0.782507 -1
1 1.087503 -2.149449 4.324695 0.325338 0.782507 -1
1 1.616096 -2.451621 3.993323 0.338838 0.800130 -1
1 1.555804 -2.520979 3.993323 0.338838 0.800130 -1
1 1.995435 -2.781376 3.230696 0.369906 0.852234 -1
1 1.935145 -2.850733 3.230696 0.369906 0.852234 -1
1 2.302882 -3.048636 2.540695 0.398016 0.894463 -1
1 2.242592 -3.117996 2.540695 0.398016 0.894463 -1
1 2.532779 -3.248482 1.927959 0.422979 0.926041 -1
1 2.472490 -3.317839 1.927961 0.422979 0.926041 -1
1 2.585152 -3.294010 1.462803 0.441928 0.933233 -1
1 2.524860 -3.363365 1.462802 0.441928 0.933233 -1
1 -1.487795 -2.340092 3.224695 0.370151 0.782507 -1
1 -1.163269 -2.057984 2.512068 0.399182 0.737932 -1
1 -1.865150 -2.668120 1.924695 0.423111 0.834338 -1
1 -1.102977 -2.127342 2.512068 0.399182 0.737932 -1
1 -1.427503 -2.409448 3.224695 0.370151 0.782507 -1
1 -1.804859 -2.737478 1.924695 0.423111 0.834338 -1
1 -0.934872 -1.859442 2.514695 0.399075 0.706560 -1
1 -0.874582 -1.928800 2.514695 0.399075 0.706560 -1
1 -0.204788 -1.224789 3.584695 0.355485 0.606280 -1
1 -0.144495 -1.294147 3.584695 0.355485 0.606280 -1
1 -0.316009 -1.321473 4.134696 0.333078 0.621557 -1
1 -0.255717 -1.390832 4.134696 0.333078 0.621557 -1
1 -0.619878 -1.585622 4.537324 0.316675 0.663295 -1
1 -0.559586 -1.654979 4.537324 0.316675 0.663295 -1
1 -1.147795 -2.080091 4.324695 0.325338 0.782507 -1
1 -1.087503 -2.149449 4.324695 0.325338 0.782507 -1
1 -1.616096 -2.451621 3.993323 0.338838 0.800130 -1
1 -1.555804 -2.520979 3.993323 0.338838 0.800130 -1
1 -1.995435 -2.781376 3.230696 0.369906 0.852234 -1
1 -1.935145 -2.850733 3.230696 0.369906 0.852234 -1
1 -2.302882 -3.048636 2.540695 0.398016 0.894463 -1
1 -2.242592 -3.117996 2.540695 0.398016 0.894463 -1
1 -2.532779 -3.248482 1.927959 0.422979 0.926041 -1
1 -2.472490 -3.317839 1.927961 0.422979 0.926041 -1
1 -2.585152 -3.294010 1.462803 0.441928 0.933233 -1
1 -2.524860 -3.363365 1.462802 0.441928 0.933233 -1
1 0.029996 -0.351814 -9.632301 0.900102 0.567089 -1
1 0.029996 0.094793 -9.880803 0.910479 0.520237 -1
1 0.029996 0.433186 -9.616302 0.899434 0.484738 -1
1 -0.030004 -0.351814 -9.632301 0.900102 0.567089 -1
1 -0.030004 0.433186 -9.616302 0.899434 0.484738 -1
1 -0.030004 0.094793 -9.880803 0.910479 0.520237 -1
1 0.029996 0.600686 -10.194696 0.923585 0.467165 -1
1 -0.030004 0.600686 -10.194696 0.923585 0.467165 -1
1 0.029996 2.337186 -11.361302 0.972296 0.284995 -1
1 -0.030004 2.337186 -11.361302 0.972296 0.284995 -1
1 0.029996 2.937686 -11.458696 0.976363 0.221999 -1
1 -0.030004 2.937686 -11.458696 0.976363 0.221999 -1
1 0.029996 2.595580 -10.904802 0.953234 0.257888 -1
1 -0.030004 2.595580 -10.904802 0.953234 0.257888 -1
1 0.029996 0.962186 -9.104303 0.878055 0.429242 -1
1 -0.030004 0.962186 -9.104303 0.878055 0.429242 -1
1 0.154735 0.307580 -8.391803 0.848305 0.497915 -1
1 -0.154742 0.307580 -8.391803 0.848305 0.497915 -1
1 0.154735 -0.038314 -8.045909 0.833862 0.534201 -1
1 -0.154742 -0.038314 -8.045909 0.833862 0.534201 -1
1 0.029996 -0.190814 -7.519301 0.811873 0.550199 -1
1 -0.030004 -0.190814 -7.519301 0.811873 0.550199 -1
1 0.029996 -1.161205 -7.090854 0.793984 0.652000 -1
1 -0.030004 -1.161205 -7.090854 0.793984 0.652000 -1
1 0.029996 -0.663607 -9.575801 0.897743 0.599799 -1
1 -0.030004 -0.663607 -9.575801 0.897743 0.599799 -1
1 0.029996 -1.863892 -9.616302 0.908625 0.714460 -1
1 0.029996 -1.487603 -9.767119 0.914031 0.679661 -1
1 0.029996 -1.078891 -9.632301 0.909198 0.641864 -1
1 -0.030004 -1.487603 -9.767119 0.914031 0.679661 -1
1 -0.030004 -1.863892 -9.616302 0.908625 0.714460 -1
1 -0.030004 -1.078891 -9.632301 0.909198 0.641864 -1
1 0.029996 -2.448233 -10.093642 0.925735 0.768499 -1
1 -0.030004 -2.448233 -10.093642 0.925735 0.768499 -1
1 0.029996 -2.795259 -10.287618 0.932687 0.800592 -1
1 -0.030004 -2.795259 -10.287618 0.932687 0.800592 -1
1 0.029996 -3.395763 -10.385012 0.936179 0.856127 -1
1 -0.030004 -3.395763 -10.385012 0.936179 0.856127 -1
1 0.029996 -3.053655 -9.831118 0.916325 0.824489 -1
1 -0.030004 -3.053655 -9.831118 0.916325 0.824489 -1
1 0.029996 -2.392891 -9.104303 0.890272 0.763382 -1
1 -0.030004 -2.392891 -9.104303 0.890272 0.763382 -1
1 0.154735 -1.738285 -8.391803 0.864734 0.702844 -1
1 -0.154742 -1.738285 -8.391803 0.864734 0.702844 -1
1 0.154735 -1.392391 -8.045909 0.852335 0.670856 -1
1 -0.154742 -1.392391 -8.045909 0.852335 0.670856 -1
1 0.029996 -1.239891 -7.519301 0.833459 0.656753 -1
1 -0.030004 -1.239891 -7.519301 0.833459 0.656753 -1
1 0.029996 -0.269501 -7.090854 0.818103 0.567012 -1
1 -0.030004 -0.269501 -7.090854 0.818103 0.567012 -1
1 0.029996 -0.590256 -9.575801 0.907173 0.596675 -1
1 -0.030004 -0.590256 -9.575801 0.907173 0.596675 -1
306
0.000000 0.000006 -1.000000
-0.639243 -0.112948 -0.760665
0.000000 0.000016 -1.000000
0.777944 0.004754 0.628316
-0.000000 0.056418 0.998407
0.646092 -0.368371 0.668482
0.991862 0.000034 -0.127318
0.991433 0.000320 -0.130613
0.915567 -0.371520 -0.153983
0.975204 -0.179899 -0.128891
0.994788 -0.018163 -0.100333
0.892834 -0.436125 -0.112440
0.999355 -0.000369 0.035922
0.897717 -0.439241 0.034245
0.995894 -0.000326 0.090530
0.895476 -0.438038 0.079029
0.974819 0.000224 0.222997
0.892868 -0.388663 0.227439
0.910501 0.000543 0.413506
0.785270 -0.452820 0.422262
-0.192448 -0.585280 -0.787662
0.361573 -0.621754 0.694757
0.786810 -0.604953 -0.122320
0.552797 -0.813340 -0.181366
0.557335 -0.820190 -0.129094
0.561098 -0.827008 0.035026
0.606043 -0.789911 0.093556
0.682406 -0.682408 0.261995
0.480453 -0.831415 0.279131
0.433228 -0.891217 0.134336
0.643568 -0.643567 0.414297
0.380689 -0.819696 0.427988
0.000000 -0.533664 -0.845696
0.000000 -0.710441 0.703757
0.000000 -0.979008 -0.203824
0.000000 -0.990078 -0.140518
0.000000 -0.990443 -0.137925
-0.000000 -0.999354 0.035930
0.000000 -0.994862 0.101240
-0.000000 -0.955533 0.294885
0.000000 -0.986330 0.164781
0.000000 -0.902396 0.430908
0.000000 0.533669 -0.845693
-0.192486 0.585273 -0.787658
0.000000 0.847251 0.531193
0.416954 0.726950 0.545612
0.000000 0.992917 -0.118810
0.000000 0.985155 -0.171668
0.789811 0.603555 -0.109176
0.554973 0.817125 -0.155922
0.000000 0.992409 -0.122983
0.557991 0.821612 -0.116622
0.000000 0.994432 0.105382
0.559575 0.823584 0.092658
0.000000 0.962172 0.272444
0.533824 0.814199 0.228282
0.000000 0.940185 0.340664
0.474433 0.820035 0.320088
0.000000 0.918395 0.395664
0.458446 0.794582 0.398080
-0.639240 0.112957 -0.760666
0.701708 0.409917 0.582730
0.921852 0.362635 -0.136692
0.976839 0.173763 -0.124865
0.908927 0.403528 -0.104962
0.900745 0.429914 0.061906
0.889501 0.433983 0.142990
0.844589 0.466847 0.262151
0.791730 0.457635 0.404640
0.639243 -0.112948 -0.760665
0.000000 0.000006 -1.000000
-0.646092 -0.368371 0.668482
-0.777944 0.004754 0.628316
-0.915567 -0.371520 -0.153983
-0.991433 0.000320 -0.130613
-0.991862 0.000034 -0.127318
-0.975204 -0.179899 -0.128891
-0.994788 -0.018163 -0.100333
-0.892834 -0.436125 -0.112440
-0.897716 -0.439241 0.034245
-0.999355 -0.000369 0.035922
-0.995894 -0.000326 0.090530
-0.895476 -0.438038 0.079029
-0.892868 -0.388663 0.227439
-0.974819 0.000224 0.222997
-0.910501 0.000543 0.413506
-0.785270 -0.452820 0.422262
0.192448 -0.585280 -0.787662
-0.361573 -0.621754 0.694757
-0.786810 -0.604953 -0.122320
-0.552797 -0.813340 -0.181366
-0.557335 -0.820190 -0.129094
-0.561098 -0.827008 0.035026
-0.606043 -0.789911 0.093556
-0.433228 -0.891217 0.134336
-0.480453 -0.831415 0.279131
-0.682405 -0.682409 0.261995
-0.643568 -0.643567 0.414297
-0.380689 -0.819696 0.427988
0.192486 0.585273 -0.787658
-0.416954 0.726950 0.545612
-0.789811 0.603555 -0.109176
-0.554973 0.817125 -0.155922
-0.557990 0.821612 -0.116622
-0.559575 0.823584 0.092658
-0.533824 0.814199 0.228282
-0.474433 0.820035 0.320088
-0.458446 0.794582 0.398079
0.639240 0.112957 -0.760666
-0.701708 0.409918 0.582730
-0.921852 0.362635 -0.136692
-0.976839 0.173763 -0.124865
-0.908927 0.403528 -0.104962
-0.900745 0.429915 0.061906
-0.889501 0.433983 0.142990
-0.844589 0.466848 0.262151
-0.791730 0.457635 0.404640
0.000000 0.876603 0.481215
0.915509 0.339099 0.216461
0.964595 0.258601 0.051781
0.844197 0.426245 0.325033
-0.000000 0.795052 0.606542
-0.844197 0.426245 0.325033
-0.915509 0.339099 0.216461
-0.964595 0.258601 0.051781
0.000000 0.988109 -0.153752
0.999336 0.036447 -0.000098
0.994385 0.023103 -0.103274
0.989267 0.129307 0.068042
0.989714 0.116476 0.083063
0.865964 0.423344 0.266245
0.829587 0.511496 0.223960
-0.000000 0.911105 0.412175
0.000000 0.858842 0.512240
-0.865964 0.423344 0.266245
-0.829587 0.511496 0.223960
-0.989267 0.129307 0.068042
-0.989714 0.116476 0.083063
-0.994385 0.023103 -0.103274
-0.999336 0.036447 -0.000098
-0.976062 -0.052062 -0.211169
-0.000000 -0.083776 -0.996485
-0.987088 0.036966 -0.155852
0.000000 0.316560 -0.948573
0.987088 0.036966 -0.155852
0.976062 -0.052062 -0.211169
0.993877 0.070782 -0.084841
0.975281 0.173807 0.136449
0.861877 0.381197 0.334451
-0.000000 0.738157 0.674629
-0.861877 0.381197 0.334451
-0.975281 0.173807 0.136449
-0.993877 0.070782 -0.084841
-0.000000 -0.014986 -0.999888
0.656060 0.754709 0.000002
0.656059 0.754710 0.000002
0.656676 0.754160 0.004382
-0.656058 -0.754710 0.000000
-0.656676 -0.754160 -0.004382
-0.656060 -0.754709 0.000002
-0.366526 0.318612 -0.874154
-0.366523 0.318617 -0.874154
-0.212918 0.185084 -0.959380
-0.212918 0.185084 -0.959380
0.656059 0.754710 0.000001
-0.656061 -0.754708 0.000001
-0.309262 0.268833 -0.912188
-0.309265 0.268829 -0.912187
0.656060 0.754709 0.000000
-0.656059 -0.754710 -0.000001
-0.733681 0.637773 -0.234433
-0.733676 0.637778 -0.234433
0.656060 0.754709 0.000000
-0.656058 -0.754710 0.000000
-0.653599 0.568163 0.499999
-0.653602 0.568159 0.499999
0.674541 0.737914 0.021874
-0.674540 -0.737914 -0.021873
-0.186464 0.162089 0.968999
-0.186463 0.162091 0.968998
0.659569 0.751184 0.026314
-0.659570 -0.751182 -0.026315
0.291354 -0.253272 0.922478
0.291355 -0.253271 0.922478
0.640826 0.767673 0.004422
-0.640827 -0.767673 -0.004424
0.512964 -0.445911 0.733506
0.512962 -0.445913 0.733506
0.656058 0.754710 -0.000001
-0.656058 -0.754710 0.000001
0.640228 -0.556528 0.529514
0.640227 -0.556529 0.529514
0.656059 0.754710 0.000000
-0.656061 -0.754708 -0.000002
0.663293 -0.576564 0.477092
0.663295 -0.576561 0.477092
0.656058 0.754711 -0.000001
-0.656060 -0.754709 -0.000002
0.719947 -0.625826 0.300030
0.719955 -0.625815 0.300033
0.656058 0.754710 -0.000000
-0.656057 -0.754711 0.000002
0.447071 -0.388625 -0.805667
0.447059 -0.388634 -0.805668
-0.656676 0.754160 0.004382
-0.656059 0.754710 0.000002
-0.656060 0.754709 0.000001
0.656060 -0.754708 0.000002
0.656676 -0.754160 -0.004382
0.656058 -0.754710 0.000000
0.212918 0.185084 -0.959380
0.366523 0.318617 -0.874154
0.366526 0.318613 -0.874154
0.212918 0.185084 -0.959380
-0.656059 0.754710 0.000001
0.656061 -0.754708 0.000001
0.309262 0.268833 -0.912188
0.309265 0.268829 -0.912187
-0.656060 0.754709 0.000000
0.656059 -0.754710 -0.000001
0.733681 0.637772 -0.234433
0.733676 0.637778 -0.234433
-0.656060 0.754709 0.000000
0.656058 -0.754710 0.000000
0.653599 0.568163 0.499999
0.653602 0.568159 0.499999
-0.674541 0.737914 0.021874
0.674540 -0.737914 -0.021873
0.186464 0.162089 0.968999
0.186463 0.162091 0.968998
-0.659569 0.751183 0.026314
0.659570 -0.751182 -0.026315
-0.291355 -0.253271 0.922478
-0.291355 -0.253271 0.922478
-0.640826 0.767673 0.004423
0.640827 -0.767673 -0.004424
-0.512965 -0.445910 0.733506
-0.512964 -0.445912 0.733506
-0.656059 0.754710 -0.000001
0.656058 -0.754710 0.000001
-0.640228 -0.556527 0.529514
-0.640228 -0.556528 0.529514
-0.656059 0.754710 0.000000
0.656061 -0.754708 -0.000002
-0.663293 -0.576564 0.477092
-0.663294 -0.576562 0.477092
-0.656058 0.754710 -0.000001
0.656060 -0.754709 -0.000003
-0.719948 -0.625825 0.300030
-0.719956 -0.625814 0.300032
-0.656059 0.754710 -0.000000
0.656057 -0.754711 0.000002
-0.447072 -0.388624 -0.805667
-0.447060 -0.388633 -0.805668
1.000000 0.000000 0.000000
0.995023 -0.089177 -0.044452
-1.000000 0.000000 0.000000
-0.995023 -0.089177 -0.044452
0.000000 -0.336797 -0.941577
0.000000 -0.506869 -0.862023
0.000000 -0.542532 -0.840035
0.000000 -0.542532 -0.840035
0.000000 -0.367364 -0.930077
0.000000 0.831414 -0.555653
0.000000 0.831414 -0.555653
0.000000 0.799081 0.601223
0.997944 0.044568 -0.046048
-0.997944 0.044569 -0.046048
0.000000 0.738520 0.674232
0.994663 -0.011621 -0.102517
-0.994663 -0.011622 -0.102518
0.000000 0.721911 0.691986
0.000000 0.721911 0.691986
0.641750 -0.718992 -0.266848
-0.641750 -0.718992 -0.266848
0.000000 0.860962 0.508669
0.695604 -0.688586 -0.204901
-0.695604 -0.688586 -0.204901
0.000000 0.752829 0.658217
0.000000 -0.625930 0.779879
0.000000 -0.700584 -0.713570
0.995023 0.089177 -0.044452
-0.995023 0.089177 -0.044452
0.000000 0.317543 -0.948244
0.000000 0.215174 -0.976576
0.000000 0.406552 -0.913628
0.000000 0.328999 -0.944330
0.000000 -0.831415 -0.555652
0.000000 -0.831415 -0.555652
0.000000 -0.798762 0.601647
0.997944 -0.044569 -0.046048
-0.997944 -0.044569 -0.046048
0.000000 -0.738162 0.674623
0.994663 0.011621 -0.102517
-0.994663 0.011622 -0.102518
0.000000 -0.721911 0.691986
0.641750 0.718991 -0.266848
-0.641750 0.718992 -0.266848
0.000000 -0.860962 0.508669
0.695604 0.688586 -0.204901
-0.695604 0.688586 -0.204901
0.000000 -0.752829 0.658217
0.000000 -0.752829 0.658217
0.000000 0.598553 0.801083
0.000000 0.702406 -0.711776
0.000000 0.702406 -0.711776
420
1 0 1 2 0 1 2 2
1 3 4 5 3 4 5 2
1 0 6 7 6 7 8 1
1 0 7 1 6 8 9 1
1 6 8 7 7 10 8 1
1 8 9 7 10 11 8 1
1 8 10 11 10 12 13 1
1 8 11 9 10 13 11 1
1 10 12 11 12 14 13 1
1 12 13 11 14 15 13 1
1 12 14 15 14 16 17 1
1 12 15 13 14 17 15 1
1 14 3 15 16 18 17 1
1 3 5 15 18 19 17 1
1 1 16 2 1 20 2 2
1 5 4 17 5 4 21 2
1 1 7 16 9 8 22 1
1 7 18 16 8 23 22 1
1 7 9 19 8 11 24 1
1 7 19 18 8 24 23 1
1 9 11 19 11 13 24 1
1 11 20 19 13 25 24 1
1 11 13 21 13 15 26 1
1 11 21 20 13 26 25 1
1 13 15 21 15 17 26 1
1 22 23 24 27 28 29 1
1 15 5 17 17 19 30 1
1 22 25 23 27 31 28 1
1 16 26 2 20 32 2 2
1 17 4 27 21 4 33 2
1 16 18 28 22 23 34 1
1 16 28 26 22 34 35 1
1 18 19 28 23 24 34 1
1 19 29 28 24 36 34 1
1 19 20 30 24 25 37 1
1 19 30 29 24 37 36 1
1 20 21 30 25 26 37 1
1 21 31 30 26 38 37 1
1 24 23 32 29 28 39 1
1 24 32 33 29 39 40 1
1 23 25 32 28 31 39 1
1 25 34 32 31 41 39 1
1 35 36 2 42 43 2 2
1 37 4 38 44 4 45 2
1 35 39 36 46 47 48 1
1 39 40 36 47 49 48 1
1 39 41 42 47 50 51 1
1 39 42 40 47 51 49 1
1 41 43 42 50 52 51 1
1 43 44 42 52 53 51 1
1 43 45 46 52 54 55 1
1 43 46 44 52 55 53 1
1 45 47 46 54 56 55 1
1 47 48 46 56 57 55 1
1 47 37 38 56 58 59 1
1 47 38 48 56 59 57 1
1 36 49 2 43 60 2 2
1 38 4 50 45 4 61 2
1 36 40 51 48 49 62 1
1 36 51 49 48 62 63 1
1 40 42 51 49 51 62 1
1 42 52 51 51 64 62 1
1 42 44 53 51 53 65 1
1 42 53 52 51 65 64 1
1 44 46 53 53 55 65 1
1 46 54 53 55 66 65 1
1 46 48 55 55 57 67 1
1 46 55 54 55 67 66 1
1 48 38 55 57 59 67 1
1 38 50 55 59 68 67 1
1 49 0 2 60 0 2 2
1 50 4 3 61 4 3 2
1 49 51 0 63 62 6 1
1 51 6 0 62 7 6 1
1 51 52 8 62 64 10 1
1 51 8 6 62 10 7 1
1 52 53 8 64 65 10 1
1 53 10 8 65 12 10 1
1 53 54 12 65 66 14 1
1 53 12 10 65 14 12 1
1 54 55 12 66 67 14 1
1 55 14 12 67 16 14 1
1 55 50 3 67 68 18 1
1 55 3 14 67 18 16 1
1 2 56 57 2 69 70 2
1 58 4 59 71 4 72 2
1 60 61 57 73 74 75 1
1 56 60 57 76 73 75 1
1 60 62 61 73 77 74 1
1 60 63 62 73 78 77 1
1 64 65 62 79 80 77 1
1 63 64 62 78 79 77 1
1 64 66 65 79 81 80 1
1 64 67 66 79 82 81 1
1 68 69 66 83 84 81 1
1 67 68 66 82 83 81 1
1 68 59 69 83 85 84 1
1 68 58 59 83 86 85 1
1 2 70 56 2 87 69 2
1 71 4 58 88 4 71 2
1 70 60 56 89 73 76 1
1 70 72 60 89 90 73 1
1 73 63 60 91 78 73 1
1 72 73 60 90 91 73 1
1 73 64 63 91 79 78 1
1 73 74 64 91 92 79 1
1 75 67 64 93 82 79 1
1 74 75 64 92 93 79 1
1 75 68 67 93 83 82 1
1 76 77 78 94 95 96 1
1 71 58 68 97 86 83 1
1 77 79 78 95 98 96 1
1 2 26 70 2 32 87 2
1 27 4 71 33 4 88 2
1 28 72 70 34 90 89 1
1 26 28 70 35 34 89 1
1 28 73 72 34 91 90 1
1 28 29 73 34 36 91 1
1 30 74 73 37 92 91 1
1 29 30 73 36 37 91 1
1 30 75 74 37 93 92 1
1 30 31 75 37 38 93 1
1 32 77 76 39 95 94 1
1 33 32 76 40 39 94 1
1 32 79 77 39 98 95 1
1 32 34 79 39 41 98 1
1 2 80 35 2 99 42 2
1 81 4 37 100 4 44 2
1 80 39 35 101 47 46 1
1 80 82 39 101 102 47 1
1 83 41 39 103 50 47 1
1 82 83 39 102 103 47 1
1 83 43 41 103 52 50 1
1 83 84 43 103 104 52 1
1 85 45 43 105 54 52 1
1 84 85 43 104 105 52 1
1 85 47 45 105 56 54 1
1 85 86 47 105 106 56 1
1 81 37 47 107 58 56 1
1 86 81 47 106 107 56 1
1 2 87 80 2 108 99 2
1 88 4 81 109 4 100 2
1 89 82 80 110 102 101 1
1 87 89 80 111 110 101 1
1 89 83 82 110 103 102 1
1 89 90 83 110 112 103 1
1 91 84 83 113 104 103 1
1 90 91 83 112 113 103 1
1 91 85 84 113 105 104 1
1 91 92 85 113 114 105 1
1 93 86 85 115 106 105 1
1 92 93 85 114 115 105 1
1 93 81 86 115 107 106 1
1 93 88 81 115 116 107 1
1 2 57 87 2 70 108 2
1 59 4 88 72 4 109 2
1 57 89 87 75 110 111 1
1 57 61 89 75 74 110 1
1 62 90 89 77 112 110 1
1 61 62 89 74 77 110 1
1 62 91 90 77 113 112 1
1 62 65 91 77 80 113 1
1 66 92 91 81 114 113 1
1 65 66 91 80 81 113 1
1 66 93 92 81 115 114 1
1 66 69 93 81 84 115 1
1 59 88 93 85 116 115 1
1 69 59 93 84 85 115 1
1 94 95 96 117 118 119 1
1 94 97 95 117 120 118 1
1 94 98 97 117 121 120 1
1 94 99 98 117 122 121 1
1 94 100 99 117 123 122 1
1 94 101 100 117 124 123 1
1 94 102 101 117 125 124 1
1 94 96 102 117 119 125 1
1 103 104 105 126 127 128 1
1 104 106 105 127 129 128 1
1 105 106 107 128 129 130 1
1 105 107 108 128 130 131 1
1 108 107 109 131 130 132 1
1 107 110 109 130 133 132 1
1 109 110 111 132 133 134 1
1 109 111 112 132 134 135 1
1 112 111 113 135 134 136 1
1 111 114 113 134 137 136 1
1 113 114 115 136 137 138 1
1 113 115 116 136 138 139 1
1 116 115 117 139 138 140 1
1 115 118 117 138 141 140 1
1 117 118 119 140 141 142 1
1 119 118 120 142 141 143 1
1 120 118 121 143 141 144 1
1 121 118 122 144 141 145 1
1 122 118 104 145 141 127 1
1 122 104 103 145 127 126 1
1 104 123 124 127 146 147 1
1 104 124 106 127 147 129 1
1 106 124 107 129 147 130 1
1 124 125 107 147 148 130 1
1 107 125 126 130 148 149 1
1 107 126 110 130 149 133 1
1 110 126 111 133 149 134 1
1 126 127 111 149 150 134 1
1 111 127 128 134 150 151 1
1 111 128 114 134 151 137 1
1 114 128 115 137 151 138 1
1 128 129 115 151 152 138 1
1 115 129 130 138 152 153 1
1 115 130 118 138 153 141 1
1 118 130 104 141 153 127 1
1 130 123 104 153 146 127 1
1 123 96 124 146 119 147 1
1 96 95 124 119 118 147 1
1 124 95 97 147 118 120 1
1 124 97 125 147 120 148 1
1 125 97 126 148 120 149 1
1 97 98 126 120 121 149 1
1 126 98 99 149 121 122 1
1 126 99 127 149 122 150 1
1 127 99 128 150 122 151 1
1 99 100 128 122 123 151 1
1 128 100 101 151 123 124 1
1 128 101 129 151 124 152 1
1 129 101 130 152 124 153 1
1 101 102 130 124 125 153 1
1 130 102 96 153 125 119 1
1 130 96 123 153 119 146 1
1 131 132 133 154 155 156 2
1 134 135 136 157 158 159 2
1 131 134 132 160 161 162 1
1 134 136 132 161 163 162 1
1 132 137 133 155 164 156 2
1 136 135 138 159 158 165 2
1 132 136 138 162 163 166 1
1 132 138 137 162 166 167 1
1 137 139 133 164 168 156 2
1 138 135 140 165 158 169 2
1 137 138 139 167 166 170 1
1 138 140 139 166 171 170 1
1 139 141 133 168 172 156 2
1 140 135 142 169 158 173 2
1 139 140 142 170 171 174 1
1 139 142 141 170 174 175 1
1 141 143 133 172 176 156 2
1 142 135 144 173 158 177 2
1 141 142 143 175 174 178 1
1 142 144 143 174 179 178 1
1 143 145 133 176 180 156 2
1 144 135 146 177 158 181 2
1 143 144 146 178 179 182 1
1 143 146 145 178 182 183 1
1 145 147 133 180 184 156 2
1 146 135 148 181 158 185 2
1 145 146 147 183 182 186 1
1 146 148 147 182 187 186 1
1 147 149 133 184 188 156 2
1 148 135 150 185 158 189 2
1 147 148 150 186 187 190 1
1 147 150 149 186 190 191 1
1 149 151 133 188 192 156 2
1 150 135 152 189 158 193 2
1 149 150 151 191 190 194 1
1 150 152 151 190 195 194 1
1 151 153 133 192 196 156 2
1 152 135 154 193 158 197 2
1 151 152 154 194 195 198 1
1 151 154 153 194 198 199 1
1 153 155 133 196 200 156 2
1 154 135 156 197 158 201 2
1 153 154 155 199 198 202 1
1 154 156 155 198 203 202 1
1 155 131 133 200 154 156 2
1 156 135 134 201 158 157 2
1 155 156 134 202 203 161 1
1 155 134 131 202 161 160 1
1 157 158 159 204 205 206 2
1 160 161 162 207 208 209 2
1 158 162 159 210 211 212 1
1 158 160 162 210 213 211 1
1 157 163 158 204 214 205 2
1 164 161 160 215 208 207 2
1 164 160 158 216 213 210 1
1 163 164 158 217 216 210 1
1 157 165 163 204 218 214 2
1 166 161 164 219 208 215 2
1 165 164 163 220 216 217 1
1 165 166 164 220 221 216 1
1 157 167 165 204 222 218 2
1 168 161 166 223 208 219 2
1 168 166 165 224 221 220 1
1 167 168 165 225 224 220 1
1 157 169 167 204 226 222 2
1 170 161 168 227 208 223 2
1 169 168 167 228 224 225 1
1 169 170 168 228 229 224 1
1 157 171 169 204 230 226 2
1 172 161 170 231 208 227 2
1 172 170 169 232 229 228 1
1 171 172 169 233 232 228 1
1 157 173 171 204 234 230 2
1 174 161 172 235 208 231 2
1 173 172 171 236 232 233 1
1 173 174 172 236 237 232 1
1 157 175 173 204 238 234 2
1 176 161 174 239 208 235 2
1 176 174 173 240 237 236 1
1 175 176 173 241 240 236 1
1 157 177 175 204 242 238 2
1 178 161 176 243 208 239 2
1 177 176 175 244 240 241 1
1 177 178 176 244 245 240 1
1 157 179 177 204 246 242 2
1 180 161 178 247 208 243 2
1 180 178 177 248 245 244 1
1 179 180 177 249 248 244 1
1 157 181 179 204 250 246 2
1 182 161 180 251 208 247 2
1 181 180 179 252 248 249 1
1 181 182 180 252 253 248 1
1 157 159 181 204 206 250 2
1 162 161 182 209 208 251 2
1 162 182 181 211 253 252 1
1 159 162 181 212 211 252 1
1 183 184 185 254 254 255 2
1 186 187 188 256 257 256 2
1 183 186 184 258 258 259 1
1 186 188 184 258 259 259 1
1 184 189 185 254 254 255 2
1 188 187 190 256 257 256 2
1 184 188 190 259 259 260 1
1 184 190 189 259 260 261 1
1 189 191 185 254 254 255 2
1 190 187 192 256 257 256 2
1 189 190 191 261 260 262 1
1 190 192 191 260 262 262 1
1 191 193 185 254 254 255 2
1 192 187 194 256 257 256 2
1 191 192 194 262 262 263 1
1 191 194 193 262 263 264 1
1 193 195 185 254 254 255 2
1 194 187 196 256 257 256 2
1 193 194 195 264 263 265 1
1 194 196 195 263 265 265 1
1 195 197 185 254 266 255 2
1 196 187 198 256 257 267 2
1 195 196 198 265 265 268 1
1 195 198 197 265 268 268 1
1 197 199 185 266 269 255 2
1 198 187 200 267 257 270 2
1 197 198 199 268 268 271 1
1 198 200 199 268 272 271 1
1 199 201 185 269 273 255 2
1 200 187 202 270 257 274 2
1 199 200 202 271 272 275 1
1 199 202 201 271 275 275 1
1 201 203 185 273 276 255 2
1 202 187 204 274 257 277 2
1 201 202 203 275 275 278 1
1 202 204 203 275 278 278 1
1 203 205 185 276 254 255 2
1 204 187 206 277 257 256 2
1 203 204 206 278 278 279 1
1 203 206 205 278 279 279 1
1 205 207 185 254 254 255 2
1 206 187 208 256 257 256 2
1 205 206 207 279 279 280 1
1 206 208 207 279 280 280 1
1 207 183 185 254 254 255 2
1 208 187 186 256 257 256 2
1 207 208 186 280 280 258 1
1 207 186 183 280 258 258 1
1 209 210 211 281 254 254 2
1 212 213 214 256 282 256 2
1 210 214 211 283 284 284 1
1 210 212 214 283 283 284 1
1 209 215 210 281 254 254 2
1 216 213 212 256 282 256 2
1 216 212 210 285 283 283 1
1 215 216 210 285 285 283 1
1 209 217 215 281 254 254 2
1 218 213 216 256 282 256 2
1 217 216 215 286 285 285 1
1 217 218 216 286 286 285 1
1 209 219 217 281 254 254 2
1 220 213 218 256 282 256 2
1 220 218 217 287 286 286 1
1 219 220 217 288 287 286 1
1 209 221 219 281 254 254 2
1 222 213 220 256 282 256 2
1 221 220 219 289 287 288 1
1 221 222 220 289 289 287 1
1 209 223 221 281 290 254 2
1 224 213 222 291 282 256 2
1 224 222 221 292 289 289 1
1 223 224 221 292 292 289 1
1 209 225 223 281 293 290 2
1 226 213 224 294 282 291 2
1 225 224 223 295 292 292 1
1 225 226 224 295 295 292 1
1 209 227 225 281 296 293 2
1 228 213 226 297 282 294 2
1 228 226 225 298 295 295 1
1 227 228 225 298 298 295 1
1 209 229 227 281 299 296 2
1 230 213 228 300 282 297 2
1 229 228 227 301 298 298 1
1 229 230 228 301 302 298 1
1 209 231 229 281 254 299 2
1 232 213 230 256 282 300 2
1 232 230 229 303 302 301 1
1 231 232 229 303 303 301 1
1 209 233 231 281 254 254 2
1 234 213 232 256 282 256 2
1 233 232 231 304 303 303 1
1 233 234 232 304 305 303 1
1 209 211 233 281 254 254 2
1 214 213 234 256 282 256 2
1 214 234 233 284 305 304 1
1 211 214 233 284 284 304 1

Materials: 1
"shark"
0.200000 0.200000 0.200000 1.000000
0.800000 0.800000 0.800000 1.000000
0.000000 0.000000 0.000000 1.000000
0.501961 0.501961 0.501961 1.000000
0.000000
1.000000
"shark.jpg"
""

Bones: 0
GroupComments: 0
MaterialComments: 0
BoneComments: 0
ModelComment: 0
