// MilkShape 3D ASCII

Frames: 30
Frame: 1

Meshes: 1
"Create Face" 0 0
23
32 -6.627364 14.199999 2.641847 0.192675 0.511428 -1
32 3.918091 14.199999 6.005483 0.800790 0.832153 -1
32 -3.354637 14.199999 -2.085426 0.381401 0.060678 -1
33 7.372636 10.999999 -2.721790 1.000000 0.000000 -1
32 3.918091 14.199999 6.005483 0.000000 0.451039 -1
32 8.207254 0.000002 16.627474 0.536114 1.000000 -1
32 9.634676 0.000002 4.280634 0.714532 0.361896 -1
33 7.372636 10.999999 -2.721790 0.431793 0.000000 -1
32 11.918554 0.000002 1.523572 1.000000 0.219407 -1
32 11.918554 0.000002 1.523572 1.000000 1.000000 -1
32 11.062096 0.000002 -5.069396 0.811598 0.000000 -1
33 7.372636 10.999999 -2.721790 0.000000 0.356077 -1
32 11.062096 0.000002 -5.069396 0.967391 1.000000 -1
32 2.973372 0.000002 -7.586720 0.659420 1.000000 -1
33 7.372636 10.999999 -2.721790 0.826918 0.000000 -1
32 -3.354637 14.199999 -2.085426 0.418487 0.000000 -1
32 -5.591157 0.000002 -4.350165 0.333333 1.000000 -1
32 -6.627364 14.199999 2.641847 0.293881 0.000000 -1
32 -9.968590 12.999998 7.765788 0.000000 1.000000 -1
32 -14.346017 0.000002 10.034499 0.000000 1.000000 -1
32 -9.968590 12.999998 7.765788 0.166667 0.084507 -1
32 8.207254 0.000002 16.627474 0.858696 1.000000 -1
32 3.918091 14.199999 6.005483 0.695389 0.000000 -1
12
-0.656081 0.665584 -0.355747
0.432360 0.873114 0.225248
-0.212391 0.704019 -0.677678
0.708529 0.629933 -0.318073
0.304674 0.528954 0.792074
0.859557 0.407657 0.308186
0.863397 0.447062 0.233842
0.708917 0.366393 -0.602655
-0.000754 0.302956 -0.953004
-0.692096 0.210965 -0.690288
-0.413912 0.748752 0.517733
-0.949522 0.310960 -0.041360
15
0 0 1 2 0 1 2 1
0 3 2 1 3 2 1 1
0 4 5 6 1 4 5 1
0 6 7 4 5 3 1 1
0 6 8 7 5 6 3 1
0 9 10 11 6 7 3 1
0 12 13 14 7 8 3 1
0 15 14 13 2 3 8 1
0 13 16 15 8 9 2 1
0 17 15 16 0 2 9 1
0 18 1 0 10 1 0 1
0 19 20 17 11 10 0 1
0 16 19 17 9 11 0 1
0 21 20 19 4 10 11 1
0 20 21 22 10 4 1 1

Materials: 1
"Material01"
0.200000 0.200000 0.200000 1.000000
0.800000 0.800000 0.800000 1.000000
0.000000 0.000000 0.000000 1.000000
0.000000 0.000000 0.000000 1.000000
0.000000
1.000000
"moss_rock2.jpg"
""

Bones: 0
GroupComments: 0
MaterialComments: 0
BoneComments: 0
ModelComment: 0
