// MilkShape 3D ASCII

Frames: 30
Frame: 1

Meshes: 1
"Create Face" 0 0
16
32 -24.000000 -7.750000 -11.000000 0.355589 0.767890 -1
32 -4.250000 0.000000 -14.000000 0.615619 0.720128 -1
33 -38.270496 -9.555565 -45.508686 0.167702 0.218487 -1
32 -0.250000 0.000000 -31.250000 0.668283 0.445496 -1
32 7.750000 -6.750000 -28.500000 0.773612 0.489278 -1
32 24.944830 -35.805553 -6.977395 1.000000 0.831933 -1
32 -36.383480 -35.805565 1.467819 0.192547 0.966386 -1
32 -5.719332 -35.805550 3.579128 0.596273 1.000000 -1
32 4.187551 -12.805553 -2.226961 0.726708 0.907563 -1
32 22.586042 -35.805553 2.523472 0.968944 0.983193 -1
32 -45.346855 -35.805565 -55.009544 0.125461 0.243542 -1
32 -24.000000 -7.750000 -11.000000 1.125461 1.243542 -1
33 -38.270496 -9.555565 -45.508686 1.039981 -0.101461 -1
32 -45.346855 -35.805565 -55.009544 0.074534 0.067227 -1
32 -51.007950 -35.805584 -0.115656 0.000000 0.941176 -1
32 15.509695 -35.805565 -59.232162 0.875776 0.000000 -1
13
-0.453395 0.624331 0.636116
0.180557 0.886096 0.426888
-0.402670 0.843675 -0.355062
0.343402 0.883888 -0.317518
0.761885 0.646574 -0.038384
0.794189 0.595246 0.122254
-0.079399 0.433878 0.897466
-0.138877 0.385870 0.912040
0.348332 0.630932 0.693246
0.476688 0.526688 0.703824
-0.795759 0.529763 -0.293458
-0.514353 0.691777 0.506839
0.469901 0.588624 -0.657811
17
0 0 1 2 0 1 2 1
0 1 3 2 1 3 2 1
0 3 1 4 3 1 4 1
0 5 4 1 5 4 1 1
0 0 6 7 0 6 7 1
0 1 0 7 1 0 7 1
0 1 7 8 1 7 8 1
0 8 5 1 8 5 1 1
0 5 8 9 5 8 9 1
1 10 11 12 10 0 2 1
0 0 13 14 0 10 11 1
0 14 6 0 11 6 0 1
0 15 13 2 12 10 2 1
0 2 3 15 2 3 12 1
0 3 4 15 3 4 12 1
0 9 8 7 9 8 7 1
0 4 5 15 4 5 12 1

Materials: 1
"Material02"
0.200000 0.200000 0.200000 1.000000
0.800000 0.800000 0.800000 1.000000
0.000000 0.000000 0.000000 1.000000
0.000000 0.000000 0.000000 1.000000
0.000000
1.000000
"moss_rock.jpg"
""

Bones: 0
GroupComments: 0
MaterialComments: 0
BoneComments: 0
ModelComment: 0
