// MilkShape 3D ASCII

Frames: 30
Frame: 1

Meshes: 1
"Cylinder01" 1 0
88
1 -14.016585 16.126625 -24.000000 0.787684 0.504729 -1
1 -10.311061 20.702576 -24.000000 0.757183 0.620399 -1
1 -3.625002 11.499998 -24.000000 0.560023 0.504729 -1
1 -14.016584 16.126629 20.750000 0.787684 0.504729 -1
1 -3.624999 11.500000 20.750000 0.560023 0.504729 -1
1 -10.311059 20.702576 20.750000 0.757183 0.620399 -1
1 -14.016585 16.126625 -24.000000 0.511301 0.972776 -1
1 -17.456192 17.658041 -15.029124 0.511301 0.781512 -1
1 -10.311061 20.702576 -24.000000 0.295127 0.972776 -1
1 -12.524147 23.748617 -15.029124 0.223574 0.781512 -1
1 -17.456196 17.658043 11.779125 0.511301 0.209946 -1
1 -12.524147 23.748617 11.779125 0.223574 0.209946 -1
1 -14.016584 16.126629 20.750000 0.511301 0.034308 -1
1 -14.016584 16.126629 20.750000 0.930931 0.031416 -1
1 -10.311059 20.702576 20.750000 0.878201 0.031416 -1
1 -12.524147 23.748617 11.779125 0.991025 0.217938 -1
1 -4.814013 22.812695 -24.000000 0.673853 0.705076 -1
1 -4.814013 22.812695 20.750000 0.673853 0.705076 -1
1 -10.311061 20.702576 -24.000000 0.878201 0.961858 -1
1 -12.524147 23.748617 -15.029124 0.991025 0.775336 -1
1 -5.207580 26.557198 -15.029126 0.799276 0.775336 -1
1 -4.814013 22.812695 -24.000000 0.734138 0.961858 -1
1 -5.207576 26.557198 11.779124 0.799276 0.217938 -1
1 -4.814013 22.812695 20.750000 0.734139 0.031416 -1
1 1.001629 21.891584 -24.000000 0.560023 0.736070 -1
1 1.001631 21.891584 20.750000 0.560023 0.736070 -1
1 1.001629 21.891584 -24.000000 0.537344 0.961858 -1
1 2.533047 25.331200 -15.029126 0.537344 0.775336 -1
1 2.533047 25.331200 11.779124 0.537344 0.217938 -1
1 1.001631 21.891584 20.750000 0.537344 0.031416 -1
1 5.577573 18.186058 -24.000000 0.446193 0.705076 -1
1 5.577574 18.186062 20.750000 0.446193 0.705076 -1
1 8.623622 20.399147 -15.029126 0.275412 0.775336 -1
1 5.577573 18.186058 -24.000000 0.340550 0.961858 -1
1 8.623624 20.399147 11.779124 0.275412 0.217938 -1
1 5.577574 18.186062 20.750000 0.340550 0.031416 -1
1 7.687690 12.689013 -24.000000 0.362864 0.620399 -1
1 7.687691 12.689013 20.750000 0.362864 0.620399 -1
1 7.687690 12.689013 -24.000000 0.196487 0.961858 -1
1 11.432190 13.082572 -15.029126 0.083664 0.775336 -1
1 11.432190 13.082572 11.779125 0.083664 0.217938 -1
1 7.687691 12.689013 20.750000 0.196487 0.031416 -1
1 6.766584 6.873371 -24.000000 0.332363 0.504729 -1
1 6.766586 6.873369 20.750000 0.332363 0.504729 -1
1 7.687690 12.689013 -24.000000 0.295127 0.972776 -1
1 11.432190 13.082572 -15.029126 0.223574 0.781512 -1
1 10.206198 5.341954 -15.029126 0.511301 0.781512 -1
1 6.766584 6.873371 -24.000000 0.511301 0.972776 -1
1 11.432190 13.082572 11.779125 0.223574 0.209946 -1
1 10.206198 5.341954 11.779125 0.511301 0.209946 -1
1 6.766586 6.873369 20.750000 0.143756 0.031416 -1
1 6.766586 6.873369 20.750000 0.511301 0.034308 -1
1 3.061059 2.297427 -24.000000 0.362864 0.389058 -1
1 3.061064 2.297426 20.750000 0.362864 0.389058 -1
1 3.061059 2.297427 -24.000000 0.727475 0.972776 -1
1 5.274146 -0.748625 -15.029126 0.799028 0.781512 -1
1 5.274145 -0.748624 11.779125 0.799028 0.209946 -1
1 3.061064 2.297426 20.750000 0.196487 0.031416 -1
1 5.274145 -0.748624 11.779125 0.083664 0.217938 -1
1 -2.435991 0.187305 -24.000000 0.446193 0.304382 -1
1 -2.435988 0.187307 20.750000 0.446193 0.304382 -1
1 3.061059 2.297427 -24.000000 0.196487 0.961858 -1
1 5.274146 -0.748625 -15.029126 0.083664 0.775336 -1
1 -2.042427 -3.557195 -15.029124 0.275412 0.775336 -1
1 -2.435991 0.187305 -24.000000 0.340550 0.961858 -1
1 -2.042425 -3.557194 11.779126 0.275412 0.217938 -1
1 -2.435988 0.187307 20.750000 0.340550 0.031416 -1
1 -8.251630 1.108416 -24.000000 0.560023 0.273388 -1
1 -8.251629 1.108417 20.750000 0.560023 0.273388 -1
1 -8.251630 1.108416 -24.000000 0.537344 0.961858 -1
1 -9.783045 -2.331200 -15.029124 0.537344 0.775336 -1
1 -9.783043 -2.331199 11.779126 0.537344 0.217938 -1
1 -8.251629 1.108417 20.750000 0.537344 0.031416 -1
1 -12.827576 4.813935 -24.000000 0.673853 0.304382 -1
1 -12.827573 4.813936 20.750000 0.673853 0.304382 -1
1 -15.873621 2.600849 -15.029124 0.799276 0.775336 -1
1 -12.827576 4.813935 -24.000000 0.734138 0.961858 -1
1 -15.873621 2.600850 11.779126 0.799276 0.217938 -1
1 -12.827573 4.813936 20.750000 0.734139 0.031416 -1
1 -14.937694 10.310987 -24.000000 0.757183 0.389058 -1
1 -14.937691 10.310985 20.750000 0.757183 0.389058 -1
1 -14.937694 10.310987 -24.000000 0.878201 0.961858 -1
1 -18.682186 9.917420 -15.029124 0.991025 0.775336 -1
1 -18.682186 9.917422 11.779125 0.991025 0.217938 -1
1 -14.937691 10.310985 20.750000 0.878201 0.031416 -1
1 -14.937694 10.310987 -24.000000 0.727475 0.972776 -1
1 -18.682186 9.917420 -15.029124 0.799028 0.781512 -1
1 -18.682186 9.917422 11.779125 0.799028 0.209946 -1
64
0.000000 0.000000 -1.000000
0.000000 0.000000 1.000000
-0.842361 0.375043 -0.387001
-0.895481 0.398694 -0.197881
-0.720213 0.583216 -0.375704
-0.762780 0.617686 -0.191390
-0.895481 0.398694 0.197882
-0.770821 0.624198 0.127325
-0.842361 0.375043 0.387001
-0.842361 0.375043 0.387001
-0.541985 0.745978 0.387001
-0.436573 0.868655 0.234186
-0.332114 0.865186 -0.375704
-0.351745 0.916322 -0.191390
-0.102462 0.974856 -0.197882
-0.096383 0.917028 -0.387002
-0.102462 0.974856 0.197882
-0.096384 0.917028 0.387002
0.375043 0.842361 -0.387002
0.398694 0.895481 -0.197882
0.398694 0.895481 0.197882
0.375043 0.842361 0.387002
0.793020 0.576162 -0.197882
0.745978 0.541984 -0.387002
0.793020 0.576162 0.197882
0.745978 0.541984 0.387002
0.865186 0.332114 -0.375704
0.916322 0.351743 -0.191390
0.937660 0.256808 0.234186
0.917028 0.096384 0.387002
0.915330 -0.144974 -0.375704
0.969430 -0.153542 -0.191390
0.895481 -0.398694 -0.197882
0.842361 -0.375043 -0.387002
0.979650 -0.155161 0.127325
0.895481 -0.398694 0.197882
0.842361 -0.375043 0.387002
0.842361 -0.375043 0.387002
0.720212 -0.583216 -0.375704
0.762780 -0.617687 -0.191390
0.770821 -0.624198 0.127325
0.541985 -0.745978 0.387001
0.436572 -0.868655 0.234186
0.332114 -0.865186 -0.375704
0.351743 -0.916322 -0.191390
0.102461 -0.974856 -0.197882
0.096383 -0.917028 -0.387002
0.102462 -0.974856 0.197882
0.096383 -0.917028 0.387002
-0.375043 -0.842361 -0.387002
-0.398694 -0.895481 -0.197882
-0.398694 -0.895481 0.197882
-0.375043 -0.842361 0.387002
-0.793019 -0.576162 -0.197882
-0.745978 -0.541985 -0.387001
-0.793019 -0.576162 0.197882
-0.745978 -0.541985 0.387002
-0.865186 -0.332113 -0.375704
-0.916322 -0.351743 -0.191390
-0.937660 -0.256808 0.234186
-0.917028 -0.096384 0.387001
-0.915330 0.144974 -0.375704
-0.969430 0.153543 -0.191390
-0.979650 0.155161 0.127325
96
1 0 1 2 0 0 0 2
1 3 4 5 1 1 1 2
1 6 7 8 2 3 4 1
1 7 9 8 3 5 4 1
1 7 10 11 3 6 7 1
1 7 11 9 3 7 5 1
1 10 12 11 6 8 7 1
1 13 14 15 9 10 11 1
1 1 16 2 0 0 0 2
1 5 4 17 1 1 1 2
1 18 19 20 12 13 14 1
1 18 20 21 12 14 15 1
1 19 15 20 13 11 14 1
1 15 22 20 11 16 14 1
1 15 14 23 11 10 17 1
1 15 23 22 11 17 16 1
1 16 24 2 0 0 0 2
1 17 4 25 1 1 1 2
1 21 20 26 15 14 18 1
1 20 27 26 14 19 18 1
1 20 22 28 14 16 20 1
1 20 28 27 14 20 19 1
1 22 23 28 16 17 20 1
1 23 29 28 17 21 20 1
1 24 30 2 0 0 0 2
1 25 4 31 1 1 1 2
1 26 27 32 18 19 22 1
1 26 32 33 18 22 23 1
1 27 28 32 19 20 22 1
1 28 34 32 20 24 22 1
1 28 29 35 20 21 25 1
1 28 35 34 20 25 24 1
1 30 36 2 0 0 0 2
1 31 4 37 1 1 1 2
1 33 32 38 23 22 26 1
1 32 39 38 22 27 26 1
1 32 34 40 22 24 28 1
1 32 40 39 22 28 27 1
1 34 35 40 24 25 28 1
1 35 41 40 25 29 28 1
1 36 42 2 0 0 0 2
1 37 4 43 1 1 1 2
1 44 45 46 30 31 32 1
1 44 46 47 30 32 33 1
1 45 48 46 31 34 32 1
1 48 49 46 34 35 32 1
1 40 41 50 28 29 36 1
1 48 51 49 34 37 35 1
1 42 52 2 0 0 0 2
1 43 4 53 1 1 1 2
1 47 46 54 33 32 38 1
1 46 55 54 32 39 38 1
1 46 49 56 32 35 40 1
1 46 56 55 32 40 39 1
1 49 51 56 35 37 40 1
1 50 57 58 36 41 42 1
1 52 59 2 0 0 0 2
1 53 4 60 1 1 1 2
1 61 62 63 43 44 45 1
1 61 63 64 43 45 46 1
1 62 58 63 44 42 45 1
1 58 65 63 42 47 45 1
1 58 57 66 42 41 48 1
1 58 66 65 42 48 47 1
1 59 67 2 0 0 0 2
1 60 4 68 1 1 1 2
1 64 63 69 46 45 49 1
1 63 70 69 45 50 49 1
1 63 65 71 45 47 51 1
1 63 71 70 45 51 50 1
1 65 66 71 47 48 51 1
1 66 72 71 48 52 51 1
1 67 73 2 0 0 0 2
1 68 4 74 1 1 1 2
1 69 70 75 49 50 53 1
1 69 75 76 49 53 54 1
1 70 71 75 50 51 53 1
1 71 77 75 51 55 53 1
1 71 72 78 51 52 56 1
1 71 78 77 51 56 55 1
1 73 79 2 0 0 0 2
1 74 4 80 1 1 1 2
1 76 75 81 54 53 57 1
1 75 82 81 53 58 57 1
1 75 77 83 53 55 59 1
1 75 83 82 53 59 58 1
1 77 78 83 55 56 59 1
1 78 84 83 56 60 59 1
1 79 0 2 0 0 0 2
1 80 4 3 1 1 1 2
1 85 86 7 61 62 3 1
1 85 7 6 61 3 2 1
1 86 87 7 62 63 3 1
1 87 10 7 63 6 3 1
1 83 84 13 59 60 9 1
1 87 12 10 63 8 6 1

Materials: 1
"Material01"
0.200000 0.200000 0.200000 1.000000
0.800000 0.800000 0.800000 1.000000
0.000000 0.000000 0.000000 1.000000
0.000000 0.000000 0.000000 1.000000
0.000000
1.000000
"wooden_barrel.jpg"
""

Bones: 0
GroupComments: 0
MaterialComments: 0
BoneComments: 0
ModelComment: 0
