// MilkShape 3D ASCII

Frames: 30
Frame: 1

Meshes: 20
"Box01" 0 2
22
0 -4.748413 6.099620 48.577137 0.956236 0.861756 -1
0 -4.748413 -0.090627 52.898479 0.956137 0.817556 -1
0 4.748413 6.099620 48.577137 0.846289 0.862282 -1
0 4.748413 -0.090627 52.898479 0.846190 0.818082 -1
0 4.748413 6.099620 48.577137 0.264404 0.912019 -1
0 4.748413 -0.090627 52.898479 0.306031 0.991997 -1
0 4.748413 9.581634 36.262188 0.035492 0.869065 -1
0 6.136638 -0.090627 36.262188 0.035492 0.991997 -1
0 4.748413 9.581634 36.262188 0.875736 0.885239 -1
0 6.136638 -0.090627 36.262188 0.868908 0.982613 -1
0 -4.748413 9.581634 36.262188 0.922443 0.885239 -1
0 -6.136638 -0.090627 36.262188 0.929271 0.982613 -1
0 -4.748413 9.581634 36.262188 0.035492 0.869065 -1
0 -6.136638 -0.090627 36.262188 0.035492 0.991997 -1
0 -4.748413 6.099620 48.577137 0.264404 0.912019 -1
0 -4.748413 -0.090627 52.898479 0.306031 0.991997 -1
0 -4.748413 9.581634 36.262188 0.956519 0.987717 -1
0 4.748413 9.581634 36.262188 0.846572 0.988244 -1
0 -4.748413 -0.090627 52.898479 0.874481 0.883781 -1
0 -6.136638 -0.090627 36.262188 0.866868 0.983072 -1
0 4.748413 -0.090627 52.898479 0.926558 0.883781 -1
0 6.136638 -0.090627 36.262188 0.934170 0.983072 -1
10
0.000000 0.572410 0.819967
1.000000 0.000000 0.000000
0.996619 0.071034 0.041299
0.986497 0.141588 0.082319
0.000000 0.000000 -1.000000
-0.989059 0.141956 0.040138
-0.993069 0.100066 0.061646
-0.994862 0.057953 0.083017
0.000000 0.962275 0.272080
0.000000 -1.000000 0.000000
12
0 0 1 2 0 0 0 1
0 1 3 2 0 0 0 1
0 4 5 6 1 2 2 2
0 5 7 6 2 3 2 2
0 8 9 10 4 4 4 1
0 9 11 10 4 4 4 1
0 12 13 14 5 6 6 2
0 13 15 14 6 7 6 2
0 16 0 17 8 8 8 3
0 0 2 17 8 8 8 3
0 18 19 20 9 9 9 3
0 19 21 20 9 9 9 3
"turretcenter" 0 0
53
0 4.836131 2.402127 0.000000 0.000000 0.000000 -1
0 3.419661 2.402127 3.419661 0.000000 0.000000 -1
0 -0.000000 2.402127 0.000000 0.000000 0.000000 -1
0 2.128509 25.991320 0.000000 0.000000 0.000000 -1
0 -0.000000 25.991320 0.000000 0.000000 0.000000 -1
0 1.505084 25.991320 1.505084 0.000000 0.000000 -1
0 4.836131 2.402127 0.000000 0.000000 1.000000 -1
0 4.836131 12.498240 0.000000 0.000000 0.666667 -1
0 3.419661 2.402127 3.419661 0.125000 1.000000 -1
0 3.419661 12.498240 3.419661 0.125000 0.666667 -1
0 2.128509 17.462776 0.000000 0.000000 0.333333 -1
0 1.505084 17.462776 1.505084 0.125000 0.333333 -1
0 1.505084 25.991320 1.505084 0.125000 0.000000 -1
0 0.000000 2.402127 4.836131 0.000000 0.000000 -1
0 0.000000 25.991320 2.128509 0.000000 0.000000 -1
0 0.000000 12.498240 4.836131 0.250000 0.666667 -1
0 0.000000 2.402127 4.836131 0.250000 1.000000 -1
0 0.000000 17.462776 2.128509 0.250000 0.333333 -1
0 0.000000 25.991320 2.128509 0.250000 0.000000 -1
0 -3.419661 2.402127 3.419661 0.000000 0.000000 -1
0 -1.505084 25.991320 1.505084 0.000000 0.000000 -1
0 -3.419661 2.402127 3.419661 0.375000 1.000000 -1
0 -3.419661 12.498240 3.419661 0.375000 0.666667 -1
0 -1.505084 17.462776 1.505084 0.375000 0.333333 -1
0 -1.505084 25.991320 1.505084 0.375000 0.000000 -1
0 -4.836131 2.402127 0.000000 0.000000 0.000000 -1
0 -2.128509 25.991320 0.000000 0.000000 0.000000 -1
0 -4.836131 12.498240 0.000000 0.500000 0.666667 -1
0 -4.836131 2.402127 0.000000 0.500000 1.000000 -1
0 -2.128509 17.462776 0.000000 0.500000 0.333333 -1
0 -2.128509 25.991320 0.000000 0.500000 0.000000 -1
0 -3.419661 2.402127 -3.419661 0.000000 0.000000 -1
0 -1.505084 25.991320 -1.505084 0.000000 0.000000 -1
0 -3.419661 2.402127 -3.419661 0.625000 1.000000 -1
0 -3.419661 12.498240 -3.419661 0.625000 0.666667 -1
0 -1.505084 17.462776 -1.505084 0.625000 0.333333 -1
0 -1.505084 25.991320 -1.505084 0.625000 0.000000 -1
0 -0.000000 2.402127 -4.836131 0.000000 0.000000 -1
0 -0.000000 25.991320 -2.128509 0.000000 0.000000 -1
0 -0.000000 12.498240 -4.836131 0.750000 0.666667 -1
0 -0.000000 2.402127 -4.836131 0.750000 1.000000 -1
0 -0.000000 17.462776 -2.128509 0.750000 0.333333 -1
0 -0.000000 25.991320 -2.128509 0.750000 0.000000 -1
0 3.419661 2.402127 -3.419661 0.000000 0.000000 -1
0 1.505084 25.991320 -1.505084 0.000000 0.000000 -1
0 3.419661 2.402127 -3.419661 0.875000 1.000000 -1
0 3.419661 12.498240 -3.419661 0.875000 0.666667 -1
0 1.505084 17.462776 -1.505084 0.875000 0.333333 -1
0 1.505084 25.991320 -1.505084 0.875000 0.000000 -1
0 4.836131 12.498240 0.000000 1.000000 0.666667 -1
0 4.836131 2.402127 0.000000 1.000000 1.000000 -1
0 2.128509 17.462776 0.000000 1.000000 0.333333 -1
0 2.128509 25.991320 0.000000 1.000000 0.000000 -1
30
0.000000 -1.000000 0.000000
0.000000 1.000000 0.000000
1.000000 0.000000 0.000000
0.968459 0.249173 -0.000000
0.707107 0.000000 0.707107
0.684804 0.249173 0.684804
0.968459 0.249173 0.000000
0.684804 0.249173 0.684804
0.707107 0.000000 0.707107
-0.000000 0.249173 0.968459
0.000000 0.000000 1.000000
0.000000 0.249173 0.968459
-0.707107 0.000000 0.707107
-0.684804 0.249173 0.684804
-0.684804 0.249173 0.684804
-0.707107 0.000000 0.707107
-0.968459 0.249173 -0.000000
-1.000000 0.000000 0.000000
-0.968459 0.249173 0.000000
-0.707107 0.000000 -0.707107
-0.684804 0.249173 -0.684804
-0.684804 0.249173 -0.684804
-0.707107 0.000000 -0.707107
0.000000 0.249173 -0.968459
0.000000 0.000000 -1.000000
-0.000000 0.249173 -0.968459
0.707107 0.000000 -0.707107
0.684804 0.249173 -0.684804
0.684804 0.249173 -0.684804
0.707107 0.000000 -0.707107
64
0 0 1 2 0 0 0 2
0 3 4 5 1 1 1 2
0 6 7 8 2 3 4 1
0 7 9 8 3 5 4 1
0 7 10 11 3 6 7 1
0 7 11 9 3 7 5 1
0 10 3 11 6 2 7 1
0 3 12 11 2 8 7 1
0 1 13 2 0 0 0 2
0 5 4 14 1 1 1 2
0 8 9 15 4 5 9 1
0 8 15 16 4 9 10 1
0 9 11 15 5 7 9 1
0 11 17 15 7 11 9 1
0 11 12 18 7 8 10 1
0 11 18 17 7 10 11 1
0 13 19 2 0 0 0 2
0 14 4 20 1 1 1 2
0 16 15 21 10 9 12 1
0 15 22 21 9 13 12 1
0 15 17 23 9 11 14 1
0 15 23 22 9 14 13 1
0 17 18 23 11 10 14 1
0 18 24 23 10 15 14 1
0 19 25 2 0 0 0 2
0 20 4 26 1 1 1 2
0 21 22 27 12 13 16 1
0 21 27 28 12 16 17 1
0 22 23 27 13 14 16 1
0 23 29 27 14 18 16 1
0 23 24 30 14 15 17 1
0 23 30 29 14 17 18 1
0 25 31 2 0 0 0 2
0 26 4 32 1 1 1 2
0 28 27 33 17 16 19 1
0 27 34 33 16 20 19 1
0 27 29 35 16 18 21 1
0 27 35 34 16 21 20 1
0 29 30 35 18 17 21 1
0 30 36 35 17 22 21 1
0 31 37 2 0 0 0 2
0 32 4 38 1 1 1 2
0 33 34 39 19 20 23 1
0 33 39 40 19 23 24 1
0 34 35 39 20 21 23 1
0 35 41 39 21 25 23 1
0 35 36 42 21 22 24 1
0 35 42 41 21 24 25 1
0 37 43 2 0 0 0 2
0 38 4 44 1 1 1 2
0 40 39 45 24 23 26 1
0 39 46 45 23 27 26 1
0 39 41 47 23 25 28 1
0 39 47 46 23 28 27 1
0 41 42 47 25 24 28 1
0 42 48 47 24 29 28 1
0 43 0 2 0 0 0 2
0 44 4 3 1 1 1 2
0 45 46 49 26 27 3 1
0 45 49 50 26 3 2 1
0 46 47 49 27 28 3 1
0 47 51 49 28 6 3 1
0 47 48 52 28 29 2 1
0 47 52 51 28 2 6 1
"turretcrystal" 0 1
6
0 5.497187 33.708923 0.000000 0.000000 0.000000 -1
0 0.034212 42.322323 0.000000 0.000000 0.000000 -1
0 0.034212 33.708923 5.482278 0.000000 0.000000 -1
0 -5.467371 33.708923 0.000000 0.000000 0.000000 -1
0 0.034212 33.708923 -5.482278 0.000000 0.000000 -1
0 0.034212 24.675350 0.000000 0.000000 0.000000 -1
10
0.844472 0.535599 0.000000
0.003232 0.999995 0.000000
0.001735 0.536946 0.843615
-0.842759 0.538290 0.000000
0.001735 0.536946 -0.843615
0.855698 -0.517476 0.000000
0.001739 -0.518812 0.854887
0.003352 -0.999994 -0.000000
-0.854077 -0.520146 0.000000
0.001739 -0.518812 -0.854887
8
0 0 1 2 0 1 2 2
0 2 1 3 2 1 3 2
0 3 1 4 3 1 4 2
0 4 1 0 4 1 0 2
0 0 2 5 5 6 7 1
0 2 3 5 6 8 7 1
0 3 4 5 8 9 7 1
0 4 0 5 9 5 7 1
"turretarm" 0 0
20
0 -18.371094 26.083336 0.894938 0.000000 0.000000 -1
0 -18.371094 24.750000 0.894938 0.000000 1.000000 -1
0 18.537766 26.083336 0.894938 1.000000 0.000000 -1
0 18.537766 24.750000 0.894938 1.000000 1.000000 -1
0 18.537766 26.083336 0.894938 0.000000 0.000000 -1
0 18.537766 24.750000 0.894938 0.000000 1.000000 -1
0 18.537766 26.083336 -0.894938 1.000000 0.000000 -1
0 18.537766 24.750000 -0.894938 1.000000 1.000000 -1
0 18.537766 26.083336 -0.894938 0.000000 0.000000 -1
0 18.537766 24.750000 -0.894938 0.000000 1.000000 -1
0 -18.371094 26.083336 -0.894938 1.000000 0.000000 -1
0 -18.371094 24.750000 -0.894938 1.000000 1.000000 -1
0 -18.371094 26.083336 -0.894938 0.000000 0.000000 -1
0 -18.371094 24.750000 -0.894938 0.000000 1.000000 -1
0 -18.371094 26.083336 0.894938 1.000000 0.000000 -1
0 -18.371094 24.750000 0.894938 1.000000 1.000000 -1
0 -18.371094 26.083336 0.894938 0.000000 1.000000 -1
0 18.537766 26.083336 0.894938 1.000000 1.000000 -1
0 -18.371094 24.750000 0.894938 0.000000 0.000000 -1
0 18.537766 24.750000 0.894938 1.000000 0.000000 -1
6
0.000000 0.000000 1.000000
1.000000 0.000000 0.000000
0.000000 0.000000 -1.000000
-1.000000 0.000000 0.000000
0.000000 1.000000 0.000000
0.000000 -1.000000 0.000000
12
0 0 1 2 0 0 0 1
0 1 3 2 0 0 0 1
0 4 5 6 1 1 1 2
0 5 7 6 1 1 1 2
0 8 9 10 2 2 2 1
0 9 11 10 2 2 2 1
0 12 13 14 3 3 3 2
0 13 15 14 3 3 3 2
0 12 16 6 4 4 4 3
0 16 17 6 4 4 4 3
0 18 13 19 5 5 5 3
0 13 7 19 5 5 5 3
"turretarm" 0 0
6
0 -16.447680 26.298861 0.000000 0.000000 0.000000 -1
0 -21.813610 32.289303 0.000000 0.000000 0.000000 -1
0 -18.284464 25.362968 2.068757 0.000000 0.000000 -1
0 -20.134233 24.420469 0.000000 0.000000 0.000000 -1
0 -18.284464 25.362968 -2.068757 0.000000 0.000000 -1
0 -14.583176 18.098778 0.000000 0.000000 0.000000 -1
10
0.744867 0.667213 0.000000
-0.447884 0.894092 0.000000
-0.115187 0.229943 0.966363
-0.977975 -0.208721 0.000000
-0.115187 0.229943 -0.966363
0.975111 0.221717 0.000000
0.113228 -0.218347 0.969280
0.460354 -0.887736 0.000000
-0.751422 -0.659822 0.000000
0.113228 -0.218347 -0.969280
8
0 0 1 2 0 1 2 2
0 2 1 3 2 1 3 2
0 3 1 4 3 1 4 2
0 4 1 0 4 1 0 2
0 0 2 5 5 6 7 1
0 2 3 5 6 8 7 1
0 3 4 5 8 9 7 1
0 4 0 5 9 5 7 1
"turretarm" 0 0
6
0 18.284464 25.362968 2.068757 0.000000 0.000000 -1
0 21.813610 32.289303 0.000000 0.000000 0.000000 -1
0 16.447680 26.298861 0.000000 0.000000 0.000000 -1
0 20.134233 24.420469 0.000000 0.000000 0.000000 -1
0 18.284464 25.362968 -2.068757 0.000000 0.000000 -1
0 14.583176 18.098778 0.000000 0.000000 0.000000 -1
10
0.115187 0.229943 0.966363
0.447884 0.894092 0.000000
-0.744867 0.667213 0.000000
0.977975 -0.208721 0.000000
0.115187 0.229943 -0.966363
-0.460354 -0.887736 0.000000
-0.113228 -0.218347 0.969280
-0.975111 0.221717 0.000000
0.751422 -0.659822 0.000000
-0.113228 -0.218347 -0.969280
8
0 0 1 2 0 1 2 2
0 3 1 0 3 1 0 2
0 4 1 3 4 1 3 2
0 2 1 4 2 1 4 2
0 5 0 2 5 6 7 1
0 5 3 0 5 8 6 1
0 5 4 3 5 9 8 1
0 5 2 4 5 7 9 1
"turretarm" 0 0
20
0 0.978274 26.083336 18.454430 0.000000 0.000000 -1
0 0.978274 24.750000 18.454430 0.000000 1.000000 -1
0 0.978274 26.083336 -18.454430 1.000000 0.000000 -1
0 0.978274 24.750000 -18.454430 1.000000 1.000000 -1
0 0.978274 26.083336 -18.454430 0.000000 0.000000 -1
0 0.978274 24.750000 -18.454430 0.000000 1.000000 -1
0 -0.811602 26.083336 -18.454430 1.000000 0.000000 -1
0 -0.811602 24.750000 -18.454430 1.000000 1.000000 -1
0 -0.811602 26.083336 -18.454430 0.000000 0.000000 -1
0 -0.811602 24.750000 -18.454430 0.000000 1.000000 -1
0 -0.811602 26.083336 18.454430 1.000000 0.000000 -1
0 -0.811602 24.750000 18.454430 1.000000 1.000000 -1
0 -0.811602 26.083336 18.454430 0.000000 0.000000 -1
0 -0.811602 24.750000 18.454430 0.000000 1.000000 -1
0 0.978274 26.083336 18.454430 1.000000 0.000000 -1
0 0.978274 24.750000 18.454430 1.000000 1.000000 -1
0 0.978274 26.083336 18.454430 0.000000 1.000000 -1
0 0.978274 26.083336 -18.454430 1.000000 1.000000 -1
0 0.978274 24.750000 18.454430 0.000000 0.000000 -1
0 0.978274 24.750000 -18.454430 1.000000 0.000000 -1
6
1.000000 0.000000 0.000000
0.000000 0.000000 -1.000000
-1.000000 0.000000 0.000000
0.000000 0.000000 1.000000
0.000000 1.000000 0.000000
0.000000 -1.000000 0.000000
12
0 0 1 2 0 0 0 1
0 1 3 2 0 0 0 1
0 4 5 6 1 1 1 2
0 5 7 6 1 1 1 2
0 8 9 10 2 2 2 1
0 9 11 10 2 2 2 1
0 12 13 14 3 3 3 2
0 13 15 14 3 3 3 2
0 12 16 6 4 4 4 3
0 16 17 6 4 4 4 3
0 18 13 19 5 5 5 3
0 13 7 19 5 5 5 3
"turretarm" 0 0
6
0 2.068757 25.362968 -18.284464 0.000000 0.000000 -1
0 0.000000 32.289303 -21.813608 0.000000 0.000000 -1
0 0.000000 26.298861 -16.447678 0.000000 0.000000 -1
0 0.000000 24.420469 -20.134233 0.000000 0.000000 -1
0 -2.068757 25.362968 -18.284464 0.000000 0.000000 -1
0 0.000000 18.098778 -14.583175 0.000000 0.000000 -1
10
0.966363 0.229943 -0.115187
0.000000 0.894092 -0.447884
0.000000 0.667213 0.744867
0.000000 -0.208721 -0.977975
-0.966363 0.229943 -0.115187
0.000000 -0.887736 0.460353
0.969280 -0.218347 0.113228
0.000000 0.221717 0.975111
0.000000 -0.659822 -0.751422
-0.969280 -0.218347 0.113228
8
0 0 1 2 0 1 2 2
0 3 1 0 3 1 0 2
0 4 1 3 4 1 3 2
0 2 1 4 2 1 4 2
0 5 0 2 5 6 7 1
0 5 3 0 5 8 6 1
0 5 4 3 5 9 8 1
0 5 2 4 5 7 9 1
"turretarm" 0 0
6
0 0.000000 26.298861 16.447678 0.000000 0.000000 -1
0 0.000000 32.289303 21.813608 0.000000 0.000000 -1
0 2.068757 25.362968 18.284464 0.000000 0.000000 -1
0 0.000000 24.420469 20.134233 0.000000 0.000000 -1
0 -2.068757 25.362968 18.284464 0.000000 0.000000 -1
0 0.000000 18.098778 14.583175 0.000000 0.000000 -1
10
0.000000 0.667213 -0.744867
0.000000 0.894092 0.447884
0.966363 0.229943 0.115187
0.000000 -0.208721 0.977975
-0.966363 0.229943 0.115187
0.000000 0.221717 -0.975111
0.969280 -0.218347 -0.113228
0.000000 -0.887736 -0.460353
0.000000 -0.659822 0.751422
-0.969280 -0.218347 -0.113228
8
0 0 1 2 0 1 2 2
0 2 1 3 2 1 3 2
0 3 1 4 3 1 4 2
0 4 1 0 4 1 0 2
0 0 2 5 5 6 7 1
0 2 3 5 6 8 7 1
0 3 4 5 8 9 7 1
0 4 0 5 9 5 7 1
"Cylinder05" 0 2
82
0 40.250000 -0.068342 0.000000 0.810682 0.487104 -1
0 37.186150 -0.068342 15.403008 0.788105 0.603873 -1
0 0.000000 -0.068342 0.000000 0.514087 0.487104 -1
0 31.144680 2.911046 0.000000 0.743586 0.487104 -1
0 0.000000 2.911046 0.000000 0.514087 0.487104 -1
0 28.773933 2.911046 11.918553 0.726117 0.577458 -1
0 38.237499 6.189021 0.000000 0.795852 0.487104 -1
0 35.326843 6.189021 14.632857 0.774404 0.598035 -1
0 34.509342 7.706654 0.000000 0.768380 0.487104 -1
0 31.882475 7.706654 13.206154 0.749023 0.587219 -1
0 31.144680 7.575677 0.000000 0.743586 0.487104 -1
0 28.773933 7.575677 11.918553 0.726117 0.577458 -1
0 28.461048 -0.068342 28.461048 0.723811 0.702866 -1
0 22.022615 2.911046 22.022615 0.676368 0.654056 -1
0 27.037996 6.189021 27.037996 0.713325 0.692078 -1
0 24.401791 7.706654 24.401791 0.693899 0.672093 -1
0 22.022615 7.575677 22.022615 0.676368 0.654056 -1
0 15.403008 -0.068342 37.186150 0.627589 0.769011 -1
0 11.918553 2.911046 28.773933 0.601913 0.705238 -1
0 14.632857 6.189021 35.326843 0.621914 0.754915 -1
0 13.206154 7.706654 31.882475 0.611401 0.728804 -1
0 11.918553 7.575677 28.773933 0.601913 0.705238 -1
0 0.000000 -0.068342 40.250000 0.514087 0.792237 -1
0 0.000000 2.911046 31.144680 0.514087 0.723211 -1
0 0.000000 6.189021 38.237499 0.514087 0.776980 -1
0 0.000000 7.706654 34.509342 0.514087 0.748718 -1
0 0.000000 7.575677 31.144680 0.514087 0.723211 -1
0 -15.403008 -0.068342 37.186150 0.400585 0.769011 -1
0 -11.918553 2.911046 28.773933 0.426261 0.705238 -1
0 -14.632857 6.189021 35.326843 0.406260 0.754915 -1
0 -13.206154 7.706654 31.882475 0.416773 0.728804 -1
0 -11.918553 7.575677 28.773933 0.426261 0.705238 -1
0 -28.461048 -0.068342 28.461048 0.304363 0.702866 -1
0 -22.022615 2.911046 22.022615 0.351807 0.654056 -1
0 -27.037996 6.189021 27.037996 0.314849 0.692078 -1
0 -24.401791 7.706654 24.401791 0.334275 0.672093 -1
0 -22.022615 7.575677 22.022615 0.351807 0.654056 -1
0 -37.186150 -0.068342 15.403008 0.240069 0.603873 -1
0 -28.773933 2.911046 11.918553 0.302058 0.577458 -1
0 -35.326843 6.189021 14.632857 0.253770 0.598035 -1
0 -31.882475 7.706654 13.206154 0.279151 0.587219 -1
0 -28.773933 7.575677 11.918553 0.302058 0.577458 -1
0 -40.250000 -0.068342 0.000000 0.217492 0.487104 -1
0 -31.144680 2.911046 0.000000 0.284588 0.487104 -1
0 -38.237499 6.189021 0.000000 0.232322 0.487104 -1
0 -34.509342 7.706654 0.000000 0.259794 0.487104 -1
0 -31.144680 7.575677 0.000000 0.284588 0.487104 -1
0 -37.186150 -0.068342 -15.403008 0.240069 0.370334 -1
0 -28.773933 2.911046 -11.918553 0.302058 0.396749 -1
0 -35.326843 6.189021 -14.632857 0.253770 0.376172 -1
0 -31.882475 7.706654 -13.206154 0.279151 0.386988 -1
0 -28.773933 7.575677 -11.918553 0.302058 0.396749 -1
0 -28.461048 -0.068342 -28.461048 0.304363 0.271341 -1
0 -22.022615 2.911046 -22.022615 0.351807 0.320151 -1
0 -27.037996 6.189021 -27.037996 0.314849 0.282129 -1
0 -24.401791 7.706654 -24.401791 0.334275 0.302114 -1
0 -22.022615 7.575677 -22.022615 0.351807 0.320151 -1
0 -15.403008 -0.068342 -37.186150 0.400585 0.205197 -1
0 -11.918553 2.911046 -28.773933 0.426261 0.268969 -1
0 -14.632857 6.189021 -35.326843 0.406260 0.219292 -1
0 -13.206154 7.706654 -31.882475 0.416773 0.245404 -1
0 -11.918553 7.575677 -28.773933 0.426261 0.268969 -1
0 -0.000000 -0.068342 -40.250000 0.514087 0.181970 -1
0 -0.000000 2.911046 -31.144680 0.514087 0.250997 -1
0 -0.000000 6.189021 -38.237499 0.514087 0.197226 -1
0 -0.000000 7.706654 -34.509342 0.514087 0.225489 -1
0 -0.000000 7.575677 -31.144680 0.514087 0.250997 -1
0 15.403008 -0.068342 -37.186150 0.627589 0.205197 -1
0 11.918553 2.911046 -28.773933 0.601913 0.268969 -1
0 14.632857 6.189021 -35.326843 0.621914 0.219292 -1
0 13.206154 7.706654 -31.882475 0.611401 0.245404 -1
0 11.918553 7.575677 -28.773933 0.601913 0.268969 -1
0 28.461048 -0.068342 -28.461048 0.723811 0.271341 -1
0 22.022615 2.911046 -22.022615 0.676368 0.320151 -1
0 27.037996 6.189021 -27.037996 0.713325 0.282129 -1
0 24.401791 7.706654 -24.401791 0.693899 0.302114 -1
0 22.022615 7.575677 -22.022615 0.676368 0.320151 -1
0 37.186150 -0.068342 -15.403008 0.788105 0.370334 -1
0 28.773933 2.911046 -11.918553 0.726117 0.396749 -1
0 35.326843 6.189021 -14.632857 0.774404 0.376172 -1
0 31.882475 7.706654 -13.206154 0.749023 0.386988 -1
0 28.773933 7.575677 -11.918553 0.726117 0.396749 -1
82
0.000000 -1.000000 0.000000
0.000000 1.000000 0.000000
0.951975 0.306175 0.000000
0.730908 0.682476 0.000000
0.675271 0.682476 0.279706
0.879510 0.306175 0.364305
0.172671 0.984980 0.000000
0.159528 0.984980 0.066078
-0.714239 0.699902 0.000000
-0.659871 0.699902 -0.273327
-1.000000 0.000000 0.000000
-0.923880 0.000000 -0.382683
0.673148 0.306175 0.673148
0.516830 0.682476 0.516830
0.122097 0.984980 0.122097
-0.505043 0.699902 -0.505043
-0.707107 0.000000 -0.707107
0.279706 0.682476 0.675271
0.364305 0.306175 0.879510
0.066078 0.984980 0.159528
-0.273327 0.699902 -0.659871
-0.382683 0.000000 -0.923880
0.000000 0.306175 0.951975
0.000000 0.682476 0.730908
0.000000 0.984980 0.172671
0.000000 0.699902 -0.714239
0.000000 0.000000 -1.000000
-0.279706 0.682476 0.675271
-0.364305 0.306175 0.879510
-0.066078 0.984980 0.159528
0.273327 0.699902 -0.659871
0.382683 0.000000 -0.923880
-0.673148 0.306175 0.673148
-0.516830 0.682476 0.516830
-0.122097 0.984980 0.122097
0.505043 0.699902 -0.505043
0.707107 0.000000 -0.707107
-0.675271 0.682476 0.279706
-0.879510 0.306175 0.364305
-0.159528 0.984980 0.066078
0.659871 0.699902 -0.273327
0.923880 0.000000 -0.382683
-0.951975 0.306175 0.000000
-0.730908 0.682476 0.000000
-0.172671 0.984980 0.000000
0.714239 0.699902 0.000000
1.000000 0.000000 0.000000
-0.675271 0.682476 -0.279706
-0.879510 0.306175 -0.364305
-0.159528 0.984980 -0.066078
0.659871 0.699902 0.273327
0.923880 0.000000 0.382683
-0.673148 0.306175 -0.673148
-0.516830 0.682476 -0.516830
-0.122097 0.984980 -0.122097
0.505043 0.699902 0.505043
0.707107 0.000000 0.707107
-0.279706 0.682476 -0.675271
-0.364305 0.306175 -0.879510
-0.066078 0.984980 -0.159528
0.273327 0.699902 0.659871
0.382683 0.000000 0.923880
-0.000000 0.306175 -0.951975
-0.000000 0.682476 -0.730908
-0.000000 0.984980 -0.172671
0.000000 0.699902 0.714239
0.000000 0.000000 1.000000
0.279706 0.682476 -0.675271
0.364305 0.306175 -0.879510
0.066078 0.984980 -0.159528
-0.273327 0.699902 0.659871
-0.382683 0.000000 0.923880
0.673148 0.306175 -0.673148
0.516830 0.682476 -0.516830
0.122097 0.984980 -0.122097
-0.505043 0.699902 0.505043
-0.707107 0.000000 0.707107
0.675271 0.682476 -0.279706
0.879510 0.306175 -0.364305
0.159528 0.984980 -0.066078
-0.659871 0.699902 0.273327
-0.923880 0.000000 0.382683
160
0 0 1 2 0 0 0 2
0 3 4 5 1 1 1 2
0 0 6 7 2 3 4 1
0 0 7 1 2 4 5 1
0 6 8 7 3 6 4 1
0 8 9 7 6 7 4 1
0 8 10 11 6 8 9 1
0 8 11 9 6 9 7 1
0 10 3 11 8 10 9 1
0 3 5 11 10 11 9 1
0 1 12 2 0 0 0 2
0 5 4 13 1 1 1 2
0 1 7 12 5 4 12 1
0 7 14 12 4 13 12 1
0 7 9 15 4 7 14 1
0 7 15 14 4 14 13 1
0 9 11 15 7 9 14 1
0 11 16 15 9 15 14 1
0 11 5 13 9 11 16 1
0 11 13 16 9 16 15 1
0 12 17 2 0 0 0 2
0 13 4 18 1 1 1 2
0 12 14 19 12 13 17 1
0 12 19 17 12 17 18 1
0 14 15 19 13 14 17 1
0 15 20 19 14 19 17 1
0 15 16 21 14 15 20 1
0 15 21 20 14 20 19 1
0 16 13 21 15 16 20 1
0 13 18 21 16 21 20 1
0 17 22 2 0 0 0 2
0 18 4 23 1 1 1 2
0 17 19 22 18 17 22 1
0 19 24 22 17 23 22 1
0 19 20 25 17 19 24 1
0 19 25 24 17 24 23 1
0 20 21 25 19 20 24 1
0 21 26 25 20 25 24 1
0 21 18 23 20 21 26 1
0 21 23 26 20 26 25 1
0 22 27 2 0 0 0 2
0 23 4 28 1 1 1 2
0 22 24 29 22 23 27 1
0 22 29 27 22 27 28 1
0 24 25 29 23 24 27 1
0 25 30 29 24 29 27 1
0 25 26 31 24 25 30 1
0 25 31 30 24 30 29 1
0 26 23 31 25 26 30 1
0 23 28 31 26 31 30 1
0 27 32 2 0 0 0 2
0 28 4 33 1 1 1 2
0 27 29 32 28 27 32 1
0 29 34 32 27 33 32 1
0 29 30 35 27 29 34 1
0 29 35 34 27 34 33 1
0 30 31 35 29 30 34 1
0 31 36 35 30 35 34 1
0 31 28 33 30 31 36 1
0 31 33 36 30 36 35 1
0 32 37 2 0 0 0 2
0 33 4 38 1 1 1 2
0 32 34 39 32 33 37 1
0 32 39 37 32 37 38 1
0 34 35 39 33 34 37 1
0 35 40 39 34 39 37 1
0 35 36 41 34 35 40 1
0 35 41 40 34 40 39 1
0 36 33 41 35 36 40 1
0 33 38 41 36 41 40 1
0 37 42 2 0 0 0 2
0 38 4 43 1 1 1 2
0 37 39 42 38 37 42 1
0 39 44 42 37 43 42 1
0 39 40 45 37 39 44 1
0 39 45 44 37 44 43 1
0 40 41 45 39 40 44 1
0 41 46 45 40 45 44 1
0 41 38 43 40 41 46 1
0 41 43 46 40 46 45 1
0 42 47 2 0 0 0 2
0 43 4 48 1 1 1 2
0 42 44 49 42 43 47 1
0 42 49 47 42 47 48 1
0 44 45 49 43 44 47 1
0 45 50 49 44 49 47 1
0 45 46 51 44 45 50 1
0 45 51 50 44 50 49 1
0 46 43 51 45 46 50 1
0 43 48 51 46 51 50 1
0 47 52 2 0 0 0 2
0 48 4 53 1 1 1 2
0 47 49 52 48 47 52 1
0 49 54 52 47 53 52 1
0 49 50 55 47 49 54 1
0 49 55 54 47 54 53 1
0 50 51 55 49 50 54 1
0 51 56 55 50 55 54 1
0 51 48 53 50 51 56 1
0 51 53 56 50 56 55 1
0 52 57 2 0 0 0 2
0 53 4 58 1 1 1 2
0 52 54 59 52 53 57 1
0 52 59 57 52 57 58 1
0 54 55 59 53 54 57 1
0 55 60 59 54 59 57 1
0 55 56 61 54 55 60 1
0 55 61 60 54 60 59 1
0 56 53 61 55 56 60 1
0 53 58 61 56 61 60 1
0 57 62 2 0 0 0 2
0 58 4 63 1 1 1 2
0 57 59 62 58 57 62 1
0 59 64 62 57 63 62 1
0 59 60 65 57 59 64 1
0 59 65 64 57 64 63 1
0 60 61 65 59 60 64 1
0 61 66 65 60 65 64 1
0 61 58 63 60 61 66 1
0 61 63 66 60 66 65 1
0 62 67 2 0 0 0 2
0 63 4 68 1 1 1 2
0 62 64 69 62 63 67 1
0 62 69 67 62 67 68 1
0 64 65 69 63 64 67 1
0 65 70 69 64 69 67 1
0 65 66 71 64 65 70 1
0 65 71 70 64 70 69 1
0 66 63 71 65 66 70 1
0 63 68 71 66 71 70 1
0 67 72 2 0 0 0 2
0 68 4 73 1 1 1 2
0 67 69 72 68 67 72 1
0 69 74 72 67 73 72 1
0 69 70 75 67 69 74 1
0 69 75 74 67 74 73 1
0 70 71 75 69 70 74 1
0 71 76 75 70 75 74 1
0 71 68 73 70 71 76 1
0 71 73 76 70 76 75 1
0 72 77 2 0 0 0 2
0 73 4 78 1 1 1 2
0 72 74 79 72 73 77 1
0 72 79 77 72 77 78 1
0 74 75 79 73 74 77 1
0 75 80 79 74 79 77 1
0 75 76 81 74 75 80 1
0 75 81 80 74 80 79 1
0 76 73 81 75 76 80 1
0 73 78 81 76 81 80 1
0 77 0 2 0 0 0 2
0 78 4 3 1 1 1 2
0 77 79 0 78 77 2 1
0 79 6 0 77 3 2 1
0 79 80 8 77 79 6 1
0 79 8 6 77 6 3 1
0 80 81 8 79 80 6 1
0 81 10 8 80 8 6 1
0 81 78 3 80 81 10 1
0 81 3 10 80 10 8 1
"gunpivot" 0 -1
20
0 -1.166667 4.333334 1.000000 0.000000 0.000000 -1
0 -1.166667 2.000001 1.000000 0.000000 1.000000 -1
0 1.166667 4.333334 1.000000 1.000000 0.000000 -1
0 1.166667 2.000001 1.000000 1.000000 1.000000 -1
0 1.166667 4.333334 1.000000 0.000000 0.000000 -1
0 1.166667 2.000001 1.000000 0.000000 1.000000 -1
0 1.166667 4.333334 -1.000000 1.000000 0.000000 -1
0 1.166667 2.000001 -1.000000 1.000000 1.000000 -1
0 1.166667 4.333334 -1.000000 0.000000 0.000000 -1
0 1.166667 2.000001 -1.000000 0.000000 1.000000 -1
0 -1.166667 4.333334 -1.000000 1.000000 0.000000 -1
0 -1.166667 2.000001 -1.000000 1.000000 1.000000 -1
0 -1.166667 4.333334 -1.000000 0.000000 0.000000 -1
0 -1.166667 2.000001 -1.000000 0.000000 1.000000 -1
0 -1.166667 4.333334 1.000000 1.000000 0.000000 -1
0 -1.166667 2.000001 1.000000 1.000000 1.000000 -1
0 -1.166667 4.333334 1.000000 0.000000 1.000000 -1
0 1.166667 4.333334 1.000000 1.000000 1.000000 -1
0 -1.166667 2.000001 1.000000 0.000000 0.000000 -1
0 1.166667 2.000001 1.000000 1.000000 0.000000 -1
6
0.000000 0.000000 1.000000
1.000000 0.000000 0.000000
0.000000 0.000000 -1.000000
-1.000000 0.000000 0.000000
0.000000 1.000000 0.000000
0.000000 -1.000000 0.000000
12
0 0 1 2 0 0 0 1
0 1 3 2 0 0 0 1
0 4 5 6 1 1 1 2
0 5 7 6 1 1 1 2
0 8 9 10 2 2 2 1
0 9 11 10 2 2 2 1
0 12 13 14 3 3 3 2
0 13 15 14 3 3 3 2
0 12 16 6 4 4 4 3
0 16 17 6 4 4 4 3
0 18 13 19 5 5 5 3
0 13 7 19 5 5 5 3
"turretpivot" 0 -1
20
0 -1.166667 4.333334 1.000000 0.000000 0.000000 -1
0 -1.166667 2.000001 1.000000 0.000000 1.000000 -1
0 1.166667 4.333334 1.000000 1.000000 0.000000 -1
0 1.166667 2.000001 1.000000 1.000000 1.000000 -1
0 1.166667 4.333334 1.000000 0.000000 0.000000 -1
0 1.166667 2.000001 1.000000 0.000000 1.000000 -1
0 1.166667 4.333334 -1.000000 1.000000 0.000000 -1
0 1.166667 2.000001 -1.000000 1.000000 1.000000 -1
0 1.166667 4.333334 -1.000000 0.000000 0.000000 -1
0 1.166667 2.000001 -1.000000 0.000000 1.000000 -1
0 -1.166667 4.333334 -1.000000 1.000000 0.000000 -1
0 -1.166667 2.000001 -1.000000 1.000000 1.000000 -1
0 -1.166667 4.333334 -1.000000 0.000000 0.000000 -1
0 -1.166667 2.000001 -1.000000 0.000000 1.000000 -1
0 -1.166667 4.333334 1.000000 1.000000 0.000000 -1
0 -1.166667 2.000001 1.000000 1.000000 1.000000 -1
0 -1.166667 4.333334 1.000000 0.000000 1.000000 -1
0 1.166667 4.333334 1.000000 1.000000 1.000000 -1
0 -1.166667 2.000001 1.000000 0.000000 0.000000 -1
0 1.166667 2.000001 1.000000 1.000000 0.000000 -1
6
0.000000 0.000000 1.000000
1.000000 0.000000 0.000000
0.000000 0.000000 -1.000000
-1.000000 0.000000 0.000000
0.000000 1.000000 0.000000
0.000000 -1.000000 0.000000
12
0 0 1 2 0 0 0 1
0 1 3 2 0 0 0 1
0 4 5 6 1 1 1 2
0 5 7 6 1 1 1 2
0 8 9 10 2 2 2 1
0 9 11 10 2 2 2 1
0 12 13 14 3 3 3 2
0 13 15 14 3 3 3 2
0 12 16 6 4 4 4 3
0 16 17 6 4 4 4 3
0 18 13 19 5 5 5 3
0 13 7 19 5 5 5 3
"gun" 0 -1
20
1 -1.166667 4.333334 1.000000 0.000000 0.000000 -1
1 -1.166667 2.000001 1.000000 0.000000 1.000000 -1
1 1.166667 4.333334 1.000000 1.000000 0.000000 -1
1 1.166667 2.000001 1.000000 1.000000 1.000000 -1
1 1.166667 4.333334 1.000000 0.000000 0.000000 -1
1 1.166667 2.000001 1.000000 0.000000 1.000000 -1
1 1.166667 4.333334 -1.000000 1.000000 0.000000 -1
1 1.166667 2.000001 -1.000000 1.000000 1.000000 -1
1 1.166667 4.333334 -1.000000 0.000000 0.000000 -1
1 1.166667 2.000001 -1.000000 0.000000 1.000000 -1
1 -1.166667 4.333334 -1.000000 1.000000 0.000000 -1
1 -1.166667 2.000001 -1.000000 1.000000 1.000000 -1
1 -1.166667 4.333334 -1.000000 0.000000 0.000000 -1
1 -1.166667 2.000001 -1.000000 0.000000 1.000000 -1
1 -1.166667 4.333334 1.000000 1.000000 0.000000 -1
1 -1.166667 2.000001 1.000000 1.000000 1.000000 -1
1 -1.166667 4.333334 1.000000 0.000000 1.000000 -1
1 1.166667 4.333334 1.000000 1.000000 1.000000 -1
1 -1.166667 2.000001 1.000000 0.000000 0.000000 -1
1 1.166667 2.000001 1.000000 1.000000 0.000000 -1
6
0.000000 0.000000 1.000000
1.000000 0.000000 0.000000
0.000000 0.000000 -1.000000
-1.000000 0.000000 0.000000
0.000000 1.000000 0.000000
0.000000 -1.000000 0.000000
12
1 0 1 2 0 0 0 1
1 1 3 2 0 0 0 1
1 4 5 6 1 1 1 2
1 5 7 6 1 1 1 2
1 8 9 10 2 2 2 1
1 9 11 10 2 2 2 1
1 12 13 14 3 3 3 2
1 13 15 14 3 3 3 2
1 12 16 6 4 4 4 3
1 16 17 6 4 4 4 3
1 18 13 19 5 5 5 3
1 13 7 19 5 5 5 3
"Duplicate01" 0 2
22
0 30.991587 6.099620 37.706856 0.956236 0.861756 -1
0 34.047237 -0.090627 40.762508 0.956137 0.817556 -1
0 37.706856 6.099620 30.991587 0.846289 0.862282 -1
0 40.762508 -0.090627 34.047237 0.846190 0.818082 -1
0 37.706856 6.099620 30.991587 0.264404 0.912019 -1
0 40.762508 -0.090627 34.047237 0.306031 0.991997 -1
0 28.998873 9.581634 22.283604 0.035492 0.869065 -1
0 29.980497 -0.090627 21.301981 0.035492 0.991997 -1
0 28.998873 9.581634 22.283604 0.875736 0.885239 -1
0 29.980497 -0.090627 21.301981 0.868908 0.982613 -1
0 22.283604 9.581634 28.998873 0.922443 0.885239 -1
0 21.301981 -0.090627 29.980497 0.929271 0.982613 -1
0 22.283604 9.581634 28.998873 0.035492 0.869065 -1
0 21.301981 -0.090627 29.980497 0.035492 0.991997 -1
0 30.991587 6.099620 37.706856 0.264404 0.912019 -1
0 34.047237 -0.090627 40.762508 0.306031 0.991997 -1
0 22.283604 9.581634 28.998873 0.956519 0.987717 -1
0 28.998873 9.581634 22.283604 0.846572 0.988244 -1
0 34.047237 -0.090627 40.762508 0.874481 0.883781 -1
0 21.301981 -0.090627 29.980497 0.866868 0.983072 -1
0 40.762508 -0.090627 34.047237 0.926558 0.883781 -1
0 29.980497 -0.090627 21.301981 0.934170 0.983072 -1
12
0.579804 0.572410 0.579804
0.579804 0.572410 0.579804
0.707107 0.000000 -0.707107
0.733919 0.071035 -0.675513
0.755767 0.141588 -0.639351
-0.707107 -0.000000 -0.707107
-0.707107 -0.000000 -0.707107
-0.670989 0.141956 0.727752
-0.658616 0.100066 0.745796
-0.644772 0.057953 0.762175
0.192390 0.962275 0.192390
0.000000 -1.000000 0.000000
12
0 0 1 2 0 1 1 1
0 1 3 2 1 1 1 1
0 4 5 6 2 3 3 2
0 5 7 6 3 4 3 2
0 8 9 10 5 5 5 1
0 9 11 10 5 6 5 1
0 12 13 14 7 8 8 2
0 13 15 14 8 9 8 2
0 16 0 17 10 10 10 3
0 0 2 17 10 10 10 3
0 18 19 20 11 11 11 3
0 19 21 20 11 11 11 3
"Duplicate02" 0 2
22
0 48.577133 6.099620 4.748412 0.956236 0.861756 -1
0 52.898479 -0.090627 4.748414 0.956137 0.817556 -1
0 48.577133 6.099620 -4.748412 0.846289 0.862282 -1
0 52.898479 -0.090627 -4.748414 0.846190 0.818082 -1
0 48.577133 6.099620 -4.748412 0.264404 0.912019 -1
0 52.898479 -0.090627 -4.748414 0.306031 0.991997 -1
0 36.262188 9.581634 -4.748412 0.035492 0.869065 -1
0 36.262188 -0.090627 -6.136638 0.035492 0.991997 -1
0 36.262188 9.581634 -4.748412 0.875736 0.885239 -1
0 36.262188 -0.090627 -6.136638 0.868908 0.982613 -1
0 36.262188 9.581634 4.748412 0.922443 0.885239 -1
0 36.262188 -0.090627 6.136638 0.929271 0.982613 -1
0 36.262188 9.581634 4.748412 0.035492 0.869065 -1
0 36.262188 -0.090627 6.136638 0.035492 0.991997 -1
0 48.577133 6.099620 4.748412 0.264404 0.912019 -1
0 52.898479 -0.090627 4.748414 0.306031 0.991997 -1
0 36.262188 9.581634 4.748412 0.956519 0.987717 -1
0 36.262188 9.581634 -4.748412 0.846572 0.988244 -1
0 52.898479 -0.090627 4.748414 0.874481 0.883781 -1
0 36.262188 -0.090627 6.136638 0.866868 0.983072 -1
0 52.898479 -0.090627 -4.748414 0.926558 0.883781 -1
0 36.262188 -0.090627 -6.136638 0.934170 0.983072 -1
13
0.819967 0.572411 0.000000
0.819967 0.572411 0.000000
0.000000 0.000000 -1.000000
0.041299 0.071035 -0.996619
0.082319 0.141588 -0.986497
-1.000000 0.000000 0.000000
0.040138 0.141956 0.989059
0.061646 0.100066 0.993069
0.083017 0.057953 0.994862
0.272080 0.962275 0.000000
0.000000 -1.000000 0.000000
0.000000 -1.000000 0.000000
0.000000 -1.000000 0.000000
12
0 0 1 2 0 0 0 1
0 1 3 2 0 1 0 1
0 4 5 6 2 3 3 2
0 5 7 6 3 4 3 2
0 8 9 10 5 5 5 1
0 9 11 10 5 5 5 1
0 12 13 14 6 7 7 2
0 13 15 14 7 8 7 2
0 16 0 17 9 9 9 3
0 0 2 17 9 9 9 3
0 18 19 20 10 11 11 3
0 19 21 20 11 12 11 3
"Duplicate03" 0 2
22
0 37.706856 6.099620 -30.991585 0.956236 0.861756 -1
0 40.762508 -0.090627 -34.047237 0.956137 0.817556 -1
0 30.991585 6.099620 -37.706856 0.846289 0.862282 -1
0 34.047237 -0.090627 -40.762508 0.846190 0.818082 -1
0 30.991585 6.099620 -37.706856 0.264404 0.912019 -1
0 34.047237 -0.090627 -40.762508 0.306031 0.991997 -1
0 22.283604 9.581634 -28.998873 0.035492 0.869065 -1
0 21.301981 -0.090627 -29.980497 0.035492 0.991997 -1
0 22.283604 9.581634 -28.998873 0.875736 0.885239 -1
0 21.301981 -0.090627 -29.980497 0.868908 0.982613 -1
0 28.998873 9.581634 -22.283604 0.922443 0.885239 -1
0 29.980497 -0.090627 -21.301981 0.929271 0.982613 -1
0 28.998873 9.581634 -22.283604 0.035492 0.869065 -1
0 29.980497 -0.090627 -21.301981 0.035492 0.991997 -1
0 37.706856 6.099620 -30.991585 0.264404 0.912019 -1
0 40.762508 -0.090627 -34.047237 0.306031 0.991997 -1
0 28.998873 9.581634 -22.283604 0.956519 0.987717 -1
0 22.283604 9.581634 -28.998873 0.846572 0.988244 -1
0 40.762508 -0.090627 -34.047237 0.874481 0.883781 -1
0 29.980497 -0.090627 -21.301981 0.866868 0.983072 -1
0 34.047237 -0.090627 -40.762508 0.926558 0.883781 -1
0 21.301981 -0.090627 -29.980497 0.934170 0.983072 -1
11
0.579804 0.572410 -0.579804
-0.707107 -0.000000 -0.707107
-0.675513 0.071034 -0.733918
-0.639351 0.141588 -0.755767
-0.707107 -0.000000 0.707107
-0.707107 -0.000000 0.707107
0.727752 0.141956 0.670989
0.745796 0.100066 0.658616
0.762175 0.057953 0.644772
0.192390 0.962275 -0.192390
0.000000 -1.000000 -0.000000
12
0 0 1 2 0 0 0 1
0 1 3 2 0 0 0 1
0 4 5 6 1 2 2 2
0 5 7 6 2 3 2 2
0 8 9 10 4 4 4 1
0 9 11 10 4 5 4 1
0 12 13 14 6 7 7 2
0 13 15 14 7 8 7 2
0 16 0 17 9 9 9 3
0 0 2 17 9 9 9 3
0 18 19 20 10 10 10 3
0 19 21 20 10 10 10 3
"Duplicate04" 0 2
22
0 4.748414 6.099620 -48.577133 0.956236 0.861756 -1
0 4.748414 -0.090627 -52.898479 0.956137 0.817556 -1
0 -4.748414 6.099620 -48.577133 0.846289 0.862282 -1
0 -4.748414 -0.090627 -52.898479 0.846190 0.818082 -1
0 -4.748414 6.099620 -48.577133 0.264404 0.912019 -1
0 -4.748414 -0.090627 -52.898479 0.306031 0.991997 -1
0 -4.748412 9.581634 -36.262188 0.035492 0.869065 -1
0 -6.136638 -0.090627 -36.262188 0.035492 0.991997 -1
0 -4.748412 9.581634 -36.262188 0.875736 0.885239 -1
0 -6.136638 -0.090627 -36.262188 0.868908 0.982613 -1
0 4.748412 9.581634 -36.262188 0.922443 0.885239 -1
0 6.136638 -0.090627 -36.262188 0.929271 0.982613 -1
0 4.748412 9.581634 -36.262188 0.035492 0.869065 -1
0 6.136638 -0.090627 -36.262188 0.035492 0.991997 -1
0 4.748414 6.099620 -48.577133 0.264404 0.912019 -1
0 4.748414 -0.090627 -52.898479 0.306031 0.991997 -1
0 4.748412 9.581634 -36.262188 0.956519 0.987717 -1
0 -4.748412 9.581634 -36.262188 0.846572 0.988244 -1
0 4.748414 -0.090627 -52.898479 0.874481 0.883781 -1
0 6.136638 -0.090627 -36.262188 0.866868 0.983072 -1
0 -4.748414 -0.090627 -52.898479 0.926558 0.883781 -1
0 -6.136638 -0.090627 -36.262188 0.934170 0.983072 -1
12
0.000000 0.572411 -0.819967
-1.000000 -0.000000 0.000000
-0.996619 0.071034 -0.041299
-0.986497 0.141588 -0.082319
0.000000 0.000000 1.000000
0.989059 0.141956 -0.040138
0.993069 0.100066 -0.061646
0.994862 0.057953 -0.083017
0.000000 0.962275 -0.272080
0.000000 -1.000000 -0.000000
0.000000 -1.000000 -0.000000
0.000000 -1.000000 -0.000000
12
0 0 1 2 0 0 0 1
0 1 3 2 0 0 0 1
0 4 5 6 1 2 2 2
0 5 7 6 2 3 2 2
0 8 9 10 4 4 4 1
0 9 11 10 4 4 4 1
0 12 13 14 5 6 6 2
0 13 15 14 6 7 6 2
0 16 0 17 8 8 8 3
0 0 2 17 8 8 8 3
0 18 19 20 9 10 10 3
0 19 21 20 10 11 10 3
"Duplicate05" 0 2
22
0 -30.991585 6.099620 -37.706856 0.956236 0.861756 -1
0 -34.047237 -0.090627 -40.762508 0.956137 0.817556 -1
0 -37.706856 6.099620 -30.991585 0.846289 0.862282 -1
0 -40.762508 -0.090627 -34.047237 0.846190 0.818082 -1
0 -37.706856 6.099620 -30.991585 0.264404 0.912019 -1
0 -40.762508 -0.090627 -34.047237 0.306031 0.991997 -1
0 -28.998873 9.581634 -22.283604 0.035492 0.869065 -1
0 -29.980497 -0.090627 -21.301981 0.035492 0.991997 -1
0 -28.998873 9.581634 -22.283604 0.875736 0.885239 -1
0 -29.980497 -0.090627 -21.301981 0.868908 0.982613 -1
0 -22.283604 9.581634 -28.998873 0.922443 0.885239 -1
0 -21.301981 -0.090627 -29.980497 0.929271 0.982613 -1
0 -22.283604 9.581634 -28.998873 0.035492 0.869065 -1
0 -21.301981 -0.090627 -29.980497 0.035492 0.991997 -1
0 -30.991585 6.099620 -37.706856 0.264404 0.912019 -1
0 -34.047237 -0.090627 -40.762508 0.306031 0.991997 -1
0 -22.283604 9.581634 -28.998873 0.956519 0.987717 -1
0 -28.998873 9.581634 -22.283604 0.846572 0.988244 -1
0 -34.047237 -0.090627 -40.762508 0.874481 0.883781 -1
0 -21.301981 -0.090627 -29.980497 0.866868 0.983072 -1
0 -40.762508 -0.090627 -34.047237 0.926558 0.883781 -1
0 -29.980497 -0.090627 -21.301981 0.934170 0.983072 -1
11
-0.579804 0.572410 -0.579804
-0.707107 -0.000000 0.707107
-0.733918 0.071034 0.675513
-0.755767 0.141588 0.639351
0.707107 -0.000000 0.707107
0.707107 -0.000000 0.707107
0.670989 0.141956 -0.727752
0.658616 0.100066 -0.745796
0.644772 0.057953 -0.762175
-0.192390 0.962275 -0.192390
-0.000000 -1.000000 -0.000000
12
0 0 1 2 0 0 0 1
0 1 3 2 0 0 0 1
0 4 5 6 1 2 2 2
0 5 7 6 2 3 2 2
0 8 9 10 4 4 4 1
0 9 11 10 4 5 4 1
0 12 13 14 6 7 7 2
0 13 15 14 7 8 7 2
0 16 0 17 9 9 9 3
0 0 2 17 9 9 9 3
0 18 19 20 10 10 10 3
0 19 21 20 10 10 10 3
"Duplicate06" 0 2
22
0 -48.577133 6.099620 -4.748414 0.956236 0.861756 -1
0 -52.898479 -0.090627 -4.748414 0.956137 0.817556 -1
0 -48.577133 6.099620 4.748414 0.846289 0.862282 -1
0 -52.898479 -0.090627 4.748414 0.846190 0.818082 -1
0 -48.577133 6.099620 4.748414 0.264404 0.912019 -1
0 -52.898479 -0.090627 4.748414 0.306031 0.991997 -1
0 -36.262188 9.581634 4.748412 0.035492 0.869065 -1
0 -36.262188 -0.090627 6.136638 0.035492 0.991997 -1
0 -36.262188 9.581634 4.748412 0.875736 0.885239 -1
0 -36.262188 -0.090627 6.136638 0.868908 0.982613 -1
0 -36.262188 9.581634 -4.748412 0.922443 0.885239 -1
0 -36.262188 -0.090627 -6.136638 0.929271 0.982613 -1
0 -36.262188 9.581634 -4.748412 0.035492 0.869065 -1
0 -36.262188 -0.090627 -6.136638 0.035492 0.991997 -1
0 -48.577133 6.099620 -4.748414 0.264404 0.912019 -1
0 -52.898479 -0.090627 -4.748414 0.306031 0.991997 -1
0 -36.262188 9.581634 -4.748412 0.956519 0.987717 -1
0 -36.262188 9.581634 4.748412 0.846572 0.988244 -1
0 -52.898479 -0.090627 -4.748414 0.874481 0.883781 -1
0 -36.262188 -0.090627 -6.136638 0.866868 0.983072 -1
0 -52.898479 -0.090627 4.748414 0.926558 0.883781 -1
0 -36.262188 -0.090627 6.136638 0.934170 0.983072 -1
12
-0.819967 0.572411 0.000000
0.000000 -0.000000 1.000000
-0.041299 0.071034 0.996619
-0.082319 0.141588 0.986497
1.000000 0.000000 0.000000
-0.040138 0.141956 -0.989059
-0.061646 0.100066 -0.993069
-0.083017 0.057953 -0.994862
-0.272080 0.962275 0.000000
-0.000000 -1.000000 0.000000
-0.000000 -1.000000 0.000000
-0.000000 -1.000000 0.000000
12
0 0 1 2 0 0 0 1
0 1 3 2 0 0 0 1
0 4 5 6 1 2 2 2
0 5 7 6 2 3 2 2
0 8 9 10 4 4 4 1
0 9 11 10 4 4 4 1
0 12 13 14 5 6 6 2
0 13 15 14 6 7 6 2
0 16 0 17 8 8 8 3
0 0 2 17 8 8 8 3
0 18 19 20 9 10 10 3
0 19 21 20 10 11 10 3
"Duplicate07" 0 2
22
0 -37.706856 6.099620 30.991585 0.956236 0.861756 -1
0 -40.762508 -0.090627 34.047237 0.956137 0.817556 -1
0 -30.991585 6.099620 37.706856 0.846289 0.862282 -1
0 -34.047237 -0.090627 40.762508 0.846190 0.818082 -1
0 -30.991585 6.099620 37.706856 0.264404 0.912019 -1
0 -34.047237 -0.090627 40.762508 0.306031 0.991997 -1
0 -22.283604 9.581634 28.998873 0.035492 0.869065 -1
0 -21.301981 -0.090627 29.980497 0.035492 0.991997 -1
0 -22.283604 9.581634 28.998873 0.875736 0.885239 -1
0 -21.301981 -0.090627 29.980497 0.868908 0.982613 -1
0 -28.998873 9.581634 22.283604 0.922443 0.885239 -1
0 -29.980497 -0.090627 21.301981 0.929271 0.982613 -1
0 -28.998873 9.581634 22.283604 0.035492 0.869065 -1
0 -29.980497 -0.090627 21.301981 0.035492 0.991997 -1
0 -37.706856 6.099620 30.991585 0.264404 0.912019 -1
0 -40.762508 -0.090627 34.047237 0.306031 0.991997 -1
0 -28.998873 9.581634 22.283604 0.956519 0.987717 -1
0 -22.283604 9.581634 28.998873 0.846572 0.988244 -1
0 -40.762508 -0.090627 34.047237 0.874481 0.883781 -1
0 -29.980497 -0.090627 21.301981 0.866868 0.983072 -1
0 -34.047237 -0.090627 40.762508 0.926558 0.883781 -1
0 -21.301981 -0.090627 29.980497 0.934170 0.983072 -1
11
-0.579804 0.572410 0.579804
0.707107 -0.000000 0.707107
0.675513 0.071034 0.733918
0.639351 0.141588 0.755767
0.707107 -0.000000 -0.707107
0.707107 -0.000000 -0.707107
-0.727752 0.141956 -0.670989
-0.745796 0.100066 -0.658616
-0.762175 0.057953 -0.644772
-0.192390 0.962275 0.192390
-0.000000 -1.000000 0.000000
12
0 0 1 2 0 0 0 1
0 1 3 2 0 0 0 1
0 4 5 6 1 2 2 2
0 5 7 6 2 3 2 2
0 8 9 10 4 4 4 1
0 9 11 10 4 5 4 1
0 12 13 14 6 7 7 2
0 13 15 14 7 8 7 2
0 16 0 17 9 9 9 3
0 0 2 17 9 9 9 3
0 18 19 20 10 10 10 3
0 19 21 20 10 10 10 3

Materials: 3
"gold"
0.800000 0.800000 0.800000 1.000000
0.800000 0.800000 0.800000 1.000000
0.000000 0.000000 0.000000 1.000000
0.000000 0.000000 0.000000 1.000000
0.000000
1.000000
".\yellow.jpg"
""
"blue"
0.800000 0.800000 0.800000 1.000000
0.800000 0.800000 0.800000 1.000000
0.000000 0.000000 0.000000 1.000000
0.000000 0.000000 0.000000 1.000000
0.000000
1.000000
".\blue.jpg"
".\gradient.jpg"
"basetexture"
0.800000 0.800000 0.800000 1.000000
0.800000 0.800000 0.800000 1.000000
0.000000 0.000000 0.000000 1.000000
0.000000 0.000000 0.000000 1.000000
0.000000
1.000000
".\basetexture.jpg"
""

Bones: 0
