// MilkShape 3D ASCII

Frames: 30
Frame: 1

Meshes: 1
"Cylinder02" 1 0
51
1 1.661961 -29.976164 0.008956 0.000000 0.000000 -1
1 1.443376 -29.974997 0.837478 0.000000 0.000000 -1
1 0.000000 -29.974997 0.004142 0.000000 0.000000 -1
1 1.661961 29.693377 0.008956 0.000000 0.000000 -1
1 0.000000 29.691671 0.004142 0.000000 0.000000 -1
1 1.443376 29.691671 0.837478 0.000000 0.000000 -1
1 1.661961 -29.976164 0.008956 0.000000 1.000000 -1
1 1.443376 -29.974997 0.837478 0.083333 1.000000 -1
1 1.443376 29.691671 0.837478 0.083333 0.000000 -1
1 0.833333 -29.974997 1.447520 0.000000 0.000000 -1
1 0.833333 29.691671 1.447520 0.000000 0.000000 -1
1 0.833333 29.691671 1.447520 0.166667 0.000000 -1
1 0.833333 -29.974997 1.447520 0.166667 1.000000 -1
1 0.000000 -29.974997 1.670809 0.000000 0.000000 -1
1 0.000000 29.691671 1.670809 0.000000 0.000000 -1
1 0.000000 -29.974997 1.670809 0.250000 1.000000 -1
1 0.000000 29.691671 1.670809 0.250000 0.000000 -1
1 -0.833333 -29.974997 1.447520 0.000000 0.000000 -1
1 -0.833333 29.691671 1.447520 0.000000 0.000000 -1
1 -0.833333 29.691671 1.447520 0.333333 0.000000 -1
1 -0.833333 -29.974997 1.447520 0.333333 1.000000 -1
1 -1.443376 -29.974997 0.837478 0.000000 0.000000 -1
1 -1.443376 29.691671 0.837478 0.000000 0.000000 -1
1 -1.443376 -29.974997 0.837478 0.416667 1.000000 -1
1 -1.443376 29.691671 0.837478 0.416667 0.000000 -1
1 -1.680720 -29.969719 0.008956 0.000000 0.000000 -1
1 -1.680720 29.693377 0.008956 0.000000 0.000000 -1
1 -1.680720 29.693377 0.008956 0.500000 0.000000 -1
1 -1.680720 -29.969719 0.008956 0.500000 1.000000 -1
1 -1.443376 -29.974997 -0.829190 0.000000 0.000000 -1
1 -1.443376 29.691671 -0.829190 0.000000 0.000000 -1
1 -1.443376 -29.974997 -0.829190 0.583333 1.000000 -1
1 -1.443376 29.691671 -0.829190 0.583333 0.000000 -1
1 -0.833333 -29.974997 -1.439233 0.000000 0.000000 -1
1 -0.833333 29.691671 -1.439233 0.000000 0.000000 -1
1 -0.833333 29.691671 -1.439233 0.666667 0.000000 -1
1 -0.833333 -29.974997 -1.439233 0.666667 1.000000 -1
1 -0.000000 -29.974997 -1.662526 0.000000 0.000000 -1
1 -0.000000 29.691671 -1.662526 0.000000 0.000000 -1
1 -0.000000 -29.974997 -1.662526 0.750000 1.000000 -1
1 -0.000000 29.691671 -1.662526 0.750000 0.000000 -1
1 0.833333 -29.974997 -1.439233 0.000000 0.000000 -1
1 0.833333 29.691671 -1.439233 0.000000 0.000000 -1
1 0.833333 29.691671 -1.439233 0.833333 0.000000 -1
1 0.833333 -29.974997 -1.439233 0.833333 1.000000 -1
1 1.443376 -29.974997 -0.829190 0.000000 0.000000 -1
1 1.443376 29.691671 -0.829190 0.000000 0.000000 -1
1 1.443376 -29.974997 -0.829190 0.916667 1.000000 -1
1 1.443376 29.691671 -0.829190 0.916667 0.000000 -1
1 1.661961 29.693377 0.008956 1.000000 0.000000 -1
1 1.661961 -29.976164 0.008956 1.000000 1.000000 -1
31
-0.000702 -1.000000 0.000006
-0.000353 -1.000000 0.000611
-0.000640 -1.000000 -0.000003
-0.001026 0.999999 0.000009
-0.000002 1.000000 0.000003
-0.000516 0.999999 0.000893
0.999999 0.000000 0.001417
0.866987 0.000000 0.498332
0.000000 -1.000000 0.000000
0.000000 1.000000 0.000000
0.499999 0.000000 0.866026
0.499999 0.000000 0.866026
0.000000 0.000000 1.000000
-0.499999 0.000000 0.866026
-0.001578 -0.999995 -0.002733
0.000510 0.999999 0.000883
-0.861694 0.000000 0.507428
-0.861694 0.000000 0.507428
-0.003140 -0.999995 -0.000027
0.001015 0.999999 0.000009
-0.999999 0.000000 0.001521
-0.001562 -0.999995 0.002706
0.000505 0.999999 -0.000874
-0.862465 0.000000 -0.506116
-0.862465 0.000000 -0.506116
-0.500001 0.000000 -0.866025
0.000000 0.000000 -1.000000
0.500001 0.000000 -0.866025
-0.000349 -1.000000 -0.000605
-0.000510 0.999999 -0.000884
0.867692 0.000000 -0.497102
48
1 0 1 2 0 1 2 2
1 3 4 5 3 4 5 2
1 6 3 7 6 6 7 1
1 3 8 7 6 7 7 1
1 1 9 2 1 8 2 2
1 5 4 10 5 4 9 2
1 7 8 11 7 7 10 1
1 7 11 12 7 10 11 1
1 9 13 2 8 8 2 2
1 10 4 14 9 4 9 2
1 12 11 15 11 10 12 1
1 11 16 15 10 12 12 1
1 13 17 2 8 8 2 2
1 14 4 18 9 4 9 2
1 15 16 19 12 12 13 1
1 15 19 20 12 13 13 1
1 17 21 2 8 14 2 2
1 18 4 22 9 4 15 2
1 20 19 23 13 13 16 1
1 19 24 23 13 17 16 1
1 21 25 2 14 18 2 2
1 22 4 26 15 4 19 2
1 23 24 27 16 17 20 1
1 23 27 28 16 20 20 1
1 25 29 2 18 21 2 2
1 26 4 30 19 4 22 2
1 28 27 31 20 20 23 1
1 27 32 31 20 24 23 1
1 29 33 2 21 8 2 2
1 30 4 34 22 4 9 2
1 31 32 35 23 24 25 1
1 31 35 36 23 25 25 1
1 33 37 2 8 8 2 2
1 34 4 38 9 4 9 2
1 36 35 39 25 25 26 1
1 35 40 39 25 26 26 1
1 37 41 2 8 8 2 2
1 38 4 42 9 4 9 2
1 39 40 43 26 26 27 1
1 39 43 44 26 27 27 1
1 41 45 2 8 28 2 2
1 42 4 46 9 4 29 2
1 44 43 47 27 27 30 1
1 43 48 47 27 30 30 1
1 45 0 2 28 0 2 2
1 46 4 3 29 4 3 2
1 47 48 49 30 30 6 1
1 47 49 50 30 6 6 1

Materials: 1
"Material04"
0.800000 0.800000 0.800000 1.000000
1.000000 1.000000 1.000000 1.000000
1.000000 1.000000 1.000000 1.000000
1.000000 1.000000 1.000000 1.000000
0.000000
1.000000
".\blue128.bmp"
".\alpha2.bmp"

Bones: 0
GroupComments: 0
MaterialComments: 0
BoneComments: 0
ModelComment: 0
