// MilkShape 3D ASCII

Frames: 10
Frame: 1

Meshes: 6
"front" 0 3
30
0 226.182663 436.001251 1.743427 0.175771 0.791231 -1
0 315.838867 236.975861 1.743427 0.186535 0.863261 -1
0 315.838867 436.001251 1.743427 0.186535 0.791231 -1
0 226.182663 236.975861 1.743427 0.175771 0.863261 -1
0 201.287170 449.030640 63.289421 0.172782 0.786515 -1
0 342.812592 345.418274 52.651833 0.189773 0.824014 -1
0 342.812592 449.030640 63.289421 0.189773 0.786515 -1
0 201.287170 345.418274 52.651833 0.172782 0.824014 -1
0 342.812592 355.166199 -187.305939 0.189773 0.820487 -1
0 201.287170 355.166199 -187.305939 0.172782 0.820487 -1
0 252.510071 474.235779 -189.081406 0.178932 0.777394 -1
0 298.475555 431.272827 -189.081406 0.184450 0.792943 -1
0 298.475555 474.235779 -189.081406 0.184450 0.777394 -1
0 252.510071 431.272827 -189.081406 0.178932 0.792943 -1
0 298.475555 431.272827 -337.786377 0.184450 0.792943 -1
0 252.510071 431.272827 -337.786377 0.178932 0.792943 -1
0 201.239365 368.345337 51.319221 0.172777 0.815715 -1
0 342.789124 348.884094 51.319221 0.189770 0.822760 -1
0 342.789124 368.345337 51.319221 0.189770 0.815715 -1
0 201.239365 348.884094 51.319221 0.172777 0.822760 -1
0 342.789124 348.884094 -414.230377 0.189770 0.822760 -1
0 201.239365 348.884094 -414.230377 0.172777 0.822760 -1
0 281.449219 621.320740 -272.110016 0.182406 0.724162 -1
0 269.536469 472.719513 -272.110016 0.180976 0.777942 -1
0 269.536469 621.320740 -272.110016 0.180976 0.724162 -1
0 281.449219 472.719513 -272.110016 0.182406 0.777942 -1
0 281.449219 621.320740 -253.423218 0.182406 0.724162 -1
0 281.449219 472.719513 -253.423218 0.182406 0.777942 -1
0 269.536469 621.320740 -253.423218 0.180976 0.724162 -1
0 269.536469 472.719513 -253.423218 0.180976 0.777942 -1
7
0.000000 0.000000 1.000000
0.000000 -0.102130 0.994771
0.000000 -0.999176 -0.040590
0.000000 -1.000000 0.000000
0.000000 0.000000 -1.000000
1.000000 0.000000 0.000000
-1.000000 0.000000 0.000000
24
0 0 1 2 0 0 0 1
0 0 3 1 0 0 0 1
0 4 5 6 1 1 1 1
0 4 7 5 1 1 1 1
0 8 7 9 2 2 2 3
0 8 5 7 2 2 2 3
0 10 11 12 0 0 0 1
0 10 13 11 0 0 0 1
0 14 13 15 3 3 3 3
0 14 11 13 3 3 3 3
0 16 17 18 0 0 0 1
0 16 19 17 0 0 0 1
0 20 19 21 3 3 3 3
0 20 17 19 3 3 3 3
0 22 23 24 4 4 4 1
0 22 25 23 4 4 4 1
0 26 25 22 5 5 5 2
0 26 27 25 5 5 5 2
0 28 27 26 0 0 0 1
0 28 29 27 0 0 0 1
0 24 29 28 6 6 6 2
0 24 23 29 6 6 6 2
0 25 29 23 3 3 3 3
0 25 27 29 3 3 3 3
"lside" 0 0
49
0 -29.932068 -0.097117 -1093.830078 0.035456 0.940359 -1
0 -139.990875 102.029465 -823.050232 0.086662 0.859486 -1
0 -32.830841 101.440582 -1183.339111 0.018530 0.859951 -1
0 -235.477966 141.285828 -485.532654 0.150490 0.828398 -1
0 -118.529449 0.000478 -486.219513 0.150360 0.940282 -1
0 -129.382111 0.000478 0.155476 0.242336 0.940282 -1
0 -235.480743 141.285828 0.155552 0.242336 0.828398 -1
0 -235.598328 141.213638 486.751282 0.334355 0.828456 -1
0 -111.762817 0.000478 427.061676 0.323068 0.940282 -1
0 -63.625992 0.000478 739.577393 0.382166 0.940282 -1
0 -112.253601 76.775833 811.289429 0.395728 0.879483 -1
0 0.866516 -0.101908 1137.411743 0.457400 0.940363 -1
0 -139.981476 153.997849 -823.181580 0.086637 0.818332 -1
0 -32.830658 153.676468 -1183.341064 0.018529 0.818587 -1
0 -297.442535 186.062027 -630.419983 0.123090 0.792941 -1
0 -372.548737 209.269379 0.208355 0.242346 0.774564 -1
0 -297.442535 185.981873 521.879700 0.340998 0.793005 -1
0 -140.703522 154.419052 894.058533 0.411380 0.817999 -1
0 1.155289 154.210831 1219.789917 0.472979 0.818164 -1
0 -33.251190 209.268555 -1228.012085 0.010081 0.774564 -1
0 -133.477875 209.268555 -907.333862 0.070724 0.774564 -1
0 -372.552155 209.268555 -736.978027 0.102940 0.774564 -1
0 -159.191803 209.268555 853.273926 0.403668 0.774564 -1
0 -372.542267 209.268555 776.017090 0.389058 0.774564 -1
0 -99.875046 209.268555 1339.196533 0.495559 0.774564 -1
0 -133.478180 249.969971 -907.334778 0.070724 0.742333 -1
0 -33.251190 249.969971 -1228.013794 0.010081 0.742333 -1
0 -372.551788 249.969971 -736.980103 0.102939 0.742333 -1
0 -372.542694 249.969971 776.017090 0.389058 0.742333 -1
0 -159.191406 249.969971 853.275818 0.403668 0.742333 -1
0 -99.875229 249.969971 1339.197266 0.495559 0.742333 -1
0 -99.672852 209.470703 1338.994263 0.495521 0.774404 -1
0 -140.165588 154.419052 894.058533 0.411380 0.817999 -1
0 226.182663 436.001251 -386.946960 0.162553 0.620486 -1
0 226.182663 236.975861 1.743427 0.207570 0.762324 -1
0 226.182663 436.001251 1.743427 0.207570 0.620486 -1
0 226.182663 236.975861 -386.946960 0.162553 0.762324 -1
0 201.287170 449.030640 -135.831146 0.191637 0.611200 -1
0 201.287170 345.418274 52.651833 0.213467 0.685041 -1
0 201.287170 449.030640 63.289421 0.214699 0.611200 -1
0 201.287170 355.166199 -187.305939 0.185675 0.678093 -1
0 252.510071 474.235779 -337.786377 0.168247 0.593238 -1
0 252.510071 431.272827 -189.081406 0.185469 0.623856 -1
0 252.510071 474.235779 -189.081406 0.185469 0.593238 -1
0 252.510071 431.272827 -337.786377 0.168247 0.623856 -1
0 201.239365 368.345337 -414.230377 0.159393 0.668702 -1
0 201.239365 348.884094 51.319221 0.213312 0.682572 -1
0 201.239365 368.345337 51.319221 0.213312 0.668702 -1
0 201.239365 348.884094 -414.230377 0.159393 0.682572 -1
33
-0.871965 -0.447310 -0.198972
-0.948808 -0.175140 -0.262846
-0.954620 -0.090295 -0.283809
-0.739754 -0.664905 -0.103276
-0.768886 -0.636130 -0.064446
-0.779255 -0.626698 0.003321
-0.639277 -0.768977 -0.000136
-0.686482 -0.721532 0.090187
-0.734847 -0.674491 0.071147
-0.754580 -0.642470 0.133574
-0.805006 -0.568648 0.169133
-0.861374 -0.449558 0.236502
-0.829049 -0.467641 -0.306578
-0.952068 -0.115734 -0.283146
-0.359945 -0.931527 -0.051941
-0.510932 -0.859369 0.020828
-0.919924 -0.293874 0.259572
-0.876506 -0.410401 0.251612
-0.700674 -0.645279 0.304421
-0.946110 -0.139818 -0.292107
-0.786773 -0.303056 -0.537722
-0.761647 -0.501584 -0.410252
-0.874051 -0.060815 0.482013
-0.698678 -0.521223 0.490077
-0.985506 -0.119609 0.120301
-0.809611 -0.000023 -0.586967
-0.954467 -0.000013 -0.298315
-0.888907 -0.000015 -0.458087
-0.818680 -0.000014 0.574250
-0.782318 -0.000021 0.622879
-0.992632 -0.000001 0.121170
-0.337365 -0.930019 0.145774
-1.000000 0.000000 0.000000
50
0 0 1 2 0 1 2 1
0 3 1 0 3 1 0 1
0 4 3 0 4 3 0 1
0 5 3 4 5 3 4 1
0 5 6 3 5 6 3 1
0 7 6 5 7 6 5 1
0 8 7 5 8 7 5 1
0 9 7 8 9 7 8 1
0 9 10 7 9 10 7 1
0 11 10 9 11 10 9 1
0 12 13 2 12 13 2 1
0 1 12 2 1 12 2 1
0 3 12 1 3 12 1 1
0 3 14 12 3 14 12 1
0 15 14 3 15 14 3 1
0 6 15 3 6 15 3 1
0 7 15 6 7 15 6 1
0 7 16 15 7 16 15 1
0 17 16 7 17 16 7 1
0 10 17 7 10 17 7 1
0 11 17 10 11 17 10 1
0 11 18 17 11 18 17 1
0 12 19 13 12 19 13 1
0 12 20 19 12 20 19 1
0 21 20 12 21 20 12 1
0 14 21 12 14 21 12 1
0 15 21 14 15 21 14 1
0 22 23 15 22 23 15 1
0 16 22 15 16 22 15 1
0 17 22 16 17 22 16 1
0 17 24 22 17 24 22 1
0 25 26 19 25 26 19 1
0 20 25 19 20 25 19 1
0 21 25 20 21 25 20 1
0 21 27 25 21 27 25 1
0 28 27 21 28 27 21 1
0 23 28 21 23 28 21 1
0 22 28 23 22 28 23 1
0 22 29 28 22 29 28 1
0 30 29 22 30 29 22 1
0 24 30 22 24 30 22 1
0 18 31 32 18 31 31 1
0 33 34 35 32 32 32 2
0 33 36 34 32 32 32 2
0 37 38 39 32 32 32 2
0 37 40 38 32 32 32 2
0 41 42 43 32 32 32 2
0 41 44 42 32 32 32 2
0 45 46 47 32 32 32 2
0 45 48 46 32 32 32 2
"top" 0 1
34
0 364.798798 249.969971 -748.327332 0.312138 0.721182 -1
0 230.844574 249.969971 -805.789429 0.301807 0.555832 -1
0 0.866516 249.704330 0.155514 0.500531 0.347967 -1
0 230.805420 249.969971 -1165.406006 0.194079 0.556582 -1
0 -33.251190 249.969971 -1228.013794 0.179896 0.258554 -1
0 -133.478180 249.969971 -907.334778 0.259771 0.188754 -1
0 -372.551788 249.969971 -736.980103 0.291862 0.001307 -1
0 -372.542694 249.969971 776.017090 0.738782 0.001331 -1
0 -159.191406 249.969971 853.275818 0.758579 0.200741 -1
0 -99.875229 249.969971 1339.197266 0.866566 0.346815 -1
0 97.275124 249.969971 1339.043457 0.866587 0.465950 -1
0 149.252090 249.969971 976.455444 0.773040 0.536248 -1
0 367.315308 249.969971 793.464539 0.735534 0.725531 -1
0 364.899902 250.071060 -748.428589 0.312153 0.721193 -1
0 315.838867 436.001251 1.743427 0.496906 0.709749 -1
0 226.182663 436.001251 -386.946960 0.440858 0.657424 -1
0 226.182663 436.001251 1.743427 0.496617 0.657437 -1
0 315.838867 436.001251 -386.946960 0.441146 0.709749 -1
0 342.812592 449.030640 63.289421 0.505823 0.709749 -1
0 201.287170 449.030640 -135.831146 0.476801 0.628566 -1
0 201.287170 449.030640 63.289421 0.505367 0.628570 -1
0 342.812592 449.030640 -135.831146 0.477257 0.709749 -1
0 298.475555 474.235779 -189.081406 0.469475 0.709749 -1
0 252.510071 474.235779 -337.786377 0.447995 0.687950 -1
0 252.510071 474.235779 -189.081406 0.469326 0.687955 -1
0 298.475555 474.235779 -337.786377 0.448143 0.709749 -1
0 342.789124 368.345337 51.319221 0.504103 0.709749 -1
0 201.239365 368.345337 -414.230377 0.436862 0.628503 -1
0 201.239365 368.345337 51.319221 0.503648 0.628517 -1
0 342.789124 368.345337 -414.230377 0.437320 0.709749 -1
0 281.449219 621.320740 -253.423218 0.460190 0.709749 -1
0 269.536469 621.320740 -272.110016 0.457471 0.707693 -1
0 269.536469 621.320740 -253.423218 0.460153 0.707690 -1
0 281.449219 621.320740 -272.110016 0.457509 0.709749 -1
15
-0.000126 1.000000 0.000294
-0.000640 1.000000 0.000147
-0.000057 1.000000 0.000005
-0.000603 1.000000 0.000109
0.000292 1.000000 0.000208
0.000412 1.000000 0.000232
0.000450 1.000000 0.000132
0.000408 1.000000 -0.000146
0.000556 1.000000 -0.000207
0.000503 1.000000 -0.000161
-0.000461 1.000000 -0.000165
-0.000562 1.000000 -0.000187
-0.000536 1.000000 -0.000087
-0.000870 1.000000 0.000067
0.000000 1.000000 0.000000
22
0 0 1 2 0 1 2 1
0 1 3 2 1 3 2 1
0 3 4 2 3 4 2 1
0 4 5 2 4 5 2 1
0 5 6 2 5 6 2 1
0 6 7 2 6 7 2 1
0 7 8 2 7 8 2 1
0 8 9 2 8 9 2 1
0 9 10 2 9 10 2 1
0 10 11 2 10 11 2 1
0 11 12 2 11 12 2 1
0 12 13 2 12 13 2 1
0 14 15 16 14 14 14 3
0 14 17 15 14 14 14 3
0 18 19 20 14 14 14 3
0 18 21 19 14 14 14 3
0 22 23 24 14 14 14 3
0 22 25 23 14 14 14 3
0 26 27 28 14 14 14 3
0 26 29 27 14 14 14 3
0 30 31 32 14 14 14 3
0 30 33 31 14 14 14 3
"rside" 0 2
49
0 249.070435 141.298401 -485.525848 0.860030 0.829962 -1
0 249.055664 140.274933 0.155552 0.769553 0.830806 -1
0 133.642410 0.000478 0.155476 0.769553 0.946449 -1
0 158.019775 0.000478 -486.214294 0.860158 0.946449 -1
0 133.648407 -0.098124 -1093.830078 0.973351 0.946531 -1
0 160.478989 101.881332 -1183.340088 0.990026 0.862457 -1
0 67.886261 0.000478 739.577393 0.631806 0.946449 -1
0 132.661469 76.775833 811.289429 0.618448 0.883155 -1
0 0.866516 -0.101908 1137.411743 0.557694 0.946534 -1
0 249.070435 140.760712 486.751282 0.678905 0.830406 -1
0 116.023071 0.000478 427.061676 0.690025 0.946449 -1
0 133.743469 0.007741 0.157558 0.769553 0.946443 -1
0 249.156738 140.376038 0.054462 0.769572 0.830723 -1
0 364.795929 209.271942 0.194645 0.769546 0.773924 -1
0 277.272797 185.896255 -630.419983 0.887023 0.793195 -1
0 160.477264 153.678177 -1183.338379 0.990026 0.819756 -1
0 160.449814 154.443008 894.053711 0.603029 0.819126 -1
0 1.155289 154.210831 1219.789917 0.542348 0.819317 -1
0 277.272797 185.801315 521.879700 0.672361 0.793274 -1
0 364.897003 209.373047 0.093540 0.769565 0.773841 -1
0 230.844971 209.268555 -805.787781 0.919692 0.773927 -1
0 364.798340 209.268555 -748.327332 0.908988 0.773927 -1
0 230.805038 209.268555 -1165.405029 0.986685 0.773927 -1
0 97.275124 209.268555 1339.040771 0.520132 0.773927 -1
0 149.251938 209.268555 976.454590 0.587678 0.773927 -1
0 367.315735 209.268555 793.462769 0.621768 0.773927 -1
0 230.805420 249.969971 -1165.406006 0.986685 0.740372 -1
0 230.844574 249.969971 -805.789429 0.919692 0.740372 -1
0 149.252090 249.969971 976.455444 0.587678 0.740372 -1
0 97.275124 249.969971 1339.043457 0.520132 0.740372 -1
0 367.315308 249.969971 793.464539 0.621768 0.740372 -1
0 364.899902 250.071060 -748.428589 0.909006 0.740288 -1
0 364.899445 209.369629 -748.428589 0.909006 0.773844 -1
0 315.838867 436.001251 1.743427 0.795907 0.593871 -1
0 315.838867 236.975861 -386.946960 0.837286 0.745239 -1
0 315.838867 436.001251 -386.946960 0.837286 0.593871 -1
0 315.838867 236.975861 1.743427 0.795907 0.745239 -1
0 342.812592 449.030640 63.289421 0.789354 0.583962 -1
0 342.812592 355.166199 -187.305939 0.816033 0.655350 -1
0 342.812592 449.030640 -135.831146 0.810553 0.583962 -1
0 342.812592 345.418274 52.651833 0.790487 0.662763 -1
0 298.475555 474.235779 -189.081406 0.816222 0.564793 -1
0 298.475555 431.272827 -337.786377 0.832053 0.597467 -1
0 298.475555 474.235779 -337.786377 0.832053 0.564793 -1
0 298.475555 431.272827 -189.081406 0.816222 0.597467 -1
0 342.789124 368.345337 51.319221 0.790629 0.645326 -1
0 342.789124 348.884094 -414.230377 0.840191 0.660127 -1
0 342.789124 368.345337 -414.230377 0.840191 0.645326 -1
0 342.789124 348.884094 51.319221 0.790629 0.660127 -1
34
0.821235 -0.568278 -0.051315
0.651795 -0.758393 -0.001578
0.807531 -0.589472 0.020426
0.840576 -0.541677 0.004242
0.895003 -0.440951 -0.067325
0.978809 -0.169647 -0.114683
0.701763 -0.703330 0.113382
0.772954 -0.613455 0.161912
0.826216 -0.499663 0.260200
0.734392 -0.672118 0.094481
0.710273 -0.700551 0.068853
0.746894 -0.664767 0.015271
0.651920 -0.758287 0.000715
0.716266 -0.693940 -0.073557
0.970331 -0.180338 -0.161048
0.923782 -0.361728 -0.125618
0.737599 -0.624001 0.258012
0.680089 -0.653588 0.332117
0.549110 -0.832152 0.077466
0.544822 -0.837711 0.037534
0.974922 -0.208585 -0.077581
-0.000002 -1.000000 0.000005
0.900033 -0.435822 -0.000100
0.947963 -0.270051 0.168638
0.869670 -0.205263 0.448933
0.784470 -0.489210 0.381157
1.000000 0.000000 -0.000110
1.000000 0.000010 -0.000109
0.873961 -0.000016 0.485997
0.989881 -0.000009 0.141899
0.906647 -0.000009 0.421891
0.999999 -0.000000 -0.001567
0.999999 -0.000011 -0.001567
1.000000 0.000000 0.000000
44
0 0 1 2 0 1 2 1
0 3 0 2 3 0 2 1
0 4 0 3 4 0 3 1
0 4 5 0 4 5 0 1
0 6 7 8 6 7 8 1
0 9 7 6 9 7 6 1
0 10 9 6 10 9 6 1
0 11 9 10 11 9 10 1
0 11 12 9 11 12 9 1
0 0 13 1 0 13 1 1
0 0 14 13 0 14 13 1
0 15 14 0 15 14 0 1
0 5 15 0 5 15 0 1
0 16 17 8 16 17 8 1
0 7 16 8 7 16 8 1
0 9 16 7 9 16 7 1
0 9 18 16 9 18 16 1
0 19 18 9 19 18 9 1
0 12 19 9 12 19 9 1
0 20 21 13 20 21 13 1
0 14 20 13 14 20 13 1
0 15 20 14 15 20 14 1
0 15 22 20 15 22 20 1
0 16 23 17 16 23 17 1
0 16 24 23 16 24 23 1
0 25 24 16 25 24 16 1
0 18 25 16 18 25 16 1
0 19 25 18 19 25 18 1
0 26 27 20 26 27 20 1
0 22 26 20 22 26 20 1
0 28 29 23 28 29 23 1
0 24 28 23 24 28 23 1
0 25 28 24 25 28 24 1
0 25 30 28 25 30 28 1
0 31 30 25 31 30 25 1
0 32 31 25 32 31 25 1
0 33 34 35 33 33 33 2
0 33 36 34 33 33 33 2
0 37 38 39 33 33 33 2
0 37 40 38 33 33 33 2
0 41 42 43 33 33 33 2
0 41 44 42 33 33 33 2
0 45 46 47 33 33 33 2
0 45 48 46 33 33 33 2
"grey" 0 4
14
0 -372.548737 209.269379 0.208355 0.560734 0.935724 -1
0 -372.542267 209.268555 776.017090 0.560734 0.913550 -1
0 -372.552155 209.268555 -736.978027 0.544945 0.913550 -1
0 97.275124 209.268555 1339.040771 0.434761 0.888158 -1
0 -99.875046 209.268555 1339.196533 0.418971 0.888158 -1
0 -140.703522 154.419052 894.058533 0.418971 0.910334 -1
0 364.897003 209.373047 0.093540 0.655465 0.935724 -1
0 364.899445 209.369629 -748.428589 0.655465 0.913550 -1
0 367.315735 209.268555 793.462769 0.639678 0.913550 -1
0 -99.875229 249.969971 1339.197266 0.418971 0.865985 -1
0 97.275124 249.969971 1339.043457 0.434761 0.865985 -1
0 -99.773895 209.369629 1339.095337 0.466000 0.872493 -1
0 1.256409 154.311905 1219.688843 0.466000 0.872493 -1
0 97.376221 209.369629 1338.939331 0.466000 0.872493 -1
8
0.507311 0.861763 -0.000003
0.000711 -0.423649 0.905826
0.000592 -0.662470 0.749088
0.000097 -0.992495 0.122285
-0.044607 -0.999005 0.000004
0.000785 -0.000042 1.000000
0.000780 -0.000066 1.000000
0.000332 -0.908006 0.418957
6
0 0 1 2 0 0 0 1
0 3 4 5 1 2 3 1
0 6 7 8 4 4 4 1
0 3 9 4 1 5 2 1
0 3 10 9 1 6 5 1
0 11 12 13 7 7 7 1
"back" 0 5
35
0 51.406059 -0.100230 -1093.832275 0.193699 0.905121 -1
0 -32.830841 101.440582 -1183.339111 0.200113 0.879164 -1
0 133.648407 -0.098124 -1093.830078 0.187434 0.905119 -1
0 -29.932068 -0.097117 -1093.830078 0.199893 0.905119 -1
0 -33.251190 209.268555 -1228.012085 0.202569 0.845691 -1
0 230.805038 209.268555 -1165.405029 0.182460 0.845691 -1
0 160.477264 153.678177 -1183.338379 0.185392 0.851872 -1
0 230.844971 209.268555 -805.787781 0.182457 0.845691 -1
0 364.798798 249.969971 -748.327332 0.172255 0.835286 -1
0 364.798340 209.268555 -748.327332 0.172255 0.845691 -1
0 230.844574 249.969971 -805.789429 0.182457 0.835286 -1
0 230.805420 249.969971 -1165.406006 0.182460 0.835286 -1
0 -33.251190 249.969971 -1228.013794 0.202569 0.835286 -1
0 160.469757 153.678711 -1183.342041 0.185393 0.851872 -1
0 -32.830658 153.676468 -1183.341064 0.200113 0.851874 -1
0 -33.150116 209.369629 -1228.113281 0.202561 0.845665 -1
0 160.467529 101.880844 -1183.339111 0.185393 0.879053 -1
0 -32.825562 101.440079 -1183.339478 0.200113 0.879164 -1
0 -32.825562 153.680893 -1183.342041 0.200113 0.851872 -1
0 315.838867 436.001251 -386.946960 0.443118 0.621717 -1
0 226.182663 236.975861 -386.946960 0.457341 0.699665 -1
0 226.182663 436.001251 -386.946960 0.457300 0.621717 -1
0 315.838867 236.975861 -386.946960 0.443214 0.699665 -1
0 298.475555 474.235779 -337.786377 0.445864 0.599836 -1
0 252.510071 431.272827 -337.786377 0.453136 0.624423 -1
0 252.510071 474.235779 -337.786377 0.453136 0.599836 -1
0 298.475555 431.272827 -337.786377 0.445864 0.624423 -1
0 342.789124 368.345337 -414.230377 0.438856 0.660436 -1
0 201.239365 348.884094 -414.230377 0.461245 0.671575 -1
0 201.239365 368.345337 -414.230377 0.461245 0.660436 -1
0 342.789124 348.884094 -414.230377 0.438856 0.671575 -1
0 342.812592 449.030640 -135.831146 0.438852 0.614261 -1
0 201.287170 355.166199 -187.305939 0.461237 0.667979 -1
0 201.287170 449.030640 -135.831146 0.461237 0.614261 -1
0 342.812592 355.166199 -187.305939 0.438852 0.667979 -1
19
-0.000004 -0.661258 -0.750158
0.000498 -0.660801 -0.750561
0.000770 -0.660562 -0.750771
-0.000046 -0.661277 -0.750142
0.230696 0.007321 -0.972998
0.230688 0.011002 -0.972966
0.230646 0.022028 -0.972788
0.394224 -0.000019 -0.919015
0.394220 -0.000004 -0.919016
0.394227 -0.000033 -0.919013
0.230703 -0.000033 -0.973024
0.230704 -0.000041 -0.973024
0.000002 -0.219945 -0.975512
0.000003 -0.626551 -0.779381
0.000804 -0.352612 -0.935769
0.000001 -0.000053 -1.000000
-0.000000 -0.000049 -1.000000
0.000000 0.000000 -1.000000
0.000000 0.480838 -0.876809
19
0 0 1 2 0 1 2 1
0 3 1 0 3 1 0 1
0 4 5 6 4 5 6 1
0 7 8 9 7 7 8 1
0 7 10 8 7 9 7 1
0 4 11 5 4 10 5 1
0 4 12 11 4 11 10 1
0 13 14 15 12 13 13 1
0 2 1 16 2 1 14 1
0 13 17 18 12 15 16 1
0 13 16 17 12 14 15 1
0 19 20 21 17 17 17 1
0 19 22 20 17 17 17 1
0 23 24 25 17 17 17 1
0 23 26 24 17 17 17 1
0 27 28 29 17 17 17 1
0 27 30 28 17 17 17 1
0 31 32 33 18 18 18 1
0 31 34 32 18 18 18 1

Materials: 6
"lside"
0.800000 0.800000 0.800000 1.000000
0.800000 0.800000 0.800000 1.000000
0.000000 0.000000 0.000000 1.000000
0.047059 0.047059 0.047059 1.000000
0.000000
1.000000
".\nimitz.bmp"
""
"top"
0.800000 0.800000 0.800000 1.000000
0.800000 0.800000 0.800000 1.000000
0.000000 0.000000 0.000000 1.000000
0.000000 0.000000 0.000000 1.000000
0.000000
1.000000
".\nimitz.bmp"
""
"rside"
0.800000 0.800000 0.800000 1.000000
0.800000 0.800000 0.800000 1.000000
0.000000 0.000000 0.000000 1.000000
0.000000 0.000000 0.000000 1.000000
0.000000
1.000000
".\nimitz.bmp"
""
"front"
0.800000 0.800000 0.800000 1.000000
0.800000 0.800000 0.800000 1.000000
0.000000 0.000000 0.000000 1.000000
0.000000 0.000000 0.000000 1.000000
0.000000
1.000000
".\nimitz.bmp"
""
"grey"
0.800000 0.800000 0.800000 1.000000
0.800000 0.800000 0.800000 1.000000
0.000000 0.000000 0.000000 1.000000
0.000000 0.000000 0.000000 1.000000
0.000000
1.000000
".\nimitz.bmp"
""
"back"
0.800000 0.800000 0.800000 1.000000
0.800000 0.800000 0.800000 1.000000
0.000000 0.000000 0.000000 1.000000
0.000000 0.000000 0.000000 1.000000
0.000000
1.000000
".\nimitz.bmp"
""

Bones: 0
GroupComments: 0
MaterialComments: 0
BoneComments: 0
ModelComment: 0
