// MilkShape 3D ASCII

Frames: 30
Frame: 1

Meshes: 5
"gunMissile1" 0 0
55
0 2.169783 102.837631 -0.263189 0.000000 0.000000 -1
0 1.084891 102.837631 -2.142278 0.000000 0.000000 -1
0 -0.000000 112.313843 -0.263189 0.000000 0.000000 -1
0 4.449240 -10.877401 -0.263204 0.000000 0.000000 -1
0 -0.000000 -10.877401 -0.263204 0.000000 0.000000 -1
0 2.224620 -10.877401 -4.116354 0.000000 0.000000 -1
0 2.169783 102.837631 -0.263189 0.000000 1.000000 -1
0 3.442737 96.068848 -0.263189 0.000000 0.800000 -1
0 1.084891 102.837631 -2.142278 0.166667 1.000000 -1
0 1.721368 96.068848 -3.244695 0.166667 0.800000 -1
0 4.683411 83.885117 -0.263189 0.000000 0.600000 -1
0 2.341705 83.885132 -4.319143 0.166667 0.600000 -1
0 5.189375 72.603851 -0.263189 0.000000 0.400000 -1
0 2.594687 72.603851 -4.757314 0.166667 0.400000 -1
0 5.189375 -3.206167 -0.263189 0.000000 0.200000 -1
0 2.594687 -3.206152 -4.757314 0.166667 0.200000 -1
0 2.224620 -10.877401 -4.116354 0.166667 0.000000 -1
0 -1.084891 102.837631 -2.142278 0.000000 0.000000 -1
0 -2.224620 -10.877401 -4.116354 0.000000 0.000000 -1
0 -1.721368 96.068848 -3.244695 0.333333 0.800000 -1
0 -1.084891 102.837631 -2.142278 0.333333 1.000000 -1
0 -2.341705 83.885132 -4.319143 0.333333 0.600000 -1
0 -2.594687 72.603851 -4.757314 0.333333 0.400000 -1
0 -2.594687 -3.206152 -4.757314 0.333333 0.200000 -1
0 -2.224620 -10.877401 -4.116354 0.333333 0.000000 -1
0 -2.169783 102.837631 -0.263189 0.000000 0.000000 -1
0 -4.449240 -10.877401 -0.263204 0.000000 0.000000 -1
0 -2.169783 102.837631 -0.263189 0.500000 1.000000 -1
0 -3.442737 96.068848 -0.263189 0.500000 0.800000 -1
0 -4.683411 83.885117 -0.263189 0.500000 0.600000 -1
0 -5.189375 72.603851 -0.263189 0.500000 0.400000 -1
0 -5.189375 -3.206167 -0.263189 0.500000 0.200000 -1
0 -4.449240 -10.877401 -0.263204 0.500000 0.000000 -1
0 -1.084891 102.837631 1.615901 0.000000 0.000000 -1
0 -2.224620 -10.877401 3.589945 0.000000 0.000000 -1
0 -1.721368 96.068848 2.718302 0.666667 0.800000 -1
0 -1.084891 102.837631 1.615901 0.666667 1.000000 -1
0 -2.341705 83.885117 3.792750 0.666667 0.600000 -1
0 -2.594687 72.603851 4.230921 0.666667 0.400000 -1
0 -2.594687 -3.206152 4.230906 0.666667 0.200000 -1
0 -2.224620 -10.877401 3.589945 0.666667 0.000000 -1
0 1.084891 102.837631 1.615901 0.000000 0.000000 -1
0 2.224620 -10.877401 3.589945 0.000000 0.000000 -1
0 1.084891 102.837631 1.615901 0.833333 1.000000 -1
0 1.721368 96.068848 2.718302 0.833333 0.800000 -1
0 2.341705 83.885117 3.792750 0.833333 0.600000 -1
0 2.594687 72.603851 4.230921 0.833333 0.400000 -1
0 2.594687 -3.206152 4.230906 0.833333 0.200000 -1
0 2.224620 -10.877401 3.589945 0.833333 0.000000 -1
0 3.442737 96.068848 -0.263189 1.000000 0.800000 -1
0 2.169783 102.837631 -0.263189 1.000000 1.000000 -1
0 4.683411 83.885117 -0.263189 1.000000 0.600000 -1
0 5.189375 72.603851 -0.263189 1.000000 0.400000 -1
0 5.189375 -3.206167 -0.263189 1.000000 0.200000 -1
0 4.449240 -10.877401 -0.263204 1.000000 0.000000 -1
44
0.974774 0.223195 0.000000
0.487387 0.223196 -0.844179
0.000000 1.000000 0.000000
0.000000 -1.000000 0.000000
0.982772 0.184822 0.000000
0.989686 0.143255 0.000001
0.491386 0.184823 -0.851105
0.494844 0.143255 -0.857093
0.997325 0.073100 0.000001
0.498663 0.073099 -0.863708
0.999749 0.022411 0.000001
0.499874 0.022411 -0.865808
0.998842 -0.048101 0.000001
0.499421 -0.048100 -0.865023
0.995378 -0.096035 0.000001
0.497689 -0.096034 -0.862023
-0.487387 0.223196 -0.844179
-0.494843 0.143255 -0.857093
-0.491386 0.184823 -0.851105
-0.498662 0.073099 -0.863708
-0.499874 0.022411 -0.865808
-0.499421 -0.048100 -0.865023
-0.497689 -0.096034 -0.862023
-0.974774 0.223195 0.000000
-0.982772 0.184822 0.000001
-0.989686 0.143255 0.000001
-0.997325 0.073099 0.000001
-0.999749 0.022411 0.000001
-0.998842 -0.048101 0.000001
-0.995378 -0.096036 -0.000000
-0.487387 0.223196 0.844179
-0.494843 0.143254 0.857093
-0.491386 0.184821 0.851106
-0.498662 0.073099 0.863709
-0.499873 0.022411 0.865808
-0.499420 -0.048100 0.865024
-0.497688 -0.096035 0.862023
0.487387 0.223196 0.844179
0.491386 0.184822 0.851106
0.494843 0.143254 0.857093
0.498662 0.073099 0.863709
0.499874 0.022411 0.865808
0.499420 -0.048101 0.865024
0.497689 -0.096034 0.862023
72
0 0 1 2 0 1 2 2
0 3 4 5 3 3 3 2
0 6 7 8 4 5 6 1
0 7 9 8 5 7 6 1
0 7 10 11 5 8 9 1
0 7 11 9 5 9 7 1
0 10 12 11 8 10 9 1
0 12 13 11 10 11 9 1
0 12 14 15 10 12 13 1
0 12 15 13 10 13 11 1
0 14 3 15 12 14 13 1
0 3 16 15 14 15 13 1
0 1 17 2 1 16 2 2
0 5 4 18 3 3 3 2
0 8 9 19 6 7 17 1
0 8 19 20 6 17 18 1
0 9 11 19 7 9 17 1
0 11 21 19 9 19 17 1
0 11 13 22 9 11 20 1
0 11 22 21 9 20 19 1
0 13 15 22 11 13 20 1
0 15 23 22 13 21 20 1
0 15 16 24 13 15 22 1
0 15 24 23 13 22 21 1
0 17 25 2 16 23 2 2
0 18 4 26 3 3 3 2
0 20 19 27 18 17 24 1
0 19 28 27 17 25 24 1
0 19 21 29 17 19 26 1
0 19 29 28 17 26 25 1
0 21 22 29 19 20 26 1
0 22 30 29 20 27 26 1
0 22 23 31 20 21 28 1
0 22 31 30 20 28 27 1
0 23 24 31 21 22 28 1
0 24 32 31 22 29 28 1
0 25 33 2 23 30 2 2
0 26 4 34 3 3 3 2
0 27 28 35 24 25 31 1
0 27 35 36 24 31 32 1
0 28 29 35 25 26 31 1
0 29 37 35 26 33 31 1
0 29 30 38 26 27 34 1
0 29 38 37 26 34 33 1
0 30 31 38 27 28 34 1
0 31 39 38 28 35 34 1
0 31 32 40 28 29 36 1
0 31 40 39 28 36 35 1
0 33 41 2 30 37 2 2
0 34 4 42 3 3 3 2
0 36 35 43 32 31 38 1
0 35 44 43 31 39 38 1
0 35 37 45 31 33 40 1
0 35 45 44 31 40 39 1
0 37 38 45 33 34 40 1
0 38 46 45 34 41 40 1
0 38 39 47 34 35 42 1
0 38 47 46 34 42 41 1
0 39 40 47 35 36 42 1
0 40 48 47 36 43 42 1
0 41 0 2 37 0 2 2
0 42 4 3 3 3 3 2
0 43 44 49 38 39 5 1
0 43 49 50 38 5 4 1
0 44 45 49 39 40 5 1
0 45 51 49 40 8 5 1
0 45 46 52 40 41 10 1
0 45 52 51 40 10 8 1
0 46 47 52 41 42 10 1
0 47 53 52 42 12 10 1
0 47 48 54 42 43 14 1
0 47 54 53 42 14 12 1
"gunfin" 0 0
15
0 -9.772633 8.501917 -9.976552 0.000000 0.000000 -1
0 -3.812624 8.501917 -3.013753 0.000000 0.000000 -1
0 -3.359089 45.504410 -3.563009 0.000000 0.000000 -1
0 -9.772633 -3.230589 -9.976552 0.000000 0.000000 -1
0 -5.145945 -3.230589 -5.349874 0.000000 0.000000 -1
0 -3.812624 -3.230589 -3.013753 0.000000 0.000000 -1
0 -9.772634 2.410036 -9.976552 0.000000 0.500000 -1
0 -3.812620 2.410051 -3.013753 0.333333 0.500000 -1
0 -3.812624 -3.230589 -3.013753 0.333333 0.000000 -1
0 -2.809835 -3.230589 -4.016546 0.000000 0.000000 -1
0 -2.809830 8.501909 -4.016546 0.000000 0.000000 -1
0 -2.809834 2.410051 -4.016546 0.666667 0.500000 -1
0 -2.809835 -3.230589 -4.016546 0.666667 0.000000 -1
0 -9.772634 2.410036 -9.976552 1.000000 0.500000 -1
0 -9.772633 -3.230589 -9.976552 1.000000 0.000000 -1
10
-0.686776 0.238074 -0.686775
-0.759557 0.018961 0.650165
0.000000 -1.000000 0.000000
0.528367 -0.000000 -0.849016
-0.849016 0.000001 0.528368
-0.759693 0.000000 0.650282
-0.759693 0.000001 0.650281
0.650164 0.018961 -0.759557
0.650281 -0.000000 -0.759694
0.650281 0.000000 -0.759694
9
0 0 1 2 0 1 0 2
0 3 4 5 2 2 2 2
0 6 3 7 3 4 5 1
0 3 8 7 4 6 5 1
0 5 4 9 2 2 2 2
0 10 0 2 7 0 0 2
0 9 4 3 2 2 2 2
0 11 12 13 8 9 3 1
0 12 14 13 9 4 3 1
"gunfin" 0 0
15
0 3.359076 45.504410 3.155161 0.000000 0.000000 -1
0 2.809820 8.501917 3.608698 0.000000 0.000000 -1
0 9.772625 8.501917 9.568660 0.000000 0.000000 -1
0 2.809820 -3.230589 3.608698 0.000000 0.000000 -1
0 5.145937 -3.230589 4.941981 0.000000 0.000000 -1
0 9.772625 -3.230589 9.568660 0.000000 0.000000 -1
0 2.809810 2.410051 3.608683 0.333333 0.500000 -1
0 9.772624 2.410036 9.568660 0.000000 0.500000 -1
0 2.809820 -3.230589 3.608698 0.333333 0.000000 -1
0 3.812610 -3.230589 2.605906 0.000000 0.000000 -1
0 3.812599 8.501909 2.605891 0.000000 0.000000 -1
0 9.772624 2.410036 9.568660 1.000000 0.500000 -1
0 3.812610 -3.230589 2.605906 0.666667 0.000000 -1
0 3.812611 2.410051 2.605906 0.666667 0.500000 -1
0 9.772625 -3.230589 9.568660 1.000000 0.000000 -1
10
0.686778 0.238073 0.686773
-0.650161 0.018961 0.759560
0.000000 -1.000000 0.000000
-0.650278 0.000000 0.759696
-0.528364 0.000001 0.849018
0.849014 -0.000000 -0.528370
-0.650278 0.000001 0.759696
0.759554 0.018961 -0.650167
0.759691 0.000000 -0.650284
0.759691 -0.000000 -0.650284
9
0 0 1 2 0 1 0 2
0 3 4 5 2 2 2 2
0 6 5 7 3 4 5 1
0 6 8 5 3 6 4 1
0 9 4 3 2 2 2 2
0 0 2 10 0 0 7 2
0 5 4 9 2 2 2 2
0 11 12 13 5 8 9 1
0 11 14 12 5 4 8 1
"gunfin" 0 0
30
0 -9.772621 8.501917 9.568660 0.000000 0.000000 -1
0 -2.809824 8.501917 3.608683 0.000000 0.000000 -1
0 -3.359085 45.504410 3.155146 0.000000 0.000000 -1
0 -9.772621 -3.230589 9.568660 0.000000 0.000000 -1
0 -5.145941 -3.230589 4.941981 0.000000 0.000000 -1
0 -2.809824 -3.230589 3.608683 0.000000 0.000000 -1
0 -9.772621 2.410036 9.568660 0.000000 0.500000 -1
0 -2.809826 2.410051 3.608683 0.333333 0.500000 -1
0 -2.809824 -3.230589 3.608683 0.333333 0.000000 -1
0 -3.812620 -3.230589 2.605906 0.000000 0.000000 -1
0 -3.812615 8.501909 2.605891 0.000000 0.000000 -1
0 -3.812620 2.410051 2.605906 0.666667 0.500000 -1
0 -3.812620 -3.230589 2.605906 0.666667 0.000000 -1
0 -9.772621 2.410036 9.568660 1.000000 0.500000 -1
0 -9.772621 -3.230589 9.568660 1.000000 0.000000 -1
0 3.359087 45.504410 -3.563009 0.000000 0.000000 -1
0 3.812621 8.501917 -3.013753 0.000000 0.000000 -1
0 9.772629 8.501917 -9.976567 0.000000 0.000000 -1
0 3.812621 -3.230589 -3.013753 0.000000 0.000000 -1
0 5.145940 -3.230589 -5.349874 0.000000 0.000000 -1
0 9.772629 -3.230589 -9.976567 0.000000 0.000000 -1
0 3.812609 2.410051 -3.013753 0.333333 0.500000 -1
0 9.772629 2.410036 -9.976567 0.000000 0.500000 -1
0 3.812621 -3.230589 -3.013753 0.333333 0.000000 -1
0 2.809825 -3.230589 -4.016546 0.000000 0.000000 -1
0 2.809821 8.501909 -4.016531 0.000000 0.000000 -1
0 9.772629 2.410036 -9.976567 1.000000 0.500000 -1
0 2.809825 -3.230589 -4.016546 0.666667 0.000000 -1
0 2.809826 2.410051 -4.016546 0.666667 0.500000 -1
0 9.772629 -3.230589 -9.976567 1.000000 0.000000 -1
19
-0.686777 0.238073 0.686774
0.650163 0.018961 0.759558
0.000000 -1.000000 0.000000
-0.849014 0.000000 -0.528370
0.528365 0.000000 0.849017
0.650280 0.000000 0.759695
0.650280 0.000000 0.759695
-0.759556 0.018961 -0.650166
-0.759692 0.000000 -0.650283
-0.759692 0.000000 -0.650283
0.686774 0.238074 -0.686776
0.759558 0.018961 0.650164
0.759694 0.000001 0.650281
0.849016 0.000002 0.528367
-0.528368 0.000000 -0.849015
0.759694 0.000002 0.650281
-0.650166 0.018961 -0.759556
-0.650282 0.000000 -0.759693
-0.650282 0.000000 -0.759693
18
0 0 1 2 0 1 0 2
0 3 4 5 2 2 2 2
0 6 3 7 3 4 5 1
0 3 8 7 4 6 5 1
0 5 4 9 2 2 2 2
0 10 0 2 7 0 0 2
0 9 4 3 2 2 2 2
0 11 12 13 8 9 3 1
0 12 14 13 9 4 3 1
0 15 16 17 10 11 10 2
0 18 19 20 2 2 2 2
0 21 20 22 12 13 14 1
0 21 23 20 12 15 13 1
0 24 19 18 2 2 2 2
0 15 17 25 10 10 16 2
0 20 19 24 2 2 2 2
0 26 27 28 14 17 18 1
0 26 29 27 14 13 17 1
"Cylinder01" 0 1
26
0 8.292755 -29.670368 0.164819 0.499764 0.251033 -1
0 4.146378 -29.670368 7.346553 0.037523 0.251033 -1
1 0.000000 -97.686195 0.164819 0.499764 0.983127 -1
0 8.292755 -17.035364 0.164819 0.499764 0.115035 -1
1 0.000000 -6.352867 0.164819 0.499764 0.000053 -1
0 4.146378 -17.035364 7.346553 0.037523 0.115035 -1
0 4.146378 -29.670368 7.346553 1.003198 0.248191 -1
1 -4.146378 -29.670368 7.346553 1.003198 0.248191 -1
1 0.000000 -97.686195 0.164819 0.500078 0.971892 -1
0 4.146378 -17.035364 7.346553 1.003198 0.113752 -1
1 0.000000 -6.352867 0.164819 0.500078 0.000088 -1
1 -4.146378 -17.035364 7.346553 1.003198 0.113752 -1
1 -4.146378 -29.670368 7.346553 0.125597 0.258635 -1
1 -8.292755 -29.670368 0.164819 0.531693 0.258635 -1
1 0.000000 -97.686195 0.164819 0.531693 0.977118 -1
1 -4.146378 -17.035364 7.346553 0.125597 0.125165 -1
1 0.000000 -6.352867 0.164819 0.531693 0.012321 -1
1 -8.292755 -17.035364 0.164819 0.531693 0.125165 -1
1 -4.146378 -29.670368 -7.016917 0.937788 0.258635 -1
1 -4.146378 -17.035364 -7.016917 0.937788 0.125165 -1
1 -4.146378 -29.670368 -7.016917 -0.003042 0.248191 -1
0 4.146378 -29.670368 -7.016917 -0.003042 0.248191 -1
1 -4.146378 -17.035364 -7.016917 -0.003042 0.113752 -1
0 4.146378 -17.035364 -7.016917 -0.003042 0.113752 -1
0 4.146378 -29.670368 -7.016917 0.962005 0.251033 -1
0 4.146378 -17.035364 -7.016917 0.962005 0.115035 -1
23
0.992649 -0.121028 0.000000
0.496325 -0.121028 0.859659
0.000000 -1.000000 0.000000
0.789920 0.613210 0.000000
0.000000 1.000000 0.000000
0.394960 0.613210 0.684091
1.000000 0.000000 0.000000
1.000000 0.000000 0.000000
0.500000 0.000000 0.866025
-0.496325 -0.121028 0.859659
-0.394960 0.613210 0.684091
-0.500000 0.000000 0.866025
-0.500000 0.000000 0.866025
-0.992649 -0.121028 0.000000
-0.789920 0.613210 0.000000
-1.000000 0.000000 0.000000
-1.000000 0.000000 0.000000
-0.496325 -0.121028 -0.859659
-0.394960 0.613210 -0.684091
-0.500000 0.000000 -0.866025
0.496325 -0.121028 -0.859659
0.394960 0.613210 -0.684091
0.500000 0.000000 -0.866025
24
0 0 1 2 0 1 2 2
0 3 4 5 3 4 5 2
0 0 3 1 6 7 8 1
0 3 5 1 7 8 8 1
0 6 7 8 1 9 2 2
0 9 10 11 5 4 10 2
0 6 9 11 8 8 11 1
0 6 11 7 8 11 12 1
1 12 13 14 9 13 2 2
1 15 16 17 10 4 14 2
1 12 15 13 12 11 15 1
1 15 17 13 11 16 15 1
1 13 18 14 13 17 2 2
1 17 16 19 14 4 18 2
1 13 17 19 15 16 19 1
1 13 19 18 15 19 19 1
0 20 21 8 17 20 2 2
0 22 10 23 18 4 21 2
0 20 22 21 19 19 22 1
0 22 23 21 19 22 22 1
0 24 0 2 20 0 2 2
0 25 4 3 21 4 3 2
0 24 25 3 22 22 7 1
0 24 3 0 22 7 6 1

Materials: 2
"Material01"
0.800000 0.800000 0.800000 1.000000
0.800000 0.800000 0.800000 1.000000
1.000000 1.000000 1.000000 1.000000
0.000000 0.000000 0.000000 1.000000
94.000000
1.000000
".\white.bmp"
""
"flame"
0.800000 0.800000 0.800000 1.000000
0.800000 0.800000 0.800000 1.000000
0.000000 0.000000 0.000000 1.000000
0.000000 0.000000 0.000000 1.000000
0.000000
1.000000
".\yellow.bmp"
".\gradient.bmp"

Bones: 0
