// MilkShape 3D ASCII

Frames: 1
Frame: 1

Meshes: 1
"1" 0 0
227
0 -6.650441 -1.637703 -34.637093 0.838794 0.938929 -1
0 -11.554407 6.315848 -48.111042 0.933425 0.803576 -1
0 0.048504 6.275093 -50.445984 0.709526 0.804270 -1
0 0.048504 -1.720894 -36.653385 0.709526 0.940344 -1
0 6.747449 -1.637702 -34.637093 0.580258 0.938929 -1
0 11.651417 6.315851 -48.111042 0.485628 0.803576 -1
0 -14.845128 15.801657 -50.566151 0.996925 0.642150 -1
0 0.048504 15.801657 -53.947895 0.709526 0.642150 -1
0 14.942136 15.801657 -50.566151 0.422128 0.642150 -1
0 -13.853447 21.240194 -50.537189 0.977790 0.549599 -1
0 0.048504 21.240194 -53.965439 0.709526 0.549599 -1
0 13.950459 21.240194 -50.537189 0.441264 0.549599 -1
0 0.048504 -1.770590 33.166233 0.374017 1.039284 -1
0 0.048504 6.341002 50.396572 0.100943 0.924189 -1
0 -4.823293 -1.770590 28.654690 0.440926 1.033741 -1
0 -8.389689 12.603952 44.212067 0.179125 0.811378 -1
0 -14.566877 8.546963 27.516071 0.435510 0.859017 -1
0 -8.389692 -1.770600 16.328949 0.623726 1.018596 -1
0 -9.695082 -1.770590 -0.009200 0.866034 0.998521 -1
0 -16.827896 7.429770 -0.100539 0.847500 0.843850 -1
0 -14.566875 6.298788 -29.456604 1.285317 0.826779 -1
0 -8.389692 -1.770600 -17.345592 1.123144 0.977219 -1
0 -6.650441 -1.637703 -34.637093 1.379305 0.953740 -1
0 -11.554407 6.315848 -48.111042 1.561938 0.803571 -1
0 0.048504 18.606630 58.221813 -0.041625 0.727753 -1
0 -9.664087 18.607027 54.214050 0.017812 0.722822 -1
0 -17.449230 18.607023 29.072163 0.390685 0.691928 -1
0 -20.156147 18.607027 -0.077476 0.822997 0.656111 -1
0 -17.449230 15.802050 -29.227119 1.261369 0.667414 -1
0 -14.845128 15.801657 -50.566151 1.577847 0.641202 -1
0 0.048504 29.117323 64.707657 -0.160535 0.559153 -1
0 -11.623948 28.118135 56.692158 -0.039500 0.566088 -1
0 -20.168777 26.327330 31.424282 0.339113 0.565125 -1
0 -19.045475 23.256395 0.058130 0.810934 0.578173 -1
0 -16.487358 21.240194 -29.224354 1.249574 0.576063 -1
0 -13.853447 21.240194 -50.537189 1.565661 0.549875 -1
0 9.792093 -1.770586 -0.009200 0.925093 0.999252 -1
0 16.924892 7.429770 -0.100539 0.894361 0.842023 -1
0 14.663892 8.546957 27.516071 0.466465 0.859080 -1
0 8.486698 -1.770602 16.328949 0.674256 1.020629 -1
0 4.920299 -1.770592 28.654690 0.485021 1.036756 -1
0 8.486698 12.603952 44.212067 0.195964 0.811647 -1
0 0.048504 6.341002 50.396572 0.122889 0.926687 -1
0 0.048504 -1.770590 33.166233 0.415756 1.042658 -1
0 6.747449 -1.637702 -34.637093 1.456265 0.951673 -1
0 11.651417 6.315851 -48.111042 1.635349 0.798227 -1
0 14.663892 6.298791 -29.456604 1.349011 0.822927 -1
0 8.486698 -1.770602 -17.345592 1.191256 0.976567 -1
0 20.253159 18.607023 -0.077476 0.854967 0.651187 -1
0 17.546242 18.607027 29.072163 0.407437 0.689327 -1
0 9.761100 18.607027 54.214050 0.021438 0.722223 -1
0 0.048504 18.606630 58.221813 -0.040090 0.727475 -1
0 14.942136 15.801657 -50.566151 1.639909 0.633032 -1
0 17.546238 15.802050 -29.227119 1.312296 0.660946 -1
0 19.142479 23.256399 0.058130 0.836646 0.571970 -1
0 20.265778 26.327333 31.424282 0.344361 0.560571 -1
0 11.720954 28.118135 56.692158 -0.049828 0.563052 -1
0 0.048504 29.117323 64.707657 -0.176378 0.556477 -1
0 13.950459 21.240194 -50.537189 1.620471 0.540201 -1
0 16.584366 21.240198 -29.224354 1.293259 0.568087 -1
0 0.048504 19.055723 0.018284 0.185373 0.230443 -1
0 13.110308 18.974302 28.330048 0.282493 0.309164 -1
0 15.130981 18.974306 0.018284 0.297517 0.230443 -1
0 7.589740 18.974298 49.055721 0.241445 0.366791 -1
0 0.048504 18.974306 56.641827 0.185373 0.387884 -1
0 -7.492735 18.974302 49.055721 0.129300 0.366791 -1
0 -13.013296 18.974302 28.330048 0.088252 0.309164 -1
0 -15.033971 18.974306 0.018284 0.073228 0.230443 -1
0 -13.013296 18.974298 -28.293484 0.088252 0.151722 -1
0 -11.481586 18.974298 -49.019131 0.099641 0.094094 -1
0 0.048504 18.974306 -51.843609 0.185373 0.086241 -1
0 11.578597 18.974298 -49.019131 0.271103 0.094094 -1
0 13.110306 18.974302 -28.293484 0.282493 0.151722 -1
0 -10.494965 38.818943 3.426352 0.431196 0.169606 -1
0 -10.494965 38.818943 28.126328 0.431196 0.238284 -1
0 11.115187 38.818951 3.426352 0.591876 0.169606 -1
0 11.115187 38.818951 28.126328 0.591876 0.238284 -1
0 -7.147397 21.831274 -36.577324 0.660515 0.255598 -1
0 -7.147397 21.831274 -20.433437 0.660515 0.545041 -1
0 7.767618 21.831270 -36.577324 0.997679 0.255598 -1
0 7.767618 21.831270 -20.433437 0.997679 0.545041 -1
0 -5.516569 41.818417 8.963169 0.481885 0.405704 -1
0 -5.516569 41.818417 21.797981 0.481885 0.441392 -1
0 6.707220 41.818417 8.963169 0.572773 0.405704 -1
0 6.707220 41.818417 21.797981 0.572773 0.441392 -1
0 11.115187 38.818951 28.126328 0.998494 0.062353 -1
0 9.641741 30.751162 26.481121 0.972361 0.228862 -1
0 11.115187 38.818951 3.426352 0.606152 0.062353 -1
0 9.641741 30.751162 5.285544 0.635685 0.228862 -1
0 -10.494965 38.818943 3.426352 0.606152 0.062353 -1
0 -9.021519 30.751162 5.285544 0.635685 0.228862 -1
0 -10.494965 38.818943 28.126328 0.998494 0.062353 -1
0 -9.021519 30.751162 26.481121 0.972361 0.228862 -1
0 -10.494965 38.818943 28.126328 0.618740 0.061062 -1
0 -9.021519 30.751162 26.481121 0.644729 0.229105 -1
0 11.115187 38.818951 28.126328 0.999902 0.061062 -1
0 9.641741 30.751162 26.481121 0.973913 0.229105 -1
0 11.115187 38.818951 3.426352 0.999902 0.061062 -1
0 9.641741 30.751162 5.285544 0.973913 0.229105 -1
0 -10.494965 38.818943 3.426352 0.618740 0.061062 -1
0 -9.021519 30.751162 5.285544 0.644729 0.229105 -1
0 -39.870354 71.328644 -39.660069 0.453519 0.131765 -1
0 -41.241882 70.913483 -39.541523 0.451145 0.132203 -1
0 -40.054115 71.551598 -39.504063 0.453201 0.132342 -1
0 -0.016694 26.224558 -5.866008 0.522524 0.256735 -1
0 -0.200454 26.636583 -5.105454 0.522205 0.259547 -1
0 -40.556122 71.603653 -39.358093 0.452332 0.132882 -1
0 -0.702458 26.732702 -4.393800 0.521336 0.262179 -1
0 -41.241859 71.470718 -39.261288 0.451145 0.133240 -1
0 -1.388220 26.487150 -3.921784 0.520149 0.263925 -1
0 -41.927643 71.188576 -39.239574 0.449957 0.133321 -1
0 -2.073984 25.965734 -3.815843 0.518962 0.264315 -1
0 -42.429657 70.832611 -39.298756 0.449088 0.133102 -1
0 -2.575994 25.308165 -4.104400 0.518093 0.263249 -1
0 -42.613403 70.498398 -39.422981 0.448770 0.132642 -1
0 -2.759738 24.690622 -4.710103 0.517774 0.261009 -1
0 -42.429657 70.275375 -39.578964 0.449088 0.132065 -1
0 -2.575994 24.278608 -5.470670 0.518093 0.258197 -1
0 -41.927635 70.223343 -39.724953 0.449957 0.131526 -1
0 -2.073984 24.182474 -6.182318 0.518962 0.255566 -1
0 -41.241859 70.356293 -39.821751 0.451145 0.131168 -1
0 -1.388220 24.428030 -6.654340 0.520149 0.253820 -1
0 -40.556122 70.638428 -39.843460 0.452332 0.131088 -1
0 -0.702459 24.949450 -6.760274 0.521336 0.253428 -1
0 -40.054108 70.994377 -39.784283 0.453201 0.131306 -1
0 -0.200454 25.607023 -6.471712 0.522205 0.254495 -1
0 40.674332 71.551598 -39.504063 0.592977 0.132342 -1
0 41.862091 70.913498 -39.541523 0.595035 0.132203 -1
0 40.490585 71.328629 -39.660069 0.592660 0.131765 -1
0 0.820677 26.636580 -5.105454 0.523973 0.259547 -1
0 0.636916 26.224562 -5.866008 0.523655 0.256735 -1
0 41.176346 71.603653 -39.358093 0.593847 0.132882 -1
0 1.322680 26.732698 -4.393800 0.524843 0.262179 -1
0 41.862091 71.470703 -39.261288 0.595035 0.133240 -1
0 2.008443 26.487146 -3.921784 0.526030 0.263925 -1
0 42.547882 71.188568 -39.239574 0.596222 0.133321 -1
0 2.694205 25.965731 -3.815843 0.527217 0.264315 -1
0 43.049881 70.832634 -39.298756 0.597091 0.133102 -1
0 3.196214 25.308165 -4.104400 0.528087 0.263249 -1
0 43.233627 70.498398 -39.422981 0.597410 0.132642 -1
0 3.379959 24.690622 -4.710103 0.528404 0.261009 -1
0 43.049881 70.275375 -39.578964 0.597091 0.132065 -1
0 3.196215 24.278608 -5.470670 0.528087 0.258197 -1
0 42.547874 70.223328 -39.724953 0.596222 0.131526 -1
0 2.694206 24.182474 -6.182318 0.527217 0.255566 -1
0 41.862099 70.356308 -39.821751 0.595035 0.131168 -1
0 2.008443 24.428030 -6.654340 0.526030 0.253820 -1
0 41.176346 70.638420 -39.843460 0.593847 0.131088 -1
0 1.322680 24.949450 -6.760274 0.524843 0.253428 -1
0 40.674316 70.994362 -39.784283 0.592977 0.131306 -1
0 0.820677 25.607027 -6.471712 0.523973 0.254495 -1
0 4.914793 66.774017 10.764124 0.198770 0.538410 -1
0 4.914794 23.786711 10.764124 0.198770 0.538410 -1
0 6.163293 66.774025 10.764124 0.200863 0.538410 -1
0 6.163294 23.786711 10.764124 0.200863 0.538410 -1
0 6.163293 66.774025 9.617907 0.200863 0.535296 -1
0 6.163294 23.786711 9.617907 0.200863 0.535296 -1
0 4.914793 66.774017 9.617907 0.198770 0.535296 -1
0 4.914794 23.786711 9.617907 0.198770 0.535296 -1
0 19.142479 23.256399 0.058130 0.495846 0.504517 -1
0 15.130981 18.974306 0.018284 0.491242 0.504496 -1
0 20.265778 26.327333 31.424282 0.497135 0.521342 -1
0 13.110308 18.974302 28.330048 0.488924 0.519683 -1
0 7.589740 18.974298 49.055721 0.482589 0.530800 -1
0 11.720954 28.118135 56.692158 0.487329 0.534897 -1
0 0.048504 29.117323 64.707657 0.473935 0.539197 -1
0 0.048504 18.974306 56.641827 0.473935 0.534870 -1
0 -7.492735 18.974302 49.055721 0.465282 0.530800 -1
0 -11.623948 28.118135 56.692158 0.460541 0.534897 -1
0 -20.168777 26.327330 31.424282 0.450736 0.521342 -1
0 -13.013296 18.974302 28.330048 0.458947 0.519683 -1
0 -15.033971 18.974306 0.018284 0.456628 0.504496 -1
0 -19.045475 23.256395 0.058130 0.452025 0.504517 -1
0 -16.487358 21.240194 -29.224354 0.454960 0.488809 -1
0 -13.013296 18.974298 -28.293484 0.458947 0.489308 -1
0 -11.481586 18.974298 -49.019131 0.460705 0.478190 -1
0 -13.853447 21.240194 -50.537189 0.457983 0.477376 -1
0 0.048504 21.240194 -53.965439 0.473935 0.475537 -1
0 0.048504 18.974306 -51.843609 0.473935 0.476675 -1
0 11.578597 18.974298 -49.019131 0.487166 0.478190 -1
0 13.950459 21.240194 -50.537189 0.489888 0.477376 -1
0 16.584366 21.240198 -29.224354 0.492911 0.488809 -1
0 13.110306 18.974302 -28.293484 0.488924 0.489308 -1
0 -9.022978 30.752024 26.480461 0.589417 0.165959 -1
0 -9.022978 17.882204 26.480457 0.589417 0.165959 -1
0 9.643198 30.752024 26.480461 0.486502 0.166133 -1
0 9.643200 17.882204 26.480457 0.486502 0.166133 -1
0 9.643198 30.752024 5.285373 0.486563 0.231374 -1
0 9.643200 17.882204 5.285373 0.486563 0.231374 -1
0 -9.022978 30.752024 5.285373 0.589258 0.231199 -1
0 -9.022978 17.882204 5.285373 0.589258 0.231199 -1
0 0.271831 29.920145 -5.202007 0.528014 0.312335 -1
0 -9.022977 17.050325 5.350827 0.618830 0.291862 -1
0 0.348391 29.920149 -5.202007 0.527262 0.312335 -1
0 9.643201 17.050329 5.350827 0.435685 0.291870 -1
0 0.348391 29.920149 -5.291421 0.527263 0.312508 -1
0 9.643201 17.050329 -15.844252 0.435858 0.333038 -1
0 0.271831 29.920145 -5.291421 0.528015 0.312508 -1
0 -9.022977 17.050329 -15.844252 0.619592 0.332974 -1
0 -3.756854 25.817122 -1.528987 0.745088 0.318961 -1
0 -3.756851 21.963652 -6.748406 0.745088 0.280510 -1
0 4.377072 25.817118 -1.528987 0.785652 0.318961 -1
0 4.377072 21.963652 -6.748406 0.785652 0.280510 -1
0 -7.147397 21.831274 -20.433437 0.376074 0.329394 -1
0 -7.147396 18.602411 -20.433434 0.376074 0.329394 -1
0 7.767618 21.831270 -20.433437 0.242279 0.256451 -1
0 7.767617 18.602415 -20.433434 0.242279 0.256451 -1
0 7.767618 21.831270 -36.577324 0.225695 0.286870 -1
0 7.767617 18.602415 -36.577328 0.225695 0.286870 -1
0 -7.147397 21.831274 -36.577324 0.359490 0.359813 -1
0 -7.147396 18.602411 -36.577328 0.359490 0.359813 -1
0 -5.516569 41.818417 21.797981 0.516793 0.505351 -1
0 -6.762909 38.429653 25.315628 0.513054 0.510036 -1
0 6.707220 41.818417 21.797981 0.553469 0.505351 -1
0 7.953557 38.429653 25.315628 0.557209 0.510036 -1
0 6.707220 41.818417 8.963169 0.553469 0.488256 -1
0 7.953557 38.429653 8.107527 0.557209 0.487116 -1
0 -5.516569 41.818417 8.963169 0.516793 0.488256 -1
0 -6.762909 38.429653 8.107527 0.513054 0.487116 -1
0 -3.756852 32.516045 -6.682435 0.433532 0.366323 -1
0 -3.756854 25.817122 -1.528987 0.433532 0.439625 -1
0 4.377073 32.516045 -6.682435 0.617091 0.366323 -1
0 4.377072 25.817118 -1.528987 0.617091 0.439625 -1
0 4.377072 28.662577 -11.901849 0.617091 0.292083 -1
0 4.377072 21.963652 -6.748406 0.617091 0.365385 -1
0 -3.756851 28.662580 -11.901849 0.433532 0.292083 -1
0 -3.756851 21.963652 -6.748406 0.433532 0.365385 -1
234
-0.129585 -0.863632 -0.487183
-0.154800 -0.633399 -0.758184
0.000000 -0.642877 -0.765970
0.000000 -0.865132 -0.501543
0.129585 -0.863632 -0.487183
0.154800 -0.633399 -0.758184
-0.217868 -0.152072 -0.964058
0.000000 -0.177064 -0.984199
0.217868 -0.152072 -0.964058
-0.239144 0.048771 -0.969758
-0.000000 0.023452 -0.999725
0.239144 0.048770 -0.969758
-0.366926 -0.841648 0.396226
-0.551545 -0.675696 0.489115
-0.635179 -0.686778 0.353389
-0.663883 -0.651303 0.367511
-0.824904 -0.525666 0.207868
-0.776603 -0.614673 0.138079
-0.789865 -0.613089 0.015348
-0.889378 -0.456729 0.020111
-0.868057 -0.488772 -0.087057
-0.740661 -0.668468 -0.067619
-0.736216 -0.669388 -0.099530
-0.844594 -0.517618 -0.136865
-0.329968 -0.501741 0.799610
-0.687188 -0.495181 0.531572
-0.923698 -0.336441 0.183273
-0.993667 -0.111192 -0.016172
-0.992871 -0.058560 -0.103814
-0.988567 -0.075518 -0.130507
-0.428853 -0.408270 0.805854
-0.747978 -0.307396 0.588248
-0.964849 -0.205379 0.163971
-0.969059 0.233803 -0.079126
-0.975408 0.189781 -0.112081
-0.976476 0.178696 -0.120676
0.789865 -0.613089 0.015348
0.889378 -0.456730 0.020111
0.824904 -0.525666 0.207868
0.776602 -0.614673 0.138079
0.635179 -0.686778 0.353389
0.663883 -0.651303 0.367511
0.551545 -0.675696 0.489115
0.366926 -0.841648 0.396226
0.736216 -0.669388 -0.099530
0.844594 -0.517619 -0.136865
0.868057 -0.488772 -0.087057
0.740660 -0.668468 -0.067619
0.993667 -0.111192 -0.016172
0.923699 -0.336440 0.183273
0.687188 -0.495181 0.531572
0.329968 -0.501741 0.799610
0.988567 -0.075518 -0.130507
0.992871 -0.058560 -0.103814
0.969059 0.233804 -0.079126
0.964849 -0.205378 0.163971
0.747979 -0.307395 0.588248
0.428853 -0.408270 0.805854
0.976476 0.178696 -0.120676
0.975408 0.189782 -0.112081
-0.000000 1.000000 0.000087
0.004675 0.999989 0.000719
0.005398 0.999985 -0.000000
0.002700 0.999996 0.001245
0.000000 0.999999 0.001438
-0.002699 0.999996 0.001245
-0.004675 0.999989 0.000719
-0.005398 0.999985 -0.000000
-0.005386 0.999985 -0.000391
-0.002879 0.999995 -0.000983
-0.000000 0.999999 -0.001570
0.002879 0.999995 -0.000984
0.005385 0.999985 -0.000391
-0.000000 1.000000 0.000000
0.000000 1.000000 0.000000
0.000000 1.000000 0.000000
0.983729 -0.179661 0.000000
-0.983728 -0.179662 0.000000
-0.983728 -0.179662 0.000000
0.000000 -0.199811 0.979834
0.000000 -0.199811 0.979834
0.000000 -0.199811 0.979835
0.000000 -0.224561 -0.974460
0.000000 -0.224561 -0.974460
0.000000 -0.224561 -0.974460
-0.208527 0.439398 -0.873754
-0.208505 0.439396 -0.873760
-0.208524 0.439432 -0.873737
0.816486 0.461104 -0.347466
0.812596 0.412628 -0.411614
0.644833 0.734674 0.210819
0.562679 0.755785 0.334934
-0.208516 0.439405 -0.873753
0.271579 0.729448 0.627815
0.408646 0.758503 0.507623
-0.208491 0.439420 -0.873751
-0.052272 0.587109 0.807819
-0.094534 0.561867 0.821808
-0.208479 0.439376 -0.873777
-0.347566 0.367845 0.862489
-0.424098 0.296531 0.855693
-0.208504 0.439366 -0.873775
-0.621815 0.059564 0.780896
-0.501065 0.210327 0.839462
-0.208497 0.439380 -0.873770
-0.820459 -0.405161 0.403350
-0.821766 -0.455084 0.342927
-0.208514 0.439396 -0.873758
-0.651029 -0.726386 -0.220284
-0.566186 -0.747757 -0.346831
-0.208528 0.439430 -0.873738
-0.281306 -0.712631 -0.642670
-0.421925 -0.743360 -0.519033
-0.208489 0.439426 -0.873749
0.038690 -0.563531 -0.825189
0.084449 -0.534164 -0.841152
-0.208483 0.439384 -0.873771
0.332814 -0.346277 -0.877113
0.406321 -0.276242 -0.870973
-0.208508 0.439332 -0.873791
0.609513 -0.045503 -0.791469
0.488278 -0.195495 -0.850510
0.208518 0.439430 -0.873740
0.208502 0.439396 -0.873761
0.208518 0.439387 -0.873761
-0.644841 0.734671 0.210805
-0.812595 0.412621 -0.411622
-0.816486 0.461105 -0.347465
-0.562701 0.755782 0.334905
0.208519 0.439412 -0.873749
-0.271574 0.729446 0.627818
-0.408644 0.758503 0.507625
0.208494 0.439432 -0.873744
0.052273 0.587108 0.807819
0.094537 0.561865 0.821809
0.208474 0.439392 -0.873770
0.347563 0.367848 0.862490
0.424099 0.296530 0.855693
0.208499 0.439362 -0.873779
0.621814 0.059564 0.780896
0.501063 0.210329 0.839463
0.208496 0.439365 -0.873778
0.820459 -0.405161 0.403350
0.821766 -0.455083 0.342928
0.208513 0.439389 -0.873762
0.651033 -0.726384 -0.220278
0.566196 -0.747756 -0.346818
0.208536 0.439428 -0.873737
0.281307 -0.712631 -0.642669
0.421924 -0.743361 -0.519033
0.208491 0.439435 -0.873744
-0.038692 -0.563529 -0.825190
-0.084453 -0.534162 -0.841153
0.208470 0.439391 -0.873771
-0.332808 -0.346282 -0.877113
-0.406321 -0.276241 -0.870973
0.208498 0.439326 -0.873797
-0.609516 -0.045499 -0.791467
-0.488285 -0.195487 -0.850507
0.000000 0.000000 1.000000
1.000000 0.000000 0.000000
0.000000 0.000000 -1.000000
-1.000000 -0.000000 0.000000
-0.000006 1.000000 0.000000
-0.729680 0.683682 -0.012056
-0.679747 0.733391 -0.009050
-0.718785 0.680512 -0.142305
-0.687523 0.717121 -0.114233
-0.623299 0.644135 -0.443383
-0.580857 0.660157 -0.476233
-0.000000 0.688796 -0.724955
0.000000 0.622406 -0.782694
0.623299 0.644135 -0.443383
0.580857 0.660157 -0.476233
0.718785 0.680513 -0.142305
0.687522 0.717122 -0.114233
0.679746 0.733391 -0.009050
0.729679 0.683683 -0.012056
0.620531 0.782924 0.044405
0.538510 0.841711 0.039116
0.423659 0.799432 0.425936
0.458002 0.773239 0.438561
0.000000 0.681895 0.731450
0.000000 0.683523 0.729929
-0.423659 0.799432 0.425936
-0.458002 0.773239 0.438561
-0.620531 0.782924 0.044405
-0.538510 0.841711 0.039116
0.000000 -0.000000 1.000000
1.000000 0.000000 0.000000
-1.000000 0.000000 0.000000
-0.000032 0.634078 0.773269
-0.000016 0.634071 0.773275
-0.000000 0.634064 0.773280
0.810681 0.585488 0.000000
-0.000032 0.634051 -0.773291
-0.000016 0.634058 -0.773286
0.000000 0.634065 -0.773280
-0.810681 0.585488 0.000000
-0.810681 0.585488 0.000000
-0.810681 0.585488 0.000000
-0.000000 -0.804497 0.593956
-0.000000 -0.804498 0.593956
0.000000 -0.804498 0.593956
0.000000 0.000001 1.000000
-0.000000 0.000001 1.000000
-0.000000 0.000001 1.000000
1.000000 -0.000000 0.000000
1.000000 -0.000000 0.000000
0.000000 0.000001 -1.000000
0.000000 0.000001 -1.000000
-0.000000 0.000001 -1.000000
-1.000000 -0.000000 0.000000
0.000000 0.720177 0.693790
0.938537 0.345180 0.000000
0.000000 0.244811 -0.969571
0.000000 0.244811 -0.969571
-0.938536 0.345181 0.000000
-0.938536 0.345181 0.000000
0.000000 0.609743 0.792599
0.000000 0.609743 0.792599
0.000000 0.609743 0.792600
1.000000 -0.000000 -0.000000
1.000000 -0.000000 -0.000000
1.000000 0.000000 0.000000
-0.000000 -0.609742 -0.792600
-0.000000 -0.609742 -0.792600
0.000000 -0.609742 -0.792600
-1.000000 -0.000000 -0.000000
-1.000000 -0.000000 -0.000000
-1.000000 -0.000000 -0.000001
0.000000 0.804497 -0.593956
0.000000 0.804497 -0.593956
0.000000 0.804497 -0.593956
248
0 0 1 2 0 1 2 1
0 0 2 3 0 2 3 1
0 3 2 4 3 2 4 1
0 2 5 4 2 5 4 1
0 1 6 2 1 6 2 1
0 6 7 2 6 7 2 1
0 2 7 8 2 7 8 1
0 2 8 5 2 8 5 1
0 6 9 10 6 9 10 1
0 6 10 7 6 10 7 1
0 7 10 8 7 10 8 1
0 10 11 8 10 11 8 1
0 12 13 14 12 13 14 1
0 13 15 14 13 15 14 1
0 14 15 16 14 15 16 1
0 14 16 17 14 16 17 1
0 17 16 18 17 16 18 1
0 16 19 18 16 19 18 1
0 18 19 20 18 19 20 1
0 18 20 21 18 20 21 1
0 21 20 22 21 20 22 1
0 20 23 22 20 23 22 1
0 13 24 25 13 24 25 1
0 13 25 15 13 25 15 1
0 15 25 16 15 25 16 1
0 25 26 16 25 26 16 1
0 16 26 27 16 26 27 1
0 16 27 19 16 27 19 1
0 19 27 20 19 27 20 1
0 27 28 20 27 28 20 1
0 20 28 29 20 28 29 1
0 20 29 23 20 29 23 1
0 24 30 25 24 30 25 1
0 30 31 25 30 31 25 1
0 25 31 32 25 31 32 1
0 25 32 26 25 32 26 1
0 26 32 27 26 32 27 1
0 32 33 27 32 33 27 1
0 27 33 34 27 33 34 1
0 27 34 28 27 34 28 1
0 28 34 29 28 34 29 1
0 34 35 29 34 35 29 1
0 36 37 38 36 37 38 1
0 36 38 39 36 38 39 1
0 39 38 40 39 38 40 1
0 38 41 40 38 41 40 1
0 40 41 42 40 41 42 1
0 40 42 43 40 42 43 1
0 44 45 46 44 45 46 1
0 44 46 47 44 46 47 1
0 47 46 36 47 46 36 1
0 46 37 36 46 37 36 1
0 37 48 38 37 48 38 1
0 48 49 38 48 49 38 1
0 38 49 50 38 49 50 1
0 38 50 41 38 50 41 1
0 41 50 42 41 50 42 1
0 50 51 42 50 51 42 1
0 45 52 46 45 52 46 1
0 52 53 46 52 53 46 1
0 46 53 48 46 53 48 1
0 46 48 37 46 48 37 1
0 48 54 55 48 54 55 1
0 48 55 49 48 55 49 1
0 49 55 50 49 55 50 1
0 55 56 50 55 56 50 1
0 50 56 57 50 56 57 1
0 50 57 51 50 57 51 1
0 52 58 59 52 58 59 1
0 52 59 53 52 59 53 1
0 53 59 48 53 59 48 1
0 59 54 48 59 54 48 1
0 60 61 62 60 61 62 1
0 60 63 61 60 63 61 1
0 60 64 63 60 64 63 1
0 60 65 64 60 65 64 1
0 60 66 65 60 66 65 1
0 60 67 66 60 67 66 1
0 60 68 67 60 68 67 1
0 60 69 68 60 69 68 1
0 60 70 69 60 70 69 1
0 60 71 70 60 71 70 1
0 60 72 71 60 72 71 1
0 60 62 72 60 62 72 1
0 73 74 75 73 73 73 3
0 74 76 75 73 73 73 3
0 77 78 79 74 74 74 3
0 78 80 79 74 74 74 3
0 81 82 83 75 75 75 3
0 82 84 83 75 75 75 3
0 85 86 87 76 76 76 2
0 86 88 87 76 76 76 2
0 89 90 91 77 78 78 2
0 90 92 91 78 78 78 2
0 93 94 95 79 80 80 1
0 94 96 95 80 81 80 1
0 97 98 99 82 83 83 1
0 98 100 99 83 84 83 1
0 101 102 103 85 86 87 2
0 104 101 105 88 89 90 1
0 101 103 105 89 91 90 1
0 103 102 106 87 86 92 2
0 105 103 106 90 91 93 1
0 105 106 107 90 93 94 1
0 106 102 108 92 86 95 2
0 107 106 109 94 93 96 1
0 106 108 109 93 97 96 1
0 108 102 110 95 86 98 2
0 109 108 110 96 97 99 1
0 109 110 111 96 99 100 1
0 110 102 112 98 86 101 2
0 111 110 113 100 99 102 1
0 110 112 113 99 103 102 1
0 112 102 114 101 86 104 2
0 113 112 114 102 103 105 1
0 113 114 115 102 105 106 1
0 114 102 116 104 86 107 2
0 115 114 117 106 105 108 1
0 114 116 117 105 109 108 1
0 116 102 118 107 86 110 2
0 117 116 118 108 109 111 1
0 117 118 119 108 111 112 1
0 118 102 120 110 86 113 2
0 119 118 121 112 111 114 1
0 118 120 121 111 115 114 1
0 120 102 122 113 86 116 2
0 121 120 122 114 115 117 1
0 121 122 123 114 117 118 1
0 122 102 124 116 86 119 2
0 123 122 125 118 117 120 1
0 122 124 125 117 121 120 1
0 124 102 101 119 86 85 2
0 125 124 101 120 121 89 1
0 125 101 104 120 89 88 1
0 126 127 128 122 123 124 2
0 129 128 130 125 126 127 1
0 129 126 128 125 128 126 1
0 131 127 126 129 123 122 2
0 131 126 129 130 128 125 1
0 132 131 129 131 130 125 1
0 133 127 131 132 123 129 2
0 134 131 132 133 130 131 1
0 134 133 131 133 134 130 1
0 135 127 133 135 123 132 2
0 135 133 134 136 134 133 1
0 136 135 134 137 136 133 1
0 137 127 135 138 123 135 2
0 138 135 136 139 136 137 1
0 138 137 135 139 140 136 1
0 139 127 137 141 123 138 2
0 139 137 138 142 140 139 1
0 140 139 138 143 142 139 1
0 141 127 139 144 123 141 2
0 142 139 140 145 142 143 1
0 142 141 139 145 146 142 1
0 143 127 141 147 123 144 2
0 143 141 142 148 146 145 1
0 144 143 142 149 148 145 1
0 145 127 143 150 123 147 2
0 146 143 144 151 148 149 1
0 146 145 143 151 152 148 1
0 147 127 145 153 123 150 2
0 147 145 146 154 152 151 1
0 148 147 146 155 154 151 1
0 149 127 147 156 123 153 2
0 150 147 148 157 154 155 1
0 150 149 147 157 158 154 1
0 128 127 149 124 123 156 2
0 128 149 150 126 158 157 1
0 130 128 150 127 126 157 1
0 151 152 153 159 159 159 1
0 152 154 153 159 159 159 1
0 153 154 155 160 160 160 2
0 154 156 155 160 160 160 2
0 155 156 157 161 161 161 1
0 156 158 157 161 161 161 1
0 157 158 151 162 162 162 2
0 158 152 151 162 162 162 2
0 157 151 155 163 163 163 3
0 151 153 155 163 163 163 3
0 159 160 161 164 165 166 1
0 160 162 161 165 167 166 1
0 161 162 163 166 167 168 1
0 161 163 164 166 168 169 1
0 164 163 165 169 168 170 1
0 163 166 165 168 171 170 1
0 165 166 167 170 171 172 1
0 165 167 168 170 172 173 1
0 168 167 169 173 172 174 1
0 167 170 169 172 175 174 1
0 169 170 171 174 175 176 1
0 169 171 172 174 176 177 1
0 172 171 173 177 176 178 1
0 171 174 173 176 179 178 1
0 173 174 175 178 179 180 1
0 173 175 176 178 180 181 1
0 176 175 177 181 180 182 1
0 175 178 177 180 183 182 1
0 177 178 179 182 183 184 1
0 177 179 180 182 184 185 1
0 180 179 181 185 184 186 1
0 179 182 181 184 187 186 1
0 181 182 160 186 187 165 1
0 181 160 159 186 165 164 1
0 183 184 185 188 188 188 1
0 184 186 185 188 188 188 1
0 185 186 187 189 189 189 2
0 186 188 187 189 189 189 2
0 187 188 189 161 161 161 1
0 188 190 189 161 161 161 1
0 189 190 183 190 190 190 2
0 190 184 183 190 190 190 2
0 191 192 193 191 192 192 1
0 192 194 193 192 193 192 1
0 193 194 195 194 194 194 2
0 194 196 195 194 194 194 2
0 195 196 197 195 196 196 1
0 196 198 197 196 197 196 1
0 197 198 191 198 199 199 2
0 198 192 191 199 200 199 2
0 199 200 201 201 202 202 3
0 200 202 201 202 203 202 3
0 203 204 205 204 205 205 1
0 204 206 205 205 206 205 1
0 205 206 207 207 208 208 2
0 206 208 207 208 208 208 2
0 207 208 209 209 210 210 1
0 208 210 209 210 211 210 1
0 209 210 203 212 212 212 2
0 210 204 203 212 212 212 2
0 211 212 213 213 213 213 1
0 212 214 213 213 213 213 1
0 213 214 215 214 214 214 2
0 214 216 215 214 214 214 2
0 215 216 217 215 215 215 1
0 216 218 217 215 216 215 1
0 217 218 211 217 218 218 2
0 218 212 211 218 218 218 2
0 219 220 221 219 220 220 1
0 220 222 221 220 221 220 1
0 221 222 223 222 223 223 2
0 222 224 223 223 224 223 2
0 223 224 225 225 226 226 1
0 224 226 225 226 227 226 1
0 225 226 219 228 229 229 2
0 226 220 219 229 230 229 2
0 225 219 223 231 232 232 3
0 219 221 223 232 233 232 3

Materials: 1
"mat1"
0.800000 0.800000 0.800000 1.000000
0.800000 0.800000 0.800000 1.000000
0.000000 0.000000 0.000000 1.000000
0.000000 0.000000 0.000000 1.000000
0.000000
1.000000
".\fishboat.bmp"
""

Bones: 0
GroupComments: 0
MaterialComments: 0
BoneComments: 0
ModelComment: 0
