// MilkShape 3D ASCII

Frames: 30
Frame: 1

Meshes: 1
"Cylinder01" 1 0
19
1 2.000000 -4.352816 3.452233 0.000000 0.000000 -1
1 -1.000000 -3.065652 4.611201 0.000000 0.000000 -1
1 0.000000 -4.352816 3.452233 0.000000 0.000000 -1
1 0.880253 42.380386 5.171206 0.000000 0.000000 -1
1 0.000000 47.380386 5.464624 0.000000 0.000000 -1
1 -0.440127 42.049881 5.919520 0.000000 0.000000 -1
1 2.000000 -4.352816 3.452233 0.000000 1.000000 -1
1 2.000000 4.260538 -2.331853 0.000000 0.500000 -1
1 -1.000000 3.930048 -0.631625 0.333333 0.500000 -1
1 -1.000000 -3.065652 4.611201 0.333333 1.000000 -1
1 -0.440127 42.049881 5.919520 0.333333 0.000000 -1
1 -1.000000 -5.639982 2.293265 0.000000 0.000000 -1
1 -0.440127 42.710876 4.422889 0.000000 0.000000 -1
1 -1.000000 -5.639982 2.293265 0.666667 1.000000 -1
1 -1.000000 4.591023 -4.032081 0.666667 0.500000 -1
1 -0.440127 42.710876 4.422889 0.666667 0.000000 -1
1 2.000000 4.260538 -2.331853 1.000000 0.500000 -1
1 2.000000 -4.352816 3.452233 1.000000 1.000000 -1
1 0.880253 42.380386 5.171206 1.000000 0.000000 -1
17
0.000000 -0.669130 0.743145
0.000001 -0.669131 0.743145
0.000000 -0.669131 0.743145
0.984768 0.171798 0.026778
0.019182 0.970018 0.242275
-0.484904 0.114034 0.867101
0.827431 0.335441 0.450375
0.867910 -0.077336 -0.490664
-0.543955 0.195698 0.815975
-0.503552 0.518129 0.691359
0.870241 -0.071332 0.487435
-0.490323 -0.140616 0.860122
0.000001 -0.669130 0.743145
-0.497395 0.233292 -0.835568
-0.530159 -0.459009 -0.712911
-0.557329 -0.145430 -0.817456
-0.495815 0.196079 -0.846003
18
1 0 1 2 0 1 2 2
1 3 4 5 3 4 5 2
1 6 7 8 6 7 8 1
1 6 8 9 6 8 9 1
1 7 3 8 7 10 8 1
1 3 10 8 10 11 8 1
1 1 11 2 1 12 2 2
1 5 4 12 5 4 13 2
1 9 8 13 9 8 14 1
1 8 14 13 8 15 14 1
1 8 10 15 8 11 16 1
1 8 15 14 8 16 15 1
1 11 0 2 12 0 2 2
1 12 4 3 13 4 3 2
1 13 14 16 14 15 7 1
1 13 16 17 14 7 6 1
1 14 15 16 15 16 7 1
1 15 18 16 16 10 7 1

Materials: 1
"Material04"
0.800000 0.800000 0.800000 1.000000
0.800000 0.800000 0.800000 1.000000
0.000000 0.000000 0.000000 1.000000
0.000000 0.000000 0.000000 1.000000
0.000000
1.000000
".\black.bmp"
""

Bones: 0
