// MilkShape 3D ASCII

Frames: 30
Frame: 1

Meshes: 1
"Regroup00" 1 0
117
1 32.666676 -15.328527 0.000000 0.000000 0.000000 -1
1 28.290171 -15.328527 16.333334 0.000000 0.000000 -1
1 0.000008 -15.328527 0.000000 0.000000 0.000000 -1
1 32.666676 -15.328527 0.000000 0.000000 0.620026 -1
1 32.666676 -2.161860 0.000000 0.000000 0.516688 -1
1 28.290171 -2.161860 16.333334 0.044340 0.516688 -1
1 28.290171 -15.328527 16.333334 0.044340 0.620026 -1
1 32.666676 11.004807 0.000000 0.000000 0.413351 -1
1 28.290171 11.004807 16.333334 0.044340 0.413351 -1
1 32.666676 24.171473 0.000000 0.000000 0.310013 -1
1 28.290171 24.171473 16.333334 0.044340 0.310013 -1
1 32.666676 37.338142 0.000000 0.000000 0.206675 -1
1 28.290171 37.338142 16.333334 0.044340 0.206675 -1
1 32.666676 50.504807 0.000000 0.000000 0.103338 -1
1 28.290171 50.504807 16.333334 0.044340 0.103338 -1
1 32.666676 63.671471 0.000000 0.000000 0.000000 -1
1 28.290171 63.671471 16.333334 0.044340 0.000000 -1
1 16.333342 -15.328527 28.290163 0.000000 0.000000 -1
1 16.333342 -15.328527 28.290163 0.088680 0.620026 -1
1 16.333342 -2.161860 28.290163 0.088680 0.516688 -1
1 16.333342 11.004807 28.290163 0.088680 0.413351 -1
1 16.333342 24.171473 28.290163 0.088680 0.310013 -1
1 16.333342 37.338142 28.290163 0.088680 0.206675 -1
1 16.333342 50.504807 28.290163 0.088680 0.103338 -1
1 16.333342 63.671471 28.290163 0.088680 0.000000 -1
1 0.000008 -15.328527 32.666668 0.000000 0.000000 -1
1 0.000008 -2.161860 32.666668 0.133019 0.516688 -1
1 0.000008 -15.328527 32.666668 0.133019 0.620026 -1
1 0.000008 11.004807 32.666668 0.133019 0.413351 -1
1 0.000008 24.171473 32.666668 0.133019 0.310013 -1
1 0.000008 37.338142 32.666668 0.133019 0.206675 -1
1 0.000008 50.504807 32.666668 0.133019 0.103338 -1
1 0.000008 63.671471 32.666668 0.133019 0.000000 -1
1 -16.333328 -15.328527 28.290163 0.000000 0.000000 -1
1 -16.333328 -15.328527 28.290163 0.177359 0.620026 -1
1 -16.333328 -2.161860 28.290163 0.177359 0.516688 -1
1 -16.333328 11.004807 28.290163 0.177359 0.413351 -1
1 -16.333328 24.171473 28.290163 0.177359 0.310013 -1
1 -16.333328 37.338142 28.290163 0.177359 0.206675 -1
1 -16.333328 50.504807 28.290163 0.177359 0.103338 -1
1 -16.333328 63.671471 28.290163 0.177359 0.000000 -1
1 -28.290154 -15.328527 16.333334 0.000000 0.000000 -1
1 -28.290154 -2.161860 16.333334 0.221699 0.516688 -1
1 -28.290154 -15.328527 16.333334 0.221699 0.620026 -1
1 -28.290154 11.004807 16.333334 0.221699 0.413351 -1
1 -28.290154 24.171473 16.333334 0.221699 0.310013 -1
1 -28.290154 37.338142 16.333334 0.221699 0.206675 -1
1 -28.290154 50.504807 16.333334 0.221699 0.103338 -1
1 -28.290154 63.671471 16.333334 0.221699 0.000000 -1
1 -32.666660 -15.328527 0.000000 0.000000 0.000000 -1
1 -32.666660 -15.328527 0.000000 0.266039 0.620026 -1
1 -32.666660 -2.161860 0.000000 0.266039 0.516688 -1
1 -32.666660 11.004807 0.000000 0.266039 0.413351 -1
1 -32.666660 24.171473 0.000000 0.266039 0.310013 -1
1 -32.666660 37.338142 0.000000 0.266039 0.206675 -1
1 -32.666660 50.504807 0.000000 0.266039 0.103338 -1
1 -32.666660 63.671471 0.000000 0.266039 0.000000 -1
1 -28.290154 -15.328527 -16.333334 0.000000 0.000000 -1
1 -28.290154 -2.161860 -16.333334 0.310379 0.516688 -1
1 -28.290154 -15.328527 -16.333334 0.310379 0.620026 -1
1 -28.290154 11.004807 -16.333334 0.310379 0.413351 -1
1 -28.290154 24.171473 -16.333334 0.310379 0.310013 -1
1 -28.290154 37.338142 -16.333334 0.310379 0.206675 -1
1 -28.290154 50.504807 -16.333334 0.310379 0.103338 -1
1 -28.290154 63.671471 -16.333334 0.310379 0.000000 -1
1 -16.333328 -15.328527 -28.290163 0.000000 0.000000 -1
1 -16.333328 -15.328527 -28.290163 0.354719 0.620026 -1
1 -16.333328 -2.161860 -28.290163 0.354719 0.516688 -1
1 -16.333328 11.004807 -28.290163 0.354719 0.413351 -1
1 -16.333328 24.171473 -28.290163 0.354719 0.310013 -1
1 -16.333328 37.338142 -28.290163 0.354719 0.206675 -1
1 -16.333328 50.504807 -28.290163 0.354719 0.103338 -1
1 -16.333328 63.671471 -28.290163 0.354719 0.000000 -1
1 0.000008 -15.328527 -32.666668 0.000000 0.000000 -1
1 0.000008 -2.161860 -32.666668 0.399058 0.516688 -1
1 0.000008 -15.328527 -32.666668 0.399058 0.620026 -1
1 0.000008 11.004807 -32.666668 0.399058 0.413351 -1
1 0.000008 24.171473 -32.666668 0.399058 0.310013 -1
1 0.000008 37.338142 -32.666668 0.399058 0.206675 -1
1 0.000008 50.504807 -32.666668 0.399058 0.103338 -1
1 0.000008 63.671471 -32.666668 0.399058 0.000000 -1
1 16.333342 -15.328527 -28.290163 0.000000 0.000000 -1
1 16.333342 -15.328527 -28.290163 0.443398 0.620026 -1
1 16.333342 -2.161860 -28.290163 0.443398 0.516688 -1
1 16.333342 11.004807 -28.290163 0.443398 0.413351 -1
1 16.333342 24.171473 -28.290163 0.443398 0.310013 -1
1 16.333342 37.338142 -28.290163 0.443398 0.206675 -1
1 16.333342 50.504807 -28.290163 0.443398 0.103338 -1
1 16.333342 63.671471 -28.290163 0.443398 0.000000 -1
1 28.290171 -15.328527 -16.333334 0.000000 0.000000 -1
1 28.290171 -2.161860 -16.333334 0.487738 0.516688 -1
1 28.290171 -15.328527 -16.333334 0.487738 0.620026 -1
1 28.290171 11.004807 -16.333334 0.487738 0.413351 -1
1 28.290171 24.171473 -16.333334 0.487738 0.310013 -1
1 28.290171 37.338142 -16.333334 0.487738 0.206675 -1
1 28.290171 50.504807 -16.333334 0.487738 0.103338 -1
1 28.290171 63.671471 -16.333334 0.487738 0.000000 -1
1 32.666676 -15.328527 0.000000 0.532078 0.620026 -1
1 32.666676 -2.161860 0.000000 0.532078 0.516688 -1
1 32.666676 11.004807 0.000000 0.532078 0.413351 -1
1 32.666676 24.171473 0.000000 0.532078 0.310013 -1
1 32.666676 37.338142 0.000000 0.532078 0.206675 -1
1 32.666676 50.504807 0.000000 0.532078 0.103338 -1
1 32.666676 63.671471 0.000000 0.532078 0.000000 -1
1 32.666664 62.684475 0.000000 0.746384 0.811267 -1
1 -0.000006 62.684475 0.000000 0.562753 0.811267 -1
1 28.290155 62.684475 16.333334 0.721782 0.902557 -1
1 16.333330 62.684475 28.290163 0.654568 0.969387 -1
1 -0.000006 62.684475 32.666668 0.562753 0.993849 -1
1 -16.333347 62.684475 28.290163 0.470937 0.969387 -1
1 -28.290173 62.684475 16.333334 0.403723 0.902557 -1
1 -32.666676 62.684475 0.000000 0.379121 0.811267 -1
1 -28.290173 62.684475 -16.333334 0.403723 0.719976 -1
1 -16.333347 62.684475 -28.290163 0.470937 0.653146 -1
1 -0.000006 62.684475 -32.666668 0.562753 0.628685 -1
1 16.333330 62.684475 -28.290163 0.654568 0.653146 -1
1 28.290155 62.684475 -16.333334 0.721782 0.719976 -1
27
0.000000 -1.000000 0.000000
1.000000 0.000000 0.000000
0.866025 0.000000 0.500000
0.866025 0.000000 0.500000
1.000000 0.000000 -0.000000
0.500000 0.000000 0.866025
0.000000 0.000000 1.000000
0.000000 0.000000 1.000000
0.000000 0.000000 1.000000
0.000000 0.000000 1.000000
-0.500000 0.000000 0.866025
-0.500000 0.000000 0.866025
-0.866025 0.000000 0.500000
-1.000000 0.000000 0.000000
-0.866025 0.000000 -0.500000
-0.866025 0.000000 -0.500000
-0.500000 0.000000 -0.866025
-0.500000 0.000000 -0.866025
0.000000 0.000000 -1.000000
0.000000 0.000000 -1.000000
0.000000 0.000000 -1.000000
0.000000 0.000000 -1.000000
0.000000 0.000000 -1.000000
0.500000 0.000000 -0.866025
0.500000 0.000000 -0.866025
0.866025 0.000000 -0.500000
0.000000 1.000000 0.000000
168
1 0 1 2 0 0 0 2
1 3 4 5 1 1 2 1
1 3 5 6 1 2 3 1
1 4 7 5 1 1 2 1
1 7 8 5 1 3 2 1
1 7 9 10 1 4 2 1
1 7 10 8 1 2 3 1
1 9 11 10 4 1 2 1
1 11 12 10 1 3 2 1
1 11 13 14 1 1 2 1
1 11 14 12 1 2 3 1
1 13 15 14 1 1 2 1
1 15 16 14 1 3 2 1
1 1 17 2 0 0 0 2
1 6 5 18 3 2 5 1
1 5 19 18 2 5 5 1
1 5 8 20 2 3 5 1
1 5 20 19 2 5 5 1
1 8 10 20 3 2 5 1
1 10 21 20 2 5 5 1
1 10 12 22 2 3 5 1
1 10 22 21 2 5 5 1
1 12 14 22 3 2 5 1
1 14 23 22 2 5 5 1
1 14 16 24 2 3 5 1
1 14 24 23 2 5 5 1
1 17 25 2 0 0 0 2
1 18 19 26 5 5 6 1
1 18 26 27 5 6 7 1
1 19 20 26 5 5 6 1
1 20 28 26 5 8 6 1
1 20 21 29 5 5 9 1
1 20 29 28 5 9 8 1
1 21 22 29 5 5 9 1
1 22 30 29 5 9 9 1
1 22 23 31 5 5 9 1
1 22 31 30 5 9 9 1
1 23 24 31 5 5 9 1
1 24 32 31 5 9 9 1
1 25 33 2 0 0 0 2
1 27 26 34 7 6 10 1
1 26 35 34 6 10 10 1
1 26 28 36 6 8 10 1
1 26 36 35 6 10 10 1
1 28 29 36 8 9 10 1
1 29 37 36 9 11 10 1
1 29 30 38 9 9 11 1
1 29 38 37 9 11 11 1
1 30 31 38 9 9 11 1
1 31 39 38 9 10 11 1
1 31 32 40 9 9 10 1
1 31 40 39 9 10 10 1
1 33 41 2 0 0 0 2
1 34 35 42 10 10 12 1
1 34 42 43 10 12 12 1
1 35 36 42 10 10 12 1
1 36 44 42 10 12 12 1
1 36 37 45 10 11 12 1
1 36 45 44 10 12 12 1
1 37 38 45 11 11 12 1
1 38 46 45 11 12 12 1
1 38 39 47 11 10 12 1
1 38 47 46 11 12 12 1
1 39 40 47 10 10 12 1
1 40 48 47 10 12 12 1
1 41 49 2 0 0 0 2
1 43 42 50 12 12 13 1
1 42 51 50 12 13 13 1
1 42 44 52 12 12 13 1
1 42 52 51 12 13 13 1
1 44 45 52 12 12 13 1
1 45 53 52 12 13 13 1
1 45 46 54 12 12 13 1
1 45 54 53 12 13 13 1
1 46 47 54 12 12 13 1
1 47 55 54 12 13 13 1
1 47 48 56 12 12 13 1
1 47 56 55 12 13 13 1
1 49 57 2 0 0 0 2
1 50 51 58 13 13 14 1
1 50 58 59 13 14 15 1
1 51 52 58 13 13 14 1
1 52 60 58 13 15 14 1
1 52 53 61 13 13 14 1
1 52 61 60 13 14 15 1
1 53 54 61 13 13 14 1
1 54 62 61 13 15 14 1
1 54 55 63 13 13 14 1
1 54 63 62 13 14 15 1
1 55 56 63 13 13 14 1
1 56 64 63 13 15 14 1
1 57 65 2 0 0 0 2
1 59 58 66 15 14 16 1
1 58 67 66 14 16 16 1
1 58 60 68 14 15 17 1
1 58 68 67 14 17 16 1
1 60 61 68 15 14 17 1
1 61 69 68 14 17 17 1
1 61 62 70 14 15 17 1
1 61 70 69 14 17 17 1
1 62 63 70 15 14 17 1
1 63 71 70 14 16 17 1
1 63 64 72 14 15 16 1
1 63 72 71 14 16 16 1
1 65 73 2 0 0 0 2
1 66 67 74 16 16 18 1
1 66 74 75 16 18 19 1
1 67 68 74 16 17 18 1
1 68 76 74 17 20 18 1
1 68 69 77 17 17 21 1
1 68 77 76 17 21 20 1
1 69 70 77 17 17 21 1
1 70 78 77 17 22 21 1
1 70 71 79 17 16 20 1
1 70 79 78 17 20 22 1
1 71 72 79 16 16 20 1
1 72 80 79 16 20 20 1
1 73 81 2 0 0 0 2
1 75 74 82 19 18 23 1
1 74 83 82 18 23 23 1
1 74 76 84 18 20 24 1
1 74 84 83 18 24 23 1
1 76 77 84 20 21 24 1
1 77 85 84 21 23 24 1
1 77 78 86 21 22 24 1
1 77 86 85 21 24 23 1
1 78 79 86 22 20 24 1
1 79 87 86 20 23 24 1
1 79 80 88 20 20 23 1
1 79 88 87 20 23 23 1
1 81 89 2 0 0 0 2
1 82 83 90 23 23 25 1
1 82 90 91 23 25 25 1
1 83 84 90 23 24 25 1
1 84 92 90 24 25 25 1
1 84 85 93 24 23 25 1
1 84 93 92 24 25 25 1
1 85 86 93 23 24 25 1
1 86 94 93 24 25 25 1
1 86 87 95 24 23 25 1
1 86 95 94 24 25 25 1
1 87 88 95 23 23 25 1
1 88 96 95 23 25 25 1
1 89 0 2 0 0 0 2
1 91 90 97 25 25 1 1
1 90 98 97 25 1 1 1
1 90 92 99 25 25 1 1
1 90 99 98 25 1 1 1
1 92 93 99 25 25 1 1
1 93 100 99 25 4 1 1
1 93 94 101 25 25 1 1
1 93 101 100 25 1 4 1
1 94 95 101 25 25 1 1
1 95 102 101 25 1 1 1
1 95 96 103 25 25 1 1
1 95 103 102 25 1 1 1
1 104 105 106 26 26 26 2
1 106 105 107 26 26 26 2
1 107 105 108 26 26 26 2
1 108 105 109 26 26 26 2
1 109 105 110 26 26 26 2
1 110 105 111 26 26 26 2
1 111 105 112 26 26 26 2
1 112 105 113 26 26 26 2
1 113 105 114 26 26 26 2
1 114 105 115 26 26 26 2
1 115 105 116 26 26 26 2
1 116 105 104 26 26 26 2

Materials: 1
"Material01"
0.200000 0.200000 0.200000 1.000000
0.800000 0.800000 0.800000 1.000000
0.000000 0.000000 0.000000 1.000000
0.294118 0.294118 0.294118 1.000000
0.000000
1.000000
"drum.jpg"
""

Bones: 0
GroupComments: 0
MaterialComments: 0
BoneComments: 0
ModelComment: 0
