// MilkShape 3D ASCII

Frames: 30
Frame: 1

Meshes: 5
"Duplicate02" 0 0
34
1 42.542713 -33.500000 -0.013469 0.000000 1.000000 -1
1 42.542713 0.000000 -0.013469 0.000000 0.000000 -1
1 -0.000000 -33.500000 42.529240 0.250000 1.000000 -1
1 -0.000000 0.000000 42.529240 0.250000 0.000000 -1
1 -42.542713 0.000000 -0.013469 0.500000 0.000000 -1
1 -42.542713 -33.500000 -0.013469 0.500000 1.000000 -1
1 -0.000000 -33.500000 -42.556183 0.750000 1.000000 -1
1 -0.000000 0.000000 -42.556183 0.750000 0.000000 -1
1 42.542713 0.000000 -0.013469 1.000000 0.000000 -1
1 42.542713 -33.500000 -0.013469 1.000000 1.000000 -1
1 -0.000000 -33.500000 38.381325 0.250000 1.000000 -1
1 38.394798 0.000000 -0.013469 0.000000 0.000000 -1
1 38.394798 -33.500000 -0.013469 0.000000 1.000000 -1
1 -0.000000 0.000000 38.381325 0.250000 0.000000 -1
1 -38.394798 0.000000 -0.013469 0.500000 0.000000 -1
1 -38.394798 -33.500000 -0.013469 0.500000 1.000000 -1
1 -0.000000 -33.500000 -38.408272 0.750000 1.000000 -1
1 -0.000000 0.000000 -38.408272 0.750000 0.000000 -1
1 38.394798 0.000000 -0.013469 1.000000 0.000000 -1
1 38.394798 -33.500000 -0.013469 1.000000 1.000000 -1
1 -0.000000 0.000000 -42.556183 0.000000 0.000000 -1
1 -0.000000 0.000000 -38.408272 0.000000 0.000000 -1
1 -0.000000 0.000000 42.529240 0.000000 0.000000 -1
1 -0.000000 0.000000 38.381325 0.000000 0.000000 -1
1 -42.542713 0.000000 -0.013469 0.000000 0.000000 -1
1 -38.394798 0.000000 -0.013469 0.000000 0.000000 -1
1 -0.000000 -33.500000 42.529240 0.000000 0.000000 -1
1 -0.000000 -33.500000 38.381325 0.000000 0.000000 -1
1 42.542713 -33.500000 -0.013469 0.000000 0.000000 -1
1 38.394798 -33.500000 -0.013469 0.000000 0.000000 -1
1 -0.000000 -33.500000 -42.556183 0.000000 0.000000 -1
1 -0.000000 -33.500000 -38.408272 0.000000 0.000000 -1
1 -42.542713 -33.500000 -0.013469 0.000000 0.000000 -1
1 -38.394798 -33.500000 -0.013469 0.000000 0.000000 -1
16
0.426401 -0.904534 0.000000
0.685994 0.727607 0.000000
0.000000 -0.727607 0.685994
0.000000 0.904534 0.426401
-0.685994 0.727607 0.000000
-0.426401 -0.904534 0.000000
0.000000 -0.727607 -0.685994
0.000000 0.904534 -0.426401
0.000000 -0.727607 -0.685994
-0.685994 0.727607 -0.000000
-0.426401 -0.904534 -0.000000
0.000000 0.904534 -0.426401
0.685994 0.727607 -0.000000
0.426401 -0.904534 -0.000000
0.000000 -0.727607 0.685994
0.000000 0.904534 0.426401
32
0 0 1 2 0 1 2 1
0 1 3 2 1 3 2 1
0 2 3 4 2 3 4 1
0 2 4 5 2 4 5 1
0 5 4 6 5 4 6 1
0 4 7 6 4 7 6 1
0 6 7 8 6 7 1 1
0 6 8 9 6 1 0 1
0 10 11 12 8 9 10 1
0 10 13 11 8 11 9 1
0 14 13 10 12 11 8 1
0 15 14 10 13 12 8 1
0 16 14 15 14 12 13 1
0 16 17 14 14 15 12 1
0 18 17 16 9 15 14 1
0 19 18 16 10 9 14 1
0 20 21 1 7 15 1 1
0 1 21 11 1 15 9 1
0 1 11 22 1 9 3 1
0 11 23 22 9 11 3 1
0 22 23 24 3 11 4 1
0 24 23 25 4 11 12 1
0 24 25 20 4 12 7 1
0 20 25 21 7 12 15 1
0 26 27 28 2 8 0 1
0 28 27 29 0 8 10 1
0 28 29 30 0 10 6 1
0 30 29 31 6 10 14 1
0 30 31 32 6 14 5 1
0 32 31 33 5 14 13 1
0 32 33 26 5 13 2 1
0 26 33 27 2 13 8 1
"Duplicate04" 0 0
32
1 -38.592316 0.000000 0.898160 0.000000 0.000000 -1
1 -38.592316 -33.500000 0.898160 0.000000 1.000000 -1
0 0.000000 26.833330 0.750000 1.000000 0.000000 -1
0 0.000000 -33.500000 0.750000 1.000000 1.000000 -1
0 0.000000 26.833330 0.750000 0.000000 0.000000 -1
0 0.000000 -33.500000 0.750000 0.000000 1.000000 -1
0 0.000000 26.833330 -0.500000 1.000000 0.000000 -1
0 0.000000 -33.500000 -0.500000 1.000000 1.000000 -1
0 0.000000 26.833330 -0.500000 0.000000 0.000000 -1
0 0.000000 -33.500000 -0.500000 0.000000 1.000000 -1
1 -38.592316 0.000000 -0.621222 1.000000 0.000000 -1
1 -38.592316 -33.500000 -0.621222 1.000000 1.000000 -1
1 -38.592316 0.000000 -0.621222 0.000000 0.000000 -1
1 -38.592316 -33.500000 -0.621222 0.000000 1.000000 -1
1 -38.592316 0.000000 0.898160 1.000000 0.000000 -1
1 -38.592316 -33.500000 0.898160 1.000000 1.000000 -1
1 -38.592316 0.000000 0.898160 0.000000 1.000000 -1
0 0.000000 26.833330 0.750000 1.000000 1.000000 -1
1 -38.592316 -33.500000 0.898160 0.000000 0.000000 -1
0 0.000000 -33.500000 0.750000 1.000000 0.000000 -1
1 38.592316 0.000000 0.898160 1.000000 0.000000 -1
1 38.592316 -33.500000 0.898160 1.000000 1.000000 -1
1 38.592316 0.000000 0.898160 0.000000 0.000000 -1
1 38.592316 -33.500000 0.898160 0.000000 1.000000 -1
1 38.592316 0.000000 -0.621222 1.000000 0.000000 -1
1 38.592316 -33.500000 -0.621222 1.000000 1.000000 -1
1 38.592316 0.000000 -0.621222 0.000000 0.000000 -1
1 38.592316 -33.500000 -0.621222 0.000000 1.000000 -1
0 0.000000 26.833330 0.750000 0.000000 1.000000 -1
1 38.592316 0.000000 0.898160 1.000000 1.000000 -1
0 0.000000 -33.500000 0.750000 0.000000 0.000000 -1
1 38.592316 -33.500000 0.898160 1.000000 0.000000 -1
17
0.003839 0.000000 0.999993
0.001280 0.000000 0.999999
-0.001280 0.000000 0.999999
-1.000000 0.000000 0.000000
1.000000 0.000000 0.000000
-0.001047 0.000000 -0.999999
0.001047 0.000000 -0.999999
0.003141 0.000000 -0.999995
-0.570871 0.821040 0.000000
-0.570871 0.821040 0.000000
-0.225783 0.974178 0.000000
0.225783 0.974178 0.000000
0.000000 -1.000000 0.000000
-0.003839 0.000000 0.999993
-0.003141 0.000000 -0.999995
0.570871 0.821040 0.000000
0.570871 0.821040 0.000000
24
0 0 1 2 0 0 1 1
0 1 3 2 0 2 1 1
0 4 5 6 3 4 4 2
0 5 7 6 4 3 4 2
0 8 9 10 5 6 7 1
0 9 11 10 6 7 7 1
0 12 13 14 3 3 3 2
0 13 15 14 3 3 3 2
0 12 16 6 8 9 10 3
0 16 17 6 9 11 10 3
0 18 13 19 12 12 12 3
0 13 7 19 12 12 12 3
0 4 5 20 1 2 13 1
0 5 21 20 2 13 13 1
0 22 23 24 4 4 4 2
0 23 25 24 4 4 4 2
0 26 27 6 14 14 5 1
0 27 7 6 14 6 5 1
0 8 9 2 4 3 3 2
0 9 3 2 3 4 3 2
0 8 28 24 10 11 15 3
0 28 29 24 11 16 15 3
0 30 9 31 12 12 12 3
0 9 25 31 12 12 12 3
"Duplicate05" 0 0
32
1 0.759692 0.000000 38.730785 0.000000 0.000000 -1
1 0.759692 -33.500000 38.730785 0.000000 1.000000 -1
0 0.625000 26.833330 0.125000 1.000000 0.000000 -1
0 0.625000 -33.500000 0.125000 1.000000 1.000000 -1
0 0.625000 26.833330 0.125000 0.000000 0.000000 -1
0 0.625000 -33.500000 0.125000 0.000000 1.000000 -1
0 -0.625000 26.833330 0.125000 1.000000 0.000000 -1
0 -0.625000 -33.500000 0.125000 1.000000 1.000000 -1
0 -0.625000 26.833330 0.125000 0.000000 0.000000 -1
0 -0.625000 -33.500000 0.125000 0.000000 1.000000 -1
1 -0.759692 0.000000 38.730785 1.000000 0.000000 -1
1 -0.759692 -33.500000 38.730785 1.000000 1.000000 -1
1 -0.759692 0.000000 38.730785 0.000000 0.000000 -1
1 -0.759692 -33.500000 38.730785 0.000000 1.000000 -1
1 0.759692 0.000000 38.730785 1.000000 0.000000 -1
1 0.759692 -33.500000 38.730785 1.000000 1.000000 -1
1 0.759692 0.000000 38.730785 0.000000 1.000000 -1
0 0.625000 26.833330 0.125000 1.000000 1.000000 -1
1 0.759692 -33.500000 38.730785 0.000000 0.000000 -1
0 0.625000 -33.500000 0.125000 1.000000 0.000000 -1
1 0.759692 0.000000 -38.453846 1.000000 0.000000 -1
1 0.759692 -33.500000 -38.453846 1.000000 1.000000 -1
1 0.759692 0.000000 -38.453846 0.000000 0.000000 -1
1 0.759692 -33.500000 -38.453846 0.000000 1.000000 -1
1 -0.759692 0.000000 -38.453846 1.000000 0.000000 -1
1 -0.759692 -33.500000 -38.453846 1.000000 1.000000 -1
1 -0.759692 0.000000 -38.453846 0.000000 0.000000 -1
1 -0.759692 -33.500000 -38.453846 0.000000 1.000000 -1
0 0.625000 26.833330 0.125000 0.000000 1.000000 -1
1 0.759692 0.000000 -38.453846 1.000000 1.000000 -1
0 0.625000 -33.500000 0.125000 0.000000 0.000000 -1
1 0.759692 -33.500000 -38.453846 1.000000 0.000000 -1
16
0.999994 0.000000 -0.003489
0.999999 0.000000 -0.001162
0.999999 0.000000 0.001165
0.000000 0.000000 1.000000
0.000000 0.000000 -1.000000
-0.999999 0.000000 0.001165
-0.999999 0.000000 -0.001162
-0.999994 0.000000 -0.003489
0.000000 0.821133 0.570737
0.000000 0.821133 0.570737
0.000000 0.974215 0.225623
0.000000 0.974141 -0.225942
0.000000 -1.000000 0.000000
0.999994 0.000000 0.003491
-0.999994 0.000000 0.003491
0.000000 0.820946 -0.571005
24
0 0 1 2 0 0 1 1
0 1 3 2 0 2 1 1
0 4 5 6 3 4 4 2
0 5 7 6 4 3 4 2
0 8 9 10 5 6 7 1
0 9 11 10 6 7 7 1
0 12 13 14 3 3 3 2
0 13 15 14 3 3 3 2
0 12 16 6 8 9 10 3
0 16 17 6 9 11 10 3
0 18 13 19 12 12 12 3
0 13 7 19 12 12 12 3
0 4 5 20 1 2 13 1
0 5 21 20 2 13 13 1
0 22 23 24 4 4 4 2
0 23 25 24 4 4 4 2
0 26 27 6 14 14 5 1
0 27 7 6 14 6 5 1
0 8 9 2 4 3 3 2
0 9 3 2 3 4 3 2
0 8 28 24 10 11 15 3
0 28 29 24 11 15 15 3
0 30 9 31 12 12 12 3
0 9 25 31 12 12 12 3
"Cylinder03" 0 0
39
0 11.551159 -33.000000 0.125000 0.000000 0.000000 -1
0 10.037089 -33.000000 5.775579 0.000000 0.000000 -1
0 0.250000 -33.000000 0.125000 0.000000 0.000000 -1
0 11.551159 -33.000000 0.125000 0.000000 1.000000 -1
0 19.125000 28.250000 0.125000 0.000000 0.000000 -1
0 10.037089 -33.000000 5.775579 0.083333 1.000000 -1
0 16.596230 28.250000 9.562500 0.083333 0.000000 -1
0 5.900579 -33.000000 9.912089 0.000000 0.000000 -1
0 9.687500 28.250000 16.471230 0.166667 0.000000 -1
0 5.900579 -33.000000 9.912089 0.166667 1.000000 -1
0 0.250000 -33.000000 11.426159 0.000000 0.000000 -1
0 0.250000 -33.000000 11.426159 0.250000 1.000000 -1
0 0.250000 28.250000 19.000000 0.250000 0.000000 -1
0 -5.400579 -33.000000 9.912089 0.000000 0.000000 -1
0 -9.187500 28.250000 16.471230 0.333333 0.000000 -1
0 -5.400579 -33.000000 9.912089 0.333333 1.000000 -1
0 -9.537089 -33.000000 5.775579 0.000000 0.000000 -1
0 -9.537089 -33.000000 5.775579 0.416667 1.000000 -1
0 -16.096230 28.250000 9.562500 0.416667 0.000000 -1
0 -11.051159 -33.000000 0.125000 0.000000 0.000000 -1
0 -18.625000 28.250000 0.125000 0.500000 0.000000 -1
0 -11.051159 -33.000000 0.125000 0.500000 1.000000 -1
0 -9.537089 -33.000000 -5.525579 0.000000 0.000000 -1
0 -9.537089 -33.000000 -5.525579 0.583333 1.000000 -1
0 -16.096230 28.250000 -9.312500 0.583333 0.000000 -1
0 -5.400579 -33.000000 -9.662089 0.000000 0.000000 -1
0 -9.187500 28.250000 -16.221230 0.666667 0.000000 -1
0 -5.400579 -33.000000 -9.662089 0.666667 1.000000 -1
0 0.250000 -33.000000 -11.176159 0.000000 0.000000 -1
0 0.250000 -33.000000 -11.176159 0.750000 1.000000 -1
0 0.250000 28.250000 -18.750000 0.750000 0.000000 -1
0 5.900579 -33.000000 -9.662089 0.000000 0.000000 -1
0 9.687500 28.250000 -16.221230 0.833333 0.000000 -1
0 5.900579 -33.000000 -9.662089 0.833333 1.000000 -1
0 10.037089 -33.000000 -5.525579 0.000000 0.000000 -1
0 10.037089 -33.000000 -5.525579 0.916667 1.000000 -1
0 16.596230 28.250000 -9.312500 0.916667 0.000000 -1
0 19.125000 28.250000 0.125000 1.000000 0.000000 -1
0 11.551159 -33.000000 0.125000 1.000000 1.000000 -1
25
0.000000 -1.000000 0.000000
0.992441 -0.122720 0.000000
0.992441 -0.122720 0.000000
0.859479 -0.122720 0.496221
0.859479 -0.122720 0.496221
0.496221 -0.122720 0.859479
0.496221 -0.122720 0.859479
0.000000 -0.122720 0.992441
0.000000 -0.122720 0.992441
-0.496221 -0.122720 0.859479
-0.496221 -0.122720 0.859479
-0.859479 -0.122720 0.496221
-0.859479 -0.122720 0.496221
-0.992441 -0.122720 0.000000
-0.992441 -0.122720 0.000000
-0.859479 -0.122720 -0.496221
-0.859479 -0.122720 -0.496221
-0.496221 -0.122720 -0.859479
-0.496221 -0.122720 -0.859479
0.000000 -0.122720 -0.992441
0.000000 -0.122720 -0.992441
0.496221 -0.122720 -0.859479
0.496221 -0.122720 -0.859479
0.859479 -0.122720 -0.496221
0.859479 -0.122720 -0.496221
36
0 0 1 2 0 0 0 2
0 3 4 5 1 2 3 1
0 4 6 5 2 4 3 1
0 1 7 2 0 0 0 2
0 5 6 8 3 4 5 1
0 5 8 9 3 5 6 1
0 7 10 2 0 0 0 2
0 9 8 11 6 5 7 1
0 8 12 11 5 8 7 1
0 10 13 2 0 0 0 2
0 11 12 14 7 8 9 1
0 11 14 15 7 9 10 1
0 13 16 2 0 0 0 2
0 15 14 17 10 9 11 1
0 14 18 17 9 12 11 1
0 16 19 2 0 0 0 2
0 17 18 20 11 12 13 1
0 17 20 21 11 13 14 1
0 19 22 2 0 0 0 2
0 21 20 23 14 13 15 1
0 20 24 23 13 16 15 1
0 22 25 2 0 0 0 2
0 23 24 26 15 16 17 1
0 23 26 27 15 17 18 1
0 25 28 2 0 0 0 2
0 27 26 29 18 17 19 1
0 26 30 29 17 20 19 1
0 28 31 2 0 0 0 2
0 29 30 32 19 20 21 1
0 29 32 33 19 21 22 1
0 31 34 2 0 0 0 2
0 33 32 35 22 21 23 1
0 32 36 35 21 24 23 1
0 34 0 2 0 0 0 2
0 35 36 37 23 24 2 1
0 35 37 38 23 2 1 1
"GeoSphere01" 0 0
161
0 -18.663452 53.000000 30.281437 0.000000 0.000000 -1
0 -9.700962 53.000000 34.232147 0.000000 0.000000 -1
0 -15.403046 63.171844 30.708065 0.000000 0.000000 -1
0 -10.970104 73.818619 28.803438 0.000000 0.000000 -1
0 -5.767326 63.288239 33.845840 0.000000 0.000000 -1
0 0.000000 53.000000 35.583336 0.000000 0.000000 -1
0 -0.000000 90.278168 18.746788 0.000000 0.000000 -1
0 -5.702084 82.793198 24.712542 0.000000 0.000000 -1
0 5.702082 82.793198 24.712542 0.000000 0.000000 -1
0 10.970104 73.818619 28.803438 0.000000 0.000000 -1
0 0.000000 74.928925 30.281437 0.000000 0.000000 -1
0 18.663454 53.000000 30.281437 0.000000 0.000000 -1
0 15.403046 63.171844 30.708065 0.000000 0.000000 -1
0 9.700962 53.000000 34.232147 0.000000 0.000000 -1
0 5.767324 63.288239 33.845840 0.000000 0.000000 -1
0 -24.629208 59.286545 25.005983 0.000000 0.000000 -1
0 -28.720104 65.094543 17.833334 0.000000 0.000000 -1
0 -20.866375 70.596375 24.514112 0.000000 0.000000 -1
0 -30.198105 74.928925 0.083334 0.000000 0.000000 -1
0 -30.624733 70.965897 9.309498 0.000000 0.000000 -1
0 -24.922649 82.380310 5.785417 0.000000 0.000000 -1
0 -17.750000 87.870667 11.053437 0.000000 0.000000 -1
0 -24.430779 77.606598 15.182386 0.000000 0.000000 -1
0 -9.226162 90.973099 15.486379 0.000000 0.000000 -1
0 -15.099052 82.101089 20.949711 0.000000 0.000000 -1
0 -24.922649 82.380310 -5.618749 0.000000 0.000000 -1
0 -17.750000 87.870667 -10.886769 0.000000 0.000000 -1
0 -18.663452 90.278168 0.083334 0.000000 0.000000 -1
0 -0.000000 90.278168 -18.580120 0.000000 0.000000 -1
0 -9.226162 90.973099 -15.319712 0.000000 0.000000 -1
0 -0.000000 96.713455 -9.617628 0.000000 0.000000 -1
0 -0.000000 98.914383 0.083334 0.000000 0.000000 -1
0 -9.331726 96.084229 -5.683990 0.000000 0.000000 -1
0 -0.000000 96.713455 9.784296 0.000000 0.000000 -1
0 -9.331726 96.084229 5.850658 0.000000 0.000000 -1
0 9.226164 90.973099 15.486379 0.000000 0.000000 -1
0 9.331728 96.084229 5.850658 0.000000 0.000000 -1
0 17.750000 87.870667 11.053437 0.000000 0.000000 -1
0 9.226164 90.973099 -15.319712 0.000000 0.000000 -1
0 17.750000 87.870667 -10.886769 0.000000 0.000000 -1
0 9.331728 96.084229 -5.683990 0.000000 0.000000 -1
0 30.198103 74.928925 0.083334 0.000000 0.000000 -1
0 24.922649 82.380310 -5.618749 0.000000 0.000000 -1
0 24.922649 82.380310 5.785417 0.000000 0.000000 -1
0 18.663454 90.278168 0.083334 0.000000 0.000000 -1
0 15.099052 82.101089 20.949711 0.000000 0.000000 -1
0 30.624729 70.965897 9.309498 0.000000 0.000000 -1
0 28.720104 65.094543 17.833334 0.000000 0.000000 -1
0 24.430779 77.606598 15.182386 0.000000 0.000000 -1
0 24.629208 59.286545 25.005983 0.000000 0.000000 -1
0 20.866375 70.596375 24.514112 0.000000 0.000000 -1
0 34.148811 63.695313 0.083334 0.000000 0.000000 -1
0 35.500000 53.000000 0.083334 0.000000 0.000000 -1
0 33.762508 59.358490 9.415062 0.000000 0.000000 -1
0 30.198103 30.118351 0.083334 0.000000 0.000000 -1
0 34.148811 42.304695 0.083334 0.000000 0.000000 -1
0 30.624729 34.487610 9.309498 0.000000 0.000000 -1
0 28.720104 40.905464 17.833334 0.000000 0.000000 -1
0 33.762508 46.641525 9.415062 0.000000 0.000000 -1
0 24.629208 46.713455 25.005983 0.000000 0.000000 -1
0 30.198103 53.000000 18.746788 0.000000 0.000000 -1
0 30.624729 70.965897 -9.142830 0.000000 0.000000 -1
0 28.720104 65.094543 -17.666666 0.000000 0.000000 -1
0 33.762508 59.358490 -9.248394 0.000000 0.000000 -1
0 18.663454 53.000000 -30.114771 0.000000 0.000000 -1
0 24.629208 59.286545 -24.839315 0.000000 0.000000 -1
0 24.629208 46.713455 -24.839315 0.000000 0.000000 -1
0 28.720104 40.905464 -17.666666 0.000000 0.000000 -1
0 30.198103 53.000000 -18.580120 0.000000 0.000000 -1
0 30.624729 34.487610 -9.142830 0.000000 0.000000 -1
0 33.762508 46.641525 -9.248394 0.000000 0.000000 -1
0 5.702082 82.793198 -24.545874 0.000000 0.000000 -1
0 10.970104 73.818619 -28.636770 0.000000 0.000000 -1
0 15.099052 82.101089 -20.783043 0.000000 0.000000 -1
0 15.403046 63.171844 -30.541399 0.000000 0.000000 -1
0 20.866375 70.596375 -24.347445 0.000000 0.000000 -1
0 24.430779 77.606598 -15.015718 0.000000 0.000000 -1
0 -5.702084 82.793198 -24.545874 0.000000 0.000000 -1
0 -10.970104 73.818619 -28.636770 0.000000 0.000000 -1
0 0.000000 74.928925 -30.114771 0.000000 0.000000 -1
0 -18.663452 53.000000 -30.114771 0.000000 0.000000 -1
0 -15.403046 63.171844 -30.541399 0.000000 0.000000 -1
0 -9.700962 53.000000 -34.065475 0.000000 0.000000 -1
0 0.000000 53.000000 -35.416664 0.000000 0.000000 -1
0 -5.767326 63.288239 -33.679176 0.000000 0.000000 -1
0 9.700962 53.000000 -34.065475 0.000000 0.000000 -1
0 5.767324 63.288239 -33.679176 0.000000 0.000000 -1
0 -15.403046 42.828163 -30.541399 0.000000 0.000000 -1
0 -10.970104 31.342459 -28.636770 0.000000 0.000000 -1
0 -5.767326 42.711769 -33.679176 0.000000 0.000000 -1
0 -0.000000 7.688114 -18.580120 0.000000 0.000000 -1
0 -5.702084 18.518278 -24.545874 0.000000 0.000000 -1
0 5.702082 18.518278 -24.545874 0.000000 0.000000 -1
0 10.970104 31.342459 -28.636770 0.000000 0.000000 -1
0 0.000000 30.118351 -30.114771 0.000000 0.000000 -1
0 15.403046 42.828163 -30.541399 0.000000 0.000000 -1
0 5.767324 42.711769 -33.679176 0.000000 0.000000 -1
0 9.226164 6.843424 -15.319712 0.000000 0.000000 -1
0 17.750000 10.614445 -10.886769 0.000000 0.000000 -1
0 15.099052 19.319473 -20.783043 0.000000 0.000000 -1
0 24.922649 18.996252 -5.618749 0.000000 0.000000 -1
0 24.430779 27.166227 -15.015718 0.000000 0.000000 -1
0 20.866375 34.894989 -24.347445 0.000000 0.000000 -1
0 -0.000000 -0.134016 -9.617628 0.000000 0.000000 -1
0 9.331728 0.630835 -5.683990 0.000000 0.000000 -1
0 -0.000000 7.688114 18.746788 0.000000 0.000000 -1
0 -0.000000 -0.134016 9.784296 0.000000 0.000000 -1
0 9.226164 6.843424 15.486379 0.000000 0.000000 -1
0 17.750000 10.614445 11.053437 0.000000 0.000000 -1
0 9.331728 0.630835 5.850658 0.000000 0.000000 -1
0 24.922649 18.996252 5.785417 0.000000 0.000000 -1
0 18.663454 7.688114 0.083334 0.000000 0.000000 -1
0 -9.226162 6.843424 -15.319712 0.000000 0.000000 -1
0 -17.750000 10.614445 -10.886769 0.000000 0.000000 -1
0 -9.331726 0.630835 -5.683990 0.000000 0.000000 -1
0 -30.198105 30.118351 0.083334 0.000000 0.000000 -1
0 -24.922649 18.996252 -5.618749 0.000000 0.000000 -1
0 -24.922649 18.996252 5.785417 0.000000 0.000000 -1
0 -17.750000 10.614445 11.053437 0.000000 0.000000 -1
0 -18.663452 7.688114 0.083334 0.000000 0.000000 -1
0 -9.226162 6.843424 15.486379 0.000000 0.000000 -1
0 -9.331726 0.630835 5.850658 0.000000 0.000000 -1
0 -30.624733 34.487610 9.309498 0.000000 0.000000 -1
0 -28.720104 40.905464 17.833334 0.000000 0.000000 -1
0 -24.430779 27.166227 15.182386 0.000000 0.000000 -1
0 -24.629208 46.713455 25.005983 0.000000 0.000000 -1
0 -15.403046 42.828163 30.708065 0.000000 0.000000 -1
0 -10.970104 31.342459 28.803438 0.000000 0.000000 -1
0 -20.866375 34.894989 24.514112 0.000000 0.000000 -1
0 -5.702084 18.518278 24.712542 0.000000 0.000000 -1
0 -15.099052 19.319473 20.949711 0.000000 0.000000 -1
0 -5.767326 42.711769 33.845840 0.000000 0.000000 -1
0 15.403046 42.828163 30.708065 0.000000 0.000000 -1
0 10.970104 31.342459 28.803438 0.000000 0.000000 -1
0 5.767324 42.711769 33.845840 0.000000 0.000000 -1
0 5.702082 18.518278 24.712542 0.000000 0.000000 -1
0 0.000000 30.118351 30.281437 0.000000 0.000000 -1
0 15.099052 19.319473 20.949711 0.000000 0.000000 -1
0 20.866375 34.894989 24.514112 0.000000 0.000000 -1
0 24.430779 27.166227 15.182386 0.000000 0.000000 -1
0 -34.148811 63.695313 0.083334 0.000000 0.000000 -1
0 -33.762505 59.358490 9.415062 0.000000 0.000000 -1
0 -35.500000 53.000000 0.083334 0.000000 0.000000 -1
0 -30.198105 53.000000 18.746788 0.000000 0.000000 -1
0 -34.148811 42.304695 0.083334 0.000000 0.000000 -1
0 -33.762505 46.641525 9.415062 0.000000 0.000000 -1
0 -30.624733 70.965897 -9.142830 0.000000 0.000000 -1
0 -33.762505 59.358490 -9.248394 0.000000 0.000000 -1
0 -28.720104 65.094543 -17.666666 0.000000 0.000000 -1
0 -30.624733 34.487610 -9.142830 0.000000 0.000000 -1
0 -28.720104 40.905464 -17.666666 0.000000 0.000000 -1
0 -33.762505 46.641525 -9.248394 0.000000 0.000000 -1
0 -24.629208 46.713455 -24.839315 0.000000 0.000000 -1
0 -24.629208 59.286545 -24.839315 0.000000 0.000000 -1
0 -30.198105 53.000000 -18.580120 0.000000 0.000000 -1
0 -24.430779 77.606598 -15.015718 0.000000 0.000000 -1
0 -20.866375 70.596375 -24.347445 0.000000 0.000000 -1
0 -15.099052 82.101089 -20.783043 0.000000 0.000000 -1
0 -15.099052 19.319473 -20.783043 0.000000 0.000000 -1
0 -20.866375 34.894989 -24.347445 0.000000 0.000000 -1
0 -24.430779 27.166227 -15.015718 0.000000 0.000000 -1
161
-0.525731 -0.000000 0.850651
-0.286015 -0.000000 0.958225
-0.441415 0.209846 0.872420
-0.323107 0.421839 0.847144
-0.152789 0.227910 0.961620
0.000000 -0.000000 1.000000
-0.000000 0.737575 0.675265
-0.173516 0.604503 0.777476
0.173516 0.604503 0.777476
0.323107 0.421839 0.847144
0.000000 0.434321 0.900758
0.525731 -0.000000 0.850651
0.441415 0.209846 0.872420
0.286015 -0.000000 0.958225
0.152789 0.227910 0.961620
-0.689741 0.132464 0.711836
-0.821212 0.260149 0.507870
-0.609527 0.368113 0.702118
-0.894944 0.446179 0.000000
-0.892402 0.369777 0.258618
-0.790439 0.587909 0.171957
-0.614141 0.693445 0.376782
-0.729390 0.499029 0.467932
-0.326657 0.753312 0.570803
-0.488693 0.580298 0.651485
-0.790439 0.587909 -0.171957
-0.614141 0.693445 -0.376782
-0.664796 0.747025 0.000000
-0.000000 0.737575 -0.675265
-0.326657 0.753312 -0.570803
-0.000000 0.902410 -0.430879
-0.000000 1.000000 0.000000
-0.401168 0.887991 -0.224801
-0.000000 0.902410 0.430879
-0.401168 0.887991 0.224801
0.326657 0.753312 0.570803
0.401168 0.887991 0.224801
0.614141 0.693445 0.376782
0.326657 0.753312 -0.570803
0.614141 0.693445 -0.376782
0.401168 0.887991 -0.224801
0.894944 0.446179 0.000000
0.790439 0.587909 -0.171957
0.790439 0.587909 0.171957
0.664796 0.747025 0.000000
0.488693 0.580298 0.651485
0.892402 0.369777 0.258618
0.821212 0.260149 0.507870
0.729390 0.499029 0.467932
0.689741 0.132464 0.711836
0.609527 0.368113 0.702118
0.970602 0.240690 0.000000
1.000000 -0.000000 0.000000
0.953691 0.130297 0.271102
0.933592 -0.358339 0.000000
0.973434 -0.228968 0.000000
0.908196 -0.320268 0.269460
0.824280 -0.246467 0.509721
0.954082 -0.126592 0.271480
0.690470 -0.129111 0.711745
0.857487 -0.000000 0.514505
0.892402 0.369777 -0.258618
0.821212 0.260149 -0.507870
0.953691 0.130297 -0.271102
0.525731 -0.000000 -0.850651
0.689741 0.132464 -0.711836
0.690470 -0.129111 -0.711745
0.824280 -0.246467 -0.509721
0.857487 -0.000000 -0.514505
0.908196 -0.320268 -0.269460
0.954082 -0.126592 -0.271480
0.173516 0.604503 -0.777476
0.323107 0.421839 -0.847144
0.488693 0.580298 -0.651485
0.441415 0.209846 -0.872420
0.609527 0.368113 -0.702118
0.729390 0.499029 -0.467932
-0.173516 0.604503 -0.777476
-0.323107 0.421839 -0.847144
0.000000 0.434322 -0.900758
-0.525731 -0.000000 -0.850651
-0.441415 0.209846 -0.872420
-0.286015 -0.000000 -0.958225
0.000000 -0.000000 -1.000000
-0.152789 0.227909 -0.961620
0.286015 -0.000000 -0.958225
0.152789 0.227909 -0.961620
-0.442004 -0.201023 -0.874198
-0.327448 -0.347024 -0.878836
-0.153279 -0.216933 -0.964078
-0.000000 -0.634180 -0.773186
-0.189316 -0.467257 -0.863615
0.189316 -0.467257 -0.863615
0.327448 -0.347024 -0.878836
0.000000 -0.353539 -0.935420
0.442004 -0.201023 -0.874198
0.153279 -0.216933 -0.964078
0.367061 -0.659931 -0.655558
0.700060 -0.570414 -0.429586
0.538495 -0.449386 -0.712794
0.871336 -0.450490 -0.194505
0.774036 -0.390640 -0.498266
0.626431 -0.320000 -0.710763
-0.000000 -0.797572 -0.603223
0.546543 -0.775574 -0.315874
-0.000000 -0.634180 0.773186
-0.000000 -0.797572 0.603224
0.367061 -0.659931 0.655558
0.700060 -0.570414 0.429586
0.546543 -0.775574 0.315874
0.871336 -0.450490 0.194505
0.761273 -0.648432 0.000000
-0.367061 -0.659931 -0.655558
-0.700060 -0.570414 -0.429586
-0.546543 -0.775574 -0.315874
-0.933592 -0.358339 0.000000
-0.871336 -0.450490 -0.194505
-0.871336 -0.450490 0.194505
-0.700060 -0.570414 0.429586
-0.761273 -0.648432 0.000000
-0.367061 -0.659931 0.655558
-0.546543 -0.775574 0.315874
-0.908196 -0.320268 0.269460
-0.824280 -0.246467 0.509721
-0.774036 -0.390640 0.498266
-0.690470 -0.129111 0.711745
-0.442004 -0.201023 0.874198
-0.327448 -0.347024 0.878836
-0.626431 -0.320000 0.710763
-0.189316 -0.467257 0.863615
-0.538495 -0.449386 0.712794
-0.153279 -0.216933 0.964078
0.442004 -0.201023 0.874198
0.327448 -0.347024 0.878836
0.153279 -0.216933 0.964078
0.189316 -0.467257 0.863615
0.000000 -0.353539 0.935420
0.538495 -0.449386 0.712794
0.626431 -0.320000 0.710763
0.774036 -0.390640 0.498266
-0.970602 0.240690 0.000000
-0.953691 0.130297 0.271102
-1.000000 -0.000000 0.000000
-0.857487 -0.000000 0.514505
-0.973434 -0.228968 0.000000
-0.954082 -0.126592 0.271480
-0.892402 0.369777 -0.258618
-0.953691 0.130297 -0.271102
-0.821212 0.260149 -0.507870
-0.908196 -0.320267 -0.269460
-0.824281 -0.246467 -0.509721
-0.954082 -0.126592 -0.271480
-0.690470 -0.129111 -0.711745
-0.689741 0.132464 -0.711836
-0.857487 -0.000000 -0.514505
-0.729390 0.499029 -0.467932
-0.609527 0.368113 -0.702118
-0.488693 0.580298 -0.651485
-0.538495 -0.449386 -0.712794
-0.626431 -0.320000 -0.710763
-0.774036 -0.390640 -0.498266
314
0 0 1 2 0 1 2 1
0 3 2 4 3 2 4 1
0 5 4 1 5 4 1 1
0 2 1 4 2 1 4 1
0 6 7 8 6 7 8 1
0 9 8 10 9 8 10 1
0 3 10 7 3 10 7 1
0 8 7 10 8 7 10 1
0 11 12 13 11 12 13 1
0 5 13 14 5 13 14 1
0 9 14 12 9 14 12 1
0 13 12 14 13 12 14 1
0 3 4 10 3 4 10 1
0 9 10 14 9 10 14 1
0 5 14 4 5 14 4 1
0 10 4 14 10 4 14 1
0 0 2 15 0 2 15 1
0 16 15 17 16 15 17 1
0 3 17 2 3 17 2 1
0 15 2 17 15 2 17 1
0 18 19 20 18 19 20 1
0 21 20 22 21 20 22 1
0 16 22 19 16 22 19 1
0 20 19 22 20 19 22 1
0 6 23 7 6 23 7 1
0 3 7 24 3 7 24 1
0 21 24 23 21 24 23 1
0 7 23 24 7 23 24 1
0 16 17 22 16 17 22 1
0 21 22 24 21 22 24 1
0 3 24 17 3 24 17 1
0 22 17 24 22 17 24 1
0 18 20 25 18 20 25 1
0 26 25 27 26 25 27 1
0 21 27 20 21 27 20 1
0 25 20 27 25 20 27 1
0 28 29 30 28 29 30 1
0 31 30 32 31 30 32 1
0 26 32 29 26 32 29 1
0 30 29 32 30 29 32 1
0 6 33 23 6 33 23 1
0 21 23 34 21 23 34 1
0 31 34 33 31 34 33 1
0 23 33 34 23 33 34 1
0 26 27 32 26 27 32 1
0 31 32 34 31 32 34 1
0 21 34 27 21 34 27 1
0 32 27 34 32 27 34 1
0 6 35 33 6 35 33 1
0 31 33 36 31 33 36 1
0 37 36 35 37 36 35 1
0 33 35 36 33 35 36 1
0 28 30 38 28 30 38 1
0 39 38 40 39 38 40 1
0 31 40 30 31 40 30 1
0 38 30 40 38 30 40 1
0 41 42 43 41 42 43 1
0 37 43 44 37 43 44 1
0 39 44 42 39 44 42 1
0 43 42 44 43 42 44 1
0 31 36 40 31 36 40 1
0 39 40 44 39 40 44 1
0 37 44 36 37 44 36 1
0 40 36 44 40 36 44 1
0 6 8 35 6 8 35 1
0 37 35 45 37 35 45 1
0 9 45 8 9 45 8 1
0 35 8 45 35 8 45 1
0 41 43 46 41 43 46 1
0 47 46 48 47 46 48 1
0 37 48 43 37 48 43 1
0 46 43 48 46 43 48 1
0 11 49 12 11 49 12 1
0 9 12 50 9 12 50 1
0 47 50 49 47 50 49 1
0 12 49 50 12 49 50 1
0 37 45 48 37 45 48 1
0 47 48 50 47 48 50 1
0 9 50 45 9 50 45 1
0 48 45 50 48 45 50 1
0 41 46 51 41 46 51 1
0 52 51 53 52 51 53 1
0 47 53 46 47 53 46 1
0 51 46 53 51 46 53 1
0 54 55 56 54 55 56 1
0 57 56 58 57 56 58 1
0 52 58 55 52 58 55 1
0 56 55 58 56 55 58 1
0 11 59 49 11 59 49 1
0 47 49 60 47 49 60 1
0 57 60 59 57 60 59 1
0 49 59 60 49 59 60 1
0 52 53 58 52 53 58 1
0 57 58 60 57 58 60 1
0 47 60 53 47 60 53 1
0 58 53 60 58 53 60 1
0 41 51 61 41 51 61 1
0 62 61 63 62 61 63 1
0 52 63 51 52 63 51 1
0 61 51 63 61 51 63 1
0 64 65 66 64 65 66 1
0 67 66 68 67 66 68 1
0 62 68 65 62 68 65 1
0 66 65 68 66 65 68 1
0 54 69 55 54 69 55 1
0 52 55 70 52 55 70 1
0 67 70 69 67 70 69 1
0 55 69 70 55 69 70 1
0 62 63 68 62 63 68 1
0 67 68 70 67 68 70 1
0 52 70 63 52 70 63 1
0 68 63 70 68 63 70 1
0 28 38 71 28 38 71 1
0 72 71 73 72 71 73 1
0 39 73 38 39 73 38 1
0 71 38 73 71 38 73 1
0 64 74 65 64 74 65 1
0 62 65 75 62 65 75 1
0 72 75 74 72 75 74 1
0 65 74 75 65 74 75 1
0 41 61 42 41 61 42 1
0 39 42 76 39 42 76 1
0 62 76 61 62 76 61 1
0 42 61 76 42 61 76 1
0 72 73 75 72 73 75 1
0 62 75 76 62 75 76 1
0 39 76 73 39 76 73 1
0 75 73 76 75 73 76 1
0 28 71 77 28 71 77 1
0 78 77 79 78 77 79 1
0 72 79 71 72 79 71 1
0 77 71 79 77 71 79 1
0 80 81 82 80 81 82 1
0 83 82 84 83 82 84 1
0 78 84 81 78 84 81 1
0 82 81 84 82 81 84 1
0 64 85 74 64 85 74 1
0 72 74 86 72 74 86 1
0 83 86 85 83 86 85 1
0 74 85 86 74 85 86 1
0 78 79 84 78 79 84 1
0 83 84 86 83 84 86 1
0 72 86 79 72 86 79 1
0 84 79 86 84 79 86 1
0 80 82 87 80 82 87 1
0 88 87 89 88 87 89 1
0 83 89 82 83 89 82 1
0 87 82 89 87 82 89 1
0 90 91 92 90 91 92 1
0 93 92 94 93 92 94 1
0 88 94 91 88 94 91 1
0 92 91 94 92 91 94 1
0 64 95 85 64 95 85 1
0 83 85 96 83 85 96 1
0 93 96 95 93 96 95 1
0 85 95 96 85 95 96 1
0 88 89 94 88 89 94 1
0 93 94 96 93 94 96 1
0 83 96 89 83 96 89 1
0 94 89 96 94 89 96 1
0 90 92 97 90 92 97 1
0 98 97 99 98 97 99 1
0 93 99 92 93 99 92 1
0 97 92 99 97 92 99 1
0 54 100 69 54 100 69 1
0 67 69 101 67 69 101 1
0 98 101 100 98 101 100 1
0 69 100 101 69 100 101 1
0 64 66 95 64 66 95 1
0 93 95 102 93 95 102 1
0 67 102 66 67 102 66 1
0 95 66 102 95 66 102 1
0 98 99 101 98 99 101 1
0 67 101 102 67 101 102 1
0 93 102 99 93 102 99 1
0 101 99 102 101 99 102 1
0 90 97 103 90 97 103 1
0 98 104 97 98 104 97 1
0 103 97 104 103 97 104 1
0 105 106 107 105 106 107 1
0 108 107 109 108 107 109 1
0 107 106 109 107 106 109 1
0 54 110 100 54 110 100 1
0 98 100 111 98 100 111 1
0 108 111 110 108 111 110 1
0 100 110 111 100 110 111 1
0 108 109 111 108 109 111 1
0 98 111 104 98 111 104 1
0 109 104 111 109 104 111 1
0 90 103 112 90 103 112 1
0 113 112 114 113 112 114 1
0 112 103 114 112 103 114 1
0 115 116 117 115 116 117 1
0 118 117 119 118 117 119 1
0 113 119 116 113 119 116 1
0 117 116 119 117 116 119 1
0 105 120 106 105 120 106 1
0 118 121 120 118 121 120 1
0 106 120 121 106 120 121 1
0 113 114 119 113 114 119 1
0 118 119 121 118 119 121 1
0 119 114 121 119 114 121 1
0 115 117 122 115 117 122 1
0 123 122 124 123 122 124 1
0 118 124 117 118 124 117 1
0 122 117 124 122 117 124 1
0 0 125 126 0 125 126 1
0 127 126 128 127 126 128 1
0 123 128 125 123 128 125 1
0 126 125 128 126 125 128 1
0 105 129 120 105 129 120 1
0 118 120 130 118 120 130 1
0 127 130 129 127 130 129 1
0 120 129 130 120 129 130 1
0 123 124 128 123 124 128 1
0 127 128 130 127 128 130 1
0 118 130 124 118 130 124 1
0 128 124 130 128 124 130 1
0 0 126 1 0 126 1 1
0 5 1 131 5 1 131 1
0 127 131 126 127 131 126 1
0 1 126 131 1 126 131 1
0 11 13 132 11 13 132 1
0 133 132 134 133 132 134 1
0 5 134 13 5 134 13 1
0 132 13 134 132 13 134 1
0 105 135 129 105 135 129 1
0 127 129 136 127 129 136 1
0 133 136 135 133 136 135 1
0 129 135 136 129 135 136 1
0 5 131 134 5 131 134 1
0 133 134 136 133 134 136 1
0 127 136 131 127 136 131 1
0 134 131 136 134 131 136 1
0 105 107 135 105 107 135 1
0 133 135 137 133 135 137 1
0 108 137 107 108 137 107 1
0 135 107 137 135 107 137 1
0 11 132 59 11 132 59 1
0 57 59 138 57 59 138 1
0 133 138 132 133 138 132 1
0 59 132 138 59 132 138 1
0 54 56 110 54 56 110 1
0 108 110 139 108 110 139 1
0 57 139 56 57 139 56 1
0 110 56 139 110 56 139 1
0 133 137 138 133 137 138 1
0 57 138 139 57 138 139 1
0 108 139 137 108 139 137 1
0 138 137 139 138 137 139 1
0 18 140 19 18 140 19 1
0 16 19 141 16 19 141 1
0 142 141 140 142 141 140 1
0 19 140 141 19 140 141 1
0 0 15 125 0 15 125 1
0 123 125 143 123 125 143 1
0 16 143 15 16 143 15 1
0 125 15 143 125 15 143 1
0 115 122 144 115 122 144 1
0 142 144 145 142 144 145 1
0 123 145 122 123 145 122 1
0 144 122 145 144 122 145 1
0 16 141 143 16 141 143 1
0 123 143 145 123 143 145 1
0 142 145 141 142 145 141 1
0 143 141 145 143 141 145 1
0 18 146 140 18 146 140 1
0 142 140 147 142 140 147 1
0 148 147 146 148 147 146 1
0 140 146 147 140 146 147 1
0 115 144 149 115 144 149 1
0 150 149 151 150 149 151 1
0 142 151 144 142 151 144 1
0 149 144 151 149 144 151 1
0 80 152 153 80 152 153 1
0 148 153 154 148 153 154 1
0 150 154 152 150 154 152 1
0 153 152 154 153 152 154 1
0 142 147 151 142 147 151 1
0 150 151 154 150 151 154 1
0 148 154 147 148 154 147 1
0 151 147 154 151 147 154 1
0 18 25 146 18 25 146 1
0 148 146 155 148 146 155 1
0 26 155 25 26 155 25 1
0 146 25 155 146 25 155 1
0 80 153 81 80 153 81 1
0 78 81 156 78 81 156 1
0 148 156 153 148 156 153 1
0 81 153 156 81 153 156 1
0 28 77 29 28 77 29 1
0 26 29 157 26 29 157 1
0 78 157 77 78 157 77 1
0 29 77 157 29 77 157 1
0 148 155 156 148 155 156 1
0 78 156 157 78 156 157 1
0 26 157 155 26 157 155 1
0 156 155 157 156 155 157 1
0 90 112 91 90 112 91 1
0 88 91 158 88 91 158 1
0 113 158 112 113 158 112 1
0 91 112 158 91 112 158 1
0 80 87 152 80 87 152 1
0 150 152 159 150 152 159 1
0 88 159 87 88 159 87 1
0 152 87 159 152 87 159 1
0 115 149 116 115 149 116 1
0 113 116 160 113 116 160 1
0 150 160 149 150 160 149 1
0 116 149 160 116 149 160 1
0 88 158 159 88 158 159 1
0 150 159 160 150 159 160 1
0 113 160 158 113 160 158 1
0 159 158 160 159 158 160 1

Materials: 1
"Material01"
0.800000 0.800000 0.800000 1.000000
0.800000 0.800000 0.800000 1.000000
0.000000 0.000000 0.000000 1.000000
0.000000 0.000000 0.000000 1.000000
0.000000
1.000000
".\black.bmp"
""

Bones: 0
