// MilkShape 3D ASCII

Frames: 30
Frame: 1

Meshes: 10
"Cylinder01" 0 0
27
0 0.875000 25.964287 -7.375000 0.000000 0.000000 -1
0 0.437500 25.964287 -6.617228 0.000000 0.000000 -1
0 0.000000 25.964287 -7.375000 0.000000 0.000000 -1
0 0.875000 35.214287 -7.375000 0.000000 0.000000 -1
0 0.000000 37.658730 -7.375000 0.000000 0.000000 -1
0 0.437500 35.214287 -6.617228 0.000000 0.000000 -1
0 0.875000 25.964287 -7.375000 0.000000 1.000000 -1
0 0.437500 25.964287 -6.617228 0.166667 1.000000 -1
0 0.437500 35.214287 -6.617228 0.166667 0.000000 -1
0 -0.437500 25.964287 -6.617228 0.000000 0.000000 -1
0 -0.437500 35.214287 -6.617228 0.000000 0.000000 -1
0 -0.437500 35.214287 -6.617228 0.333333 0.000000 -1
0 -0.437500 25.964287 -6.617228 0.333333 1.000000 -1
0 -0.875000 25.964287 -7.375000 0.000000 0.000000 -1
0 -0.875000 35.214287 -7.375000 0.000000 0.000000 -1
0 -0.875000 25.964287 -7.375000 0.500000 1.000000 -1
0 -0.875000 35.214287 -7.375000 0.500000 0.000000 -1
0 -0.437500 25.964287 -8.132772 0.000000 0.000000 -1
0 -0.437500 35.214287 -8.132772 0.000000 0.000000 -1
0 -0.437500 35.214287 -8.132772 0.666667 0.000000 -1
0 -0.437500 25.964287 -8.132772 0.666667 1.000000 -1
0 0.437500 25.964287 -8.132772 0.000000 0.000000 -1
0 0.437500 35.214287 -8.132772 0.000000 0.000000 -1
0 0.437500 25.964287 -8.132772 0.833333 1.000000 -1
0 0.437500 35.214287 -8.132772 0.833333 0.000000 -1
0 0.875000 35.214287 -7.375000 1.000000 0.000000 -1
0 0.875000 25.964287 -7.375000 1.000000 1.000000 -1
16
0.000000 -1.000000 0.000000
0.941500 0.337014 0.000000
0.000000 1.000000 -0.000000
0.470750 0.337014 0.815362
1.000000 0.000000 0.000000
0.500000 0.000000 0.866025
-0.470750 0.337014 0.815362
-0.500000 0.000000 0.866025
-0.500000 0.000000 0.866025
-0.941500 0.337014 0.000000
-1.000000 0.000000 0.000000
-0.470750 0.337014 -0.815362
-0.500000 0.000000 -0.866025
0.470750 0.337014 -0.815362
0.500000 0.000000 -0.866025
0.500000 0.000000 -0.866025
24
0 0 1 2 0 0 0 2
0 3 4 5 1 2 3 2
0 6 3 7 4 4 5 1
0 3 8 7 4 5 5 1
0 1 9 2 0 0 0 2
0 5 4 10 3 2 6 2
0 7 8 11 5 5 7 1
0 7 11 12 5 7 8 1
0 9 13 2 0 0 0 2
0 10 4 14 6 2 9 2
0 12 11 15 8 7 10 1
0 11 16 15 7 10 10 1
0 13 17 2 0 0 0 2
0 14 4 18 9 2 11 2
0 15 16 19 10 10 12 1
0 15 19 20 10 12 12 1
0 17 21 2 0 0 0 2
0 18 4 22 11 2 13 2
0 20 19 23 12 12 14 1
0 19 24 23 12 15 14 1
0 21 0 2 0 0 0 2
0 22 4 3 13 2 1 2
0 23 24 25 14 15 4 1
0 23 25 26 14 4 4 1
"Cylinder02" 1 1
14
1 3.166667 19.944437 -7.411111 0.499719 0.298603 -1
1 1.583333 19.944437 -4.668697 0.044733 0.298603 -1
1 0.000000 4.611112 -7.411111 0.499719 0.924338 -1
1 3.166667 24.722216 -7.411111 0.499719 0.103627 -1
1 0.000000 27.055548 -7.411111 0.499719 0.008407 -1
1 1.583333 24.722216 -4.668697 0.044733 0.103627 -1
1 -1.583333 19.944437 -4.668697 0.044733 0.298603 -1
1 -1.583333 24.722216 -4.668697 0.044733 0.103627 -1
1 -3.166667 19.944437 -7.411111 0.499719 0.298603 -1
1 -3.166667 24.722216 -7.411111 0.499719 0.103627 -1
1 -1.583333 19.944437 -10.153525 0.954704 0.298603 -1
1 -1.583333 24.722216 -10.153525 0.954704 0.103627 -1
1 1.583333 19.944437 -10.153525 0.954704 0.298603 -1
1 1.583333 24.722216 -10.153525 0.954704 0.103627 -1
21
0.979333 -0.202254 0.000000
0.489667 -0.202254 0.848127
0.000000 -1.000000 0.000000
0.593199 0.805056 0.000000
0.000000 1.000000 0.000000
0.296599 0.805056 0.513725
1.000000 0.000000 0.000000
0.500000 0.000000 0.866025
-0.489667 -0.202254 0.848127
-0.296599 0.805056 0.513725
-0.500000 0.000000 0.866025
-0.979333 -0.202254 0.000000
-0.593199 0.805056 0.000000
-1.000000 0.000000 0.000000
-0.489667 -0.202254 -0.848127
-0.296599 0.805056 -0.513725
-0.500000 0.000000 -0.866025
0.489667 -0.202254 -0.848127
0.296599 0.805056 -0.513725
0.500000 0.000000 -0.866025
0.500000 0.000000 -0.866025
24
1 0 1 2 0 1 2 2
1 3 4 5 3 4 5 2
1 0 3 1 6 6 7 1
1 3 5 1 6 7 7 1
1 1 6 2 1 8 2 2
1 5 4 7 5 4 9 2
1 1 5 7 7 7 10 1
1 1 7 6 7 10 10 1
1 6 8 2 8 11 2 2
1 7 4 9 9 4 12 2
1 6 7 8 10 10 13 1
1 7 9 8 10 13 13 1
1 8 10 2 11 14 2 2
1 9 4 11 12 4 15 2
1 8 9 11 13 13 16 1
1 8 11 10 13 16 16 1
1 10 12 2 14 17 2 2
1 11 4 13 15 4 18 2
1 10 11 12 16 16 19 1
1 11 13 12 16 20 19 1
1 12 0 2 17 0 2 2
1 13 4 3 18 4 3 2
1 12 13 3 19 20 6 1
1 12 3 0 19 6 6 1
"Duplicate01" 0 0
27
0 5.541667 8.964287 0.015476 0.000000 0.000000 -1
0 5.104167 8.964287 0.773248 0.000000 0.000000 -1
0 4.666667 8.964287 0.015476 0.000000 0.000000 -1
0 5.541667 18.214283 0.015476 0.000000 0.000000 -1
0 4.666667 20.658733 0.015476 0.000000 0.000000 -1
0 5.104167 18.214283 0.773248 0.000000 0.000000 -1
0 5.541667 8.964287 0.015476 0.000000 1.000000 -1
0 5.104167 8.964287 0.773248 0.166667 1.000000 -1
0 5.104167 18.214283 0.773248 0.166667 0.000000 -1
0 4.229167 8.964287 0.773248 0.000000 0.000000 -1
0 4.229167 18.214283 0.773248 0.000000 0.000000 -1
0 4.229167 18.214283 0.773248 0.333333 0.000000 -1
0 4.229167 8.964287 0.773248 0.333333 1.000000 -1
0 3.791667 8.964287 0.015476 0.000000 0.000000 -1
0 3.791667 18.214283 0.015476 0.000000 0.000000 -1
0 3.791667 8.964287 0.015476 0.500000 1.000000 -1
0 3.791667 18.214283 0.015476 0.500000 0.000000 -1
0 4.229167 8.964287 -0.742296 0.000000 0.000000 -1
0 4.229167 18.214283 -0.742296 0.000000 0.000000 -1
0 4.229167 18.214283 -0.742296 0.666667 0.000000 -1
0 4.229167 8.964287 -0.742296 0.666667 1.000000 -1
0 5.104167 8.964287 -0.742296 0.000000 0.000000 -1
0 5.104167 18.214283 -0.742296 0.000000 0.000000 -1
0 5.104167 8.964287 -0.742296 0.833333 1.000000 -1
0 5.104167 18.214283 -0.742296 0.833333 0.000000 -1
0 5.541667 18.214283 0.015476 1.000000 0.000000 -1
0 5.541667 8.964287 0.015476 1.000000 1.000000 -1
16
0.000000 -1.000000 0.000000
0.941500 0.337013 0.000000
0.000000 1.000000 0.000000
0.470750 0.337013 0.815363
1.000000 0.000000 0.000000
0.500000 0.000000 0.866025
-0.470750 0.337013 0.815363
-0.500000 0.000000 0.866025
-0.500000 0.000000 0.866025
-0.941500 0.337013 0.000000
-1.000000 0.000000 0.000000
-0.470750 0.337013 -0.815363
-0.500000 0.000000 -0.866025
0.470750 0.337013 -0.815363
0.500000 0.000000 -0.866025
0.500000 0.000000 -0.866025
24
0 0 1 2 0 0 0 2
0 3 4 5 1 2 3 2
0 6 3 7 4 4 5 1
0 3 8 7 4 5 5 1
0 1 9 2 0 0 0 2
0 5 4 10 3 2 6 2
0 7 8 11 5 5 7 1
0 7 11 12 5 7 8 1
0 9 13 2 0 0 0 2
0 10 4 14 6 2 9 2
0 12 11 15 8 7 10 1
0 11 16 15 7 10 10 1
0 13 17 2 0 0 0 2
0 14 4 18 9 2 11 2
0 15 16 19 10 10 12 1
0 15 19 20 10 12 12 1
0 17 21 2 0 0 0 2
0 18 4 22 11 2 13 2
0 20 19 23 12 12 14 1
0 19 24 23 12 15 14 1
0 21 0 2 0 0 0 2
0 22 4 3 13 2 1 2
0 23 24 25 14 15 4 1
0 23 25 26 14 4 4 1
"Duplicate02" 0 0
27
0 -2.696429 17.364290 6.739286 0.000000 0.000000 -1
0 -3.133929 17.364290 7.497058 0.000000 0.000000 -1
0 -3.571429 17.364290 6.739286 0.000000 0.000000 -1
0 -2.696429 26.614288 6.739286 0.000000 0.000000 -1
0 -3.571429 29.058737 6.739286 0.000000 0.000000 -1
0 -3.133929 26.614288 7.497058 0.000000 0.000000 -1
0 -2.696429 17.364290 6.739286 0.000000 1.000000 -1
0 -3.133929 17.364290 7.497058 0.166667 1.000000 -1
0 -3.133929 26.614288 7.497058 0.166667 0.000000 -1
0 -4.008929 17.364290 7.497058 0.000000 0.000000 -1
0 -4.008929 26.614288 7.497058 0.000000 0.000000 -1
0 -4.008929 26.614288 7.497058 0.333333 0.000000 -1
0 -4.008929 17.364290 7.497058 0.333333 1.000000 -1
0 -4.446429 17.364290 6.739286 0.000000 0.000000 -1
0 -4.446429 26.614288 6.739286 0.000000 0.000000 -1
0 -4.446429 17.364290 6.739286 0.500000 1.000000 -1
0 -4.446429 26.614288 6.739286 0.500000 0.000000 -1
0 -4.008929 17.364290 5.981514 0.000000 0.000000 -1
0 -4.008929 26.614288 5.981514 0.000000 0.000000 -1
0 -4.008929 26.614288 5.981514 0.666667 0.000000 -1
0 -4.008929 17.364290 5.981514 0.666667 1.000000 -1
0 -3.133929 17.364290 5.981514 0.000000 0.000000 -1
0 -3.133929 26.614288 5.981514 0.000000 0.000000 -1
0 -3.133929 17.364290 5.981514 0.833333 1.000000 -1
0 -3.133929 26.614288 5.981514 0.833333 0.000000 -1
0 -2.696429 26.614288 6.739286 1.000000 0.000000 -1
0 -2.696429 17.364290 6.739286 1.000000 1.000000 -1
16
0.000000 -1.000000 0.000000
0.941500 0.337014 0.000000
0.000000 1.000000 0.000000
0.470750 0.337014 0.815363
1.000000 0.000000 0.000000
0.500000 0.000000 0.866025
-0.470750 0.337014 0.815363
-0.500000 0.000000 0.866025
-0.500000 0.000000 0.866025
-0.941500 0.337014 0.000000
-1.000000 0.000000 0.000000
-0.470750 0.337014 -0.815363
-0.500000 0.000000 -0.866025
0.470750 0.337014 -0.815363
0.500000 0.000000 -0.866025
0.500000 0.000000 -0.866025
24
0 0 1 2 0 0 0 2
0 3 4 5 1 2 3 2
0 6 3 7 4 4 5 1
0 3 8 7 4 5 5 1
0 1 9 2 0 0 0 2
0 5 4 10 3 2 6 2
0 7 8 11 5 5 7 1
0 7 11 12 5 7 8 1
0 9 13 2 0 0 0 2
0 10 4 14 6 2 9 2
0 12 11 15 8 7 10 1
0 11 16 15 7 10 10 1
0 13 17 2 0 0 0 2
0 14 4 18 9 2 11 2
0 15 16 19 10 10 12 1
0 15 19 20 10 12 12 1
0 17 21 2 0 0 0 2
0 18 4 22 11 2 13 2
0 20 19 23 12 12 14 1
0 19 24 23 12 15 14 1
0 21 0 2 0 0 0 2
0 22 4 3 13 2 1 2
0 23 24 25 14 15 4 1
0 23 25 26 14 4 4 1
"Duplicate03" 0 0
27
0 -2.267857 -7.235709 -3.736905 0.000000 0.000000 -1
0 -2.705357 -7.235709 -2.979132 0.000000 0.000000 -1
0 -3.142857 -7.235709 -3.736905 0.000000 0.000000 -1
0 -2.267857 2.014288 -3.736905 0.000000 0.000000 -1
0 -3.142857 4.458738 -3.736905 0.000000 0.000000 -1
0 -2.705357 2.014288 -2.979132 0.000000 0.000000 -1
0 -2.267857 -7.235709 -3.736905 0.000000 1.000000 -1
0 -2.705357 -7.235709 -2.979132 0.166667 1.000000 -1
0 -2.705357 2.014288 -2.979132 0.166667 0.000000 -1
0 -3.580357 -7.235709 -2.979132 0.000000 0.000000 -1
0 -3.580357 2.014288 -2.979132 0.000000 0.000000 -1
0 -3.580357 2.014288 -2.979132 0.333333 0.000000 -1
0 -3.580357 -7.235709 -2.979132 0.333333 1.000000 -1
0 -4.017858 -7.235709 -3.736905 0.000000 0.000000 -1
0 -4.017858 2.014288 -3.736905 0.000000 0.000000 -1
0 -4.017858 -7.235709 -3.736905 0.500000 1.000000 -1
0 -4.017858 2.014288 -3.736905 0.500000 0.000000 -1
0 -3.580357 -7.235709 -4.494678 0.000000 0.000000 -1
0 -3.580357 2.014288 -4.494678 0.000000 0.000000 -1
0 -3.580357 2.014288 -4.494678 0.666667 0.000000 -1
0 -3.580357 -7.235709 -4.494678 0.666667 1.000000 -1
0 -2.705357 -7.235709 -4.494678 0.000000 0.000000 -1
0 -2.705357 2.014288 -4.494678 0.000000 0.000000 -1
0 -2.705357 -7.235709 -4.494678 0.833333 1.000000 -1
0 -2.705357 2.014288 -4.494678 0.833333 0.000000 -1
0 -2.267857 2.014288 -3.736905 1.000000 0.000000 -1
0 -2.267857 -7.235709 -3.736905 1.000000 1.000000 -1
14
0.000000 -1.000000 0.000000
0.941500 0.337013 0.000000
0.000000 1.000000 -0.000000
0.470750 0.337013 0.815363
1.000000 0.000000 0.000000
0.500000 0.000000 0.866025
-0.470750 0.337013 0.815363
-0.500000 0.000000 0.866025
-0.941500 0.337013 0.000000
-1.000000 0.000000 0.000000
-0.470750 0.337013 -0.815363
-0.500000 0.000000 -0.866025
0.470750 0.337013 -0.815363
0.500000 0.000000 -0.866025
24
0 0 1 2 0 0 0 2
0 3 4 5 1 2 3 2
0 6 3 7 4 4 5 1
0 3 8 7 4 5 5 1
0 1 9 2 0 0 0 2
0 5 4 10 3 2 6 2
0 7 8 11 5 5 7 1
0 7 11 12 5 7 7 1
0 9 13 2 0 0 0 2
0 10 4 14 6 2 8 2
0 12 11 15 7 7 9 1
0 11 16 15 7 9 9 1
0 13 17 2 0 0 0 2
0 14 4 18 8 2 10 2
0 15 16 19 9 9 11 1
0 15 19 20 9 11 11 1
0 17 21 2 0 0 0 2
0 18 4 22 10 2 12 2
0 20 19 23 11 11 13 1
0 19 24 23 11 13 13 1
0 21 0 2 0 0 0 2
0 22 4 3 12 2 1 2
0 23 24 25 13 13 4 1
0 23 25 26 13 4 4 1
"Duplicate04" 0 0
27
0 -0.077381 -14.435708 1.386905 0.000000 0.000000 -1
0 -0.514881 -14.435708 2.144677 0.000000 0.000000 -1
0 -0.952381 -14.435708 1.386905 0.000000 0.000000 -1
0 -0.077381 -5.185712 1.386905 0.000000 0.000000 -1
0 -0.952381 -2.741261 1.386905 0.000000 0.000000 -1
0 -0.514881 -5.185712 2.144677 0.000000 0.000000 -1
0 -0.077381 -14.435708 1.386905 0.000000 1.000000 -1
0 -0.514881 -14.435708 2.144677 0.166667 1.000000 -1
0 -0.514881 -5.185712 2.144677 0.166667 0.000000 -1
0 -1.389881 -14.435708 2.144677 0.000000 0.000000 -1
0 -1.389881 -5.185712 2.144677 0.000000 0.000000 -1
0 -1.389881 -5.185712 2.144677 0.333333 0.000000 -1
0 -1.389881 -14.435708 2.144677 0.333333 1.000000 -1
0 -1.827381 -14.435708 1.386905 0.000000 0.000000 -1
0 -1.827381 -5.185712 1.386905 0.000000 0.000000 -1
0 -1.827381 -14.435708 1.386905 0.500000 1.000000 -1
0 -1.827381 -5.185712 1.386905 0.500000 0.000000 -1
0 -1.389881 -14.435708 0.629132 0.000000 0.000000 -1
0 -1.389881 -5.185712 0.629132 0.000000 0.000000 -1
0 -1.389881 -5.185712 0.629132 0.666667 0.000000 -1
0 -1.389881 -14.435708 0.629132 0.666667 1.000000 -1
0 -0.514881 -14.435708 0.629132 0.000000 0.000000 -1
0 -0.514881 -5.185712 0.629132 0.000000 0.000000 -1
0 -0.514881 -14.435708 0.629132 0.833333 1.000000 -1
0 -0.514881 -5.185712 0.629132 0.833333 0.000000 -1
0 -0.077381 -5.185712 1.386905 1.000000 0.000000 -1
0 -0.077381 -14.435708 1.386905 1.000000 1.000000 -1
17
0.000000 -1.000000 0.000000
0.941500 0.337013 0.000000
0.000000 1.000000 0.000000
0.470750 0.337013 0.815363
1.000000 0.000000 0.000000
1.000000 0.000000 0.000000
0.500000 0.000000 0.866025
-0.470750 0.337013 0.815363
-0.500000 0.000000 0.866025
-0.500000 0.000000 0.866025
-0.941500 0.337013 0.000000
-1.000000 0.000000 0.000000
-1.000000 0.000000 0.000000
-0.470750 0.337013 -0.815363
-0.500000 0.000000 -0.866025
0.470750 0.337013 -0.815363
0.500000 0.000000 -0.866025
24
0 0 1 2 0 0 0 2
0 3 4 5 1 2 3 2
0 6 3 7 4 5 6 1
0 3 8 7 5 6 6 1
0 1 9 2 0 0 0 2
0 5 4 10 3 2 7 2
0 7 8 11 6 6 8 1
0 7 11 12 6 8 9 1
0 9 13 2 0 0 0 2
0 10 4 14 7 2 10 2
0 12 11 15 9 8 11 1
0 11 16 15 8 12 11 1
0 13 17 2 0 0 0 2
0 14 4 18 10 2 13 2
0 15 16 19 11 12 14 1
0 15 19 20 11 14 14 1
0 17 21 2 0 0 0 2
0 18 4 22 13 2 15 2
0 20 19 23 14 14 16 1
0 19 24 23 14 16 16 1
0 21 0 2 0 0 0 2
0 22 4 3 15 2 1 2
0 23 24 25 16 16 5 1
0 23 25 26 16 5 4 1
"Duplicate05" 0 1
14
0 0.023809 -13.655561 -3.744444 0.501051 0.298769 -1
0 -1.559524 -13.655561 -1.002031 0.043099 0.298769 -1
0 -3.142857 -28.988888 -3.744444 0.501051 0.922457 -1
0 0.023809 -8.877783 -3.744444 0.501051 0.104432 -1
0 -3.142857 -6.544451 -3.744444 0.501051 0.009523 -1
0 -1.559524 -8.877783 -1.002031 0.043099 0.104432 -1
0 -4.726190 -13.655561 -1.002031 0.043099 0.298769 -1
0 -4.726190 -8.877783 -1.002031 0.043099 0.104432 -1
0 -6.309524 -13.655561 -3.744444 0.501051 0.298769 -1
0 -6.309524 -8.877783 -3.744444 0.501051 0.104432 -1
0 -4.726190 -13.655561 -6.486858 0.959003 0.298769 -1
0 -4.726190 -8.877783 -6.486858 0.959003 0.104432 -1
0 -1.559524 -13.655561 -6.486858 0.959003 0.298769 -1
0 -1.559524 -8.877783 -6.486858 0.959003 0.104432 -1
21
0.979333 -0.202254 0.000000
0.489667 -0.202254 0.848127
0.000000 -1.000000 0.000000
0.593199 0.805056 0.000000
-0.000000 1.000000 0.000000
0.296599 0.805056 0.513725
1.000000 0.000000 0.000000
1.000000 0.000000 0.000000
0.500000 0.000000 0.866025
-0.489667 -0.202254 0.848127
-0.296599 0.805056 0.513725
-0.500000 0.000000 0.866025
-0.979333 -0.202254 0.000000
-0.593199 0.805056 0.000000
-1.000000 0.000000 0.000000
-0.489667 -0.202254 -0.848127
-0.296599 0.805056 -0.513725
-0.500000 0.000000 -0.866025
0.489667 -0.202254 -0.848127
0.296599 0.805056 -0.513725
0.500000 0.000000 -0.866025
24
0 0 1 2 0 1 2 2
0 3 4 5 3 4 5 2
0 0 3 1 6 7 8 1
0 3 5 1 7 8 8 1
0 1 6 2 1 9 2 2
0 5 4 7 5 4 10 2
0 1 5 7 8 8 11 1
0 1 7 6 8 11 11 1
0 6 8 2 9 12 2 2
0 7 4 9 10 4 13 2
0 6 7 8 11 11 14 1
0 7 9 8 11 14 14 1
0 8 10 2 12 15 2 2
0 9 4 11 13 4 16 2
0 8 9 11 14 14 17 1
0 8 11 10 14 17 17 1
0 10 12 2 15 18 2 2
0 11 4 13 16 4 19 2
0 10 11 12 17 17 20 1
0 11 13 12 17 20 20 1
0 12 0 2 18 0 2 2
0 13 4 3 19 4 3 2
0 12 13 3 20 20 7 1
0 12 3 0 20 7 6 1
"Duplicate06" 0 1
14
0 7.833332 2.544435 0.017461 0.500614 0.284546 -1
0 6.250000 2.544435 2.759874 0.049711 0.284546 -1
0 4.666667 -12.788889 0.017461 0.500614 0.896696 -1
0 7.833332 7.322213 0.017461 0.500614 0.093803 -1
0 4.666667 9.655545 0.017461 0.500614 0.000650 -1
0 6.250000 7.322213 2.759874 0.049711 0.093803 -1
0 3.083333 2.544435 2.759874 0.049711 0.284546 -1
0 3.083333 7.322213 2.759874 0.049711 0.093803 -1
0 1.500000 2.544435 0.017461 0.500614 0.284546 -1
0 1.500000 7.322213 0.017461 0.500614 0.093803 -1
0 3.083333 2.544435 -2.724953 0.951517 0.284546 -1
0 3.083333 7.322213 -2.724953 0.951517 0.093803 -1
0 6.250000 2.544435 -2.724953 0.951517 0.284546 -1
0 6.250000 7.322213 -2.724953 0.951517 0.093803 -1
22
0.979333 -0.202254 0.000000
0.489667 -0.202254 0.848127
0.000000 -1.000000 0.000000
0.593199 0.805056 0.000000
0.000000 1.000000 0.000000
0.296600 0.805056 0.513725
1.000000 0.000000 0.000000
0.500000 0.000000 0.866025
-0.489667 -0.202254 0.848127
-0.296599 0.805056 0.513725
-0.500000 0.000000 0.866025
-0.500000 0.000000 0.866025
-0.979333 -0.202254 0.000000
-0.593199 0.805056 0.000000
-1.000000 0.000000 0.000000
-1.000000 0.000000 0.000000
-0.489667 -0.202254 -0.848127
-0.296599 0.805056 -0.513725
-0.500000 0.000000 -0.866025
0.489667 -0.202254 -0.848127
0.296600 0.805056 -0.513725
0.500000 0.000000 -0.866025
24
0 0 1 2 0 1 2 2
0 3 4 5 3 4 5 2
0 0 3 1 6 6 7 1
0 3 5 1 6 7 7 1
0 1 6 2 1 8 2 2
0 5 4 7 5 4 9 2
0 1 5 7 7 7 10 1
0 1 7 6 7 10 11 1
0 6 8 2 8 12 2 2
0 7 4 9 9 4 13 2
0 6 7 8 11 10 14 1
0 7 9 8 10 15 14 1
0 8 10 2 12 16 2 2
0 9 4 11 13 4 17 2
0 8 9 11 14 15 18 1
0 8 11 10 14 18 18 1
0 10 12 2 16 19 2 2
0 11 4 13 17 4 20 2
0 10 11 12 18 18 21 1
0 11 13 12 18 21 21 1
0 12 0 2 19 0 2 2
0 13 4 3 20 4 3 2
0 12 13 3 21 21 6 1
0 12 3 0 21 6 6 1
"Duplicate07" 0 1
14
0 2.214284 -20.855564 1.398413 0.499884 0.285994 -1
0 0.630952 -20.855564 4.140826 0.018386 0.285994 -1
0 -0.952381 -36.188892 1.398413 0.499884 0.902007 -1
0 2.214284 -16.077785 1.398413 0.499884 0.094048 -1
0 -0.952381 -13.744452 1.398413 0.499884 0.000307 -1
0 0.630952 -16.077785 4.140826 0.018386 0.094048 -1
0 -2.535714 -20.855564 4.140826 0.018386 0.285994 -1
0 -2.535714 -16.077785 4.140826 0.018386 0.094048 -1
0 -4.119047 -20.855564 1.398413 0.499884 0.285994 -1
0 -4.119047 -16.077785 1.398413 0.499884 0.094048 -1
0 -2.535714 -20.855564 -1.344001 0.981382 0.285994 -1
0 -2.535714 -16.077785 -1.344001 0.981382 0.094048 -1
0 0.630952 -20.855564 -1.344001 0.981382 0.285994 -1
0 0.630952 -16.077785 -1.344001 0.981382 0.094048 -1
21
0.979333 -0.202254 0.000000
0.489667 -0.202254 0.848127
0.000000 -1.000000 0.000000
0.593199 0.805056 0.000000
0.000000 1.000000 0.000000
0.296600 0.805056 0.513725
1.000000 0.000000 0.000000
0.500000 0.000000 0.866025
-0.489667 -0.202254 0.848127
-0.296600 0.805056 0.513725
-0.500000 0.000000 0.866025
-0.979333 -0.202254 0.000000
-0.593199 0.805056 0.000000
-1.000000 0.000000 0.000000
-0.489667 -0.202254 -0.848127
-0.296600 0.805056 -0.513725
-0.500000 0.000000 -0.866025
0.489667 -0.202254 -0.848127
0.296600 0.805056 -0.513725
0.500000 0.000000 -0.866025
0.500000 0.000000 -0.866025
24
0 0 1 2 0 1 2 2
0 3 4 5 3 4 5 2
0 0 3 1 6 6 7 1
0 3 5 1 6 7 7 1
0 1 6 2 1 8 2 2
0 5 4 7 5 4 9 2
0 1 5 7 7 7 10 1
0 1 7 6 7 10 10 1
0 6 8 2 8 11 2 2
0 7 4 9 9 4 12 2
0 6 7 8 10 10 13 1
0 7 9 8 10 13 13 1
0 8 10 2 11 14 2 2
0 9 4 11 12 4 15 2
0 8 9 11 13 13 16 1
0 8 11 10 13 16 16 1
0 10 12 2 14 17 2 2
0 11 4 13 15 4 18 2
0 10 11 12 16 16 19 1
0 11 13 12 16 20 19 1
0 12 0 2 17 0 2 2
0 13 4 3 18 4 3 2
0 12 13 3 19 20 6 1
0 12 3 0 19 6 6 1
"Duplicate08" 0 1
14
0 -0.404763 10.944438 6.779365 0.499376 0.281443 -1
0 -1.988096 10.944438 9.521778 0.032678 0.281443 -1
0 -3.571429 -4.388889 6.779365 0.499376 0.885977 -1
0 -0.404763 15.722215 6.779365 0.499376 0.093074 -1
0 -3.571429 18.055550 6.779365 0.499376 0.001079 -1
0 -1.988096 15.722215 9.521778 0.032678 0.093074 -1
0 -5.154762 10.944438 9.521778 0.032678 0.281443 -1
0 -5.154762 15.722215 9.521778 0.032678 0.093074 -1
0 -6.738095 10.944438 6.779365 0.499376 0.281443 -1
0 -6.738095 15.722215 6.779365 0.499376 0.093074 -1
0 -5.154762 10.944438 4.036952 0.966073 0.281443 -1
0 -5.154762 15.722215 4.036952 0.966073 0.093074 -1
0 -1.988096 10.944438 4.036952 0.966073 0.281443 -1
0 -1.988096 15.722215 4.036952 0.966073 0.093074 -1
21
0.979333 -0.202254 -0.000000
0.489667 -0.202254 0.848127
0.000000 -1.000000 -0.000000
0.593199 0.805056 -0.000000
0.000000 1.000000 -0.000000
0.296600 0.805056 0.513726
1.000000 0.000000 -0.000000
0.500000 0.000000 0.866025
-0.489667 -0.202254 0.848127
-0.296600 0.805056 0.513726
-0.500000 0.000000 0.866025
-0.979333 -0.202254 -0.000000
-0.593199 0.805056 -0.000000
-1.000000 0.000000 -0.000000
-0.489667 -0.202254 -0.848127
-0.296600 0.805056 -0.513726
-0.500000 0.000000 -0.866025
0.489667 -0.202254 -0.848127
0.296600 0.805056 -0.513726
0.500000 0.000000 -0.866025
0.500000 0.000000 -0.866025
24
0 0 1 2 0 1 2 2
0 3 4 5 3 4 5 2
0 0 3 1 6 6 7 1
0 3 5 1 6 7 7 1
0 1 6 2 1 8 2 2
0 5 4 7 5 4 9 2
0 1 5 7 7 7 10 1
0 1 7 6 7 10 10 1
0 6 8 2 8 11 2 2
0 7 4 9 9 4 12 2
0 6 7 8 10 10 13 1
0 7 9 8 10 13 13 1
0 8 10 2 11 14 2 2
0 9 4 11 12 4 15 2
0 8 9 11 13 13 16 1
0 8 11 10 13 16 16 1
0 10 12 2 14 17 2 2
0 11 4 13 15 4 18 2
0 10 11 12 16 16 19 1
0 11 13 12 16 20 19 1
0 12 0 2 17 0 2 2
0 13 4 3 18 4 3 2
0 12 13 3 19 20 6 1
0 12 3 0 19 6 6 1

Materials: 2
"white"
0.8 0.8 0.8 1.0
0.8 0.8 0.8 1.0
0.5 0.5 0.5 1.0
0.000000 0.000000 0.000000 1.000000
0.000000
1.000000
".\white.bmp"
""

"yellow"
0.8 0.8 0.8 1.0
0.8 0.8 0.8 1.0
0.5 0.5 0.5 1.0
0.000000 0.000000 0.000000 1.000000
0.000000
1.000000
".\yellow.bmp"
".\gradient.bmp"

Bones: 0
