// MilkShape 3D ASCII

Frames: 30
Frame: 1

Meshes: 11
"turret" 0 0
63
0 -0.000008 21.604656 -29.351330 0.000000 0.000000 -1
0 -0.000001 24.048841 -15.802151 0.000000 0.000000 -1
0 9.713217 21.604656 -27.487844 0.000000 0.000000 -1
0 -0.000003 -0.218386 -35.697121 0.000000 1.000000 -1
0 -0.000001 19.160475 -32.857567 0.000000 0.500000 -1
0 11.925281 19.160475 -30.684099 0.066667 0.500000 -1
0 11.329017 -0.218386 -32.975502 0.066667 1.000000 -1
0 9.713217 21.604656 -27.487844 0.066667 0.000000 -1
0 17.746927 21.604656 -22.219603 0.000000 0.000000 -1
0 22.895258 -0.218386 -23.108685 0.133333 1.000000 -1
0 20.699141 19.160475 -24.539478 0.133333 0.500000 -1
0 17.746927 21.604656 -22.219603 0.133333 0.000000 -1
0 20.724688 21.604656 -9.888760 0.000000 0.000000 -1
0 24.172253 19.160475 -11.139082 0.200000 0.500000 -1
0 28.082874 -0.218385 -5.579263 0.200000 1.000000 -1
0 20.724688 21.604656 -9.888760 0.200000 0.000000 -1
0 24.127260 21.604656 0.313722 0.000000 0.000000 -1
0 31.473322 -0.218385 9.778896 0.266667 1.000000 -1
0 28.140852 19.160475 0.865766 0.266667 0.500000 -1
0 24.127260 21.604656 0.313722 0.266667 0.000000 -1
0 25.557653 21.604656 13.040178 0.000000 0.000000 -1
0 29.809195 19.160475 15.709272 0.333333 0.500000 -1
0 32.424625 -0.218385 24.720318 0.333333 1.000000 -1
0 25.557653 21.604656 13.040178 0.333333 0.000000 -1
0 25.084574 21.604656 18.771067 0.000000 0.000000 -1
0 31.824434 -0.218385 33.178226 0.400000 1.000000 -1
0 29.257418 19.160475 22.393496 0.400000 0.500000 -1
0 25.084574 21.604656 18.771067 0.400000 0.000000 -1
0 24.719620 21.604656 23.202229 0.000000 0.000000 -1
0 28.831753 19.160475 27.561775 0.466667 0.500000 -1
0 28.831753 -0.218385 39.717949 0.466667 1.000000 -1
0 24.719620 21.604656 23.202229 0.466667 0.000000 -1
0 -24.719627 21.604656 23.202234 0.000000 0.000000 -1
0 -28.831753 -0.218385 39.717972 0.533333 1.000000 -1
0 -28.831757 19.160475 27.561806 0.533333 0.500000 -1
0 -24.719627 21.604656 23.202234 0.533333 0.000000 -1
0 -25.084578 21.604656 18.771080 0.000000 0.000000 -1
0 -29.257423 19.160475 22.393524 0.600000 0.500000 -1
0 -31.824434 -0.218385 33.178265 0.600000 1.000000 -1
0 -25.084578 21.604656 18.771080 0.600000 0.000000 -1
0 -25.557663 21.604656 13.040190 0.000000 0.000000 -1
0 -32.424614 -0.218385 24.720324 0.666667 1.000000 -1
0 -29.809198 19.160475 15.709295 0.666667 0.500000 -1
0 -25.557663 21.604656 13.040190 0.666667 0.000000 -1
0 -24.127266 21.604656 0.313729 0.000000 0.000000 -1
0 -28.140858 19.160475 0.865771 0.733333 0.500000 -1
0 -31.473320 -0.218385 9.778900 0.733333 1.000000 -1
0 -24.127266 21.604656 0.313729 0.733333 0.000000 -1
0 -20.724705 21.604656 -9.888754 0.000000 0.000000 -1
0 -28.082903 -0.218385 -5.579257 0.800000 1.000000 -1
0 -24.172281 19.160475 -11.139082 0.800000 0.500000 -1
0 -20.724705 21.604656 -9.888754 0.800000 0.000000 -1
0 -17.746937 21.604656 -22.219599 0.000000 0.000000 -1
0 -20.699152 19.160475 -24.539480 0.866667 0.500000 -1
0 -22.895269 -0.218386 -23.108686 0.866667 1.000000 -1
0 -17.746937 21.604656 -22.219599 0.866667 0.000000 -1
0 -9.713224 21.604656 -27.487839 0.000000 0.000000 -1
0 -11.329024 -0.218386 -32.975494 0.933333 1.000000 -1
0 -11.925287 19.160475 -30.684095 0.933333 0.500000 -1
0 -9.713224 21.604656 -27.487839 0.933333 0.000000 -1
0 -0.000001 19.160475 -32.857567 1.000000 0.500000 -1
0 -0.000003 -0.218386 -35.697121 1.000000 1.000000 -1
0 -0.000008 21.604656 -29.351330 1.000000 0.000000 -1
61
-0.000000 0.984116 -0.177528
0.000000 0.998888 -0.047142
0.060872 0.985939 -0.155622
0.060810 0.133196 -0.989222
-0.062479 0.524565 -0.849075
0.347089 0.514125 -0.784350
0.452267 0.090992 -0.887229
0.033953 0.822720 -0.567432
0.200535 0.840249 -0.503753
0.106779 0.990887 -0.082107
0.827651 0.072938 -0.556484
0.708231 0.508257 -0.489983
0.438016 0.846872 -0.301578
0.127367 0.991177 -0.036699
0.829633 0.507165 -0.233436
0.960953 0.122772 -0.247983
0.533965 0.831518 -0.153164
0.119017 0.992507 -0.027655
0.979761 0.094585 -0.176413
0.839928 0.510183 -0.185024
0.527419 0.841461 -0.117354
0.098019 0.995181 -0.002521
0.829021 0.559150 -0.008663
0.990804 0.135265 0.003319
0.502969 0.864249 -0.009746
0.087159 0.996168 0.007187
0.967754 0.194207 0.160425
0.809662 0.583086 0.066761
0.479258 0.876784 0.039517
0.043643 0.998437 0.034907
0.428513 0.758100 0.491590
0.512209 0.456393 0.727563
0.253731 0.925926 0.279789
-0.043643 0.998437 0.034907
-0.579388 0.452205 0.678101
-0.472573 0.747304 0.467130
-0.253731 0.925926 0.279789
-0.087159 0.996168 0.007187
-0.799974 0.590002 0.109269
-0.937754 0.255272 0.235486
-0.479258 0.876784 0.039517
-0.098019 0.995181 -0.002521
-0.989975 0.141122 -0.005872
-0.832825 0.553362 -0.013907
-0.502970 0.864249 -0.009746
-0.119017 0.992507 -0.027655
-0.836654 0.522887 -0.163091
-0.984624 0.105167 -0.139481
-0.528278 0.840829 -0.118024
-0.127366 0.991177 -0.036698
-0.959563 0.094950 -0.264996
-0.819219 0.520246 -0.241297
-0.540325 0.826720 -0.156786
-0.106779 0.990887 -0.082107
-0.704295 0.525099 -0.477745
-0.837029 0.054661 -0.544421
-0.448268 0.837652 -0.312081
-0.060872 0.985939 -0.155622
-0.418803 0.089276 -0.903678
-0.326369 0.524158 -0.786601
-0.208094 0.832988 -0.512668
75
0 0 1 2 0 1 2 2
0 3 4 5 3 4 5 1
0 3 5 6 3 5 6 1
0 4 0 5 4 7 5 1
0 0 7 5 7 8 5 1
0 2 1 8 2 1 9 2
0 6 5 9 6 5 10 1
0 5 10 9 5 11 10 1
0 5 7 11 5 8 12 1
0 5 11 10 5 12 11 1
0 8 1 12 9 1 13 2
0 9 10 13 10 11 14 1
0 9 13 14 10 14 15 1
0 10 11 13 11 12 14 1
0 11 15 13 12 16 14 1
0 12 1 16 13 1 17 2
0 14 13 17 15 14 18 1
0 13 18 17 14 19 18 1
0 13 15 19 14 16 20 1
0 13 19 18 14 20 19 1
0 16 1 20 17 1 21 2
0 17 18 21 18 19 22 1
0 17 21 22 18 22 23 1
0 18 19 21 19 20 22 1
0 19 23 21 20 24 22 1
0 20 1 24 21 1 25 2
0 22 21 25 23 22 26 1
0 21 26 25 22 27 26 1
0 21 23 27 22 24 28 1
0 21 27 26 22 28 27 1
0 24 1 28 25 1 29 2
0 25 26 29 26 27 30 1
0 25 29 30 26 30 31 1
0 26 27 29 27 28 30 1
0 27 31 29 28 32 30 1
0 28 1 32 29 1 33 2
0 30 29 33 31 30 34 1
0 29 34 33 30 35 34 1
0 29 31 35 30 32 36 1
0 29 35 34 30 36 35 1
0 32 1 36 33 1 37 2
0 33 34 37 34 35 38 1
0 33 37 38 34 38 39 1
0 34 35 37 35 36 38 1
0 35 39 37 36 40 38 1
0 36 1 40 37 1 41 2
0 38 37 41 39 38 42 1
0 37 42 41 38 43 42 1
0 37 39 43 38 40 44 1
0 37 43 42 38 44 43 1
0 40 1 44 41 1 45 2
0 41 42 45 42 43 46 1
0 41 45 46 42 46 47 1
0 42 43 45 43 44 46 1
0 43 47 45 44 48 46 1
0 44 1 48 45 1 49 2
0 46 45 49 47 46 50 1
0 45 50 49 46 51 50 1
0 45 47 51 46 48 52 1
0 45 51 50 46 52 51 1
0 48 1 52 49 1 53 2
0 49 50 53 50 51 54 1
0 49 53 54 50 54 55 1
0 50 51 53 51 52 54 1
0 51 55 53 52 56 54 1
0 52 1 56 53 1 57 2
0 54 53 57 55 54 58 1
0 53 58 57 54 59 58 1
0 53 55 59 54 56 60 1
0 53 59 58 54 60 59 1
0 56 1 0 57 1 0 2
0 57 58 60 58 59 4 1
0 57 60 61 58 4 3 1
0 58 59 60 59 60 4 1
0 59 62 60 60 7 4 1
"gun2" 0 0
116
0 1.747619 10.500004 85.349319 0.000000 0.000000 -1
0 -0.000000 10.500004 85.349319 0.000000 0.000000 -1
0 1.513482 9.626194 85.349319 0.000000 0.000000 -1
0 3.970718 10.500004 16.020794 0.000000 1.000000 -1
0 3.970718 10.500004 47.202118 0.000000 0.857143 -1
0 3.438742 8.514645 16.020794 0.083333 1.000000 -1
0 3.438742 8.514645 47.202118 0.083333 0.857143 -1
0 3.404394 10.500004 49.585575 0.000000 0.714286 -1
0 2.948291 8.797806 49.585575 0.083333 0.714286 -1
0 3.404394 10.500004 74.433640 0.000000 0.571429 -1
0 2.948291 8.797806 74.433640 0.083333 0.571429 -1
0 3.072465 10.500004 76.567062 0.000000 0.428571 -1
0 2.660833 8.963771 76.567062 0.083333 0.428571 -1
0 3.072465 10.500004 104.415070 0.000000 0.285714 -1
0 2.660833 8.963771 104.415070 0.083333 0.285714 -1
0 1.747619 10.500004 104.430351 0.000000 0.142857 -1
0 1.513482 9.626194 104.430351 0.083333 0.142857 -1
0 1.513482 9.626194 85.349319 0.083333 0.000000 -1
0 0.873809 8.986522 85.349319 0.000000 0.000000 -1
0 1.985359 7.061261 47.202118 0.166667 0.857143 -1
0 1.985359 7.061261 16.020794 0.166667 1.000000 -1
0 1.702197 7.551711 49.585575 0.166667 0.714286 -1
0 1.702197 7.551711 74.433640 0.166667 0.571429 -1
0 1.536233 7.839170 76.567062 0.166667 0.428571 -1
0 1.536233 7.839170 104.415070 0.166667 0.285714 -1
0 0.873809 8.986522 104.430351 0.166667 0.142857 -1
0 0.873809 8.986522 85.349319 0.166667 0.000000 -1
0 -0.000000 8.752385 85.349319 0.000000 0.000000 -1
0 -0.000000 6.529286 16.020794 0.250000 1.000000 -1
0 -0.000000 6.529286 47.202118 0.250000 0.857143 -1
0 -0.000000 7.095610 49.585575 0.250000 0.714286 -1
0 -0.000000 7.095610 74.433640 0.250000 0.571429 -1
0 -0.000000 7.427539 76.567062 0.250000 0.428571 -1
0 -0.000000 7.427539 104.415070 0.250000 0.285714 -1
0 -0.000000 8.752385 104.430351 0.250000 0.142857 -1
0 -0.000000 8.752385 85.349319 0.250000 0.000000 -1
0 -0.873809 8.986522 85.349319 0.000000 0.000000 -1
0 -1.985359 7.061261 47.202118 0.333333 0.857143 -1
0 -1.985359 7.061261 16.020794 0.333333 1.000000 -1
0 -1.702197 7.551711 49.585575 0.333333 0.714286 -1
0 -1.702197 7.551711 74.433640 0.333333 0.571429 -1
0 -1.536233 7.839170 76.567062 0.333333 0.428571 -1
0 -1.536233 7.839170 104.415070 0.333333 0.285714 -1
0 -0.873809 8.986522 104.430351 0.333333 0.142857 -1
0 -0.873809 8.986522 85.349319 0.333333 0.000000 -1
0 -1.513482 9.626194 85.349319 0.000000 0.000000 -1
0 -3.438742 8.514645 16.020794 0.416667 1.000000 -1
0 -3.438742 8.514645 47.202118 0.416667 0.857143 -1
0 -2.948291 8.797806 49.585575 0.416667 0.714286 -1
0 -2.948291 8.797806 74.433640 0.416667 0.571429 -1
0 -2.660833 8.963771 76.567062 0.416667 0.428571 -1
0 -2.660833 8.963771 104.415070 0.416667 0.285714 -1
0 -1.513482 9.626194 104.430351 0.416667 0.142857 -1
0 -1.513482 9.626194 85.349319 0.416667 0.000000 -1
0 -1.747619 10.500004 85.349319 0.000000 0.000000 -1
0 -3.970718 10.500004 47.202118 0.500000 0.857143 -1
0 -3.970718 10.500004 16.020794 0.500000 1.000000 -1
0 -3.404394 10.500004 49.585575 0.500000 0.714286 -1
0 -3.404394 10.500004 74.433640 0.500000 0.571429 -1
0 -3.072465 10.500004 76.567062 0.500000 0.428571 -1
0 -3.072465 10.500004 104.415070 0.500000 0.285714 -1
0 -1.747619 10.500004 104.430351 0.500000 0.142857 -1
0 -1.747619 10.500004 85.349319 0.500000 0.000000 -1
0 -1.513482 11.373814 85.349319 0.000000 0.000000 -1
0 -3.438742 12.485364 16.020794 0.583333 1.000000 -1
0 -3.438742 12.485364 47.202118 0.583333 0.857143 -1
0 -2.948291 12.202203 49.585575 0.583333 0.714286 -1
0 -2.948291 12.202203 74.433640 0.583333 0.571429 -1
0 -2.660833 12.036238 76.567062 0.583333 0.428571 -1
0 -2.660833 12.036238 104.415070 0.583333 0.285714 -1
0 -1.513482 11.373814 104.430351 0.583333 0.142857 -1
0 -1.513482 11.373814 85.349319 0.583333 0.000000 -1
0 -0.873809 12.013487 85.349319 0.000000 0.000000 -1
0 -1.985359 13.938747 47.202118 0.666667 0.857143 -1
0 -1.985359 13.938747 16.020794 0.666667 1.000000 -1
0 -1.702197 13.448297 49.585575 0.666667 0.714286 -1
0 -1.702197 13.448297 74.433640 0.666667 0.571429 -1
0 -1.536233 13.160837 76.567062 0.666667 0.428571 -1
0 -1.536233 13.160837 104.415070 0.666667 0.285714 -1
0 -0.873809 12.013487 104.430351 0.666667 0.142857 -1
0 -0.873809 12.013487 85.349319 0.666667 0.000000 -1
0 -0.000000 12.247623 85.349319 0.000000 0.000000 -1
0 -0.000000 14.470722 16.020794 0.750000 1.000000 -1
0 -0.000000 14.470722 47.202118 0.750000 0.857143 -1
0 -0.000000 13.904400 49.585575 0.750000 0.714286 -1
0 -0.000000 13.904400 74.433640 0.750000 0.571429 -1
0 -0.000000 13.572472 76.567062 0.750000 0.428571 -1
0 -0.000000 13.572472 104.415070 0.750000 0.285714 -1
0 -0.000000 12.247623 104.430351 0.750000 0.142857 -1
0 -0.000000 12.247623 85.349319 0.750000 0.000000 -1
0 0.873809 12.013487 85.349319 0.000000 0.000000 -1
0 1.985359 13.938747 47.202118 0.833333 0.857143 -1
0 1.985359 13.938747 16.020794 0.833333 1.000000 -1
0 1.702197 13.448297 49.585575 0.833333 0.714286 -1
0 1.702197 13.448297 74.433640 0.833333 0.571429 -1
0 1.536233 13.160837 76.567062 0.833333 0.428571 -1
0 1.536233 13.160837 104.415070 0.833333 0.285714 -1
0 0.873809 12.013487 104.430351 0.833333 0.142857 -1
0 0.873809 12.013487 85.349319 0.833333 0.000000 -1
0 1.513482 11.373814 85.349319 0.000000 0.000000 -1
0 3.438742 12.485364 16.020794 0.916667 1.000000 -1
0 3.438742 12.485364 47.202118 0.916667 0.857143 -1
0 2.948291 12.202203 49.585575 0.916667 0.714286 -1
0 2.948291 12.202203 74.433640 0.916667 0.571429 -1
0 2.660833 12.036238 76.567062 0.916667 0.428571 -1
0 2.660833 12.036238 104.415070 0.916667 0.285714 -1
0 1.513482 11.373814 104.430351 0.916667 0.142857 -1
0 1.513482 11.373814 85.349319 0.916667 0.000000 -1
0 3.970718 10.500004 47.202118 1.000000 0.857143 -1
0 3.970718 10.500004 16.020794 1.000000 1.000000 -1
0 3.404394 10.500004 49.585575 1.000000 0.714286 -1
0 3.404394 10.500004 74.433640 1.000000 0.571429 -1
0 3.072465 10.500004 76.567062 1.000000 0.428571 -1
0 3.072465 10.500004 104.415070 1.000000 0.285714 -1
0 1.747619 10.500004 104.430351 1.000000 0.142857 -1
0 1.747619 10.500004 85.349319 1.000000 0.000000 -1
95
0.000000 0.000000 1.000000
1.000000 -0.000000 0.000000
0.993193 -0.000000 0.116480
0.866025 -0.500000 0.000000
0.860130 -0.496596 0.116480
0.993193 -0.000000 0.116480
0.860130 -0.496596 0.116480
0.997021 -0.000000 0.077128
0.863446 -0.498511 0.077128
0.997021 -0.000000 0.077128
0.863446 -0.498511 0.077128
0.699027 -0.000000 0.715096
0.605375 -0.349513 0.715095
-0.690443 0.000000 0.723386
-0.597941 0.345222 0.723386
-1.000000 0.000000 0.000000
-0.866025 0.500000 0.000000
0.496596 -0.860130 0.116480
0.500000 -0.866025 0.000000
0.496596 -0.860131 0.116480
0.498510 -0.863446 0.077128
0.498511 -0.863446 0.077128
0.349513 -0.605375 0.715096
-0.345222 0.597942 0.723386
-0.500000 0.866025 0.000000
0.000000 -1.000000 0.000000
0.000000 -0.993193 0.116480
0.000000 -0.993193 0.116480
0.000000 -0.997021 0.077128
0.000000 -0.997021 0.077128
-0.000000 -0.699027 0.715095
-0.000000 0.690443 0.723386
0.000000 1.000000 0.000000
-0.496596 -0.860130 0.116480
-0.500000 -0.866025 0.000000
-0.496596 -0.860131 0.116480
-0.498510 -0.863446 0.077128
-0.498511 -0.863446 0.077128
-0.349513 -0.605375 0.715096
0.345222 0.597942 0.723386
0.500000 0.866025 0.000000
-0.866025 -0.500000 0.000000
-0.860130 -0.496597 0.116480
-0.860130 -0.496596 0.116480
-0.863446 -0.498511 0.077128
-0.863446 -0.498511 0.077128
-0.605375 -0.349513 0.715095
0.597941 0.345222 0.723386
0.866025 0.500000 0.000000
-0.993193 -0.000000 0.116480
-1.000000 -0.000000 0.000000
-0.993193 -0.000000 0.116480
-0.997021 -0.000000 0.077128
-0.997021 -0.000000 0.077128
-0.699027 -0.000000 0.715096
0.690443 0.000000 0.723386
1.000000 0.000000 0.000000
-0.866025 0.500000 0.000000
-0.860130 0.496596 0.116480
-0.860130 0.496597 0.116480
-0.863446 0.498511 0.077128
-0.863446 0.498511 0.077128
-0.605375 0.349514 0.715095
0.597942 -0.345222 0.723386
0.866026 -0.500000 0.000000
-0.496596 0.860130 0.116480
-0.500000 0.866025 0.000000
-0.496597 0.860130 0.116480
-0.498511 0.863446 0.077128
-0.498511 0.863445 0.077128
-0.349514 0.605375 0.715095
0.345222 -0.597941 0.723386
0.500000 -0.866025 0.000000
-0.000000 0.993193 0.116480
0.000000 0.993193 0.116480
0.000000 0.997021 0.077128
-0.000000 0.997021 0.077128
-0.000000 0.699027 0.715096
0.000000 -0.690443 0.723386
0.496597 0.860130 0.116480
0.500000 0.866025 0.000000
0.496597 0.860130 0.116480
0.498511 0.863446 0.077128
0.498511 0.863445 0.077128
0.349514 0.605375 0.715095
-0.345222 -0.597941 0.723386
-0.500000 -0.866025 0.000000
0.866025 0.500000 0.000000
0.860130 0.496596 0.116480
0.860130 0.496597 0.116480
0.863446 0.498511 0.077128
0.863446 0.498511 0.077128
0.605375 0.349513 0.715095
-0.597942 -0.345222 0.723386
-0.866026 -0.500000 0.000000
180
0 0 1 2 0 0 0 2
0 3 4 5 1 2 3 1
0 4 6 5 2 4 3 1
0 4 7 8 2 5 6 1
0 4 8 6 2 6 4 1
0 7 9 8 5 7 6 1
0 9 10 8 7 8 6 1
0 9 11 12 7 9 10 1
0 9 12 10 7 10 8 1
0 11 13 12 9 11 10 1
0 13 14 12 11 12 10 1
0 13 15 16 11 13 14 1
0 13 16 14 11 14 12 1
0 15 0 16 13 15 14 1
0 0 17 16 15 16 14 1
0 2 1 18 0 0 0 2
0 5 6 19 3 4 17 1
0 5 19 20 3 17 18 1
0 6 8 19 4 6 17 1
0 8 21 19 6 19 17 1
0 8 10 22 6 8 20 1
0 8 22 21 6 20 19 1
0 10 12 22 8 10 20 1
0 12 23 22 10 21 20 1
0 12 14 24 10 12 22 1
0 12 24 23 10 22 21 1
0 14 16 24 12 14 22 1
0 16 25 24 14 23 22 1
0 16 17 26 14 16 24 1
0 16 26 25 14 24 23 1
0 18 1 27 0 0 0 2
0 20 19 28 18 17 25 1
0 19 29 28 17 26 25 1
0 19 21 30 17 19 27 1
0 19 30 29 17 27 26 1
0 21 22 30 19 20 27 1
0 22 31 30 20 28 27 1
0 22 23 32 20 21 29 1
0 22 32 31 20 29 28 1
0 23 24 32 21 22 29 1
0 24 33 32 22 30 29 1
0 24 25 34 22 23 31 1
0 24 34 33 22 31 30 1
0 25 26 34 23 24 31 1
0 26 35 34 24 32 31 1
0 27 1 36 0 0 0 2
0 28 29 37 25 26 33 1
0 28 37 38 25 33 34 1
0 29 30 37 26 27 33 1
0 30 39 37 27 35 33 1
0 30 31 40 27 28 36 1
0 30 40 39 27 36 35 1
0 31 32 40 28 29 36 1
0 32 41 40 29 37 36 1
0 32 33 42 29 30 38 1
0 32 42 41 29 38 37 1
0 33 34 42 30 31 38 1
0 34 43 42 31 39 38 1
0 34 35 44 31 32 40 1
0 34 44 43 31 40 39 1
0 36 1 45 0 0 0 2
0 38 37 46 34 33 41 1
0 37 47 46 33 42 41 1
0 37 39 48 33 35 43 1
0 37 48 47 33 43 42 1
0 39 40 48 35 36 43 1
0 40 49 48 36 44 43 1
0 40 41 50 36 37 45 1
0 40 50 49 36 45 44 1
0 41 42 50 37 38 45 1
0 42 51 50 38 46 45 1
0 42 43 52 38 39 47 1
0 42 52 51 38 47 46 1
0 43 44 52 39 40 47 1
0 44 53 52 40 48 47 1
0 45 1 54 0 0 0 2
0 46 47 55 41 42 49 1
0 46 55 56 41 49 50 1
0 47 48 55 42 43 49 1
0 48 57 55 43 51 49 1
0 48 49 58 43 44 52 1
0 48 58 57 43 52 51 1
0 49 50 58 44 45 52 1
0 50 59 58 45 53 52 1
0 50 51 60 45 46 54 1
0 50 60 59 45 54 53 1
0 51 52 60 46 47 54 1
0 52 61 60 47 55 54 1
0 52 53 62 47 48 56 1
0 52 62 61 47 56 55 1
0 54 1 63 0 0 0 2
0 56 55 64 50 49 57 1
0 55 65 64 49 58 57 1
0 55 57 66 49 51 59 1
0 55 66 65 49 59 58 1
0 57 58 66 51 52 59 1
0 58 67 66 52 60 59 1
0 58 59 68 52 53 61 1
0 58 68 67 52 61 60 1
0 59 60 68 53 54 61 1
0 60 69 68 54 62 61 1
0 60 61 70 54 55 63 1
0 60 70 69 54 63 62 1
0 61 62 70 55 56 63 1
0 62 71 70 56 64 63 1
0 63 1 72 0 0 0 2
0 64 65 73 57 58 65 1
0 64 73 74 57 65 66 1
0 65 66 73 58 59 65 1
0 66 75 73 59 67 65 1
0 66 67 76 59 60 68 1
0 66 76 75 59 68 67 1
0 67 68 76 60 61 68 1
0 68 77 76 61 69 68 1
0 68 69 78 61 62 70 1
0 68 78 77 61 70 69 1
0 69 70 78 62 63 70 1
0 70 79 78 63 71 70 1
0 70 71 80 63 64 72 1
0 70 80 79 63 72 71 1
0 72 1 81 0 0 0 2
0 74 73 82 66 65 32 1
0 73 83 82 65 73 32 1
0 73 75 84 65 67 74 1
0 73 84 83 65 74 73 1
0 75 76 84 67 68 74 1
0 76 85 84 68 75 74 1
0 76 77 86 68 69 76 1
0 76 86 85 68 76 75 1
0 77 78 86 69 70 76 1
0 78 87 86 70 77 76 1
0 78 79 88 70 71 78 1
0 78 88 87 70 78 77 1
0 79 80 88 71 72 78 1
0 80 89 88 72 25 78 1
0 81 1 90 0 0 0 2
0 82 83 91 32 73 79 1
0 82 91 92 32 79 80 1
0 83 84 91 73 74 79 1
0 84 93 91 74 81 79 1
0 84 85 94 74 75 82 1
0 84 94 93 74 82 81 1
0 85 86 94 75 76 82 1
0 86 95 94 76 83 82 1
0 86 87 96 76 77 84 1
0 86 96 95 76 84 83 1
0 87 88 96 77 78 84 1
0 88 97 96 78 85 84 1
0 88 89 98 78 25 86 1
0 88 98 97 78 86 85 1
0 90 1 99 0 0 0 2
0 92 91 100 80 79 87 1
0 91 101 100 79 88 87 1
0 91 93 102 79 81 89 1
0 91 102 101 79 89 88 1
0 93 94 102 81 82 89 1
0 94 103 102 82 90 89 1
0 94 95 104 82 83 91 1
0 94 104 103 82 91 90 1
0 95 96 104 83 84 91 1
0 96 105 104 84 92 91 1
0 96 97 106 84 85 93 1
0 96 106 105 84 93 92 1
0 97 98 106 85 86 93 1
0 98 107 106 86 94 93 1
0 99 1 0 0 0 0 2
0 100 101 108 87 88 2 1
0 100 108 109 87 2 1 1
0 101 102 108 88 89 2 1
0 102 110 108 89 5 2 1
0 102 103 111 89 90 7 1
0 102 111 110 89 7 5 1
0 103 104 111 90 91 7 1
0 104 112 111 91 9 7 1
0 104 105 113 91 92 11 1
0 104 113 112 91 11 9 1
0 105 106 113 92 93 11 1
0 106 114 113 93 13 11 1
0 106 107 115 93 94 15 1
0 106 115 114 93 15 13 1
"gun1" 0 0
116
0 18.747620 10.500004 85.349319 0.000000 0.000000 -1
0 17.000000 10.500004 85.349319 0.000000 0.000000 -1
0 18.513481 9.626194 85.349319 0.000000 0.000000 -1
0 20.970718 10.500004 16.020794 0.000000 1.000000 -1
0 20.970718 10.500004 47.202118 0.000000 0.857143 -1
0 20.438742 8.514645 16.020794 0.083333 1.000000 -1
0 20.438742 8.514645 47.202118 0.083333 0.857143 -1
0 20.404394 10.500004 49.585575 0.000000 0.714286 -1
0 19.948292 8.797806 49.585575 0.083333 0.714286 -1
0 20.404394 10.500004 74.433640 0.000000 0.571429 -1
0 19.948292 8.797806 74.433640 0.083333 0.571429 -1
0 20.072466 10.500004 76.567062 0.000000 0.428571 -1
0 19.660831 8.963771 76.567062 0.083333 0.428571 -1
0 20.072466 10.500004 104.415070 0.000000 0.285714 -1
0 19.660831 8.963771 104.415070 0.083333 0.285714 -1
0 18.747620 10.500004 104.430351 0.000000 0.142857 -1
0 18.513481 9.626194 104.430351 0.083333 0.142857 -1
0 18.513481 9.626194 85.349319 0.083333 0.000000 -1
0 17.873810 8.986522 85.349319 0.000000 0.000000 -1
0 18.985359 7.061261 47.202118 0.166667 0.857143 -1
0 18.985359 7.061261 16.020794 0.166667 1.000000 -1
0 18.702198 7.551711 49.585575 0.166667 0.714286 -1
0 18.702198 7.551711 74.433640 0.166667 0.571429 -1
0 18.536232 7.839170 76.567062 0.166667 0.428571 -1
0 18.536232 7.839170 104.415070 0.166667 0.285714 -1
0 17.873810 8.986522 104.430351 0.166667 0.142857 -1
0 17.873810 8.986522 85.349319 0.166667 0.000000 -1
0 17.000000 8.752385 85.349319 0.000000 0.000000 -1
0 17.000000 6.529286 16.020794 0.250000 1.000000 -1
0 17.000000 6.529286 47.202118 0.250000 0.857143 -1
0 17.000000 7.095610 49.585575 0.250000 0.714286 -1
0 17.000000 7.095610 74.433640 0.250000 0.571429 -1
0 17.000000 7.427539 76.567062 0.250000 0.428571 -1
0 17.000000 7.427539 104.415070 0.250000 0.285714 -1
0 17.000000 8.752385 104.430351 0.250000 0.142857 -1
0 17.000000 8.752385 85.349319 0.250000 0.000000 -1
0 16.126190 8.986522 85.349319 0.000000 0.000000 -1
0 15.014641 7.061261 47.202118 0.333333 0.857143 -1
0 15.014641 7.061261 16.020794 0.333333 1.000000 -1
0 15.297803 7.551711 49.585575 0.333333 0.714286 -1
0 15.297803 7.551711 74.433640 0.333333 0.571429 -1
0 15.463767 7.839170 76.567062 0.333333 0.428571 -1
0 15.463767 7.839170 104.415070 0.333333 0.285714 -1
0 16.126190 8.986522 104.430351 0.333333 0.142857 -1
0 16.126190 8.986522 85.349319 0.333333 0.000000 -1
0 15.486519 9.626194 85.349319 0.000000 0.000000 -1
0 13.561258 8.514645 16.020794 0.416667 1.000000 -1
0 13.561258 8.514645 47.202118 0.416667 0.857143 -1
0 14.051708 8.797806 49.585575 0.416667 0.714286 -1
0 14.051708 8.797806 74.433640 0.416667 0.571429 -1
0 14.339168 8.963771 76.567062 0.416667 0.428571 -1
0 14.339168 8.963771 104.415070 0.416667 0.285714 -1
0 15.486519 9.626194 104.430351 0.416667 0.142857 -1
0 15.486519 9.626194 85.349319 0.416667 0.000000 -1
0 15.252381 10.500004 85.349319 0.000000 0.000000 -1
0 13.029283 10.500004 47.202118 0.500000 0.857143 -1
0 13.029283 10.500004 16.020794 0.500000 1.000000 -1
0 13.595606 10.500004 49.585575 0.500000 0.714286 -1
0 13.595606 10.500004 74.433640 0.500000 0.571429 -1
0 13.927534 10.500004 76.567062 0.500000 0.428571 -1
0 13.927534 10.500004 104.415070 0.500000 0.285714 -1
0 15.252381 10.500004 104.430351 0.500000 0.142857 -1
0 15.252381 10.500004 85.349319 0.500000 0.000000 -1
0 15.486519 11.373814 85.349319 0.000000 0.000000 -1
0 13.561258 12.485364 16.020794 0.583333 1.000000 -1
0 13.561258 12.485364 47.202118 0.583333 0.857143 -1
0 14.051708 12.202203 49.585575 0.583333 0.714286 -1
0 14.051708 12.202203 74.433640 0.583333 0.571429 -1
0 14.339168 12.036238 76.567062 0.583333 0.428571 -1
0 14.339168 12.036238 104.415070 0.583333 0.285714 -1
0 15.486519 11.373814 104.430351 0.583333 0.142857 -1
0 15.486519 11.373814 85.349319 0.583333 0.000000 -1
0 16.126190 12.013487 85.349319 0.000000 0.000000 -1
0 15.014641 13.938747 47.202118 0.666667 0.857143 -1
0 15.014641 13.938747 16.020794 0.666667 1.000000 -1
0 15.297803 13.448297 49.585575 0.666667 0.714286 -1
0 15.297803 13.448297 74.433640 0.666667 0.571429 -1
0 15.463767 13.160837 76.567062 0.666667 0.428571 -1
0 15.463767 13.160837 104.415070 0.666667 0.285714 -1
0 16.126190 12.013487 104.430351 0.666667 0.142857 -1
0 16.126190 12.013487 85.349319 0.666667 0.000000 -1
0 17.000000 12.247623 85.349319 0.000000 0.000000 -1
0 17.000000 14.470722 16.020794 0.750000 1.000000 -1
0 17.000000 14.470722 47.202118 0.750000 0.857143 -1
0 17.000000 13.904400 49.585575 0.750000 0.714286 -1
0 17.000000 13.904400 74.433640 0.750000 0.571429 -1
0 17.000000 13.572472 76.567062 0.750000 0.428571 -1
0 17.000000 13.572472 104.415070 0.750000 0.285714 -1
0 17.000000 12.247623 104.430351 0.750000 0.142857 -1
0 17.000000 12.247623 85.349319 0.750000 0.000000 -1
0 17.873810 12.013487 85.349319 0.000000 0.000000 -1
0 18.985359 13.938747 47.202118 0.833333 0.857143 -1
0 18.985359 13.938747 16.020794 0.833333 1.000000 -1
0 18.702198 13.448297 49.585575 0.833333 0.714286 -1
0 18.702198 13.448297 74.433640 0.833333 0.571429 -1
0 18.536232 13.160837 76.567062 0.833333 0.428571 -1
0 18.536232 13.160837 104.415070 0.833333 0.285714 -1
0 17.873810 12.013487 104.430351 0.833333 0.142857 -1
0 17.873810 12.013487 85.349319 0.833333 0.000000 -1
0 18.513481 11.373814 85.349319 0.000000 0.000000 -1
0 20.438742 12.485364 16.020794 0.916667 1.000000 -1
0 20.438742 12.485364 47.202118 0.916667 0.857143 -1
0 19.948292 12.202203 49.585575 0.916667 0.714286 -1
0 19.948292 12.202203 74.433640 0.916667 0.571429 -1
0 19.660831 12.036238 76.567062 0.916667 0.428571 -1
0 19.660831 12.036238 104.415070 0.916667 0.285714 -1
0 18.513481 11.373814 104.430351 0.916667 0.142857 -1
0 18.513481 11.373814 85.349319 0.916667 0.000000 -1
0 20.970718 10.500004 47.202118 1.000000 0.857143 -1
0 20.970718 10.500004 16.020794 1.000000 1.000000 -1
0 20.404394 10.500004 49.585575 1.000000 0.714286 -1
0 20.404394 10.500004 74.433640 1.000000 0.571429 -1
0 20.072466 10.500004 76.567062 1.000000 0.428571 -1
0 20.072466 10.500004 104.415070 1.000000 0.285714 -1
0 18.747620 10.500004 104.430351 1.000000 0.142857 -1
0 18.747620 10.500004 85.349319 1.000000 0.000000 -1
94
0.000000 0.000000 1.000000
1.000000 -0.000000 0.000000
0.993193 -0.000000 0.116480
0.866025 -0.500000 0.000000
0.860130 -0.496597 0.116480
0.993193 -0.000000 0.116480
0.860130 -0.496596 0.116480
0.997021 -0.000000 0.077128
0.863446 -0.498510 0.077128
0.997021 -0.000000 0.077128
0.863446 -0.498511 0.077128
0.699027 -0.000000 0.715096
0.605375 -0.349514 0.715095
-0.690443 0.000000 0.723387
-0.597941 0.345222 0.723386
-1.000000 0.000000 0.000000
-0.866025 0.500001 0.000000
0.496597 -0.860130 0.116480
0.500000 -0.866025 0.000000
0.496596 -0.860131 0.116480
0.498510 -0.863446 0.077128
0.498511 -0.863446 0.077128
0.349513 -0.605375 0.715096
-0.345222 0.597941 0.723386
-0.500000 0.866025 0.000000
0.000000 -1.000000 0.000000
0.000000 -0.993193 0.116480
-0.000000 -0.993193 0.116480
-0.000000 -0.997021 0.077128
0.000000 -0.997021 0.077128
0.000000 -0.699027 0.715095
0.000000 0.690443 0.723386
0.000000 1.000000 0.000000
-0.496596 -0.860130 0.116480
-0.500000 -0.866025 0.000000
-0.496596 -0.860131 0.116480
-0.498510 -0.863446 0.077128
-0.498511 -0.863446 0.077128
-0.349513 -0.605375 0.715096
0.345222 0.597941 0.723386
0.500000 0.866025 0.000000
-0.866025 -0.500000 0.000000
-0.860130 -0.496596 0.116480
-0.860130 -0.496596 0.116480
-0.863446 -0.498511 0.077128
-0.863446 -0.498511 0.077128
-0.605375 -0.349513 0.715095
0.597942 0.345222 0.723386
0.866025 0.500000 0.000000
-0.993193 -0.000000 0.116480
-1.000000 -0.000000 0.000000
-0.993193 -0.000000 0.116480
-0.997021 -0.000000 0.077128
-0.997021 -0.000000 0.077128
-0.699027 -0.000000 0.715096
0.690443 0.000000 0.723387
1.000000 0.000000 0.000000
-0.866026 0.500000 0.000000
-0.860130 0.496596 0.116480
-0.860130 0.496597 0.116480
-0.863446 0.498511 0.077128
-0.863446 0.498511 0.077128
-0.605375 0.349514 0.715095
0.597942 -0.345222 0.723386
0.866026 -0.500000 0.000000
-0.496597 0.860130 0.116480
-0.500000 0.866025 0.000000
-0.496597 0.860130 0.116480
-0.498511 0.863446 0.077128
-0.498511 0.863445 0.077128
-0.349514 0.605375 0.715095
0.345222 -0.597941 0.723386
0.500001 -0.866025 0.000000
0.000000 0.993193 0.116480
-0.000000 0.993193 0.116480
-0.000000 0.997021 0.077128
0.000000 0.997021 0.077128
0.000000 0.699027 0.715096
0.000000 -0.690443 0.723386
0.496597 0.860130 0.116480
0.500000 0.866025 0.000000
0.496597 0.860130 0.116480
0.498511 0.863446 0.077128
0.498511 0.863445 0.077128
0.349514 0.605375 0.715095
-0.345222 -0.597941 0.723386
-0.500001 -0.866025 0.000000
0.860130 0.496597 0.116480
0.860130 0.496597 0.116480
0.863446 0.498510 0.077128
0.863446 0.498511 0.077128
0.605375 0.349514 0.715095
-0.597942 -0.345222 0.723386
-0.866025 -0.500000 0.000000
180
0 0 1 2 0 0 0 2
0 3 4 5 1 2 3 1
0 4 6 5 2 4 3 1
0 4 7 8 2 5 6 1
0 4 8 6 2 6 4 1
0 7 9 8 5 7 6 1
0 9 10 8 7 8 6 1
0 9 11 12 7 9 10 1
0 9 12 10 7 10 8 1
0 11 13 12 9 11 10 1
0 13 14 12 11 12 10 1
0 13 15 16 11 13 14 1
0 13 16 14 11 14 12 1
0 15 0 16 13 15 14 1
0 0 17 16 15 16 14 1
0 2 1 18 0 0 0 2
0 5 6 19 3 4 17 1
0 5 19 20 3 17 18 1
0 6 8 19 4 6 17 1
0 8 21 19 6 19 17 1
0 8 10 22 6 8 20 1
0 8 22 21 6 20 19 1
0 10 12 22 8 10 20 1
0 12 23 22 10 21 20 1
0 12 14 24 10 12 22 1
0 12 24 23 10 22 21 1
0 14 16 24 12 14 22 1
0 16 25 24 14 23 22 1
0 16 17 26 14 16 24 1
0 16 26 25 14 24 23 1
0 18 1 27 0 0 0 2
0 20 19 28 18 17 25 1
0 19 29 28 17 26 25 1
0 19 21 30 17 19 27 1
0 19 30 29 17 27 26 1
0 21 22 30 19 20 27 1
0 22 31 30 20 28 27 1
0 22 23 32 20 21 29 1
0 22 32 31 20 29 28 1
0 23 24 32 21 22 29 1
0 24 33 32 22 30 29 1
0 24 25 34 22 23 31 1
0 24 34 33 22 31 30 1
0 25 26 34 23 24 31 1
0 26 35 34 24 32 31 1
0 27 1 36 0 0 0 2
0 28 29 37 25 26 33 1
0 28 37 38 25 33 34 1
0 29 30 37 26 27 33 1
0 30 39 37 27 35 33 1
0 30 31 40 27 28 36 1
0 30 40 39 27 36 35 1
0 31 32 40 28 29 36 1
0 32 41 40 29 37 36 1
0 32 33 42 29 30 38 1
0 32 42 41 29 38 37 1
0 33 34 42 30 31 38 1
0 34 43 42 31 39 38 1
0 34 35 44 31 32 40 1
0 34 44 43 31 40 39 1
0 36 1 45 0 0 0 2
0 38 37 46 34 33 41 1
0 37 47 46 33 42 41 1
0 37 39 48 33 35 43 1
0 37 48 47 33 43 42 1
0 39 40 48 35 36 43 1
0 40 49 48 36 44 43 1
0 40 41 50 36 37 45 1
0 40 50 49 36 45 44 1
0 41 42 50 37 38 45 1
0 42 51 50 38 46 45 1
0 42 43 52 38 39 47 1
0 42 52 51 38 47 46 1
0 43 44 52 39 40 47 1
0 44 53 52 40 48 47 1
0 45 1 54 0 0 0 2
0 46 47 55 41 42 49 1
0 46 55 56 41 49 50 1
0 47 48 55 42 43 49 1
0 48 57 55 43 51 49 1
0 48 49 58 43 44 52 1
0 48 58 57 43 52 51 1
0 49 50 58 44 45 52 1
0 50 59 58 45 53 52 1
0 50 51 60 45 46 54 1
0 50 60 59 45 54 53 1
0 51 52 60 46 47 54 1
0 52 61 60 47 55 54 1
0 52 53 62 47 48 56 1
0 52 62 61 47 56 55 1
0 54 1 63 0 0 0 2
0 56 55 64 50 49 57 1
0 55 65 64 49 58 57 1
0 55 57 66 49 51 59 1
0 55 66 65 49 59 58 1
0 57 58 66 51 52 59 1
0 58 67 66 52 60 59 1
0 58 59 68 52 53 61 1
0 58 68 67 52 61 60 1
0 59 60 68 53 54 61 1
0 60 69 68 54 62 61 1
0 60 61 70 54 55 63 1
0 60 70 69 54 63 62 1
0 61 62 70 55 56 63 1
0 62 71 70 56 64 63 1
0 63 1 72 0 0 0 2
0 64 65 73 57 58 65 1
0 64 73 74 57 65 66 1
0 65 66 73 58 59 65 1
0 66 75 73 59 67 65 1
0 66 67 76 59 60 68 1
0 66 76 75 59 68 67 1
0 67 68 76 60 61 68 1
0 68 77 76 61 69 68 1
0 68 69 78 61 62 70 1
0 68 78 77 61 70 69 1
0 69 70 78 62 63 70 1
0 70 79 78 63 71 70 1
0 70 71 80 63 64 72 1
0 70 80 79 63 72 71 1
0 72 1 81 0 0 0 2
0 74 73 82 66 65 32 1
0 73 83 82 65 73 32 1
0 73 75 84 65 67 74 1
0 73 84 83 65 74 73 1
0 75 76 84 67 68 74 1
0 76 85 84 68 75 74 1
0 76 77 86 68 69 76 1
0 76 86 85 68 76 75 1
0 77 78 86 69 70 76 1
0 78 87 86 70 77 76 1
0 78 79 88 70 71 78 1
0 78 88 87 70 78 77 1
0 79 80 88 71 72 78 1
0 80 89 88 72 25 78 1
0 81 1 90 0 0 0 2
0 82 83 91 32 73 79 1
0 82 91 92 32 79 80 1
0 83 84 91 73 74 79 1
0 84 93 91 74 81 79 1
0 84 85 94 74 75 82 1
0 84 94 93 74 82 81 1
0 85 86 94 75 76 82 1
0 86 95 94 76 83 82 1
0 86 87 96 76 77 84 1
0 86 96 95 76 84 83 1
0 87 88 96 77 78 84 1
0 88 97 96 78 85 84 1
0 88 89 98 78 25 86 1
0 88 98 97 78 86 85 1
0 90 1 99 0 0 0 2
0 92 91 100 80 79 48 1
0 91 101 100 79 87 48 1
0 91 93 102 79 81 88 1
0 91 102 101 79 88 87 1
0 93 94 102 81 82 88 1
0 94 103 102 82 89 88 1
0 94 95 104 82 83 90 1
0 94 104 103 82 90 89 1
0 95 96 104 83 84 90 1
0 96 105 104 84 91 90 1
0 96 97 106 84 85 92 1
0 96 106 105 84 92 91 1
0 97 98 106 85 86 92 1
0 98 107 106 86 93 92 1
0 99 1 0 0 0 0 2
0 100 101 108 48 87 2 1
0 100 108 109 48 2 1 1
0 101 102 108 87 88 2 1
0 102 110 108 88 5 2 1
0 102 103 111 88 89 7 1
0 102 111 110 88 7 5 1
0 103 104 111 89 90 7 1
0 104 112 111 90 9 7 1
0 104 105 113 90 91 11 1
0 104 113 112 90 11 9 1
0 105 106 113 91 92 11 1
0 106 114 113 92 13 11 1
0 106 107 115 92 93 15 1
0 106 115 114 92 15 13 1
"gun3" 0 0
116
0 -18.513481 9.626194 85.349319 0.000000 0.000000 -1
0 -17.000000 10.500004 85.349319 0.000000 0.000000 -1
0 -18.747620 10.500004 85.349319 0.000000 0.000000 -1
0 -20.438742 8.514645 16.020794 0.083333 1.000000 -1
0 -20.970718 10.500004 47.202118 0.000000 0.857143 -1
0 -20.970718 10.500004 16.020794 0.000000 1.000000 -1
0 -20.438742 8.514645 47.202118 0.083333 0.857143 -1
0 -19.948292 8.797806 49.585575 0.083333 0.714286 -1
0 -20.404394 10.500004 49.585575 0.000000 0.714286 -1
0 -20.404394 10.500004 74.433640 0.000000 0.571429 -1
0 -19.948292 8.797806 74.433640 0.083333 0.571429 -1
0 -19.660831 8.963771 76.567062 0.083333 0.428571 -1
0 -20.072466 10.500004 76.567062 0.000000 0.428571 -1
0 -20.072466 10.500004 104.415070 0.000000 0.285714 -1
0 -19.660831 8.963771 104.415070 0.083333 0.285714 -1
0 -18.513481 9.626194 104.430351 0.083333 0.142857 -1
0 -18.747620 10.500004 104.430351 0.000000 0.142857 -1
0 -18.513481 9.626194 85.349319 0.083333 0.000000 -1
0 -17.873810 8.986522 85.349319 0.000000 0.000000 -1
0 -18.985359 7.061261 47.202118 0.166667 0.857143 -1
0 -18.985359 7.061261 16.020794 0.166667 1.000000 -1
0 -18.702198 7.551711 49.585575 0.166667 0.714286 -1
0 -18.702198 7.551711 74.433640 0.166667 0.571429 -1
0 -18.536232 7.839170 76.567062 0.166667 0.428571 -1
0 -18.536232 7.839170 104.415070 0.166667 0.285714 -1
0 -17.873810 8.986522 104.430351 0.166667 0.142857 -1
0 -17.873810 8.986522 85.349319 0.166667 0.000000 -1
0 -17.000000 8.752385 85.349319 0.000000 0.000000 -1
0 -17.000000 6.529286 16.020794 0.250000 1.000000 -1
0 -17.000000 6.529286 47.202118 0.250000 0.857143 -1
0 -17.000000 7.095610 49.585575 0.250000 0.714286 -1
0 -17.000000 7.095610 74.433640 0.250000 0.571429 -1
0 -17.000000 7.427539 76.567062 0.250000 0.428571 -1
0 -17.000000 7.427539 104.415070 0.250000 0.285714 -1
0 -17.000000 8.752385 104.430351 0.250000 0.142857 -1
0 -17.000000 8.752385 85.349319 0.250000 0.000000 -1
0 -16.126190 8.986522 85.349319 0.000000 0.000000 -1
0 -15.014641 7.061261 47.202118 0.333333 0.857143 -1
0 -15.014641 7.061261 16.020794 0.333333 1.000000 -1
0 -15.297803 7.551711 49.585575 0.333333 0.714286 -1
0 -15.297803 7.551711 74.433640 0.333333 0.571429 -1
0 -15.463767 7.839170 76.567062 0.333333 0.428571 -1
0 -15.463767 7.839170 104.415070 0.333333 0.285714 -1
0 -16.126190 8.986522 104.430351 0.333333 0.142857 -1
0 -16.126190 8.986522 85.349319 0.333333 0.000000 -1
0 -15.486519 9.626194 85.349319 0.000000 0.000000 -1
0 -13.561258 8.514645 16.020794 0.416667 1.000000 -1
0 -13.561258 8.514645 47.202118 0.416667 0.857143 -1
0 -14.051708 8.797806 49.585575 0.416667 0.714286 -1
0 -14.051708 8.797806 74.433640 0.416667 0.571429 -1
0 -14.339168 8.963771 76.567062 0.416667 0.428571 -1
0 -14.339168 8.963771 104.415070 0.416667 0.285714 -1
0 -15.486519 9.626194 104.430351 0.416667 0.142857 -1
0 -15.486519 9.626194 85.349319 0.416667 0.000000 -1
0 -15.252381 10.500004 85.349319 0.000000 0.000000 -1
0 -13.029283 10.500004 47.202118 0.500000 0.857143 -1
0 -13.029283 10.500004 16.020794 0.500000 1.000000 -1
0 -13.595606 10.500004 49.585575 0.500000 0.714286 -1
0 -13.595606 10.500004 74.433640 0.500000 0.571429 -1
0 -13.927534 10.500004 76.567062 0.500000 0.428571 -1
0 -13.927534 10.500004 104.415070 0.500000 0.285714 -1
0 -15.252381 10.500004 104.430351 0.500000 0.142857 -1
0 -15.252381 10.500004 85.349319 0.500000 0.000000 -1
0 -15.486519 11.373814 85.349319 0.000000 0.000000 -1
0 -13.561258 12.485364 16.020794 0.583333 1.000000 -1
0 -13.561258 12.485364 47.202118 0.583333 0.857143 -1
0 -14.051708 12.202203 49.585575 0.583333 0.714286 -1
0 -14.051708 12.202203 74.433640 0.583333 0.571429 -1
0 -14.339168 12.036238 76.567062 0.583333 0.428571 -1
0 -14.339168 12.036238 104.415070 0.583333 0.285714 -1
0 -15.486519 11.373814 104.430351 0.583333 0.142857 -1
0 -15.486519 11.373814 85.349319 0.583333 0.000000 -1
0 -16.126190 12.013487 85.349319 0.000000 0.000000 -1
0 -15.014641 13.938747 47.202118 0.666667 0.857143 -1
0 -15.014641 13.938747 16.020794 0.666667 1.000000 -1
0 -15.297803 13.448297 49.585575 0.666667 0.714286 -1
0 -15.297803 13.448297 74.433640 0.666667 0.571429 -1
0 -15.463767 13.160837 76.567062 0.666667 0.428571 -1
0 -15.463767 13.160837 104.415070 0.666667 0.285714 -1
0 -16.126190 12.013487 104.430351 0.666667 0.142857 -1
0 -16.126190 12.013487 85.349319 0.666667 0.000000 -1
0 -17.000000 12.247623 85.349319 0.000000 0.000000 -1
0 -17.000000 14.470722 16.020794 0.750000 1.000000 -1
0 -17.000000 14.470722 47.202118 0.750000 0.857143 -1
0 -17.000000 13.904400 49.585575 0.750000 0.714286 -1
0 -17.000000 13.904400 74.433640 0.750000 0.571429 -1
0 -17.000000 13.572472 76.567062 0.750000 0.428571 -1
0 -17.000000 13.572472 104.415070 0.750000 0.285714 -1
0 -17.000000 12.247623 104.430351 0.750000 0.142857 -1
0 -17.000000 12.247623 85.349319 0.750000 0.000000 -1
0 -17.873810 12.013487 85.349319 0.000000 0.000000 -1
0 -18.985359 13.938747 47.202118 0.833333 0.857143 -1
0 -18.985359 13.938747 16.020794 0.833333 1.000000 -1
0 -18.702198 13.448297 49.585575 0.833333 0.714286 -1
0 -18.702198 13.448297 74.433640 0.833333 0.571429 -1
0 -18.536232 13.160837 76.567062 0.833333 0.428571 -1
0 -18.536232 13.160837 104.415070 0.833333 0.285714 -1
0 -17.873810 12.013487 104.430351 0.833333 0.142857 -1
0 -17.873810 12.013487 85.349319 0.833333 0.000000 -1
0 -18.513481 11.373814 85.349319 0.000000 0.000000 -1
0 -20.438742 12.485364 16.020794 0.916667 1.000000 -1
0 -20.438742 12.485364 47.202118 0.916667 0.857143 -1
0 -19.948292 12.202203 49.585575 0.916667 0.714286 -1
0 -19.948292 12.202203 74.433640 0.916667 0.571429 -1
0 -19.660831 12.036238 76.567062 0.916667 0.428571 -1
0 -19.660831 12.036238 104.415070 0.916667 0.285714 -1
0 -18.513481 11.373814 104.430351 0.916667 0.142857 -1
0 -18.513481 11.373814 85.349319 0.916667 0.000000 -1
0 -20.970718 10.500004 47.202118 1.000000 0.857143 -1
0 -20.970718 10.500004 16.020794 1.000000 1.000000 -1
0 -20.404394 10.500004 49.585575 1.000000 0.714286 -1
0 -20.404394 10.500004 74.433640 1.000000 0.571429 -1
0 -20.072466 10.500004 76.567062 1.000000 0.428571 -1
0 -20.072466 10.500004 104.415070 1.000000 0.285714 -1
0 -18.747620 10.500004 104.430351 1.000000 0.142857 -1
0 -18.747620 10.500004 85.349319 1.000000 0.000000 -1
94
0.000000 0.000000 1.000000
-0.866025 -0.500000 0.000000
-0.993193 -0.000000 0.116480
-1.000000 -0.000000 0.000000
-0.860130 -0.496597 0.116480
-0.860130 -0.496596 0.116480
-0.993193 -0.000000 0.116480
-0.997021 -0.000000 0.077128
-0.863446 -0.498510 0.077128
-0.863446 -0.498511 0.077128
-0.997021 -0.000000 0.077128
-0.699027 -0.000000 0.715096
-0.605375 -0.349514 0.715095
0.597941 0.345222 0.723386
0.690443 0.000000 0.723387
1.000000 0.000000 0.000000
0.866025 0.500001 0.000000
-0.496597 -0.860130 0.116480
-0.500000 -0.866025 0.000000
-0.496596 -0.860131 0.116480
-0.498510 -0.863446 0.077128
-0.498511 -0.863446 0.077128
-0.349513 -0.605375 0.715096
0.345222 0.597941 0.723386
0.500000 0.866025 0.000000
0.000000 -1.000000 0.000000
-0.000000 -0.993193 0.116480
0.000000 -0.993193 0.116480
0.000000 -0.997021 0.077128
-0.000000 -0.997021 0.077128
-0.000000 -0.699027 0.715095
0.000000 0.690443 0.723386
0.000000 1.000000 0.000000
0.496596 -0.860130 0.116480
0.500000 -0.866025 0.000000
0.496596 -0.860131 0.116480
0.498510 -0.863446 0.077128
0.498511 -0.863446 0.077128
0.349513 -0.605375 0.715096
-0.345222 0.597941 0.723386
-0.500000 0.866025 0.000000
0.866025 -0.500000 0.000000
0.860130 -0.496596 0.116480
0.860130 -0.496596 0.116480
0.863446 -0.498511 0.077128
0.863446 -0.498511 0.077128
0.605375 -0.349513 0.715095
-0.597942 0.345222 0.723386
-0.866025 0.500000 0.000000
0.993193 -0.000000 0.116480
1.000000 -0.000000 0.000000
0.993193 -0.000000 0.116480
0.997021 -0.000000 0.077128
0.997021 -0.000000 0.077128
0.699027 -0.000000 0.715096
-0.690443 0.000000 0.723387
-1.000000 0.000000 0.000000
0.866026 0.500000 0.000000
0.860130 0.496596 0.116480
0.860130 0.496597 0.116480
0.863446 0.498511 0.077128
0.863446 0.498511 0.077128
0.605375 0.349514 0.715095
-0.597942 -0.345222 0.723386
-0.866026 -0.500000 0.000000
0.496597 0.860130 0.116480
0.500000 0.866025 0.000000
0.496597 0.860130 0.116480
0.498511 0.863446 0.077128
0.498511 0.863445 0.077128
0.349514 0.605375 0.715095
-0.345222 -0.597941 0.723386
-0.500001 -0.866025 0.000000
0.000000 0.993193 0.116480
0.000000 0.993193 0.116480
0.000000 0.997021 0.077128
-0.000000 0.997021 0.077128
-0.000000 0.699027 0.715096
0.000000 -0.690443 0.723386
-0.496597 0.860130 0.116480
-0.500000 0.866025 0.000000
-0.496597 0.860130 0.116480
-0.498511 0.863446 0.077128
-0.498511 0.863445 0.077128
-0.349514 0.605375 0.715095
0.345222 -0.597941 0.723386
0.500001 -0.866025 0.000000
-0.860130 0.496597 0.116480
-0.860130 0.496597 0.116480
-0.863446 0.498510 0.077128
-0.863446 0.498511 0.077128
-0.605375 0.349514 0.715095
0.597942 -0.345222 0.723386
0.866025 -0.500000 0.000000
180
0 0 1 2 0 0 0 2
0 3 4 5 1 2 3 1
0 3 6 4 1 4 2 1
0 7 8 4 5 6 2 1
0 6 7 4 4 5 2 1
0 7 9 8 5 7 6 1
0 7 10 9 5 8 7 1
0 11 12 9 9 10 7 1
0 10 11 9 8 9 7 1
0 11 13 12 9 11 10 1
0 11 14 13 9 12 11 1
0 15 16 13 13 14 11 1
0 14 15 13 12 13 11 1
0 15 2 16 13 15 14 1
0 15 17 2 13 16 15 1
0 18 1 0 0 0 0 2
0 19 6 3 17 4 1 1
0 20 19 3 18 17 1 1
0 19 7 6 17 5 4 1
0 19 21 7 17 19 5 1
0 22 10 7 20 8 5 1
0 21 22 7 19 20 5 1
0 22 11 10 20 9 8 1
0 22 23 11 20 21 9 1
0 24 14 11 22 12 9 1
0 23 24 11 21 22 9 1
0 24 15 14 22 13 12 1
0 24 25 15 22 23 13 1
0 26 17 15 24 16 13 1
0 25 26 15 23 24 13 1
0 27 1 18 0 0 0 2
0 28 19 20 25 17 18 1
0 28 29 19 25 26 17 1
0 30 21 19 27 19 17 1
0 29 30 19 26 27 17 1
0 30 22 21 27 20 19 1
0 30 31 22 27 28 20 1
0 32 23 22 29 21 20 1
0 31 32 22 28 29 20 1
0 32 24 23 29 22 21 1
0 32 33 24 29 30 22 1
0 34 25 24 31 23 22 1
0 33 34 24 30 31 22 1
0 34 26 25 31 24 23 1
0 34 35 26 31 32 24 1
0 36 1 27 0 0 0 2
0 37 29 28 33 26 25 1
0 38 37 28 34 33 25 1
0 37 30 29 33 27 26 1
0 37 39 30 33 35 27 1
0 40 31 30 36 28 27 1
0 39 40 30 35 36 27 1
0 40 32 31 36 29 28 1
0 40 41 32 36 37 29 1
0 42 33 32 38 30 29 1
0 41 42 32 37 38 29 1
0 42 34 33 38 31 30 1
0 42 43 34 38 39 31 1
0 44 35 34 40 32 31 1
0 43 44 34 39 40 31 1
0 45 1 36 0 0 0 2
0 46 37 38 41 33 34 1
0 46 47 37 41 42 33 1
0 48 39 37 43 35 33 1
0 47 48 37 42 43 33 1
0 48 40 39 43 36 35 1
0 48 49 40 43 44 36 1
0 50 41 40 45 37 36 1
0 49 50 40 44 45 36 1
0 50 42 41 45 38 37 1
0 50 51 42 45 46 38 1
0 52 43 42 47 39 38 1
0 51 52 42 46 47 38 1
0 52 44 43 47 40 39 1
0 52 53 44 47 48 40 1
0 54 1 45 0 0 0 2
0 55 47 46 49 42 41 1
0 56 55 46 50 49 41 1
0 55 48 47 49 43 42 1
0 55 57 48 49 51 43 1
0 58 49 48 52 44 43 1
0 57 58 48 51 52 43 1
0 58 50 49 52 45 44 1
0 58 59 50 52 53 45 1
0 60 51 50 54 46 45 1
0 59 60 50 53 54 45 1
0 60 52 51 54 47 46 1
0 60 61 52 54 55 47 1
0 62 53 52 56 48 47 1
0 61 62 52 55 56 47 1
0 63 1 54 0 0 0 2
0 64 55 56 57 49 50 1
0 64 65 55 57 58 49 1
0 66 57 55 59 51 49 1
0 65 66 55 58 59 49 1
0 66 58 57 59 52 51 1
0 66 67 58 59 60 52 1
0 68 59 58 61 53 52 1
0 67 68 58 60 61 52 1
0 68 60 59 61 54 53 1
0 68 69 60 61 62 54 1
0 70 61 60 63 55 54 1
0 69 70 60 62 63 54 1
0 70 62 61 63 56 55 1
0 70 71 62 63 64 56 1
0 72 1 63 0 0 0 2
0 73 65 64 65 58 57 1
0 74 73 64 66 65 57 1
0 73 66 65 65 59 58 1
0 73 75 66 65 67 59 1
0 76 67 66 68 60 59 1
0 75 76 66 67 68 59 1
0 76 68 67 68 61 60 1
0 76 77 68 68 69 61 1
0 78 69 68 70 62 61 1
0 77 78 68 69 70 61 1
0 78 70 69 70 63 62 1
0 78 79 70 70 71 63 1
0 80 71 70 72 64 63 1
0 79 80 70 71 72 63 1
0 81 1 72 0 0 0 2
0 82 73 74 32 65 66 1
0 82 83 73 32 73 65 1
0 84 75 73 74 67 65 1
0 83 84 73 73 74 65 1
0 84 76 75 74 68 67 1
0 84 85 76 74 75 68 1
0 86 77 76 76 69 68 1
0 85 86 76 75 76 68 1
0 86 78 77 76 70 69 1
0 86 87 78 76 77 70 1
0 88 79 78 78 71 70 1
0 87 88 78 77 78 70 1
0 88 80 79 78 72 71 1
0 88 89 80 78 25 72 1
0 90 1 81 0 0 0 2
0 91 83 82 79 73 32 1
0 92 91 82 80 79 32 1
0 91 84 83 79 74 73 1
0 91 93 84 79 81 74 1
0 94 85 84 82 75 74 1
0 93 94 84 81 82 74 1
0 94 86 85 82 76 75 1
0 94 95 86 82 83 76 1
0 96 87 86 84 77 76 1
0 95 96 86 83 84 76 1
0 96 88 87 84 78 77 1
0 96 97 88 84 85 78 1
0 98 89 88 86 25 78 1
0 97 98 88 85 86 78 1
0 99 1 90 0 0 0 2
0 100 91 92 48 79 80 1
0 100 101 91 48 87 79 1
0 102 93 91 88 81 79 1
0 101 102 91 87 88 79 1
0 102 94 93 88 82 81 1
0 102 103 94 88 89 82 1
0 104 95 94 90 83 82 1
0 103 104 94 89 90 82 1
0 104 96 95 90 84 83 1
0 104 105 96 90 91 84 1
0 106 97 96 92 85 84 1
0 105 106 96 91 92 84 1
0 106 98 97 92 86 85 1
0 106 107 98 92 93 86 1
0 2 1 99 0 0 0 2
0 108 101 100 2 87 48 1
0 109 108 100 3 2 48 1
0 108 102 101 2 88 87 1
0 108 110 102 2 6 88 1
0 111 103 102 7 89 88 1
0 110 111 102 6 7 88 1
0 111 104 103 7 90 89 1
0 111 112 104 7 10 90 1
0 113 105 104 11 91 90 1
0 112 113 104 10 11 90 1
0 113 106 105 11 92 91 1
0 113 114 106 11 14 92 1
0 115 107 106 15 93 92 1
0 114 115 106 14 15 92 1
"turretwing" 0 0
19
0 41.600002 18.611275 -28.861263 0.000000 0.000000 -1
0 41.599998 15.500004 -20.549997 0.000000 0.000000 -1
0 41.600002 12.388733 -28.861263 0.000000 0.000000 -1
0 2.650002 18.611275 -28.861267 0.000000 1.000000 -1
0 32.000008 18.611275 -28.901020 0.000000 0.500000 -1
0 32.000008 12.388733 -28.901020 0.250000 0.500000 -1
0 2.650002 12.388733 -28.861267 0.250000 1.000000 -1
0 41.600002 12.388733 -28.861263 0.250000 0.000000 -1
0 41.600002 12.388733 -12.038721 0.000000 0.000000 -1
0 2.650003 12.388733 -12.038729 0.500000 1.000000 -1
0 32.000008 12.388733 -15.198959 0.500000 0.500000 -1
0 41.600002 12.388733 -12.038721 0.500000 0.000000 -1
0 41.600002 18.611275 -12.038721 0.000000 0.000000 -1
0 32.000008 18.611275 -15.198959 0.750000 0.500000 -1
0 2.650003 18.611275 -12.038729 0.750000 1.000000 -1
0 41.600002 18.611275 -12.038721 0.750000 0.000000 -1
0 2.650002 18.611275 -28.861267 1.000000 1.000000 -1
0 32.000008 18.611275 -28.901020 1.000000 0.500000 -1
0 41.600002 18.611275 -28.861263 1.000000 0.000000 -1
17
1.000000 -0.000001 0.000000
1.000000 0.000000 0.000000
1.000000 0.000001 0.000000
-0.000958 0.707107 -0.707106
0.000985 0.707108 -0.707105
0.000985 -0.707108 -0.707105
-0.000958 -0.707107 -0.707106
0.002928 0.707107 -0.707101
0.002928 -0.707107 -0.707101
1.000000 0.000001 -0.000000
0.075699 -0.707107 0.703043
-0.073524 -0.715114 0.695130
-0.221102 -0.707107 0.671650
1.000000 -0.000001 -0.000000
-0.073524 0.715114 0.695130
0.075699 0.707107 0.703043
-0.221102 0.707107 0.671650
20
0 0 1 2 0 1 2 2
0 3 4 5 3 4 5 1
0 3 5 6 3 5 6 1
0 4 0 5 4 7 5 1
0 0 7 5 7 8 5 1
0 2 1 8 2 1 9 2
0 6 5 9 6 5 10 1
0 5 10 9 5 11 10 1
0 5 7 11 5 8 12 1
0 5 11 10 5 12 11 1
0 8 1 12 9 1 13 2
0 9 10 13 10 11 14 1
0 9 13 14 10 14 15 1
0 10 11 13 11 12 14 1
0 11 15 13 12 16 14 1
0 12 1 0 13 1 0 2
0 14 13 16 15 14 3 1
0 13 17 16 14 4 3 1
0 13 15 18 14 16 7 1
0 13 18 17 14 7 4 1
"turretwing" 0 0
19
0 -41.600002 12.388733 -28.861263 0.000000 0.000000 -1
0 -41.599998 15.500004 -20.549997 0.000000 0.000000 -1
0 -41.600002 18.611275 -28.861263 0.000000 0.000000 -1
0 -32.000008 12.388733 -28.901020 0.250000 0.500000 -1
0 -32.000008 18.611275 -28.901020 0.000000 0.500000 -1
0 -2.650002 18.611275 -28.861267 0.000000 1.000000 -1
0 -2.650002 12.388733 -28.861267 0.250000 1.000000 -1
0 -41.600002 12.388733 -28.861263 0.250000 0.000000 -1
0 -41.600002 12.388733 -12.038721 0.000000 0.000000 -1
0 -2.650003 12.388733 -12.038729 0.500000 1.000000 -1
0 -32.000008 12.388733 -15.198959 0.500000 0.500000 -1
0 -41.600002 12.388733 -12.038721 0.500000 0.000000 -1
0 -41.600002 18.611275 -12.038721 0.000000 0.000000 -1
0 -32.000008 18.611275 -15.198959 0.750000 0.500000 -1
0 -2.650003 18.611275 -12.038729 0.750000 1.000000 -1
0 -41.600002 18.611275 -12.038721 0.750000 0.000000 -1
0 -2.650002 18.611275 -28.861267 1.000000 1.000000 -1
0 -32.000008 18.611275 -28.901020 1.000000 0.500000 -1
0 -41.600002 18.611275 -28.861263 1.000000 0.000000 -1
17
-1.000000 0.000001 0.000000
-1.000000 0.000000 0.000000
-1.000000 -0.000001 0.000000
-0.000985 -0.707108 -0.707105
-0.000985 0.707108 -0.707105
0.000958 0.707107 -0.707106
0.000958 -0.707107 -0.707106
-0.002928 0.707107 -0.707101
-0.002928 -0.707107 -0.707101
-1.000000 0.000001 -0.000000
-0.075699 -0.707107 0.703043
0.073524 -0.715114 0.695130
0.221102 -0.707107 0.671650
-1.000000 -0.000001 -0.000000
0.073524 0.715114 0.695130
-0.075699 0.707107 0.703043
0.221102 0.707107 0.671650
20
0 0 1 2 0 1 2 2
0 3 4 5 3 4 5 1
0 6 3 5 6 3 5 1
0 3 2 4 3 7 4 1
0 3 7 2 3 8 7 1
0 8 1 0 9 1 0 2
0 9 3 6 10 3 6 1
0 9 10 3 10 11 3 1
0 11 7 3 12 8 3 1
0 10 11 3 11 12 3 1
0 12 1 8 13 1 9 2
0 13 10 9 14 11 10 1
0 14 13 9 15 14 10 1
0 13 11 10 14 12 11 1
0 13 15 11 14 16 12 1
0 2 1 12 2 1 13 2
0 16 13 14 5 14 15 1
0 16 17 13 5 4 14 1
0 18 15 13 7 16 14 1
0 17 18 13 4 7 14 1
"turretsight" 0 0
20
0 4.665977 24.600000 11.050000 0.000000 0.000000 -1
0 4.665977 22.000000 11.050000 0.000000 1.000000 -1
0 9.834023 24.600000 11.050000 1.000000 0.000000 -1
0 9.834023 22.000000 11.050000 1.000000 1.000000 -1
0 9.834023 24.600000 11.050000 0.000000 0.000000 -1
0 9.834023 22.000000 11.050000 0.000000 1.000000 -1
0 9.834023 24.600000 2.849999 1.000000 0.000000 -1
0 9.834023 22.000000 2.849999 1.000000 1.000000 -1
0 9.834023 24.600000 2.849999 0.000000 0.000000 -1
0 9.834023 22.000000 2.849999 0.000000 1.000000 -1
0 4.665977 24.600000 2.849999 1.000000 0.000000 -1
0 4.665977 22.000000 2.849999 1.000000 1.000000 -1
0 4.665977 24.600000 2.849999 0.000000 0.000000 -1
0 4.665977 22.000000 2.849999 0.000000 1.000000 -1
0 4.665977 24.600000 11.050000 1.000000 0.000000 -1
0 4.665977 22.000000 11.050000 1.000000 1.000000 -1
0 4.665977 24.600000 11.050000 0.000000 1.000000 -1
0 9.834023 24.600000 11.050000 1.000000 1.000000 -1
0 4.665977 22.000000 11.050000 0.000000 0.000000 -1
0 9.834023 22.000000 11.050000 1.000000 0.000000 -1
6
0.000000 0.000000 1.000000
1.000000 0.000000 0.000000
0.000000 0.000000 -1.000000
-1.000000 0.000000 0.000000
0.000000 1.000000 0.000000
0.000000 -1.000000 0.000000
12
0 0 1 2 0 0 0 1
0 1 3 2 0 0 0 1
0 4 5 6 1 1 1 2
0 5 7 6 1 1 1 2
0 8 9 10 2 2 2 1
0 9 11 10 2 2 2 1
0 12 13 14 3 3 3 2
0 13 15 14 3 3 3 2
0 12 16 6 4 4 4 3
0 16 17 6 4 4 4 3
0 18 13 19 5 5 5 3
0 13 7 19 5 5 5 3
"turretsight" 0 0
27
0 -2.700000 22.200001 -21.849998 0.000000 0.000000 -1
0 -3.850000 22.200001 -19.858139 0.000000 0.000000 -1
0 -5.000000 22.200001 -21.849998 0.000000 0.000000 -1
0 -2.700000 25.000000 -21.849998 0.000000 0.000000 -1
0 -5.000000 25.000000 -21.849998 0.000000 0.000000 -1
0 -3.850000 25.000000 -19.858139 0.000000 0.000000 -1
0 -2.700000 22.200001 -21.849998 0.000000 1.000000 -1
0 -3.850000 22.200001 -19.858139 0.166667 1.000000 -1
0 -3.850000 25.000000 -19.858139 0.166667 0.000000 -1
0 -6.150000 22.200001 -19.858139 0.000000 0.000000 -1
0 -6.150000 25.000000 -19.858139 0.000000 0.000000 -1
0 -6.150000 25.000000 -19.858139 0.333333 0.000000 -1
0 -6.150000 22.200001 -19.858139 0.333333 1.000000 -1
0 -7.300000 22.200001 -21.849998 0.000000 0.000000 -1
0 -7.300000 25.000000 -21.849998 0.000000 0.000000 -1
0 -7.300000 22.200001 -21.849998 0.500000 1.000000 -1
0 -7.300000 25.000000 -21.849998 0.500000 0.000000 -1
0 -6.150000 22.200001 -23.841858 0.000000 0.000000 -1
0 -6.150000 25.000000 -23.841858 0.000000 0.000000 -1
0 -6.150000 25.000000 -23.841858 0.666667 0.000000 -1
0 -6.150000 22.200001 -23.841858 0.666667 1.000000 -1
0 -3.850000 22.200001 -23.841858 0.000000 0.000000 -1
0 -3.850000 25.000000 -23.841858 0.000000 0.000000 -1
0 -3.850000 22.200001 -23.841858 0.833333 1.000000 -1
0 -3.850000 25.000000 -23.841858 0.833333 0.000000 -1
0 -2.700000 25.000000 -21.849998 1.000000 0.000000 -1
0 -2.700000 22.200001 -21.849998 1.000000 1.000000 -1
8
0.000000 -1.000000 0.000000
0.000000 1.000000 0.000000
1.000000 0.000000 0.000000
0.500000 0.000000 0.866025
-0.500000 0.000000 0.866025
-1.000000 0.000000 0.000000
-0.500000 0.000000 -0.866025
0.500000 0.000000 -0.866025
24
0 0 1 2 0 0 0 2
0 3 4 5 1 1 1 2
0 6 3 7 2 2 3 1
0 3 8 7 2 3 3 1
0 1 9 2 0 0 0 2
0 5 4 10 1 1 1 2
0 7 8 11 3 3 4 1
0 7 11 12 3 4 4 1
0 9 13 2 0 0 0 2
0 10 4 14 1 1 1 2
0 12 11 15 4 4 5 1
0 11 16 15 4 5 5 1
0 13 17 2 0 0 0 2
0 14 4 18 1 1 1 2
0 15 16 19 5 5 6 1
0 15 19 20 5 6 6 1
0 17 21 2 0 0 0 2
0 18 4 22 1 1 1 2
0 20 19 23 6 6 7 1
0 19 24 23 6 7 7 1
0 21 0 2 0 0 0 2
0 22 4 3 1 1 1 2
0 23 24 25 7 7 2 1
0 23 25 26 7 2 2 1
"turretsight" 0 0
20
0 -6.000000 26.400000 -21.549999 0.000000 0.000000 -1
0 -6.000000 24.799999 -21.549999 0.000000 1.000000 -1
0 -4.000000 26.400000 -21.549999 1.000000 0.000000 -1
0 -4.000000 24.799999 -21.549999 1.000000 1.000000 -1
0 -4.000000 26.400000 -21.549999 0.000000 0.000000 -1
0 -4.000000 24.799999 -21.549999 0.000000 1.000000 -1
0 -4.000000 26.400000 -23.549999 1.000000 0.000000 -1
0 -4.000000 24.799999 -23.549999 1.000000 1.000000 -1
0 -4.000000 26.400000 -23.549999 0.000000 0.000000 -1
0 -4.000000 24.799999 -23.549999 0.000000 1.000000 -1
0 -6.000000 26.400000 -23.549999 1.000000 0.000000 -1
0 -6.000000 24.799999 -23.549999 1.000000 1.000000 -1
0 -6.000000 26.400000 -23.549999 0.000000 0.000000 -1
0 -6.000000 24.799999 -23.549999 0.000000 1.000000 -1
0 -6.000000 26.400000 -21.549999 1.000000 0.000000 -1
0 -6.000000 24.799999 -21.549999 1.000000 1.000000 -1
0 -6.000000 26.400000 -21.549999 0.000000 1.000000 -1
0 -4.000000 26.400000 -21.549999 1.000000 1.000000 -1
0 -6.000000 24.799999 -21.549999 0.000000 0.000000 -1
0 -4.000000 24.799999 -21.549999 1.000000 0.000000 -1
6
0.000000 0.000000 1.000000
1.000000 0.000000 0.000000
0.000000 0.000000 -1.000000
-1.000000 0.000000 0.000000
0.000000 1.000000 0.000000
0.000000 -1.000000 0.000000
12
0 0 1 2 0 0 0 1
0 1 3 2 0 0 0 1
0 4 5 6 1 1 1 2
0 5 7 6 1 1 1 2
0 8 9 10 2 2 2 1
0 9 11 10 2 2 2 1
0 12 13 14 3 3 3 2
0 13 15 14 3 3 3 2
0 12 16 6 4 4 4 3
0 16 17 6 4 4 4 3
0 18 13 19 5 5 5 3
0 13 7 19 5 5 5 3
"turretpivot" 0 0
20
0 -2.000000 1.500000 12.366615 0.000000 0.000000 -1
0 -2.000000 -1.500000 12.366615 0.000000 1.000000 -1
0 1.000000 1.500000 12.366615 1.000000 0.000000 -1
0 1.000000 -1.500000 12.366615 1.000000 1.000000 -1
0 1.000000 1.500000 12.366615 0.000000 0.000000 -1
0 1.000000 -1.500000 12.366615 0.000000 1.000000 -1
0 1.000000 1.500000 10.366615 1.000000 0.000000 -1
0 1.000000 -1.500000 10.366615 1.000000 1.000000 -1
0 1.000000 1.500000 10.366615 0.000000 0.000000 -1
0 1.000000 -1.500000 10.366615 0.000000 1.000000 -1
0 -2.000000 1.500000 10.366615 1.000000 0.000000 -1
0 -2.000000 -1.500000 10.366615 1.000000 1.000000 -1
0 -2.000000 1.500000 10.366615 0.000000 0.000000 -1
0 -2.000000 -1.500000 10.366615 0.000000 1.000000 -1
0 -2.000000 1.500000 12.366615 1.000000 0.000000 -1
0 -2.000000 -1.500000 12.366615 1.000000 1.000000 -1
0 -2.000000 1.500000 12.366615 0.000000 1.000000 -1
0 1.000000 1.500000 12.366615 1.000000 1.000000 -1
0 -2.000000 -1.500000 12.366615 0.000000 0.000000 -1
0 1.000000 -1.500000 12.366615 1.000000 0.000000 -1
6
0.000000 0.000000 1.000000
1.000000 0.000000 0.000000
0.000000 0.000000 -1.000000
-1.000000 0.000000 0.000000
0.000000 1.000000 0.000000
0.000000 -1.000000 0.000000
12
0 0 1 2 0 0 0 1
0 1 3 2 0 0 0 1
0 4 5 6 1 1 1 2
0 5 7 6 1 1 1 2
0 8 9 10 2 2 2 1
0 9 11 10 2 2 2 1
0 12 13 14 3 3 3 2
0 13 15 14 3 3 3 2
0 12 16 6 4 4 4 3
0 16 17 6 4 4 4 3
0 18 13 19 5 5 5 3
0 13 7 19 5 5 5 3
"gunpivot" 0 0
20
0 -1.166667 11.757474 28.699945 0.000000 0.000000 -1
0 -1.166667 9.424140 28.699945 0.000000 1.000000 -1
0 1.166667 11.757474 28.699945 1.000000 0.000000 -1
0 1.166667 9.424140 28.699945 1.000000 1.000000 -1
0 1.166667 11.757474 28.699945 0.000000 0.000000 -1
0 1.166667 9.424140 28.699945 0.000000 1.000000 -1
0 1.166667 11.757474 27.699945 1.000000 0.000000 -1
0 1.166667 9.424140 27.699945 1.000000 1.000000 -1
0 1.166667 11.757474 27.699945 0.000000 0.000000 -1
0 1.166667 9.424140 27.699945 0.000000 1.000000 -1
0 -1.166667 11.757474 27.699945 1.000000 0.000000 -1
0 -1.166667 9.424140 27.699945 1.000000 1.000000 -1
0 -1.166667 11.757474 27.699945 0.000000 0.000000 -1
0 -1.166667 9.424140 27.699945 0.000000 1.000000 -1
0 -1.166667 11.757474 28.699945 1.000000 0.000000 -1
0 -1.166667 9.424140 28.699945 1.000000 1.000000 -1
0 -1.166667 11.757474 28.699945 0.000000 1.000000 -1
0 1.166667 11.757474 28.699945 1.000000 1.000000 -1
0 -1.166667 9.424140 28.699945 0.000000 0.000000 -1
0 1.166667 9.424140 28.699945 1.000000 0.000000 -1
6
0.000000 0.000000 1.000000
1.000000 0.000000 0.000000
0.000000 0.000000 -1.000000
-1.000000 0.000000 0.000000
0.000000 1.000000 0.000000
0.000000 -1.000000 0.000000
12
0 0 1 2 0 0 0 1
0 1 3 2 0 0 0 1
0 4 5 6 1 1 1 2
0 5 7 6 1 1 1 2
0 8 9 10 2 2 2 1
0 9 11 10 2 2 2 1
0 12 13 14 3 3 3 2
0 13 15 14 3 3 3 2
0 12 16 6 4 4 4 3
0 16 17 6 4 4 4 3
0 18 13 19 5 5 5 3
0 13 7 19 5 5 5 3

Materials: 1
"Material01"
0.800000 0.800000 0.800000 1.000000
0.800000 0.800000 0.800000 1.000000
0.000000 0.000000 0.000000 1.000000
0.000000 0.000000 0.000000 1.000000
0.000000
1.000000
".\grey.jpg"
""

Bones: 0
